 0  0   1 -8  0 -9
 1  0  -1 -4  0 -9
 1  2   1 -3  0 -9
 2  0   1 -7  0 -9
 2  1   1 -3  0 -9
 3  0  -1 -3  0 -9
 3  1  -1 -1  0 -9
 3  2   1 -2  0 -9
 3  3   1  0  0 -9
 4  0   1 -7  0 -9
 4  4  -1 -6  0 -9
 5  4  -1 -4  0 -9
 5  6   1 -3  0 -9
 6  0   1 -6  0 -9
 6  4  -1 -5  0 -9
 6  5   1 -3  0 -9
 7  0  -1 -3  0 -9
 7  1  -1 -1  0 -9
 7  2   1 -2  0 -9
 7  4   1 -2  0 -9
 7  5   1 -2  0 -9
 7  6  -1 -1  0 -9
 7  7   1  0  0 -9
 8  0  -1 -2  0 -9
 8  1  -1  0  0 -9
 8  2   1 -1  0 -9
 8  3   1  1  0 -9
 8  4   1 -1  0 -9
 8  6  -1  0  0 -9
 8  7   1  1  0 -9
 8  8  -1  2  0 -9
9999 9999
