 0  0   1 -8  0 -9
 1  0   1 -7  0 -9
 1  1  -1 -6  0 -9
 2  0   1 -7  0 -9
 2  2  -1 -6  0 -9
 3  0   1 -6  0 -9
 3  1  -1 -5  0 -9
 3  2  -1 -5  0 -9
 3  4   1 -3  0 -9
 4  0   1 -5  0 -9
 4  1  -1 -4  0 -9
 4  2  -1 -4  0 -9
 4  3   1 -3  0 -9
 5  0   1 -5  0 -9
 5  1  -1 -4  0 -9
 5  2  -1 -4  0 -9
 5  6   1 -3  0 -9
 6  0   1 -6  0 -9
 6  1  -1 -5  0 -9
 6  2  -1 -5  0 -9
 6  5   1 -3  0 -9
 7  0   1 -4  0 -9
 7  1  -1 -3  0 -9
 7  2  -1 -3  0 -9
 7  3   1 -2  0 -9
 7  4  -1 -1  0 -9
 7  5  -1 -1  0 -9
 7  6   1 -2  0 -9
 7  7   1  0  0 -9
9999 9999
