 0  0  -1  2  0 -9
 0  1  -1  0  0 -9
 0  2   1  1  0 -9
 0  3   1  1  0 -9
 0  4  -1  0  0 -9
 0  5   1 -1  0 -9
 0  6   1 -1  0 -9
 0  7  -1 -2  0 -9
 1  6   1 -3  0 -9
 1  7  -1 -4  0 -9
 2  1  -1 -1  0 -9
 2  2   1  0  0 -9
 2  4  -1 -1  0 -9
 2  5   1 -2  0 -9
 2  6   1 -2  0 -9
 2  7  -1 -3  0 -9
 3  1  -1 -1  0 -9
 3  3   1  0  0 -9
 3  4  -1 -1  0 -9
 3  5   1 -2  0 -9
 3  6   1 -2  0 -9
 3  7  -1 -3  0 -9
 4  5   1 -3  0 -9
 4  7  -1 -4  0 -9
 5  4   1 -3  0 -9
 5  7  -1 -5  0 -9
 6  1   1 -3  0 -9
 6  7  -1 -5  0 -9
 7  7  -1 -6  0 -9
9999 9999
