 0  0  -1  2  0 -9 
 0 146   1  1  0 -9 
 1  1  -1  2  0 -9 
 1 147   1  1  0 -9 
 2  2  -1  2  0 -9 
 2 148   1  1  0 -9 
 3  3  -1  2  0 -9 
 3 149   1  1  0 -9 
 4  4  -1  2  0 -9 
 4 150   1  1  0 -9 
 4 209  -1  0  0 -9 
 5  5  -1  2  0 -9 
 5 151   1  1  0 -9 
 5 210  -1  0  0 -9 
 6  6  -1  2  0 -9 
 6 152   1  1  0 -9 
 6 211  -1  0  0 -9 
 7  7  -1  2  0 -9 
 7 153   1  1  0 -9 
 7 212  -1  0  0 -9 
 8  8  -1  2  0 -9 
 8 154   1  1  0 -9 
 8 213  -1  0  0 -9 
 9  9  -1  2  0 -9 
 9 155   1  1  0 -9 
 9 214  -1  0  0 -9 
10 10  -1  2  0 -9 
10 156   1  1  0 -9 
10 215  -1  0  0 -9 
11 11  -1  2  0 -9 
11 157   1  1  0 -9 
11 216  -1  0  0 -9 
12 12  -1  2  0 -9 
12 42  -1  0  0 -9 
12 71   1  1  0 -9 
12 158   1  1  0 -9 
12 238  -1  0  0 -9 
12 292   1 -1  0 -9 
13 13  -1  2  0 -9 
13 43  -1  0  0 -9 
13 72   1  1  0 -9 
13 159   1  1  0 -9 
13 239  -1  0  0 -9 
13 293   1 -1  0 -9 
14 14  -1  2  0 -9 
14 44  -1  0  0 -9 
14 73   1  1  0 -9 
14 160   1  1  0 -9 
14 240  -1  0  0 -9 
14 294   1 -1  0 -9 
15 15  -1  2  0 -9 
15 45  -1  0  0 -9 
15 74   1  1  0 -9 
15 161   1  1  0 -9 
15 241  -1  0  0 -9 
15 295   1 -1  0 -9 
16 16  -1  2  0 -9 
16 46  -1  0  0 -9 
16 75   1  1  0 -9 
16 162   1  1  0 -9 
16 242  -1  0  0 -9 
16 296   1 -1  0 -9 
17 17  -1  2  0 -9 
17 44  -1  0  0 -9 
17 47  -1  0  0 -9 
17 76   1  1  0 -9 
17 163   1  1  0 -9 
17 243  -1  0  0 -9 
17 297   1 -1  0 -9 
18 18  -1  2  0 -9 
18 48  -1  0  0 -9 
18 77   1  1  0 -9 
18 164   1  1  0 -9 
18 244  -1  0  0 -9 
18 298   1 -1  0 -9 
19 19  -1  2  0 -9 
19 47  -1  0  0 -9 
19 78   1  1  0 -9 
19 165   1  1  0 -9 
19 245  -1  0  0 -9 
19 299   1 -1  0 -9 
20 20  -1  2  0 -9 
20 49  -1  0  0 -9 
20 79   1  1  0 -9 
20 166   1  1  0 -9 
20 246  -1  0  0 -9 
20 300   1 -1  0 -9 
21 21  -1  2  0 -9 
21 50  -1  0  0 -9 
21 80   1  1  0 -9 
21 125   1 -1  0 -9 
21 167   1  1  0 -9 
21 247  -1  0  0 -9 
21 301   1 -1  0 -9 
21 356  -1 -2  0 -9 
22 22  -1  2  0 -9 
22 47  -1  0  0 -9 
22 51  -1  0  0 -9 
22 81   1  1  0 -9 
22 126   1 -1  0 -9 
22 168   1  1  0 -9 
22 248  -1  0  0 -9 
22 302   1 -1  0 -9 
22 357  -1 -2  0 -9 
23 23  -1  2  0 -9 
23 48  -1  0  0 -9 
23 52  -1  0  0 -9 
23 82   1  1  0 -9 
23 127   1 -1  0 -9 
23 169   1  1  0 -9 
23 249  -1  0  0 -9 
23 303   1 -1  0 -9 
23 358  -1 -2  0 -9 
24 24  -1  2  0 -9 
24 49  -1  0  0 -9 
24 53  -1  0  0 -9 
24 83   1  1  0 -9 
24 128   1 -1  0 -9 
24 170   1  1  0 -9 
24 250  -1  0  0 -9 
24 304   1 -1  0 -9 
24 359  -1 -2  0 -9 
25 25  -1  2  0 -9 
25 54  -1  0  0 -9 
25 84   1  1  0 -9 
25 129   1 -1  0 -9 
25 171   1  1  0 -9 
25 251  -1  0  0 -9 
25 305   1 -1  0 -9 
25 360  -1 -2  0 -9 
26 26  -1  2  0 -9 
26 55  -1  0  0 -9 
26 85   1  1  0 -9 
26 130   1 -1  0 -9 
26 172   1  1  0 -9 
26 252  -1  0  0 -9 
26 306   1 -1  0 -9 
26 361  -1 -2  0 -9 
27 27  -1  2  0 -9 
27 56  -1  0  0 -9 
27 86   1  1  0 -9 
27 131   1 -1  0 -9 
27 173   1  1  0 -9 
27 253  -1  0  0 -9 
27 307   1 -1  0 -9 
27 362  -1 -2  0 -9 
28 28  -1  2  0 -9 
28 57  -1  0  0 -9 
28 87   1  1  0 -9 
28 132   1 -1  0 -9 
28 174   1  1  0 -9 
28 254  -1  0  0 -9 
28 308   1 -1  0 -9 
28 363  -1 -2  0 -9 
29 29  -1  2  0 -9 
29 58  -1  0  0 -9 
29 88   1  1  0 -9 
29 133   1 -1  0 -9 
29 175   1  1  0 -9 
29 255  -1  0  0 -9 
29 309   1 -1  0 -9 
29 364  -1 -2  0 -9 
30 30  -1  2  0 -9 
30 59  -1  0  0 -9 
30 95   1  1  0 -9 
30 217  -1  0  0 -9 
30 226   1  1  0 -9 
30 262  -1  0  0 -9 
30 316   1 -1  0 -9 
30 392   1 -1  0 -9 
30 412  -1 -2  0 -9 
31 31  -1  2  0 -9 
31 60  -1  0  0 -9 
31 96   1  1  0 -9 
31 218  -1  0  0 -9 
31 227   1  1  0 -9 
31 263  -1  0  0 -9 
31 317   1 -1  0 -9 
31 393   1 -1  0 -9 
31 413  -1 -2  0 -9 
32 32  -1  2  0 -9 
32 61  -1  0  0 -9 
32 97   1  1  0 -9 
32 219  -1  0  0 -9 
32 228   1  1  0 -9 
32 264  -1  0  0 -9 
32 318   1 -1  0 -9 
32 394   1 -1  0 -9 
32 414  -1 -2  0 -9 
33 33  -1  2  0 -9 
33 62  -1  0  0 -9 
33 98   1  1  0 -9 
33 212  -1  0  0 -9 
33 221  -1  0  0 -9 
33 222  -1  0  0 -9 
33 229   1  1  0 -9 
33 265  -1  0  0 -9 
33 319   1 -1  0 -9 
33 395   1 -1  0 -9 
33 415  -1 -2  0 -9 
34 34  -1  2  0 -9 
34 63  -1  0  0 -9 
34 99   1  1  0 -9 
34 213  -1  0  0 -9 
34 223  -1  0  0 -9 
34 230   1  1  0 -9 
34 266  -1  0  0 -9 
34 320   1 -1  0 -9 
34 396   1 -1  0 -9 
34 416  -1 -2  0 -9 
35 35  -1  2  0 -9 
35 64  -1  0  0 -9 
35 100   1  1  0 -9 
35 224  -1  0  0 -9 
35 231   1  1  0 -9 
35 267  -1  0  0 -9 
35 321   1 -1  0 -9 
35 397   1 -1  0 -9 
35 417  -1 -2  0 -9 
36 36  -1  2  0 -9 
36 65  -1  0  0 -9 
36 101   1  1  0 -9 
36 216  -1  0  0 -9 
36 220  -1  0  0 -9 
36 222  -1  0  0 -9 
36 232   1  1  0 -9 
36 268  -1  0  0 -9 
36 322   1 -1  0 -9 
36 398   1 -1  0 -9 
36 418  -1 -2  0 -9 
37 37  -1  2  0 -9 
37 66  -1  0  0 -9 
37 102   1  1  0 -9 
37 225  -1  0  0 -9 
37 233   1  1  0 -9 
37 269  -1  0  0 -9 
37 323   1 -1  0 -9 
37 399   1 -1  0 -9 
37 419  -1 -2  0 -9 
38 38  -1  2  0 -9 
38 51  -1  0  0 -9 
38 67  -1  0  0 -9 
38 113   1  1  0 -9 
38 126   1 -1  0 -9 
38 134  -1  0 -1 -2  0 -9 
38 234   1  1  0 -9 
38 280  -1  0  0 -9 
38 357  -1 -2  0 -9 
38 365   1 -1  0 -9 
38 400   1 -1  0 -9 
38 420  -1 -2  0 -9 
38 445   1 -3  0 -9 
39 39  -1  2  0 -9 
39 52  -1  0  0 -9 
39 68  -1  0  0 -9 
39 114   1  1  0 -9 
39 127   1 -1  0 -9 
39 135  -1  0 -1 -2  0 -9 
39 235   1  1  0 -9 
39 281  -1  0  0 -9 
39 358  -1 -2  0 -9 
39 366   1 -1  0 -9 
39 401   1 -1  0 -9 
39 421  -1 -2  0 -9 
39 446   1 -3  0 -9 
40 40  -1  2  0 -9 
40 53  -1  0  0 -9 
40 69  -1  0  0 -9 
40 115   1  1  0 -9 
40 128   1 -1  0 -9 
40 136  -1  0 -1 -2  0 -9 
40 236   1  1  0 -9 
40 282  -1  0  0 -9 
40 359  -1 -2  0 -9 
40 367   1 -1  0 -9 
40 402   1 -1  0 -9 
40 422  -1 -2  0 -9 
40 447   1 -3  0 -9 
41 41  -1  2  0 -9 
41 70  -1  0  0 -9 
41 116   1  1  0 -9 
41 137  -1  0 -1 -2  0 -9 
41 220  -1  0  0 -9 
41 237   1  1  0 -9 
41 283  -1  0  0 -9 
41 368   1 -1  0 -9 
41 403   1 -1  0 -9 
41 423  -1 -2  0 -9 
41 448   1 -3  0 -9 
42 209   1 -3  0 -9 
43 210   1 -3  0 -9 
44 211   1 -3  0 -9 
45 212   1 -3  0 -9 
46 213   1 -3  0 -9 
47 214   1 -3  0 -9 
48 215   1 -3  0 -9 
49 216   1 -3  0 -9 
50 125  -1 -5  0 -9 
50 217   1 -3  0 -9 
50 356   1 -6  0 -9 
51 126  -1 -5  0 -9 
51 218   1 -3  0 -9 
51 357   1 -6  0 -9 
52 127  -1 -5  0 -9 
52 219   1 -3  0 -9 
52 358   1 -6  0 -9 
53 128  -1 -5  0 -9 
53 220   1 -3  0 -9 
53 359   1 -6  0 -9 
54 129  -1 -5  0 -9 
54 221   1 -3  0 -9 
54 360   1 -6  0 -9 
55 130  -1 -5  0 -9 
55 222   1 -3  0 -9 
55 361   1 -6  0 -9 
56 131  -1 -5  0 -9 
56 223   1 -3  0 -9 
56 362   1 -6  0 -9 
57 132  -1 -5  0 -9 
57 224   1 -3  0 -9 
57 363   1 -6  0 -9 
58 133  -1 -5  0 -9 
58 225   1 -3  0 -9 
58 364   1 -6  0 -9 
59 125  -1 -4  0 -9 
59 356   1 -5  0 -9 
59 392   1 -3  0 -9 
59 412  -1 -4  0 -9 
60 126  -1 -4  0 -9 
60 357   1 -5  0 -9 
60 393   1 -3  0 -9 
60 413  -1 -4  0 -9 
61 127  -1 -4  0 -9 
61 358   1 -5  0 -9 
61 394   1 -3  0 -9 
61 414  -1 -4  0 -9 
62 129  -1 -4  0 -9 
62 130  -1 -4  0 -9 
62 360   1 -5  0 -9 
62 361   1 -5  0 -9 
62 395   1 -3  0 -9 
62 415  -1 -4  0 -9 
63 131  -1 -4  0 -9 
63 362   1 -5  0 -9 
63 396   1 -3  0 -9 
63 416  -1 -4  0 -9 
64 132  -1 -4  0 -9 
64 363   1 -5  0 -9 
64 397   1 -3  0 -9 
64 417  -1 -4  0 -9 
65 128  -1 -4  0 -9 
65 130  -1 -4  0 -9 
65 359   1 -5  0 -9 
65 361   1 -5  0 -9 
65 398   1 -3  0 -9 
65 418  -1 -4  0 -9 
66 133  -1 -4  0 -9 
66 364   1 -5  0 -9 
66 399   1 -3  0 -9 
66 419  -1 -4  0 -9 
67 134  -1 -4  0 -9 
67 400   1 -3  0 -9 
67 420  -1 -4  0 -9 
67 445   1 -5  0 -9 
68 135  -1 -4  0 -9 
68 401   1 -3  0 -9 
68 421  -1 -4  0 -9 
68 446   1 -5  0 -9 
69 136  -1 -4  0 -9 
69 402   1 -3  0 -9 
69 422  -1 -4  0 -9 
69 447   1 -5  0 -9 
70 128  -1 -4  0 -9 
70 137  -1 -4  0 -9 
70 359   1 -5  0 -9 
70 403   1 -3  0 -9 
70 423  -1 -4  0 -9 
70 448   1 -5  0 -9 
71 42  -1 -1  0 -9 
71 71   1  0  0 -9 
71 209   1 -2  0 -9 
71 238  -1 -1  0 -9 
71 292   1 -2  0 -9 
72 43  -1 -1  0 -9 
72 72   1  0  0 -9 
72 210   1 -2  0 -9 
72 239  -1 -1  0 -9 
72 293   1 -2  0 -9 
73 44  -1 -1  0 -9 
73 73   1  0  0 -9 
73 211   1 -2  0 -9 
73 240  -1 -1  0 -9 
73 294   1 -2  0 -9 
74 45  -1 -1  0 -9 
74 74   1  0  0 -9 
74 212   1 -2  0 -9 
74 241  -1 -1  0 -9 
74 295   1 -2  0 -9 
75 46  -1 -1  0 -9 
75 75   1  0  0 -9 
75 213   1 -2  0 -9 
75 242  -1 -1  0 -9 
75 296   1 -2  0 -9 
76 44  -1 -1  0 -9 
76 47  -1 -1  0 -9 
76 76   1  0  0 -9 
76 211   1 -2  0 -9 
76 214   1 -2  0 -9 
76 243  -1 -1  0 -9 
76 297   1 -2  0 -9 
77 48  -1 -1  0 -9 
77 77   1  0  0 -9 
77 215   1 -2  0 -9 
77 244  -1 -1  0 -9 
77 298   1 -2  0 -9 
78 47  -1 -1  0 -9 
78 78   1  0  0 -9 
78 214   1 -2  0 -9 
78 245  -1 -1  0 -9 
78 299   1 -2  0 -9 
79 49  -1 -1  0 -9 
79 79   1  0  0 -9 
79 216   1 -2  0 -9 
79 246  -1 -1  0 -9 
79 300   1 -2  0 -9 
80 50  -1 -1  0 -9 
80 80   1  0  0 -9 
80 125   1 -2  0 -9 
80 217   1 -2  0 -9 
80 247  -1 -1  0 -9 
80 301   1 -2  0 -9 
80 356  -1 -3  0 -9 
81 47  -1 -1  0 -9 
81 51  -1 -1  0 -9 
81 81   1  0  0 -9 
81 126   1 -2  0 -9 
81 214   1 -2  0 -9 
81 218   1 -2  0 -9 
81 248  -1 -1  0 -9 
81 302   1 -2  0 -9 
81 357  -1 -3  0 -9 
82 48  -1 -1  0 -9 
82 52  -1 -1  0 -9 
82 82   1  0  0 -9 
82 127   1 -2  0 -9 
82 215   1 -2  0 -9 
82 219   1 -2  0 -9 
82 249  -1 -1  0 -9 
82 303   1 -2  0 -9 
82 358  -1 -3  0 -9 
83 49  -1 -1  0 -9 
83 53  -1 -1  0 -9 
83 83   1  0  0 -9 
83 128   1 -2  0 -9 
83 216   1 -2  0 -9 
83 220   1 -2  0 -9 
83 250  -1 -1  0 -9 
83 304   1 -2  0 -9 
83 359  -1 -3  0 -9 
84 54  -1 -1  0 -9 
84 84   1  0  0 -9 
84 129   1 -2  0 -9 
84 221   1 -2  0 -9 
84 251  -1 -1  0 -9 
84 305   1 -2  0 -9 
84 360  -1 -3  0 -9 
85 55  -1 -1  0 -9 
85 85   1  0  0 -9 
85 130   1 -2  0 -9 
85 222   1 -2  0 -9 
85 252  -1 -1  0 -9 
85 306   1 -2  0 -9 
85 361  -1 -3  0 -9 
86 56  -1 -1  0 -9 
86 86   1  0  0 -9 
86 131   1 -2  0 -9 
86 223   1 -2  0 -9 
86 253  -1 -1  0 -9 
86 307   1 -2  0 -9 
86 362  -1 -3  0 -9 
87 57  -1 -1  0 -9 
87 87   1  0  0 -9 
87 132   1 -2  0 -9 
87 224   1 -2  0 -9 
87 254  -1 -1  0 -9 
87 308   1 -2  0 -9 
87 363  -1 -3  0 -9 
88 58  -1 -1  0 -9 
88 88   1  0  0 -9 
88 133   1 -2  0 -9 
88 225   1 -2  0 -9 
88 255  -1 -1  0 -9 
88 309   1 -2  0 -9 
88 364  -1 -3  0 -9 
89 50  -1 -1  0 -9 
89 89   1  0  0 -9 
89 125  -1 -4  0 -9 
89 129   1 -3  0 -9 
89 217   1 -2  0 -9 
89 256  -1 -1  0 -9 
89 310   1 -2  0 -9 
89 356   1 -5  0 -9 
89 360  -1 -4  0 -9 
90 51  -1 -1  0 -9 
90 90   1  0  0 -9 
90 126  -1 -4  0 -9 
90 130   1 -3  0 -9 
90 218   1 -2  0 -9 
90 257  -1 -1  0 -9 
90 311   1 -2  0 -9 
90 357   1 -5  0 -9 
90 361  -1 -4  0 -9 
91 52  -1 -1  0 -9 
91 91   1  0  0 -9 
91 127  -1 -4  0 -9 
91 131   1 -3  0 -9 
91 219   1 -2  0 -9 
91 258  -1 -1  0 -9 
91 312   1 -2  0 -9 
91 358   1 -5  0 -9 
91 362  -1 -4  0 -9 
92 51  -1 -1  0 -9 
92 92   1  0  0 -9 
92 126  -1 -4  0 -9 
92 132   1 -3  0 -9 
92 218   1 -2  0 -9 
92 259  -1 -1  0 -9 
92 313   1 -2  0 -9 
92 357   1 -5  0 -9 
92 363  -1 -4  0 -9 
93 53  -1 -1  0 -9 
93 93   1  0  0 -9 
93 128  -1 -4  0 -9 
93 133   1 -3  0 -9 
93 220   1 -2  0 -9 
93 260  -1 -1  0 -9 
93 314   1 -2  0 -9 
93 359   1 -5  0 -9 
93 364  -1 -4  0 -9 
94 55  -1 -1  0 -9 
94 94   1  0  0 -9 
94 130  -1 -4  0 -9 
94 131   1 -3  0 -9 
94 222   1 -2  0 -9 
94 261  -1 -1  0 -9 
94 315   1 -2  0 -9 
94 361   1 -5  0 -9 
94 362  -1 -4  0 -9 
95 59  -1 -1  0 -9 
95 95   1  0  0 -9 
95 262  -1 -1  0 -9 
95 316   1 -2  0 -9 
95 392   1 -2  0 -9 
95 412  -1 -3  0 -9 
96 60  -1 -1  0 -9 
96 96   1  0  0 -9 
96 263  -1 -1  0 -9 
96 317   1 -2  0 -9 
96 393   1 -2  0 -9 
96 413  -1 -3  0 -9 
97 61  -1 -1  0 -9 
97 97   1  0  0 -9 
97 264  -1 -1  0 -9 
97 318   1 -2  0 -9 
97 394   1 -2  0 -9 
97 414  -1 -3  0 -9 
98 62  -1 -1  0 -9 
98 98   1  0  0 -9 
98 265  -1 -1  0 -9 
98 319   1 -2  0 -9 
98 395   1 -2  0 -9 
98 415  -1 -3  0 -9 
99 63  -1 -1  0 -9 
99 99   1  0  0 -9 
99 266  -1 -1  0 -9 
99 320   1 -2  0 -9 
99 396   1 -2  0 -9 
99 416  -1 -3  0 -9 
100 64  -1 -1  0 -9 
100 100   1  0  0 -9 
100 267  -1 -1  0 -9 
100 321   1 -2  0 -9 
100 397   1 -2  0 -9 
100 417  -1 -3  0 -9 
101 65  -1 -1  0 -9 
101 101   1  0  0 -9 
101 268  -1 -1  0 -9 
101 322   1 -2  0 -9 
101 398   1 -2  0 -9 
101 418  -1 -3  0 -9 
102 66  -1 -1  0 -9 
102 102   1  0  0 -9 
102 269  -1 -1  0 -9 
102 323   1 -2  0 -9 
102 399   1 -2  0 -9 
102 419  -1 -3  0 -9 
103 50  -1  0  0 -9 
103 51  -1  0  0 -9 
103 59   1  1  0 -9 
103 60   1  1  0 -9 
103 62  -1  0  0 -9 
103 89   1  1  0 -9 
103 90   1  1  0 -9 
103 98   1  1  0 -9 
103 103  -1  2  0 -9 
103 125  -1 -3  0 -9 
103 126  -1 -3  0 -9 
103 129   1 -2  0 -9 
103 130   1 -2  0 -9 
103 256  -1  0  0 -9 
103 257  -1  0  0 -9 
103 265  -1  0  0 -9 
103 270   1  1  0 -9 
103 310   1 -1  0 -9 
103 311   1 -1  0 -9 
103 319   1 -1  0 -9 
103 324  -1  0  0 -9 
103 356   1 -4  0 -9 
103 357   1 -4  0 -9 
103 360  -1 -3  0 -9 
103 361  -1 -3  0 -9 
103 392   1 -2  0 -9 
103 393   1 -2  0 -9 
103 412  -1 -3  0 -9 
103 413  -1 -3  0 -9 
104 52  -1  0  0 -9 
104 61   1  1  0 -9 
104 63  -1  0  0 -9 
104 91   1  1  0 -9 
104 99   1  1  0 -9 
104 104  -1  2  0 -9 
104 127  -1 -3  0 -9 
104 131   1 -2  0 -9 
104 258  -1  0  0 -9 
104 266  -1  0  0 -9 
104 271   1  1  0 -9 
104 312   1 -1  0 -9 
104 320   1 -1  0 -9 
104 325  -1  0  0 -9 
104 358   1 -4  0 -9 
104 362  -1 -3  0 -9 
104 394   1 -2  0 -9 
104 414  -1 -3  0 -9 
105 51  -1  0  0 -9 
105 60   1  1  0 -9 
105 64  -1  0  0 -9 
105 92   1  1  0 -9 
105 100   1  1  0 -9 
105 105  -1  2  0 -9 
105 126  -1 -3  0 -9 
105 132   1 -2  0 -9 
105 259  -1  0  0 -9 
105 267  -1  0  0 -9 
105 272   1  1  0 -9 
105 313   1 -1  0 -9 
105 321   1 -1  0 -9 
105 326  -1  0  0 -9 
105 357   1 -4  0 -9 
105 363  -1 -3  0 -9 
105 393   1 -2  0 -9 
105 413  -1 -3  0 -9 
106 49  -1  0  0 -9 
106 53  -1  0  0 -9 
106 55  -1  0  0 -9 
106 63  -1  0  0 -9 
106 65   1  1  0 -9 
106 66  -1  0  0 -9 
106 79   1  1  0 -9 
106 93   1  1  0 -9 
106 94   1  1  0 -9 
106 99   1  1  0 -9 
106 102   1  1  0 -9 
106 106  -1  2  0 -9 
106 128  -1 -3  0 -9 
106 130  -1 -3  0 -9 
106 131   1 -2  0 -9 
106 133   1 -2  0 -9 
106 246  -1  0  0 -9 
106 260  -1  0  0 -9 
106 261  -1  0  0 -9 
106 266  -1  0  0 -9 
106 269  -1  0  0 -9 
106 273   1  1  0 -9 
106 300   1 -1  0 -9 
106 314   1 -1  0 -9 
106 315   1 -1  0 -9 
106 320   1 -1  0 -9 
106 323   1 -1  0 -9 
106 327  -1  0  0 -9 
106 359   1 -4  0 -9 
106 361   1 -4  0 -9 
106 362  -1 -3  0 -9 
106 364  -1 -3  0 -9 
106 398   1 -2  0 -9 
106 418  -1 -3  0 -9 
107 67   1  1  0 -9 
107 107  -1  2  0 -9 
107 117   1  1  0 -9 
107 134  -1 -3  0 -9 
107 138  -1  0  0 -9 
107 274   1  1  0 -9 
107 284  -1  0  0 -9 
107 328  -1  0  0 -9 
107 369   1 -1  0 -9 
107 400   1 -2  0 -9 
107 420  -1 -3  0 -9 
107 445   1 -4  0 -9 
108 68   1  1  0 -9 
108 108  -1  2  0 -9 
108 118   1  1  0 -9 
108 135  -1 -3  0 -9 
108 139  -1  0  0 -9 
108 275   1  1  0 -9 
108 285  -1  0  0 -9 
108 329  -1  0  0 -9 
108 370   1 -1  0 -9 
108 401   1 -2  0 -9 
108 421  -1 -3  0 -9 
108 446   1 -4  0 -9 
109 51  -1  0  0 -9 
109 53   1  1  0 -9 
109 60   1  1  0 -9 
109 65  -1  0  0 -9 
109 69   1  1  0 -9 
109 90   1  1  0 -9 
109 101   1  1  0 -9 
109 109  -1  2  0 -9 
109 119   1  1  0 -9 
109 126  -1 -3  0 -9 
109 128   1 -2 -1 -4  0 -9 
109 130   1 -2  0 -9 
109 136  -1 -3  0 -9 
109 140  -1  0  0 -9 
109 220  -1  0  1 -2  0 -9 
109 257  -1  0  0 -9 
109 268  -1  0  0 -9 
109 276   1  1  0 -9 
109 286  -1  0  0 -9 
109 311   1 -1  0 -9 
109 322   1 -1  0 -9 
109 330  -1  0  0 -9 
109 357   1 -4  0 -9 
109 359  -1 -3  1 -5  0 -9 
109 361  -1 -3  0 -9 
109 371   1 -1  0 -9 
109 393   1 -2  0 -9 
109 402   1 -2  0 -9 
109 413  -1 -3  0 -9 
109 422  -1 -3  0 -9 
109 447   1 -4  0 -9 
110 53  -1  0  0 -9 
110 66  -1  0  0 -9 
110 70   1  1  0 -9 
110 93   1  1  0 -9 
110 102   1  1  0 -9 
110 110  -1  2  0 -9 
110 120   1  1  0 -9 
110 128  -1 -3  0 -9 
110 133   1 -2  0 -9 
110 137  -1 -3  0 -9 
110 141  -1  0  0 -9 
110 260  -1  0  0 -9 
110 269  -1  0  0 -9 
110 277   1  1  0 -9 
110 287  -1  0  0 -9 
110 314   1 -1  0 -9 
110 323   1 -1  0 -9 
110 331  -1  0  0 -9 
110 359   1 -4  0 -9 
110 364  -1 -3  0 -9 
110 372   1 -1  0 -9 
110 403   1 -2  0 -9 
110 423  -1 -3  0 -9 
110 448   1 -4  0 -9 
111 67   1  1  0 -9 
111 111  -1  2  0 -9 
111 121   1  1  0 -9 
111 132   1 -1  0 -9 
111 134  -1 -3  0 -9 
111 142  -1  0  0 -9 
111 278   1  1  0 -9 
111 288  -1  0  0 -9 
111 332  -1  0  0 -9 
111 363  -1 -2  0 -9 
111 373   1 -1  0 -9 
111 400   1 -2  0 -9 
111 420  -1 -3  0 -9 
111 445   1 -4  0 -9 
112 69   1  1  0 -9 
112 112  -1  2  0 -9 
112 122   1  1  0 -9 
112 133   1 -1  0 -9 
112 136  -1 -3  0 -9 
112 143  -1  0  0 -9 
112 279   1  1  0 -9 
112 289  -1  0  0 -9 
112 333  -1  0  0 -9 
112 364  -1 -2  0 -9 
112 374   1 -1  0 -9 
112 402   1 -2  0 -9 
112 422  -1 -3  0 -9 
112 447   1 -4  0 -9 
113 51  -1 -1  0 -9 
113 67  -1 -1  0 -9 
113 113   1  0  0 -9 
113 126   1 -2  0 -9 
113 134  -1 -1 -1 -3 -1 -5  0 -9 
113 218   1 -2  0 -9 
113 280  -1 -1  0 -9 
113 357  -1 -3  0 -9 
113 365   1 -2  0 -9 
113 400   1 -2  0 -9 
113 420  -1 -3  0 -9 
113 445   1 -4  1 -6  0 -9 
114 52  -1 -1  0 -9 
114 68  -1 -1  0 -9 
114 114   1  0  0 -9 
114 127   1 -2  0 -9 
114 135  -1 -1 -1 -3 -1 -5  0 -9 
114 219   1 -2  0 -9 
114 281  -1 -1  0 -9 
114 358  -1 -3  0 -9 
114 366   1 -2  0 -9 
114 401   1 -2  0 -9 
114 421  -1 -3  0 -9 
114 446   1 -4  1 -6  0 -9 
115 53  -1 -1  0 -9 
115 69  -1 -1  0 -9 
115 115   1  0  0 -9 
115 128   1 -2  0 -9 
115 136  -1 -1 -1 -3 -1 -5  0 -9 
115 220   1 -2  0 -9 
115 282  -1 -1  0 -9 
115 359  -1 -3  0 -9 
115 367   1 -2  0 -9 
115 402   1 -2  0 -9 
115 422  -1 -3  0 -9 
115 447   1 -4  1 -6  0 -9 
116 70  -1 -1  0 -9 
116 116   1  0  0 -9 
116 137  -1 -1 -1 -3 -1 -5  0 -9 
116 283  -1 -1  0 -9 
116 368   1 -2  0 -9 
116 403   1 -2  0 -9 
116 423  -1 -3  0 -9 
116 448   1 -4  1 -6  0 -9 
117 117   1  0  0 -9 
117 134  -1 -4  0 -9 
117 138  -1 -1  0 -9 
117 284  -1 -1  0 -9 
117 369   1 -2  0 -9 
117 404   1 -2  0 -9 
117 424  -1 -3  0 -9 
117 445   1 -5  0 -9 
118 118   1  0  0 -9 
118 135  -1 -4  0 -9 
118 139  -1 -1  0 -9 
118 285  -1 -1  0 -9 
118 370   1 -2  0 -9 
118 405   1 -2  0 -9 
118 425  -1 -3  0 -9 
118 446   1 -5  0 -9 
119 119   1  0  0 -9 
119 136  -1 -4  0 -9 
119 140  -1 -1  0 -9 
119 286  -1 -1  0 -9 
119 371   1 -2  0 -9 
119 406   1 -2  0 -9 
119 426  -1 -3  0 -9 
119 447   1 -5  0 -9 
120 120   1  0  0 -9 
120 137  -1 -4  0 -9 
120 141  -1 -1  0 -9 
120 287  -1 -1  0 -9 
120 372   1 -2  0 -9 
120 407   1 -2  0 -9 
120 427  -1 -3  0 -9 
120 448   1 -5  0 -9 
121 121   1  0  0 -9 
121 132   1 -2  0 -9 
121 134  -1 -4  0 -9 
121 142  -1 -1  0 -9 
121 288  -1 -1  0 -9 
121 363  -1 -3  0 -9 
121 373   1 -2  0 -9 
121 408   1 -2  0 -9 
121 428  -1 -3  0 -9 
121 445   1 -5  0 -9 
122 122   1  0  0 -9 
122 133   1 -2  0 -9 
122 136  -1 -4  0 -9 
122 143  -1 -1  0 -9 
122 289  -1 -1  0 -9 
122 364  -1 -3  0 -9 
122 374   1 -2  0 -9 
122 409   1 -2  0 -9 
122 429  -1 -3  0 -9 
122 447   1 -5  0 -9 
123 69   1  1  0 -9 
123 119   1  1  0 -9 
123 123  -1  2  0 -9 
123 136  -1 -3  0 -9 
123 140  -1  0  0 -9 
123 144   1  1  0 -9 
123 286  -1  0  0 -9 
123 290   1  1  0 -9 
123 371   1 -1  0 -9 
123 375  -1  0  0 -9 
123 402   1 -2  0 -9 
123 410   1 -2  0 -9 
123 422  -1 -3  0 -9 
123 447   1 -4  0 -9 
123 449  -1 -3  0 -9 
124 120   1  1  0 -9 
124 124  -1  2  0 -9 
124 137  -1 -3  0 -9 
124 141  -1  0  0 -9 
124 145   1  1  0 -9 
124 287  -1  0  0 -9 
124 291   1  1  0 -9 
124 372   1 -1  0 -9 
124 376  -1  0  0 -9 
124 411   1 -2  0 -9 
124 448   1 -4  0 -9 
124 450  -1 -3  0 -9 
125 125  -1 -6  0 -9 
125 356   1 -7  0 -9 
126 126  -1 -6  0 -9 
126 357   1 -7  0 -9 
127 127  -1 -6  0 -9 
127 358   1 -7  0 -9 
128 128  -1 -6  0 -9 
128 359   1 -7  0 -9 
129 129  -1 -6  0 -9 
129 360   1 -7  0 -9 
130 130  -1 -6  0 -9 
130 361   1 -7  0 -9 
131 131  -1 -6  0 -9 
131 362   1 -7  0 -9 
132 132  -1 -6  0 -9 
132 363   1 -7  0 -9 
133 133  -1 -6  0 -9 
133 364   1 -7  0 -9 
134 134  -1 -6  0 -9 
134 445   1 -7  0 -9 
135 135  -1 -6  0 -9 
135 446   1 -7  0 -9 
136 136  -1 -6  0 -9 
136 447   1 -7  0 -9 
137 137  -1 -6  0 -9 
137 448   1 -7  0 -9 
138 134  -1 -5  0 -9 
138 404   1 -3  0 -9 
138 424  -1 -4  0 -9 
138 445   1 -6  0 -9 
139 135  -1 -5  0 -9 
139 405   1 -3  0 -9 
139 425  -1 -4  0 -9 
139 446   1 -6  0 -9 
140 136  -1 -5  0 -9 
140 406   1 -3  0 -9 
140 426  -1 -4  0 -9 
140 447   1 -6  0 -9 
141 137  -1 -5  0 -9 
141 407   1 -3  0 -9 
141 427  -1 -4  0 -9 
141 448   1 -6  0 -9 
142 132  -1 -5  0 -9 
142 134  -1 -5  0 -9 
142 363   1 -6  0 -9 
142 408   1 -3  0 -9 
142 428  -1 -4  0 -9 
142 445   1 -6  0 -9 
143 133  -1 -5  0 -9 
143 136  -1 -5  0 -9 
143 364   1 -6  0 -9 
143 409   1 -3  0 -9 
143 429  -1 -4  0 -9 
143 447   1 -6  0 -9 
144 410   1 -3  0 -9 
144 449  -1 -4  0 -9 
145 137  -1 -4  0 -9 
145 411   1 -3  0 -9 
145 448   1 -5  0 -9 
145 450  -1 -4  0 -9 
146 146   1  0  0 -9 
147 147   1  0  0 -9 
148 148   1  0  0 -9 
149 149   1  0  0 -9 
150 42   1 -2  0 -9 
150 150   1  0  0 -9 
150 209  -1 -1  0 -9 
151 43   1 -2  0 -9 
151 151   1  0  0 -9 
151 210  -1 -1  0 -9 
152 44   1 -2  0 -9 
152 152   1  0  0 -9 
152 211  -1 -1  0 -9 
153 45   1 -2  0 -9 
153 153   1  0  0 -9 
153 212  -1 -1  0 -9 
154 46   1 -2  0 -9 
154 154   1  0  0 -9 
154 213  -1 -1  0 -9 
155 47   1 -2  0 -9 
155 155   1  0  0 -9 
155 214  -1 -1  0 -9 
156 48   1 -2  0 -9 
156 156   1  0  0 -9 
156 215  -1 -1  0 -9 
157 49   1 -2  0 -9 
157 157   1  0  0 -9 
157 216  -1 -1  0 -9 
158 158   1  0  0 -9 
158 238  -1 -1  0 -9 
158 292   1 -2  0 -9 
159 159   1  0  0 -9 
159 239  -1 -1  0 -9 
159 293   1 -2  0 -9 
160 160   1  0  0 -9 
160 240  -1 -1  0 -9 
160 294   1 -2  0 -9 
161 161   1  0  0 -9 
161 241  -1 -1  0 -9 
161 295   1 -2  0 -9 
162 162   1  0  0 -9 
162 242  -1 -1  0 -9 
162 296   1 -2  0 -9 
163 163   1  0  0 -9 
163 243  -1 -1  0 -9 
163 297   1 -2  0 -9 
164 164   1  0  0 -9 
164 244  -1 -1  0 -9 
164 298   1 -2  0 -9 
165 165   1  0  0 -9 
165 245  -1 -1  0 -9 
165 299   1 -2  0 -9 
166 166   1  0  0 -9 
166 246  -1 -1  0 -9 
166 300   1 -2  0 -9 
167 167   1  0  0 -9 
167 247  -1 -1  0 -9 
167 301   1 -2  0 -9 
167 356  -1 -3  0 -9 
168 168   1  0  0 -9 
168 248  -1 -1  0 -9 
168 302   1 -2  0 -9 
168 357  -1 -3  0 -9 
169 169   1  0  0 -9 
169 249  -1 -1  0 -9 
169 303   1 -2  0 -9 
169 358  -1 -3  0 -9 
170 170   1  0  0 -9 
170 250  -1 -1  0 -9 
170 304   1 -2  0 -9 
170 359  -1 -3  0 -9 
171 171   1  0  0 -9 
171 251  -1 -1  0 -9 
171 305   1 -2  0 -9 
171 360  -1 -3  0 -9 
172 172   1  0  0 -9 
172 252  -1 -1  0 -9 
172 306   1 -2  0 -9 
172 361  -1 -3  0 -9 
173 173   1  0  0 -9 
173 253  -1 -1  0 -9 
173 307   1 -2  0 -9 
173 362  -1 -3  0 -9 
174 174   1  0  0 -9 
174 254  -1 -1  0 -9 
174 308   1 -2  0 -9 
174 363  -1 -3  0 -9 
175 175   1  0  0 -9 
175 255  -1 -1  0 -9 
175 309   1 -2  0 -9 
175 364  -1 -3  0 -9 
176 158   1  1  0 -9 
176 176  -1  2  0 -9 
176 238  -1  0  0 -9 
177 159   1  1  0 -9 
177 177  -1  2  0 -9 
177 239  -1  0  0 -9 
178 147   1  1  0 -9 
178 160   1  1  0 -9 
178 178  -1  2  0 -9 
178 240  -1  0  0 -9 
179 148   1  1  0 -9 
179 161   1  1  0 -9 
179 179  -1  2  0 -9 
179 241  -1  0  0 -9 
180 149   1  1  0 -9 
180 162   1  1  0 -9 
180 180  -1  2  0 -9 
180 242  -1  0  0 -9 
181 163   1  1  0 -9 
181 181  -1  2  0 -9 
181 243  -1  0  0 -9 
182 164   1  1  0 -9 
182 182  -1  2  0 -9 
182 244  -1  0  0 -9 
183 165   1  1  0 -9 
183 183  -1  2  0 -9 
183 245  -1  0  0 -9 
184 166   1  1  0 -9 
184 184  -1  2  0 -9 
184 246  -1  0  0 -9 
185 171   1  1  0 -9 
185 185  -1  2  0 -9 
185 251  -1  0  0 -9 
185 305   1 -1  0 -9 
185 310  -1  0  0 -9 
185 334   1  1  0 -9 
185 360  -1 -2  0 -9 
185 377   1 -1  0 -9 
186 161   1  1  0 -9 
186 172   1  1  0 -9 
186 186  -1  2  0 -9 
186 241  -1  0  0 -9 
186 252  -1  0  0 -9 
186 295   1 -1  0 -9 
186 297  -1  0  0 -9 
186 306   1 -1  0 -9 
186 311  -1  0  0 -9 
186 335   1  1  0 -9 
186 361  -1 -2  0 -9 
186 378   1 -1  0 -9 
187 159   1  1  0 -9 
187 162   1  1  0 -9 
187 173   1  1  0 -9 
187 187  -1  2  0 -9 
187 239  -1  0  0 -9 
187 242  -1  0  0 -9 
187 253  -1  0  0 -9 
187 293   1 -1  0 -9 
187 296   1 -1  0 -9 
187 298  -1  0  0 -9 
187 307   1 -1  0 -9 
187 312  -1  0  0 -9 
187 336   1  1  0 -9 
187 362  -1 -2  0 -9 
187 379   1 -1  0 -9 
188 174   1  1  0 -9 
188 188  -1  2  0 -9 
188 254  -1  0  0 -9 
188 299  -1  0  0 -9 
188 308   1 -1  0 -9 
188 313  -1  0  0 -9 
188 337   1  1  0 -9 
188 363  -1 -2  0 -9 
188 380   1 -1  0 -9 
189 162   1  1  0 -9 
189 175   1  1  0 -9 
189 189  -1  2  0 -9 
189 242  -1  0  0 -9 
189 255  -1  0  0 -9 
189 296   1 -1  0 -9 
189 300  -1  0  0 -9 
189 309   1 -1  0 -9 
189 314  -1  0  0 -9 
189 338   1  1  0 -9 
189 364  -1 -2  0 -9 
189 381   1 -1  0 -9 
190 173   1  1  0 -9 
190 190  -1  2  0 -9 
190 253  -1  0  0 -9 
190 307   1 -1  0 -9 
190 315  -1  0  0 -9 
190 339   1  1  0 -9 
190 362  -1 -2  0 -9 
190 382   1 -1  0 -9 
191 160   1  1  0 -9 
191 167   1  1  0 -9 
191 191  -1  2  0 -9 
191 240  -1  0  0 -9 
191 247  -1  0  0 -9 
191 262   1  1  0 -9 
191 316   1 -2  0 -9 
191 412  -1 -3  0 -9 
192 168   1  1  0 -9 
192 192  -1  2  0 -9 
192 248  -1  0  0 -9 
192 263   1  1  0 -9 
192 317   1 -2  0 -9 
192 413  -1 -3  0 -9 
193 169   1  1  0 -9 
193 193  -1  2  0 -9 
193 249  -1  0  0 -9 
193 264   1  1  0 -9 
193 318   1 -2  0 -9 
193 414  -1 -3  0 -9 
194 161   1  1  0 -9 
194 171   1  1  0 -9 
194 172   1  1  0 -9 
194 194  -1  2  0 -9 
194 241  -1  0  0 -9 
194 251  -1  0  0 -9 
194 252  -1  0  0 -9 
194 265   1  1  0 -9 
194 319   1 -2  0 -9 
194 415  -1 -3  0 -9 
195 162   1  1  0 -9 
195 173   1  1  0 -9 
195 195  -1  2  0 -9 
195 242  -1  0  0 -9 
195 253  -1  0  0 -9 
195 266   1  1  0 -9 
195 320   1 -2  0 -9 
195 416  -1 -3  0 -9 
196 174   1  1  0 -9 
196 196  -1  2  0 -9 
196 254  -1  0  0 -9 
196 267   1  1  0 -9 
196 321   1 -2  0 -9 
196 417  -1 -3  0 -9 
197 170   1  1  0 -9 
197 172   1  1  0 -9 
197 197  -1  2  0 -9 
197 250  -1  0  0 -9 
197 252  -1  0  0 -9 
197 268   1  1  0 -9 
197 322   1 -2  0 -9 
197 418  -1 -3  0 -9 
198 175   1  1  0 -9 
198 198  -1  2  0 -9 
198 255  -1  0  0 -9 
198 269   1  1  0 -9 
198 323   1 -2  0 -9 
198 419  -1 -3  0 -9 
199 199  -1  2  0 -9 
199 256  -1  0  0 -9 
199 257  -1  0  0 -9 
199 265  -1  0  0 -9 
199 270   1  1  0 -9 
199 319   1 -1  0 -9 
199 324  -1  0  0 -9 
199 341   1  1  0 -9 
199 415  -1 -2  0 -9 
199 430   1 -1  0 -9 
200 200  -1  2  0 -9 
200 258  -1  0  0 -9 
200 266  -1  0  0 -9 
200 271   1  1  0 -9 
200 320   1 -1  0 -9 
200 325  -1  0  0 -9 
200 342   1  1  0 -9 
200 416  -1 -2  0 -9 
200 431   1 -1  0 -9 
201 201  -1  2  0 -9 
201 259  -1  0  0 -9 
201 267  -1  0  0 -9 
201 272   1  1  0 -9 
201 321   1 -1  0 -9 
201 326  -1  0  0 -9 
201 343   1  1  0 -9 
201 417  -1 -2  0 -9 
201 432   1 -1  0 -9 
202 202  -1  2  0 -9 
202 246  -1  0  0 -9 
202 260  -1  0  0 -9 
202 261  -1  0  0 -9 
202 266  -1  0  0 -9 
202 269  -1  0  0 -9 
202 273   1  1  0 -9 
202 320   1 -1  0 -9 
202 323   1 -1  0 -9 
202 327  -1  0  0 -9 
202 344   1  1  0 -9 
202 416  -1 -2  0 -9 
202 419  -1 -2  0 -9 
202 433   1 -1  0 -9 
203 172   1  1  0 -9 
203 203  -1  2  0 -9 
203 252  -1  0  0 -9 
203 274   1  1  0 -9 
203 284  -1  0  0 -9 
203 306   1 -1  0 -9 
203 311  -1  0  0 -9 
203 328  -1  0  0 -9 
203 347   1  1  0 -9 
203 361  -1 -2  0 -9 
203 369   1 -1  0 -9 
203 378   1 -1  0 -9 
203 383  -1  0 -1 -2  0 -9 
203 424  -1 -2  0 -9 
203 434   1 -1  0 -9 
203 451   1 -3  0 -9 
204 173   1  1  0 -9 
204 204  -1  2  0 -9 
204 253  -1  0  0 -9 
204 275   1  1  0 -9 
204 285  -1  0  0 -9 
204 307   1 -1  0 -9 
204 312  -1  0  0 -9 
204 329  -1  0  0 -9 
204 348   1  1  0 -9 
204 362  -1 -2  0 -9 
204 370   1 -1  0 -9 
204 379   1 -1  0 -9 
204 384  -1  0 -1 -2  0 -9 
204 425  -1 -2  0 -9 
204 435   1 -1  0 -9 
204 452   1 -3  0 -9 
205 205  -1  2  0 -9 
205 220  -1  0  0 -9 
205 257  -1  0  0 -9 
205 268  -1  0  0 -9 
205 276   1  1  0 -9 
205 286  -1  0  0 -9 
205 322   1 -1  0 -9 
205 330  -1  0  0 -9 
205 349   1  1  0 -9 
205 371   1 -1  0 -9 
205 385  -1  0 -1 -2  0 -9 
205 418  -1 -2  0 -9 
205 426  -1 -2  0 -9 
205 436   1 -1  0 -9 
205 453   1 -3  0 -9 
206 206  -1  2  0 -9 
206 260  -1  0  0 -9 
206 269  -1  0  0 -9 
206 277   1  1  0 -9 
206 287  -1  0  0 -9 
206 323   1 -1  0 -9 
206 331  -1  0  0 -9 
206 350   1  1  0 -9 
206 372   1 -1  0 -9 
206 386  -1  0 -1 -2  0 -9 
206 419  -1 -2  0 -9 
206 427  -1 -2  0 -9 
206 437   1 -1  0 -9 
206 454   1 -3  0 -9 
207 207  -1  2  0 -9 
207 278   1  1  0 -9 
207 288  -1  0  0 -9 
207 313  -1  0  0 -9 
207 332  -1  0  0 -9 
207 351   1  1  0 -9 
207 363  -1 -2  0 -9 
207 373   1 -1  0 -9 
207 380   1 -1  0 -9 
207 387  -1  0 -1 -2  0 -9 
207 428  -1 -2  0 -9 
207 438   1 -1  0 -9 
207 455   1 -3  0 -9 
208 208  -1  2  0 -9 
208 279   1  1  0 -9 
208 289  -1  0  0 -9 
208 314  -1  0  0 -9 
208 333  -1  0  0 -9 
208 352   1  1  0 -9 
208 364  -1 -2  0 -9 
208 374   1 -1  0 -9 
208 381   1 -1  0 -9 
208 388  -1  0 -1 -2  0 -9 
208 429  -1 -2  0 -9 
208 439   1 -1  0 -9 
208 456   1 -3  0 -9 
209 42   1 -3  0 -9 
210 43   1 -3  0 -9 
211 44   1 -3  0 -9 
212 45   1 -3  0 -9 
213 46   1 -3  0 -9 
214 47   1 -3  0 -9 
215 48   1 -3  0 -9 
216 49   1 -3  0 -9 
217 50   1 -3  0 -9 
217 125  -1 -4  0 -9 
218 51   1 -3  0 -9 
218 126  -1 -4  0 -9 
219 52   1 -3  0 -9 
219 127  -1 -4  0 -9 
220 53   1 -3  0 -9 
220 128  -1 -4  0 -9 
221 54   1 -3  0 -9 
221 129  -1 -4  0 -9 
222 55   1 -3  0 -9 
222 130  -1 -4  0 -9 
223 56   1 -3  0 -9 
223 131  -1 -4  0 -9 
224 57   1 -3  0 -9 
224 132  -1 -4  0 -9 
225 58   1 -3  0 -9 
225 133  -1 -4  0 -9 
226 50   1 -2  0 -9 
226 59  -1 -1  0 -9 
226 125  -1 -3  0 -9 
226 217  -1 -1  0 -9 
226 226   1  0  0 -9 
226 262  -1 -1  0 -9 
226 316   1 -2  0 -9 
226 392   1 -2  0 -9 
226 412  -1 -3  0 -9 
227 51   1 -2  0 -9 
227 60  -1 -1  0 -9 
227 126  -1 -3  0 -9 
227 218  -1 -1  0 -9 
227 227   1  0  0 -9 
227 263  -1 -1  0 -9 
227 317   1 -2  0 -9 
227 393   1 -2  0 -9 
227 413  -1 -3  0 -9 
228 52   1 -2  0 -9 
228 61  -1 -1  0 -9 
228 127  -1 -3  0 -9 
228 219  -1 -1  0 -9 
228 228   1  0  0 -9 
228 264  -1 -1  0 -9 
228 318   1 -2  0 -9 
228 394   1 -2  0 -9 
228 414  -1 -3  0 -9 
229 45   1 -2  0 -9 
229 54   1 -2  0 -9 
229 55   1 -2  0 -9 
229 62  -1 -1  0 -9 
229 129  -1 -3  0 -9 
229 130  -1 -3  0 -9 
229 212  -1 -1  0 -9 
229 221  -1 -1  0 -9 
229 222  -1 -1  0 -9 
229 229   1  0  0 -9 
229 265  -1 -1  0 -9 
229 319   1 -2  0 -9 
229 395   1 -2  0 -9 
229 415  -1 -3  0 -9 
230 46   1 -2  0 -9 
230 56   1 -2  0 -9 
230 63  -1 -1  0 -9 
230 131  -1 -3  0 -9 
230 213  -1 -1  0 -9 
230 223  -1 -1  0 -9 
230 230   1  0  0 -9 
230 266  -1 -1  0 -9 
230 320   1 -2  0 -9 
230 396   1 -2  0 -9 
230 416  -1 -3  0 -9 
231 57   1 -2  0 -9 
231 64  -1 -1  0 -9 
231 132  -1 -3  0 -9 
231 224  -1 -1  0 -9 
231 231   1  0  0 -9 
231 267  -1 -1  0 -9 
231 321   1 -2  0 -9 
231 397   1 -2  0 -9 
231 417  -1 -3  0 -9 
232 49   1 -2  0 -9 
232 53   1 -2  0 -9 
232 55   1 -2  0 -9 
232 65  -1 -1  0 -9 
232 128  -1 -3  0 -9 
232 130  -1 -3  0 -9 
232 216  -1 -1  0 -9 
232 220  -1 -1  0 -9 
232 222  -1 -1  0 -9 
232 232   1  0  0 -9 
232 268  -1 -1  0 -9 
232 322   1 -2  0 -9 
232 398   1 -2  0 -9 
232 418  -1 -3  0 -9 
233 58   1 -2  0 -9 
233 66  -1 -1  0 -9 
233 133  -1 -3  0 -9 
233 225  -1 -1  0 -9 
233 233   1  0  0 -9 
233 269  -1 -1  0 -9 
233 323   1 -2  0 -9 
233 399   1 -2  0 -9 
233 419  -1 -3  0 -9 
234 67  -1 -1  0 -9 
234 134  -1 -3  0 -9 
234 234   1  0  0 -9 
234 280  -1 -1  0 -9 
234 357  -1 -3  0 -9 
234 365   1 -2  0 -9 
234 400   1 -2  0 -9 
234 420  -1 -3  0 -9 
234 445   1 -4  0 -9 
235 68  -1 -1  0 -9 
235 135  -1 -3  0 -9 
235 235   1  0  0 -9 
235 281  -1 -1  0 -9 
235 358  -1 -3  0 -9 
235 366   1 -2  0 -9 
235 401   1 -2  0 -9 
235 421  -1 -3  0 -9 
235 446   1 -4  0 -9 
236 69  -1 -1  0 -9 
236 136  -1 -3  0 -9 
236 236   1  0  0 -9 
236 282  -1 -1  0 -9 
236 359  -1 -3  0 -9 
236 367   1 -2  0 -9 
236 402   1 -2  0 -9 
236 422  -1 -3  0 -9 
236 447   1 -4  0 -9 
237 53   1 -2  0 -9 
237 70  -1 -1  0 -9 
237 128  -1 -3  0 -9 
237 137  -1 -3  0 -9 
237 220  -1 -1  0 -9 
237 237   1  0  0 -9 
237 283  -1 -1  0 -9 
237 368   1 -2  0 -9 
237 403   1 -2  0 -9 
237 423  -1 -3  0 -9 
237 448   1 -4  0 -9 
238 292   1 -3  0 -9 
239 293   1 -3  0 -9 
240 294   1 -3  0 -9 
241 295   1 -3  0 -9 
242 296   1 -3  0 -9 
243 297   1 -3  0 -9 
244 298   1 -3  0 -9 
245 299   1 -3  0 -9 
246 300   1 -3  0 -9 
247 301   1 -3  0 -9 
247 356  -1 -4  0 -9 
248 302   1 -3  0 -9 
248 357  -1 -4  0 -9 
249 303   1 -3  0 -9 
249 358  -1 -4  0 -9 
250 304   1 -3  0 -9 
250 359  -1 -4  0 -9 
251 305   1 -3  0 -9 
251 360  -1 -4  0 -9 
252 306   1 -3  0 -9 
252 361  -1 -4  0 -9 
253 307   1 -3  0 -9 
253 362  -1 -4  0 -9 
254 308   1 -3  0 -9 
254 363  -1 -4  0 -9 
255 309   1 -3  0 -9 
255 364  -1 -4  0 -9 
256 310   1 -3  0 -9 
256 377  -1 -4  0 -9 
257 311   1 -3  0 -9 
257 378  -1 -4  0 -9 
258 312   1 -3  0 -9 
258 379  -1 -4  0 -9 
259 313   1 -3  0 -9 
259 380  -1 -4  0 -9 
260 314   1 -3  0 -9 
260 381  -1 -4  0 -9 
261 315   1 -3  0 -9 
261 382  -1 -4  0 -9 
262 316   1 -3  0 -9 
262 412  -1 -4  0 -9 
263 317   1 -3  0 -9 
263 413  -1 -4  0 -9 
264 318   1 -3  0 -9 
264 414  -1 -4  0 -9 
265 319   1 -3  0 -9 
265 415  -1 -4  0 -9 
266 320   1 -3  0 -9 
266 416  -1 -4  0 -9 
267 321   1 -3  0 -9 
267 417  -1 -4  0 -9 
268 322   1 -3  0 -9 
268 418  -1 -4  0 -9 
269 323   1 -3  0 -9 
269 419  -1 -4  0 -9 
270 256  -1 -1  0 -9 
270 257  -1 -1  0 -9 
270 265  -1 -1  0 -9 
270 270   1  0  0 -9 
270 310   1 -2  0 -9 
270 311   1 -2  0 -9 
270 319   1 -2  0 -9 
270 324  -1 -1  0 -9 
270 377  -1 -3  0 -9 
270 378  -1 -3  0 -9 
270 415  -1 -3  0 -9 
270 430   1 -2  0 -9 
271 258  -1 -1  0 -9 
271 266  -1 -1  0 -9 
271 271   1  0  0 -9 
271 312   1 -2  0 -9 
271 320   1 -2  0 -9 
271 325  -1 -1  0 -9 
271 379  -1 -3  0 -9 
271 416  -1 -3  0 -9 
271 431   1 -2  0 -9 
272 259  -1 -1  0 -9 
272 267  -1 -1  0 -9 
272 272   1  0  0 -9 
272 313   1 -2  0 -9 
272 321   1 -2  0 -9 
272 326  -1 -1  0 -9 
272 380  -1 -3  0 -9 
272 417  -1 -3  0 -9 
272 432   1 -2  0 -9 
273 246  -1 -1  0 -9 
273 260  -1 -1  0 -9 
273 261  -1 -1  0 -9 
273 266  -1 -1  0 -9 
273 269  -1 -1  0 -9 
273 273   1  0  0 -9 
273 300   1 -2  0 -9 
273 314   1 -2  0 -9 
273 315   1 -2  0 -9 
273 320   1 -2  0 -9 
273 323   1 -2  0 -9 
273 327  -1 -1  0 -9 
273 381  -1 -3  0 -9 
273 382  -1 -3  0 -9 
273 416  -1 -3  0 -9 
273 419  -1 -3  0 -9 
273 433   1 -2  0 -9 
274 274   1  0  0 -9 
274 284  -1 -1  0 -9 
274 328  -1 -1  0 -9 
274 369   1 -2  0 -9 
274 383  -1 -3  0 -9 
274 424  -1 -3  0 -9 
274 434   1 -2  0 -9 
274 451   1 -4  0 -9 
275 275   1  0  0 -9 
275 285  -1 -1  0 -9 
275 329  -1 -1  0 -9 
275 370   1 -2  0 -9 
275 384  -1 -3  0 -9 
275 425  -1 -3  0 -9 
275 435   1 -2  0 -9 
275 452   1 -4  0 -9 
276 53   1 -2  0 -9 
276 128  -1 -3  0 -9 
276 220  -1 -1  0 -9 
276 257  -1 -1  0 -9 
276 268  -1 -1  0 -9 
276 276   1  0  0 -9 
276 286  -1 -1  0 -9 
276 311   1 -2  0 -9 
276 322   1 -2  0 -9 
276 330  -1 -1  0 -9 
276 371   1 -2  0 -9 
276 378  -1 -3  0 -9 
276 385  -1 -3  0 -9 
276 418  -1 -3  0 -9 
276 426  -1 -3  0 -9 
276 436   1 -2  0 -9 
276 453   1 -4  0 -9 
277 260  -1 -1  0 -9 
277 269  -1 -1  0 -9 
277 277   1  0  0 -9 
277 287  -1 -1  0 -9 
277 314   1 -2  0 -9 
277 323   1 -2  0 -9 
277 331  -1 -1  0 -9 
277 372   1 -2  0 -9 
277 381  -1 -3  0 -9 
277 386  -1 -3  0 -9 
277 419  -1 -3  0 -9 
277 427  -1 -3  0 -9 
277 437   1 -2  0 -9 
277 454   1 -4  0 -9 
278 278   1  0  0 -9 
278 288  -1 -1  0 -9 
278 332  -1 -1  0 -9 
278 363  -1 -3  0 -9 
278 373   1 -2  0 -9 
278 387  -1 -3  0 -9 
278 428  -1 -3  0 -9 
278 438   1 -2  0 -9 
278 455   1 -4  0 -9 
279 279   1  0  0 -9 
279 289  -1 -1  0 -9 
279 333  -1 -1  0 -9 
279 364  -1 -3  0 -9 
279 374   1 -2  0 -9 
279 388  -1 -3  0 -9 
279 429  -1 -3  0 -9 
279 439   1 -2  0 -9 
279 456   1 -4  0 -9 
280 134  -1 -4  0 -9 
280 357  -1 -4  0 -9 
280 365   1 -3  0 -9 
280 420  -1 -4  0 -9 
280 445   1 -5  0 -9 
281 135  -1 -4  0 -9 
281 358  -1 -4  0 -9 
281 366   1 -3  0 -9 
281 421  -1 -4  0 -9 
281 446   1 -5  0 -9 
282 136  -1 -4  0 -9 
282 359  -1 -4  0 -9 
282 367   1 -3  0 -9 
282 422  -1 -4  0 -9 
282 447   1 -5  0 -9 
283 137  -1 -4  0 -9 
283 368   1 -3  0 -9 
283 423  -1 -4  0 -9 
283 448   1 -5  0 -9 
284 369   1 -3  0 -9 
284 383  -1 -4  0 -9 
284 424  -1 -4  0 -9 
284 451   1 -5  0 -9 
285 370   1 -3  0 -9 
285 384  -1 -4  0 -9 
285 425  -1 -4  0 -9 
285 452   1 -5  0 -9 
286 371   1 -3  0 -9 
286 385  -1 -4  0 -9 
286 426  -1 -4  0 -9 
286 453   1 -5  0 -9 
287 372   1 -3  0 -9 
287 386  -1 -4  0 -9 
287 427  -1 -4  0 -9 
287 454   1 -5  0 -9 
288 363  -1 -4  0 -9 
288 373   1 -3  0 -9 
288 387  -1 -4  0 -9 
288 428  -1 -4  0 -9 
288 455   1 -5  0 -9 
289 364  -1 -4  0 -9 
289 374   1 -3  0 -9 
289 388  -1 -4  0 -9 
289 429  -1 -4  0 -9 
289 456   1 -5  0 -9 
290 286  -1 -1  0 -9 
290 290   1  0  0 -9 
290 371   1 -2  0 -9 
290 375  -1 -1  0 -9 
290 385  -1 -3  0 -9 
290 426  -1 -3  0 -9 
290 442   1 -2  0 -9 
290 453   1 -4  0 -9 
290 457  -1 -3  0 -9 
291 287  -1 -1  0 -9 
291 291   1  0  0 -9 
291 372   1 -2  0 -9 
291 376  -1 -1  0 -9 
291 386  -1 -3  0 -9 
291 427  -1 -3  0 -9 
291 443   1 -2  0 -9 
291 454   1 -4  0 -9 
291 458  -1 -3  0 -9 
292 238   1 -3  0 -9 
293 239   1 -3  0 -9 
294 240   1 -3  0 -9 
295 241   1 -3  0 -9 
296 242   1 -3  0 -9 
297 243   1 -3  0 -9 
298 244   1 -3  0 -9 
299 245   1 -3  0 -9 
300 246   1 -3  0 -9 
301 247   1 -3  0 -9 
301 356   1 -7  0 -9 
302 248   1 -3  0 -9 
302 357   1 -7  0 -9 
303 249   1 -3  0 -9 
303 358   1 -7  0 -9 
304 250   1 -3  0 -9 
304 359   1 -7  0 -9 
305 251   1 -3  0 -9 
305 360   1 -7  0 -9 
306 252   1 -3  0 -9 
306 361   1 -7  0 -9 
307 253   1 -3  0 -9 
307 362   1 -7  0 -9 
308 254   1 -3  0 -9 
308 363   1 -7  0 -9 
309 255   1 -3  0 -9 
309 364   1 -7  0 -9 
310 256   1 -3  0 -9 
310 360   1 -6  0 -9 
310 377  -1 -5  0 -9 
311 257   1 -3  0 -9 
311 361   1 -6  0 -9 
311 378  -1 -5  0 -9 
312 258   1 -3  0 -9 
312 362   1 -6  0 -9 
312 379  -1 -5  0 -9 
313 259   1 -3  0 -9 
313 363   1 -6  0 -9 
313 380  -1 -5  0 -9 
314 260   1 -3  0 -9 
314 364   1 -6  0 -9 
314 381  -1 -5  0 -9 
315 261   1 -3  0 -9 
315 362   1 -6  0 -9 
315 382  -1 -5  0 -9 
316 262   1 -3  0 -9 
316 356   1 -6  0 -9 
316 412  -1 -5  0 -9 
317 263   1 -3  0 -9 
317 357   1 -6  0 -9 
317 413  -1 -5  0 -9 
318 264   1 -3  0 -9 
318 358   1 -6  0 -9 
318 414  -1 -5  0 -9 
319 265   1 -3  0 -9 
319 360   1 -6  0 -9 
319 361   1 -6  0 -9 
319 415  -1 -5  0 -9 
320 266   1 -3  0 -9 
320 362   1 -6  0 -9 
320 416  -1 -5  0 -9 
321 267   1 -3  0 -9 
321 363   1 -6  0 -9 
321 417  -1 -5  0 -9 
322 268   1 -3  0 -9 
322 359   1 -6  0 -9 
322 361   1 -6  0 -9 
322 418  -1 -5  0 -9 
323 269   1 -3  0 -9 
323 364   1 -6  0 -9 
323 419  -1 -5  0 -9 
324 360   1 -5  0 -9 
324 361   1 -5  0 -9 
324 377  -1 -4  0 -9 
324 378  -1 -4  0 -9 
324 415  -1 -4  0 -9 
324 430   1 -3  0 -9 
325 362   1 -5  0 -9 
325 379  -1 -4  0 -9 
325 416  -1 -4  0 -9 
325 431   1 -3  0 -9 
326 363   1 -5  0 -9 
326 380  -1 -4  0 -9 
326 417  -1 -4  0 -9 
326 432   1 -3  0 -9 
327 362   1 -5  0 -9 
327 364   1 -5  0 -9 
327 381  -1 -4  0 -9 
327 382  -1 -4  0 -9 
327 416  -1 -4  0 -9 
327 419  -1 -4  0 -9 
327 433   1 -3  0 -9 
328 383  -1 -4  0 -9 
328 424  -1 -4  0 -9 
328 434   1 -3  0 -9 
328 451   1 -5  0 -9 
329 384  -1 -4  0 -9 
329 425  -1 -4  0 -9 
329 435   1 -3  0 -9 
329 452   1 -5  0 -9 
330 128  -1 -4  0 -9 
330 359   1 -5  0 -9 
330 361   1 -5  0 -9 
330 378  -1 -4  0 -9 
330 385  -1 -4  0 -9 
330 418  -1 -4  0 -9 
330 426  -1 -4  0 -9 
330 436   1 -3  0 -9 
330 453   1 -5  0 -9 
331 364   1 -5  0 -9 
331 381  -1 -4  0 -9 
331 386  -1 -4  0 -9 
331 419  -1 -4  0 -9 
331 427  -1 -4  0 -9 
331 437   1 -3  0 -9 
331 454   1 -5  0 -9 
332 387  -1 -4  0 -9 
332 428  -1 -4  0 -9 
332 438   1 -3  0 -9 
332 455   1 -5  0 -9 
333 388  -1 -4  0 -9 
333 429  -1 -4  0 -9 
333 439   1 -3  0 -9 
333 456   1 -5  0 -9 
334 251  -1 -1  0 -9 
334 256   1 -2  0 -9 
334 305   1 -2  0 -9 
334 310  -1 -1  0 -9 
334 334   1  0  0 -9 
334 360  -1 -3  0 -9 
334 377   1 -2  0 -9 
335 241  -1 -1  0 -9 
335 243   1 -2  0 -9 
335 252  -1 -1  0 -9 
335 257   1 -2  0 -9 
335 295   1 -2  0 -9 
335 297  -1 -1  0 -9 
335 306   1 -2  0 -9 
335 311  -1 -1  0 -9 
335 335   1  0  0 -9 
335 361  -1 -3  0 -9 
335 378   1 -2  0 -9 
336 239  -1 -1  0 -9 
336 242  -1 -1  0 -9 
336 244   1 -2  0 -9 
336 253  -1 -1  0 -9 
336 258   1 -2  0 -9 
336 293   1 -2  0 -9 
336 296   1 -2  0 -9 
336 298  -1 -1  0 -9 
336 307   1 -2  0 -9 
336 312  -1 -1  0 -9 
336 336   1  0  0 -9 
336 362  -1 -3  0 -9 
336 379   1 -2  0 -9 
337 245   1 -2  0 -9 
337 254  -1 -1  0 -9 
337 259   1 -2  0 -9 
337 299  -1 -1  0 -9 
337 308   1 -2  0 -9 
337 313  -1 -1  0 -9 
337 337   1  0  0 -9 
337 363  -1 -3  0 -9 
337 380   1 -2  0 -9 
338 242  -1 -1  0 -9 
338 246   1 -2  0 -9 
338 255  -1 -1  0 -9 
338 260   1 -2  0 -9 
338 296   1 -2  0 -9 
338 300  -1 -1  0 -9 
338 309   1 -2  0 -9 
338 314  -1 -1  0 -9 
338 338   1  0  0 -9 
338 364  -1 -3  0 -9 
338 381   1 -2  0 -9 
339 253  -1 -1  0 -9 
339 261   1 -2  0 -9 
339 307   1 -2  0 -9 
339 315  -1 -1  0 -9 
339 339   1  0  0 -9 
339 362  -1 -3  0 -9 
339 382   1 -2  0 -9 
340 258  -1 -1  0 -9 
340 259   1 -2  0 -9 
340 312   1 -2  0 -9 
340 313  -1 -1  0 -9 
340 340   1  0  0 -9 
340 362  -1 -4  0 -9 
340 363   1 -5  0 -9 
340 380  -1 -4  0 -9 
340 382   1 -3  0 -9 
341 265  -1 -1  0 -9 
341 319   1 -2  0 -9 
341 324  -1 -1  0 -9 
341 341   1  0  0 -9 
341 415  -1 -3  0 -9 
341 430   1 -2  0 -9 
342 266  -1 -1  0 -9 
342 320   1 -2  0 -9 
342 325  -1 -1  0 -9 
342 342   1  0  0 -9 
342 416  -1 -3  0 -9 
342 431   1 -2  0 -9 
343 267  -1 -1  0 -9 
343 321   1 -2  0 -9 
343 326  -1 -1  0 -9 
343 343   1  0  0 -9 
343 417  -1 -3  0 -9 
343 432   1 -2  0 -9 
344 266  -1 -1  0 -9 
344 269  -1 -1  0 -9 
344 320   1 -2  0 -9 
344 323   1 -2  0 -9 
344 327  -1 -1  0 -9 
344 344   1  0  0 -9 
344 416  -1 -3  0 -9 
344 419  -1 -3  0 -9 
344 433   1 -2  0 -9 
345 275   1  1  0 -9 
345 285  -1  0  0 -9 
345 329  -1  0  0 -9 
345 332   1  1  0 -9 
345 345  -1  2  0 -9 
345 353   1  1  0 -9 
345 370   1 -1  0 -9 
345 387  -1 -3  0 -9 
345 389  -1  0  0 -9 
345 428  -1 -3  0 -9 
345 438   1 -2  0 -9 
345 455   1 -4  0 -9 
346 258  -1  0  0 -9 
346 260  -1  0  1 -2  0 -9 
346 266  -1  0  0 -9 
346 269  -1  0  0 -9 
346 271   1  1  0 -9 
346 277   1  1  0 -9 
346 287  -1  0  0 -9 
346 312   1 -1  0 -9 
346 313  -1  0  0 -9 
346 314   1  1  0 -9 
346 320   1 -1  0 -9 
346 323   1 -1  0 -9 
346 325  -1  0  0 -9 
346 326   1  1  0 -9 
346 327  -1  0  0 -9 
346 331  -1  0  0 -9 
346 333   1  1  0 -9 
346 340   1  1  0 -9 
346 344   1  1  0 -9 
346 346  -1  2  0 -9 
346 354   1  1  0 -9 
346 362  -1 -3  0 -9 
346 363   1 -4  0 -9 
346 364  -1 -3  1 -5  0 -9 
346 372   1 -1  0 -9 
346 380  -1 -3  0 -9 
346 381   1 -2 -1 -4  0 -9 
346 382   1 -2  0 -9 
346 388  -1 -3  0 -9 
346 390  -1  0  0 -9 
346 417  -1 -3  0 -9 
346 429  -1 -3  0 -9 
346 432   1 -2  0 -9 
346 439   1 -2  0 -9 
346 456   1 -4  0 -9 
347 252  -1 -1  0 -9 
347 257   1 -2  0 -9 
347 284  -1 -1  0 -9 
347 306   1 -2  0 -9 
347 311  -1 -1  0 -9 
347 328  -1 -1  0 -9 
347 347   1  0  0 -9 
347 361  -1 -3  0 -9 
347 369   1 -2  0 -9 
347 378   1 -2  0 -9 
347 383  -1 -1 -1 -3 -1 -5  0 -9 
347 424  -1 -3  0 -9 
347 434   1 -2  0 -9 
347 451   1 -4  1 -6  0 -9 
348 253  -1 -1  0 -9 
348 258   1 -2  0 -9 
348 285  -1 -1  0 -9 
348 307   1 -2  0 -9 
348 312  -1 -1  0 -9 
348 329  -1 -1  0 -9 
348 348   1  0  0 -9 
348 362  -1 -3  0 -9 
348 370   1 -2  0 -9 
348 379   1 -2  0 -9 
348 384  -1 -1 -1 -3 -1 -5  0 -9 
348 425  -1 -3  0 -9 
348 435   1 -2  0 -9 
348 452   1 -4  1 -6  0 -9 
349 268  -1 -1  0 -9 
349 286  -1 -1  0 -9 
349 322   1 -2  0 -9 
349 330  -1 -1  0 -9 
349 349   1  0  0 -9 
349 371   1 -2  0 -9 
349 385  -1 -1 -1 -3 -1 -5  0 -9 
349 418  -1 -3  0 -9 
349 426  -1 -3  0 -9 
349 436   1 -2  0 -9 
349 453   1 -4  1 -6  0 -9 
350 269  -1 -1  0 -9 
350 287  -1 -1  0 -9 
350 323   1 -2  0 -9 
350 331  -1 -1  0 -9 
350 350   1  0  0 -9 
350 372   1 -2  0 -9 
350 386  -1 -1 -1 -3 -1 -5  0 -9 
350 419  -1 -3  0 -9 
350 427  -1 -3  0 -9 
350 437   1 -2  0 -9 
350 454   1 -4  1 -6  0 -9 
351 259   1 -2  0 -9 
351 288  -1 -1  0 -9 
351 313  -1 -1  0 -9 
351 332  -1 -1  0 -9 
351 351   1  0  0 -9 
351 363  -1 -3  0 -9 
351 373   1 -2  0 -9 
351 380   1 -2  0 -9 
351 387  -1 -1 -1 -3 -1 -5  0 -9 
351 428  -1 -3  0 -9 
351 438   1 -2  0 -9 
351 455   1 -4  1 -6  0 -9 
352 260   1 -2  0 -9 
352 289  -1 -1  0 -9 
352 314  -1 -1  0 -9 
352 333  -1 -1  0 -9 
352 352   1  0  0 -9 
352 364  -1 -3  0 -9 
352 374   1 -2  0 -9 
352 381   1 -2  0 -9 
352 388  -1 -1 -1 -3 -1 -5  0 -9 
352 429  -1 -3  0 -9 
352 439   1 -2  0 -9 
352 456   1 -4  1 -6  0 -9 
353 285  -1 -1  0 -9 
353 353   1  0  0 -9 
353 370   1 -2  0 -9 
353 387  -1 -4  0 -9 
353 389  -1 -1  0 -9 
353 425  -1 -3  0 -9 
353 440   1 -2  0 -9 
353 455   1 -5  0 -9 
354 287  -1 -1  0 -9 
354 354   1  0  0 -9 
354 372   1 -2  0 -9 
354 388  -1 -4  0 -9 
354 390  -1 -1  0 -9 
354 427  -1 -3  0 -9 
354 441   1 -2  0 -9 
354 456   1 -5  0 -9 
355 287  -1  0  0 -9 
355 291   1  1  0 -9 
355 333   1  1  0 -9 
355 354   1  1  0 -9 
355 355  -1  2  0 -9 
355 372   1 -1  0 -9 
355 376  -1  0  0 -9 
355 388  -1 -3  0 -9 
355 390  -1  0  0 -9 
355 391   1  1  0 -9 
355 429  -1 -3  0 -9 
355 439   1 -2  0 -9 
355 444   1 -2  0 -9 
355 456   1 -4  0 -9 
355 459  -1 -3  0 -9 
356 356   1 -8  0 -9 
357 357   1 -8  0 -9 
358 358   1 -8  0 -9 
359 359   1 -8  0 -9 
360 360   1 -8  0 -9 
361 361   1 -8  0 -9 
362 362   1 -8  0 -9 
363 363   1 -8  0 -9 
364 364   1 -8  0 -9 
365 134  -1 -5  0 -9 
365 280   1 -3  0 -9 
365 357   1 -7  0 -9 
365 420  -1 -5  0 -9 
365 445   1 -6  0 -9 
366 135  -1 -5  0 -9 
366 281   1 -3  0 -9 
366 358   1 -7  0 -9 
366 421  -1 -5  0 -9 
366 446   1 -6  0 -9 
367 136  -1 -5  0 -9 
367 282   1 -3  0 -9 
367 359   1 -7  0 -9 
367 422  -1 -5  0 -9 
367 447   1 -6  0 -9 
368 137  -1 -5  0 -9 
368 283   1 -3  0 -9 
368 359   1 -6  0 -9 
368 423  -1 -5  0 -9 
368 448   1 -6  0 -9 
369 284   1 -3  0 -9 
369 383  -1 -5  0 -9 
369 424  -1 -5  0 -9 
369 451   1 -6  0 -9 
370 285   1 -3  0 -9 
370 384  -1 -5  0 -9 
370 425  -1 -5  0 -9 
370 452   1 -6  0 -9 
371 286   1 -3  0 -9 
371 385  -1 -5  0 -9 
371 426  -1 -5  0 -9 
371 453   1 -6  0 -9 
372 287   1 -3  0 -9 
372 386  -1 -5  0 -9 
372 427  -1 -5  0 -9 
372 454   1 -6  0 -9 
373 288   1 -3  0 -9 
373 363   1 -7  0 -9 
373 387  -1 -5  0 -9 
373 428  -1 -5  0 -9 
373 455   1 -6  0 -9 
374 289   1 -3  0 -9 
374 364   1 -7  0 -9 
374 388  -1 -5  0 -9 
374 429  -1 -5  0 -9 
374 456   1 -6  0 -9 
375 385  -1 -4  0 -9 
375 426  -1 -4  0 -9 
375 442   1 -3  0 -9 
375 453   1 -5  0 -9 
375 457  -1 -4  0 -9 
376 386  -1 -4  0 -9 
376 427  -1 -4  0 -9 
376 443   1 -3  0 -9 
376 454   1 -5  0 -9 
376 458  -1 -4  0 -9 
377 360   1 -7  0 -9 
377 377  -1 -6  0 -9 
378 361   1 -7  0 -9 
378 378  -1 -6  0 -9 
379 362   1 -7  0 -9 
379 379  -1 -6  0 -9 
380 363   1 -7  0 -9 
380 380  -1 -6  0 -9 
381 364   1 -7  0 -9 
381 381  -1 -6  0 -9 
382 362   1 -7  0 -9 
382 382  -1 -6  0 -9 
383 383  -1 -6  0 -9 
383 451   1 -7  0 -9 
384 384  -1 -6  0 -9 
384 452   1 -7  0 -9 
385 385  -1 -6  0 -9 
385 453   1 -7  0 -9 
386 386  -1 -6  0 -9 
386 454   1 -7  0 -9 
387 387  -1 -6  0 -9 
387 455   1 -7  0 -9 
388 388  -1 -6  0 -9 
388 456   1 -7  0 -9 
389 387  -1 -5  0 -9 
389 425  -1 -4  0 -9 
389 440   1 -3  0 -9 
389 455   1 -6  0 -9 
390 388  -1 -5  0 -9 
390 427  -1 -4  0 -9 
390 441   1 -3  0 -9 
390 456   1 -6  0 -9 
391 444   1 -3  0 -9 
391 459  -1 -4  0 -9 
392 59   1 -3  0 -9 
392 125  -1 -5  0 -9 
392 356   1 -6  0 -9 
392 412  -1 -5  0 -9 
393 60   1 -3  0 -9 
393 126  -1 -5  0 -9 
393 357   1 -6  0 -9 
393 413  -1 -5  0 -9 
394 61   1 -3  0 -9 
394 127  -1 -5  0 -9 
394 358   1 -6  0 -9 
394 414  -1 -5  0 -9 
395 62   1 -3  0 -9 
395 129  -1 -5  0 -9 
395 130  -1 -5  0 -9 
395 360   1 -6  0 -9 
395 361   1 -6  0 -9 
395 415  -1 -5  0 -9 
396 63   1 -3  0 -9 
396 131  -1 -5  0 -9 
396 362   1 -6  0 -9 
396 416  -1 -5  0 -9 
397 64   1 -3  0 -9 
397 132  -1 -5  0 -9 
397 363   1 -6  0 -9 
397 417  -1 -5  0 -9 
398 65   1 -3  0 -9 
398 128  -1 -5  0 -9 
398 130  -1 -5  0 -9 
398 359   1 -6  0 -9 
398 361   1 -6  0 -9 
398 418  -1 -5  0 -9 
399 66   1 -3  0 -9 
399 133  -1 -5  0 -9 
399 364   1 -6  0 -9 
399 419  -1 -5  0 -9 
400 67   1 -3  0 -9 
400 134  -1 -5  0 -9 
400 420  -1 -5  0 -9 
400 445   1 -6  0 -9 
401 68   1 -3  0 -9 
401 135  -1 -5  0 -9 
401 421  -1 -5  0 -9 
401 446   1 -6  0 -9 
402 69   1 -3  0 -9 
402 136  -1 -5  0 -9 
402 422  -1 -5  0 -9 
402 447   1 -6  0 -9 
403 70   1 -3  0 -9 
403 128  -1 -5  0 -9 
403 137  -1 -5  0 -9 
403 359   1 -6  0 -9 
403 423  -1 -5  0 -9 
403 448   1 -6  0 -9 
404 134  -1 -4  0 -9 
404 138   1 -3  0 -9 
404 424  -1 -5  0 -9 
404 451   1 -6  0 -9 
405 135  -1 -4  0 -9 
405 139   1 -3  0 -9 
405 425  -1 -5  0 -9 
405 452   1 -6  0 -9 
406 136  -1 -4  0 -9 
406 140   1 -3  0 -9 
406 426  -1 -5  0 -9 
406 453   1 -6  0 -9 
407 137  -1 -4  0 -9 
407 141   1 -3  0 -9 
407 427  -1 -5  0 -9 
407 454   1 -6  0 -9 
408 132  -1 -4  0 -9 
408 134  -1 -4  0 -9 
408 142   1 -3  0 -9 
408 428  -1 -5  0 -9 
408 455   1 -6  0 -9 
409 133  -1 -4  0 -9 
409 136  -1 -4  0 -9 
409 143   1 -3  0 -9 
409 429  -1 -5  0 -9 
409 456   1 -6  0 -9 
410 144   1 -3  0 -9 
410 449  -1 -5  0 -9 
410 457   1 -6  0 -9 
411 137  -1 -5  0 -9 
411 145   1 -3  0 -9 
411 448   1 -6  0 -9 
411 450  -1 -5  0 -9 
411 458   1 -6  0 -9 
412 356   1 -7  0 -9 
412 412  -1 -6  0 -9 
413 357   1 -7  0 -9 
413 413  -1 -6  0 -9 
414 358   1 -7  0 -9 
414 414  -1 -6  0 -9 
415 360   1 -7  0 -9 
415 361   1 -7  0 -9 
415 415  -1 -6  0 -9 
416 362   1 -7  0 -9 
416 416  -1 -6  0 -9 
417 363   1 -7  0 -9 
417 417  -1 -6  0 -9 
418 359   1 -7  0 -9 
418 361   1 -7  0 -9 
418 418  -1 -6  0 -9 
419 364   1 -7  0 -9 
419 419  -1 -6  0 -9 
420 420  -1 -6  0 -9 
420 445   1 -7  0 -9 
421 421  -1 -6  0 -9 
421 446   1 -7  0 -9 
422 422  -1 -6  0 -9 
422 447   1 -7  0 -9 
423 359   1 -7  0 -9 
423 423  -1 -6  0 -9 
423 448   1 -7  0 -9 
424 424  -1 -6  0 -9 
424 451   1 -7  0 -9 
425 425  -1 -6  0 -9 
425 452   1 -7  0 -9 
426 426  -1 -6  0 -9 
426 453   1 -7  0 -9 
427 427  -1 -6  0 -9 
427 454   1 -7  0 -9 
428 428  -1 -6  0 -9 
428 455   1 -7  0 -9 
429 429  -1 -6  0 -9 
429 456   1 -7  0 -9 
430 324   1 -3  0 -9 
430 360   1 -6  0 -9 
430 361   1 -6  0 -9 
430 377  -1 -5  0 -9 
430 378  -1 -5  0 -9 
430 415  -1 -5  0 -9 
431 325   1 -3  0 -9 
431 362   1 -6  0 -9 
431 379  -1 -5  0 -9 
431 416  -1 -5  0 -9 
432 326   1 -3  0 -9 
432 363   1 -6  0 -9 
432 380  -1 -5  0 -9 
432 417  -1 -5  0 -9 
433 327   1 -3  0 -9 
433 362   1 -6  0 -9 
433 364   1 -6  0 -9 
433 381  -1 -5  0 -9 
433 382  -1 -5  0 -9 
433 416  -1 -5  0 -9 
433 419  -1 -5  0 -9 
434 328   1 -3  0 -9 
434 383  -1 -5  0 -9 
434 424  -1 -5  0 -9 
434 451   1 -6  0 -9 
435 329   1 -3  0 -9 
435 384  -1 -5  0 -9 
435 425  -1 -5  0 -9 
435 452   1 -6  0 -9 
436 128  -1 -5  0 -9 
436 330   1 -3  0 -9 
436 359   1 -6  0 -9 
436 361   1 -6  0 -9 
436 378  -1 -5  0 -9 
436 385  -1 -5  0 -9 
436 418  -1 -5  0 -9 
436 426  -1 -5  0 -9 
436 453   1 -6  0 -9 
437 331   1 -3  0 -9 
437 364   1 -6  0 -9 
437 381  -1 -5  0 -9 
437 386  -1 -5  0 -9 
437 419  -1 -5  0 -9 
437 427  -1 -5  0 -9 
437 454   1 -6  0 -9 
438 332   1 -3  0 -9 
438 387  -1 -5  0 -9 
438 428  -1 -5  0 -9 
438 455   1 -6  0 -9 
439 333   1 -3  0 -9 
439 388  -1 -5  0 -9 
439 429  -1 -5  0 -9 
439 456   1 -6  0 -9 
440 387  -1 -4  0 -9 
440 389   1 -3  0 -9 
440 425  -1 -5  0 -9 
440 452   1 -6  0 -9 
441 388  -1 -4  0 -9 
441 390   1 -3  0 -9 
441 427  -1 -5  0 -9 
441 454   1 -6  0 -9 
442 375   1 -3  0 -9 
442 385  -1 -5  0 -9 
442 426  -1 -5  0 -9 
442 453   1 -6  0 -9 
442 457   1 -7  0 -9 
443 376   1 -3  0 -9 
443 386  -1 -5  0 -9 
443 427  -1 -5  0 -9 
443 454   1 -6  0 -9 
443 458   1 -7  0 -9 
444 391   1 -3  0 -9 
444 458   1 -6  0 -9 
444 459  -1 -5  0 -9 
445 445   1 -8  0 -9 
446 446   1 -8  0 -9 
447 447   1 -8  0 -9 
448 448   1 -8  0 -9 
449 449  -1 -6  0 -9 
449 457   1 -7  0 -9 
450 448   1 -7  0 -9 
450 450  -1 -6  0 -9 
450 458   1 -7  0 -9 
451 451   1 -8  0 -9 
452 452   1 -8  0 -9 
453 453   1 -8  0 -9 
454 454   1 -8  0 -9 
455 455   1 -8  0 -9 
456 456   1 -8  0 -9 
457 457   1 -8  0 -9 
458 458   1 -8  0 -9 
459 458   1 -7  0 -9 
459 459  -1 -6  0 -9 
9999 9999
