 0  0   1 -8  0 -9 
 1  0   1 -7  0 -9 
 1  1  -1 -6  0 -9 
 2  2   1 -8  0 -9 
 3  2   1 -7  0 -9 
 3  3  -1 -6  0 -9 
 4  0   1 -6  0 -9 
 4  1  -1 -5  0 -9 
 4  3  -1 -4  0 -9 
 4  5   1 -3  0 -9 
 5  1  -1 -4  0 -9 
 5  2   1 -6  0 -9 
 5  3  -1 -5  0 -9 
 5  4   1 -3  0 -9 
 6  6   1 -8  0 -9 
 7  0   1 -7  0 -9 
 7  6   1 -7  0 -9 
 7  7  -1 -6  0 -9 
 8  6   1 -7  0 -9 
 8  8  -1 -6  0 -9 
 9  0   1 -6  0 -9 
 9  1  -1 -5  0 -9 
 9  6   1 -6  0 -9 
 9  7  -1 -5  0 -9 
 9  8  -1 -5  0 -9 
 9 10   1 -3  0 -9 
10  0   1 -5  0 -9 
10  1  -1 -4  0 -9 
10  6   1 -5  0 -9 
10  7  -1 -4  0 -9 
10  8  -1 -4  0 -9 
10  9   1 -3  0 -9 
11  0   1 -5  0 -9 
11  1  -1 -4  0 -9 
11  2  -1 -4  0 -9 
11  6   1 -5  0 -9 
11  7  -1 -4  0 -9 
11  8  -1 -4  0 -9 
11 12   1 -3  0 -9 
12  0   1 -6  0 -9 
12  1  -1 -5  0 -9 
12  2   1 -7  0 -9 
12  6   1 -6  0 -9 
12  7  -1 -5  0 -9 
12  8  -1 -5  0 -9 
12 11   1 -3  0 -9 
13  0   1 -4  0 -9 
13  1  -1 -3  0 -9 
13  2  -1 -3  0 -9 
13  6   1 -4  0 -9 
13  7  -1 -3  0 -9 
13  8  -1 -3  0 -9 
13  9   1 -2  0 -9 
13 10  -1 -1  0 -9 
13 11  -1 -1  0 -9 
13 12   1 -2  0 -9 
13 13   1  0  0 -9 
14  8  -1 -4  0 -9 
14 15   1 -3  0 -9 
15  6   1 -6  0 -9 
15  8  -1 -5  0 -9 
15 14   1 -3  0 -9 
16 16   1 -8  0 -9 
17  0   1 -7  0 -9 
17 16   1 -7  0 -9 
17 17  -1 -6  0 -9 
18  0   1 -5  0 -9 
18  1  -1 -4  0 -9 
18 17  -1 -4  0 -9 
18 19   1 -3  0 -9 
19  0   1 -6  0 -9 
19  1  -1 -5  0 -9 
19 16   1 -6  0 -9 
19 17  -1 -5  0 -9 
19 18   1 -3  0 -9 
20 20   1 -8  0 -9 
21 20   1 -7  0 -9 
21 21  -1 -6  0 -9 
22  0   1 -6  0 -9 
22  1  -1 -5  0 -9 
22 21  -1 -4  0 -9 
22 23   1 -3  0 -9 
23  1  -1 -4  0 -9 
23 20   1 -6  0 -9 
23 21  -1 -5  0 -9 
23 22   1 -3  0 -9 
24 16   1 -7  0 -9 
24 24  -1 -6  0 -9 
25  1  -1 -3  0 -9 
25 16  -1 -4  0 -9 
25 18  -1 -1  0 -9 
25 19   1 -2  0 -9 
25 20   1 -5  0 -9 
25 21  -1 -4  0 -9 
25 22   1 -2  0 -9 
25 23  -1 -1  0 -9 
25 24   1 -3  0 -9 
25 25   1  0  0 -9 
26 26   1 -8  0 -9 
27 26   1 -7  0 -9 
27 27  -1 -6  0 -9 
28 26   1 -7  0 -9 
28 28  -1 -6  0 -9 
29 26   1 -6  0 -9 
29 27  -1 -5  0 -9 
29 28  -1 -5  0 -9 
29 30   1 -3  0 -9 
30 26   1 -5  0 -9 
30 27  -1 -4  0 -9 
30 28  -1 -4  0 -9 
30 29   1 -3  0 -9 
31 16  -1 -4  0 -9 
31 26   1 -5  0 -9 
31 27  -1 -4  0 -9 
31 28  -1 -4  0 -9 
31 32   1 -3  0 -9 
32 16   1 -7  0 -9 
32 26   1 -6  0 -9 
32 27  -1 -5  0 -9 
32 28  -1 -5  0 -9 
32 31   1 -3  0 -9 
33 16  -1 -3  0 -9 
33 26   1 -4  0 -9 
33 27  -1 -3  0 -9 
33 28  -1 -3  0 -9 
33 29   1 -2  0 -9 
33 30  -1 -1  0 -9 
33 31  -1 -1  0 -9 
33 32   1 -2  0 -9 
33 33   1  0  0 -9 
34 34   1 -8  0 -9 
35 34   1 -7  0 -9 
35 35  -1 -6  0 -9 
36 34   1 -7  0 -9 
36 36  -1 -6  0 -9 
37 34   1 -6  0 -9 
37 35  -1 -5  0 -9 
37 36  -1 -5  0 -9 
37 38   1 -3  0 -9 
38 34   1 -5  0 -9 
38 35  -1 -4  0 -9 
38 36  -1 -4  0 -9 
38 37   1 -3  0 -9 
39 24  -1 -4  0 -9 
39 26   1 -6  0 -9 
39 28  -1 -5  0 -9 
39 35  -1 -4  0 -9 
39 40   1 -3  0 -9 
40 16   1 -6  0 -9 
40 24  -1 -5  0 -9 
40 28  -1 -4  0 -9 
40 34   1 -6  0 -9 
40 35  -1 -5  0 -9 
40 39   1 -3  0 -9 
41 16  -1 -3  0 -9 
41 24   1 -2  0 -9 
41 28  -1 -3  0 -9 
41 31  -1 -1  0 -9 
41 32   1 -2  0 -9 
41 34   1 -5  0 -9 
41 35  -1 -4  0 -9 
41 39   1 -2  0 -9 
41 40  -1 -1  0 -9 
41 41   1  0  0 -9 
42 16  -1 -2  0 -9 
42 24   1 -1  0 -9 
42 30  -1  0  0 -9 
42 31  -1  0  0 -9 
42 32   1 -1  0 -9 
42 33   1  1  0 -9 
42 34   1 -4  0 -9 
42 35  -1 -3  0 -9 
42 36  -1 -3  0 -9 
42 37   1 -2  0 -9 
42 38   1  1  0 -9 
42 40  -1  0  0 -9 
42 41   1  1  0 -9 
42 42  -1  2  0 -9 
43 43   1 -8  0 -9 
44  0   1 -5  0 -9 
44  1  -1 -4  0 -9 
44  6   1 -5  0 -9 
44  7  -1 -4  0 -9 
44  8  -1 -4  0 -9 
44 20  -1 -4  0 -9 
44 34   1 -5  0 -9 
44 35  -1 -4  0 -9 
44 36  -1 -4  0 -9 
44 43  -1 -4  0 -9 
44 45   1 -3  0 -9 
45  0   1 -6  0 -9 
45  1  -1 -5  0 -9 
45  6   1 -6  0 -9 
45  7  -1 -5  0 -9 
45  8  -1 -5  0 -9 
45 20   1 -7  0 -9 
45 34   1 -6  0 -9 
45 35  -1 -5  0 -9 
45 36  -1 -5  0 -9 
45 43   1 -7  0 -9 
45 44   1 -3  0 -9 
46  0   1 -4  0 -9 
46  1  -1 -3  0 -9 
46  6   1 -4  0 -9 
46  7  -1 -3  0 -9 
46  8  -1 -3  0 -9 
46  9   1 -2  0 -9 
46 10  -1 -1  0 -9 
46 20  -1 -3  0 -9 
46 34   1 -4  0 -9 
46 35  -1 -3  0 -9 
46 36  -1 -3  0 -9 
46 37   1 -2  0 -9 
46 38  -1 -1  0 -9 
46 43  -1 -3  0 -9 
46 44  -1 -1  0 -9 
46 45   1 -2  0 -9 
46 46   1  0  0 -9 
47 43   1 -7  0 -9 
47 47  -1 -6  0 -9 
48  6   1 -6  0 -9 
48  8  -1 -5  0 -9 
48 47  -1 -4  0 -9 
48 49   1 -3  0 -9 
49  8  -1 -4  0 -9 
49 43   1 -6  0 -9 
49 47  -1 -5  0 -9 
49 48   1 -3  0 -9 
50  1  -1 -3  0 -9 
50  8  -1 -3  0 -9 
50 20  -1 -3  0 -9 
50 21   1 -2  0 -9 
50 22   1 -2  0 -9 
50 23  -1 -1  0 -9 
50 34   1 -4  1 -6  0 -9 
50 35  -1 -1 -1 -3 -1 -5  0 -9 
50 36  -1 -3  0 -9 
50 37   1 -2  0 -9 
50 38  -1 -1  0 -9 
50 43  -1 -3  0 -9 
50 44  -1 -1  0 -9 
50 45   1 -2  0 -9 
50 47   1 -2  0 -9 
50 48   1 -2  0 -9 
50 49  -1 -1  0 -9 
50 50   1  0  0 -9 
51 10  -1  0  0 -9 
51 20  -1 -2  0 -9 
51 21   1 -1  0 -9 
51 23  -1  0  0 -9 
51 34   1 -3  0 -9 
51 35  -1  0 -1 -2  0 -9 
51 36  -1 -2  0 -9 
51 37   1 -1  0 -9 
51 38  -1  0  0 -9 
51 43  -1 -2  0 -9 
51 44  -1  0  0 -9 
51 45   1 -1  0 -9 
51 46   1  1  0 -9 
51 47   1 -1  0 -9 
51 49  -1  0  0 -9 
51 50   1  1  0 -9 
51 51  -1  2  0 -9 
52 43   1 -7  0 -9 
52 52  -1 -6  0 -9 
53 52  -1 -4  0 -9 
53 54   1 -3  0 -9 
54 43   1 -6  0 -9 
54 52  -1 -5  0 -9 
54 53   1 -3  0 -9 
55 43   1 -6  0 -9 
55 47  -1 -5  0 -9 
55 52  -1 -5  0 -9 
55 56   1 -3  0 -9 
56 43   1 -5  0 -9 
56 47  -1 -4  0 -9 
56 52  -1 -4  0 -9 
56 55   1 -3  0 -9 
57 52  -1 -3  0 -9 
57 53  -1 -1  0 -9 
57 54   1 -2  0 -9 
57 55   1 -2  0 -9 
57 56  -1 -1  0 -9 
57 57   1  0  0 -9 
58  6   1 -5  0 -9 
58  8   1 -2 -1 -4  0 -9 
58 14   1 -2  0 -9 
58 15  -1 -1  0 -9 
58 47  -1 -3  0 -9 
58 48  -1 -1  0 -9 
58 49   1 -2  0 -9 
58 52  -1 -3  0 -9 
58 53  -1 -1  0 -9 
58 54   1 -2  0 -9 
58 55   1 -2  0 -9 
58 56  -1 -1  0 -9 
58 58   1  0  0 -9 
59  8   1 -1  0 -9 
59 15  -1  0  0 -9 
59 48  -1  0  0 -9 
59 52  -1 -2  0 -9 
59 53  -1  0  0 -9 
59 54   1 -1  0 -9 
59 55   1 -1  0 -9 
59 56  -1  0  0 -9 
59 57   1  1  0 -9 
59 58   1  1  0 -9 
59 59  -1  2  0 -9 
60 60   1 -8  0 -9 
61 60   1 -7  0 -9 
61 61  -1 -6  0 -9 
62 62   1 -8  0 -9 
63 62   1 -7  0 -9 
63 63  -1 -6  0 -9 
64 60   1 -6  0 -9 
64 61  -1 -5  0 -9 
64 63  -1 -4  0 -9 
64 65   1 -3  0 -9 
65 61  -1 -4  0 -9 
65 62   1 -6  0 -9 
65 63  -1 -5  0 -9 
65 64   1 -3  0 -9 
66 66   1 -8  0 -9 
67 60   1 -7  0 -9 
67 66   1 -7  0 -9 
67 67  -1 -6  0 -9 
68 60   1 -5  0 -9 
68 61  -1 -4  0 -9 
68 67  -1 -4  0 -9 
68 69   1 -3  0 -9 
69 60   1 -6  0 -9 
69 61  -1 -5  0 -9 
69 66   1 -6  0 -9 
69 67  -1 -5  0 -9 
69 68   1 -3  0 -9 
70 70   1 -8  0 -9 
71  0   1 -7  0 -9 
71 70   1 -7  0 -9 
71 71  -1 -6  0 -9 
72  0   1 -5  0 -9 
72  1  -1 -4  0 -9 
72 71  -1 -4  0 -9 
72 73   1 -3  0 -9 
73  0   1 -6  0 -9 
73  1  -1 -5  0 -9 
73 70   1 -6  0 -9 
73 71  -1 -5  0 -9 
73 72   1 -3  0 -9 
74  2   1 -7  0 -9 
74 66   1 -7  0 -9 
74 74  -1 -6  0 -9 
75  0   1 -5  0 -9 
75  1   1 -2 -1 -4  0 -9 
75  2  -1 -4  0 -9 
75  4  -1 -1  0 -9 
75  5   1 -2  0 -9 
75 61  -1 -3  0 -9 
75 62   1 -5  0 -9 
75 63  -1 -4  0 -9 
75 64   1 -2  0 -9 
75 65  -1 -1  0 -9 
75 66  -1 -4  0 -9 
75 68  -1 -1  0 -9 
75 69   1 -2  0 -9 
75 70   1 -5  0 -9 
75 71  -1 -4  0 -9 
75 72   1 -2  0 -9 
75 73  -1 -1  0 -9 
75 74   1 -3  0 -9 
75 75   1  0  0 -9 
76 76   1 -8  0 -9 
77 76   1 -7  0 -9 
77 77  -1 -6  0 -9 
78 76   1 -7  0 -9 
78 78  -1 -6  0 -9 
79 76   1 -6  0 -9 
79 77  -1 -5  0 -9 
79 78  -1 -5  0 -9 
79 80   1 -3  0 -9 
80 76   1 -5  0 -9 
80 77  -1 -4  0 -9 
80 78  -1 -4  0 -9 
80 79   1 -3  0 -9 
81 66  -1 -4  0 -9 
81 76   1 -5  0 -9 
81 77  -1 -4  0 -9 
81 78  -1 -4  0 -9 
81 82   1 -3  0 -9 
82 66   1 -7  0 -9 
82 76   1 -6  0 -9 
82 77  -1 -5  0 -9 
82 78  -1 -5  0 -9 
82 81   1 -3  0 -9 
83 66  -1 -3  0 -9 
83 76   1 -4  0 -9 
83 77  -1 -3  0 -9 
83 78  -1 -3  0 -9 
83 79   1 -2  0 -9 
83 80  -1 -1  0 -9 
83 81  -1 -1  0 -9 
83 82   1 -2  0 -9 
83 83   1  0  0 -9 
84 84   1 -8  0 -9 
85 84   1 -7  0 -9 
85 85  -1 -6  0 -9 
86 84   1 -7  0 -9 
86 86  -1 -6  0 -9 
87 84   1 -6  0 -9 
87 85  -1 -5  0 -9 
87 86  -1 -5  0 -9 
87 88   1 -3  0 -9 
88 84   1 -5  0 -9 
88 85  -1 -4  0 -9 
88 86  -1 -4  0 -9 
88 87   1 -3  0 -9 
89  0   1 -6  0 -9 
89  1  -1 -5  0 -9 
89  6   1 -6  0 -9 
89  8  -1 -5  0 -9 
89 74  -1 -4  0 -9 
89 76   1 -6  0 -9 
89 78  -1 -5  0 -9 
89 85  -1 -4  0 -9 
89 90   1 -3  0 -9 
90  1  -1 -4  0 -9 
90  2   1 -6  0 -9 
90  8  -1 -4  0 -9 
90 66   1 -6  0 -9 
90 74  -1 -5  0 -9 
90 78  -1 -4  0 -9 
90 84   1 -6  0 -9 
90 85  -1 -5  0 -9 
90 89   1 -3  0 -9 
91  1  -1 -3  0 -9 
91  2  -1 -3  0 -9 
91  8  -1 -3  0 -9 
91 11  -1 -1  0 -9 
91 12   1 -2  0 -9 
91 66  -1 -3  0 -9 
91 74   1 -2  0 -9 
91 78  -1 -3  0 -9 
91 81  -1 -1  0 -9 
91 82   1 -2  0 -9 
91 84   1 -5  0 -9 
91 85  -1 -4  0 -9 
91 89   1 -2  0 -9 
91 90  -1 -1  0 -9 
91 91   1  0  0 -9 
92  2  -1 -2  0 -9 
92 10  -1  0  0 -9 
92 11  -1  0  0 -9 
92 12   1 -1  0 -9 
92 13   1  1  0 -9 
92 66  -1 -2  0 -9 
92 74   1 -1  0 -9 
92 80  -1  0  0 -9 
92 81  -1  0  0 -9 
92 82   1 -1  0 -9 
92 83   1  1  0 -9 
92 84   1 -4  0 -9 
92 85  -1 -3  0 -9 
92 86  -1 -3  0 -9 
92 87   1 -2  0 -9 
92 88   1  1  0 -9 
92 90  -1  0  0 -9 
92 91   1  1  0 -9 
92 92  -1  2  0 -9 
93 93   1 -8  0 -9 
94 70  -1 -4  0 -9 
94 84   1 -5  0 -9 
94 85  -1 -4  0 -9 
94 86  -1 -4  0 -9 
94 93  -1 -4  0 -9 
94 95   1 -3  0 -9 
95 70   1 -7  0 -9 
95 84   1 -6  0 -9 
95 85  -1 -5  0 -9 
95 86  -1 -5  0 -9 
95 93   1 -7  0 -9 
95 94   1 -3  0 -9 
96 70  -1 -3  0 -9 
96 84   1 -4  0 -9 
96 85  -1 -3  0 -9 
96 86  -1 -3  0 -9 
96 87   1 -2  0 -9 
96 88  -1 -1  0 -9 
96 93  -1 -3  0 -9 
96 94  -1 -1  0 -9 
96 95   1 -2  0 -9 
96 96   1  0  0 -9 
97  6   1 -7  0 -9 
97 93   1 -7  0 -9 
97 97  -1 -6  0 -9 
98  6   1 -5  0 -9 
98  8  -1 -4  0 -9 
98 97  -1 -4  0 -9 
98 99   1 -3  0 -9 
99  6   1 -6  0 -9 
99  8  -1 -5  0 -9 
99 93   1 -6  0 -9 
99 97  -1 -5  0 -9 
99 98   1 -3  0 -9 
100  0  -1 -3  0 -9 
100  1   1 -2 -1 -4  0 -9 
100  6  -1 -3  0 -9 
100  7   1 -2  0 -9 
100  8   1 -2 -1 -4  0 -9 
100  9  -1 -1  0 -9 
100 10   1 -2  0 -9 
100 70  -1 -3  0 -9 
100 71   1 -2  0 -9 
100 72   1 -2  0 -9 
100 73  -1 -1  0 -9 
100 84   1 -4  1 -6  0 -9 
100 85  -1 -1 -1 -3 -1 -5  0 -9 
100 86  -1 -3  0 -9 
100 87   1 -2  0 -9 
100 88  -1 -1  0 -9 
100 93  -1 -3  0 -9 
100 94  -1 -1  0 -9 
100 95   1 -2  0 -9 
100 97   1 -2  0 -9 
100 98   1 -2  0 -9 
100 99  -1 -1  0 -9 
100 100   1  0  0 -9 
101  0  -1 -2  0 -9 
101  1   1 -1  0 -9 
101  6  -1 -2  0 -9 
101  7   1 -1  0 -9 
101  8   1 -1  0 -9 
101  9  -1  0  0 -9 
101 70  -1 -2  0 -9 
101 71   1 -1  0 -9 
101 73  -1  0  0 -9 
101 84   1 -3  0 -9 
101 85  -1  0 -1 -2  0 -9 
101 86  -1 -2  0 -9 
101 87   1 -1  0 -9 
101 88  -1  0  0 -9 
101 93  -1 -2  0 -9 
101 94  -1  0  0 -9 
101 95   1 -1  0 -9 
101 96   1  1  0 -9 
101 97   1 -1  0 -9 
101 99  -1  0  0 -9 
101 100   1  1  0 -9 
101 101  -1  2  0 -9 
102 93   1 -7  0 -9 
102 102  -1 -6  0 -9 
103 102  -1 -4  0 -9 
103 104   1 -3  0 -9 
104 93   1 -6  0 -9 
104 102  -1 -5  0 -9 
104 103   1 -3  0 -9 
105  6   1 -6  0 -9 
105  8  -1 -5  0 -9 
105 93   1 -6  0 -9 
105 97  -1 -5  0 -9 
105 102  -1 -5  0 -9 
105 106   1 -3  0 -9 
106  6   1 -5  0 -9 
106  8  -1 -4  0 -9 
106 93   1 -5  0 -9 
106 97  -1 -4  0 -9 
106 102  -1 -4  0 -9 
106 105   1 -3  0 -9 
107  8  -1 -3  0 -9 
107 14  -1 -1  0 -9 
107 15   1 -2  0 -9 
107 102  -1 -3  0 -9 
107 103  -1 -1  0 -9 
107 104   1 -2  0 -9 
107 105   1 -2  0 -9 
107 106  -1 -1  0 -9 
107 107   1  0  0 -9 
108  6   1 -4  0 -9 
108  8  -1 -3  0 -9 
108 97  -1 -3  0 -9 
108 98  -1 -1  0 -9 
108 99   1 -2  0 -9 
108 102  -1 -3  0 -9 
108 103  -1 -1  0 -9 
108 104   1 -2  0 -9 
108 105   1 -2  0 -9 
108 106  -1 -1  0 -9 
108 108   1  0  0 -9 
109 14  -1  0  0 -9 
109 98  -1  0  0 -9 
109 102  -1 -2  0 -9 
109 103  -1  0  0 -9 
109 104   1 -1  0 -9 
109 105   1 -1  0 -9 
109 106  -1  0  0 -9 
109 107   1  1  0 -9 
109 108   1  1  0 -9 
109 109  -1  2  0 -9 
110 110   1 -8  0 -9 
111 34   1 -5  0 -9 
111 35  -1 -4  0 -9 
111 36  -1 -4  0 -9 
111 110  -1 -4  0 -9 
111 112   1 -3  0 -9 
112 34   1 -6  0 -9 
112 35  -1 -5  0 -9 
112 36  -1 -5  0 -9 
112 110   1 -7  0 -9 
112 111   1 -3  0 -9 
113 34   1 -4  0 -9 
113 35  -1 -3  0 -9 
113 36  -1 -3  0 -9 
113 37   1 -2  0 -9 
113 38  -1 -1  0 -9 
113 110  -1 -3  0 -9 
113 111  -1 -1  0 -9 
113 112   1 -2  0 -9 
113 113   1  0  0 -9 
114 26   1 -7  0 -9 
114 66   1 -7  0 -9 
114 110   1 -7  0 -9 
114 114  -1 -6  0 -9 
115 26   1 -5  0 -9 
115 28  -1 -4  0 -9 
115 114  -1 -4  0 -9 
115 116   1 -3  0 -9 
116 26   1 -6  0 -9 
116 28  -1 -5  0 -9 
116 66   1 -6  0 -9 
116 110   1 -6  0 -9 
116 114  -1 -5  0 -9 
116 115   1 -3  0 -9 
117 26  -1 -3  0 -9 
117 27   1 -2  0 -9 
117 28   1 -2 -1 -4  0 -9 
117 29  -1 -1  0 -9 
117 30   1 -2  0 -9 
117 34   1 -4  1 -6  0 -9 
117 35  -1 -1 -1 -3 -1 -5  0 -9 
117 36  -1 -3  0 -9 
117 37   1 -2  0 -9 
117 38  -1 -1  0 -9 
117 66  -1 -3  0 -9 
117 76   1 -4  1 -6  0 -9 
117 77  -1 -1 -1 -3 -1 -5  0 -9 
117 78  -1 -3  0 -9 
117 79   1 -2  0 -9 
117 80  -1 -1  0 -9 
117 81  -1 -1  0 -9 
117 82   1 -2  0 -9 
117 110  -1 -3  0 -9 
117 111  -1 -1  0 -9 
117 112   1 -2  0 -9 
117 114   1 -2  0 -9 
117 115   1 -2  0 -9 
117 116  -1 -1  0 -9 
117 117   1  0  0 -9 
118 26  -1 -2  0 -9 
118 27   1 -1  0 -9 
118 28   1 -1  0 -9 
118 29  -1  0  0 -9 
118 34   1 -3  0 -9 
118 35  -1  0 -1 -2  0 -9 
118 36  -1 -2  0 -9 
118 37   1 -1  0 -9 
118 38  -1  0  0 -9 
118 66  -1 -2  0 -9 
118 76   1 -3  0 -9 
118 77  -1  0 -1 -2  0 -9 
118 78  -1 -2  0 -9 
118 79   1 -1  0 -9 
118 80  -1  0  0 -9 
118 81  -1  0  0 -9 
118 82   1 -1  0 -9 
118 83   1  1  0 -9 
118 110  -1 -2  0 -9 
118 111  -1  0  0 -9 
118 112   1 -1  0 -9 
118 113   1  1  0 -9 
118 114   1 -1  0 -9 
118 116  -1  0  0 -9 
118 117   1  1  0 -9 
118 118  -1  2  0 -9 
119 43   1 -5  0 -9 
119 47  -1 -4  0 -9 
119 52  -1 -4  0 -9 
119 93  -1 -4  0 -9 
119 120   1 -3  0 -9 
120 43   1 -6  0 -9 
120 47  -1 -5  0 -9 
120 52  -1 -5  0 -9 
120 93   1 -7  0 -9 
120 119   1 -3  0 -9 
121 43   1 -4  0 -9 
121 47  -1 -3  0 -9 
121 52  -1 -3  0 -9 
121 55   1 -2  0 -9 
121 56  -1 -1  0 -9 
121 93  -1 -3  0 -9 
121 119  -1 -1  0 -9 
121 120   1 -2  0 -9 
121 121   1  0  0 -9 
122 53  -1  0  0 -9 
122 55   1 -1  0 -9 
122 56  -1  0  0 -9 
122 57   1  1  0 -9 
122 102  -1 -3  0 -9 
122 103   1  1  0 -9 
122 104   1 -2  0 -9 
122 119  -1  0  0 -9 
122 121   1  1  0 -9 
122 122  -1  2  0 -9 
123 123   1 -8  0 -9 
124 123   1 -7  0 -9 
124 124  -1 -6  0 -9 
125 125   1 -8  0 -9 
126 125   1 -7  0 -9 
126 126  -1 -6  0 -9 
127 123   1 -6  0 -9 
127 124  -1 -5  0 -9 
127 126  -1 -4  0 -9 
127 128   1 -3  0 -9 
128 124  -1 -4  0 -9 
128 125   1 -6  0 -9 
128 126  -1 -5  0 -9 
128 127   1 -3  0 -9 
129 129   1 -8  0 -9 
130 123   1 -7  0 -9 
130 129   1 -7  0 -9 
130 130  -1 -6  0 -9 
131 123   1 -5  0 -9 
131 124  -1 -4  0 -9 
131 130  -1 -4  0 -9 
131 132   1 -3  0 -9 
132 123   1 -6  0 -9 
132 124  -1 -5  0 -9 
132 129   1 -6  0 -9 
132 130  -1 -5  0 -9 
132 131   1 -3  0 -9 
133 133   1 -8  0 -9 
134 133   1 -7  0 -9 
134 134  -1 -6  0 -9 
135 134  -1 -4  0 -9 
135 136   1 -3  0 -9 
136 133   1 -6  0 -9 
136 134  -1 -5  0 -9 
136 135   1 -3  0 -9 
137 129   1 -7  0 -9 
137 137  -1 -6  0 -9 
138 124  -1 -3  0 -9 
138 125   1 -5  0 -9 
138 126  -1 -4  0 -9 
138 127   1 -2  0 -9 
138 128  -1 -1  0 -9 
138 129  -1 -4  0 -9 
138 131  -1 -1  0 -9 
138 132   1 -2  0 -9 
138 133   1 -5  0 -9 
138 134  -1 -4  0 -9 
138 135   1 -2  0 -9 
138 136  -1 -1  0 -9 
138 137   1 -3  0 -9 
138 138   1  0  0 -9 
139 139   1 -8  0 -9 
140 139   1 -7  0 -9 
140 140  -1 -6  0 -9 
141 139   1 -7  0 -9 
141 141  -1 -6  0 -9 
142 139   1 -6  0 -9 
142 140  -1 -5  0 -9 
142 141  -1 -5  0 -9 
142 143   1 -3  0 -9 
143 139   1 -5  0 -9 
143 140  -1 -4  0 -9 
143 141  -1 -4  0 -9 
143 142   1 -3  0 -9 
144 129  -1 -4  0 -9 
144 139   1 -5  0 -9 
144 140  -1 -4  0 -9 
144 141  -1 -4  0 -9 
144 145   1 -3  0 -9 
145 129   1 -7  0 -9 
145 139   1 -6  0 -9 
145 140  -1 -5  0 -9 
145 141  -1 -5  0 -9 
145 144   1 -3  0 -9 
146 129  -1 -3  0 -9 
146 139   1 -4  0 -9 
146 140  -1 -3  0 -9 
146 141  -1 -3  0 -9 
146 142   1 -2  0 -9 
146 143  -1 -1  0 -9 
146 144  -1 -1  0 -9 
146 145   1 -2  0 -9 
146 146   1  0  0 -9 
147 147   1 -8  0 -9 
148 147   1 -7  0 -9 
148 148  -1 -6  0 -9 
149 147   1 -7  0 -9 
149 149  -1 -6  0 -9 
150 147   1 -6  0 -9 
150 148  -1 -5  0 -9 
150 149  -1 -5  0 -9 
150 151   1 -3  0 -9 
151 147   1 -5  0 -9 
151 148  -1 -4  0 -9 
151 149  -1 -4  0 -9 
151 150   1 -3  0 -9 
152 137  -1 -4  0 -9 
152 139   1 -6  0 -9 
152 141  -1 -5  0 -9 
152 148  -1 -4  0 -9 
152 153   1 -3  0 -9 
153 129   1 -6  0 -9 
153 137  -1 -5  0 -9 
153 141  -1 -4  0 -9 
153 147   1 -6  0 -9 
153 148  -1 -5  0 -9 
153 152   1 -3  0 -9 
154 129  -1 -3  0 -9 
154 137   1 -2  0 -9 
154 141  -1 -3  0 -9 
154 144  -1 -1  0 -9 
154 145   1 -2  0 -9 
154 147   1 -5  0 -9 
154 148  -1 -4  0 -9 
154 152   1 -2  0 -9 
154 153  -1 -1  0 -9 
154 154   1  0  0 -9 
155 129  -1 -2  0 -9 
155 137   1 -1  0 -9 
155 143  -1  0  0 -9 
155 144  -1  0  0 -9 
155 145   1 -1  0 -9 
155 146   1  1  0 -9 
155 147   1 -4  0 -9 
155 148  -1 -3  0 -9 
155 149  -1 -3  0 -9 
155 150   1 -2  0 -9 
155 151   1  1  0 -9 
155 153  -1  0  0 -9 
155 154   1  1  0 -9 
155 155  -1  2  0 -9 
156 156   1 -8  0 -9 
157 133  -1 -4  0 -9 
157 147   1 -5  0 -9 
157 148  -1 -4  0 -9 
157 149  -1 -4  0 -9 
157 156  -1 -4  0 -9 
157 158   1 -3  0 -9 
158 133   1 -7  0 -9 
158 147   1 -6  0 -9 
158 148  -1 -5  0 -9 
158 149  -1 -5  0 -9 
158 156   1 -7  0 -9 
158 157   1 -3  0 -9 
159 133  -1 -3  0 -9 
159 147   1 -4  0 -9 
159 148  -1 -3  0 -9 
159 149  -1 -3  0 -9 
159 150   1 -2  0 -9 
159 151  -1 -1  0 -9 
159 156  -1 -3  0 -9 
159 157  -1 -1  0 -9 
159 158   1 -2  0 -9 
159 159   1  0  0 -9 
160 156   1 -7  0 -9 
160 160  -1 -6  0 -9 
161 160  -1 -4  0 -9 
161 162   1 -3  0 -9 
162 156   1 -6  0 -9 
162 160  -1 -5  0 -9 
162 161   1 -3  0 -9 
163 133  -1 -3  0 -9 
163 134   1 -2  0 -9 
163 135   1 -2  0 -9 
163 136  -1 -1  0 -9 
163 147   1 -4  1 -6  0 -9 
163 148  -1 -1 -1 -3 -1 -5  0 -9 
163 149  -1 -3  0 -9 
163 150   1 -2  0 -9 
163 151  -1 -1  0 -9 
163 156  -1 -3  0 -9 
163 157  -1 -1  0 -9 
163 158   1 -2  0 -9 
163 160   1 -2  0 -9 
163 161   1 -2  0 -9 
163 162  -1 -1  0 -9 
163 163   1  0  0 -9 
164 133  -1 -2  0 -9 
164 134   1 -1  0 -9 
164 136  -1  0  0 -9 
164 147   1 -3  0 -9 
164 148  -1  0 -1 -2  0 -9 
164 149  -1 -2  0 -9 
164 150   1 -1  0 -9 
164 151  -1  0  0 -9 
164 156  -1 -2  0 -9 
164 157  -1  0  0 -9 
164 158   1 -1  0 -9 
164 159   1  1  0 -9 
164 160   1 -1  0 -9 
164 162  -1  0  0 -9 
164 163   1  1  0 -9 
164 164  -1  2  0 -9 
165 156   1 -7  0 -9 
165 165  -1 -6  0 -9 
166 165  -1 -4  0 -9 
166 167   1 -3  0 -9 
167 156   1 -6  0 -9 
167 165  -1 -5  0 -9 
167 166   1 -3  0 -9 
168 156   1 -6  0 -9 
168 160  -1 -5  0 -9 
168 165  -1 -5  0 -9 
168 169   1 -3  0 -9 
169 156   1 -5  0 -9 
169 160  -1 -4  0 -9 
169 165  -1 -4  0 -9 
169 168   1 -3  0 -9 
170 165  -1 -3  0 -9 
170 166  -1 -1  0 -9 
170 167   1 -2  0 -9 
170 168   1 -2  0 -9 
170 169  -1 -1  0 -9 
170 170   1  0  0 -9 
171 160  -1 -3  0 -9 
171 161  -1 -1  0 -9 
171 162   1 -2  0 -9 
171 165  -1 -3  0 -9 
171 166  -1 -1  0 -9 
171 167   1 -2  0 -9 
171 168   1 -2  0 -9 
171 169  -1 -1  0 -9 
171 171   1  0  0 -9 
172 161  -1  0  0 -9 
172 165  -1 -2  0 -9 
172 166  -1  0  0 -9 
172 167   1 -1  0 -9 
172 168   1 -1  0 -9 
172 169  -1  0  0 -9 
172 170   1  1  0 -9 
172 171   1  1  0 -9 
172 172  -1  2  0 -9 
173 173   1 -8  0 -9 
174 173   1 -7  0 -9 
174 174  -1 -6  0 -9 
175 60   1 -6  0 -9 
175 61  -1 -5  0 -9 
175 174  -1 -4  0 -9 
175 176   1 -3  0 -9 
176 61  -1 -4  0 -9 
176 173   1 -6  0 -9 
176 174  -1 -5  0 -9 
176 175   1 -3  0 -9 
177 66   1 -7  0 -9 
177 177  -1 -6  0 -9 
178 61  -1 -3  0 -9 
178 66  -1 -4  0 -9 
178 68  -1 -1  0 -9 
178 69   1 -2  0 -9 
178 173   1 -5  0 -9 
178 174  -1 -4  0 -9 
178 175   1 -2  0 -9 
178 176  -1 -1  0 -9 
178 177   1 -3  0 -9 
178 178   1  0  0 -9 
179 70   1 -7  0 -9 
179 179  -1 -6  0 -9 
180  1  -1 -3  0 -9 
180 20   1 -5  0 -9 
180 21  -1 -4  0 -9 
180 22   1 -2  0 -9 
180 23  -1 -1  0 -9 
180 70  -1 -4  0 -9 
180 72  -1 -1  0 -9 
180 73   1 -2  0 -9 
180 133   1 -5  0 -9 
180 134  -1 -4  0 -9 
180 135   1 -2  0 -9 
180 136  -1 -1  0 -9 
180 179   1 -3  0 -9 
180 180   1  0  0 -9 
181 181   1 -8  0 -9 
182 181   1 -7  0 -9 
182 182  -1 -6  0 -9 
183 181   1 -7  0 -9 
183 183  -1 -6  0 -9 
184 181   1 -6  0 -9 
184 182  -1 -5  0 -9 
184 183  -1 -5  0 -9 
184 185   1 -3  0 -9 
185 181   1 -5  0 -9 
185 182  -1 -4  0 -9 
185 183  -1 -4  0 -9 
185 184   1 -3  0 -9 
186 76   1 -6  0 -9 
186 78  -1 -5  0 -9 
186 177  -1 -4  0 -9 
186 182  -1 -4  0 -9 
186 187   1 -3  0 -9 
187 66   1 -6  0 -9 
187 78  -1 -4  0 -9 
187 177  -1 -5  0 -9 
187 181   1 -6  0 -9 
187 182  -1 -5  0 -9 
187 186   1 -3  0 -9 
188 66  -1 -3  0 -9 
188 78  -1 -3  0 -9 
188 81  -1 -1  0 -9 
188 82   1 -2  0 -9 
188 177   1 -2  0 -9 
188 181   1 -5  0 -9 
188 182  -1 -4  0 -9 
188 186   1 -2  0 -9 
188 187  -1 -1  0 -9 
188 188   1  0  0 -9 
189 66  -1 -2  0 -9 
189 80  -1  0  0 -9 
189 81  -1  0  0 -9 
189 82   1 -1  0 -9 
189 83   1  1  0 -9 
189 177   1 -1  0 -9 
189 181   1 -4  0 -9 
189 182  -1 -3  0 -9 
189 183  -1 -3  0 -9 
189 184   1 -2  0 -9 
189 185   1  1  0 -9 
189 187  -1  0  0 -9 
189 188   1  1  0 -9 
189 189  -1  2  0 -9 
190 93   1 -7  0 -9 
190 190  -1 -6  0 -9 
191 35  -1 -4  0 -9 
191 84   1 -6  0 -9 
191 86  -1 -5  0 -9 
191 148  -1 -4  0 -9 
191 179  -1 -4  0 -9 
191 190  -1 -4  0 -9 
191 192   1 -3  0 -9 
192 34   1 -6  0 -9 
192 35  -1 -5  0 -9 
192 70   1 -6  0 -9 
192 86  -1 -4  0 -9 
192 93   1 -6  0 -9 
192 147   1 -6  0 -9 
192 148  -1 -5  0 -9 
192 179  -1 -5  0 -9 
192 190  -1 -5  0 -9 
192 191   1 -3  0 -9 
193 34   1 -5  0 -9 
193 35  -1 -4  0 -9 
193 70  -1 -3  0 -9 
193 86  -1 -3  0 -9 
193 93  -1 -3  0 -9 
193 94  -1 -1  0 -9 
193 95   1 -2  0 -9 
193 147   1 -5  0 -9 
193 148  -1 -4  0 -9 
193 179   1 -2  0 -9 
193 190   1 -2  0 -9 
193 191   1 -2  0 -9 
193 192  -1 -1  0 -9 
193 193   1  0  0 -9 
194 34   1 -4  0 -9 
194 35  -1 -3  0 -9 
194 36  -1 -3  0 -9 
194 37   1 -2  0 -9 
194 38   1  1  0 -9 
194 70  -1 -2  0 -9 
194 88  -1  0  0 -9 
194 93  -1 -2  0 -9 
194 94  -1  0  0 -9 
194 95   1 -1  0 -9 
194 96   1  1  0 -9 
194 147   1 -4  0 -9 
194 148  -1 -3  0 -9 
194 149  -1 -3  0 -9 
194 150   1 -2  0 -9 
194 151   1  1  0 -9 
194 179   1 -1  0 -9 
194 190   1 -1  0 -9 
194 192  -1  0  0 -9 
194 193   1  1  0 -9 
194 194  -1  2  0 -9 
195  8  -1 -3  0 -9 
195 43   1 -5  0 -9 
195 47  -1 -4  0 -9 
195 48   1 -2  0 -9 
195 49  -1 -1  0 -9 
195 93  -1 -4  0 -9 
195 98  -1 -1  0 -9 
195 99   1 -2  0 -9 
195 156   1 -5  0 -9 
195 160  -1 -4  0 -9 
195 161   1 -2  0 -9 
195 162  -1 -1  0 -9 
195 190   1 -3  0 -9 
195 195   1  0  0 -9 
196 93   1 -6  0 -9 
196 102  -1 -5  0 -9 
196 190  -1 -5  0 -9 
196 197   1 -3  0 -9 
197 93   1 -5  0 -9 
197 102  -1 -4  0 -9 
197 190  -1 -4  0 -9 
197 196   1 -3  0 -9 
198 102  -1 -3  0 -9 
198 103  -1 -1  0 -9 
198 104   1 -2  0 -9 
198 196   1 -2  0 -9 
198 197  -1 -1  0 -9 
198 198   1  0  0 -9 
199 43   1 -4  0 -9 
199 47  -1 -3  0 -9 
199 49  -1  0  0 -9 
199 52  -1 -3  0 -9 
199 55   1 -2  0 -9 
199 56   1  1  0 -9 
199 93  -1 -3  0 -9 
199 98  -1  0  0 -9 
199 99   1 -1  0 -9 
199 103  -1  0  0 -9 
199 104   1 -1  0 -9 
199 106  -1  0  0 -9 
199 108   1  1  0 -9 
199 156   1 -4  0 -9 
199 160  -1 -3  0 -9 
199 162  -1  0  0 -9 
199 165  -1 -3  0 -9 
199 168   1 -2  0 -9 
199 169   1  1  0 -9 
199 190   1 -2  0 -9 
199 195   1  1  0 -9 
199 197  -1  0  0 -9 
199 198   1  1  0 -9 
199 199  -1  2  0 -9 
200 200   1 -8  0 -9 
201 181   1 -5  0 -9 
201 182  -1 -4  0 -9 
201 183  -1 -4  0 -9 
201 200  -1 -4  0 -9 
201 202   1 -3  0 -9 
202 181   1 -6  0 -9 
202 182  -1 -5  0 -9 
202 183  -1 -5  0 -9 
202 200   1 -7  0 -9 
202 201   1 -3  0 -9 
203 181   1 -4  0 -9 
203 182  -1 -3  0 -9 
203 183  -1 -3  0 -9 
203 184   1 -2  0 -9 
203 185  -1 -1  0 -9 
203 200  -1 -3  0 -9 
203 201  -1 -1  0 -9 
203 202   1 -2  0 -9 
203 203   1  0  0 -9 
204 200   1 -7  0 -9 
204 204  -1 -6  0 -9 
205 204  -1 -4  0 -9 
205 206   1 -3  0 -9 
206 200   1 -6  0 -9 
206 204  -1 -5  0 -9 
206 205   1 -3  0 -9 
207 181   1 -4  1 -6  0 -9 
207 182  -1 -1 -1 -3 -1 -5  0 -9 
207 183  -1 -3  0 -9 
207 184   1 -2  0 -9 
207 185  -1 -1  0 -9 
207 200  -1 -3  0 -9 
207 201  -1 -1  0 -9 
207 202   1 -2  0 -9 
207 204   1 -2  0 -9 
207 205   1 -2  0 -9 
207 206  -1 -1  0 -9 
207 207   1  0  0 -9 
208 181   1 -3  0 -9 
208 182  -1  0 -1 -2  0 -9 
208 183  -1 -2  0 -9 
208 184   1 -1  0 -9 
208 185  -1  0  0 -9 
208 200  -1 -2  0 -9 
208 201  -1  0  0 -9 
208 202   1 -1  0 -9 
208 203   1  1  0 -9 
208 204   1 -1  0 -9 
208 206  -1  0  0 -9 
208 207   1  1  0 -9 
208 208  -1  2  0 -9 
209 110   1 -7  0 -9 
209 209  -1 -6  0 -9 
210 209  -1 -4  0 -9 
210 211   1 -3  0 -9 
211 110   1 -6  0 -9 
211 209  -1 -5  0 -9 
211 210   1 -3  0 -9 
212 34   1 -4  1 -6  0 -9 
212 35  -1 -1 -1 -3 -1 -5  0 -9 
212 36  -1 -3  0 -9 
212 37   1 -2  0 -9 
212 38  -1 -1  0 -9 
212 110  -1 -3  0 -9 
212 111  -1 -1  0 -9 
212 112   1 -2  0 -9 
212 209   1 -2  0 -9 
212 210   1 -2  0 -9 
212 211  -1 -1  0 -9 
212 212   1  0  0 -9 
213 34   1 -3  0 -9 
213 35  -1  0 -1 -2  0 -9 
213 36  -1 -2  0 -9 
213 37   1 -1  0 -9 
213 38  -1  0  0 -9 
213 110  -1 -2  0 -9 
213 111  -1  0  0 -9 
213 112   1 -1  0 -9 
213 113   1  1  0 -9 
213 209   1 -1  0 -9 
213 211  -1  0  0 -9 
213 212   1  1  0 -9 
213 213  -1  2  0 -9 
214 16   1 -5  0 -9 
214 24  -1 -4  0 -9 
214 28  -1 -3  0 -9 
214 34   1 -5  0 -9 
214 35  -1 -4  0 -9 
214 39   1 -2  0 -9 
214 40  -1 -1  0 -9 
214 66  -1 -4  0 -9 
214 110  -1 -4  0 -9 
214 115  -1 -1  0 -9 
214 116   1 -2  0 -9 
214 177   1 -3  0 -9 
214 200   1 -5  0 -9 
214 204  -1 -4  0 -9 
214 205   1 -2  0 -9 
214 206  -1 -1  0 -9 
214 209   1 -3  0 -9 
214 214   1  0  0 -9 
215 190  -1 -4  0 -9 
215 216   1 -3  0 -9 
216 93   1 -6  0 -9 
216 190  -1 -5  0 -9 
216 215   1 -3  0 -9 
217 102  -1 -3  0 -9 
217 103  -1 -1  0 -9 
217 104   1 -2  0 -9 
217 190  -1 -3  0 -9 
217 196   1 -2  0 -9 
217 197  -1 -1  0 -9 
217 215  -1 -1  0 -9 
217 216   1 -2  0 -9 
217 217   1  0  0 -9 
218 102  -1 -2  0 -9 
218 103  -1  0  0 -9 
218 104   1 -1  0 -9 
218 196   1 -1  0 -9 
218 197  -1  0  0 -9 
218 198   1  1  0 -9 
218 215  -1  0  0 -9 
218 217   1  1  0 -9 
218 218  -1  2  0 -9 
219 43   1 -4  1 -6  0 -9 
219 47  -1 -1 -1 -3 -1 -5  0 -9 
219 52  -1 -3  0 -9 
219 55   1 -2  0 -9 
219 56  -1 -1  0 -9 
219 93  -1 -3  0 -9 
219 119  -1 -1  0 -9 
219 120   1 -2  0 -9 
219 190   1 -2  0 -9 
219 215   1 -2  0 -9 
219 216  -1 -1  0 -9 
219 219   1  0  0 -9 
220 43   1 -3  0 -9 
220 47  -1  0 -1 -2  0 -9 
220 52  -1 -2  0 -9 
220 55   1 -1  0 -9 
220 56  -1  0  0 -9 
220 93  -1 -2  0 -9 
220 119  -1  0  0 -9 
220 120   1 -1  0 -9 
220 121   1  1  0 -9 
220 190   1 -1  0 -9 
220 216  -1  0  0 -9 
220 219   1  1  0 -9 
220 220  -1  2  0 -9 
221 221   1 -8  0 -9 
222 60   1 -7  0 -9 
222 221   1 -7  0 -9 
222 222  -1 -6  0 -9 
223 221   1 -7  0 -9 
223 223  -1 -6  0 -9 
224 60   1 -6  0 -9 
224 61  -1 -5  0 -9 
224 221   1 -6  0 -9 
224 222  -1 -5  0 -9 
224 223  -1 -5  0 -9 
224 225   1 -3  0 -9 
225 60   1 -5  0 -9 
225 61  -1 -4  0 -9 
225 221   1 -5  0 -9 
225 222  -1 -4  0 -9 
225 223  -1 -4  0 -9 
225 224   1 -3  0 -9 
226 60   1 -5  0 -9 
226 61  -1 -4  0 -9 
226 62  -1 -4  0 -9 
226 221   1 -5  0 -9 
226 222  -1 -4  0 -9 
226 223  -1 -4  0 -9 
226 227   1 -3  0 -9 
227 60   1 -6  0 -9 
227 61  -1 -5  0 -9 
227 62   1 -7  0 -9 
227 221   1 -6  0 -9 
227 222  -1 -5  0 -9 
227 223  -1 -5  0 -9 
227 226   1 -3  0 -9 
228 60   1 -4  0 -9 
228 61  -1 -3  0 -9 
228 62  -1 -3  0 -9 
228 221   1 -4  0 -9 
228 222  -1 -3  0 -9 
228 223  -1 -3  0 -9 
228 224   1 -2  0 -9 
228 225  -1 -1  0 -9 
228 226  -1 -1  0 -9 
228 227   1 -2  0 -9 
228 228   1  0  0 -9 
229 229   1 -8  0 -9 
230 229   1 -7  0 -9 
230 230  -1 -6  0 -9 
231 229   1 -7  0 -9 
231 231  -1 -6  0 -9 
232 229   1 -6  0 -9 
232 230  -1 -5  0 -9 
232 231  -1 -5  0 -9 
232 233   1 -3  0 -9 
233 229   1 -5  0 -9 
233 230  -1 -4  0 -9 
233 231  -1 -4  0 -9 
233 232   1 -3  0 -9 
234 221   1 -6  0 -9 
234 223  -1 -5  0 -9 
234 230  -1 -4  0 -9 
234 235   1 -3  0 -9 
235 223  -1 -4  0 -9 
235 229   1 -6  0 -9 
235 230  -1 -5  0 -9 
235 234   1 -3  0 -9 
236 61  -1 -3  0 -9 
236 62  -1 -3  0 -9 
236 63   1 -2  0 -9 
236 64   1 -2  0 -9 
236 65  -1 -1  0 -9 
236 223  -1 -3  0 -9 
236 226  -1 -1  0 -9 
236 227   1 -2  0 -9 
236 229   1 -5  0 -9 
236 230  -1 -4  0 -9 
236 234   1 -2  0 -9 
236 235  -1 -1  0 -9 
236 236   1  0  0 -9 
237 62  -1 -2  0 -9 
237 63   1 -1  0 -9 
237 65  -1  0  0 -9 
237 225  -1  0  0 -9 
237 226  -1  0  0 -9 
237 227   1 -1  0 -9 
237 228   1  1  0 -9 
237 229   1 -4  0 -9 
237 230  -1 -3  0 -9 
237 231  -1 -3  0 -9 
237 232   1 -2  0 -9 
237 233   1  1  0 -9 
237 235  -1  0  0 -9 
237 236   1  1  0 -9 
237 237  -1  2  0 -9 
238 223  -1 -4  0 -9 
238 239   1 -3  0 -9 
239 221   1 -6  0 -9 
239 223  -1 -5  0 -9 
239 238   1 -3  0 -9 
240 240  -1 -6  0 -9 
241 231  -1 -4  0 -9 
241 240  -1 -4  0 -9 
241 242   1 -3  0 -9 
242 229   1 -6  0 -9 
242 231  -1 -5  0 -9 
242 240  -1 -5  0 -9 
242 241   1 -3  0 -9 
243 240  -1 -5  0 -9 
243 244   1 -3  0 -9 
244 240  -1 -4  0 -9 
244 243   1 -3  0 -9 
245 231  -1 -3  0 -9 
245 232   1 -2  0 -9 
245 233  -1 -1  0 -9 
245 240  -1 -3  0 -9 
245 241  -1 -1  0 -9 
245 242   1 -2  0 -9 
245 243   1 -2  0 -9 
245 244  -1 -1  0 -9 
245 245   1  0  0 -9 
246 221   1 -5  0 -9 
246 223   1 -2 -1 -4  0 -9 
246 230  -1 -3  0 -9 
246 231  -1 -3  0 -9 
246 232   1 -2  0 -9 
246 233  -1 -1  0 -9 
246 234  -1 -1  0 -9 
246 235   1 -2  0 -9 
246 238   1 -2  0 -9 
246 239  -1 -1  0 -9 
246 240  -1 -3  0 -9 
246 241  -1 -1  0 -9 
246 242   1 -2  0 -9 
246 243   1 -2  0 -9 
246 244  -1 -1  0 -9 
246 246   1  0  0 -9 
247 223   1 -1  0 -9 
247 231  -1 -2  0 -9 
247 232   1 -1  0 -9 
247 233  -1  0  0 -9 
247 234  -1  0  0 -9 
247 239  -1  0  0 -9 
247 240  -1 -2  0 -9 
247 241  -1  0  0 -9 
247 242   1 -1  0 -9 
247 243   1 -1  0 -9 
247 244  -1  0  0 -9 
247 245   1  1  0 -9 
247 246   1  1  0 -9 
247 247  -1  2  0 -9 
248 248   1 -8  0 -9 
249 229   1 -5  0 -9 
249 230  -1 -4  0 -9 
249 231  -1 -4  0 -9 
249 248  -1 -4  0 -9 
249 250   1 -3  0 -9 
250 229   1 -6  0 -9 
250 230  -1 -5  0 -9 
250 231  -1 -5  0 -9 
250 248   1 -7  0 -9 
250 249   1 -3  0 -9 
251 229   1 -4  0 -9 
251 230  -1 -3  0 -9 
251 231  -1 -3  0 -9 
251 232   1 -2  0 -9 
251 233  -1 -1  0 -9 
251 248  -1 -3  0 -9 
251 249  -1 -1  0 -9 
251 250   1 -2  0 -9 
251 251   1  0  0 -9 
252 221   1 -7  0 -9 
252 248   1 -7  0 -9 
252 252  -1 -6  0 -9 
253 221   1 -5  0 -9 
253 223  -1 -4  0 -9 
253 252  -1 -4  0 -9 
253 254   1 -3  0 -9 
254 221   1 -6  0 -9 
254 223  -1 -5  0 -9 
254 248   1 -6  0 -9 
254 252  -1 -5  0 -9 
254 253   1 -3  0 -9 
255 60  -1 -3  0 -9 
255 61   1 -2 -1 -4  0 -9 
255 66  -1 -3  0 -9 
255 67   1 -2  0 -9 
255 68   1 -2  0 -9 
255 69  -1 -1  0 -9 
255 76   1 -4  1 -6  0 -9 
255 77  -1 -1 -1 -3 -1 -5  0 -9 
255 78  -1 -3  0 -9 
255 79   1 -2  0 -9 
255 80  -1 -1  0 -9 
255 81  -1 -1  0 -9 
255 82   1 -2  0 -9 
255 221  -1 -3  0 -9 
255 222   1 -2  0 -9 
255 223   1 -2 -1 -4  0 -9 
255 224  -1 -1  0 -9 
255 225   1 -2  0 -9 
255 229   1 -4  1 -6  0 -9 
255 230  -1 -1 -1 -3 -1 -5  0 -9 
255 231  -1 -3  0 -9 
255 232   1 -2  0 -9 
255 233  -1 -1  0 -9 
255 248  -1 -3  0 -9 
255 249  -1 -1  0 -9 
255 250   1 -2  0 -9 
255 252   1 -2  0 -9 
255 253   1 -2  0 -9 
255 254  -1 -1  0 -9 
255 255   1  0  0 -9 
256 60  -1 -2  0 -9 
256 61   1 -1  0 -9 
256 66  -1 -2  0 -9 
256 67   1 -1  0 -9 
256 69  -1  0  0 -9 
256 76   1 -3  0 -9 
256 77  -1  0 -1 -2  0 -9 
256 78  -1 -2  0 -9 
256 79   1 -1  0 -9 
256 80  -1  0  0 -9 
256 81  -1  0  0 -9 
256 82   1 -1  0 -9 
256 83   1  1  0 -9 
256 221  -1 -2  0 -9 
256 222   1 -1  0 -9 
256 223   1 -1  0 -9 
256 224  -1  0  0 -9 
256 229   1 -3  0 -9 
256 230  -1  0 -1 -2  0 -9 
256 231  -1 -2  0 -9 
256 232   1 -1  0 -9 
256 233  -1  0  0 -9 
256 248  -1 -2  0 -9 
256 249  -1  0  0 -9 
256 250   1 -1  0 -9 
256 251   1  1  0 -9 
256 252   1 -1  0 -9 
256 254  -1  0  0 -9 
256 255   1  1  0 -9 
256 256  -1  2  0 -9 
257 248   1 -7  0 -9 
257 257  -1 -6  0 -9 
258 257  -1 -4  0 -9 
258 259   1 -3  0 -9 
259 248   1 -6  0 -9 
259 257  -1 -5  0 -9 
259 258   1 -3  0 -9 
260 221   1 -6  0 -9 
260 223  -1 -5  0 -9 
260 248   1 -6  0 -9 
260 252  -1 -5  0 -9 
260 257  -1 -5  0 -9 
260 261   1 -3  0 -9 
261 221   1 -5  0 -9 
261 223  -1 -4  0 -9 
261 248   1 -5  0 -9 
261 252  -1 -4  0 -9 
261 257  -1 -4  0 -9 
261 260   1 -3  0 -9 
262 223  -1 -3  0 -9 
262 238  -1 -1  0 -9 
262 239   1 -2  0 -9 
262 257  -1 -3  0 -9 
262 258  -1 -1  0 -9 
262 259   1 -2  0 -9 
262 260   1 -2  0 -9 
262 261  -1 -1  0 -9 
262 262   1  0  0 -9 
263 221   1 -4  0 -9 
263 223  -1 -3  0 -9 
263 252  -1 -3  0 -9 
263 253  -1 -1  0 -9 
263 254   1 -2  0 -9 
263 257  -1 -3  0 -9 
263 258  -1 -1  0 -9 
263 259   1 -2  0 -9 
263 260   1 -2  0 -9 
263 261  -1 -1  0 -9 
263 263   1  0  0 -9 
264 238  -1  0  0 -9 
264 253  -1  0  0 -9 
264 257  -1 -2  0 -9 
264 258  -1  0  0 -9 
264 259   1 -1  0 -9 
264 260   1 -1  0 -9 
264 261  -1  0  0 -9 
264 262   1  1  0 -9 
264 263   1  1  0 -9 
264 264  -1  2  0 -9 
265 240  -1 -4  0 -9 
265 266   1 -3  0 -9 
266 240  -1 -5  0 -9 
266 265   1 -3  0 -9 
267 240  -1 -3  0 -9 
267 243   1 -2  0 -9 
267 244  -1 -1  0 -9 
267 265  -1 -1  0 -9 
267 266   1 -2  0 -9 
267 267   1  0  0 -9 
268 232   1 -1  0 -9 
268 233  -1  0  0 -9 
268 241  -1  0  0 -9 
268 243   1 -1  0 -9 
268 244  -1  0  0 -9 
268 245   1  1  0 -9 
268 249  -1  0  0 -9 
268 251   1  1  0 -9 
268 257  -1 -3  0 -9 
268 258   1  1  0 -9 
268 259   1 -2  0 -9 
268 265  -1  0  0 -9 
268 267   1  1  0 -9 
268 268  -1  2  0 -9 
269 269   1 -8  0 -9 
270 123   1 -7  0 -9 
270 269   1 -7  0 -9 
270 270  -1 -6  0 -9 
271 269   1 -7  0 -9 
271 271  -1 -6  0 -9 
272 123   1 -6  0 -9 
272 124  -1 -5  0 -9 
272 269   1 -6  0 -9 
272 270  -1 -5  0 -9 
272 271  -1 -5  0 -9 
272 273   1 -3  0 -9 
273 123   1 -5  0 -9 
273 124  -1 -4  0 -9 
273 269   1 -5  0 -9 
273 270  -1 -4  0 -9 
273 271  -1 -4  0 -9 
273 272   1 -3  0 -9 
274 123   1 -5  0 -9 
274 124  -1 -4  0 -9 
274 125  -1 -4  0 -9 
274 269   1 -5  0 -9 
274 270  -1 -4  0 -9 
274 271  -1 -4  0 -9 
274 275   1 -3  0 -9 
275 123   1 -6  0 -9 
275 124  -1 -5  0 -9 
275 125   1 -7  0 -9 
275 269   1 -6  0 -9 
275 270  -1 -5  0 -9 
275 271  -1 -5  0 -9 
275 274   1 -3  0 -9 
276 123   1 -4  0 -9 
276 124  -1 -3  0 -9 
276 125  -1 -3  0 -9 
276 269   1 -4  0 -9 
276 270  -1 -3  0 -9 
276 271  -1 -3  0 -9 
276 272   1 -2  0 -9 
276 273  -1 -1  0 -9 
276 274  -1 -1  0 -9 
276 275   1 -2  0 -9 
276 276   1  0  0 -9 
277 277   1 -8  0 -9 
278 277   1 -7  0 -9 
278 278  -1 -6  0 -9 
279 277   1 -7  0 -9 
279 279  -1 -6  0 -9 
280 277   1 -6  0 -9 
280 278  -1 -5  0 -9 
280 279  -1 -5  0 -9 
280 281   1 -3  0 -9 
281 277   1 -5  0 -9 
281 278  -1 -4  0 -9 
281 279  -1 -4  0 -9 
281 280   1 -3  0 -9 
282 269   1 -6  0 -9 
282 271  -1 -5  0 -9 
282 278  -1 -4  0 -9 
282 283   1 -3  0 -9 
283 271  -1 -4  0 -9 
283 277   1 -6  0 -9 
283 278  -1 -5  0 -9 
283 282   1 -3  0 -9 
284 124  -1 -3  0 -9 
284 125  -1 -3  0 -9 
284 126   1 -2  0 -9 
284 127   1 -2  0 -9 
284 128  -1 -1  0 -9 
284 271  -1 -3  0 -9 
284 274  -1 -1  0 -9 
284 275   1 -2  0 -9 
284 277   1 -5  0 -9 
284 278  -1 -4  0 -9 
284 282   1 -2  0 -9 
284 283  -1 -1  0 -9 
284 284   1  0  0 -9 
285 125  -1 -2  0 -9 
285 126   1 -1  0 -9 
285 128  -1  0  0 -9 
285 273  -1  0  0 -9 
285 274  -1  0  0 -9 
285 275   1 -1  0 -9 
285 276   1  1  0 -9 
285 277   1 -4  0 -9 
285 278  -1 -3  0 -9 
285 279  -1 -3  0 -9 
285 280   1 -2  0 -9 
285 281   1  1  0 -9 
285 283  -1  0  0 -9 
285 284   1  1  0 -9 
285 285  -1  2  0 -9 
286 271  -1 -4  0 -9 
286 287   1 -3  0 -9 
287 269   1 -6  0 -9 
287 271  -1 -5  0 -9 
287 286   1 -3  0 -9 
288 288  -1 -6  0 -9 
289 279  -1 -4  0 -9 
289 288  -1 -4  0 -9 
289 290   1 -3  0 -9 
290 277   1 -6  0 -9 
290 279  -1 -5  0 -9 
290 288  -1 -5  0 -9 
290 289   1 -3  0 -9 
291 288  -1 -5  0 -9 
291 292   1 -3  0 -9 
292 288  -1 -4  0 -9 
292 291   1 -3  0 -9 
293 279  -1 -3  0 -9 
293 280   1 -2  0 -9 
293 281  -1 -1  0 -9 
293 288  -1 -3  0 -9 
293 289  -1 -1  0 -9 
293 290   1 -2  0 -9 
293 291   1 -2  0 -9 
293 292  -1 -1  0 -9 
293 293   1  0  0 -9 
294 269   1 -5  0 -9 
294 271   1 -2 -1 -4  0 -9 
294 278  -1 -3  0 -9 
294 279  -1 -3  0 -9 
294 280   1 -2  0 -9 
294 281  -1 -1  0 -9 
294 282  -1 -1  0 -9 
294 283   1 -2  0 -9 
294 286   1 -2  0 -9 
294 287  -1 -1  0 -9 
294 288  -1 -3  0 -9 
294 289  -1 -1  0 -9 
294 290   1 -2  0 -9 
294 291   1 -2  0 -9 
294 292  -1 -1  0 -9 
294 294   1  0  0 -9 
295 271   1 -1  0 -9 
295 279  -1 -2  0 -9 
295 280   1 -1  0 -9 
295 281  -1  0  0 -9 
295 282  -1  0  0 -9 
295 287  -1  0  0 -9 
295 288  -1 -2  0 -9 
295 289  -1  0  0 -9 
295 290   1 -1  0 -9 
295 291   1 -1  0 -9 
295 292  -1  0  0 -9 
295 293   1  1  0 -9 
295 294   1  1  0 -9 
295 295  -1  2  0 -9 
296 296   1 -8  0 -9 
297 60   1 -5  0 -9 
297 61  -1 -4  0 -9 
297 173  -1 -4  0 -9 
297 181   1 -5  0 -9 
297 182  -1 -4  0 -9 
297 183  -1 -4  0 -9 
297 221   1 -5  0 -9 
297 222  -1 -4  0 -9 
297 223  -1 -4  0 -9 
297 277   1 -5  0 -9 
297 278  -1 -4  0 -9 
297 279  -1 -4  0 -9 
297 296  -1 -4  0 -9 
297 298   1 -3  0 -9 
298 60   1 -6  0 -9 
298 61  -1 -5  0 -9 
298 173   1 -7  0 -9 
298 181   1 -6  0 -9 
298 182  -1 -5  0 -9 
298 183  -1 -5  0 -9 
298 221   1 -6  0 -9 
298 222  -1 -5  0 -9 
298 223  -1 -5  0 -9 
298 277   1 -6  0 -9 
298 278  -1 -5  0 -9 
298 279  -1 -5  0 -9 
298 296   1 -7  0 -9 
298 297   1 -3  0 -9 
299 60   1 -4  0 -9 
299 61  -1 -3  0 -9 
299 173  -1 -3  0 -9 
299 181   1 -4  0 -9 
299 182  -1 -3  0 -9 
299 183  -1 -3  0 -9 
299 184   1 -2  0 -9 
299 185  -1 -1  0 -9 
299 221   1 -4  0 -9 
299 222  -1 -3  0 -9 
299 223  -1 -3  0 -9 
299 224   1 -2  0 -9 
299 225  -1 -1  0 -9 
299 277   1 -4  0 -9 
299 278  -1 -3  0 -9 
299 279  -1 -3  0 -9 
299 280   1 -2  0 -9 
299 281  -1 -1  0 -9 
299 296  -1 -3  0 -9 
299 297  -1 -1  0 -9 
299 298   1 -2  0 -9 
299 299   1  0  0 -9 
300 296   1 -7  0 -9 
300 300  -1 -6  0 -9 
301 221   1 -6  0 -9 
301 223  -1 -5  0 -9 
301 300  -1 -4  0 -9 
301 302   1 -3  0 -9 
302 223  -1 -4  0 -9 
302 296   1 -6  0 -9 
302 300  -1 -5  0 -9 
302 301   1 -3  0 -9 
303 61  -1 -3  0 -9 
303 173  -1 -3  0 -9 
303 174   1 -2  0 -9 
303 175   1 -2  0 -9 
303 176  -1 -1  0 -9 
303 181   1 -4  1 -6  0 -9 
303 182  -1 -1 -1 -3 -1 -5  0 -9 
303 183  -1 -3  0 -9 
303 184   1 -2  0 -9 
303 185  -1 -1  0 -9 
303 223  -1 -3  0 -9 
303 277   1 -4  1 -6  0 -9 
303 278  -1 -1 -1 -3 -1 -5  0 -9 
303 279  -1 -3  0 -9 
303 280   1 -2  0 -9 
303 281  -1 -1  0 -9 
303 296  -1 -3  0 -9 
303 297  -1 -1  0 -9 
303 298   1 -2  0 -9 
303 300   1 -2  0 -9 
303 301   1 -2  0 -9 
303 302  -1 -1  0 -9 
303 303   1  0  0 -9 
304 173  -1 -2  0 -9 
304 174   1 -1  0 -9 
304 176  -1  0  0 -9 
304 181   1 -3  0 -9 
304 182  -1  0 -1 -2  0 -9 
304 183  -1 -2  0 -9 
304 184   1 -1  0 -9 
304 185  -1  0  0 -9 
304 225  -1  0  0 -9 
304 277   1 -3  0 -9 
304 278  -1  0 -1 -2  0 -9 
304 279  -1 -2  0 -9 
304 280   1 -1  0 -9 
304 281  -1  0  0 -9 
304 296  -1 -2  0 -9 
304 297  -1  0  0 -9 
304 298   1 -1  0 -9 
304 299   1  1  0 -9 
304 300   1 -1  0 -9 
304 302  -1  0  0 -9 
304 303   1  1  0 -9 
304 304  -1  2  0 -9 
305 248   1 -7  0 -9 
305 305  -1 -6  0 -9 
306 229   1 -6  0 -9 
306 231  -1 -5  0 -9 
306 278  -1 -4  0 -9 
306 305  -1 -4  0 -9 
306 307   1 -3  0 -9 
307 231  -1 -4  0 -9 
307 248   1 -6  0 -9 
307 277   1 -6  0 -9 
307 278  -1 -5  0 -9 
307 305  -1 -5  0 -9 
307 306   1 -3  0 -9 
308 231  -1 -3  0 -9 
308 248  -1 -3  0 -9 
308 249  -1 -1  0 -9 
308 250   1 -2  0 -9 
308 277   1 -5  0 -9 
308 278  -1 -4  0 -9 
308 305   1 -2  0 -9 
308 306   1 -2  0 -9 
308 307  -1 -1  0 -9 
308 308   1  0  0 -9 
309 233  -1  0  0 -9 
309 248  -1 -2  0 -9 
309 249  -1  0  0 -9 
309 250   1 -1  0 -9 
309 251   1  1  0 -9 
309 277   1 -4  0 -9 
309 278  -1 -3  0 -9 
309 279  -1 -3  0 -9 
309 280   1 -2  0 -9 
309 281   1  1  0 -9 
309 305   1 -1  0 -9 
309 307  -1  0  0 -9 
309 308   1  1  0 -9 
309 309  -1  2  0 -9 
310 223  -1 -3  0 -9 
310 248  -1 -4  0 -9 
310 253  -1 -1  0 -9 
310 254   1 -2  0 -9 
310 296   1 -5  0 -9 
310 300  -1 -4  0 -9 
310 301   1 -2  0 -9 
310 302  -1 -1  0 -9 
310 305   1 -3  0 -9 
310 310   1  0  0 -9 
311 296   1 -7  0 -9 
311 311  -1 -6  0 -9 
312 311  -1 -4  0 -9 
312 313   1 -3  0 -9 
313 296   1 -6  0 -9 
313 311  -1 -5  0 -9 
313 312   1 -3  0 -9 
314 296   1 -6  0 -9 
314 300  -1 -5  0 -9 
314 311  -1 -5  0 -9 
314 315   1 -3  0 -9 
315 296   1 -5  0 -9 
315 300  -1 -4  0 -9 
315 311  -1 -4  0 -9 
315 314   1 -3  0 -9 
316 311  -1 -3  0 -9 
316 312  -1 -1  0 -9 
316 313   1 -2  0 -9 
316 314   1 -2  0 -9 
316 315  -1 -1  0 -9 
316 316   1  0  0 -9 
317 221   1 -5  0 -9 
317 223   1 -2 -1 -4  0 -9 
317 238   1 -2  0 -9 
317 239  -1 -1  0 -9 
317 300  -1 -3  0 -9 
317 301  -1 -1  0 -9 
317 302   1 -2  0 -9 
317 311  -1 -3  0 -9 
317 312  -1 -1  0 -9 
317 313   1 -2  0 -9 
317 314   1 -2  0 -9 
317 315  -1 -1  0 -9 
317 317   1  0  0 -9 
318 223   1 -1  0 -9 
318 239  -1  0  0 -9 
318 301  -1  0  0 -9 
318 311  -1 -2  0 -9 
318 312  -1  0  0 -9 
318 313   1 -1  0 -9 
318 314   1 -1  0 -9 
318 315  -1  0  0 -9 
318 316   1  1  0 -9 
318 317   1  1  0 -9 
318 318  -1  2  0 -9 
319 248   1 -6  0 -9 
319 257  -1 -5  0 -9 
319 305  -1 -5  0 -9 
319 320   1 -3  0 -9 
320 248   1 -5  0 -9 
320 257  -1 -4  0 -9 
320 305  -1 -4  0 -9 
320 319   1 -3  0 -9 
321 257  -1 -3  0 -9 
321 258  -1 -1  0 -9 
321 259   1 -2  0 -9 
321 319   1 -2  0 -9 
321 320  -1 -1  0 -9 
321 321   1  0  0 -9 
322 248  -1 -3  0 -9 
322 253  -1  0  0 -9 
322 254   1 -1  0 -9 
322 258  -1  0  0 -9 
322 259   1 -1  0 -9 
322 261  -1  0  0 -9 
322 263   1  1  0 -9 
322 296   1 -4  0 -9 
322 300  -1 -3  0 -9 
322 302  -1  0  0 -9 
322 305   1 -2  0 -9 
322 310   1  1  0 -9 
322 311  -1 -3  0 -9 
322 314   1 -2  0 -9 
322 315   1  1  0 -9 
322 320  -1  0  0 -9 
322 321   1  1  0 -9 
322 322  -1  2  0 -9 
323 240  -1 -5  0 -9 
323 324   1 -3  0 -9 
324 240  -1 -4  0 -9 
324 323   1 -3  0 -9 
325 229   1 -5  0 -9 
325 231   1 -2 -1 -4  0 -9 
325 240   1 -2 -1 -4  0 -9 
325 241   1 -2  0 -9 
325 242  -1 -1  0 -9 
325 257  -1 -3  0 -9 
325 258  -1 -1  0 -9 
325 259   1 -2  0 -9 
325 278  -1 -3  0 -9 
325 279  -1 -3  0 -9 
325 280   1 -2  0 -9 
325 281  -1 -1  0 -9 
325 288  -1 -3  0 -9 
325 289  -1 -1  0 -9 
325 290   1 -2  0 -9 
325 291   1 -2  0 -9 
325 292  -1 -1  0 -9 
325 305  -1 -3  0 -9 
325 306  -1 -1  0 -9 
325 307   1 -2  0 -9 
325 319   1 -2  0 -9 
325 320  -1 -1  0 -9 
325 323  -1 -1  0 -9 
325 324   1 -2  0 -9 
325 325   1  0  0 -9 
326 231   1 -1  0 -9 
326 240   1 -1  0 -9 
326 242  -1  0  0 -9 
326 257  -1 -2  0 -9 
326 258  -1  0  0 -9 
326 259   1 -1  0 -9 
326 279  -1 -2  0 -9 
326 280   1 -1  0 -9 
326 281  -1  0  0 -9 
326 288  -1 -2  0 -9 
326 289  -1  0  0 -9 
326 290   1 -1  0 -9 
326 291   1 -1  0 -9 
326 292  -1  0  0 -9 
326 293   1  1  0 -9 
326 306  -1  0  0 -9 
326 319   1 -1  0 -9 
326 320  -1  0  0 -9 
326 321   1  1  0 -9 
326 323  -1  0  0 -9 
326 325   1  1  0 -9 
326 326  -1  2  0 -9 
327 240  -1 -3  0 -9 
327 265  -1 -1  0 -9 
327 266   1 -2  0 -9 
327 323   1 -2  0 -9 
327 324  -1 -1  0 -9 
327 327   1  0  0 -9 
328 244  -1  0  0 -9 
328 265  -1  0  0 -9 
328 266   1 -1  0 -9 
328 267   1  1  0 -9 
328 288  -1 -3  0 -9 
328 291   1 -2  0 -9 
328 292   1  1  0 -9 
328 324  -1  0  0 -9 
328 327   1  1  0 -9 
328 328  -1  2  0 -9 
329 329   1 -8  0 -9 
330 329   1 -7  0 -9 
330 330  -1 -6  0 -9 
331 329   1 -7  0 -9 
331 331  -1 -6  0 -9 
332 329   1 -6  0 -9 
332 330  -1 -5  0 -9 
332 331  -1 -5  0 -9 
332 333   1 -3  0 -9 
333 329   1 -5  0 -9 
333 330  -1 -4  0 -9 
333 331  -1 -4  0 -9 
333 332   1 -3  0 -9 
334 329   1 -5  0 -9 
334 330  -1 -4  0 -9 
334 331  -1 -4  0 -9 
334 335   1 -3  0 -9 
335 329   1 -6  0 -9 
335 330  -1 -5  0 -9 
335 331  -1 -5  0 -9 
335 334   1 -3  0 -9 
336 329   1 -4  0 -9 
336 330  -1 -3  0 -9 
336 331  -1 -3  0 -9 
336 332   1 -2  0 -9 
336 333  -1 -1  0 -9 
336 334  -1 -1  0 -9 
336 335   1 -2  0 -9 
336 336   1  0  0 -9 
337 337   1 -8  0 -9 
338 277   1 -5  0 -9 
338 278  -1 -4  0 -9 
338 279  -1 -4  0 -9 
338 337  -1 -4  0 -9 
338 339   1 -3  0 -9 
339 277   1 -6  0 -9 
339 278  -1 -5  0 -9 
339 279  -1 -5  0 -9 
339 337   1 -7  0 -9 
339 338   1 -3  0 -9 
340 277   1 -4  0 -9 
340 278  -1 -3  0 -9 
340 279  -1 -3  0 -9 
340 280   1 -2  0 -9 
340 281  -1 -1  0 -9 
340 337  -1 -3  0 -9 
340 338  -1 -1  0 -9 
340 339   1 -2  0 -9 
340 340   1  0  0 -9 
341 269   1 -7  0 -9 
341 337   1 -7  0 -9 
341 341  -1 -6  0 -9 
342 269   1 -5  0 -9 
342 271  -1 -4  0 -9 
342 341  -1 -4  0 -9 
342 343   1 -3  0 -9 
343 269   1 -6  0 -9 
343 271  -1 -5  0 -9 
343 337   1 -6  0 -9 
343 341  -1 -5  0 -9 
343 342   1 -3  0 -9 
344 123  -1 -3  0 -9 
344 124   1 -2 -1 -4  0 -9 
344 129  -1 -3  0 -9 
344 130   1 -2  0 -9 
344 131   1 -2  0 -9 
344 132  -1 -1  0 -9 
344 139   1 -4  1 -6  0 -9 
344 140  -1 -1 -1 -3 -1 -5  0 -9 
344 141  -1 -3  0 -9 
344 142   1 -2  0 -9 
344 143  -1 -1  0 -9 
344 144  -1 -1  0 -9 
344 145   1 -2  0 -9 
344 269  -1 -3  0 -9 
344 270   1 -2  0 -9 
344 271   1 -2 -1 -4  0 -9 
344 272  -1 -1  0 -9 
344 273   1 -2  0 -9 
344 277   1 -4  1 -6  0 -9 
344 278  -1 -1 -1 -3 -1 -5  0 -9 
344 279  -1 -3  0 -9 
344 280   1 -2  0 -9 
344 281  -1 -1  0 -9 
344 329   1 -4  1 -6  0 -9 
344 330  -1 -1 -1 -3 -1 -5  0 -9 
344 331  -1 -3  0 -9 
344 332   1 -2  0 -9 
344 333  -1 -1  0 -9 
344 334  -1 -1  0 -9 
344 335   1 -2  0 -9 
344 337  -1 -3  0 -9 
344 338  -1 -1  0 -9 
344 339   1 -2  0 -9 
344 341   1 -2  0 -9 
344 342   1 -2  0 -9 
344 343  -1 -1  0 -9 
344 344   1  0  0 -9 
345 123  -1 -2  0 -9 
345 124   1 -1  0 -9 
345 129  -1 -2  0 -9 
345 130   1 -1  0 -9 
345 132  -1  0  0 -9 
345 139   1 -3  0 -9 
345 140  -1  0 -1 -2  0 -9 
345 141  -1 -2  0 -9 
345 142   1 -1  0 -9 
345 143  -1  0  0 -9 
345 144  -1  0  0 -9 
345 145   1 -1  0 -9 
345 146   1  1  0 -9 
345 269  -1 -2  0 -9 
345 270   1 -1  0 -9 
345 271   1 -1  0 -9 
345 272  -1  0  0 -9 
345 277   1 -3  0 -9 
345 278  -1  0 -1 -2  0 -9 
345 279  -1 -2  0 -9 
345 280   1 -1  0 -9 
345 281  -1  0  0 -9 
345 329   1 -3  0 -9 
345 330  -1  0 -1 -2  0 -9 
345 331  -1 -2  0 -9 
345 332   1 -1  0 -9 
345 333  -1  0  0 -9 
345 334  -1  0  0 -9 
345 335   1 -1  0 -9 
345 336   1  1  0 -9 
345 337  -1 -2  0 -9 
345 338  -1  0  0 -9 
345 339   1 -1  0 -9 
345 340   1  1  0 -9 
345 341   1 -1  0 -9 
345 343  -1  0  0 -9 
345 344   1  1  0 -9 
345 345  -1  2  0 -9 
346 337   1 -7  0 -9 
346 346  -1 -6  0 -9 
347 346  -1 -4  0 -9 
347 348   1 -3  0 -9 
348 337   1 -6  0 -9 
348 346  -1 -5  0 -9 
348 347   1 -3  0 -9 
349 269   1 -6  0 -9 
349 271  -1 -5  0 -9 
349 337   1 -6  0 -9 
349 341  -1 -5  0 -9 
349 346  -1 -5  0 -9 
349 350   1 -3  0 -9 
350 269   1 -5  0 -9 
350 271  -1 -4  0 -9 
350 337   1 -5  0 -9 
350 341  -1 -4  0 -9 
350 346  -1 -4  0 -9 
350 349   1 -3  0 -9 
351 271  -1 -3  0 -9 
351 286  -1 -1  0 -9 
351 287   1 -2  0 -9 
351 346  -1 -3  0 -9 
351 347  -1 -1  0 -9 
351 348   1 -2  0 -9 
351 349   1 -2  0 -9 
351 350  -1 -1  0 -9 
351 351   1  0  0 -9 
352 269   1 -4  0 -9 
352 271  -1 -3  0 -9 
352 341  -1 -3  0 -9 
352 342  -1 -1  0 -9 
352 343   1 -2  0 -9 
352 346  -1 -3  0 -9 
352 347  -1 -1  0 -9 
352 348   1 -2  0 -9 
352 349   1 -2  0 -9 
352 350  -1 -1  0 -9 
352 352   1  0  0 -9 
353 286  -1  0  0 -9 
353 342  -1  0  0 -9 
353 346  -1 -2  0 -9 
353 347  -1  0  0 -9 
353 348   1 -1  0 -9 
353 349   1 -1  0 -9 
353 350  -1  0  0 -9 
353 351   1  1  0 -9 
353 352   1  1  0 -9 
353 353  -1  2  0 -9 
354 288  -1 -4  0 -9 
354 355   1 -3  0 -9 
355 288  -1 -5  0 -9 
355 354   1 -3  0 -9 
356 288  -1 -3  0 -9 
356 291   1 -2  0 -9 
356 292  -1 -1  0 -9 
356 354  -1 -1  0 -9 
356 355   1 -2  0 -9 
356 356   1  0  0 -9 
357 280   1 -1  0 -9 
357 281  -1  0  0 -9 
357 289  -1  0  0 -9 
357 291   1 -1  0 -9 
357 292  -1  0  0 -9 
357 293   1  1  0 -9 
357 338  -1  0  0 -9 
357 340   1  1  0 -9 
357 346  -1 -3  0 -9 
357 347   1  1  0 -9 
357 348   1 -2  0 -9 
357 354  -1  0  0 -9 
357 356   1  1  0 -9 
357 357  -1  2  0 -9 
358 358   1 -8  0 -9 
359 358   1 -7  0 -9 
359 359  -1 -6  0 -9 
360 358   1 -7  0 -9 
360 360  -1 -6  0 -9 
361 358   1 -6  0 -9 
361 359  -1 -5  0 -9 
361 360  -1 -5  0 -9 
361 362   1 -3  0 -9 
362 358   1 -5  0 -9 
362 359  -1 -4  0 -9 
362 360  -1 -4  0 -9 
362 361   1 -3  0 -9 
363 329   1 -6  0 -9 
363 331  -1 -5  0 -9 
363 359  -1 -4  0 -9 
363 364   1 -3  0 -9 
364 331  -1 -4  0 -9 
364 358   1 -6  0 -9 
364 359  -1 -5  0 -9 
364 363   1 -3  0 -9 
365 331  -1 -3  0 -9 
365 334  -1 -1  0 -9 
365 335   1 -2  0 -9 
365 358   1 -5  0 -9 
365 359  -1 -4  0 -9 
365 363   1 -2  0 -9 
365 364  -1 -1  0 -9 
365 365   1  0  0 -9 
366 333  -1  0  0 -9 
366 334  -1  0  0 -9 
366 335   1 -1  0 -9 
366 336   1  1  0 -9 
366 358   1 -4  0 -9 
366 359  -1 -3  0 -9 
366 360  -1 -3  0 -9 
366 361   1 -2  0 -9 
366 362   1  1  0 -9 
366 364  -1  0  0 -9 
366 365   1  1  0 -9 
366 366  -1  2  0 -9 
367 367   1 -8  0 -9 
368 358   1 -5  0 -9 
368 359  -1 -4  0 -9 
368 360  -1 -4  0 -9 
368 367  -1 -4  0 -9 
368 369   1 -3  0 -9 
369 358   1 -6  0 -9 
369 359  -1 -5  0 -9 
369 360  -1 -5  0 -9 
369 367   1 -7  0 -9 
369 368   1 -3  0 -9 
370 358   1 -4  0 -9 
370 359  -1 -3  0 -9 
370 360  -1 -3  0 -9 
370 361   1 -2  0 -9 
370 362  -1 -1  0 -9 
370 367  -1 -3  0 -9 
370 368  -1 -1  0 -9 
370 369   1 -2  0 -9 
370 370   1  0  0 -9 
371 367   1 -7  0 -9 
371 371  -1 -6  0 -9 
372 371  -1 -4  0 -9 
372 373   1 -3  0 -9 
373 367   1 -6  0 -9 
373 371  -1 -5  0 -9 
373 372   1 -3  0 -9 
374 358   1 -4  1 -6  0 -9 
374 359  -1 -1 -1 -3 -1 -5  0 -9 
374 360  -1 -3  0 -9 
374 361   1 -2  0 -9 
374 362  -1 -1  0 -9 
374 367  -1 -3  0 -9 
374 368  -1 -1  0 -9 
374 369   1 -2  0 -9 
374 371   1 -2  0 -9 
374 372   1 -2  0 -9 
374 373  -1 -1  0 -9 
374 374   1  0  0 -9 
375 358   1 -3  0 -9 
375 359  -1  0 -1 -2  0 -9 
375 360  -1 -2  0 -9 
375 361   1 -1  0 -9 
375 362  -1  0  0 -9 
375 367  -1 -2  0 -9 
375 368  -1  0  0 -9 
375 369   1 -1  0 -9 
375 370   1  1  0 -9 
375 371   1 -1  0 -9 
375 373  -1  0  0 -9 
375 374   1  1  0 -9 
375 375  -1  2  0 -9 
376 337   1 -7  0 -9 
376 376  -1 -6  0 -9 
377 376  -1 -4  0 -9 
377 378   1 -3  0 -9 
378 337   1 -6  0 -9 
378 376  -1 -5  0 -9 
378 377   1 -3  0 -9 
379 277   1 -4  1 -6  0 -9 
379 278  -1 -1 -1 -3 -1 -5  0 -9 
379 279  -1 -3  0 -9 
379 280   1 -2  0 -9 
379 281  -1 -1  0 -9 
379 337  -1 -3  0 -9 
379 338  -1 -1  0 -9 
379 339   1 -2  0 -9 
379 376   1 -2  0 -9 
379 377   1 -2  0 -9 
379 378  -1 -1  0 -9 
379 379   1  0  0 -9 
380 277   1 -3  0 -9 
380 278  -1  0 -1 -2  0 -9 
380 279  -1 -2  0 -9 
380 280   1 -1  0 -9 
380 281  -1  0  0 -9 
380 337  -1 -2  0 -9 
380 338  -1  0  0 -9 
380 339   1 -1  0 -9 
380 340   1  1  0 -9 
380 376   1 -1  0 -9 
380 378  -1  0  0 -9 
380 379   1  1  0 -9 
380 380  -1  2  0 -9 
381 156   1 -5  0 -9 
381 160  -1 -4  0 -9 
381 161   1 -2  0 -9 
381 162  -1 -1  0 -9 
381 271  -1 -3  0 -9 
381 277   1 -5  0 -9 
381 278  -1 -4  0 -9 
381 282   1 -2  0 -9 
381 283  -1 -1  0 -9 
381 337  -1 -4  0 -9 
381 342  -1 -1  0 -9 
381 343   1 -2  0 -9 
381 367   1 -5  0 -9 
381 371  -1 -4  0 -9 
381 372   1 -2  0 -9 
381 373  -1 -1  0 -9 
381 376   1 -3  0 -9 
381 381   1  0  0 -9 
382 367   1 -7  0 -9 
382 382  -1 -6  0 -9 
383 382  -1 -4  0 -9 
383 384   1 -3  0 -9 
384 367   1 -6  0 -9 
384 382  -1 -5  0 -9 
384 383   1 -3  0 -9 
385 367   1 -6  0 -9 
385 371  -1 -5  0 -9 
385 382  -1 -5  0 -9 
385 386   1 -3  0 -9 
386 367   1 -5  0 -9 
386 371  -1 -4  0 -9 
386 382  -1 -4  0 -9 
386 385   1 -3  0 -9 
387 382  -1 -3  0 -9 
387 383  -1 -1  0 -9 
387 384   1 -2  0 -9 
387 385   1 -2  0 -9 
387 386  -1 -1  0 -9 
387 387   1  0  0 -9 
388 371  -1 -3  0 -9 
388 372  -1 -1  0 -9 
388 373   1 -2  0 -9 
388 382  -1 -3  0 -9 
388 383  -1 -1  0 -9 
388 384   1 -2  0 -9 
388 385   1 -2  0 -9 
388 386  -1 -1  0 -9 
388 388   1  0  0 -9 
389 372  -1  0  0 -9 
389 382  -1 -2  0 -9 
389 383  -1  0  0 -9 
389 384   1 -1  0 -9 
389 385   1 -1  0 -9 
389 386  -1  0  0 -9 
389 387   1  1  0 -9 
389 388   1  1  0 -9 
389 389  -1  2  0 -9 
390 337   1 -6  0 -9 
390 346  -1 -5  0 -9 
390 376  -1 -5  0 -9 
390 391   1 -3  0 -9 
391 337   1 -5  0 -9 
391 346  -1 -4  0 -9 
391 376  -1 -4  0 -9 
391 390   1 -3  0 -9 
392 346  -1 -3  0 -9 
392 347  -1 -1  0 -9 
392 348   1 -2  0 -9 
392 390   1 -2  0 -9 
392 391  -1 -1  0 -9 
392 392   1  0  0 -9 
393 156   1 -4  0 -9 
393 160  -1 -3  0 -9 
393 162  -1  0  0 -9 
393 165  -1 -3  0 -9 
393 168   1 -2  0 -9 
393 169   1  1  0 -9 
393 277   1 -4  0 -9 
393 278  -1 -3  0 -9 
393 279  -1 -3  0 -9 
393 280   1 -2  0 -9 
393 281   1  1  0 -9 
393 283  -1  0  0 -9 
393 288  -1 -3  0 -9 
393 291   1 -2  0 -9 
393 292   1  1  0 -9 
393 337  -1 -3  0 -9 
393 342  -1  0  0 -9 
393 343   1 -1  0 -9 
393 347  -1  0  0 -9 
393 348   1 -1  0 -9 
393 350  -1  0  0 -9 
393 352   1  1  0 -9 
393 367   1 -4  0 -9 
393 371  -1 -3  0 -9 
393 373  -1  0  0 -9 
393 376   1 -2  0 -9 
393 381   1  1  0 -9 
393 382  -1 -3  0 -9 
393 385   1 -2  0 -9 
393 386   1  1  0 -9 
393 391  -1  0  0 -9 
393 392   1  1  0 -9 
393 393  -1  2  0 -9 
394 395   1 -3  0 -9 
395 394   1 -3  0 -9 
396 346  -1 -3  0 -9 
396 347  -1 -1  0 -9 
396 348   1 -2  0 -9 
396 376  -1 -3  0 -9 
396 377  -1 -1  0 -9 
396 378   1 -2  0 -9 
396 390   1 -2  0 -9 
396 391  -1 -1  0 -9 
396 394  -1 -1  0 -9 
396 395   1 -2  0 -9 
396 396   1  0  0 -9 
397 346  -1 -2  0 -9 
397 347  -1  0  0 -9 
397 348   1 -1  0 -9 
397 377  -1  0  0 -9 
397 390   1 -1  0 -9 
397 391  -1  0  0 -9 
397 392   1  1  0 -9 
397 394  -1  0  0 -9 
397 396   1  1  0 -9 
397 397  -1  2  0 -9 
398 288  -1 -3  0 -9 
398 291   1 -2  0 -9 
398 292  -1 -1  0 -9 
398 354  -1 -1  0 -9 
398 355   1 -2  0 -9 
398 394   1 -2  0 -9 
398 395  -1 -1  0 -9 
398 398   1  0  0 -9 
399 288  -1 -2  0 -9 
399 291   1 -1  0 -9 
399 292  -1  0  0 -9 
399 354  -1  0  0 -9 
399 355   1 -1  0 -9 
399 356   1  1  0 -9 
399 395  -1  0  0 -9 
399 398   1  1  0 -9 
399 399  -1  2  0 -9 
400 156  -1 -4  0 -9 
400 248  -1 -4  0 -9 
400 296   1 -5  0 -9 
400 300  -1 -4  0 -9 
400 311  -1 -4  0 -9 
400 367  -1 -4  0 -9 
400 401   1 -3  0 -9 
401 156   1 -7  0 -9 
401 248   1 -7  0 -9 
401 296   1 -6  0 -9 
401 300  -1 -5  0 -9 
401 311  -1 -5  0 -9 
401 367   1 -7  0 -9 
401 400   1 -3  0 -9 
402 156  -1 -3  0 -9 
402 248  -1 -3  0 -9 
402 296   1 -4  0 -9 
402 300  -1 -3  0 -9 
402 311  -1 -3  0 -9 
402 314   1 -2  0 -9 
402 315  -1 -1  0 -9 
402 367  -1 -3  0 -9 
402 400  -1 -1  0 -9 
402 401   1 -2  0 -9 
402 402   1  0  0 -9 
403 165  -1 -3  0 -9 
403 166   1  1  0 -9 
403 167   1 -2  0 -9 
403 257  -1 -3  0 -9 
403 258   1  1  0 -9 
403 259   1 -2  0 -9 
403 312  -1  0  0 -9 
403 314   1 -1  0 -9 
403 315  -1  0  0 -9 
403 316   1  1  0 -9 
403 382  -1 -3  0 -9 
403 383   1  1  0 -9 
403 384   1 -2  0 -9 
403 400  -1  0  0 -9 
403 402   1  1  0 -9 
403 403  -1  2  0 -9 
404 305  -1 -4  0 -9 
404 405   1 -3  0 -9 
405 248   1 -6  0 -9 
405 305  -1 -5  0 -9 
405 404   1 -3  0 -9 
406 257  -1 -3  0 -9 
406 258  -1 -1  0 -9 
406 259   1 -2  0 -9 
406 305  -1 -3  0 -9 
406 319   1 -2  0 -9 
406 320  -1 -1  0 -9 
406 404  -1 -1  0 -9 
406 405   1 -2  0 -9 
406 406   1  0  0 -9 
407 257  -1 -2  0 -9 
407 258  -1  0  0 -9 
407 259   1 -1  0 -9 
407 319   1 -1  0 -9 
407 320  -1  0  0 -9 
407 321   1  1  0 -9 
407 404  -1  0  0 -9 
407 406   1  1  0 -9 
407 407  -1  2  0 -9 
408 156  -1 -3  0 -9 
408 160   1 -2  0 -9 
408 161   1 -2  0 -9 
408 162  -1 -1  0 -9 
408 248  -1 -3  0 -9 
408 296   1 -4  1 -6  0 -9 
408 300  -1 -1 -1 -3 -1 -5  0 -9 
408 305   1 -2  0 -9 
408 311  -1 -3  0 -9 
408 314   1 -2  0 -9 
408 315  -1 -1  0 -9 
408 367  -1 -3  0 -9 
408 371   1 -2  0 -9 
408 372   1 -2  0 -9 
408 373  -1 -1  0 -9 
408 400  -1 -1  0 -9 
408 401   1 -2  0 -9 
408 404   1 -2  0 -9 
408 405  -1 -1  0 -9 
408 408   1  0  0 -9 
409 156  -1 -2  0 -9 
409 160   1 -1  0 -9 
409 162  -1  0  0 -9 
409 248  -1 -2  0 -9 
409 296   1 -3  0 -9 
409 300  -1  0 -1 -2  0 -9 
409 305   1 -1  0 -9 
409 311  -1 -2  0 -9 
409 314   1 -1  0 -9 
409 315  -1  0  0 -9 
409 367  -1 -2  0 -9 
409 371   1 -1  0 -9 
409 373  -1  0  0 -9 
409 400  -1  0  0 -9 
409 401   1 -1  0 -9 
409 402   1  1  0 -9 
409 405  -1  0  0 -9 
409 408   1  1  0 -9 
409 409  -1  2  0 -9 
410 240  -1 -3  0 -9 
410 265  -1 -1  0 -9 
410 266   1 -2  0 -9 
410 323   1 -2  0 -9 
410 324  -1 -1  0 -9 
410 394  -1 -1  0 -9 
410 395   1 -2  0 -9 
410 410   1  0  0 -9 
411 240  -1 -2  0 -9 
411 265  -1  0  0 -9 
411 266   1 -1  0 -9 
411 323   1 -1  0 -9 
411 324  -1  0  0 -9 
411 327   1  1  0 -9 
411 394  -1  0  0 -9 
411 410   1  1  0 -9 
411 411  -1  2  0 -9 
412 331  -1 -4  0 -9 
412 413   1 -3  0 -9 
413 329   1 -6  0 -9 
413 331  -1 -5  0 -9 
413 412   1 -3  0 -9 
414 414  -1 -6  0 -9 
415 414  -1 -4  0 -9 
415 416   1 -3  0 -9 
416 414  -1 -5  0 -9 
416 415   1 -3  0 -9 
417 414  -1 -5  0 -9 
417 418   1 -3  0 -9 
418 414  -1 -4  0 -9 
418 417   1 -3  0 -9 
419 331  -1 -3  0 -9 
419 332   1 -2  0 -9 
419 333  -1 -1  0 -9 
419 412  -1 -1  0 -9 
419 413   1 -2  0 -9 
419 414  -1 -3  0 -9 
419 415  -1 -1  0 -9 
419 416   1 -2  0 -9 
419 417   1 -2  0 -9 
419 418  -1 -1  0 -9 
419 419   1  0  0 -9 
420 414  -1 -3  0 -9 
420 415  -1 -1  0 -9 
420 416   1 -2  0 -9 
420 417   1 -2  0 -9 
420 418  -1 -1  0 -9 
420 420   1  0  0 -9 
421 332   1 -1  0 -9 
421 333  -1  0  0 -9 
421 334  -1  0  0 -9 
421 336   1  1  0 -9 
421 412  -1  0  0 -9 
421 414  -1 -2  0 -9 
421 415  -1  0  0 -9 
421 416   1 -1  0 -9 
421 417   1 -1  0 -9 
421 418  -1  0  0 -9 
421 419   1  1  0 -9 
421 420   1  1  0 -9 
421 421  -1  2  0 -9 
422 422  -1 -6  0 -9 
423 360  -1 -4  0 -9 
423 422  -1 -4  0 -9 
423 424   1 -3  0 -9 
424 358   1 -6  0 -9 
424 360  -1 -5  0 -9 
424 422  -1 -5  0 -9 
424 423   1 -3  0 -9 
425 422  -1 -5  0 -9 
425 426   1 -3  0 -9 
426 422  -1 -4  0 -9 
426 425   1 -3  0 -9 
427 360  -1 -3  0 -9 
427 361   1 -2  0 -9 
427 362  -1 -1  0 -9 
427 422  -1 -3  0 -9 
427 423  -1 -1  0 -9 
427 424   1 -2  0 -9 
427 425   1 -2  0 -9 
427 426  -1 -1  0 -9 
427 427   1  0  0 -9 
428 329   1 -5  0 -9 
428 331   1 -2 -1 -4  0 -9 
428 359  -1 -3  0 -9 
428 360  -1 -3  0 -9 
428 361   1 -2  0 -9 
428 362  -1 -1  0 -9 
428 363  -1 -1  0 -9 
428 364   1 -2  0 -9 
428 412   1 -2  0 -9 
428 413  -1 -1  0 -9 
428 422  -1 -3  0 -9 
428 423  -1 -1  0 -9 
428 424   1 -2  0 -9 
428 425   1 -2  0 -9 
428 426  -1 -1  0 -9 
428 428   1  0  0 -9 
429 331   1 -1  0 -9 
429 360  -1 -2  0 -9 
429 361   1 -1  0 -9 
429 362  -1  0  0 -9 
429 363  -1  0  0 -9 
429 413  -1  0  0 -9 
429 422  -1 -2  0 -9 
429 423  -1  0  0 -9 
429 424   1 -1  0 -9 
429 425   1 -1  0 -9 
429 426  -1  0  0 -9 
429 427   1  1  0 -9 
429 428   1  1  0 -9 
429 429  -1  2  0 -9 
430 414  -1 -5  0 -9 
430 431   1 -3  0 -9 
431 414  -1 -4  0 -9 
431 430   1 -3  0 -9 
432 414  -1 -3  0 -9 
432 415  -1 -1  0 -9 
432 416   1 -2  0 -9 
432 430   1 -2  0 -9 
432 431  -1 -1  0 -9 
432 432   1  0  0 -9 
433 415  -1  0  0 -9 
433 416   1 -1  0 -9 
433 418  -1  0  0 -9 
433 420   1  1  0 -9 
433 422  -1 -3  0 -9 
433 425   1 -2  0 -9 
433 426   1  1  0 -9 
433 431  -1  0  0 -9 
433 432   1  1  0 -9 
433 433  -1  2  0 -9 
434 422  -1 -4  0 -9 
434 435   1 -3  0 -9 
435 422  -1 -5  0 -9 
435 434   1 -3  0 -9 
436 422  -1 -3  0 -9 
436 425   1 -2  0 -9 
436 426  -1 -1  0 -9 
436 434  -1 -1  0 -9 
436 435   1 -2  0 -9 
436 436   1  0  0 -9 
437 361   1 -1  0 -9 
437 362  -1  0  0 -9 
437 368  -1  0  0 -9 
437 370   1  1  0 -9 
437 382  -1 -3  0 -9 
437 383   1  1  0 -9 
437 384   1 -2  0 -9 
437 414  -1 -3  0 -9 
437 415   1  1  0 -9 
437 416   1 -2  0 -9 
437 423  -1  0  0 -9 
437 425   1 -1  0 -9 
437 426  -1  0  0 -9 
437 427   1  1  0 -9 
437 434  -1  0  0 -9 
437 436   1  1  0 -9 
437 437  -1  2  0 -9 
438 439   1 -3  0 -9 
439 438   1 -3  0 -9 
440 414  -1 -3  0 -9 
440 415  -1 -1  0 -9 
440 416   1 -2  0 -9 
440 430   1 -2  0 -9 
440 431  -1 -1  0 -9 
440 438  -1 -1  0 -9 
440 439   1 -2  0 -9 
440 440   1  0  0 -9 
441 414  -1 -2  0 -9 
441 415  -1  0  0 -9 
441 416   1 -1  0 -9 
441 430   1 -1  0 -9 
441 431  -1  0  0 -9 
441 432   1  1  0 -9 
441 438  -1  0  0 -9 
441 440   1  1  0 -9 
441 441  -1  2  0 -9 
442 422  -1 -3  0 -9 
442 425   1 -2  0 -9 
442 426  -1 -1  0 -9 
442 434  -1 -1  0 -9 
442 435   1 -2  0 -9 
442 438   1 -2  0 -9 
442 439  -1 -1  0 -9 
442 442   1  0  0 -9 
443 422  -1 -2  0 -9 
443 425   1 -1  0 -9 
443 426  -1  0  0 -9 
443 434  -1  0  0 -9 
443 435   1 -1  0 -9 
443 436   1  1  0 -9 
443 439  -1  0  0 -9 
443 442   1  1  0 -9 
443 443  -1  2  0 -9 
444 444   1 -8  0 -9 
445 444   1 -7  0 -9 
445 445  -1 -6  0 -9 
446 445  -1 -4  0 -9 
446 447   1 -3  0 -9 
447 444   1 -6  0 -9 
447 445  -1 -5  0 -9 
447 446   1 -3  0 -9 
448 448   1 -8  0 -9 
449 448  -1 -4  0 -9 
449 450   1 -3  0 -9 
450 448   1 -7  0 -9 
450 449   1 -3  0 -9 
451 448  -1 -3  0 -9 
451 449  -1 -1  0 -9 
451 450   1 -2  0 -9 
451 451   1  0  0 -9 
452 129   1 -7  0 -9 
452 448   1 -7  0 -9 
452 452  -1 -6  0 -9 
453 452  -1 -4  0 -9 
453 454   1 -3  0 -9 
454 129   1 -6  0 -9 
454 448   1 -6  0 -9 
454 452  -1 -5  0 -9 
454 453   1 -3  0 -9 
455 129  -1 -3  0 -9 
455 139   1 -4  1 -6  0 -9 
455 140  -1 -1 -1 -3 -1 -5  0 -9 
455 141  -1 -3  0 -9 
455 142   1 -2  0 -9 
455 143  -1 -1  0 -9 
455 144  -1 -1  0 -9 
455 145   1 -2  0 -9 
455 448  -1 -3  0 -9 
455 449  -1 -1  0 -9 
455 450   1 -2  0 -9 
455 452   1 -2  0 -9 
455 453   1 -2  0 -9 
455 454  -1 -1  0 -9 
455 455   1  0  0 -9 
456 129  -1 -2  0 -9 
456 139   1 -3  0 -9 
456 140  -1  0 -1 -2  0 -9 
456 141  -1 -2  0 -9 
456 142   1 -1  0 -9 
456 143  -1  0  0 -9 
456 144  -1  0  0 -9 
456 145   1 -1  0 -9 
456 146   1  1  0 -9 
456 448  -1 -2  0 -9 
456 449  -1  0  0 -9 
456 450   1 -1  0 -9 
456 451   1  1  0 -9 
456 452   1 -1  0 -9 
456 454  -1  0  0 -9 
456 455   1  1  0 -9 
456 456  -1  2  0 -9 
457 156  -1 -4  0 -9 
457 458   1 -3  0 -9 
458 156   1 -7  0 -9 
458 457   1 -3  0 -9 
459 156  -1 -3  0 -9 
459 457  -1 -1  0 -9 
459 458   1 -2  0 -9 
459 459   1  0  0 -9 
460 165  -1 -3  0 -9 
460 166   1  1  0 -9 
460 167   1 -2  0 -9 
460 457  -1  0  0 -9 
460 459   1  1  0 -9 
460 460  -1  2  0 -9 
461 461   1 -8  0 -9 
462 461   1 -7  0 -9 
462 462  -1 -6  0 -9 
463 462  -1 -4  0 -9 
463 464   1 -3  0 -9 
464 461   1 -6  0 -9 
464 462  -1 -5  0 -9 
464 463   1 -3  0 -9 
465 66   1 -7  0 -9 
465 444   1 -7  0 -9 
465 465  -1 -6  0 -9 
466 61  -1 -3  0 -9 
466 62   1 -5  0 -9 
466 63  -1 -4  0 -9 
466 64   1 -2  0 -9 
466 65  -1 -1  0 -9 
466 66  -1 -4  0 -9 
466 68  -1 -1  0 -9 
466 69   1 -2  0 -9 
466 444  -1 -4  0 -9 
466 446  -1 -1  0 -9 
466 447   1 -2  0 -9 
466 461   1 -5  0 -9 
466 462  -1 -4  0 -9 
466 463   1 -2  0 -9 
466 464  -1 -1  0 -9 
466 465   1 -3  0 -9 
466 466   1  0  0 -9 
467 467   1 -8  0 -9 
468 467  -1 -4  0 -9 
468 469   1 -3  0 -9 
469 467   1 -7  0 -9 
469 468   1 -3  0 -9 
470 467  -1 -3  0 -9 
470 468  -1 -1  0 -9 
470 469   1 -2  0 -9 
470 470   1  0  0 -9 
471 66   1 -7  0 -9 
471 467   1 -7  0 -9 
471 471  -1 -6  0 -9 
472 471  -1 -4  0 -9 
472 473   1 -3  0 -9 
473 66   1 -6  0 -9 
473 467   1 -6  0 -9 
473 471  -1 -5  0 -9 
473 472   1 -3  0 -9 
474 66  -1 -3  0 -9 
474 76   1 -4  1 -6  0 -9 
474 77  -1 -1 -1 -3 -1 -5  0 -9 
474 78  -1 -3  0 -9 
474 79   1 -2  0 -9 
474 80  -1 -1  0 -9 
474 81  -1 -1  0 -9 
474 82   1 -2  0 -9 
474 467  -1 -3  0 -9 
474 468  -1 -1  0 -9 
474 469   1 -2  0 -9 
474 471   1 -2  0 -9 
474 472   1 -2  0 -9 
474 473  -1 -1  0 -9 
474 474   1  0  0 -9 
475 66  -1 -2  0 -9 
475 76   1 -3  0 -9 
475 77  -1  0 -1 -2  0 -9 
475 78  -1 -2  0 -9 
475 79   1 -1  0 -9 
475 80  -1  0  0 -9 
475 81  -1  0  0 -9 
475 82   1 -1  0 -9 
475 83   1  1  0 -9 
475 467  -1 -2  0 -9 
475 468  -1  0  0 -9 
475 469   1 -1  0 -9 
475 470   1  1  0 -9 
475 471   1 -1  0 -9 
475 473  -1  0  0 -9 
475 474   1  1  0 -9 
475 475  -1  2  0 -9 
476 70   1 -7  0 -9 
476 93   1 -7  0 -9 
476 448   1 -7  0 -9 
476 476  -1 -6  0 -9 
477 476  -1 -4  0 -9 
477 478   1 -3  0 -9 
478 70   1 -6  0 -9 
478 93   1 -6  0 -9 
478 448   1 -6  0 -9 
478 476  -1 -5  0 -9 
478 477   1 -3  0 -9 
479 70  -1 -3  0 -9 
479 84   1 -4  1 -6  0 -9 
479 85  -1 -1 -1 -3 -1 -5  0 -9 
479 86  -1 -3  0 -9 
479 87   1 -2  0 -9 
479 88  -1 -1  0 -9 
479 93  -1 -3  0 -9 
479 94  -1 -1  0 -9 
479 95   1 -2  0 -9 
479 448  -1 -3  0 -9 
479 449  -1 -1  0 -9 
479 450   1 -2  0 -9 
479 476   1 -2  0 -9 
479 477   1 -2  0 -9 
479 478  -1 -1  0 -9 
479 479   1  0  0 -9 
480 70  -1 -2  0 -9 
480 84   1 -3  0 -9 
480 85  -1  0 -1 -2  0 -9 
480 86  -1 -2  0 -9 
480 87   1 -1  0 -9 
480 88  -1  0  0 -9 
480 93  -1 -2  0 -9 
480 94  -1  0  0 -9 
480 95   1 -1  0 -9 
480 96   1  1  0 -9 
480 448  -1 -2  0 -9 
480 449  -1  0  0 -9 
480 450   1 -1  0 -9 
480 451   1  1  0 -9 
480 476   1 -1  0 -9 
480 478  -1  0  0 -9 
480 479   1  1  0 -9 
480 480  -1  2  0 -9 
481  1  -1 -3  0 -9 
481  2   1 -5  0 -9 
481  8  -1 -3  0 -9 
481 66   1 -5  0 -9 
481 70  -1 -4  0 -9 
481 72  -1 -1  0 -9 
481 73   1 -2  0 -9 
481 74  -1 -4  0 -9 
481 78  -1 -3  0 -9 
481 81  -1 -1  0 -9 
481 82   1 -2  0 -9 
481 84   1 -5  0 -9 
481 85  -1 -4  0 -9 
481 89   1 -2  0 -9 
481 90  -1 -1  0 -9 
481 93  -1 -4  0 -9 
481 98  -1 -1  0 -9 
481 99   1 -2  0 -9 
481 129  -1 -4  0 -9 
481 133   1 -5  0 -9 
481 134  -1 -4  0 -9 
481 135   1 -2  0 -9 
481 136  -1 -1  0 -9 
481 137   1 -3  0 -9 
481 156   1 -5  0 -9 
481 160  -1 -4  0 -9 
481 161   1 -2  0 -9 
481 162  -1 -1  0 -9 
481 448  -1 -4  0 -9 
481 453  -1 -1  0 -9 
481 454   1 -2  0 -9 
481 467   1 -5  0 -9 
481 471  -1 -4  0 -9 
481 472   1 -2  0 -9 
481 473  -1 -1  0 -9 
481 476   1 -3  0 -9 
481 481   1  0  0 -9 
482 93  -1 -4  0 -9 
482 483   1 -3  0 -9 
483 93   1 -7  0 -9 
483 482   1 -3  0 -9 
484 93  -1 -3  0 -9 
484 482  -1 -1  0 -9 
484 483   1 -2  0 -9 
484 484   1  0  0 -9 
485 102  -1 -3  0 -9 
485 103   1  1  0 -9 
485 104   1 -2  0 -9 
485 482  -1  0  0 -9 
485 484   1  1  0 -9 
485 485  -1  2  0 -9 
486  6   1 -4  1 -6  0 -9 
486  8  -1 -3  0 -9 
486 93   1 -2  1 -6  0 -9 
486 97  -1 -1 -1 -3 -1 -5  0 -9 
486 98  -1 -1  0 -9 
486 99   1 -2  0 -9 
486 102  -1 -3  0 -9 
486 103  -1 -1  0 -9 
486 104   1 -2  0 -9 
486 105   1 -2  0 -9 
486 106  -1 -1  0 -9 
486 156  -1 -3  0 -9 
486 160   1 -2  0 -9 
486 161   1 -2  0 -9 
486 162  -1 -1  0 -9 
486 457  -1 -1  0 -9 
486 458   1 -2  0 -9 
486 482   1 -2  0 -9 
486 483  -1 -1  0 -9 
486 486   1  0  0 -9 
487  6   1 -3  0 -9 
487  8  -1 -2  0 -9 
487 93   1 -1  0 -9 
487 97  -1  0 -1 -2  0 -9 
487 98  -1  0  0 -9 
487 99   1 -1  0 -9 
487 102  -1 -2  0 -9 
487 103  -1  0  0 -9 
487 104   1 -1  0 -9 
487 105   1 -1  0 -9 
487 106  -1  0  0 -9 
487 108   1  1  0 -9 
487 156  -1 -2  0 -9 
487 160   1 -1  0 -9 
487 162  -1  0  0 -9 
487 457  -1  0  0 -9 
487 458   1 -1  0 -9 
487 459   1  1  0 -9 
487 483  -1  0  0 -9 
487 486   1  1  0 -9 
487 487  -1  2  0 -9 
488 488   1 -8  0 -9 
489 488   1 -7  0 -9 
489 489  -1 -6  0 -9 
490 488   1 -7  0 -9 
490 490  -1 -6  0 -9 
491 488   1 -6  0 -9 
491 489  -1 -5  0 -9 
491 490  -1 -5  0 -9 
491 492   1 -3  0 -9 
492 488   1 -5  0 -9 
492 489  -1 -4  0 -9 
492 490  -1 -4  0 -9 
492 491   1 -3  0 -9 
493 444  -1 -4  0 -9 
493 488   1 -5  0 -9 
493 489  -1 -4  0 -9 
493 490  -1 -4  0 -9 
493 494   1 -3  0 -9 
494 444   1 -7  0 -9 
494 488   1 -6  0 -9 
494 489  -1 -5  0 -9 
494 490  -1 -5  0 -9 
494 493   1 -3  0 -9 
495 444  -1 -3  0 -9 
495 488   1 -4  0 -9 
495 489  -1 -3  0 -9 
495 490  -1 -3  0 -9 
495 491   1 -2  0 -9 
495 492  -1 -1  0 -9 
495 493  -1 -1  0 -9 
495 494   1 -2  0 -9 
495 495   1  0  0 -9 
496 496   1 -8  0 -9 
497 496  -1 -4  0 -9 
497 498   1 -3  0 -9 
498 496   1 -7  0 -9 
498 497   1 -3  0 -9 
499 496  -1 -3  0 -9 
499 497  -1 -1  0 -9 
499 498   1 -2  0 -9 
499 499   1  0  0 -9 
500 496   1 -7  0 -9 
500 500  -1 -6  0 -9 
501 500  -1 -4  0 -9 
501 502   1 -3  0 -9 
502 496   1 -6  0 -9 
502 500  -1 -5  0 -9 
502 501   1 -3  0 -9 
503 444  -1 -3  0 -9 
503 445   1 -2  0 -9 
503 446   1 -2  0 -9 
503 447  -1 -1  0 -9 
503 488   1 -4  1 -6  0 -9 
503 489  -1 -1 -1 -3 -1 -5  0 -9 
503 490  -1 -3  0 -9 
503 491   1 -2  0 -9 
503 492  -1 -1  0 -9 
503 493  -1 -1  0 -9 
503 494   1 -2  0 -9 
503 496  -1 -3  0 -9 
503 497  -1 -1  0 -9 
503 498   1 -2  0 -9 
503 500   1 -2  0 -9 
503 501   1 -2  0 -9 
503 502  -1 -1  0 -9 
503 503   1  0  0 -9 
504 444  -1 -2  0 -9 
504 445   1 -1  0 -9 
504 447  -1  0  0 -9 
504 488   1 -3  0 -9 
504 489  -1  0 -1 -2  0 -9 
504 490  -1 -2  0 -9 
504 491   1 -1  0 -9 
504 492  -1  0  0 -9 
504 493  -1  0  0 -9 
504 494   1 -1  0 -9 
504 495   1  1  0 -9 
504 496  -1 -2  0 -9 
504 497  -1  0  0 -9 
504 498   1 -1  0 -9 
504 499   1  1  0 -9 
504 500   1 -1  0 -9 
504 502  -1  0  0 -9 
504 503   1  1  0 -9 
504 504  -1  2  0 -9 
505 496   1 -7  0 -9 
505 505  -1 -6  0 -9 
506 505  -1 -4  0 -9 
506 507   1 -3  0 -9 
507 496   1 -6  0 -9 
507 505  -1 -5  0 -9 
507 506   1 -3  0 -9 
508 496   1 -6  0 -9 
508 500  -1 -5  0 -9 
508 505  -1 -5  0 -9 
508 509   1 -3  0 -9 
509 496   1 -5  0 -9 
509 500  -1 -4  0 -9 
509 505  -1 -4  0 -9 
509 508   1 -3  0 -9 
510 505  -1 -3  0 -9 
510 506  -1 -1  0 -9 
510 507   1 -2  0 -9 
510 508   1 -2  0 -9 
510 509  -1 -1  0 -9 
510 510   1  0  0 -9 
511 500  -1 -3  0 -9 
511 501  -1 -1  0 -9 
511 502   1 -2  0 -9 
511 505  -1 -3  0 -9 
511 506  -1 -1  0 -9 
511 507   1 -2  0 -9 
511 508   1 -2  0 -9 
511 509  -1 -1  0 -9 
511 511   1  0  0 -9 
512 501  -1  0  0 -9 
512 505  -1 -2  0 -9 
512 506  -1  0  0 -9 
512 507   1 -1  0 -9 
512 508   1 -1  0 -9 
512 509  -1  0  0 -9 
512 510   1  1  0 -9 
512 511   1  1  0 -9 
512 512  -1  2  0 -9 
513 514   1 -3  0 -9 
514 513   1 -3  0 -9 
515 513  -1 -1  0 -9 
515 514   1 -2  0 -9 
515 515   1  0  0 -9 
516 497  -1  0  0 -9 
516 499   1  1  0 -9 
516 505  -1 -3  0 -9 
516 506   1  1  0 -9 
516 507   1 -2  0 -9 
516 513  -1  0  0 -9 
516 515   1  1  0 -9 
516 516  -1  2  0 -9 
517 517   1 -8  0 -9 
518 517   1 -7  0 -9 
518 518  -1 -6  0 -9 
519 517   1 -7  0 -9 
519 519  -1 -6  0 -9 
520 517   1 -6  0 -9 
520 518  -1 -5  0 -9 
520 519  -1 -5  0 -9 
520 521   1 -3  0 -9 
521 517   1 -5  0 -9 
521 518  -1 -4  0 -9 
521 519  -1 -4  0 -9 
521 520   1 -3  0 -9 
522 76   1 -6  0 -9 
522 78  -1 -5  0 -9 
522 465  -1 -4  0 -9 
522 488   1 -6  0 -9 
522 490  -1 -5  0 -9 
522 518  -1 -4  0 -9 
522 523   1 -3  0 -9 
523 66   1 -6  0 -9 
523 78  -1 -4  0 -9 
523 444   1 -6  0 -9 
523 465  -1 -5  0 -9 
523 490  -1 -4  0 -9 
523 517   1 -6  0 -9 
523 518  -1 -5  0 -9 
523 522   1 -3  0 -9 
524 66  -1 -3  0 -9 
524 78  -1 -3  0 -9 
524 81  -1 -1  0 -9 
524 82   1 -2  0 -9 
524 444  -1 -3  0 -9 
524 465   1 -2  0 -9 
524 490  -1 -3  0 -9 
524 493  -1 -1  0 -9 
524 494   1 -2  0 -9 
524 517   1 -5  0 -9 
524 518  -1 -4  0 -9 
524 522   1 -2  0 -9 
524 523  -1 -1  0 -9 
524 524   1  0  0 -9 
525 66  -1 -2  0 -9 
525 80  -1  0  0 -9 
525 81  -1  0  0 -9 
525 82   1 -1  0 -9 
525 83   1  1  0 -9 
525 444  -1 -2  0 -9 
525 465   1 -1  0 -9 
525 492  -1  0  0 -9 
525 493  -1  0  0 -9 
525 494   1 -1  0 -9 
525 495   1  1  0 -9 
525 517   1 -4  0 -9 
525 518  -1 -3  0 -9 
525 519  -1 -3  0 -9 
525 520   1 -2  0 -9 
525 521   1  1  0 -9 
525 523  -1  0  0 -9 
525 524   1  1  0 -9 
525 525  -1  2  0 -9 
526 526   1 -8  0 -9 
527 461  -1 -4  0 -9 
527 517   1 -5  0 -9 
527 518  -1 -4  0 -9 
527 519  -1 -4  0 -9 
527 526  -1 -4  0 -9 
527 528   1 -3  0 -9 
528 461   1 -7  0 -9 
528 517   1 -6  0 -9 
528 518  -1 -5  0 -9 
528 519  -1 -5  0 -9 
528 526   1 -7  0 -9 
528 527   1 -3  0 -9 
529 461  -1 -3  0 -9 
529 517   1 -4  0 -9 
529 518  -1 -3  0 -9 
529 519  -1 -3  0 -9 
529 520   1 -2  0 -9 
529 521  -1 -1  0 -9 
529 526  -1 -3  0 -9 
529 527  -1 -1  0 -9 
529 528   1 -2  0 -9 
529 529   1  0  0 -9 
530 526   1 -7  0 -9 
530 530  -1 -6  0 -9 
531 530  -1 -4  0 -9 
531 532   1 -3  0 -9 
532 526   1 -6  0 -9 
532 530  -1 -5  0 -9 
532 531   1 -3  0 -9 
533 461  -1 -3  0 -9 
533 462   1 -2  0 -9 
533 463   1 -2  0 -9 
533 464  -1 -1  0 -9 
533 517   1 -4  1 -6  0 -9 
533 518  -1 -1 -1 -3 -1 -5  0 -9 
533 519  -1 -3  0 -9 
533 520   1 -2  0 -9 
533 521  -1 -1  0 -9 
533 526  -1 -3  0 -9 
533 527  -1 -1  0 -9 
533 528   1 -2  0 -9 
533 530   1 -2  0 -9 
533 531   1 -2  0 -9 
533 532  -1 -1  0 -9 
533 533   1  0  0 -9 
534 461  -1 -2  0 -9 
534 462   1 -1  0 -9 
534 464  -1  0  0 -9 
534 517   1 -3  0 -9 
534 518  -1  0 -1 -2  0 -9 
534 519  -1 -2  0 -9 
534 520   1 -1  0 -9 
534 521  -1  0  0 -9 
534 526  -1 -2  0 -9 
534 527  -1  0  0 -9 
534 528   1 -1  0 -9 
534 529   1  1  0 -9 
534 530   1 -1  0 -9 
534 532  -1  0  0 -9 
534 533   1  1  0 -9 
534 534  -1  2  0 -9 
535 248   1 -7  0 -9 
535 496   1 -7  0 -9 
535 535  -1 -6  0 -9 
536 535  -1 -4  0 -9 
536 537   1 -3  0 -9 
537 248   1 -6  0 -9 
537 496   1 -6  0 -9 
537 535  -1 -5  0 -9 
537 536   1 -3  0 -9 
538 229   1 -4  1 -6  0 -9 
538 230  -1 -1 -1 -3 -1 -5  0 -9 
538 231  -1 -3  0 -9 
538 232   1 -2  0 -9 
538 233  -1 -1  0 -9 
538 248  -1 -3  0 -9 
538 249  -1 -1  0 -9 
538 250   1 -2  0 -9 
538 496  -1 -3  0 -9 
538 497  -1 -1  0 -9 
538 498   1 -2  0 -9 
538 535   1 -2  0 -9 
538 536   1 -2  0 -9 
538 537  -1 -1  0 -9 
538 538   1  0  0 -9 
539 229   1 -3  0 -9 
539 230  -1  0 -1 -2  0 -9 
539 231  -1 -2  0 -9 
539 232   1 -1  0 -9 
539 233  -1  0  0 -9 
539 248  -1 -2  0 -9 
539 249  -1  0  0 -9 
539 250   1 -1  0 -9 
539 251   1  1  0 -9 
539 496  -1 -2  0 -9 
539 497  -1  0  0 -9 
539 498   1 -1  0 -9 
539 499   1  1  0 -9 
539 535   1 -1  0 -9 
539 537  -1  0  0 -9 
539 538   1  1  0 -9 
539 539  -1  2  0 -9 
540 223  -1 -3  0 -9 
540 229   1 -5  0 -9 
540 230  -1 -4  0 -9 
540 234   1 -2  0 -9 
540 235  -1 -1  0 -9 
540 248  -1 -4  0 -9 
540 253  -1 -1  0 -9 
540 254   1 -2  0 -9 
540 496  -1 -4  0 -9 
540 501  -1 -1  0 -9 
540 502   1 -2  0 -9 
540 526   1 -5  0 -9 
540 530  -1 -4  0 -9 
540 531   1 -2  0 -9 
540 532  -1 -1  0 -9 
540 535   1 -3  0 -9 
540 540   1  0  0 -9 
541 526   1 -7  0 -9 
541 541  -1 -6  0 -9 
542 541  -1 -4  0 -9 
542 543   1 -3  0 -9 
543 526   1 -6  0 -9 
543 541  -1 -5  0 -9 
543 542   1 -3  0 -9 
544 526   1 -6  0 -9 
544 530  -1 -5  0 -9 
544 541  -1 -5  0 -9 
544 545   1 -3  0 -9 
545 526   1 -5  0 -9 
545 530  -1 -4  0 -9 
545 541  -1 -4  0 -9 
545 544   1 -3  0 -9 
546 541  -1 -3  0 -9 
546 542  -1 -1  0 -9 
546 543   1 -2  0 -9 
546 544   1 -2  0 -9 
546 545  -1 -1  0 -9 
546 546   1  0  0 -9 
547 530  -1 -3  0 -9 
547 531  -1 -1  0 -9 
547 532   1 -2  0 -9 
547 541  -1 -3  0 -9 
547 542  -1 -1  0 -9 
547 543   1 -2  0 -9 
547 544   1 -2  0 -9 
547 545  -1 -1  0 -9 
547 547   1  0  0 -9 
548 531  -1  0  0 -9 
548 541  -1 -2  0 -9 
548 542  -1  0  0 -9 
548 543   1 -1  0 -9 
548 544   1 -1  0 -9 
548 545  -1  0  0 -9 
548 546   1  1  0 -9 
548 547   1  1  0 -9 
548 548  -1  2  0 -9 
549 248   1 -6  0 -9 
549 257  -1 -5  0 -9 
549 496   1 -6  0 -9 
549 505  -1 -5  0 -9 
549 535  -1 -5  0 -9 
549 550   1 -3  0 -9 
550 248   1 -5  0 -9 
550 257  -1 -4  0 -9 
550 496   1 -5  0 -9 
550 505  -1 -4  0 -9 
550 535  -1 -4  0 -9 
550 549   1 -3  0 -9 
551 257  -1 -3  0 -9 
551 258  -1 -1  0 -9 
551 259   1 -2  0 -9 
551 505  -1 -3  0 -9 
551 506  -1 -1  0 -9 
551 507   1 -2  0 -9 
551 549   1 -2  0 -9 
551 550  -1 -1  0 -9 
551 551   1  0  0 -9 
552 229   1 -4  0 -9 
552 230  -1 -3  0 -9 
552 231  -1 -3  0 -9 
552 232   1 -2  0 -9 
552 233   1  1  0 -9 
552 235  -1  0  0 -9 
552 240  -1 -3  0 -9 
552 243   1 -2  0 -9 
552 244   1  1  0 -9 
552 248  -1 -3  0 -9 
552 253  -1  0  0 -9 
552 254   1 -1  0 -9 
552 258  -1  0  0 -9 
552 259   1 -1  0 -9 
552 261  -1  0  0 -9 
552 263   1  1  0 -9 
552 496  -1 -3  0 -9 
552 501  -1  0  0 -9 
552 502   1 -1  0 -9 
552 506  -1  0  0 -9 
552 507   1 -1  0 -9 
552 509  -1  0  0 -9 
552 511   1  1  0 -9 
552 526   1 -4  0 -9 
552 530  -1 -3  0 -9 
552 532  -1  0  0 -9 
552 535   1 -2  0 -9 
552 540   1  1  0 -9 
552 541  -1 -3  0 -9 
552 544   1 -2  0 -9 
552 545   1  1  0 -9 
552 550  -1  0  0 -9 
552 551   1  1  0 -9 
552 552  -1  2  0 -9 
553 554   1 -3  0 -9 
554 553   1 -3  0 -9 
555 257  -1 -3  0 -9 
555 258  -1 -1  0 -9 
555 259   1 -2  0 -9 
555 505  -1 -3  0 -9 
555 506  -1 -1  0 -9 
555 507   1 -2  0 -9 
555 535  -1 -3  0 -9 
555 536  -1 -1  0 -9 
555 537   1 -2  0 -9 
555 549   1 -2  0 -9 
555 550  -1 -1  0 -9 
555 553  -1 -1  0 -9 
555 554   1 -2  0 -9 
555 555   1  0  0 -9 
556 257  -1 -2  0 -9 
556 258  -1  0  0 -9 
556 259   1 -1  0 -9 
556 505  -1 -2  0 -9 
556 506  -1  0  0 -9 
556 507   1 -1  0 -9 
556 536  -1  0  0 -9 
556 549   1 -1  0 -9 
556 550  -1  0  0 -9 
556 551   1  1  0 -9 
556 553  -1  0  0 -9 
556 555   1  1  0 -9 
556 556  -1  2  0 -9 
557 240  -1 -3  0 -9 
557 243   1 -2  0 -9 
557 244  -1 -1  0 -9 
557 265  -1 -1  0 -9 
557 266   1 -2  0 -9 
557 513  -1 -1  0 -9 
557 514   1 -2  0 -9 
557 553   1 -2  0 -9 
557 554  -1 -1  0 -9 
557 557   1  0  0 -9 
558 240  -1 -2  0 -9 
558 243   1 -1  0 -9 
558 244  -1  0  0 -9 
558 265  -1  0  0 -9 
558 266   1 -1  0 -9 
558 267   1  1  0 -9 
558 513  -1  0  0 -9 
558 514   1 -1  0 -9 
558 515   1  1  0 -9 
558 554  -1  0  0 -9 
558 557   1  1  0 -9 
558 558  -1  2  0 -9 
559 526  -1 -4  0 -9 
559 560   1 -3  0 -9 
560 526   1 -7  0 -9 
560 559   1 -3  0 -9 
561 526  -1 -3  0 -9 
561 559  -1 -1  0 -9 
561 560   1 -2  0 -9 
561 561   1  0  0 -9 
562 541  -1 -3  0 -9 
562 542   1  1  0 -9 
562 543   1 -2  0 -9 
562 559  -1  0  0 -9 
562 561   1  1  0 -9 
562 562  -1  2  0 -9 
563 248  -1 -4  0 -9 
563 564   1 -3  0 -9 
564 248   1 -7  0 -9 
564 563   1 -3  0 -9 
565 248  -1 -3  0 -9 
565 563  -1 -1  0 -9 
565 564   1 -2  0 -9 
565 565   1  0  0 -9 
566 257  -1 -3  0 -9 
566 258   1  1  0 -9 
566 259   1 -2  0 -9 
566 563  -1  0  0 -9 
566 565   1  1  0 -9 
566 566  -1  2  0 -9 
567 221   1 -4  1 -6  0 -9 
567 223  -1 -3  0 -9 
567 248   1 -2  1 -6  0 -9 
567 252  -1 -1 -1 -3 -1 -5  0 -9 
567 253  -1 -1  0 -9 
567 254   1 -2  0 -9 
567 257  -1 -3  0 -9 
567 258  -1 -1  0 -9 
567 259   1 -2  0 -9 
567 260   1 -2  0 -9 
567 261  -1 -1  0 -9 
567 526  -1 -3  0 -9 
567 530   1 -2  0 -9 
567 531   1 -2  0 -9 
567 532  -1 -1  0 -9 
567 559  -1 -1  0 -9 
567 560   1 -2  0 -9 
567 563   1 -2  0 -9 
567 564  -1 -1  0 -9 
567 567   1  0  0 -9 
568 221   1 -3  0 -9 
568 223  -1 -2  0 -9 
568 248   1 -1  0 -9 
568 252  -1  0 -1 -2  0 -9 
568 253  -1  0  0 -9 
568 254   1 -1  0 -9 
568 257  -1 -2  0 -9 
568 258  -1  0  0 -9 
568 259   1 -1  0 -9 
568 260   1 -1  0 -9 
568 261  -1  0  0 -9 
568 263   1  1  0 -9 
568 526  -1 -2  0 -9 
568 530   1 -1  0 -9 
568 532  -1  0  0 -9 
568 559  -1  0  0 -9 
568 560   1 -1  0 -9 
568 561   1  1  0 -9 
568 564  -1  0  0 -9 
568 567   1  1  0 -9 
568 568  -1  2  0 -9 
569 553  -1 -1  0 -9 
569 554   1 -2  0 -9 
569 569   1  0  0 -9 
570 240  -1 -3  0 -9 
570 265   1  1  0 -9 
570 266   1 -2  0 -9 
570 553  -1  0  0 -9 
570 569   1  1  0 -9 
570 570  -1  2  0 -9 
571 571   1 -8  0 -9 
572 571  -1 -4  0 -9 
572 573   1 -3  0 -9 
573 571   1 -7  0 -9 
573 572   1 -3  0 -9 
574 571  -1 -3  0 -9 
574 572  -1 -1  0 -9 
574 573   1 -2  0 -9 
574 574   1  0  0 -9 
575 571   1 -7  0 -9 
575 575  -1 -6  0 -9 
576 575  -1 -4  0 -9 
576 577   1 -3  0 -9 
577 571   1 -6  0 -9 
577 575  -1 -5  0 -9 
577 576   1 -3  0 -9 
578 329   1 -4  1 -6  0 -9 
578 330  -1 -1 -1 -3 -1 -5  0 -9 
578 331  -1 -3  0 -9 
578 332   1 -2  0 -9 
578 333  -1 -1  0 -9 
578 334  -1 -1  0 -9 
578 335   1 -2  0 -9 
578 571  -1 -3  0 -9 
578 572  -1 -1  0 -9 
578 573   1 -2  0 -9 
578 575   1 -2  0 -9 
578 576   1 -2  0 -9 
578 577  -1 -1  0 -9 
578 578   1  0  0 -9 
579 329   1 -3  0 -9 
579 330  -1  0 -1 -2  0 -9 
579 331  -1 -2  0 -9 
579 332   1 -1  0 -9 
579 333  -1  0  0 -9 
579 334  -1  0  0 -9 
579 335   1 -1  0 -9 
579 336   1  1  0 -9 
579 571  -1 -2  0 -9 
579 572  -1  0  0 -9 
579 573   1 -1  0 -9 
579 574   1  1  0 -9 
579 575   1 -1  0 -9 
579 577  -1  0  0 -9 
579 578   1  1  0 -9 
579 579  -1  2  0 -9 
580 367  -1 -4  0 -9 
580 581   1 -3  0 -9 
581 367   1 -7  0 -9 
581 580   1 -3  0 -9 
582 367  -1 -3  0 -9 
582 580  -1 -1  0 -9 
582 581   1 -2  0 -9 
582 582   1  0  0 -9 
583 382  -1 -3  0 -9 
583 383   1  1  0 -9 
583 384   1 -2  0 -9 
583 580  -1  0  0 -9 
583 582   1  1  0 -9 
583 583  -1  2  0 -9 
584 337  -1 -4  0 -9 
584 585   1 -3  0 -9 
585 337   1 -7  0 -9 
585 584   1 -3  0 -9 
586 337  -1 -3  0 -9 
586 584  -1 -1  0 -9 
586 585   1 -2  0 -9 
586 586   1  0  0 -9 
587 346  -1 -3  0 -9 
587 347   1  1  0 -9 
587 348   1 -2  0 -9 
587 584  -1  0  0 -9 
587 586   1  1  0 -9 
587 587  -1  2  0 -9 
588 156  -1 -3  0 -9 
588 160   1 -2  0 -9 
588 161   1 -2  0 -9 
588 162  -1 -1  0 -9 
588 269   1 -4  1 -6  0 -9 
588 271  -1 -3  0 -9 
588 337   1 -2  1 -6  0 -9 
588 341  -1 -1 -1 -3 -1 -5  0 -9 
588 342  -1 -1  0 -9 
588 343   1 -2  0 -9 
588 346  -1 -3  0 -9 
588 347  -1 -1  0 -9 
588 348   1 -2  0 -9 
588 349   1 -2  0 -9 
588 350  -1 -1  0 -9 
588 367  -1 -3  0 -9 
588 371   1 -2  0 -9 
588 372   1 -2  0 -9 
588 373  -1 -1  0 -9 
588 457  -1 -1  0 -9 
588 458   1 -2  0 -9 
588 496  -1 -3  0 -9 
588 497  -1 -1  0 -9 
588 498   1 -2  0 -9 
588 500   1 -2  0 -9 
588 501   1 -2  0 -9 
588 502  -1 -1  0 -9 
588 513  -1 -1  0 -9 
588 514   1 -2  0 -9 
588 580  -1 -1  0 -9 
588 581   1 -2  0 -9 
588 584   1 -2  0 -9 
588 585  -1 -1  0 -9 
588 588   1  0  0 -9 
589 156  -1 -2  0 -9 
589 160   1 -1  0 -9 
589 162  -1  0  0 -9 
589 269   1 -3  0 -9 
589 271  -1 -2  0 -9 
589 337   1 -1  0 -9 
589 341  -1  0 -1 -2  0 -9 
589 342  -1  0  0 -9 
589 343   1 -1  0 -9 
589 346  -1 -2  0 -9 
589 347  -1  0  0 -9 
589 348   1 -1  0 -9 
589 349   1 -1  0 -9 
589 350  -1  0  0 -9 
589 352   1  1  0 -9 
589 367  -1 -2  0 -9 
589 371   1 -1  0 -9 
589 373  -1  0  0 -9 
589 457  -1  0  0 -9 
589 458   1 -1  0 -9 
589 459   1  1  0 -9 
589 496  -1 -2  0 -9 
589 497  -1  0  0 -9 
589 498   1 -1  0 -9 
589 499   1  1  0 -9 
589 500   1 -1  0 -9 
589 502  -1  0  0 -9 
589 513  -1  0  0 -9 
589 514   1 -1  0 -9 
589 515   1  1  0 -9 
589 580  -1  0  0 -9 
589 581   1 -1  0 -9 
589 582   1  1  0 -9 
589 585  -1  0  0 -9 
589 588   1  1  0 -9 
589 589  -1  2  0 -9 
590 394  -1 -1  0 -9 
590 395   1 -2  0 -9 
590 590   1  0  0 -9 
591 288  -1 -3  0 -9 
591 354   1  1  0 -9 
591 355   1 -2  0 -9 
591 394  -1  0  0 -9 
591 513  -1  0  0 -9 
591 515   1  1  0 -9 
591 590   1  1  0 -9 
591 591  -1  2  0 -9 
592 571   1 -7  0 -9 
592 592  -1 -6  0 -9 
593 592  -1 -4  0 -9 
593 594   1 -3  0 -9 
594 571   1 -6  0 -9 
594 592  -1 -5  0 -9 
594 593   1 -3  0 -9 
595 571   1 -6  0 -9 
595 575  -1 -5  0 -9 
595 592  -1 -5  0 -9 
595 596   1 -3  0 -9 
596 571   1 -5  0 -9 
596 575  -1 -4  0 -9 
596 592  -1 -4  0 -9 
596 595   1 -3  0 -9 
597 592  -1 -3  0 -9 
597 593  -1 -1  0 -9 
597 594   1 -2  0 -9 
597 595   1 -2  0 -9 
597 596  -1 -1  0 -9 
597 597   1  0  0 -9 
598 575  -1 -3  0 -9 
598 576  -1 -1  0 -9 
598 577   1 -2  0 -9 
598 592  -1 -3  0 -9 
598 593  -1 -1  0 -9 
598 594   1 -2  0 -9 
598 595   1 -2  0 -9 
598 596  -1 -1  0 -9 
598 598   1  0  0 -9 
599 576  -1  0  0 -9 
599 592  -1 -2  0 -9 
599 593  -1  0  0 -9 
599 594   1 -1  0 -9 
599 595   1 -1  0 -9 
599 596  -1  0  0 -9 
599 597   1  1  0 -9 
599 598   1  1  0 -9 
599 599  -1  2  0 -9 
600 601   1 -3  0 -9 
601 600   1 -3  0 -9 
602 600  -1 -1  0 -9 
602 601   1 -2  0 -9 
602 602   1  0  0 -9 
603 572  -1  0  0 -9 
603 574   1  1  0 -9 
603 592  -1 -3  0 -9 
603 593   1  1  0 -9 
603 594   1 -2  0 -9 
603 600  -1  0  0 -9 
603 602   1  1  0 -9 
603 603  -1  2  0 -9 
604 605   1 -3  0 -9 
605 604   1 -3  0 -9 
606 604  -1 -1  0 -9 
606 605   1 -2  0 -9 
606 606   1  0  0 -9 
607 414  -1 -3  0 -9 
607 415   1  1  0 -9 
607 416   1 -2  0 -9 
607 604  -1  0  0 -9 
607 606   1  1  0 -9 
607 607  -1  2  0 -9 
608 414  -1 -3  0 -9 
608 415  -1 -1  0 -9 
608 416   1 -2  0 -9 
608 417   1 -2  0 -9 
608 418  -1 -1  0 -9 
608 600  -1 -1  0 -9 
608 601   1 -2  0 -9 
608 604   1 -2  0 -9 
608 605  -1 -1  0 -9 
608 608   1  0  0 -9 
609 414  -1 -2  0 -9 
609 415  -1  0  0 -9 
609 416   1 -1  0 -9 
609 417   1 -1  0 -9 
609 418  -1  0  0 -9 
609 420   1  1  0 -9 
609 600  -1  0  0 -9 
609 601   1 -1  0 -9 
609 602   1  1  0 -9 
609 605  -1  0  0 -9 
609 608   1  1  0 -9 
609 609  -1  2  0 -9 
610 438  -1 -1  0 -9 
610 439   1 -2  0 -9 
610 610   1  0  0 -9 
611 422  -1 -3  0 -9 
611 434   1  1  0 -9 
611 435   1 -2  0 -9 
611 438  -1  0  0 -9 
611 600  -1  0  0 -9 
611 602   1  1  0 -9 
611 610   1  1  0 -9 
611 611  -1  2  0 -9 
9999 9999
