 0  0  -1  2  0 -9 
 0  2   1  1  0 -9 
 1  1  -1  2  0 -9 
 1  7   1  1  0 -9 
 1  8  -1  0  0 -9 
 1  9   1 -1  0 -9 
 2  2   1  0  0 -9 
 3  3   1  0  0 -9 
 4  4   1  0  0 -9 
 5  5   1  0  0 -9 
 5  9   1 -3  0 -9 
 6  6   1  0  0 -9 
 6 10   1 -3  0 -9 
 7  7   1  0  0 -9 
 7  8  -1 -1  0 -9 
 7  9   1 -2  0 -9 
 7 11   1 -2  0 -9 
 8  9  -1 -5  0 -9 
 8 11   1 -3  0 -9 
 9  9  -1 -6  0 -9 
10 10  -1 -6  0 -9 
11  8   1 -3  0 -9 
11  9  -1 -4  0 -9 
12  8   1 -2  0 -9 
12 11  -1 -1  0 -9 
12 12   1  0  0 -9 
13 13   1  0  0 -9 
14  3   1  1  0 -9 
14 14  -1  2  0 -9 
14 20   1  1  0 -9 
15  4   1  1  0 -9 
15 13   1  1  0 -9 
15 15  -1  2  0 -9 
15 21   1  1  0 -9 
16  5   1  1  0 -9 
16  9   1 -2  0 -9 
16 16  -1  2  0 -9 
16 18   1  1  0 -9 
16 19  -1  0  0 -9 
16 22   1  1  0 -9 
16 24   1 -2  0 -9 
17  6   1  1  0 -9 
17 10   1 -2  0 -9 
17 17  -1  2  0 -9 
17 23   1  1  0 -9 
17 24   1 -1  0 -9 
17 25  -1  0  0 -9 
18 18   1  0  0 -9 
18 19  -1 -1  0 -9 
18 26   1 -2  0 -9 
19  9  -1 -4  0 -9 
19 24  -1 -4  0 -9 
19 26   1 -3  0 -9 
20 20   1  0  0 -9 
21 21   1  0  0 -9 
22 22   1  0  0 -9 
22 24   1 -3  0 -9 
23 23   1  0  0 -9 
23 24   1 -2  0 -9 
23 25  -1 -1  0 -9 
23 27   1 -2  0 -9 
24 24  -1 -6  0 -9 
25 10  -1 -4  0 -9 
25 24  -1 -5  0 -9 
25 27   1 -3  0 -9 
26  9  -1 -5  0 -9 
26 19   1 -3  0 -9 
26 24  -1 -5  0 -9 
27 10  -1 -5  0 -9 
27 24  -1 -4  0 -9 
27 25   1 -3  0 -9 
28  9   1 -1  0 -9 
28 24   1 -1  0 -9 
28 26  -1  0  0 -9 
28 28  -1  2  0 -9 
28 29   1  1  0 -9 
29  9   1 -2  0 -9 
29 19   1 -2  0 -9 
29 24   1 -2  0 -9 
29 26  -1 -1  0 -9 
29 29   1  0  0 -9 
30 10   1 -2  0 -9 
30 25   1 -2  0 -9 
30 27  -1 -1  0 -9 
30 30   1  0  0 -9 
31 24   1 -3  0 -9 
31 31   1  0  0 -9 
32 10   1 -1  0 -9 
32 24   1 -2  0 -9 
32 27  -1  0  0 -9 
32 30   1  1  0 -9 
32 31   1  1  0 -9 
32 32  -1  2  0 -9 
33  9   1 -2  0 -9 
33 11  -1  0  0 -9 
33 12   1  1  0 -9 
33 33  -1  2  0 -9 
33 34   1  1  0 -9 
34  9   1 -3  0 -9 
34 34   1  0  0 -9 
35 10   1 -3  0 -9 
35 35   1  0  0 -9 
9999 9999
