 0  0  -1  2  0 -9 
 1  1  -1  2  0 -9 
 2  2  -1  2  0 -9 
 2 12   1  1  0 -9 
 3  3  -1  2  0 -9 
 3 13   1  1  0 -9 
 4  4  -1  2  0 -9 
 4 14   1  1  0 -9 
 5  5  -1  2  0 -9 
 5 15   1  1  0 -9 
 6  6  -1  2  0 -9 
 6 16   1  1  0 -9 
 7  7  -1  2  0 -9 
 7 17   1  1  0 -9 
 8  8  -1  2  0 -9 
 8 27   1  1  0 -9 
 8 30  -1  0  0 -9 
 9  9  -1  2  0 -9 
 9 28   1  1  0 -9 
 9 31  -1  0  0 -9 
 9 33   1 -1  0 -9 
10 10  -1  2  0 -9 
10 29   1  1  0 -9 
10 32  -1  0  0 -9 
10 34   1 -1  0 -9 
11 11  -1  2  0 -9 
11 36   1  1  0 -9 
11 37  -1  0  0 -9 
12 12   1  0  0 -9 
13 13   1  0  0 -9 
14 14   1  0  0 -9 
15 15   1  0  0 -9 
16 16   1  0  0 -9 
17 17   1  0  0 -9 
18 18   1  0  0 -9 
19 19   1  0  0 -9 
20 20   1  0  0 -9 
21 21   1  0  0 -9 
22 22   1  0  0 -9 
23 23   1  0  0 -9 
24 24   1  0  0 -9 
24 33   1 -3  0 -9 
25 25   1  0  0 -9 
25 34   1 -3  0 -9 
26 26   1  0  0 -9 
26 35   1 -3  0 -9 
27 27   1  0  0 -9 
27 30  -1 -1  0 -9 
27 37   1 -2  0 -9 
28 28   1  0  0 -9 
28 31  -1 -1  0 -9 
28 33   1 -2  0 -9 
28 38   1 -2  0 -9 
29 29   1  0  0 -9 
29 32  -1 -1  0 -9 
29 34   1 -2  0 -9 
29 39   1 -2  0 -9 
30 37   1 -3  0 -9 
31 33  -1 -5  0 -9 
31 38   1 -3  0 -9 
32 34  -1 -5  0 -9 
32 39   1 -3  0 -9 
33 33  -1 -6  0 -9 
34 34  -1 -6  0 -9 
35 35  -1 -6  0 -9 
36 30   1 -2  0 -9 
36 36   1  0  0 -9 
36 37  -1 -1  0 -9 
37 30   1 -3  0 -9 
38 31   1 -3  0 -9 
38 33  -1 -4  0 -9 
39 32   1 -3  0 -9 
39 34  -1 -4  0 -9 
9999 9999
