 0  0  -1  2  0 -9 
 0 12   1  1  0 -9 
 1  1  -1  2  0 -9 
 1 13   1  1  0 -9 
 2  2  -1  2  0 -9 
 2 33   1  1  0 -9 
 2 48  -1  0  0 -9 
 3  3  -1  2  0 -9 
 3 34   1  1  0 -9 
 3 49  -1  0  0 -9 
 3 66   1 -1  0 -9 
 4  4  -1  2  0 -9 
 4 35   1  1  0 -9 
 4 50  -1  0  0 -9 
 4 67   1 -1  0 -9 
 5  5  -1  2  0 -9 
 5 36   1  1  0 -9 
 5 51  -1  0  0 -9 
 5 68   1 -1  0 -9 
 6  6  -1  2  0 -9 
 6 37   1  1  0 -9 
 6 52  -1  0  0 -9 
 6 69   1 -1  0 -9 
 7  7  -1  2  0 -9 
 7 38   1  1  0 -9 
 7 53  -1  0  0 -9 
 7 70   1 -1  0 -9 
 8  8  -1  2  0 -9 
 8 39   1  1  0 -9 
 8 54  -1  0  0 -9 
 8 71   1 -1  0 -9 
 9  9  -1  2  0 -9 
 9 104   1  1  0 -9 
 9 107  -1  0  0 -9 
10 10  -1  2  0 -9 
10 55  -1  0  0 -9 
10 63   1  1  0 -9 
10 93   1 -1  0 -9 
10 105   1  1  0 -9 
10 122  -1  0  0 -9 
10 125   1 -1  0 -9 
10 128  -1 -2  0 -9 
11 11  -1  2  0 -9 
11 56  -1  0  0 -9 
11 64   1  1  0 -9 
11 94   1 -1  0 -9 
11 106   1  1  0 -9 
11 123  -1  0  0 -9 
11 126   1 -1  0 -9 
11 129  -1 -2  0 -9 
12 12   1  0  0 -9 
13 13   1  0  0 -9 
14 14   1  0  0 -9 
15 15   1  0  0 -9 
16 16   1  0  0 -9 
17 17   1  0  0 -9 
18 18   1  0  0 -9 
18 66   1 -3  0 -9 
19 19   1  0  0 -9 
19 67   1 -3  0 -9 
20 20   1  0  0 -9 
20 68   1 -3  0 -9 
21 21   1  0  0 -9 
21 69   1 -3  0 -9 
22 22   1  0  0 -9 
22 70   1 -3  0 -9 
23 23   1  0  0 -9 
23 71   1 -3  0 -9 
24 24   1  0  0 -9 
24 72   1 -3  0 -9 
25 25   1  0  0 -9 
25 73   1 -3  0 -9 
26 26   1  0  0 -9 
26 74   1 -3  0 -9 
27 27   1  0  0 -9 
27 75   1 -3  0 -9 
28 28   1  0  0 -9 
28 76   1 -3  0 -9 
29 29   1  0  0 -9 
29 77   1 -3  0 -9 
30 30   1  0  0 -9 
30 78   1 -3  0 -9 
31 31   1  0  0 -9 
31 79   1 -3  0 -9 
32 32   1  0  0 -9 
32 80   1 -3  0 -9 
33 33   1  0  0 -9 
33 48  -1 -1  0 -9 
33 107   1 -2  0 -9 
34 34   1  0  0 -9 
34 49  -1 -1  0 -9 
34 66   1 -2  0 -9 
34 108   1 -2  0 -9 
35 35   1  0  0 -9 
35 50  -1 -1  0 -9 
35 67   1 -2  0 -9 
35 109   1 -2  0 -9 
36 36   1  0  0 -9 
36 51  -1 -1  0 -9 
36 68   1 -2  0 -9 
36 110   1 -2  0 -9 
37 37   1  0  0 -9 
37 52  -1 -1  0 -9 
37 69   1 -2  0 -9 
37 111   1 -2  0 -9 
38 38   1  0  0 -9 
38 53  -1 -1  0 -9 
38 70   1 -2  0 -9 
38 112   1 -2  0 -9 
39 39   1  0  0 -9 
39 54  -1 -1  0 -9 
39 71   1 -2  0 -9 
39 113   1 -2  0 -9 
40 40   1  0  0 -9 
40 55  -1 -1  0 -9 
40 70   1 -3  0 -9 
40 93  -1 -4  0 -9 
40 114   1 -2  0 -9 
40 128   1 -5  0 -9 
41 41   1  0  0 -9 
41 56  -1 -1  0 -9 
41 71   1 -3  0 -9 
41 94  -1 -4  0 -9 
41 115   1 -2  0 -9 
41 129   1 -5  0 -9 
42 42   1  0  0 -9 
42 57  -1 -1  0 -9 
42 81   1 -3  0 -9 
42 95  -1 -4  0 -9 
42 116   1 -2  0 -9 
42 130   1 -5  0 -9 
43 43   1  0  0 -9 
43 58  -1 -1  0 -9 
43 82   1 -3  0 -9 
43 96  -1 -4  0 -9 
43 117   1 -2  0 -9 
43 131   1 -5  0 -9 
44 44   1  0  0 -9 
44 59  -1 -1  0 -9 
44 83   1 -3  0 -9 
44 97  -1 -4  0 -9 
44 118   1 -2  0 -9 
44 132   1 -5  0 -9 
45 45   1  0  0 -9 
45 60  -1 -1  0 -9 
45 84   1 -3  0 -9 
45 98  -1 -4  0 -9 
45 119   1 -2  0 -9 
45 133   1 -5  0 -9 
46 46   1  0  0 -9 
46 61  -1 -1  0 -9 
46 85   1 -3  0 -9 
46 99  -1 -4  0 -9 
46 120   1 -2  0 -9 
46 134   1 -5  0 -9 
47 47   1  0  0 -9 
47 62  -1 -1  0 -9 
47 86   1 -3  0 -9 
47 100  -1 -4  0 -9 
47 121   1 -2  0 -9 
47 135   1 -5  0 -9 
48 107   1 -3  0 -9 
49 66  -1 -5  0 -9 
49 108   1 -3  0 -9 
50 67  -1 -5  0 -9 
50 109   1 -3  0 -9 
51 68  -1 -5  0 -9 
51 110   1 -3  0 -9 
52 69  -1 -5  0 -9 
52 111   1 -3  0 -9 
53 70  -1 -5  0 -9 
53 112   1 -3  0 -9 
54 71  -1 -5  0 -9 
54 113   1 -3  0 -9 
55 93  -1 -5  0 -9 
55 114   1 -3  0 -9 
55 128   1 -6  0 -9 
56 94  -1 -5  0 -9 
56 115   1 -3  0 -9 
56 129   1 -6  0 -9 
57 95  -1 -5  0 -9 
57 116   1 -3  0 -9 
57 130   1 -6  0 -9 
58 96  -1 -5  0 -9 
58 117   1 -3  0 -9 
58 131   1 -6  0 -9 
59 97  -1 -5  0 -9 
59 118   1 -3  0 -9 
59 132   1 -6  0 -9 
60 98  -1 -5  0 -9 
60 119   1 -3  0 -9 
60 133   1 -6  0 -9 
61 99  -1 -5  0 -9 
61 120   1 -3  0 -9 
61 134   1 -6  0 -9 
62 100  -1 -5  0 -9 
62 121   1 -3  0 -9 
62 135   1 -6  0 -9 
63 55  -1 -1  0 -9 
63 63   1  0  0 -9 
63 93   1 -2  0 -9 
63 114   1 -2  0 -9 
63 122  -1 -1  0 -9 
63 125   1 -2  0 -9 
63 128  -1 -3  0 -9 
64 56  -1 -1  0 -9 
64 64   1  0  0 -9 
64 94   1 -2  0 -9 
64 115   1 -2  0 -9 
64 123  -1 -1  0 -9 
64 126   1 -2  0 -9 
64 129  -1 -3  0 -9 
65 62  -1 -1  0 -9 
65 65   1  0  0 -9 
65 100  -1 -4  0 -9 
65 101   1 -3  0 -9 
65 121   1 -2  0 -9 
65 124  -1 -1  0 -9 
65 127   1 -2  0 -9 
65 135   1 -5  0 -9 
65 136  -1 -4  0 -9 
66 66  -1 -6  0 -9 
67 67  -1 -6  0 -9 
68 68  -1 -6  0 -9 
69 69  -1 -6  0 -9 
70 70  -1 -6  0 -9 
71 71  -1 -6  0 -9 
72 72  -1 -6  0 -9 
73 73  -1 -6  0 -9 
74 74  -1 -6  0 -9 
75 75  -1 -6  0 -9 
76 76  -1 -6  0 -9 
77 77  -1 -6  0 -9 
78 78  -1 -6  0 -9 
79 79  -1 -6  0 -9 
80 80  -1 -6  0 -9 
81 81  -1 -6  0 -9 
82 82  -1 -6  0 -9 
83 83  -1 -6  0 -9 
84 84  -1 -6  0 -9 
85 85  -1 -6  0 -9 
86 86  -1 -6  0 -9 
87 87  -1 -6  0 -9 
88 88  -1 -6  0 -9 
89 89  -1 -6  0 -9 
90 90  -1 -6  0 -9 
91 91  -1 -6  0 -9 
92 92  -1 -6  0 -9 
93 93  -1 -6  0 -9 
93 128   1 -7  0 -9 
94 94  -1 -6  0 -9 
94 129   1 -7  0 -9 
95 95  -1 -6  0 -9 
95 130   1 -7  0 -9 
96 96  -1 -6  0 -9 
96 131   1 -7  0 -9 
97 97  -1 -6  0 -9 
97 132   1 -7  0 -9 
98 98  -1 -6  0 -9 
98 133   1 -7  0 -9 
99 99  -1 -6  0 -9 
99 134   1 -7  0 -9 
100 100  -1 -6  0 -9 
100 135   1 -7  0 -9 
101 101  -1 -6  0 -9 
101 136   1 -7  0 -9 
102 102  -1 -6  0 -9 
102 137   1 -7  0 -9 
103 103  -1 -6  0 -9 
103 138   1 -7  0 -9 
104 48   1 -2  0 -9 
104 104   1  0  0 -9 
104 107  -1 -1  0 -9 
105 105   1  0  0 -9 
105 122  -1 -1  0 -9 
105 125   1 -2  0 -9 
105 128  -1 -3  0 -9 
106 106   1  0  0 -9 
106 123  -1 -1  0 -9 
106 126   1 -2  0 -9 
106 129  -1 -3  0 -9 
107 48   1 -3  0 -9 
108 49   1 -3  0 -9 
108 66  -1 -4  0 -9 
109 50   1 -3  0 -9 
109 67  -1 -4  0 -9 
110 51   1 -3  0 -9 
110 68  -1 -4  0 -9 
111 52   1 -3  0 -9 
111 69  -1 -4  0 -9 
112 53   1 -3  0 -9 
112 70  -1 -4  0 -9 
113 54   1 -3  0 -9 
113 71  -1 -4  0 -9 
114 55   1 -3  0 -9 
114 93  -1 -4  0 -9 
115 56   1 -3  0 -9 
115 94  -1 -4  0 -9 
116 57   1 -3  0 -9 
116 95  -1 -4  0 -9 
117 58   1 -3  0 -9 
117 96  -1 -4  0 -9 
118 59   1 -3  0 -9 
118 97  -1 -4  0 -9 
119 60   1 -3  0 -9 
119 98  -1 -4  0 -9 
120 61   1 -3  0 -9 
120 99  -1 -4  0 -9 
121 62   1 -3  0 -9 
121 100  -1 -4  0 -9 
122 125   1 -3  0 -9 
122 128  -1 -4  0 -9 
123 126   1 -3  0 -9 
123 129  -1 -4  0 -9 
124 127   1 -3  0 -9 
124 139  -1 -4  0 -9 
125 122   1 -3  0 -9 
125 128   1 -7  0 -9 
126 123   1 -3  0 -9 
126 129   1 -7  0 -9 
127 124   1 -3  0 -9 
127 136   1 -6  0 -9 
127 139  -1 -5  0 -9 
128 128   1 -8  0 -9 
129 129   1 -8  0 -9 
130 130   1 -8  0 -9 
131 131   1 -8  0 -9 
132 132   1 -8  0 -9 
133 133   1 -8  0 -9 
134 134   1 -8  0 -9 
135 135   1 -8  0 -9 
136 136   1 -8  0 -9 
137 137   1 -8  0 -9 
138 138   1 -8  0 -9 
139 136   1 -7  0 -9 
139 139  -1 -6  0 -9 
9999 9999
