 0  0   1  0  0 -9 
 1  1   1  0  0 -9 
 2  2   1  0  0 -9 
 3  3   1  0  0 -9 
 4  4   1  0  0 -9 
 5  5   1  0  0 -9 
 6  6   1  0  0 -9 
 7  7   1  0  0 -9 
 8  8   1  0  0 -9 
 9  0   1  1  0 -9 
 9  9  -1  2  0 -9 
10  3   1  1  0 -9 
10 10  -1  2  0 -9 
11  1   1  1  0 -9 
11  2   1  1  0 -9 
11  4   1  1  0 -9 
11 11  -1  2  0 -9 
12  4   1  1  0 -9 
12 12  -1  2  0 -9 
13  1   1  1  0 -9 
13 13  -1  2  0 -9 
14  5   1  1  0 -9 
14 14  -1  2  0 -9 
15  6   1  1  0 -9 
15 15  -1  2  0 -9 
16  1   1  1  0 -9 
16  4   1  1  0 -9 
16  7   1  1  0 -9 
16 16  -1  2  0 -9 
17  8   1  1  0 -9 
17 17  -1  2  0 -9 
18 18  -1  2  0 -9 
18 42   1  1  0 -9 
18 64  -1  0  0 -9 
19 19  -1  2  0 -9 
19 43   1  1  0 -9 
19 65  -1  0  0 -9 
20 20  -1  2  0 -9 
20 44   1  1  0 -9 
20 66  -1  0  0 -9 
21 21  -1  2  0 -9 
21 45   1  1  0 -9 
21 67  -1  0  0 -9 
22 22  -1  2  0 -9 
22 46   1  1  0 -9 
22 68  -1  0  0 -9 
23  7   1  1  0 -9 
23 23  -1  2  0 -9 
23 47   1  1  0 -9 
23 69  -1  0  0 -9 
24  2   1  1  0 -9 
24 24  -1  2  0 -9 
24 79   1  1  0 -9 
25 25  -1  2  0 -9 
25 80   1  1  0 -9 
26 26  -1  2  0 -9 
26 81   1  1  0 -9 
27  3   1  1  0 -9 
27 27  -1  2  0 -9 
27 82   1  1  0 -9 
28  4   1  1  0 -9 
28 28  -1  2  0 -9 
28 83   1  1  0 -9 
29 29  -1  2  0 -9 
29 84   1  1  0 -9 
30 30  -1  2  0 -9 
30 85   1  1  0 -9 
31 31  -1  2  0 -9 
31 86   1  1  0 -9 
32 32  -1  2  0 -9 
32 49   1  1  0 -9 
32 71  -1  0  0 -9 
32 87   1  1  0 -9 
32 99   1 -2  0 -9 
33 33  -1  2  0 -9 
33 50   1  1  0 -9 
33 72  -1  0  0 -9 
33 88   1  1  0 -9 
33 100   1 -2  0 -9 
34 34  -1  2  0 -9 
34 51   1  1  0 -9 
34 73  -1  0  0 -9 
34 89   1  1  0 -9 
34 101   1 -2  0 -9 
35  8   1  1  0 -9 
35 35  -1  2  0 -9 
35 52   1  1  0 -9 
35 74  -1  0  0 -9 
35 90   1  1  0 -9 
35 102   1 -2  0 -9 
36 36  -1  2  0 -9 
36 91   1  1  0 -9 
36 99   1 -1  0 -9 
36 103  -1  0  0 -9 
37 37  -1  2  0 -9 
37 92   1  1  0 -9 
37 100   1 -1  0 -9 
37 104  -1  0  0 -9 
38 38  -1  2  0 -9 
38 93   1  1  0 -9 
38 100   1 -1  0 -9 
38 105  -1  0  0 -9 
39 39  -1  2  0 -9 
39 94   1  1  0 -9 
39 101   1 -1  0 -9 
39 106  -1  0  0 -9 
40 40  -1  2  0 -9 
40 95   1  1  0 -9 
40 101   1 -1  0 -9 
40 107  -1  0  0 -9 
41 41  -1  2  0 -9 
41 96   1  1  0 -9 
41 102   1 -1  0 -9 
41 108  -1  0  0 -9 
42 42   1  0  0 -9 
42 64  -1 -1  0 -9 
42 114   1 -2  0 -9 
43 43   1  0  0 -9 
43 65  -1 -1  0 -9 
43 115   1 -2  0 -9 
44 44   1  0  0 -9 
44 66  -1 -1  0 -9 
44 116   1 -2  0 -9 
45 45   1  0  0 -9 
45 67  -1 -1  0 -9 
45 117   1 -2  0 -9 
46 46   1  0  0 -9 
46 68  -1 -1  0 -9 
46 118   1 -2  0 -9 
47 47   1  0  0 -9 
47 69  -1 -1  0 -9 
47 119   1 -2  0 -9 
48 47   1  1  0 -9 
48 48  -1  2  0 -9 
48 69  -1  0  0 -9 
48 70   1  1  0 -9 
48 129   1 -2  0 -9 
48 132  -1 -3  0 -9 
49 49   1  0  0 -9 
49 71  -1 -1  0 -9 
49 135   1 -2  0 -9 
50 50   1  0  0 -9 
50 72  -1 -1  0 -9 
50 136   1 -2  0 -9 
51 51   1  0  0 -9 
51 73  -1 -1  0 -9 
51 137   1 -2  0 -9 
52 52   1  0  0 -9 
52 74  -1 -1  0 -9 
52 138   1 -2  0 -9 
53 53  -1  2  0 -9 
53 75   1  1  0 -9 
53 97   1  1  0 -9 
53 109  -1  0  0 -9 
53 111  -1 -3  0 -9 
53 147   1 -2  0 -9 
53 150  -1 -3  0 -9 
53 152   1 -4  0 -9 
54 52   1  1  0 -9 
54 54  -1  2  0 -9 
54 74  -1  0  0 -9 
54 76   1  1  0 -9 
54 98   1  1  0 -9 
54 102   1 -2  0 -9 
54 110  -1  0  0 -9 
54 112  -1 -3  0 -9 
54 148   1 -2  0 -9 
54 151  -1 -3  0 -9 
54 153   1 -4  0 -9 
55 49   1  1  0 -9 
55 55  -1  2  0 -9 
55 71  -1  0  0 -9 
55 115  -1  0  0 -9 
55 120   1  1  0 -9 
55 135   1 -1  0 -9 
55 139  -1  0  0 -9 
56 42   1  1  0 -9 
56 50   1  1  0 -9 
56 56  -1  2  0 -9 
56 64  -1  0  0 -9 
56 72  -1  0  0 -9 
56 114   1 -1  0 -9 
56 116  -1  0  0 -9 
56 121   1  1  0 -9 
56 136   1 -1  0 -9 
56 140  -1  0  0 -9 
57 50   1  1  0 -9 
57 57  -1  2  0 -9 
57 72  -1  0  0 -9 
57 122   1  1  0 -9 
57 136   1 -1  0 -9 
57 141  -1  0  0 -9 
58 51   1  1  0 -9 
58 58  -1  2  0 -9 
58 73  -1  0  0 -9 
58 123   1  1  0 -9 
58 137   1 -1  0 -9 
58 142  -1  0  0 -9 
59 47   1  1  0 -9 
59 51   1  1  0 -9 
59 59  -1  2  0 -9 
59 69  -1  0  0 -9 
59 73  -1  0  0 -9 
59 117  -1  0  0 -9 
59 119   1 -1  0 -9 
59 124   1  1  0 -9 
59 137   1 -1  0 -9 
59 143  -1  0  0 -9 
60 52   1  1  0 -9 
60 60  -1  2  0 -9 
60 74  -1  0  0 -9 
60 118  -1  0  0 -9 
60 125   1  1  0 -9 
60 138   1 -1  0 -9 
60 144  -1  0  0 -9 
61 61  -1  2  0 -9 
61 70  -1  0  0 -9 
61 75  -1  0  0 -9 
61 77   1  1  0 -9 
61 126   1  1  0 -9 
61 129   1 -1  0 -9 
61 130  -1  0  0 -9 
61 132  -1 -2  0 -9 
61 133   1 -1  0 -9 
61 145  -1  0  0 -9 
61 147   1 -1  0 -9 
61 150  -1 -2  0 -9 
62 62  -1  2  0 -9 
62 76  -1  0  0 -9 
62 78   1  1  0 -9 
62 127   1  1  0 -9 
62 131  -1  0  0 -9 
62 134   1 -1  0 -9 
62 146  -1  0  0 -9 
62 148   1 -1  0 -9 
62 151  -1 -2  0 -9 
63 63  -1  2  0 -9 
63 75  -1  0  0 -9 
63 110  -1  0  0 -9 
63 111  -1  0 -1 -2  0 -9 
63 112   1 -1  0 -9 
63 113   1  1  0 -9 
63 128   1  1  0 -9 
63 147   1 -1  0 -9 
63 149  -1  0  0 -9 
63 150  -1 -2  0 -9 
63 152   1 -3  0 -9 
63 153  -1 -2  0 -9 
63 154   1 -1  0 -9 
64 114   1 -3  0 -9 
65 115   1 -3  0 -9 
66 116   1 -3  0 -9 
67 117   1 -3  0 -9 
68 118   1 -3  0 -9 
69 119   1 -3  0 -9 
70 129   1 -3  0 -9 
70 132  -1 -4  0 -9 
71 99  -1 -4  0 -9 
71 135   1 -3  0 -9 
72 100  -1 -4  0 -9 
72 136   1 -3  0 -9 
73 101  -1 -4  0 -9 
73 137   1 -3  0 -9 
74 102  -1 -4  0 -9 
74 138   1 -3  0 -9 
75 111  -1 -4  0 -9 
75 147   1 -3  0 -9 
75 150  -1 -4  0 -9 
75 152   1 -5  0 -9 
76 112  -1 -4  0 -9 
76 148   1 -3  0 -9 
76 151  -1 -4  0 -9 
76 153   1 -5  0 -9 
77 70  -1 -1  0 -9 
77 75  -1 -1  0 -9 
77 77   1  0  0 -9 
77 129   1 -2  0 -9 
77 130  -1 -1  0 -9 
77 132  -1 -3  0 -9 
77 133   1 -2  0 -9 
77 147   1 -2  0 -9 
77 150  -1 -3  0 -9 
78 76  -1 -1  0 -9 
78 78   1  0  0 -9 
78 131  -1 -1  0 -9 
78 134   1 -2  0 -9 
78 148   1 -2  0 -9 
78 151  -1 -3  0 -9 
79 79   1  0  0 -9 
80 80   1  0  0 -9 
81 81   1  0  0 -9 
82 82   1  0  0 -9 
83 83   1  0  0 -9 
84 84   1  0  0 -9 
85 85   1  0  0 -9 
86 86   1  0  0 -9 
87 87   1  0  0 -9 
87 99   1 -3  0 -9 
88 88   1  0  0 -9 
88 100   1 -3  0 -9 
89 89   1  0  0 -9 
89 101   1 -3  0 -9 
90 90   1  0  0 -9 
90 102   1 -3  0 -9 
91 91   1  0  0 -9 
91 99   1 -2  0 -9 
91 103  -1 -1  0 -9 
91 139   1 -2  0 -9 
92 92   1  0  0 -9 
92 100   1 -2  0 -9 
92 104  -1 -1  0 -9 
92 140   1 -2  0 -9 
93 93   1  0  0 -9 
93 100   1 -2  0 -9 
93 105  -1 -1  0 -9 
93 141   1 -2  0 -9 
94 94   1  0  0 -9 
94 101   1 -2  0 -9 
94 106  -1 -1  0 -9 
94 142   1 -2  0 -9 
95 95   1  0  0 -9 
95 101   1 -2  0 -9 
95 107  -1 -1  0 -9 
95 143   1 -2  0 -9 
96 96   1  0  0 -9 
96 102   1 -2  0 -9 
96 108  -1 -1  0 -9 
96 144   1 -2  0 -9 
97 97   1  0  0 -9 
97 109  -1 -1  0 -9 
97 111  -1 -4  0 -9 
97 145   1 -2  0 -9 
97 152   1 -5  0 -9 
98 98   1  0  0 -9 
98 102   1 -3  0 -9 
98 110  -1 -1  0 -9 
98 112  -1 -4  0 -9 
98 146   1 -2  0 -9 
98 153   1 -5  0 -9 
99 99  -1 -6  0 -9 
100 100  -1 -6  0 -9 
101 101  -1 -6  0 -9 
102 102  -1 -6  0 -9 
103 99  -1 -5  0 -9 
103 139   1 -3  0 -9 
104 100  -1 -5  0 -9 
104 140   1 -3  0 -9 
105 100  -1 -5  0 -9 
105 141   1 -3  0 -9 
106 101  -1 -5  0 -9 
106 142   1 -3  0 -9 
107 101  -1 -5  0 -9 
107 143   1 -3  0 -9 
108 102  -1 -5  0 -9 
108 144   1 -3  0 -9 
109 111  -1 -5  0 -9 
109 145   1 -3  0 -9 
109 152   1 -6  0 -9 
110 112  -1 -5  0 -9 
110 146   1 -3  0 -9 
110 153   1 -6  0 -9 
111 111  -1 -6  0 -9 
111 152   1 -7  0 -9 
112 112  -1 -6  0 -9 
112 153   1 -7  0 -9 
113 75  -1 -1  0 -9 
113 110  -1 -1  0 -9 
113 111  -1 -1 -1 -3 -1 -5  0 -9 
113 112   1 -2  0 -9 
113 113   1  0  0 -9 
113 146   1 -2  0 -9 
113 147   1 -2  0 -9 
113 149  -1 -1  0 -9 
113 150  -1 -3  0 -9 
113 152   1 -4  1 -6  0 -9 
113 153  -1 -3  0 -9 
113 154   1 -2  0 -9 
114 64   1 -3  0 -9 
115 65   1 -3  0 -9 
116 66   1 -3  0 -9 
117 67   1 -3  0 -9 
118 68   1 -3  0 -9 
119 69   1 -3  0 -9 
120 65   1 -2  0 -9 
120 71  -1 -1  0 -9 
120 99  -1 -3  0 -9 
120 103   1 -2  0 -9 
120 115  -1 -1  0 -9 
120 120   1  0  0 -9 
120 135   1 -2  0 -9 
120 139  -1 -1  0 -9 
121 64  -1 -1  0 -9 
121 66   1 -2  0 -9 
121 72  -1 -1  0 -9 
121 100  -1 -3  0 -9 
121 104   1 -2  0 -9 
121 114   1 -2  0 -9 
121 116  -1 -1  0 -9 
121 121   1  0  0 -9 
121 136   1 -2  0 -9 
121 140  -1 -1  0 -9 
122 72  -1 -1  0 -9 
122 100  -1 -3  0 -9 
122 105   1 -2  0 -9 
122 122   1  0  0 -9 
122 136   1 -2  0 -9 
122 141  -1 -1  0 -9 
123 73  -1 -1  0 -9 
123 101  -1 -3  0 -9 
123 106   1 -2  0 -9 
123 123   1  0  0 -9 
123 137   1 -2  0 -9 
123 142  -1 -1  0 -9 
124 67   1 -2  0 -9 
124 69  -1 -1  0 -9 
124 73  -1 -1  0 -9 
124 101  -1 -3  0 -9 
124 107   1 -2  0 -9 
124 117  -1 -1  0 -9 
124 119   1 -2  0 -9 
124 124   1  0  0 -9 
124 137   1 -2  0 -9 
124 143  -1 -1  0 -9 
125 68   1 -2  0 -9 
125 74  -1 -1  0 -9 
125 102  -1 -3  0 -9 
125 108   1 -2  0 -9 
125 118  -1 -1  0 -9 
125 125   1  0  0 -9 
125 138   1 -2  0 -9 
125 144  -1 -1  0 -9 
126 70  -1 -1  0 -9 
126 75  -1 -1  0 -9 
126 109   1 -2  0 -9 
126 111  -1 -3  0 -9 
126 126   1  0  0 -9 
126 129   1 -2  0 -9 
126 130  -1 -1  0 -9 
126 132  -1 -3  0 -9 
126 133   1 -2  0 -9 
126 145  -1 -1  0 -9 
126 147   1 -2  0 -9 
126 150  -1 -3  0 -9 
127 76  -1 -1  0 -9 
127 110   1 -2  0 -9 
127 112  -1 -3  0 -9 
127 127   1  0  0 -9 
127 131  -1 -1  0 -9 
127 134   1 -2  0 -9 
127 146  -1 -1  0 -9 
127 148   1 -2  0 -9 
127 151  -1 -3  0 -9 
128 75  -1 -1  0 -9 
128 111  -1 -3  0 -9 
128 128   1  0  0 -9 
128 147   1 -2  0 -9 
128 149  -1 -1  0 -9 
128 150  -1 -3  0 -9 
128 152   1 -4  0 -9 
128 153  -1 -3  0 -9 
128 154   1 -2  0 -9 
129 70   1 -3  0 -9 
129 132  -1 -5  0 -9 
130 132  -1 -4  0 -9 
130 133   1 -3  0 -9 
130 150  -1 -4  0 -9 
131 134   1 -3  0 -9 
131 151  -1 -4  0 -9 
132 132  -1 -6  0 -9 
133 130   1 -3  0 -9 
133 132  -1 -5  0 -9 
133 150  -1 -5  0 -9 
133 152   1 -6  0 -9 
134 131   1 -3  0 -9 
134 151  -1 -5  0 -9 
134 153   1 -6  0 -9 
135 71   1 -3  0 -9 
135 99  -1 -5  0 -9 
136 72   1 -3  0 -9 
136 100  -1 -5  0 -9 
137 73   1 -3  0 -9 
137 101  -1 -5  0 -9 
138 74   1 -3  0 -9 
138 102  -1 -5  0 -9 
139 99  -1 -4  0 -9 
139 103   1 -3  0 -9 
140 100  -1 -4  0 -9 
140 104   1 -3  0 -9 
141 100  -1 -4  0 -9 
141 105   1 -3  0 -9 
142 101  -1 -4  0 -9 
142 106   1 -3  0 -9 
143 101  -1 -4  0 -9 
143 107   1 -3  0 -9 
144 102  -1 -4  0 -9 
144 108   1 -3  0 -9 
145 109   1 -3  0 -9 
145 111  -1 -4  0 -9 
146 110   1 -3  0 -9 
146 112  -1 -4  0 -9 
147 75   1 -3  0 -9 
147 111  -1 -5  0 -9 
147 150  -1 -5  0 -9 
147 152   1 -6  0 -9 
148 76   1 -3  0 -9 
148 112  -1 -5  0 -9 
148 151  -1 -5  0 -9 
148 153   1 -6  0 -9 
149 111  -1 -4  0 -9 
149 150  -1 -4  0 -9 
149 152   1 -5  0 -9 
149 153  -1 -4  0 -9 
149 154   1 -3  0 -9 
150 150  -1 -6  0 -9 
150 152   1 -7  0 -9 
151 151  -1 -6  0 -9 
151 153   1 -7  0 -9 
152 152   1 -8  0 -9 
153 153   1 -8  0 -9 
154 111  -1 -5  0 -9 
154 149   1 -3  0 -9 
154 150  -1 -5  0 -9 
154 152   1 -6  0 -9 
154 153   1 -7  0 -9 
9999 9999
