 0  1   1 -3  0 -9 
 0  3  -1 -4  0 -9 
 1  0   1 -3  0 -9 
 1  2   1 -6  0 -9 
 1  3  -1 -5  0 -9 
 2  2   1 -8  0 -9 
 3  2   1 -7  0 -9 
 3  3  -1 -6  0 -9 
 4  1  -1  0  0 -9 
 4  3   1 -1  0 -9 
 4  4  -1  2  0 -9 
 4  5  -1  0  0 -9 
 4  6   1  1  0 -9 
 4  7   1 -1  0 -9 
 4  8   1  1  0 -9 
 4 10  -1  0  0 -9 
 4 11   1 -1  0 -9 
 4 12  -1 -2  0 -9 
 5  2  -1 -4  0 -9 
 5  7  -1 -5  0 -9 
 5  9   1 -3  0 -9 
 5 12   1 -6  0 -9 
 6  2  -1 -3  0 -9 
 6  3   1 -2  0 -9 
 6  5  -1 -1  0 -9 
 6  6   1  0  0 -9 
 6  7   1 -2  0 -9 
 6  9   1 -2  0 -9 
 6 10  -1 -1  0 -9 
 6 11   1 -2  0 -9 
 6 12  -1 -3  0 -9 
 7  7  -1 -6  0 -9 
 7 12   1 -7  0 -9 
 8  0   1 -2  0 -9 
 8  1  -1 -1  0 -9 
 8  2   1 -5  0 -9 
 8  3   1 -2 -1 -4  0 -9 
 8  8   1  0  0 -9 
 8 10  -1 -1  0 -9 
 8 11   1 -2  0 -9 
 8 12  -1 -3  0 -9 
 9  2   1 -7  0 -9 
 9  5   1 -3  0 -9 
 9  7  -1 -4  0 -9 
10  2   1 -6  0 -9 
10  3  -1 -5  0 -9 
10 11   1 -3  0 -9 
10 12  -1 -4  0 -9 
11  3  -1 -4  0 -9 
11 10   1 -3  0 -9 
11 12   1 -7  0 -9 
12 12   1 -8  0 -9 
13  2  -1 -3  0 -9 
13  5  -1 -1  0 -9 
13  7   1 -2 -1 -4  0 -9 
13  9   1 -2  0 -9 
13 12   1 -5  0 -9 
13 13   1  0  0 -9 
13 15  -1 -1  0 -9 
13 16   1 -2  0 -9 
14  2  -1 -2  0 -9 
14  3   1 -1  0 -9 
14  5  -1  0  0 -9 
14  6   1  1  0 -9 
14  7   1 -1  0 -9 
14  9   1 -1  0 -9 
14 10  -1  0  0 -9 
14 13   1  1  0 -9 
14 14  -1  2  0 -9 
14 15  -1  0  0 -9 
15  7  -1 -5  0 -9 
15 12   1 -6  0 -9 
15 16   1 -3  0 -9 
16  7  -1 -4  0 -9 
16 15   1 -3  0 -9 
17  0  -1 -1  0 -9 
17  1   1 -2  0 -9 
17  2  -1 -4  0 -9 
17 17   1  0  0 -9 
17 18  -1 -1  0 -9 
17 19   1 -3  0 -9 
17 20  -1 -4  0 -9 
17 21   1 -2  0 -9 
17 22   1 -5  0 -9 
18 20  -1 -5  0 -9 
18 21   1 -3  0 -9 
18 22   1 -6  0 -9 
19  2   1 -7  0 -9 
19 19  -1 -6  0 -9 
20 20  -1 -6  0 -9 
20 22   1 -7  0 -9 
21 18   1 -3  0 -9 
21 20  -1 -4  0 -9 
22 22   1 -8  0 -9 
23  0  -1  0  0 -9 
23  2  -1 -3  0 -9 
23  3   1 -2  0 -9 
23 17   1  1  0 -9 
23 18  -1  0  0 -9 
23 19   1 -2  0 -9 
23 20  -1 -3  0 -9 
23 21   1 -1  0 -9 
23 22   1 -4  0 -9 
23 23  -1  2  0 -9 
23 24  -1  0  0 -9 
23 25   1  1  0 -9 
23 26   1 -1  0 -9 
23 27   1  1  0 -9 
23 29  -1  0  0 -9 
23 30   1 -1  0 -9 
23 31  -1 -2  0 -9 
24 19  -1 -4  0 -9 
24 26  -1 -5  0 -9 
24 28   1 -3  0 -9 
24 31   1 -6  0 -9 
25  2  -1 -4  0 -9 
25  3   1 -3  0 -9 
25 20  -1 -4  0 -9 
25 22   1 -5  0 -9 
25 24  -1 -1  0 -9 
25 25   1  0  0 -9 
25 26   1 -2  0 -9 
25 28   1 -2  0 -9 
25 29  -1 -1  0 -9 
25 30   1 -2  0 -9 
25 31  -1 -3  0 -9 
26 26  -1 -6  0 -9 
26 31   1 -7  0 -9 
27 18  -1 -1  0 -9 
27 20   1 -2 -1 -4  0 -9 
27 21   1 -2  0 -9 
27 22   1 -5  0 -9 
27 27   1  0  0 -9 
27 29  -1 -1  0 -9 
27 30   1 -2  0 -9 
27 31  -1 -3  0 -9 
28  2   1 -6  0 -9 
28 19  -1 -5  0 -9 
28 24   1 -3  0 -9 
28 26  -1 -4  0 -9 
29 20  -1 -5  0 -9 
29 22   1 -6  0 -9 
29 30   1 -3  0 -9 
29 31  -1 -4  0 -9 
30 20  -1 -4  0 -9 
30 29   1 -3  0 -9 
30 31   1 -7  0 -9 
31 31   1 -8  0 -9 
32 18  -1  0  0 -9 
32 20   1 -1  0 -9 
32 27   1  1  0 -9 
32 29  -1  0  0 -9 
32 30   1 -1  0 -9 
32 31  -1 -2  0 -9 
32 32  -1  2  0 -9 
32 34   1  1  0 -9 
32 35  -1  0  0 -9 
32 36   1 -1  0 -9 
33  2  -1 -3  0 -9 
33  5  -1 -1  0 -9 
33  7  -1 -4  0 -9 
33  9   1 -2  0 -9 
33 12   1 -5  0 -9 
33 19   1 -2  0 -9 
33 24   1 -2  0 -9 
33 28  -1 -1  0 -9 
33 31  -1 -4  0 -9 
33 33   1  0  0 -9 
33 36   1 -3  0 -9 
34 20   1 -2  0 -9 
34 22  -1 -3  0 -9 
34 29  -1 -1  0 -9 
34 30   1 -2  0 -9 
34 31  -1 -3  0 -9 
34 34   1  0  0 -9 
34 35  -1 -1  0 -9 
34 36   1 -2  0 -9 
34 37   1 -2  0 -9 
35 22  -1 -4  0 -9 
35 31   1 -6  0 -9 
35 36  -1 -5  0 -9 
35 37   1 -3  0 -9 
36 31   1 -7  0 -9 
36 36  -1 -6  0 -9 
37 22   1 -7  0 -9 
37 35   1 -3  0 -9 
37 36  -1 -4  0 -9 
38  2  -1 -2  0 -9 
38  5  -1  0  0 -9 
38  7  -1 -3  0 -9 
38  9   1 -1  0 -9 
38 12   1 -4  0 -9 
38 13   1  1  0 -9 
38 15  -1  0  0 -9 
38 16   1 -1  0 -9 
38 19   1 -1  0 -9 
38 26   1 -2  0 -9 
38 28  -1  0  0 -9 
38 31  -1 -3  0 -9 
38 33   1  1  0 -9 
38 36   1 -2  0 -9 
38 38  -1  2  0 -9 
38 40   1  1  0 -9 
38 41  -1  0  0 -9 
39 20   1 -1  0 -9 
39 22  -1 -2  0 -9 
39 29  -1  0  0 -9 
39 34   1  1  0 -9 
39 35  -1  0  0 -9 
39 36   1 -1  0 -9 
39 37   1 -1  0 -9 
39 39  -1  2  0 -9 
39 42   1  1  0 -9 
39 43  -1  0  0 -9 
40  7  -1 -4  0 -9 
40 12   1 -5  0 -9 
40 15  -1 -1  0 -9 
40 16   1 -2  0 -9 
40 26   1 -3  0 -9 
40 31  -1 -4  0 -9 
40 40   1  0  0 -9 
40 41  -1 -1  0 -9 
40 43   1 -2  0 -9 
41 36  -1 -4  0 -9 
41 43   1 -3  0 -9 
42 22  -1 -3  0 -9 
42 31   1 -5  0 -9 
42 35  -1 -1  0 -9 
42 36   1 -2 -1 -4  0 -9 
42 37   1 -2  0 -9 
42 41   1 -2  0 -9 
42 42   1  0  0 -9 
42 43  -1 -1  0 -9 
43 31   1 -6  0 -9 
43 36  -1 -5  0 -9 
43 41   1 -3  0 -9 
44 44  -1  2  0 -9 
44 45  -1  0  0 -9 
44 46   1  1  0 -9 
44 47   1 -1  0 -9 
44 48   1  1  0 -9 
44 50  -1  0  0 -9 
44 51   1 -1  0 -9 
44 52  -1 -2  0 -9 
45 47  -1 -5  0 -9 
45 49   1 -3  0 -9 
45 52   1 -6  0 -9 
46 45  -1 -1  0 -9 
46 46   1  0  0 -9 
46 47   1 -2  0 -9 
46 49   1 -2  0 -9 
46 50  -1 -1  0 -9 
46 51   1 -2  0 -9 
46 52  -1 -3  0 -9 
47 47  -1 -6  0 -9 
47 52   1 -7  0 -9 
48 48   1  0  0 -9 
48 50  -1 -1  0 -9 
48 51   1 -2  0 -9 
48 52  -1 -3  0 -9 
49 45   1 -3  0 -9 
49 47  -1 -4  0 -9 
50 51   1 -3  0 -9 
50 52  -1 -4  0 -9 
51 50   1 -3  0 -9 
51 52   1 -7  0 -9 
52 52   1 -8  0 -9 
53 45  -1 -1  0 -9 
53 47   1 -2 -1 -4  0 -9 
53 49   1 -2  0 -9 
53 52   1 -5  0 -9 
53 53   1  0  0 -9 
53 55  -1 -1  0 -9 
53 56   1 -2  0 -9 
54 45  -1  0  0 -9 
54 46   1  1  0 -9 
54 47   1 -1  0 -9 
54 49   1 -1  0 -9 
54 50  -1  0  0 -9 
54 53   1  1  0 -9 
54 54  -1  2  0 -9 
54 55  -1  0  0 -9 
55 47  -1 -5  0 -9 
55 52   1 -6  0 -9 
55 56   1 -3  0 -9 
56 47  -1 -4  0 -9 
56 55   1 -3  0 -9 
57 45  -1  0  0 -9 
57 47   1 -1  0 -9 
57 53   1  1  0 -9 
57 55  -1  0  0 -9 
57 56   1 -1  0 -9 
57 57  -1  2  0 -9 
57 59   1  1  0 -9 
57 60  -1  0  0 -9 
58 51  -1  0  0 -9 
58 52   1 -1  0 -9 
58 58  -1  2  0 -9 
58 61   1  1  0 -9 
58 62  -1  0  0 -9 
59 47   1 -2  0 -9 
59 52  -1 -3  0 -9 
59 55  -1 -1  0 -9 
59 56   1 -2  0 -9 
59 59   1  0  0 -9 
59 60  -1 -1  0 -9 
59 62   1 -2  0 -9 
60 52  -1 -4  0 -9 
60 62   1 -3  0 -9 
61 50   1 -2  0 -9 
61 51  -1 -1  0 -9 
61 52   1 -2  1 -6  0 -9 
61 60   1 -2  0 -9 
61 61   1  0  0 -9 
61 62  -1 -1  0 -9 
62 52   1 -7  0 -9 
62 60   1 -3  0 -9 
63 47   1 -1  0 -9 
63 52  -1 -2  0 -9 
63 55  -1  0  0 -9 
63 59   1  1  0 -9 
63 60  -1  0  0 -9 
63 62   1 -1  0 -9 
63 63  -1  2  0 -9 
63 64   1  1  0 -9 
64 52  -1 -3  0 -9 
64 60  -1 -1  0 -9 
64 62   1 -2  0 -9 
64 64   1  0  0 -9 
65 65  -1  2  0 -9 
65 66  -1  0  0 -9 
65 67   1  1  0 -9 
65 68   1 -1  0 -9 
65 69   1  1  0 -9 
65 71  -1  0  0 -9 
65 72   1 -1  0 -9 
65 73  -1 -2  0 -9 
66 68  -1 -5  0 -9 
66 70   1 -3  0 -9 
66 73   1 -6  0 -9 
67 66  -1 -1  0 -9 
67 67   1  0  0 -9 
67 68   1 -2  0 -9 
67 70   1 -2  0 -9 
67 71  -1 -1  0 -9 
67 72   1 -2  0 -9 
67 73  -1 -3  0 -9 
68 68  -1 -6  0 -9 
68 73   1 -7  0 -9 
69 69   1  0  0 -9 
69 71  -1 -1  0 -9 
69 72   1 -2  0 -9 
69 73  -1 -3  0 -9 
70 66   1 -3  0 -9 
70 68  -1 -4  0 -9 
71 72   1 -3  0 -9 
71 73  -1 -4  0 -9 
72 71   1 -3  0 -9 
72 73   1 -7  0 -9 
73 73   1 -8  0 -9 
74 66  -1 -1  0 -9 
74 68   1 -2 -1 -4  0 -9 
74 70   1 -2  0 -9 
74 73   1 -5  0 -9 
74 74   1  0  0 -9 
74 76  -1 -1  0 -9 
74 77   1 -2  0 -9 
75 66  -1  0  0 -9 
75 67   1  1  0 -9 
75 68   1 -1  0 -9 
75 70   1 -1  0 -9 
75 71  -1  0  0 -9 
75 74   1  1  0 -9 
75 75  -1  2  0 -9 
75 76  -1  0  0 -9 
76 68  -1 -5  0 -9 
76 73   1 -6  0 -9 
76 77   1 -3  0 -9 
77 68  -1 -4  0 -9 
77 76   1 -3  0 -9 
78 66  -1  0  0 -9 
78 68   1 -1  0 -9 
78 74   1  1  0 -9 
78 76  -1  0  0 -9 
78 77   1 -1  0 -9 
78 78  -1  2  0 -9 
78 80   1  1  0 -9 
78 81  -1  0  0 -9 
79 72  -1  0  0 -9 
79 73   1 -1  0 -9 
79 79  -1  2  0 -9 
79 82   1  1  0 -9 
79 83  -1  0  0 -9 
80 68   1 -2  0 -9 
80 73  -1 -3  0 -9 
80 76  -1 -1  0 -9 
80 77   1 -2  0 -9 
80 80   1  0  0 -9 
80 81  -1 -1  0 -9 
80 83   1 -2  0 -9 
81 73  -1 -4  0 -9 
81 83   1 -3  0 -9 
82 71   1 -2  0 -9 
82 72  -1 -1  0 -9 
82 73   1 -2  1 -6  0 -9 
82 81   1 -2  0 -9 
82 82   1  0  0 -9 
82 83  -1 -1  0 -9 
83 73   1 -7  0 -9 
83 81   1 -3  0 -9 
84 68   1 -1  0 -9 
84 73  -1 -2  0 -9 
84 76  -1  0  0 -9 
84 80   1  1  0 -9 
84 81  -1  0  0 -9 
84 83   1 -1  0 -9 
84 84  -1  2  0 -9 
84 85   1  1  0 -9 
85 73  -1 -3  0 -9 
85 81  -1 -1  0 -9 
85 83   1 -2  0 -9 
85 85   1  0  0 -9 
86 69   1  1  0 -9 
86 71  -1  0  0 -9 
86 72   1 -1  0 -9 
86 73  -1 -2  0 -9 
86 86  -1  2  0 -9 
86 88   1  1  0 -9 
86 89  -1  0  0 -9 
86 90   1 -1  0 -9 
87 45  -1 -1  0 -9 
87 47  -1 -4  0 -9 
87 49   1 -2  0 -9 
87 52   1 -5  0 -9 
87 66   1 -2  0 -9 
87 70  -1 -1  0 -9 
87 73  -1 -4  0 -9 
87 87   1  0  0 -9 
87 90   1 -3  0 -9 
88 71  -1 -1  0 -9 
88 72   1 -2  0 -9 
88 73  -1 -3  0 -9 
88 88   1  0  0 -9 
88 89  -1 -1  0 -9 
88 90   1 -2  0 -9 
88 91   1 -2  0 -9 
89 73   1 -6  0 -9 
89 90  -1 -5  0 -9 
89 91   1 -3  0 -9 
90 73   1 -7  0 -9 
90 90  -1 -6  0 -9 
91 89   1 -3  0 -9 
91 90  -1 -4  0 -9 
92 45  -1  0  0 -9 
92 47  -1 -3  0 -9 
92 49   1 -1  0 -9 
92 52   1 -4  0 -9 
92 53   1  1  0 -9 
92 55  -1  0  0 -9 
92 56   1 -1  0 -9 
92 68   1 -2  0 -9 
92 70  -1  0  0 -9 
92 73  -1 -3  0 -9 
92 87   1  1  0 -9 
92 90   1 -2  0 -9 
92 92  -1  2  0 -9 
92 94   1  1  0 -9 
92 95  -1  0  0 -9 
93 71  -1  0  0 -9 
93 88   1  1  0 -9 
93 89  -1  0  0 -9 
93 90   1 -1  0 -9 
93 91   1 -1  0 -9 
93 93  -1  2  0 -9 
93 96   1  1  0 -9 
93 97  -1  0  0 -9 
94 47  -1 -4  0 -9 
94 52   1 -5  0 -9 
94 55  -1 -1  0 -9 
94 56   1 -2  0 -9 
94 68   1 -3  0 -9 
94 73  -1 -4  0 -9 
94 94   1  0  0 -9 
94 95  -1 -1  0 -9 
94 97   1 -2  0 -9 
95 90  -1 -4  0 -9 
95 97   1 -3  0 -9 
96 73   1 -5  0 -9 
96 89  -1 -1  0 -9 
96 90   1 -2 -1 -4  0 -9 
96 91   1 -2  0 -9 
96 95   1 -2  0 -9 
96 96   1  0  0 -9 
96 97  -1 -1  0 -9 
97 73   1 -6  0 -9 
97 90  -1 -5  0 -9 
97 95   1 -3  0 -9 
98 81  -1  0  0 -9 
98 89  -1  0  0 -9 
98 90   1 -1  0 -9 
98 95   1 -1  0 -9 
98 96   1  1  0 -9 
98 97  -1  0  0 -9 
98 98  -1  2  0 -9 
98 99   1  1  0 -9 
99 73  -1 -3  0 -9 
99 81  -1 -1  0 -9 
99 83   1 -2  0 -9 
99 90   1 -2  0 -9 
99 95   1 -2  0 -9 
99 97  -1 -1  0 -9 
99 99   1  0  0 -9 
100 73  -1 -2  0 -9 
100 81  -1  0  0 -9 
100 83   1 -1  0 -9 
100 85   1  1  0 -9 
100 90   1 -1  0 -9 
100 97  -1  0  0 -9 
100 99   1  1  0 -9 
100 100  -1  2  0 -9 
101 101   1  0  0 -9 
101 103  -1 -1  0 -9 
101 104   1 -2  0 -9 
102 101   1  1  0 -9 
102 102  -1  2  0 -9 
102 103  -1  0  0 -9 
103 104   1 -3  0 -9 
104 103   1 -3  0 -9 
105 104  -1  0  0 -9 
105 105  -1  2  0 -9 
105 106   1  1  0 -9 
106 103   1 -2  0 -9 
106 104  -1 -1  0 -9 
106 106   1  0  0 -9 
107 101   1  1  0 -9 
107 103  -1  0  0 -9 
107 104   1 -1  0 -9 
107 107  -1  2  0 -9 
107 109   1  1  0 -9 
107 110  -1  0  0 -9 
108 108  -1  2  0 -9 
108 111   1  1  0 -9 
108 112  -1  0  0 -9 
109 103  -1 -1  0 -9 
109 104   1 -2  0 -9 
109 109   1  0  0 -9 
109 110  -1 -1  0 -9 
109 112   1 -2  0 -9 
110 112   1 -3  0 -9 
111 110   1 -2  0 -9 
111 111   1  0  0 -9 
111 112  -1 -1  0 -9 
112 110   1 -3  0 -9 
113 103  -1  0  0 -9 
113 109   1  1  0 -9 
113 110  -1  0  0 -9 
113 112   1 -1  0 -9 
113 113  -1  2  0 -9 
113 114   1  1  0 -9 
114 110  -1 -1  0 -9 
114 112   1 -2  0 -9 
114 114   1  0  0 -9 
115 110  -1  0  0 -9 
115 114   1  1  0 -9 
115 115  -1  2  0 -9 
9999 9999
