 0  8   1 -3  0 -9 
 0 27  -1 -4  0 -9 
 1  0  -1 -1  0 -9 
 1  1   1  0  0 -9 
 1  8   1 -2  0 -9 
 1  9  -1 -1  0 -9 
 1 27  -1 -3  0 -9 
 1 31   1 -2  0 -9 
 2 10   1 -3  0 -9 
 2 36  -1 -4  0 -9 
 3  2  -1 -1  0 -9 
 3  3   1  0  0 -9 
 3 10   1 -2  0 -9 
 3 11  -1 -1  0 -9 
 3 17  -1 -1  0 -9 
 3 20   1 -2  0 -9 
 3 22  -1 -3  0 -9 
 3 36  -1 -3  0 -9 
 3 37  -1 -3  0 -9 
 3 39   1 -2  0 -9 
 3 44   1 -4  0 -9 
 4  4   1  0  0 -9 
 4 12  -1 -1  0 -9 
 4 18  -1 -1  0 -9 
 4 19  -1 -3  0 -9 
 4 21   1 -2  0 -9 
 4 23  -1 -3  0 -9 
 4 38  -1 -3  0 -9 
 4 40   1 -2  0 -9 
 4 45   1 -4  0 -9 
 5  2  -1  0  0 -9 
 5  3   1  1  0 -9 
 5  5  -1  2  0 -9 
 5 10   1 -1  0 -9 
 5 11  -1  0  0 -9 
 5 13   1  1  0 -9 
 5 17  -1  0  0 -9 
 5 32  -1  0  0 -9 
 5 36  -1 -2  0 -9 
 5 39   1 -1  0 -9 
 6  0  -1  0  0 -9 
 6  1   1  1  0 -9 
 6  2   1  1  0 -9 
 6  4   1  1  0 -9 
 6  6  -1  2  0 -9 
 6  9  -1  0  0 -9 
 6 10   1 -2  0 -9 
 6 12  -1  0  0 -9 
 6 14   1  1  0 -9 
 6 18  -1  0  0 -9 
 6 31   1 -1  0 -9 
 6 33  -1  0  0 -9 
 6 36  -1 -3  0 -9 
 6 40   1 -1  0 -9 
 7  4   1  1  0 -9 
 7  7  -1  2  0 -9 
 7 12  -1  0  0 -9 
 7 18  -1  0  0 -9 
 7 19  -1 -2  0 -9 
 7 20  -1  0  0 -9 
 7 21   1 -1  0 -9 
 7 22   1 -1  0 -9 
 7 23  -1  0 -1 -2  0 -9 
 7 25   1  1  0 -9 
 7 37   1 -1  0 -9 
 7 38  -1 -2  0 -9 
 7 40   1 -1  0 -9 
 7 42  -1  0  0 -9 
 7 44  -1 -2  0 -9 
 7 45   1 -3  0 -9 
 7 46   1 -1  0 -9 
 8  0   1 -3  0 -9 
 8 27  -1 -5  0 -9 
 9 27  -1 -4  0 -9 
 9 31   1 -3  0 -9 
10  2   1 -3  0 -9 
10 19   1 -6  0 -9 
10 36  -1 -5  0 -9 
11 19   1 -5  0 -9 
11 22  -1 -4  0 -9 
11 36  -1 -4  0 -9 
11 37  -1 -4  0 -9 
11 39   1 -3  0 -9 
11 44   1 -5  0 -9 
12 23  -1 -4  0 -9 
12 38  -1 -4  0 -9 
12 40   1 -3  0 -9 
12 45   1 -5  0 -9 
13  2  -1 -1  0 -9 
13 10   1 -2  0 -9 
13 11  -1 -1  0 -9 
13 13   1  0  0 -9 
13 28   1 -2  0 -9 
13 32  -1 -1  0 -9 
13 36  -1 -3  0 -9 
13 37  -1 -3  0 -9 
13 39   1 -2  0 -9 
14  9  -1 -1  0 -9 
14 12  -1 -1  0 -9 
14 14   1  0  0 -9 
14 27  -1 -3  0 -9 
14 29   1 -2  0 -9 
14 31   1 -2  0 -9 
14 33  -1 -1  0 -9 
14 38  -1 -3  0 -9 
14 40   1 -2  0 -9 
15  9  -1  0  0 -9 
15 12  -1  0  0 -9 
15 14   1  1  0 -9 
15 15  -1  2  0 -9 
15 27  -1 -2  0 -9 
15 28  -1  0  0 -9 
15 29   1 -1  0 -9 
15 31   1 -1  0 -9 
15 33  -1  0  0 -9 
15 34   1  1  0 -9 
15 37   1 -1  0 -9 
15 38  -1 -2  0 -9 
15 40   1 -1  0 -9 
15 41  -1  0  0 -9 
16 12   1  1  0 -9 
16 16  -1  2  0 -9 
16 23  -1 -3  0 -9 
16 24  -1  0  0 -9 
16 26   1  1  0 -9 
16 30  -1  0  0 -9 
16 35   1  1  0 -9 
16 38  -1 -3  0 -9 
16 40   1 -2  0 -9 
16 43  -1  0  0 -9 
16 45   1 -4  0 -9 
16 47   1 -1  0 -9 
17 20   1 -3  0 -9 
17 22  -1 -4  0 -9 
17 37  -1 -4  0 -9 
17 44   1 -5  0 -9 
18 19  -1 -4  0 -9 
18 21   1 -3  0 -9 
18 23  -1 -4  0 -9 
18 38  -1 -4  0 -9 
18 45   1 -5  0 -9 
19 19   1 -8  0 -9 
20 17   1 -3  0 -9 
20 19   1 -6  0 -9 
20 22  -1 -5  0 -9 
20 37  -1 -5  0 -9 
20 44   1 -6  0 -9 
21 18   1 -3  0 -9 
21 19   1 -7  0 -9 
21 23  -1 -5  0 -9 
21 38  -1 -5  0 -9 
21 45   1 -6  0 -9 
22 19   1 -7  0 -9 
22 22  -1 -6  0 -9 
22 44   1 -7  0 -9 
23 23  -1 -6  0 -9 
23 45   1 -7  0 -9 
24 23  -1 -5  0 -9 
24 37  -1 -4  0 -9 
24 41   1 -3  0 -9 
24 45   1 -6  0 -9 
25 12  -1 -1  0 -9 
25 17   1 -2  0 -9 
25 18  -1 -1  0 -9 
25 19  -1 -3  0 -9 
25 20  -1 -1  0 -9 
25 21   1 -2  0 -9 
25 22   1 -2  0 -9 
25 23  -1 -1 -1 -3 -1 -5  0 -9 
25 25   1  0  0 -9 
25 30   1 -2  0 -9 
25 37   1 -2 -1 -4  0 -9 
25 38  -1 -3  0 -9 
25 40   1 -2  0 -9 
25 42  -1 -1  0 -9 
25 44  -1 -3  0 -9 
25 45   1 -4  1 -6  0 -9 
25 46   1 -2  0 -9 
26 23  -1 -4  0 -9 
26 24  -1 -1  0 -9 
26 26   1  0  0 -9 
26 37  -1 -3  0 -9 
26 41   1 -2  0 -9 
26 43  -1 -1  0 -9 
26 45   1 -5  0 -9 
26 47   1 -2  0 -9 
27 27  -1 -6  0 -9 
28 32   1 -3  0 -9 
28 37  -1 -5  0 -9 
28 44   1 -6  0 -9 
29 27  -1 -5  0 -9 
29 33   1 -3  0 -9 
29 38  -1 -5  0 -9 
29 45   1 -6  0 -9 
30 37  -1 -4  0 -9 
30 42   1 -3  0 -9 
30 44   1 -5  0 -9 
30 46  -1 -4  0 -9 
31  9   1 -3  0 -9 
31 27  -1 -5  0 -9 
32 28   1 -3  0 -9 
32 37  -1 -4  0 -9 
33 27  -1 -4  0 -9 
33 29   1 -3  0 -9 
33 38  -1 -4  0 -9 
34  9  -1 -1  0 -9 
34 12  -1 -1  0 -9 
34 23  -1 -3  0 -9 
34 24   1 -2  0 -9 
34 27  -1 -3  0 -9 
34 28  -1 -1  0 -9 
34 29   1 -2  0 -9 
34 31   1 -2  0 -9 
34 32   1 -2  0 -9 
34 33  -1 -1  0 -9 
34 34   1  0  0 -9 
34 37   1 -2 -1 -4  0 -9 
34 38  -1 -3  0 -9 
34 40   1 -2  0 -9 
34 41  -1 -1  0 -9 
34 44   1 -5  0 -9 
35 30  -1 -1  0 -9 
35 35   1  0  0 -9 
35 37  -1 -3  0 -9 
35 42   1 -2  0 -9 
35 43  -1 -1  0 -9 
35 44   1 -4  0 -9 
35 46  -1 -3  0 -9 
35 47   1 -2  0 -9 
36 19   1 -7  0 -9 
36 36  -1 -6  0 -9 
37 37  -1 -6  0 -9 
37 44   1 -7  0 -9 
38 38  -1 -6  0 -9 
38 45   1 -7  0 -9 
39 11   1 -3  0 -9 
39 19   1 -6  0 -9 
39 22  -1 -5  0 -9 
39 36  -1 -5  0 -9 
39 37  -1 -5  0 -9 
39 44   1 -6  0 -9 
40 12   1 -3  0 -9 
40 23  -1 -5  0 -9 
40 38  -1 -5  0 -9 
40 45   1 -6  0 -9 
41 23  -1 -4  0 -9 
41 24   1 -3  0 -9 
41 37  -1 -5  0 -9 
41 44   1 -6  0 -9 
42 30   1 -3  0 -9 
42 37  -1 -5  0 -9 
42 44   1 -6  0 -9 
42 46  -1 -5  0 -9 
43 37  -1 -4  0 -9 
43 44   1 -5  0 -9 
43 46  -1 -4  0 -9 
43 47   1 -3  0 -9 
44 44   1 -8  0 -9 
45 45   1 -8  0 -9 
46 44   1 -7  0 -9 
46 46  -1 -6  0 -9 
47 37  -1 -5  0 -9 
47 43   1 -3  0 -9 
47 44   1 -6  0 -9 
47 46  -1 -5  0 -9 
48  0  -1 -1  0 -9 
48  8   1 -2  0 -9 
48 27  -1 -3  0 -9 
48 48   1  0  0 -9 
48 56  -1 -1  0 -9 
48 75   1 -2  0 -9 
49  0  -1  0  0 -9 
49  1   1  1  0 -9 
49  8   1 -1  0 -9 
49  9  -1  0  0 -9 
49 48   1  1  0 -9 
49 49  -1  2  0 -9 
49 56  -1  0  0 -9 
49 57   1  1  0 -9 
49 79   1 -2  0 -9 
49 84  -1 -3  0 -9 
50  2  -1 -1  0 -9 
50 10   1 -2  0 -9 
50 36  -1 -3  0 -9 
50 50   1  0  0 -9 
50 58  -1 -1  0 -9 
50 90   1 -2  0 -9 
51  2  -1  0  0 -9 
51  3   1  1  0 -9 
51 10   1 -1  0 -9 
51 11  -1  0  0 -9 
51 17  -1  0  0 -9 
51 19  -1 -3  0 -9 
51 20   1 -1  0 -9 
51 50   1  1  0 -9 
51 51  -1  2  0 -9 
51 58  -1  0  0 -9 
51 59   1  1  0 -9 
51 65   1  1  0 -9 
51 67   1 -2  0 -9 
51 68  -1  0  0 -9 
51 70  -1 -3  0 -9 
51 93   1 -2  0 -9 
51 98  -1 -3  0 -9 
51 102   1 -4  0 -9 
52  4   1  1  0 -9 
52 12  -1  0  0 -9 
52 18  -1  0  0 -9 
52 19  -1 -2  0 -9 
52 21   1 -1  0 -9 
52 52  -1  2  0 -9 
52 60   1  1  0 -9 
52 66   1  1  0 -9 
52 67   1 -1  0 -9 
52 69  -1  0  0 -9 
52 71  -1 -3  0 -9 
52 94   1 -2  0 -9 
52 99  -1 -3  0 -9 
52 103   1 -4  0 -9 
53 28  -1  0  0 -9 
53 37   1 -1  0 -9 
53 53  -1  2  0 -9 
53 59  -1  0  0 -9 
53 61   1  1  0 -9 
53 76   1  1  0 -9 
53 80  -1  0  0 -9 
53 85   1 -1  0 -9 
53 91  -1  0  0 -9 
53 93   1 -1  0 -9 
53 98  -1 -2  0 -9 
54  2  -1  0  0 -9 
54 10   1 -1  0 -9 
54 27   1 -1  0 -9 
54 29  -1  0  0 -9 
54 36  -1 -2  0 -9 
54 38   1 -1  0 -9 
54 50   1  1  0 -9 
54 54  -1  2  0 -9 
54 57  -1  0  0 -9 
54 58  -1  0  0 -9 
54 60  -1  0  0 -9 
54 62   1  1  0 -9 
54 75  -1  0  0 -9 
54 77   1  1  0 -9 
54 79   1 -1  0 -9 
54 81  -1  0  0 -9 
54 84  -1 -2  0 -9 
54 86   1 -1  0 -9 
54 90   1 -1  0 -9 
54 92  -1  0  0 -9 
54 94   1 -1  0 -9 
54 99  -1 -2  0 -9 
55 30  -1  0  0 -9 
55 55  -1  2  0 -9 
55 60  -1  0  0 -9 
55 68  -1  0  0 -9 
55 70   1 -1  0 -9 
55 71  -1  0 -1 -2  0 -9 
55 73   1  1  0 -9 
55 78   1  1  0 -9 
55 94   1 -1  0 -9 
55 96  -1  0  0 -9 
55 99  -1 -2  0 -9 
55 102  -1 -2  0 -9 
55 103   1 -3  0 -9 
55 104   1 -1  0 -9 
56 27  -1 -4  0 -9 
56 75   1 -3  0 -9 
57 79   1 -3  0 -9 
57 84  -1 -4  0 -9 
58 19   1 -5  0 -9 
58 36  -1 -4  0 -9 
58 67  -1 -4  0 -9 
58 90   1 -3  0 -9 
59 70  -1 -4  0 -9 
59 93   1 -3  0 -9 
59 98  -1 -4  0 -9 
59 102   1 -5  0 -9 
60 71  -1 -4  0 -9 
60 94   1 -3  0 -9 
60 99  -1 -4  0 -9 
60 103   1 -5  0 -9 
61 59  -1 -1  0 -9 
61 61   1  0  0 -9 
61 80  -1 -1  0 -9 
61 85   1 -2  0 -9 
61 93   1 -2  0 -9 
61 98  -1 -3  0 -9 
62 57  -1 -1  0 -9 
62 60  -1 -1  0 -9 
62 62   1  0  0 -9 
62 79   1 -2  0 -9 
62 81  -1 -1  0 -9 
62 84  -1 -3  0 -9 
62 86   1 -2  0 -9 
62 94   1 -2  0 -9 
62 99  -1 -3  0 -9 
63 57  -1  0  0 -9 
63 60  -1  0  0 -9 
63 62   1  1  0 -9 
63 63  -1  2  0 -9 
63 79   1 -1  0 -9 
63 81  -1  0  0 -9 
63 82   1  1  0 -9 
63 84  -1 -2  0 -9 
63 86   1 -1  0 -9 
63 87  -1  0  0 -9 
63 94   1 -1  0 -9 
63 95  -1  0  0 -9 
63 99  -1 -2  0 -9 
63 100   1 -1  0 -9 
64 60   1  1  0 -9 
64 64  -1  2  0 -9 
64 71  -1 -3  0 -9 
64 72  -1  0  0 -9 
64 74   1  1  0 -9 
64 83   1  1  0 -9 
64 88  -1  0  0 -9 
64 94   1 -2  0 -9 
64 97  -1  0  0 -9 
64 99  -1 -3  0 -9 
64 103   1 -4  0 -9 
64 105   1 -1  0 -9 
65 17  -1 -1  0 -9 
65 19  -1 -4  0 -9 
65 20   1 -2  0 -9 
65 37  -1 -3  0 -9 
65 65   1  0  0 -9 
65 67   1 -3  0 -9 
65 68  -1 -1  0 -9 
65 70  -1 -4  0 -9 
65 91   1 -2  0 -9 
65 102   1 -5  0 -9 
66 18  -1 -1  0 -9 
66 19  -1 -3  0 -9 
66 21   1 -2  0 -9 
66 38  -1 -3  0 -9 
66 66   1  0  0 -9 
66 67   1 -2  0 -9 
66 69  -1 -1  0 -9 
66 71  -1 -4  0 -9 
66 92   1 -2  0 -9 
66 103   1 -5  0 -9 
67 19   1 -7  0 -9 
67 67  -1 -6  0 -9 
68 37  -1 -4  0 -9 
68 70  -1 -5  0 -9 
68 91   1 -3  0 -9 
68 102   1 -6  0 -9 
69 19   1 -6  0 -9 
69 38  -1 -4  0 -9 
69 67  -1 -5  0 -9 
69 71  -1 -5  0 -9 
69 92   1 -3  0 -9 
69 103   1 -6  0 -9 
70 70  -1 -6  0 -9 
70 102   1 -7  0 -9 
71 71  -1 -6  0 -9 
71 103   1 -7  0 -9 
72 71  -1 -5  0 -9 
72 95   1 -3  0 -9 
72 100  -1 -4  0 -9 
72 103   1 -6  0 -9 
73 37  -1 -3  0 -9 
73 60  -1 -1  0 -9 
73 68  -1 -1  0 -9 
73 70   1 -2  0 -9 
73 71  -1 -1 -1 -3 -1 -5  0 -9 
73 73   1  0  0 -9 
73 91   1 -2  0 -9 
73 94   1 -2  0 -9 
73 96  -1 -1  0 -9 
73 99  -1 -3  0 -9 
73 102  -1 -3  0 -9 
73 103   1 -4  1 -6  0 -9 
73 104   1 -2  0 -9 
74 71  -1 -4  0 -9 
74 72  -1 -1  0 -9 
74 74   1  0  0 -9 
74 95   1 -2  0 -9 
74 97  -1 -1  0 -9 
74 100  -1 -3  0 -9 
74 103   1 -5  0 -9 
74 105   1 -2  0 -9 
75 27  -1 -5  0 -9 
75 56   1 -3  0 -9 
76 28  -1 -1  0 -9 
76 32   1 -2  0 -9 
76 37   1 -2 -1 -4  0 -9 
76 44   1 -5  0 -9 
76 59  -1 -1  0 -9 
76 68   1 -2  0 -9 
76 70  -1 -3  0 -9 
76 76   1  0  0 -9 
76 80  -1 -1  0 -9 
76 85   1 -2  0 -9 
76 91  -1 -1  0 -9 
76 93   1 -2  0 -9 
76 98  -1 -3  0 -9 
77  2  -1 -1  0 -9 
77 10   1 -2  0 -9 
77 27   1 -2 -1 -4  0 -9 
77 29  -1 -1  0 -9 
77 33   1 -2  0 -9 
77 36  -1 -3  0 -9 
77 38   1 -2 -1 -4  0 -9 
77 45   1 -5  0 -9 
77 56   1 -2  0 -9 
77 57  -1 -1  0 -9 
77 58  -1 -1  0 -9 
77 60  -1 -1  0 -9 
77 67  -1 -3  0 -9 
77 69   1 -2  0 -9 
77 71  -1 -3  0 -9 
77 75  -1 -1  0 -9 
77 77   1  0  0 -9 
77 79   1 -2  0 -9 
77 81  -1 -1  0 -9 
77 84  -1 -3  0 -9 
77 86   1 -2  0 -9 
77 90   1 -2  0 -9 
77 92  -1 -1  0 -9 
77 94   1 -2  0 -9 
77 99  -1 -3  0 -9 
78 30  -1 -1  0 -9 
78 37  -1 -3  0 -9 
78 42   1 -2  0 -9 
78 44   1 -4  0 -9 
78 46  -1 -3  0 -9 
78 60  -1 -1  0 -9 
78 71  -1 -3  0 -9 
78 78   1  0  0 -9 
78 94   1 -2  0 -9 
78 96  -1 -1  0 -9 
78 99  -1 -3  0 -9 
78 102  -1 -3  0 -9 
78 103   1 -4  0 -9 
78 104   1 -2  0 -9 
79 57   1 -3  0 -9 
79 84  -1 -5  0 -9 
80 85   1 -3  0 -9 
80 98  -1 -4  0 -9 
81 84  -1 -4  0 -9 
81 86   1 -3  0 -9 
81 99  -1 -4  0 -9 
82 57  -1 -1  0 -9 
82 60  -1 -1  0 -9 
82 71  -1 -3  0 -9 
82 72   1 -2  0 -9 
82 79   1 -2  0 -9 
82 81  -1 -1  0 -9 
82 82   1  0  0 -9 
82 84  -1 -3  0 -9 
82 86   1 -2  0 -9 
82 87  -1 -1  0 -9 
82 89   1 -2  0 -9 
82 94   1 -2  0 -9 
82 95  -1 -1  0 -9 
82 99  -1 -3  0 -9 
82 100   1 -2 -1 -4  0 -9 
82 106   1 -5  0 -9 
83 83   1  0  0 -9 
83 88  -1 -1  0 -9 
83 97  -1 -1  0 -9 
83 100  -1 -3  0 -9 
83 101   1 -2  0 -9 
83 105   1 -2  0 -9 
83 106   1 -4  0 -9 
83 107  -1 -3  0 -9 
84 84  -1 -6  0 -9 
85 80   1 -3  0 -9 
85 98  -1 -5  0 -9 
85 102   1 -6  0 -9 
86 81   1 -3  0 -9 
86 84  -1 -5  0 -9 
86 99  -1 -5  0 -9 
86 103   1 -6  0 -9 
87 89   1 -3  0 -9 
87 100  -1 -5  0 -9 
87 106   1 -6  0 -9 
88 100  -1 -4  0 -9 
88 101   1 -3  0 -9 
88 106   1 -5  0 -9 
88 107  -1 -4  0 -9 
89 87   1 -3  0 -9 
89 100  -1 -4  0 -9 
90 19   1 -6  0 -9 
90 36  -1 -5  0 -9 
90 58   1 -3  0 -9 
90 67  -1 -5  0 -9 
91 37  -1 -5  0 -9 
91 44   1 -6  0 -9 
91 68   1 -3  0 -9 
91 70  -1 -4  0 -9 
92 38  -1 -5  0 -9 
92 45   1 -6  0 -9 
92 67  -1 -4  0 -9 
92 69   1 -3  0 -9 
92 71  -1 -4  0 -9 
93 59   1 -3  0 -9 
93 70  -1 -5  0 -9 
93 98  -1 -5  0 -9 
93 102   1 -6  0 -9 
94 60   1 -3  0 -9 
94 71  -1 -5  0 -9 
94 99  -1 -5  0 -9 
94 103   1 -6  0 -9 
95 71  -1 -4  0 -9 
95 72   1 -3  0 -9 
95 100  -1 -5  0 -9 
95 106   1 -6  0 -9 
96 37  -1 -4  0 -9 
96 44   1 -5  0 -9 
96 46  -1 -4  0 -9 
96 71  -1 -4  0 -9 
96 99  -1 -4  0 -9 
96 102  -1 -4  0 -9 
96 103   1 -5  0 -9 
96 104   1 -3  0 -9 
97 100  -1 -4  0 -9 
97 105   1 -3  0 -9 
97 106   1 -5  0 -9 
97 107  -1 -4  0 -9 
98 98  -1 -6  0 -9 
98 102   1 -7  0 -9 
99 99  -1 -6  0 -9 
99 103   1 -7  0 -9 
100 100  -1 -6  0 -9 
100 106   1 -7  0 -9 
101 88   1 -3  0 -9 
101 100  -1 -5  0 -9 
101 106   1 -6  0 -9 
101 107  -1 -5  0 -9 
102 102   1 -8  0 -9 
103 103   1 -8  0 -9 
104 37  -1 -5  0 -9 
104 44   1 -6  0 -9 
104 46  -1 -5  0 -9 
104 71  -1 -5  0 -9 
104 96   1 -3  0 -9 
104 99  -1 -5  0 -9 
104 102   1 -7  0 -9 
104 103   1 -6  0 -9 
105 97   1 -3  0 -9 
105 100  -1 -5  0 -9 
105 106   1 -6  0 -9 
105 107  -1 -5  0 -9 
106 106   1 -8  0 -9 
107 106   1 -7  0 -9 
107 107  -1 -6  0 -9 
108 19   1 -7  0 -9 
108 108  -1 -6  0 -9 
109 19   1 -5  0 -9 
109 22  -1 -4  0 -9 
109 108  -1 -4  0 -9 
109 111   1 -3  0 -9 
110 19   1 -6  0 -9 
110 23  -1 -4  0 -9 
110 108  -1 -5  0 -9 
110 112   1 -3  0 -9 
111 19   1 -6  0 -9 
111 22  -1 -5  0 -9 
111 44   1 -6  0 -9 
111 108  -1 -5  0 -9 
111 109   1 -3  0 -9 
112 23  -1 -5  0 -9 
112 45   1 -6  0 -9 
112 108  -1 -4  0 -9 
112 110   1 -3  0 -9 
113 17  -1 -1  0 -9 
113 20   1 -2  0 -9 
113 22  -1 -3  0 -9 
113 23   1 -2 -1 -4  0 -9 
113 24  -1 -1  0 -9 
113 37  -1 -3  0 -9 
113 41   1 -2  0 -9 
113 45   1 -5  0 -9 
113 108  -1 -3  0 -9 
113 109  -1 -1  0 -9 
113 110   1 -2  0 -9 
113 111   1 -2  0 -9 
113 112  -1 -1  0 -9 
113 113   1  0  0 -9 
114 23  -1 -4  0 -9 
114 44  -1 -4  0 -9 
114 45   1 -5  0 -9 
114 46   1 -3  0 -9 
114 108  -1 -3  0 -9 
114 109  -1 -1  0 -9 
114 110   1 -2  0 -9 
114 111   1 -2  0 -9 
114 112  -1 -1  0 -9 
114 114   1  0  0 -9 
115 17  -1  0  0 -9 
115 23  -1 -3  0 -9 
115 24  -1  0  0 -9 
115 26   1  1  0 -9 
115 41   1 -1  0 -9 
115 43  -1  0  0 -9 
115 44  -1 -3  0 -9 
115 45   1 -4  0 -9 
115 46   1 -2  0 -9 
115 108  -1 -2  0 -9 
115 109  -1  0  0 -9 
115 110   1 -1  0 -9 
115 111   1 -1  0 -9 
115 112  -1  0  0 -9 
115 113   1  1  0 -9 
115 114   1  1  0 -9 
115 115  -1  2  0 -9 
116 19  -1 -2  0 -9 
116 22   1 -1  0 -9 
116 44  -1 -2  0 -9 
116 67   1 -1  0 -9 
116 70  -1  0 -1 -2  0 -9 
116 102   1 -3  0 -9 
116 108   1 -1  0 -9 
116 111  -1  0  0 -9 
116 116  -1  2  0 -9 
116 118  -1  0  0 -9 
116 119  -1  0  0 -9 
116 121   1  1  0 -9 
116 127   1  1  0 -9 
116 129  -1  0  0 -9 
116 134   1 -1  0 -9 
116 138   1 -1  0 -9 
116 142  -1 -2  0 -9 
117 23   1 -1  0 -9 
117 45  -1 -2  0 -9 
117 71  -1  0 -1 -2  0 -9 
117 103   1 -3  0 -9 
117 112  -1  0  0 -9 
117 117  -1  2  0 -9 
117 120  -1  0  0 -9 
117 122   1  1  0 -9 
117 126  -1  0  0 -9 
117 128   1  1  0 -9 
117 130  -1  0  0 -9 
117 135   1 -1  0 -9 
117 139   1 -1  0 -9 
117 143  -1 -2  0 -9 
118 19   1 -6  0 -9 
118 67  -1 -5  0 -9 
118 108  -1 -5  0 -9 
118 126   1 -3  0 -9 
119 44  -1 -4  0 -9 
119 70  -1 -4  0 -9 
119 102   1 -5  0 -9 
119 138   1 -3  0 -9 
119 142  -1 -4  0 -9 
120 19   1 -5  0 -9 
120 45  -1 -4  0 -9 
120 67  -1 -4  0 -9 
120 71  -1 -4  0 -9 
120 103   1 -5  0 -9 
120 108  -1 -4  0 -9 
120 139   1 -3  0 -9 
120 143  -1 -4  0 -9 
121 19  -1 -3  0 -9 
121 22   1 -2  0 -9 
121 44  -1 -3  0 -9 
121 67   1 -2  0 -9 
121 70  -1 -1 -1 -3 -1 -5  0 -9 
121 102   1 -4  1 -6  0 -9 
121 108   1 -2 -1 -4  0 -9 
121 109   1 -2  0 -9 
121 111  -1 -1  0 -9 
121 118  -1 -1  0 -9 
121 119  -1 -1  0 -9 
121 121   1  0  0 -9 
121 126   1 -2  0 -9 
121 129  -1 -1  0 -9 
121 134   1 -2  0 -9 
121 138   1 -2  0 -9 
121 142  -1 -3  0 -9 
122 23   1 -2  0 -9 
122 45  -1 -3  0 -9 
122 71  -1 -1 -1 -3 -1 -5  0 -9 
122 103   1 -4  1 -6  0 -9 
122 108  -1 -3  0 -9 
122 110   1 -2  0 -9 
122 112  -1 -1  0 -9 
122 120  -1 -1  0 -9 
122 122   1  0  0 -9 
122 130  -1 -1  0 -9 
122 135   1 -2  0 -9 
122 139   1 -2  0 -9 
122 143  -1 -3  0 -9 
123 17  -1  0  0 -9 
123 19  -1 -3  0 -9 
123 20   1 -1  0 -9 
123 23   1 -1  0 -9 
123 24  -1  0  0 -9 
123 44  -1 -3  0 -9 
123 65   1  1  0 -9 
123 67   1 -2  0 -9 
123 68  -1  0  0 -9 
123 70  -1 -3  0 -9 
123 71  -1  0 -1 -4  0 -9 
123 72   1  1  0 -9 
123 95   1 -2  0 -9 
123 100  -1 -3  0 -9 
123 102   1 -4  0 -9 
123 103   1 -5  0 -9 
123 109  -1  0  0 -9 
123 110   1 -1  0 -9 
123 112  -1  0  0 -9 
123 113   1  1  0 -9 
123 119   1  1  0 -9 
123 120  -1  0  0 -9 
123 122   1  1  0 -9 
123 123  -1  2  0 -9 
123 130  -1  0  0 -9 
123 131   1  1  0 -9 
123 135   1 -1  0 -9 
123 136  -1  0  0 -9 
123 138   1 -2  0 -9 
123 142  -1 -3  0 -9 
124 44  -1 -3  0 -9 
124 46   1 -2  0 -9 
124 71  -1 -4  0 -9 
124 103   1 -5  0 -9 
124 119  -1 -1  0 -9 
124 124   1  0  0 -9 
124 138   1 -2  0 -9 
124 140  -1 -1  0 -9 
124 142  -1 -3  0 -9 
124 144   1 -2  0 -9 
125 37   1 -1  0 -9 
125 44  -1 -2  0 -9 
125 46   1 -1  0 -9 
125 47  -1  0  0 -9 
125 71  -1 -3  0 -9 
125 72  -1  0  0 -9 
125 74   1  1  0 -9 
125 91  -1  0  0 -9 
125 95   1 -1  0 -9 
125 97  -1  0  0 -9 
125 100  -1 -2  0 -9 
125 103   1 -4  0 -9 
125 105   1 -1  0 -9 
125 119  -1  0  0 -9 
125 124   1  1  0 -9 
125 125  -1  2  0 -9 
125 138   1 -1  0 -9 
125 140  -1  0  0 -9 
125 141   1  1  0 -9 
125 142  -1 -2  0 -9 
125 144   1 -1  0 -9 
125 145  -1  0  0 -9 
126 19   1 -5  0 -9 
126 67  -1 -4  0 -9 
126 108  -1 -4  0 -9 
126 118   1 -3  0 -9 
127 44  -1 -3  0 -9 
127 70  -1 -3  0 -9 
127 102   1 -4  0 -9 
127 119  -1 -1  0 -9 
127 127   1  0  0 -9 
127 129  -1 -1  0 -9 
127 134   1 -2  0 -9 
127 138   1 -2  0 -9 
127 142  -1 -3  0 -9 
128 19   1 -4  0 -9 
128 45  -1 -3  0 -9 
128 67  -1 -3  0 -9 
128 71  -1 -3  0 -9 
128 103   1 -4  0 -9 
128 108  -1 -3  0 -9 
128 118   1 -2  0 -9 
128 120  -1 -1  0 -9 
128 126  -1 -1  0 -9 
128 128   1  0  0 -9 
128 130  -1 -1  0 -9 
128 135   1 -2  0 -9 
128 139   1 -2  0 -9 
128 143  -1 -3  0 -9 
129 70  -1 -4  0 -9 
129 102   1 -5  0 -9 
129 134   1 -3  0 -9 
129 142  -1 -4  0 -9 
130 71  -1 -4  0 -9 
130 103   1 -5  0 -9 
130 135   1 -3  0 -9 
130 143  -1 -4  0 -9 
131 71  -1 -3  0 -9 
131 103   1 -4  0 -9 
131 106  -1 -3  0 -9 
131 130  -1 -1  0 -9 
131 131   1  0  0 -9 
131 135   1 -2  0 -9 
131 136  -1 -1  0 -9 
131 143  -1 -3  0 -9 
131 146   1 -2  0 -9 
132 44  -1 -2  0 -9 
132 46   1 -1  0 -9 
132 71  -1 -3  0 -9 
132 103   1 -4  0 -9 
132 119  -1  0  0 -9 
132 124   1  1  0 -9 
132 127   1  1  0 -9 
132 129  -1  0  0 -9 
132 130   1  1  0 -9 
132 132  -1  2  0 -9 
132 135   1 -2  0 -9 
132 138   1 -1  0 -9 
132 140  -1  0  0 -9 
132 143  -1 -3  0 -9 
133 71  -1  0 -1 -2  0 -9 
133 103   1 -3  0 -9 
133 106  -1 -2  0 -9 
133 107   1 -1  0 -9 
133 130  -1  0  0 -9 
133 131   1  1  0 -9 
133 133  -1  2  0 -9 
133 135   1 -1  0 -9 
133 136  -1  0  0 -9 
133 137   1  1  0 -9 
133 143  -1 -2  0 -9 
133 146   1 -1  0 -9 
133 147  -1  0  0 -9 
134 70  -1 -5  0 -9 
134 102   1 -6  0 -9 
134 129   1 -3  0 -9 
134 142  -1 -5  0 -9 
135 71  -1 -5  0 -9 
135 103   1 -6  0 -9 
135 130   1 -3  0 -9 
135 143  -1 -5  0 -9 
136 71  -1 -4  0 -9 
136 103   1 -5  0 -9 
136 106  -1 -4  0 -9 
136 143  -1 -4  0 -9 
136 146   1 -3  0 -9 
137 71  -1 -1 -1 -3 -1 -5  0 -9 
137 103   1 -4  1 -6  0 -9 
137 106  -1 -3  0 -9 
137 107   1 -2  0 -9 
137 130  -1 -1  0 -9 
137 135   1 -2  0 -9 
137 136  -1 -1  0 -9 
137 137   1  0  0 -9 
137 143  -1 -3  0 -9 
137 145   1 -2  0 -9 
137 146   1 -2  0 -9 
137 147  -1 -1  0 -9 
138 44   1 -7  0 -9 
138 70  -1 -5  0 -9 
138 102   1 -6  0 -9 
138 119   1 -3  0 -9 
138 142  -1 -5  0 -9 
139 19   1 -6  0 -9 
139 45   1 -7  0 -9 
139 67  -1 -5  0 -9 
139 71  -1 -5  0 -9 
139 103   1 -6  0 -9 
139 108  -1 -5  0 -9 
139 120   1 -3  0 -9 
139 143  -1 -5  0 -9 
140 44   1 -6  0 -9 
140 46  -1 -5  0 -9 
140 71  -1 -5  0 -9 
140 103   1 -6  0 -9 
140 142  -1 -4  0 -9 
140 144   1 -3  0 -9 
141 37   1 -2 -1 -4  0 -9 
141 43   1 -2  0 -9 
141 44  -1 -3  1 -5  0 -9 
141 46   1 -2 -1 -4  0 -9 
141 47  -1 -1  0 -9 
141 68   1 -2  0 -9 
141 70  -1 -3  0 -9 
141 71   1 -2 -1 -4  0 -9 
141 72  -1 -1  0 -9 
141 91  -1 -1  0 -9 
141 95   1 -2  0 -9 
141 97  -1 -1  0 -9 
141 100  -1 -3  0 -9 
141 103   1 -5  0 -9 
141 105   1 -2  0 -9 
141 107  -1 -3  0 -9 
141 119  -1 -1  0 -9 
141 138   1 -2  0 -9 
141 140  -1 -1  0 -9 
141 141   1  0  0 -9 
141 142  -1 -3  0 -9 
141 144   1 -2  0 -9 
141 145  -1 -1  0 -9 
141 147   1 -2  0 -9 
142 102   1 -7  0 -9 
142 142  -1 -6  0 -9 
143 103   1 -7  0 -9 
143 143  -1 -6  0 -9 
144 46  -1 -4  0 -9 
144 71  -1 -4  0 -9 
144 102   1 -6  0 -9 
144 140   1 -3  0 -9 
144 142  -1 -5  0 -9 
145 107  -1 -4  0 -9 
145 147   1 -3  0 -9 
146 71  -1 -5  0 -9 
146 103   1 -6  0 -9 
146 106   1 -7  0 -9 
146 136   1 -3  0 -9 
146 143  -1 -5  0 -9 
147 106   1 -6  0 -9 
147 107  -1 -5  0 -9 
147 145   1 -3  0 -9 
148  0  -1  0  0 -9 
148  8   1 -1  0 -9 
148 27  -1 -2  0 -9 
148 48   1  1  0 -9 
148 56  -1  0  0 -9 
148 75   1 -1  0 -9 
148 148  -1  2  0 -9 
148 177   1  1  0 -9 
148 186  -1  0  0 -9 
149 57  -1  0  0 -9 
149 79   1 -1  0 -9 
149 84  -1 -2  0 -9 
149 149  -1  2  0 -9 
149 156  -1  0  0 -9 
149 160   1  1  0 -9 
149 178   1  1  0 -9 
149 190  -1  0  0 -9 
149 195   1 -1  0 -9 
150  2  -1  0  0 -9 
150 10   1 -1  0 -9 
150 36  -1 -2  0 -9 
150 50   1  1  0 -9 
150 58  -1  0  0 -9 
150 90   1 -1  0 -9 
150 150  -1  2  0 -9 
150 179   1  1  0 -9 
150 201  -1  0  0 -9 
151 19  -1 -2  0 -9 
151 59  -1  0  0 -9 
151 67   1 -1  0 -9 
151 70  -1  0 -1 -2  0 -9 
151 93   1 -1  0 -9 
151 98  -1 -2  0 -9 
151 102   1 -3  0 -9 
151 151  -1  2  0 -9 
151 165  -1  0  0 -9 
151 166  -1  0  0 -9 
151 168   1  1  0 -9 
151 173   1 -1  0 -9 
151 180   1  1  0 -9 
151 204  -1  0  0 -9 
151 209   1 -1  0 -9 
151 213  -1 -2  0 -9 
152 60  -1  0  0 -9 
152 71  -1  0 -1 -2  0 -9 
152 94   1 -1  0 -9 
152 99  -1 -2  0 -9 
152 103   1 -3  0 -9 
152 152  -1  2  0 -9 
152 167  -1  0  0 -9 
152 169   1  1  0 -9 
152 174   1 -1  0 -9 
152 181   1  1  0 -9 
152 205  -1  0  0 -9 
152 210   1 -1  0 -9 
152 214  -1 -2  0 -9 
153 153  -1  2  0 -9 
153 157  -1  0  0 -9 
153 161   1  1  0 -9 
153 187   1  1  0 -9 
153 191  -1  0  0 -9 
153 196   1 -1  0 -9 
153 202  -1  0  0 -9 
153 219   1 -1  0 -9 
153 223  -1 -2  0 -9 
154 154  -1  2  0 -9 
154 158  -1  0  0 -9 
154 162   1  1  0 -9 
154 186  -1  0  0 -9 
154 188   1  1  0 -9 
154 192  -1  0  0 -9 
154 197   1 -1  0 -9 
154 203  -1  0  0 -9 
154 220   1 -1  0 -9 
154 224  -1 -2  0 -9 
155 155  -1  2  0 -9 
155 159  -1  0  0 -9 
155 166  -1  0  0 -9 
155 171   1  1  0 -9 
155 173   1 -1  0 -9 
155 175  -1  0 -1 -2  0 -9 
155 189   1  1  0 -9 
155 207  -1  0  0 -9 
155 213  -1 -2  0 -9 
155 215   1 -1  0 -9 
155 221   1 -1  0 -9 
155 225  -1 -2  0 -9 
155 229   1 -3  0 -9 
156 186   1 -3  0 -9 
157 173  -1 -4  0 -9 
157 213   1 -5  0 -9 
157 219   1 -3  0 -9 
157 223  -1 -4  0 -9 
158 174  -1 -4  0 -9 
158 214   1 -5  0 -9 
158 220   1 -3  0 -9 
158 224  -1 -4  0 -9 
159 175  -1 -4  0 -9 
159 221   1 -3  0 -9 
159 225  -1 -4  0 -9 
159 229   1 -5  0 -9 
160 57  -1 -1  0 -9 
160 79   1 -2  0 -9 
160 84  -1 -3  0 -9 
160 156  -1 -1  0 -9 
160 160   1  0  0 -9 
160 186   1 -2  0 -9 
160 190  -1 -1  0 -9 
160 195   1 -2  0 -9 
161 157  -1 -1  0 -9 
161 161   1  0  0 -9 
161 191  -1 -1  0 -9 
161 196   1 -2  0 -9 
161 219   1 -2  0 -9 
161 223  -1 -3  0 -9 
162 158  -1 -1  0 -9 
162 162   1  0  0 -9 
162 192  -1 -1  0 -9 
162 197   1 -2  0 -9 
162 220   1 -2  0 -9 
162 224  -1 -3  0 -9 
163 57   1  1  0 -9 
163 60   1  1  0 -9 
163 71  -1 -3  0 -9 
163 72  -1  0  0 -9 
163 79   1 -2  0 -9 
163 84  -1 -3  0 -9 
163 94   1 -2  0 -9 
163 99  -1 -3  0 -9 
163 103   1 -4  0 -9 
163 157   1  1  0 -9 
163 158  -1  0  0 -9 
163 162   1  1  0 -9 
163 163  -1  2  0 -9 
163 166  -1  0  0 -9 
163 170   1  1  0 -9 
163 173  -1 -3  0 -9 
163 174   1 -2  0 -9 
163 192  -1  0  0 -9 
163 193   1  1  0 -9 
163 197   1 -1  0 -9 
163 198  -1  0  0 -9 
163 206  -1  0  0 -9 
163 211   1 -1  0 -9 
163 213   1 -4  0 -9 
163 214  -1 -3  0 -9 
163 219   1 -2  0 -9 
163 223  -1 -3  0 -9 
164 159   1  1  0 -9 
164 164  -1  2  0 -9 
164 172   1  1  0 -9 
164 175  -1 -3  0 -9 
164 176  -1  0  0 -9 
164 194   1  1  0 -9 
164 199  -1  0  0 -9 
164 208  -1  0  0 -9 
164 216   1 -1  0 -9 
164 221   1 -2  0 -9 
164 225  -1 -3  0 -9 
164 229   1 -4  0 -9 
165 19   1 -6  0 -9 
165 67  -1 -5  0 -9 
165 201   1 -3  0 -9 
166 173  -1 -5  0 -9 
166 202   1 -3  0 -9 
166 213   1 -6  0 -9 
167 174  -1 -5  0 -9 
167 203   1 -3  0 -9 
167 214   1 -6  0 -9 
168 19  -1 -3  0 -9 
168 59  -1 -1  0 -9 
168 67   1 -2  0 -9 
168 70  -1 -1 -1 -3 -1 -5  0 -9 
168 93   1 -2  0 -9 
168 98  -1 -3  0 -9 
168 102   1 -4  1 -6  0 -9 
168 165  -1 -1  0 -9 
168 166  -1 -1  0 -9 
168 168   1  0  0 -9 
168 173   1 -2  0 -9 
168 201   1 -2  0 -9 
168 202   1 -2  0 -9 
168 204  -1 -1  0 -9 
168 209   1 -2  0 -9 
168 213  -1 -3  0 -9 
169 60  -1 -1  0 -9 
169 71  -1 -1 -1 -3 -1 -5  0 -9 
169 94   1 -2  0 -9 
169 99  -1 -3  0 -9 
169 103   1 -4  1 -6  0 -9 
169 167  -1 -1  0 -9 
169 169   1  0  0 -9 
169 174   1 -2  0 -9 
169 203   1 -2  0 -9 
169 205  -1 -1  0 -9 
169 210   1 -2  0 -9 
169 214  -1 -3  0 -9 
170 71  -1 -4  0 -9 
170 72  -1 -1  0 -9 
170 95   1 -2  0 -9 
170 100  -1 -3  0 -9 
170 103   1 -5  0 -9 
170 166  -1 -1  0 -9 
170 170   1  0  0 -9 
170 173  -1 -4  0 -9 
170 174   1 -3  0 -9 
170 202   1 -2  0 -9 
170 206  -1 -1  0 -9 
170 211   1 -2  0 -9 
170 213   1 -5  0 -9 
170 214  -1 -4  0 -9 
171 159  -1 -1  0 -9 
171 166  -1 -1  0 -9 
171 171   1  0  0 -9 
171 173   1 -2  0 -9 
171 175  -1 -1 -1 -3 -1 -5  0 -9 
171 202   1 -2  0 -9 
171 207  -1 -1  0 -9 
171 213  -1 -3  0 -9 
171 215   1 -2  0 -9 
171 221   1 -2  0 -9 
171 225  -1 -3  0 -9 
171 229   1 -4  1 -6  0 -9 
172 172   1  0  0 -9 
172 175  -1 -4  0 -9 
172 176  -1 -1  0 -9 
172 208  -1 -1  0 -9 
172 216   1 -2  0 -9 
172 222   1 -2  0 -9 
172 226  -1 -3  0 -9 
172 229   1 -5  0 -9 
173 173  -1 -6  0 -9 
173 213   1 -7  0 -9 
174 174  -1 -6  0 -9 
174 214   1 -7  0 -9 
175 175  -1 -6  0 -9 
175 229   1 -7  0 -9 
176 175  -1 -5  0 -9 
176 222   1 -3  0 -9 
176 226  -1 -4  0 -9 
176 229   1 -6  0 -9 
177  0  -1 -1  0 -9 
177  8   1 -2  0 -9 
177 27  -1 -3  0 -9 
177 56  -1 -1  0 -9 
177 75   1 -2  0 -9 
177 156   1 -2  0 -9 
177 177   1  0  0 -9 
177 186  -1 -1  0 -9 
178 57  -1 -1  0 -9 
178 79   1 -2  0 -9 
178 84  -1 -3  0 -9 
178 178   1  0  0 -9 
178 190  -1 -1  0 -9 
178 195   1 -2  0 -9 
179  2  -1 -1  0 -9 
179 10   1 -2  0 -9 
179 36  -1 -3  0 -9 
179 58  -1 -1  0 -9 
179 67  -1 -3  0 -9 
179 90   1 -2  0 -9 
179 165   1 -2  0 -9 
179 179   1  0  0 -9 
179 201  -1 -1  0 -9 
180 19  -1 -3  0 -9 
180 59  -1 -1  0 -9 
180 70  -1 -3  0 -9 
180 93   1 -2  0 -9 
180 98  -1 -3  0 -9 
180 102   1 -4  0 -9 
180 180   1  0  0 -9 
180 204  -1 -1  0 -9 
180 209   1 -2  0 -9 
180 213  -1 -3  0 -9 
181 60  -1 -1  0 -9 
181 71  -1 -3  0 -9 
181 94   1 -2  0 -9 
181 99  -1 -3  0 -9 
181 103   1 -4  0 -9 
181 181   1  0  0 -9 
181 205  -1 -1  0 -9 
181 210   1 -2  0 -9 
181 214  -1 -3  0 -9 
182  2   1  1  0 -9 
182 10   1 -2  0 -9 
182 36  -1 -3  0 -9 
182 59  -1  0  0 -9 
182 61   1  1  0 -9 
182 80  -1  0  0 -9 
182 93   1 -1  0 -9 
182 180   1  1  0 -9 
182 182  -1  2  0 -9 
182 191   1  1  0 -9 
182 196   1 -2  0 -9 
182 204  -1  0  0 -9 
182 223  -1 -3  0 -9 
183 57  -1  0  0 -9 
183 60  -1  0  0 -9 
183 62   1  1  0 -9 
183 79   1 -1  0 -9 
183 81  -1  0  0 -9 
183 94   1 -1  0 -9 
183 178   1  1  0 -9 
183 181   1  1  0 -9 
183 183  -1  2  0 -9 
183 190  -1  0  0 -9 
183 192   1  1  0 -9 
183 197   1 -2  0 -9 
183 205  -1  0  0 -9 
183 224  -1 -3  0 -9 
184 89  -1  0  0 -9 
184 184  -1  2  0 -9 
184 192  -1  0  0 -9 
184 193   1  1  0 -9 
184 197   1 -1  0 -9 
184 198  -1  0  0 -9 
184 200   1  1  0 -9 
184 206  -1  0  0 -9 
184 224  -1 -2  0 -9 
184 227   1 -1  0 -9 
185 60  -1  0  0 -9 
185 71  -1  0 -1 -2  0 -9 
185 94   1 -1  0 -9 
185 99  -1 -2  0 -9 
185 100   1 -1  0 -9 
185 101  -1  0  0 -9 
185 103   1 -3  0 -9 
185 106  -1 -2  0 -9 
185 107   1 -1  0 -9 
185 181   1  1  0 -9 
185 185  -1  2  0 -9 
185 194   1  1  0 -9 
185 199  -1  0  0 -9 
185 205  -1  0  0 -9 
185 208  -1  0  0 -9 
185 210   1 -1  0 -9 
185 211  -1  0  0 -9 
185 212   1  1  0 -9 
185 214  -1 -2  0 -9 
185 216   1 -1  0 -9 
185 217   1 -1  0 -9 
185 218  -1  0 -1 -2  0 -9 
185 226  -1 -2  0 -9 
185 228   1 -1  0 -9 
185 230   1 -3  0 -9 
186 156   1 -3  0 -9 
187 157  -1 -1  0 -9 
187 166   1 -2  0 -9 
187 173  -1 -3  0 -9 
187 187   1  0  0 -9 
187 191  -1 -1  0 -9 
187 196   1 -2  0 -9 
187 202  -1 -1  0 -9 
187 219   1 -2  0 -9 
187 223  -1 -3  0 -9 
188 156   1 -2  0 -9 
188 158  -1 -1  0 -9 
188 167   1 -2  0 -9 
188 174  -1 -3  0 -9 
188 186  -1 -1  0 -9 
188 188   1  0  0 -9 
188 192  -1 -1  0 -9 
188 197   1 -2  0 -9 
188 203  -1 -1  0 -9 
188 220   1 -2  0 -9 
188 224  -1 -3  0 -9 
189 159  -1 -1  0 -9 
189 175  -1 -3  0 -9 
189 189   1  0  0 -9 
189 207  -1 -1  0 -9 
189 213  -1 -3  0 -9 
189 215   1 -2  0 -9 
189 221   1 -2  0 -9 
189 225  -1 -3  0 -9 
189 229   1 -4  0 -9 
190 84  -1 -4  0 -9 
190 195   1 -3  0 -9 
191 196   1 -3  0 -9 
191 223  -1 -4  0 -9 
192 197   1 -3  0 -9 
192 224  -1 -4  0 -9 
193 100  -1 -3  0 -9 
193 106   1 -4  0 -9 
193 192  -1 -1  0 -9 
193 193   1  0  0 -9 
193 197   1 -2  0 -9 
193 198  -1 -1  0 -9 
193 206  -1 -1  0 -9 
193 211   1 -2  0 -9 
193 217  -1 -3  0 -9 
193 224  -1 -3  0 -9 
193 227   1 -2  0 -9 
194 194   1  0  0 -9 
194 199  -1 -1  0 -9 
194 208  -1 -1  0 -9 
194 216   1 -2  0 -9 
194 218  -1 -3  0 -9 
194 226  -1 -3  0 -9 
194 228   1 -2  0 -9 
194 230   1 -4  0 -9 
195 84  -1 -5  0 -9 
195 190   1 -3  0 -9 
196 191   1 -3  0 -9 
196 213   1 -6  0 -9 
196 223  -1 -5  0 -9 
197 192   1 -3  0 -9 
197 214   1 -6  0 -9 
197 224  -1 -5  0 -9 
198 100  -1 -4  0 -9 
198 106   1 -5  0 -9 
198 214   1 -5  0 -9 
198 217  -1 -4  0 -9 
198 224  -1 -4  0 -9 
198 227   1 -3  0 -9 
199 218  -1 -4  0 -9 
199 226  -1 -4  0 -9 
199 228   1 -3  0 -9 
199 230   1 -5  0 -9 
200 87   1 -2  0 -9 
200 89  -1 -1  0 -9 
200 100  -1 -3  0 -9 
200 192  -1 -1  0 -9 
200 197   1 -2  0 -9 
200 198  -1 -1  0 -9 
200 200   1  0  0 -9 
200 224  -1 -3  0 -9 
200 227   1 -2  0 -9 
201 67  -1 -4  0 -9 
201 165   1 -3  0 -9 
202 166   1 -3  0 -9 
202 173  -1 -4  0 -9 
203 167   1 -3  0 -9 
203 174  -1 -4  0 -9 
204 19  -1 -4  0 -9 
204 70  -1 -4  0 -9 
204 98  -1 -4  0 -9 
204 102   1 -5  0 -9 
204 209   1 -3  0 -9 
204 213  -1 -4  0 -9 
205 71  -1 -4  0 -9 
205 99  -1 -4  0 -9 
205 103   1 -5  0 -9 
205 210   1 -3  0 -9 
205 214  -1 -4  0 -9 
206 100  -1 -4  0 -9 
206 106   1 -5  0 -9 
206 211   1 -3  0 -9 
206 217  -1 -4  0 -9 
207 175  -1 -4  0 -9 
207 213  -1 -4  0 -9 
207 215   1 -3  0 -9 
207 225  -1 -4  0 -9 
207 229   1 -5  0 -9 
208 216   1 -3  0 -9 
208 218  -1 -4  0 -9 
208 226  -1 -4  0 -9 
208 230   1 -5  0 -9 
209 19   1 -7  0 -9 
209 70  -1 -5  0 -9 
209 98  -1 -5  0 -9 
209 102   1 -6  0 -9 
209 204   1 -3  0 -9 
209 213   1 -7  0 -9 
210 71  -1 -5  0 -9 
210 99  -1 -5  0 -9 
210 103   1 -6  0 -9 
210 205   1 -3  0 -9 
210 214   1 -7  0 -9 
211 100  -1 -5  0 -9 
211 106   1 -6  0 -9 
211 206   1 -3  0 -9 
211 214   1 -6  0 -9 
211 217  -1 -5  0 -9 
212 60  -1 -1  0 -9 
212 71  -1 -1 -1 -3 -1 -5  0 -9 
212 88   1 -2  0 -9 
212 94   1 -2  0 -9 
212 99  -1 -3  0 -9 
212 100   1 -2 -1 -4  0 -9 
212 101  -1 -1  0 -9 
212 103   1 -4  1 -6  0 -9 
212 106  -1 -3  0 -9 
212 107   1 -2  0 -9 
212 199  -1 -1  0 -9 
212 205  -1 -1  0 -9 
212 206   1 -2  0 -9 
212 208  -1 -1  0 -9 
212 210   1 -2  0 -9 
212 211  -1 -1  0 -9 
212 212   1  0  0 -9 
212 214  -1 -3  0 -9 
212 216   1 -2  0 -9 
212 217   1 -2  0 -9 
212 218  -1 -1 -1 -3 -1 -5  0 -9 
212 226  -1 -3  0 -9 
212 228   1 -2  0 -9 
212 230   1 -4  1 -6  0 -9 
213 213   1 -8  0 -9 
214 214   1 -8  0 -9 
215 175  -1 -5  0 -9 
215 207   1 -3  0 -9 
215 213   1 -7  0 -9 
215 225  -1 -5  0 -9 
215 229   1 -6  0 -9 
216 208   1 -3  0 -9 
216 218  -1 -5  0 -9 
216 226  -1 -5  0 -9 
216 230   1 -6  0 -9 
217 106   1 -7  0 -9 
217 214   1 -7  0 -9 
217 217  -1 -6  0 -9 
218 218  -1 -6  0 -9 
218 230   1 -7  0 -9 
219 157   1 -3  0 -9 
219 173  -1 -5  0 -9 
219 213   1 -6  0 -9 
219 223  -1 -5  0 -9 
220 158   1 -3  0 -9 
220 174  -1 -5  0 -9 
220 214   1 -6  0 -9 
220 224  -1 -5  0 -9 
221 159   1 -3  0 -9 
221 175  -1 -5  0 -9 
221 225  -1 -5  0 -9 
221 229   1 -6  0 -9 
222 175  -1 -4  0 -9 
222 176   1 -3  0 -9 
222 226  -1 -5  0 -9 
222 230   1 -6  0 -9 
223 213   1 -7  0 -9 
223 223  -1 -6  0 -9 
224 214   1 -7  0 -9 
224 224  -1 -6  0 -9 
225 225  -1 -6  0 -9 
225 229   1 -7  0 -9 
226 226  -1 -6  0 -9 
226 230   1 -7  0 -9 
227 100  -1 -5  0 -9 
227 106   1 -6  0 -9 
227 198   1 -3  0 -9 
227 214   1 -6  0 -9 
227 217  -1 -5  0 -9 
227 224  -1 -5  0 -9 
228 199   1 -3  0 -9 
228 218  -1 -5  0 -9 
228 226  -1 -5  0 -9 
228 230   1 -6  0 -9 
229 229   1 -8  0 -9 
230 230   1 -8  0 -9 
231 17  -1  0  0 -9 
231 19  -1 -3  0 -9 
231 20   1 -1  0 -9 
231 37  -1 -2  0 -9 
231 65   1  1  0 -9 
231 67   1 -2  0 -9 
231 68  -1  0  0 -9 
231 70  -1 -3  0 -9 
231 91   1 -1  0 -9 
231 102   1 -4  0 -9 
231 109  -1  0  0 -9 
231 202  -1  0  0 -9 
231 231  -1  2  0 -9 
231 233  -1  0  0 -9 
231 234  -1  0  0 -9 
231 236   1  1  0 -9 
231 242   1  1  0 -9 
231 244  -1  0  0 -9 
231 249   1 -1  0 -9 
231 253   1 -1  0 -9 
231 257  -1 -2  0 -9 
232 18  -1  0  0 -9 
232 19  -1 -2  0 -9 
232 21   1 -1  0 -9 
232 38  -1 -2  0 -9 
232 66   1  1  0 -9 
232 67   1 -1  0 -9 
232 69  -1  0  0 -9 
232 71  -1 -3  0 -9 
232 92   1 -1  0 -9 
232 103   1 -4  0 -9 
232 108   1 -1  0 -9 
232 110  -1  0  0 -9 
232 203  -1  0  0 -9 
232 232  -1  2  0 -9 
232 235  -1  0  0 -9 
232 237   1  1  0 -9 
232 241  -1  0  0 -9 
232 243   1  1  0 -9 
232 245  -1  0  0 -9 
232 250   1 -1  0 -9 
232 254   1 -1  0 -9 
232 258  -1 -2  0 -9 
233 19   1 -5  0 -9 
233 67  -1 -4  0 -9 
233 108  -1 -4  0 -9 
233 241   1 -3  0 -9 
234 173  -1 -4  0 -9 
234 213   1 -5  0 -9 
234 253   1 -3  0 -9 
234 257  -1 -4  0 -9 
235 174  -1 -4  0 -9 
235 214   1 -5  0 -9 
235 254   1 -3  0 -9 
235 258  -1 -4  0 -9 
236 70  -1 -4  0 -9 
236 102   1 -5  0 -9 
236 108  -1 -3  0 -9 
236 233  -1 -1  0 -9 
236 234  -1 -1  0 -9 
236 236   1  0  0 -9 
236 241   1 -2  0 -9 
236 244  -1 -1  0 -9 
236 249   1 -2  0 -9 
236 253   1 -2  0 -9 
236 257  -1 -3  0 -9 
237 71  -1 -4  0 -9 
237 103   1 -5  0 -9 
237 235  -1 -1  0 -9 
237 237   1  0  0 -9 
237 245  -1 -1  0 -9 
237 250   1 -2  0 -9 
237 254   1 -2  0 -9 
237 258  -1 -3  0 -9 
238 71  -1 -3  0 -9 
238 72  -1  0  0 -9 
238 95   1 -1  0 -9 
238 100  -1 -2  0 -9 
238 103   1 -4  0 -9 
238 166  -1  0  0 -9 
238 170   1  1  0 -9 
238 173  -1 -3  0 -9 
238 174   1 -2  0 -9 
238 206  -1  0  0 -9 
238 211   1 -1  0 -9 
238 213   1 -4  0 -9 
238 214  -1 -3  0 -9 
238 234   1  1  0 -9 
238 235  -1  0  0 -9 
238 237   1  1  0 -9 
238 238  -1  2  0 -9 
238 245  -1  0  0 -9 
238 246   1  1  0 -9 
238 250   1 -1  0 -9 
238 251  -1  0  0 -9 
238 253   1 -2  0 -9 
238 257  -1 -3  0 -9 
239 175  -1 -4  0 -9 
239 229   1 -5  0 -9 
239 234  -1 -1  0 -9 
239 239   1  0  0 -9 
239 253   1 -2  0 -9 
239 255  -1 -1  0 -9 
239 257  -1 -3  0 -9 
239 259   1 -2  0 -9 
240 172   1  1  0 -9 
240 175  -1 -3  0 -9 
240 176  -1  0  0 -9 
240 202  -1  0  0 -9 
240 208  -1  0  0 -9 
240 216   1 -1  0 -9 
240 222   1 -1  0 -9 
240 226  -1 -2  0 -9 
240 229   1 -4  0 -9 
240 234  -1  0  0 -9 
240 239   1  1  0 -9 
240 240  -1  2  0 -9 
240 253   1 -1  0 -9 
240 255  -1  0  0 -9 
240 256   1  1  0 -9 
240 257  -1 -2  0 -9 
240 259   1 -1  0 -9 
240 260  -1  0  0 -9 
241 19   1 -6  0 -9 
241 67  -1 -5  0 -9 
241 108  -1 -5  0 -9 
241 233   1 -3  0 -9 
242 17  -1 -1  0 -9 
242 20   1 -2  0 -9 
242 22  -1 -3  0 -9 
242 37  -1 -3  0 -9 
242 68  -1 -1  0 -9 
242 70   1 -2 -1 -4  0 -9 
242 91   1 -2  0 -9 
242 102   1 -5  0 -9 
242 108  -1 -3  0 -9 
242 109  -1 -1  0 -9 
242 111   1 -2  0 -9 
242 166   1 -2  0 -9 
242 173  -1 -3  0 -9 
242 202  -1 -1  0 -9 
242 234  -1 -1  0 -9 
242 242   1  0  0 -9 
242 244  -1 -1  0 -9 
242 249   1 -2  0 -9 
242 253   1 -2  0 -9 
242 257  -1 -3  0 -9 
243 18  -1 -1  0 -9 
243 19  -1 -3  1 -5  0 -9 
243 21   1 -2  0 -9 
243 23  -1 -3  0 -9 
243 38  -1 -3  0 -9 
243 67   1 -2 -1 -4  0 -9 
243 69  -1 -1  0 -9 
243 71   1 -2 -1 -4  0 -9 
243 92   1 -2  0 -9 
243 103   1 -5  0 -9 
243 108   1 -2 -1 -4  0 -9 
243 110  -1 -1  0 -9 
243 112   1 -2  0 -9 
243 167   1 -2  0 -9 
243 174  -1 -3  0 -9 
243 203  -1 -1  0 -9 
243 233   1 -2  0 -9 
243 235  -1 -1  0 -9 
243 241  -1 -1  0 -9 
243 243   1  0  0 -9 
243 245  -1 -1  0 -9 
243 250   1 -2  0 -9 
243 254   1 -2  0 -9 
243 258  -1 -3  0 -9 
244 70  -1 -5  0 -9 
244 102   1 -6  0 -9 
244 108  -1 -4  0 -9 
244 249   1 -3  0 -9 
244 257  -1 -4  0 -9 
245 71  -1 -5  0 -9 
245 103   1 -6  0 -9 
245 250   1 -3  0 -9 
245 258  -1 -4  0 -9 
246 71   1 -2 -1 -4  0 -9 
246 72  -1 -1  0 -9 
246 95   1 -2  0 -9 
246 100  -1 -3  0 -9 
246 103   1 -5  0 -9 
246 206  -1 -1  0 -9 
246 211   1 -2  0 -9 
246 217  -1 -3  0 -9 
246 245  -1 -1  0 -9 
246 246   1  0  0 -9 
246 250   1 -2  0 -9 
246 251  -1 -1  0 -9 
246 258  -1 -3  0 -9 
246 261   1 -2  0 -9 
247 17  -1  0  0 -9 
247 18   1  1  0 -9 
247 19  -1 -3  0 -9 
247 21   1 -2  0 -9 
247 23  -1 -3  0 -9 
247 38  -1 -3  0 -9 
247 44  -1 -3  0 -9 
247 45   1 -4  0 -9 
247 46   1 -2  0 -9 
247 60  -1  0  0 -9 
247 68  -1  0  0 -9 
247 70   1 -1  0 -9 
247 71  -1  0 -1 -4  0 -9 
247 73   1  1  0 -9 
247 91   1 -1  0 -9 
247 94   1 -1  0 -9 
247 96  -1  0  0 -9 
247 103   1 -5  0 -9 
247 109  -1  0  0 -9 
247 111   1 -1  0 -9 
247 112  -1  0  0 -9 
247 114   1  1  0 -9 
247 175  -1 -3  0 -9 
247 181   1  1  0 -9 
247 202  -1  0  0 -9 
247 205  -1  0  0 -9 
247 207   1  1  0 -9 
247 213  -1 -3  0 -9 
247 215   1 -2  0 -9 
247 225  -1 -3  0 -9 
247 229   1 -4  0 -9 
247 234  -1  0  0 -9 
247 239   1  1  0 -9 
247 242   1  1  0 -9 
247 244  -1  0  0 -9 
247 245   1  1  0 -9 
247 247  -1  2  0 -9 
247 250   1 -2  0 -9 
247 253   1 -1  0 -9 
247 255  -1  0  0 -9 
247 258  -1 -3  0 -9 
248 71  -1 -3  0 -9 
248 72  -1  0  0 -9 
248 74   1  1  0 -9 
248 95   1 -1  0 -9 
248 97  -1  0  0 -9 
248 103   1 -4  0 -9 
248 106  -1 -3  0 -9 
248 107   1 -2  0 -9 
248 206  -1  0  0 -9 
248 208   1  1  0 -9 
248 216   1 -2  0 -9 
248 218  -1 -3  0 -9 
248 226  -1 -3  0 -9 
248 230   1 -4  0 -9 
248 245  -1  0  0 -9 
248 246   1  1  0 -9 
248 248  -1  2  0 -9 
248 250   1 -1  0 -9 
248 251  -1  0  0 -9 
248 252   1  1  0 -9 
248 258  -1 -2  0 -9 
248 261   1 -1  0 -9 
248 262  -1  0  0 -9 
249 19   1 -6  0 -9 
249 70  -1 -4  0 -9 
249 108  -1 -5  0 -9 
249 213   1 -6  0 -9 
249 244   1 -3  0 -9 
249 257  -1 -5  0 -9 
250 71  -1 -4  0 -9 
250 214   1 -6  0 -9 
250 245   1 -3  0 -9 
250 258  -1 -5  0 -9 
251 214   1 -5  0 -9 
251 217  -1 -4  0 -9 
251 258  -1 -4  0 -9 
251 261   1 -3  0 -9 
252 71  -1 -4  0 -9 
252 103   1 -5  0 -9 
252 106  -1 -4  0 -9 
252 107   1 -3  0 -9 
252 218  -1 -4  0 -9 
252 230   1 -5  0 -9 
252 245  -1 -1  0 -9 
252 250   1 -2  0 -9 
252 251  -1 -1  0 -9 
252 252   1  0  0 -9 
252 258  -1 -3  0 -9 
252 260   1 -2  0 -9 
252 261   1 -2  0 -9 
252 262  -1 -1  0 -9 
253 173  -1 -5  0 -9 
253 213   1 -6  0 -9 
253 234   1 -3  0 -9 
253 257  -1 -5  0 -9 
254 174  -1 -5  0 -9 
254 214   1 -6  0 -9 
254 235   1 -3  0 -9 
254 258  -1 -5  0 -9 
255 175  -1 -5  0 -9 
255 229   1 -6  0 -9 
255 257  -1 -4  0 -9 
255 259   1 -3  0 -9 
256 166   1 -2  0 -9 
256 173  -1 -3  0 -9 
256 175   1 -2 -1 -4  0 -9 
256 176  -1 -1  0 -9 
256 202  -1 -1  0 -9 
256 208  -1 -1  0 -9 
256 216   1 -2  0 -9 
256 218  -1 -3  0 -9 
256 222   1 -2  0 -9 
256 226  -1 -3  0 -9 
256 229   1 -5  0 -9 
256 234  -1 -1  0 -9 
256 253   1 -2  0 -9 
256 255  -1 -1  0 -9 
256 256   1  0  0 -9 
256 257  -1 -3  0 -9 
256 259   1 -2  0 -9 
256 260  -1 -1  0 -9 
256 262   1 -2  0 -9 
257 213   1 -7  0 -9 
257 257  -1 -6  0 -9 
258 214   1 -7  0 -9 
258 258  -1 -6  0 -9 
259 175  -1 -4  0 -9 
259 213   1 -6  0 -9 
259 255   1 -3  0 -9 
259 257  -1 -5  0 -9 
260 218  -1 -4  0 -9 
260 262   1 -3  0 -9 
261 106   1 -6  0 -9 
261 214   1 -6  0 -9 
261 217  -1 -5  0 -9 
261 251   1 -3  0 -9 
261 258  -1 -5  0 -9 
262 218  -1 -5  0 -9 
262 230   1 -6  0 -9 
262 260   1 -3  0 -9 
263 19   1 -4  0 -9 
263 67  -1 -3  0 -9 
263 108  -1 -3  0 -9 
263 118   1 -2  0 -9 
263 126  -1 -1  0 -9 
263 233  -1 -1  0 -9 
263 241   1 -2  0 -9 
263 263   1  0  0 -9 
264 173  -1 -3  0 -9 
264 213   1 -4  0 -9 
264 234  -1 -1  0 -9 
264 253   1 -2  0 -9 
264 257  -1 -3  0 -9 
264 264   1  0  0 -9 
264 271  -1 -1  0 -9 
264 275   1 -2  0 -9 
265 174  -1 -3  0 -9 
265 214   1 -4  0 -9 
265 235  -1 -1  0 -9 
265 254   1 -2  0 -9 
265 258  -1 -3  0 -9 
265 265   1  0  0 -9 
265 272  -1 -1  0 -9 
265 276   1 -2  0 -9 
266 70  -1 -3  0 -9 
266 102   1 -4  0 -9 
266 126  -1  0  0 -9 
266 129   1  1  0 -9 
266 134   1 -2  0 -9 
266 142  -1 -3  0 -9 
266 233  -1  0  0 -9 
266 234  -1  0  0 -9 
266 236   1  1  0 -9 
266 241   1 -1  0 -9 
266 244  -1  0  0 -9 
266 253   1 -1  0 -9 
266 263   1  1  0 -9 
266 264   1  1  0 -9 
266 266  -1  2  0 -9 
266 271  -1  0  0 -9 
267 71  -1 -3  0 -9 
267 103   1 -4  0 -9 
267 130   1  1  0 -9 
267 135   1 -2  0 -9 
267 143  -1 -3  0 -9 
267 235  -1  0  0 -9 
267 237   1  1  0 -9 
267 245  -1  0  0 -9 
267 254   1 -1  0 -9 
267 265   1  1  0 -9 
267 267  -1  2  0 -9 
267 272  -1  0  0 -9 
268 71  -1  0 -1 -2  0 -9 
268 103   1 -3  0 -9 
268 106  -1 -2  0 -9 
268 130  -1  0  0 -9 
268 131   1  1  0 -9 
268 135   1 -1  0 -9 
268 136  -1  0  0 -9 
268 143  -1 -2  0 -9 
268 146   1 -1  0 -9 
268 173  -1  0 -1 -2  0 -9 
268 174   1 -1  0 -9 
268 213   1 -3  0 -9 
268 214  -1 -2  0 -9 
268 217   1 -1  0 -9 
268 234  -1  0  0 -9 
268 253   1 -1  0 -9 
268 257  -1 -2  0 -9 
268 258   1 -1  0 -9 
268 261  -1  0  0 -9 
268 264   1  1  0 -9 
268 268  -1  2  0 -9 
268 271  -1  0  0 -9 
268 275   1 -1  0 -9 
268 276  -1  0  0 -9 
268 279   1  1  0 -9 
269 175  -1 -3  0 -9 
269 229   1 -4  0 -9 
269 234  -1  0  0 -9 
269 239   1  1  0 -9 
269 253   1 -1  0 -9 
269 255  -1  0  0 -9 
269 264   1  1  0 -9 
269 269  -1  2  0 -9 
269 271  -1  0  0 -9 
269 273   1  1  0 -9 
269 277   1 -2  0 -9 
269 281  -1 -3  0 -9 
270 175  -1  0 -1 -2  0 -9 
270 218   1 -1  0 -9 
270 229   1 -3  0 -9 
270 230  -1 -2  0 -9 
270 262  -1  0  0 -9 
270 270  -1  2  0 -9 
270 273  -1  0  0 -9 
270 274   1  1  0 -9 
270 277   1 -1  0 -9 
270 278  -1  0  0 -9 
270 280   1  1  0 -9 
270 281  -1 -2  0 -9 
270 282   1 -1  0 -9 
271 173  -1 -4  0 -9 
271 213   1 -5  0 -9 
271 257  -1 -4  0 -9 
271 275   1 -3  0 -9 
272 174  -1 -4  0 -9 
272 214   1 -5  0 -9 
272 258  -1 -4  0 -9 
272 276   1 -3  0 -9 
273 175  -1 -4  0 -9 
273 229   1 -5  0 -9 
273 277   1 -3  0 -9 
273 281  -1 -4  0 -9 
274 175  -1 -3  0 -9 
274 229   1 -4  0 -9 
274 230  -1 -3  0 -9 
274 273  -1 -1  0 -9 
274 274   1  0  0 -9 
274 277   1 -2  0 -9 
274 278  -1 -1  0 -9 
274 281  -1 -3  0 -9 
274 282   1 -2  0 -9 
275 173  -1 -5  0 -9 
275 213   1 -6  0 -9 
275 257  -1 -5  0 -9 
275 271   1 -3  0 -9 
276 174  -1 -5  0 -9 
276 214   1 -6  0 -9 
276 258  -1 -5  0 -9 
276 272   1 -3  0 -9 
277 175  -1 -5  0 -9 
277 229   1 -6  0 -9 
277 273   1 -3  0 -9 
277 281  -1 -5  0 -9 
278 175  -1 -4  0 -9 
278 229   1 -5  0 -9 
278 230  -1 -4  0 -9 
278 281  -1 -4  0 -9 
278 282   1 -3  0 -9 
279 71  -1 -1 -1 -3 -1 -5  0 -9 
279 103   1 -4  1 -6  0 -9 
279 106  -1 -3  0 -9 
279 130  -1 -1  0 -9 
279 135   1 -2  0 -9 
279 136  -1 -1  0 -9 
279 143  -1 -3  0 -9 
279 146   1 -2  0 -9 
279 173  -1 -1 -1 -3 -1 -5  0 -9 
279 174   1 -2  0 -9 
279 213   1 -4  1 -6  0 -9 
279 214  -1 -3  0 -9 
279 217   1 -2  0 -9 
279 234  -1 -1  0 -9 
279 251   1 -2  0 -9 
279 253   1 -2  0 -9 
279 257  -1 -3  0 -9 
279 258   1 -2 -1 -4  0 -9 
279 261  -1 -1  0 -9 
279 271  -1 -1  0 -9 
279 272   1 -2  0 -9 
279 275   1 -2  0 -9 
279 276  -1 -1  0 -9 
279 279   1  0  0 -9 
280 175  -1 -1 -1 -3 -1 -5  0 -9 
280 218   1 -2  0 -9 
280 229   1 -4  1 -6  0 -9 
280 230  -1 -3  0 -9 
280 260   1 -2  0 -9 
280 262  -1 -1  0 -9 
280 273  -1 -1  0 -9 
280 277   1 -2  0 -9 
280 278  -1 -1  0 -9 
280 280   1  0  0 -9 
280 281  -1 -3  0 -9 
280 282   1 -2  0 -9 
281 229   1 -7  0 -9 
281 281  -1 -6  0 -9 
282 175  -1 -5  0 -9 
282 229   1 -6  0 -9 
282 230   1 -7  0 -9 
282 278   1 -3  0 -9 
282 281  -1 -5  0 -9 
9999 9999
