 0  0   1 -8  0 -9 
 1  1   1 -8  0 -9 
 2  0   1 -7  0 -9 
 2  1   1 -7  0 -9 
 2  2  -1 -6  0 -9 
 3  3   1 -8  0 -9 
 4  3   1 -7  0 -9 
 4  4  -1 -6  0 -9 
 5  5   1 -8  0 -9 
 6  5   1 -7  0 -9 
 6  6  -1 -6  0 -9 
 7  7   1 -8  0 -9 
 8  7   1 -7  0 -9 
 8  8  -1 -6  0 -9 
 9  5   1 -6  0 -9 
 9  6  -1 -5  0 -9 
 9  8  -1 -4  0 -9 
 9 10   1 -3  0 -9 
10  6  -1 -4  0 -9 
10  7   1 -6  0 -9 
10  8  -1 -5  0 -9 
10  9   1 -3  0 -9 
11 11   1 -8  0 -9 
12  7   1 -7  0 -9 
12 11   1 -7  0 -9 
12 12  -1 -6  0 -9 
13  7   1 -6  0 -9 
13  8  -1 -5  0 -9 
13 11   1 -6  0 -9 
13 12  -1 -5  0 -9 
13 14   1 -3  0 -9 
14  7   1 -5  0 -9 
14  8  -1 -4  0 -9 
14 12  -1 -4  0 -9 
14 13   1 -3  0 -9 
15 15   1 -8  0 -9 
16 16   1 -8  0 -9 
17 16   1 -7  0 -9 
17 17  -1 -6  0 -9 
18 18   1 -8  0 -9 
19 18   1 -7  0 -9 
19 19  -1 -6  0 -9 
20 20   1 -8  0 -9 
21 20   1 -7  0 -9 
21 21  -1 -6  0 -9 
22 22   1 -8  0 -9 
23 22   1 -7  0 -9 
23 23  -1 -6  0 -9 
24 17  -1 -4  0 -9 
24 20   1 -6  0 -9 
24 21  -1 -5  0 -9 
24 23  -1 -4  0 -9 
24 25   1 -3  0 -9 
25 16   1 -6  0 -9 
25 17  -1 -5  0 -9 
25 21  -1 -4  0 -9 
25 22   1 -6  0 -9 
25 23  -1 -5  0 -9 
25 24   1 -3  0 -9 
26 26   1 -8  0 -9 
27 22   1 -7  0 -9 
27 26   1 -7  0 -9 
27 27  -1 -6  0 -9 
28 22   1 -6  0 -9 
28 23  -1 -5  0 -9 
28 26   1 -6  0 -9 
28 27  -1 -5  0 -9 
28 29   1 -3  0 -9 
29 22   1 -5  0 -9 
29 23  -1 -4  0 -9 
29 27  -1 -4  0 -9 
29 28   1 -3  0 -9 
30 30   1 -8  0 -9 
31 30   1 -7  0 -9 
31 31  -1 -6  0 -9 
32 32   1 -8  0 -9 
33 32   1 -7  0 -9 
33 33  -1 -6  0 -9 
34 30   1 -6  0 -9 
34 31  -1 -5  0 -9 
34 33  -1 -4  0 -9 
34 35   1 -3  0 -9 
35 31  -1 -4  0 -9 
35 32   1 -6  0 -9 
35 33  -1 -5  0 -9 
35 34   1 -3  0 -9 
36 36   1 -8  0 -9 
37 36   1 -7  0 -9 
37 37  -1 -6  0 -9 
38 37  -1 -4  0 -9 
38 39   1 -3  0 -9 
39 36   1 -6  0 -9 
39 37  -1 -5  0 -9 
39 38   1 -3  0 -9 
40 40  -1 -6  0 -9 
41 36   1 -5  0 -9 
41 37  -1 -4  0 -9 
41 38   1 -2  0 -9 
41 39  -1 -1  0 -9 
41 40   1 -3  0 -9 
41 41   1  0  0 -9 
42 42   1 -8  0 -9 
43 42   1 -7  0 -9 
43 43  -1 -6  0 -9 
44 42   1 -7  0 -9 
44 44  -1 -6  0 -9 
45 42   1 -6  0 -9 
45 43  -1 -5  0 -9 
45 44  -1 -5  0 -9 
45 46   1 -3  0 -9 
46 42   1 -5  0 -9 
46 43  -1 -4  0 -9 
46 44  -1 -4  0 -9 
46 45   1 -3  0 -9 
47 40  -1 -4  0 -9 
47 43  -1 -4  0 -9 
47 48   1 -3  0 -9 
48 40  -1 -5  0 -9 
48 42   1 -6  0 -9 
48 43  -1 -5  0 -9 
48 47   1 -3  0 -9 
49 40   1 -2  0 -9 
49 42   1 -5  0 -9 
49 43  -1 -4  0 -9 
49 47   1 -2  0 -9 
49 48  -1 -1  0 -9 
49 49   1  0  0 -9 
50 40   1 -1  0 -9 
50 42   1 -4  0 -9 
50 43  -1 -3  0 -9 
50 44  -1 -3  0 -9 
50 45   1 -2  0 -9 
50 46   1  1  0 -9 
50 48  -1  0  0 -9 
50 49   1  1  0 -9 
50 50  -1  2  0 -9 
51 51   1 -8  0 -9 
52 15   1 -7  0 -9 
52 51   1 -7  0 -9 
52 52  -1 -6  0 -9 
53 53   1 -8  0 -9 
54 16   1 -7  0 -9 
54 53   1 -7  0 -9 
54 54  -1 -6  0 -9 
55 55   1 -8  0 -9 
56 55   1 -7  0 -9 
56 56  -1 -6  0 -9 
57 16   1 -6  0 -9 
57 17  -1 -5  0 -9 
57 53   1 -6  0 -9 
57 54  -1 -5  0 -9 
57 56  -1 -4  0 -9 
57 58   1 -3  0 -9 
58 16   1 -5  0 -9 
58 17  -1 -4  0 -9 
58 54  -1 -4  0 -9 
58 55   1 -6  0 -9 
58 56  -1 -5  0 -9 
58 57   1 -3  0 -9 
59 59   1 -8  0 -9 
60 32   1 -7  0 -9 
60 55   1 -7  0 -9 
60 59   1 -7  0 -9 
60 60  -1 -6  0 -9 
61 32   1 -6  0 -9 
61 33  -1 -5  0 -9 
61 55   1 -6  0 -9 
61 56  -1 -5  0 -9 
61 59   1 -6  0 -9 
61 60  -1 -5  0 -9 
61 62   1 -3  0 -9 
62 32   1 -5  0 -9 
62 33  -1 -4  0 -9 
62 55   1 -5  0 -9 
62 56  -1 -4  0 -9 
62 60  -1 -4  0 -9 
62 61   1 -3  0 -9 
63 63   1 -8  0 -9 
64 63   1 -7  0 -9 
64 64  -1 -6  0 -9 
65 36   1 -7  0 -9 
65 63   1 -7  0 -9 
65 65  -1 -6  0 -9 
66 36   1 -6  0 -9 
66 37  -1 -5  0 -9 
66 63   1 -6  0 -9 
66 64  -1 -5  0 -9 
66 65  -1 -5  0 -9 
66 67   1 -3  0 -9 
67 36   1 -5  0 -9 
67 37  -1 -4  0 -9 
67 63   1 -5  0 -9 
67 64  -1 -4  0 -9 
67 65  -1 -4  0 -9 
67 66   1 -3  0 -9 
68 40  -1 -5  0 -9 
68 64  -1 -4  0 -9 
68 69   1 -3  0 -9 
69 40  -1 -4  0 -9 
69 63   1 -6  0 -9 
69 64  -1 -5  0 -9 
69 68   1 -3  0 -9 
70 63   1 -5  0 -9 
70 64  -1 -4  0 -9 
70 68   1 -2  0 -9 
70 69  -1 -1  0 -9 
70 70   1  0  0 -9 
71 36   1 -4  0 -9 
71 37  -1 -3  0 -9 
71 39  -1  0  0 -9 
71 40   1 -2  0 -9 
71 41   1  1  0 -9 
71 63   1 -4  0 -9 
71 64  -1 -3  0 -9 
71 65  -1 -3  0 -9 
71 66   1 -2  0 -9 
71 67   1  1  0 -9 
71 69  -1  0  0 -9 
71 70   1  1  0 -9 
71 71  -1  2  0 -9 
72 72   1 -8  0 -9 
73 72   1 -7  0 -9 
73 73  -1 -6  0 -9 
74 74   1 -8  0 -9 
75 74   1 -7  0 -9 
75 75  -1 -6  0 -9 
76 72   1 -6  0 -9 
76 73  -1 -5  0 -9 
76 75  -1 -4  0 -9 
76 77   1 -3  0 -9 
77 73  -1 -4  0 -9 
77 74   1 -6  0 -9 
77 75  -1 -5  0 -9 
77 76   1 -3  0 -9 
78 78   1 -8  0 -9 
79 78   1 -7  0 -9 
79 79  -1 -6  0 -9 
80 79  -1 -4  0 -9 
80 81   1 -3  0 -9 
81 78   1 -6  0 -9 
81 79  -1 -5  0 -9 
81 80   1 -3  0 -9 
82 82  -1 -6  0 -9 
83 78   1 -5  0 -9 
83 79  -1 -4  0 -9 
83 80   1 -2  0 -9 
83 81  -1 -1  0 -9 
83 82   1 -3  0 -9 
83 83   1  0  0 -9 
84 84   1 -8  0 -9 
85 74   1 -7  0 -9 
85 84   1 -7  0 -9 
85 85  -1 -6  0 -9 
86 74   1 -6  0 -9 
86 75  -1 -5  0 -9 
86 84   1 -6  0 -9 
86 85  -1 -5  0 -9 
86 87   1 -3  0 -9 
87 74   1 -5  0 -9 
87 75  -1 -4  0 -9 
87 85  -1 -4  0 -9 
87 86   1 -3  0 -9 
88 88   1 -8  0 -9 
89 88   1 -7  0 -9 
89 89  -1 -6  0 -9 
90 78   1 -7  0 -9 
90 88   1 -7  0 -9 
90 90  -1 -6  0 -9 
91 78   1 -6  0 -9 
91 79  -1 -5  0 -9 
91 88   1 -6  0 -9 
91 89  -1 -5  0 -9 
91 90  -1 -5  0 -9 
91 92   1 -3  0 -9 
92 78   1 -5  0 -9 
92 79  -1 -4  0 -9 
92 88   1 -5  0 -9 
92 89  -1 -4  0 -9 
92 90  -1 -4  0 -9 
92 91   1 -3  0 -9 
93 82  -1 -5  0 -9 
93 89  -1 -4  0 -9 
93 94   1 -3  0 -9 
94 82  -1 -4  0 -9 
94 88   1 -6  0 -9 
94 89  -1 -5  0 -9 
94 93   1 -3  0 -9 
95 88   1 -5  0 -9 
95 89  -1 -4  0 -9 
95 93   1 -2  0 -9 
95 94  -1 -1  0 -9 
95 95   1  0  0 -9 
96 78   1 -4  0 -9 
96 79  -1 -3  0 -9 
96 81  -1  0  0 -9 
96 82   1 -2  0 -9 
96 83   1  1  0 -9 
96 88   1 -4  0 -9 
96 89  -1 -3  0 -9 
96 90  -1 -3  0 -9 
96 91   1 -2  0 -9 
96 92   1  1  0 -9 
96 94  -1  0  0 -9 
96 95   1  1  0 -9 
96 96  -1  2  0 -9 
97 97   1 -8  0 -9 
98 97   1 -7  0 -9 
98 98  -1 -6  0 -9 
99 97   1 -7  0 -9 
99 99  -1 -6  0 -9 
100 97   1 -6  0 -9 
100 98  -1 -5  0 -9 
100 99  -1 -5  0 -9 
100 101   1 -3  0 -9 
101 97   1 -5  0 -9 
101 98  -1 -4  0 -9 
101 99  -1 -4  0 -9 
101 100   1 -3  0 -9 
102 82  -1 -4  0 -9 
102 98  -1 -4  0 -9 
102 103   1 -3  0 -9 
103 82  -1 -5  0 -9 
103 97   1 -6  0 -9 
103 98  -1 -5  0 -9 
103 102   1 -3  0 -9 
104 82   1 -2  0 -9 
104 97   1 -5  0 -9 
104 98  -1 -4  0 -9 
104 102   1 -2  0 -9 
104 103  -1 -1  0 -9 
104 104   1  0  0 -9 
105 82   1 -1  0 -9 
105 97   1 -4  0 -9 
105 98  -1 -3  0 -9 
105 99  -1 -3  0 -9 
105 100   1 -2  0 -9 
105 101   1  1  0 -9 
105 103  -1  0  0 -9 
105 104   1  1  0 -9 
105 105  -1  2  0 -9 
106 106  -1 -6  0 -9 
107 106  -1 -4  0 -9 
107 108   1 -3  0 -9 
108 106  -1 -5  0 -9 
108 107   1 -3  0 -9 
109 106   1 -2  0 -9 
109 107   1 -2  0 -9 
109 108  -1 -1  0 -9 
109 109   1  0  0 -9 
110 106   1 -1  0 -9 
110 108  -1  0  0 -9 
110 109   1  1  0 -9 
110 110  -1  2  0 -9 
111 106   1 -3  0 -9 
111 111   1  0  0 -9 
112 106  -1 -5  0 -9 
112 113   1 -3  0 -9 
113 106  -1 -4  0 -9 
113 112   1 -3  0 -9 
114 112   1 -2  0 -9 
114 113  -1 -1  0 -9 
114 114   1  0  0 -9 
115 106   1 -2  0 -9 
115 111   1  1  0 -9 
115 113  -1  0  0 -9 
115 114   1  1  0 -9 
115 115  -1  2  0 -9 
9999 9999
