 0  0  -1  2  0 -9 
 0 44   1  1  0 -9 
 1  1  -1  2  0 -9 
 1 45   1  1  0 -9 
 2  2  -1  2  0 -9 
 2 46   1  1  0 -9 
 3  3  -1  2  0 -9 
 3 47   1  1  0 -9 
 4  4  -1  2  0 -9 
 4 48   1  1  0 -9 
 5  5  -1  2  0 -9 
 5 49   1  1  0 -9 
 6  6  -1  2  0 -9 
 6 94   1  1  0 -9 
 6 142  -1  0  0 -9 
 6 178   1 -1  0 -9 
 7  7  -1  2  0 -9 
 7 95   1  1  0 -9 
 7 143  -1  0  0 -9 
 7 179   1 -1  0 -9 
 8  8  -1  2  0 -9 
 8 96   1  1  0 -9 
 8 144  -1  0  0 -9 
 8 180   1 -1  0 -9 
 9  9  -1  2  0 -9 
 9 97   1  1  0 -9 
 9 145  -1  0  0 -9 
 9 181   1 -1  0 -9 
10 10  -1  2  0 -9 
10 98   1  1  0 -9 
10 146  -1  0  0 -9 
10 182   1 -1  0 -9 
11 11  -1  2  0 -9 
11 99   1  1  0 -9 
11 147  -1  0  0 -9 
11 183   1 -1  0 -9 
12 12  -1  2  0 -9 
12 216   1  1  0 -9 
13 13  -1  2  0 -9 
13 217   1  1  0 -9 
14 14  -1  2  0 -9 
14 218   1  1  0 -9 
15 15  -1  2  0 -9 
15 219   1  1  0 -9 
16 16  -1  2  0 -9 
16 246   1  1  0 -9 
16 279  -1  0  0 -9 
16 300   1 -1  0 -9 
17 17  -1  2  0 -9 
17 247   1  1  0 -9 
17 280  -1  0  0 -9 
17 301   1 -1  0 -9 
18 18  -1  2  0 -9 
18 248   1  1  0 -9 
18 281  -1  0  0 -9 
18 302   1 -1  0 -9 
19 19  -1  2  0 -9 
19 249   1  1  0 -9 
19 282  -1  0  0 -9 
19 303   1 -1  0 -9 
20 20  -1  2  0 -9 
20 250   1  1  0 -9 
20 283  -1  0  0 -9 
20 304   1 -1  0 -9 
21 21  -1  2  0 -9 
21 251   1  1  0 -9 
21 284  -1  0  0 -9 
21 305   1 -1  0 -9 
22 22  -1  2  0 -9 
22 252   1  1  0 -9 
22 285  -1  0  0 -9 
22 306   1 -1  0 -9 
23 23  -1  2  0 -9 
23 253   1  1  0 -9 
23 286  -1  0  0 -9 
23 307   1 -1  0 -9 
24 24  -1  2  0 -9 
24 254   1  1  0 -9 
24 287  -1  0  0 -9 
24 308   1 -1  0 -9 
25 25  -1  2  0 -9 
25 102   1  1  0 -9 
25 150  -1  0  0 -9 
25 364  -1  0  0 -9 
25 372   1  1  0 -9 
25 412  -1  0  0 -9 
25 448   1 -1  0 -9 
26 26  -1  2  0 -9 
26 103   1  1  0 -9 
26 151  -1  0  0 -9 
26 365  -1  0  0 -9 
26 373   1  1  0 -9 
26 413  -1  0  0 -9 
26 449   1 -1  0 -9 
27 27  -1  2  0 -9 
27 104   1  1  0 -9 
27 152  -1  0  0 -9 
27 374   1  1  0 -9 
27 414  -1  0  0 -9 
27 450   1 -1  0 -9 
28 28  -1  2  0 -9 
28 105   1  1  0 -9 
28 153  -1  0  0 -9 
28 375   1  1  0 -9 
28 415  -1  0  0 -9 
28 451   1 -1  0 -9 
29 29  -1  2  0 -9 
29 106   1  1  0 -9 
29 154  -1  0  0 -9 
29 376   1  1  0 -9 
29 416  -1  0  0 -9 
29 452   1 -1  0 -9 
30 30  -1  2  0 -9 
30 107   1  1  0 -9 
30 155  -1  0  0 -9 
30 366  -1  0  0 -9 
30 377   1  1  0 -9 
30 417  -1  0  0 -9 
30 453   1 -1  0 -9 
31 31  -1  2  0 -9 
31 108   1  1  0 -9 
31 156  -1  0  0 -9 
31 367  -1  0  0 -9 
31 368  -1  0  0 -9 
31 378   1  1  0 -9 
31 418  -1  0  0 -9 
31 454   1 -1  0 -9 
32 32  -1  2  0 -9 
32 109   1  1  0 -9 
32 157  -1  0  0 -9 
32 369  -1  0  0 -9 
32 379   1  1  0 -9 
32 419  -1  0  0 -9 
32 455   1 -1  0 -9 
33 33  -1  2  0 -9 
33 110   1  1  0 -9 
33 158  -1  0  0 -9 
33 380   1  1  0 -9 
33 420  -1  0  0 -9 
33 456   1 -1  0 -9 
34 34  -1  2  0 -9 
34 148  -1  0  0 -9 
34 159  -1  0  0 -9 
34 169   1  1  0 -9 
34 205   1 -1  0 -9 
34 207  -1  0 -1 -2  0 -9 
34 381   1  1  0 -9 
34 391  -1  0  0 -9 
34 400  -1 -2  0 -9 
34 402   1 -1  0 -9 
34 421  -1  0  0 -9 
34 490   1 -1  0 -9 
34 512  -1 -2  0 -9 
34 527   1 -3  0 -9 
35 35  -1  2  0 -9 
35 160  -1  0  0 -9 
35 170   1  1  0 -9 
35 208  -1  0 -1 -2  0 -9 
35 382   1  1  0 -9 
35 392  -1  0  0 -9 
35 403   1 -1  0 -9 
35 422  -1  0  0 -9 
35 491   1 -1  0 -9 
35 513  -1 -2  0 -9 
35 528   1 -3  0 -9 
36 36  -1  2  0 -9 
36 161  -1  0  0 -9 
36 171   1  1  0 -9 
36 209  -1  0 -1 -2  0 -9 
36 370  -1  0  0 -9 
36 383   1  1  0 -9 
36 393  -1  0  0 -9 
36 404   1 -1  0 -9 
36 423  -1  0  0 -9 
36 492   1 -1  0 -9 
36 514  -1 -2  0 -9 
36 529   1 -3  0 -9 
37 37  -1  2  0 -9 
37 162  -1  0  0 -9 
37 172   1  1  0 -9 
37 210  -1  0 -1 -2  0 -9 
37 371  -1  0  0 -9 
37 384   1  1  0 -9 
37 394  -1  0  0 -9 
37 405   1 -1  0 -9 
37 424  -1  0  0 -9 
37 493   1 -1  0 -9 
37 515  -1 -2  0 -9 
37 530   1 -3  0 -9 
38 38  -1  2  0 -9 
38 163  -1  0  0 -9 
38 173   1  1  0 -9 
38 211  -1  0 -1 -2  0 -9 
38 385   1  1  0 -9 
38 395  -1  0  0 -9 
38 406   1 -1  0 -9 
38 425  -1  0  0 -9 
38 494   1 -1  0 -9 
38 516  -1 -2  0 -9 
38 531   1 -3  0 -9 
39 39  -1  2  0 -9 
39 149  -1  0  0 -9 
39 164  -1  0  0 -9 
39 174   1  1  0 -9 
39 206   1 -1  0 -9 
39 212  -1  0 -1 -2  0 -9 
39 386   1  1  0 -9 
39 396  -1  0  0 -9 
39 401  -1 -2  0 -9 
39 407   1 -1  0 -9 
39 426  -1  0  0 -9 
39 495   1 -1  0 -9 
39 517  -1 -2  0 -9 
39 532   1 -3  0 -9 
40 40  -1  2  0 -9 
40 165  -1  0  0 -9 
40 288  -1  0  0 -9 
40 289  -1  0  0 -9 
40 294   1  1  0 -9 
40 342   1 -1  0 -9 
40 343   1 -1  0 -9 
40 349  -1  0 -1 -2  0 -9 
40 387   1  1  0 -9 
40 427  -1  0  0 -9 
40 433  -1 -2  0 -9 
40 434  -1 -2  0 -9 
40 440   1 -1  0 -9 
40 497   1 -1  0 -9 
40 519  -1 -2  0 -9 
40 545   1 -3  0 -9 
41 41  -1  2  0 -9 
41 166  -1  0  0 -9 
41 290  -1  0  0 -9 
41 295   1  1  0 -9 
41 344   1 -1  0 -9 
41 350  -1  0 -1 -2  0 -9 
41 388   1  1  0 -9 
41 428  -1  0  0 -9 
41 435  -1 -2  0 -9 
41 441   1 -1  0 -9 
41 498   1 -1  0 -9 
41 520  -1 -2  0 -9 
41 546   1 -3  0 -9 
42 42  -1  2  0 -9 
42 167  -1  0  0 -9 
42 291  -1  0  0 -9 
42 296   1  1  0 -9 
42 345   1 -1  0 -9 
42 351  -1  0 -1 -2  0 -9 
42 389   1  1  0 -9 
42 429  -1  0  0 -9 
42 436  -1 -2  0 -9 
42 442   1 -1  0 -9 
42 499   1 -1  0 -9 
42 521  -1 -2  0 -9 
42 547   1 -3  0 -9 
43 43  -1  2  0 -9 
43 168  -1  0  0 -9 
43 292  -1  0  0 -9 
43 293  -1  0  0 -9 
43 297   1  1  0 -9 
43 346   1 -1  0 -9 
43 347   1 -1  0 -9 
43 352  -1  0 -1 -2  0 -9 
43 390   1  1  0 -9 
43 430  -1  0  0 -9 
43 437  -1 -2  0 -9 
43 438  -1 -2  0 -9 
43 443   1 -1  0 -9 
43 500   1 -1  0 -9 
43 522  -1 -2  0 -9 
43 548   1 -3  0 -9 
44 44   1  0  0 -9 
45 45   1  0  0 -9 
46 46   1  0  0 -9 
47 47   1  0  0 -9 
48 48   1  0  0 -9 
49 49   1  0  0 -9 
50 50   1  0  0 -9 
51 51   1  0  0 -9 
52 52   1  0  0 -9 
53 53   1  0  0 -9 
54 54   1  0  0 -9 
54 178   1 -3  0 -9 
55 55   1  0  0 -9 
55 179   1 -3  0 -9 
56 56   1  0  0 -9 
56 180   1 -3  0 -9 
57 57   1  0  0 -9 
57 181   1 -3  0 -9 
58 58   1  0  0 -9 
58 182   1 -3  0 -9 
59 59   1  0  0 -9 
59 183   1 -3  0 -9 
60 44   1  1  0 -9 
60 50   1  1  0 -9 
60 60  -1  2  0 -9 
60 220   1  1  0 -9 
61 51   1  1  0 -9 
61 61  -1  2  0 -9 
61 221   1  1  0 -9 
62 45   1  1  0 -9 
62 62  -1  2  0 -9 
62 222   1  1  0 -9 
63 63  -1  2  0 -9 
63 223   1  1  0 -9 
64 64  -1  2  0 -9 
64 224   1  1  0 -9 
65 52   1  1  0 -9 
65 65  -1  2  0 -9 
65 225   1  1  0 -9 
66 50   1  1  0 -9 
66 53   1  1  0 -9 
66 66  -1  2  0 -9 
66 226   1  1  0 -9 
67 67  -1  2  0 -9 
67 227   1  1  0 -9 
68 54   1  1  0 -9 
68 68  -1  2  0 -9 
68 102   1  1  0 -9 
68 150  -1  0  0 -9 
68 178   1 -2  0 -9 
68 228   1  1  0 -9 
68 300   1 -2  0 -9 
69 55   1  1  0 -9 
69 69  -1  2  0 -9 
69 103   1  1  0 -9 
69 151  -1  0  0 -9 
69 179   1 -2  0 -9 
69 229   1  1  0 -9 
69 301   1 -2  0 -9 
70 70  -1  2  0 -9 
70 104   1  1  0 -9 
70 152  -1  0  0 -9 
70 230   1  1  0 -9 
70 302   1 -2  0 -9 
71 71  -1  2  0 -9 
71 105   1  1  0 -9 
71 153  -1  0  0 -9 
71 231   1  1  0 -9 
71 303   1 -2  0 -9 
72 72  -1  2  0 -9 
72 106   1  1  0 -9 
72 154  -1  0  0 -9 
72 232   1  1  0 -9 
72 304   1 -2  0 -9 
73 48   1  1  0 -9 
73 56   1  1  0 -9 
73 73  -1  2  0 -9 
73 107   1  1  0 -9 
73 155  -1  0  0 -9 
73 180   1 -2  0 -9 
73 233   1  1  0 -9 
73 305   1 -2  0 -9 
74 49   1  1  0 -9 
74 57   1  1  0 -9 
74 58   1  1  0 -9 
74 74  -1  2  0 -9 
74 108   1  1  0 -9 
74 156  -1  0  0 -9 
74 181   1 -2  0 -9 
74 182   1 -2  0 -9 
74 234   1  1  0 -9 
74 306   1 -2  0 -9 
75 59   1  1  0 -9 
75 75  -1  2  0 -9 
75 109   1  1  0 -9 
75 157  -1  0  0 -9 
75 183   1 -2  0 -9 
75 235   1  1  0 -9 
75 307   1 -2  0 -9 
76 76  -1  2  0 -9 
76 110   1  1  0 -9 
76 158  -1  0  0 -9 
76 236   1  1  0 -9 
76 308   1 -2  0 -9 
77 77  -1  2  0 -9 
77 121   1  1  0 -9 
77 178   1 -1  0 -9 
77 184  -1  0  0 -9 
77 237   1  1  0 -9 
77 309   1 -2  0 -9 
78 56   1  1  0 -9 
78 78  -1  2  0 -9 
78 122   1  1  0 -9 
78 180   1 -2  0 -9 
78 185  -1  0  0 -9 
78 238   1  1  0 -9 
78 310   1 -2  0 -9 
79 54   1  1  0 -9 
79 57   1  1  0 -9 
79 79  -1  2  0 -9 
79 123   1  1  0 -9 
79 178   1 -2  0 -9 
79 181   1 -2  0 -9 
79 186  -1  0  0 -9 
79 239   1  1  0 -9 
79 311   1 -2  0 -9 
80 80  -1  2  0 -9 
80 124   1  1  0 -9 
80 187  -1  0  0 -9 
80 240   1  1  0 -9 
80 312   1 -2  0 -9 
81 81  -1  2  0 -9 
81 125   1  1  0 -9 
81 179   1 -1  0 -9 
81 188  -1  0  0 -9 
81 241   1  1  0 -9 
81 313   1 -2  0 -9 
82 82  -1  2  0 -9 
82 126   1  1  0 -9 
82 180   1 -1  0 -9 
82 189  -1  0  0 -9 
82 242   1  1  0 -9 
82 314   1 -2  0 -9 
83 83  -1  2  0 -9 
83 127   1  1  0 -9 
83 181   1 -1  0 -9 
83 190  -1  0  0 -9 
83 243   1  1  0 -9 
83 315   1 -2  0 -9 
84 57   1  1  0 -9 
84 84  -1  2  0 -9 
84 128   1  1  0 -9 
84 181   1 -2  0 -9 
84 191  -1  0  0 -9 
84 244   1  1  0 -9 
84 316   1 -2  0 -9 
85 85  -1  2  0 -9 
85 129   1  1  0 -9 
85 192  -1  0  0 -9 
85 245   1  1  0 -9 
85 317   1 -2  0 -9 
86 86  -1  2  0 -9 
86 261   1  1  0 -9 
86 302   1 -1  0 -9 
86 309   1 -1  0 -9 
86 324  -1  0  0 -9 
87 87  -1  2  0 -9 
87 262   1  1  0 -9 
87 310   1 -1  0 -9 
87 325  -1  0  0 -9 
88 88  -1  2  0 -9 
88 263   1  1  0 -9 
88 311   1 -1  0 -9 
88 326  -1  0  0 -9 
89 89  -1  2  0 -9 
89 264   1  1  0 -9 
89 303   1 -1  0 -9 
89 313   1 -1  0 -9 
89 314   1 -1  0 -9 
89 327  -1  0  0 -9 
90 90  -1  2  0 -9 
90 265   1  1  0 -9 
90 304   1 -1  0 -9 
90 315   1 -1  0 -9 
90 328  -1  0  0 -9 
91 91  -1  2  0 -9 
91 266   1  1  0 -9 
91 316   1 -1  0 -9 
91 329  -1  0  0 -9 
92 92  -1  2  0 -9 
92 267   1  1  0 -9 
92 312   1 -1  0 -9 
92 314   1 -1  0 -9 
92 330  -1  0  0 -9 
93 93  -1  2  0 -9 
93 268   1  1  0 -9 
93 317   1 -1  0 -9 
93 331  -1  0  0 -9 
94 94   1  0  0 -9 
94 142  -1 -1  0 -9 
94 178   1 -2  0 -9 
94 364   1 -2  0 -9 
95 95   1  0  0 -9 
95 143  -1 -1  0 -9 
95 179   1 -2  0 -9 
95 365   1 -2  0 -9 
96 96   1  0  0 -9 
96 144  -1 -1  0 -9 
96 180   1 -2  0 -9 
96 366   1 -2  0 -9 
97 97   1  0  0 -9 
97 145  -1 -1  0 -9 
97 181   1 -2  0 -9 
97 367   1 -2  0 -9 
98 98   1  0  0 -9 
98 146  -1 -1  0 -9 
98 182   1 -2  0 -9 
98 368   1 -2  0 -9 
99 99   1  0  0 -9 
99 147  -1 -1  0 -9 
99 183   1 -2  0 -9 
99 369   1 -2  0 -9 
100 100   1  0  0 -9 
100 148  -1 -1  0 -9 
100 182   1 -3  0 -9 
100 205  -1 -4  0 -9 
100 370   1 -2  0 -9 
100 400   1 -5  0 -9 
101 101   1  0  0 -9 
101 149  -1 -1  0 -9 
101 183   1 -3  0 -9 
101 206  -1 -4  0 -9 
101 371   1 -2  0 -9 
101 401   1 -5  0 -9 
102 102   1  0  0 -9 
102 150  -1 -1  0 -9 
102 448   1 -2  0 -9 
103 103   1  0  0 -9 
103 151  -1 -1  0 -9 
103 449   1 -2  0 -9 
104 104   1  0  0 -9 
104 152  -1 -1  0 -9 
104 450   1 -2  0 -9 
105 105   1  0  0 -9 
105 153  -1 -1  0 -9 
105 451   1 -2  0 -9 
106 106   1  0  0 -9 
106 154  -1 -1  0 -9 
106 452   1 -2  0 -9 
107 107   1  0  0 -9 
107 155  -1 -1  0 -9 
107 453   1 -2  0 -9 
108 108   1  0  0 -9 
108 156  -1 -1  0 -9 
108 454   1 -2  0 -9 
109 109   1  0  0 -9 
109 157  -1 -1  0 -9 
109 455   1 -2  0 -9 
110 110   1  0  0 -9 
110 158  -1 -1  0 -9 
110 456   1 -2  0 -9 
111 111  -1  2  0 -9 
111 130   1  1  0 -9 
111 159   1  1  0 -9 
111 193  -1  0  0 -9 
111 207  -1 -3  0 -9 
111 255   1  1  0 -9 
111 288  -1  0  0 -9 
111 318   1 -2  0 -9 
111 342  -1 -3  0 -9 
111 433   1 -4  0 -9 
111 490   1 -2  0 -9 
111 512  -1 -3  0 -9 
111 527   1 -4  0 -9 
112 56   1  1  0 -9 
112 107   1  1  0 -9 
112 112  -1  2  0 -9 
112 131   1  1  0 -9 
112 155  -1  0  0 -9 
112 160   1  1  0 -9 
112 180   1 -2  0 -9 
112 194  -1  0  0 -9 
112 208  -1 -3  0 -9 
112 256   1  1  0 -9 
112 289  -1  0  0 -9 
112 305   1 -2  0 -9 
112 319   1 -2  0 -9 
112 343  -1 -3  0 -9 
112 434   1 -4  0 -9 
112 491   1 -2  0 -9 
112 513  -1 -3  0 -9 
112 528   1 -4  0 -9 
113 57   1  1  0 -9 
113 100   1  1  0 -9 
113 108   1  1  0 -9 
113 113  -1  2  0 -9 
113 132   1  1  0 -9 
113 148  -1  0  0 -9 
113 156  -1  0  0 -9 
113 161   1  1  0 -9 
113 181   1 -2  0 -9 
113 182   1 -2  0 -9 
113 195  -1  0  0 -9 
113 205  -1 -3  0 -9 
113 209  -1 -3  0 -9 
113 257   1  1  0 -9 
113 290  -1  0  0 -9 
113 306   1 -2  0 -9 
113 320   1 -2  0 -9 
113 344  -1 -3  0 -9 
113 400   1 -4  0 -9 
113 435   1 -4  0 -9 
113 492   1 -2  0 -9 
113 514  -1 -3  0 -9 
113 529   1 -4  0 -9 
114 101   1  1  0 -9 
114 109   1  1  0 -9 
114 114  -1  2  0 -9 
114 133   1  1  0 -9 
114 149  -1  0  0 -9 
114 157  -1  0  0 -9 
114 162   1  1  0 -9 
114 183   1 -2  0 -9 
114 196  -1  0  0 -9 
114 206  -1 -3  0 -9 
114 210  -1 -3  0 -9 
114 258   1  1  0 -9 
114 291  -1  0  0 -9 
114 307   1 -2  0 -9 
114 321   1 -2  0 -9 
114 345  -1 -3  0 -9 
114 401   1 -4  0 -9 
114 436   1 -4  0 -9 
114 493   1 -2  0 -9 
114 515  -1 -3  0 -9 
114 530   1 -4  0 -9 
115 110   1  1  0 -9 
115 115  -1  2  0 -9 
115 134   1  1  0 -9 
115 158  -1  0  0 -9 
115 163   1  1  0 -9 
115 197  -1  0  0 -9 
115 211  -1 -3  0 -9 
115 259   1  1  0 -9 
115 292  -1  0  0 -9 
115 308   1 -2  0 -9 
115 322   1 -2  0 -9 
115 346  -1 -3  0 -9 
115 437   1 -4  0 -9 
115 494   1 -2  0 -9 
115 516  -1 -3  0 -9 
115 531   1 -4  0 -9 
116 116  -1  2  0 -9 
116 135   1  1  0 -9 
116 164   1  1  0 -9 
116 183   1 -1  0 -9 
116 198  -1  0  0 -9 
116 212  -1 -3  0 -9 
116 260   1  1  0 -9 
116 293  -1  0  0 -9 
116 323   1 -2  0 -9 
116 347  -1 -3  0 -9 
116 438   1 -4  0 -9 
116 495   1 -2  0 -9 
116 517  -1 -3  0 -9 
116 532   1 -4  0 -9 
117 117  -1  2  0 -9 
117 165   1  1  0 -9 
117 269   1  1  0 -9 
117 318   1 -1  0 -9 
117 319   1 -1  0 -9 
117 332  -1  0  0 -9 
117 349  -1 -3  0 -9 
117 497   1 -2  0 -9 
117 519  -1 -3  0 -9 
117 545   1 -4  0 -9 
118 118  -1  2  0 -9 
118 166   1  1  0 -9 
118 270   1  1  0 -9 
118 320   1 -1  0 -9 
118 333  -1  0  0 -9 
118 350  -1 -3  0 -9 
118 498   1 -2  0 -9 
118 520  -1 -3  0 -9 
118 546   1 -4  0 -9 
119 119  -1  2  0 -9 
119 167   1  1  0 -9 
119 271   1  1  0 -9 
119 321   1 -1  0 -9 
119 334  -1  0  0 -9 
119 351  -1 -3  0 -9 
119 499   1 -2  0 -9 
119 521  -1 -3  0 -9 
119 547   1 -4  0 -9 
120 120  -1  2  0 -9 
120 168   1  1  0 -9 
120 272   1  1  0 -9 
120 308   1 -1  0 -9 
120 322   1 -1  0 -9 
120 323   1 -1  0 -9 
120 335  -1  0  0 -9 
120 352  -1 -3  0 -9 
120 500   1 -2  0 -9 
120 522  -1 -3  0 -9 
120 548   1 -4  0 -9 
121 121   1  0  0 -9 
121 178   1 -2  0 -9 
121 184  -1 -1  0 -9 
121 457   1 -2  0 -9 
122 122   1  0  0 -9 
122 185  -1 -1  0 -9 
122 458   1 -2  0 -9 
123 123   1  0  0 -9 
123 186  -1 -1  0 -9 
123 459   1 -2  0 -9 
124 124   1  0  0 -9 
124 187  -1 -1  0 -9 
124 460   1 -2  0 -9 
125 125   1  0  0 -9 
125 179   1 -2  0 -9 
125 188  -1 -1  0 -9 
125 461   1 -2  0 -9 
126 126   1  0  0 -9 
126 180   1 -2  0 -9 
126 189  -1 -1  0 -9 
126 462   1 -2  0 -9 
127 127   1  0  0 -9 
127 181   1 -2  0 -9 
127 190  -1 -1  0 -9 
127 463   1 -2  0 -9 
128 128   1  0  0 -9 
128 191  -1 -1  0 -9 
128 464   1 -2  0 -9 
129 129   1  0  0 -9 
129 192  -1 -1  0 -9 
129 465   1 -2  0 -9 
130 130   1  0  0 -9 
130 193  -1 -1  0 -9 
130 207  -1 -4  0 -9 
130 466   1 -2  0 -9 
130 527   1 -5  0 -9 
131 131   1  0  0 -9 
131 194  -1 -1  0 -9 
131 208  -1 -4  0 -9 
131 467   1 -2  0 -9 
131 528   1 -5  0 -9 
132 132   1  0  0 -9 
132 195  -1 -1  0 -9 
132 209  -1 -4  0 -9 
132 468   1 -2  0 -9 
132 529   1 -5  0 -9 
133 133   1  0  0 -9 
133 196  -1 -1  0 -9 
133 210  -1 -4  0 -9 
133 469   1 -2  0 -9 
133 530   1 -5  0 -9 
134 134   1  0  0 -9 
134 197  -1 -1  0 -9 
134 211  -1 -4  0 -9 
134 470   1 -2  0 -9 
134 531   1 -5  0 -9 
135 135   1  0  0 -9 
135 183   1 -2  0 -9 
135 198  -1 -1  0 -9 
135 212  -1 -4  0 -9 
135 471   1 -2  0 -9 
135 532   1 -5  0 -9 
136 131   1  1  0 -9 
136 136  -1  2  0 -9 
136 194  -1  0  0 -9 
136 199   1  1  0 -9 
136 208  -1 -3  0 -9 
136 273   1  1  0 -9 
136 319   1 -2  0 -9 
136 336  -1  0  0 -9 
136 355  -1 -3  0 -9 
136 503   1 -2  0 -9 
136 528   1 -4  0 -9 
136 533  -1 -3  0 -9 
136 549   1 -4  0 -9 
137 132   1  1  0 -9 
137 137  -1  2  0 -9 
137 195  -1  0  0 -9 
137 200   1  1  0 -9 
137 209  -1 -3  0 -9 
137 274   1  1  0 -9 
137 320   1 -2  0 -9 
137 337  -1  0  0 -9 
137 356  -1 -3  0 -9 
137 504   1 -2  0 -9 
137 529   1 -4  0 -9 
137 534  -1 -3  0 -9 
137 550   1 -4  0 -9 
138 138  -1  2  0 -9 
138 201   1  1  0 -9 
138 275   1  1  0 -9 
138 319   1 -1  0 -9 
138 338  -1  0  0 -9 
138 357  -1 -3  0 -9 
138 505   1 -2  0 -9 
138 535  -1 -3  0 -9 
138 551   1 -4  0 -9 
139 139  -1  2  0 -9 
139 202   1  1  0 -9 
139 276   1  1  0 -9 
139 322   1 -1  0 -9 
139 339  -1  0  0 -9 
139 358  -1 -3  0 -9 
139 506   1 -2  0 -9 
139 536  -1 -3  0 -9 
139 552   1 -4  0 -9 
140 133   1  1  0 -9 
140 140  -1  2  0 -9 
140 196  -1  0  0 -9 
140 203   1  1  0 -9 
140 210  -1 -3  0 -9 
140 277   1  1  0 -9 
140 321   1 -2  0 -9 
140 340  -1  0  0 -9 
140 359  -1 -3  0 -9 
140 507   1 -2  0 -9 
140 530   1 -4  0 -9 
140 537  -1 -3  0 -9 
140 553   1 -4  0 -9 
141 134   1  1  0 -9 
141 141  -1  2  0 -9 
141 197  -1  0  0 -9 
141 204   1  1  0 -9 
141 211  -1 -3  0 -9 
141 278   1  1  0 -9 
141 322   1 -2  0 -9 
141 341  -1  0  0 -9 
141 360  -1 -3  0 -9 
141 508   1 -2  0 -9 
141 531   1 -4  0 -9 
141 538  -1 -3  0 -9 
141 554   1 -4  0 -9 
142 178  -1 -5  0 -9 
142 364   1 -3  0 -9 
143 179  -1 -5  0 -9 
143 365   1 -3  0 -9 
144 180  -1 -5  0 -9 
144 366   1 -3  0 -9 
145 181  -1 -5  0 -9 
145 367   1 -3  0 -9 
146 182  -1 -5  0 -9 
146 368   1 -3  0 -9 
147 183  -1 -5  0 -9 
147 369   1 -3  0 -9 
148 205  -1 -5  0 -9 
148 370   1 -3  0 -9 
148 400   1 -6  0 -9 
149 206  -1 -5  0 -9 
149 371   1 -3  0 -9 
149 401   1 -6  0 -9 
150 178  -1 -4  0 -9 
150 300  -1 -4  0 -9 
150 448   1 -3  0 -9 
151 179  -1 -4  0 -9 
151 301  -1 -4  0 -9 
151 449   1 -3  0 -9 
152 302  -1 -4  0 -9 
152 450   1 -3  0 -9 
153 303  -1 -4  0 -9 
153 451   1 -3  0 -9 
154 304  -1 -4  0 -9 
154 452   1 -3  0 -9 
155 180  -1 -4  0 -9 
155 305  -1 -4  0 -9 
155 453   1 -3  0 -9 
156 181  -1 -4  0 -9 
156 182  -1 -4  0 -9 
156 306  -1 -4  0 -9 
156 454   1 -3  0 -9 
157 183  -1 -4  0 -9 
157 307  -1 -4  0 -9 
157 455   1 -3  0 -9 
158 308  -1 -4  0 -9 
158 456   1 -3  0 -9 
159 207  -1 -4  0 -9 
159 342  -1 -4  0 -9 
159 433   1 -5  0 -9 
159 490   1 -3  0 -9 
159 512  -1 -4  0 -9 
159 527   1 -5  0 -9 
160 208  -1 -4  0 -9 
160 343  -1 -4  0 -9 
160 434   1 -5  0 -9 
160 491   1 -3  0 -9 
160 513  -1 -4  0 -9 
160 528   1 -5  0 -9 
161 205  -1 -4  0 -9 
161 209  -1 -4  0 -9 
161 344  -1 -4  0 -9 
161 400   1 -5  0 -9 
161 435   1 -5  0 -9 
161 492   1 -3  0 -9 
161 514  -1 -4  0 -9 
161 529   1 -5  0 -9 
162 206  -1 -4  0 -9 
162 210  -1 -4  0 -9 
162 345  -1 -4  0 -9 
162 401   1 -5  0 -9 
162 436   1 -5  0 -9 
162 493   1 -3  0 -9 
162 515  -1 -4  0 -9 
162 530   1 -5  0 -9 
163 211  -1 -4  0 -9 
163 346  -1 -4  0 -9 
163 437   1 -5  0 -9 
163 494   1 -3  0 -9 
163 516  -1 -4  0 -9 
163 531   1 -5  0 -9 
164 212  -1 -4  0 -9 
164 347  -1 -4  0 -9 
164 438   1 -5  0 -9 
164 495   1 -3  0 -9 
164 517  -1 -4  0 -9 
164 532   1 -5  0 -9 
165 349  -1 -4  0 -9 
165 497   1 -3  0 -9 
165 519  -1 -4  0 -9 
165 545   1 -5  0 -9 
166 350  -1 -4  0 -9 
166 498   1 -3  0 -9 
166 520  -1 -4  0 -9 
166 546   1 -5  0 -9 
167 351  -1 -4  0 -9 
167 499   1 -3  0 -9 
167 521  -1 -4  0 -9 
167 547   1 -5  0 -9 
168 352  -1 -4  0 -9 
168 500   1 -3  0 -9 
168 522  -1 -4  0 -9 
168 548   1 -5  0 -9 
169 148  -1 -1  0 -9 
169 159  -1 -1  0 -9 
169 169   1  0  0 -9 
169 205   1 -2  0 -9 
169 207  -1 -1 -1 -3 -1 -5  0 -9 
169 370   1 -2  0 -9 
169 391  -1 -1  0 -9 
169 400  -1 -3  0 -9 
169 402   1 -2  0 -9 
169 490   1 -2  0 -9 
169 512  -1 -3  0 -9 
169 527   1 -4  1 -6  0 -9 
170 160  -1 -1  0 -9 
170 170   1  0  0 -9 
170 208  -1 -1 -1 -3 -1 -5  0 -9 
170 392  -1 -1  0 -9 
170 403   1 -2  0 -9 
170 491   1 -2  0 -9 
170 513  -1 -3  0 -9 
170 528   1 -4  1 -6  0 -9 
171 161  -1 -1  0 -9 
171 171   1  0  0 -9 
171 209  -1 -1 -1 -3 -1 -5  0 -9 
171 393  -1 -1  0 -9 
171 404   1 -2  0 -9 
171 492   1 -2  0 -9 
171 514  -1 -3  0 -9 
171 529   1 -4  1 -6  0 -9 
172 162  -1 -1  0 -9 
172 172   1  0  0 -9 
172 210  -1 -1 -1 -3 -1 -5  0 -9 
172 394  -1 -1  0 -9 
172 405   1 -2  0 -9 
172 493   1 -2  0 -9 
172 515  -1 -3  0 -9 
172 530   1 -4  1 -6  0 -9 
173 163  -1 -1  0 -9 
173 173   1  0  0 -9 
173 211  -1 -1 -1 -3 -1 -5  0 -9 
173 395  -1 -1  0 -9 
173 406   1 -2  0 -9 
173 494   1 -2  0 -9 
173 516  -1 -3  0 -9 
173 531   1 -4  1 -6  0 -9 
174 149  -1 -1  0 -9 
174 164  -1 -1  0 -9 
174 174   1  0  0 -9 
174 206   1 -2  0 -9 
174 212  -1 -1 -1 -3 -1 -5  0 -9 
174 371   1 -2  0 -9 
174 396  -1 -1  0 -9 
174 401  -1 -3  0 -9 
174 407   1 -2  0 -9 
174 495   1 -2  0 -9 
174 517  -1 -3  0 -9 
174 532   1 -4  1 -6  0 -9 
175 175   1  0  0 -9 
175 212  -1 -4  0 -9 
175 213  -1 -1  0 -9 
175 397  -1 -1  0 -9 
175 408   1 -2  0 -9 
175 496   1 -2  0 -9 
175 518  -1 -3  0 -9 
175 532   1 -5  0 -9 
176 164   1  1  0 -9 
176 175   1  1  0 -9 
176 176  -1  2  0 -9 
176 212  -1 -3  0 -9 
176 213  -1  0  0 -9 
176 214   1  1  0 -9 
176 293  -1  0  0 -9 
176 298   1  1  0 -9 
176 347  -1 -3  0 -9 
176 348   1 -2  0 -9 
176 353  -1  0  0 -9 
176 361  -1 -3  0 -9 
176 397  -1  0  0 -9 
176 398   1  1  0 -9 
176 408   1 -1  0 -9 
176 409  -1  0  0 -9 
176 431  -1  0  0 -9 
176 438   1 -4  0 -9 
176 439  -1 -3  0 -9 
176 444   1 -1  0 -9 
176 495   1 -2  0 -9 
176 509   1 -2  0 -9 
176 517  -1 -3  0 -9 
176 532   1 -4  0 -9 
176 539  -1 -3  0 -9 
176 555   1 -4  0 -9 
177 168   1  1  0 -9 
177 177  -1  2  0 -9 
177 215   1  1  0 -9 
177 299   1  1  0 -9 
177 322   1 -1  0 -9 
177 348   1 -1  0 -9 
177 352  -1 -3  0 -9 
177 354  -1  0  0 -9 
177 362  -1 -3  0 -9 
177 399   1  1  0 -9 
177 410  -1  0  0 -9 
177 432  -1  0  0 -9 
177 439  -1 -2  0 -9 
177 445   1 -1  0 -9 
177 500   1 -2  0 -9 
177 510   1 -2  0 -9 
177 522  -1 -3  0 -9 
177 540  -1 -3  0 -9 
177 548   1 -4  0 -9 
177 556   1 -4  0 -9 
178 178  -1 -6  0 -9 
179 179  -1 -6  0 -9 
180 180  -1 -6  0 -9 
181 181  -1 -6  0 -9 
182 182  -1 -6  0 -9 
183 183  -1 -6  0 -9 
184 178  -1 -5  0 -9 
184 309  -1 -4  0 -9 
184 457   1 -3  0 -9 
185 180  -1 -4  0 -9 
185 310  -1 -4  0 -9 
185 458   1 -3  0 -9 
186 178  -1 -4  0 -9 
186 181  -1 -4  0 -9 
186 311  -1 -4  0 -9 
186 459   1 -3  0 -9 
187 312  -1 -4  0 -9 
187 460   1 -3  0 -9 
188 179  -1 -5  0 -9 
188 313  -1 -4  0 -9 
188 461   1 -3  0 -9 
189 180  -1 -5  0 -9 
189 314  -1 -4  0 -9 
189 462   1 -3  0 -9 
190 181  -1 -5  0 -9 
190 315  -1 -4  0 -9 
190 463   1 -3  0 -9 
191 181  -1 -4  0 -9 
191 316  -1 -4  0 -9 
191 464   1 -3  0 -9 
192 317  -1 -4  0 -9 
192 465   1 -3  0 -9 
193 207  -1 -5  0 -9 
193 318  -1 -4  0 -9 
193 466   1 -3  0 -9 
193 527   1 -6  0 -9 
194 208  -1 -5  0 -9 
194 319  -1 -4  0 -9 
194 467   1 -3  0 -9 
194 528   1 -6  0 -9 
195 209  -1 -5  0 -9 
195 320  -1 -4  0 -9 
195 468   1 -3  0 -9 
195 529   1 -6  0 -9 
196 210  -1 -5  0 -9 
196 321  -1 -4  0 -9 
196 469   1 -3  0 -9 
196 530   1 -6  0 -9 
197 211  -1 -5  0 -9 
197 322  -1 -4  0 -9 
197 470   1 -3  0 -9 
197 531   1 -6  0 -9 
198 183  -1 -5  0 -9 
198 212  -1 -5  0 -9 
198 323  -1 -4  0 -9 
198 471   1 -3  0 -9 
198 532   1 -6  0 -9 
199 208  -1 -4  0 -9 
199 355  -1 -4  0 -9 
199 503   1 -3  0 -9 
199 528   1 -5  0 -9 
199 533  -1 -4  0 -9 
199 549   1 -5  0 -9 
200 209  -1 -4  0 -9 
200 356  -1 -4  0 -9 
200 504   1 -3  0 -9 
200 529   1 -5  0 -9 
200 534  -1 -4  0 -9 
200 550   1 -5  0 -9 
201 357  -1 -4  0 -9 
201 505   1 -3  0 -9 
201 535  -1 -4  0 -9 
201 551   1 -5  0 -9 
202 358  -1 -4  0 -9 
202 506   1 -3  0 -9 
202 536  -1 -4  0 -9 
202 552   1 -5  0 -9 
203 210  -1 -4  0 -9 
203 359  -1 -4  0 -9 
203 507   1 -3  0 -9 
203 530   1 -5  0 -9 
203 537  -1 -4  0 -9 
203 553   1 -5  0 -9 
204 211  -1 -4  0 -9 
204 360  -1 -4  0 -9 
204 508   1 -3  0 -9 
204 531   1 -5  0 -9 
204 538  -1 -4  0 -9 
204 554   1 -5  0 -9 
205 205  -1 -6  0 -9 
205 400   1 -7  0 -9 
206 206  -1 -6  0 -9 
206 401   1 -7  0 -9 
207 207  -1 -6  0 -9 
207 527   1 -7  0 -9 
208 208  -1 -6  0 -9 
208 528   1 -7  0 -9 
209 209  -1 -6  0 -9 
209 529   1 -7  0 -9 
210 210  -1 -6  0 -9 
210 530   1 -7  0 -9 
211 211  -1 -6  0 -9 
211 531   1 -7  0 -9 
212 212  -1 -6  0 -9 
212 532   1 -7  0 -9 
213 212  -1 -5  0 -9 
213 348  -1 -4  0 -9 
213 439   1 -5  0 -9 
213 496   1 -3  0 -9 
213 518  -1 -4  0 -9 
213 532   1 -6  0 -9 
214 361  -1 -4  0 -9 
214 509   1 -3  0 -9 
214 539  -1 -4  0 -9 
214 555   1 -5  0 -9 
215 362  -1 -4  0 -9 
215 510   1 -3  0 -9 
215 540  -1 -4  0 -9 
215 556   1 -5  0 -9 
216 216   1  0  0 -9 
217 217   1  0  0 -9 
218 218   1  0  0 -9 
219 219   1  0  0 -9 
220 220   1  0  0 -9 
221 221   1  0  0 -9 
222 222   1  0  0 -9 
223 223   1  0  0 -9 
224 224   1  0  0 -9 
225 225   1  0  0 -9 
226 226   1  0  0 -9 
227 227   1  0  0 -9 
228 228   1  0  0 -9 
228 300   1 -3  0 -9 
229 229   1  0  0 -9 
229 301   1 -3  0 -9 
230 230   1  0  0 -9 
230 302   1 -3  0 -9 
231 231   1  0  0 -9 
231 303   1 -3  0 -9 
232 232   1  0  0 -9 
232 304   1 -3  0 -9 
233 233   1  0  0 -9 
233 305   1 -3  0 -9 
234 234   1  0  0 -9 
234 306   1 -3  0 -9 
235 235   1  0  0 -9 
235 307   1 -3  0 -9 
236 236   1  0  0 -9 
236 308   1 -3  0 -9 
237 237   1  0  0 -9 
237 309   1 -3  0 -9 
238 238   1  0  0 -9 
238 310   1 -3  0 -9 
239 239   1  0  0 -9 
239 311   1 -3  0 -9 
240 240   1  0  0 -9 
240 312   1 -3  0 -9 
241 241   1  0  0 -9 
241 313   1 -3  0 -9 
242 242   1  0  0 -9 
242 314   1 -3  0 -9 
243 243   1  0  0 -9 
243 315   1 -3  0 -9 
244 244   1  0  0 -9 
244 316   1 -3  0 -9 
245 245   1  0  0 -9 
245 317   1 -3  0 -9 
246 246   1  0  0 -9 
246 279  -1 -1  0 -9 
246 300   1 -2  0 -9 
246 412   1 -2  0 -9 
247 247   1  0  0 -9 
247 280  -1 -1  0 -9 
247 301   1 -2  0 -9 
247 413   1 -2  0 -9 
248 248   1  0  0 -9 
248 281  -1 -1  0 -9 
248 302   1 -2  0 -9 
248 414   1 -2  0 -9 
249 249   1  0  0 -9 
249 282  -1 -1  0 -9 
249 303   1 -2  0 -9 
249 415   1 -2  0 -9 
250 250   1  0  0 -9 
250 283  -1 -1  0 -9 
250 304   1 -2  0 -9 
250 416   1 -2  0 -9 
251 251   1  0  0 -9 
251 284  -1 -1  0 -9 
251 305   1 -2  0 -9 
251 417   1 -2  0 -9 
252 252   1  0  0 -9 
252 285  -1 -1  0 -9 
252 306   1 -2  0 -9 
252 418   1 -2  0 -9 
253 253   1  0  0 -9 
253 286  -1 -1  0 -9 
253 307   1 -2  0 -9 
253 419   1 -2  0 -9 
254 254   1  0  0 -9 
254 287  -1 -1  0 -9 
254 308   1 -2  0 -9 
254 420   1 -2  0 -9 
255 255   1  0  0 -9 
255 288  -1 -1  0 -9 
255 318   1 -3  0 -9 
255 342  -1 -4  0 -9 
255 421   1 -2  0 -9 
255 433   1 -5  0 -9 
256 256   1  0  0 -9 
256 289  -1 -1  0 -9 
256 305   1 -3  0 -9 
256 319   1 -3  0 -9 
256 343  -1 -4  0 -9 
256 422   1 -2  0 -9 
256 434   1 -5  0 -9 
257 257   1  0  0 -9 
257 290  -1 -1  0 -9 
257 306   1 -3  0 -9 
257 320   1 -3  0 -9 
257 344  -1 -4  0 -9 
257 423   1 -2  0 -9 
257 435   1 -5  0 -9 
258 258   1  0  0 -9 
258 291  -1 -1  0 -9 
258 307   1 -3  0 -9 
258 321   1 -3  0 -9 
258 345  -1 -4  0 -9 
258 424   1 -2  0 -9 
258 436   1 -5  0 -9 
259 259   1  0  0 -9 
259 292  -1 -1  0 -9 
259 308   1 -3  0 -9 
259 322   1 -3  0 -9 
259 346  -1 -4  0 -9 
259 425   1 -2  0 -9 
259 437   1 -5  0 -9 
260 260   1  0  0 -9 
260 293  -1 -1  0 -9 
260 323   1 -3  0 -9 
260 347  -1 -4  0 -9 
260 426   1 -2  0 -9 
260 438   1 -5  0 -9 
261 261   1  0  0 -9 
261 302   1 -2  0 -9 
261 309   1 -2  0 -9 
261 324  -1 -1  0 -9 
261 472   1 -2  0 -9 
262 262   1  0  0 -9 
262 310   1 -2  0 -9 
262 325  -1 -1  0 -9 
262 473   1 -2  0 -9 
263 263   1  0  0 -9 
263 311   1 -2  0 -9 
263 326  -1 -1  0 -9 
263 474   1 -2  0 -9 
264 264   1  0  0 -9 
264 303   1 -2  0 -9 
264 313   1 -2  0 -9 
264 314   1 -2  0 -9 
264 327  -1 -1  0 -9 
264 475   1 -2  0 -9 
265 265   1  0  0 -9 
265 304   1 -2  0 -9 
265 315   1 -2  0 -9 
265 328  -1 -1  0 -9 
265 476   1 -2  0 -9 
266 266   1  0  0 -9 
266 316   1 -2  0 -9 
266 329  -1 -1  0 -9 
266 477   1 -2  0 -9 
267 267   1  0  0 -9 
267 312   1 -2  0 -9 
267 314   1 -2  0 -9 
267 330  -1 -1  0 -9 
267 478   1 -2  0 -9 
268 268   1  0  0 -9 
268 317   1 -2  0 -9 
268 331  -1 -1  0 -9 
268 479   1 -2  0 -9 
269 269   1  0  0 -9 
269 318   1 -2  0 -9 
269 319   1 -2  0 -9 
269 332  -1 -1  0 -9 
269 349  -1 -4  0 -9 
269 480   1 -2  0 -9 
269 545   1 -5  0 -9 
270 270   1  0  0 -9 
270 320   1 -2  0 -9 
270 333  -1 -1  0 -9 
270 350  -1 -4  0 -9 
270 481   1 -2  0 -9 
270 546   1 -5  0 -9 
271 271   1  0  0 -9 
271 321   1 -2  0 -9 
271 334  -1 -1  0 -9 
271 351  -1 -4  0 -9 
271 482   1 -2  0 -9 
271 547   1 -5  0 -9 
272 272   1  0  0 -9 
272 308   1 -2  0 -9 
272 322   1 -2  0 -9 
272 323   1 -2  0 -9 
272 335  -1 -1  0 -9 
272 352  -1 -4  0 -9 
272 483   1 -2  0 -9 
272 548   1 -5  0 -9 
273 273   1  0  0 -9 
273 319   1 -3  0 -9 
273 336  -1 -1  0 -9 
273 355  -1 -4  0 -9 
273 484   1 -2  0 -9 
273 549   1 -5  0 -9 
274 274   1  0  0 -9 
274 320   1 -3  0 -9 
274 337  -1 -1  0 -9 
274 356  -1 -4  0 -9 
274 485   1 -2  0 -9 
274 550   1 -5  0 -9 
275 275   1  0  0 -9 
275 319   1 -2  0 -9 
275 338  -1 -1  0 -9 
275 357  -1 -4  0 -9 
275 486   1 -2  0 -9 
275 551   1 -5  0 -9 
276 276   1  0  0 -9 
276 322   1 -2  0 -9 
276 339  -1 -1  0 -9 
276 358  -1 -4  0 -9 
276 487   1 -2  0 -9 
276 552   1 -5  0 -9 
277 277   1  0  0 -9 
277 321   1 -3  0 -9 
277 340  -1 -1  0 -9 
277 359  -1 -4  0 -9 
277 488   1 -2  0 -9 
277 553   1 -5  0 -9 
278 278   1  0  0 -9 
278 322   1 -3  0 -9 
278 341  -1 -1  0 -9 
278 360  -1 -4  0 -9 
278 489   1 -2  0 -9 
278 554   1 -5  0 -9 
279 300  -1 -5  0 -9 
279 412   1 -3  0 -9 
280 301  -1 -5  0 -9 
280 413   1 -3  0 -9 
281 302  -1 -5  0 -9 
281 414   1 -3  0 -9 
282 303  -1 -5  0 -9 
282 415   1 -3  0 -9 
283 304  -1 -5  0 -9 
283 416   1 -3  0 -9 
284 305  -1 -5  0 -9 
284 417   1 -3  0 -9 
285 306  -1 -5  0 -9 
285 418   1 -3  0 -9 
286 307  -1 -5  0 -9 
286 419   1 -3  0 -9 
287 308  -1 -5  0 -9 
287 420   1 -3  0 -9 
288 342  -1 -5  0 -9 
288 421   1 -3  0 -9 
288 433   1 -6  0 -9 
289 343  -1 -5  0 -9 
289 422   1 -3  0 -9 
289 434   1 -6  0 -9 
290 344  -1 -5  0 -9 
290 423   1 -3  0 -9 
290 435   1 -6  0 -9 
291 345  -1 -5  0 -9 
291 424   1 -3  0 -9 
291 436   1 -6  0 -9 
292 346  -1 -5  0 -9 
292 425   1 -3  0 -9 
292 437   1 -6  0 -9 
293 347  -1 -5  0 -9 
293 426   1 -3  0 -9 
293 438   1 -6  0 -9 
294 165  -1 -1  0 -9 
294 288  -1 -1  0 -9 
294 289  -1 -1  0 -9 
294 294   1  0  0 -9 
294 342   1 -2  0 -9 
294 343   1 -2  0 -9 
294 349  -1 -1 -1 -3 -1 -5  0 -9 
294 421   1 -2  0 -9 
294 422   1 -2  0 -9 
294 427  -1 -1  0 -9 
294 433  -1 -3  0 -9 
294 434  -1 -3  0 -9 
294 440   1 -2  0 -9 
294 497   1 -2  0 -9 
294 519  -1 -3  0 -9 
294 545   1 -4  1 -6  0 -9 
295 166  -1 -1  0 -9 
295 290  -1 -1  0 -9 
295 295   1  0  0 -9 
295 344   1 -2  0 -9 
295 350  -1 -1 -1 -3 -1 -5  0 -9 
295 423   1 -2  0 -9 
295 428  -1 -1  0 -9 
295 435  -1 -3  0 -9 
295 441   1 -2  0 -9 
295 498   1 -2  0 -9 
295 520  -1 -3  0 -9 
295 546   1 -4  1 -6  0 -9 
296 167  -1 -1  0 -9 
296 291  -1 -1  0 -9 
296 296   1  0  0 -9 
296 345   1 -2  0 -9 
296 351  -1 -1 -1 -3 -1 -5  0 -9 
296 424   1 -2  0 -9 
296 429  -1 -1  0 -9 
296 436  -1 -3  0 -9 
296 442   1 -2  0 -9 
296 499   1 -2  0 -9 
296 521  -1 -3  0 -9 
296 547   1 -4  1 -6  0 -9 
297 168  -1 -1  0 -9 
297 292  -1 -1  0 -9 
297 293  -1 -1  0 -9 
297 297   1  0  0 -9 
297 346   1 -2  0 -9 
297 347   1 -2  0 -9 
297 352  -1 -1 -1 -3 -1 -5  0 -9 
297 425   1 -2  0 -9 
297 426   1 -2  0 -9 
297 430  -1 -1  0 -9 
297 437  -1 -3  0 -9 
297 438  -1 -3  0 -9 
297 443   1 -2  0 -9 
297 500   1 -2  0 -9 
297 522  -1 -3  0 -9 
297 548   1 -4  1 -6  0 -9 
298 293  -1 -1  0 -9 
298 298   1  0  0 -9 
298 347  -1 -4  0 -9 
298 348   1 -3  0 -9 
298 353  -1 -1  0 -9 
298 361  -1 -4  0 -9 
298 426   1 -2  0 -9 
298 431  -1 -1  0 -9 
298 438   1 -5  0 -9 
298 439  -1 -4  0 -9 
298 444   1 -2  0 -9 
298 501   1 -2  0 -9 
298 523  -1 -3  0 -9 
298 555   1 -5  0 -9 
299 299   1  0  0 -9 
299 322   1 -2  0 -9 
299 348   1 -2  0 -9 
299 352  -1 -4  0 -9 
299 354  -1 -1  0 -9 
299 362  -1 -4  0 -9 
299 432  -1 -1  0 -9 
299 439  -1 -3  0 -9 
299 445   1 -2  0 -9 
299 502   1 -2  0 -9 
299 524  -1 -3  0 -9 
299 548   1 -5  0 -9 
299 556   1 -5  0 -9 
300 300  -1 -6  0 -9 
301 301  -1 -6  0 -9 
302 302  -1 -6  0 -9 
303 303  -1 -6  0 -9 
304 304  -1 -6  0 -9 
305 305  -1 -6  0 -9 
306 306  -1 -6  0 -9 
307 307  -1 -6  0 -9 
308 308  -1 -6  0 -9 
309 309  -1 -6  0 -9 
310 310  -1 -6  0 -9 
311 311  -1 -6  0 -9 
312 312  -1 -6  0 -9 
313 313  -1 -6  0 -9 
314 314  -1 -6  0 -9 
315 315  -1 -6  0 -9 
316 316  -1 -6  0 -9 
317 317  -1 -6  0 -9 
318 318  -1 -6  0 -9 
319 319  -1 -6  0 -9 
320 320  -1 -6  0 -9 
321 321  -1 -6  0 -9 
322 322  -1 -6  0 -9 
323 323  -1 -6  0 -9 
324 302  -1 -5  0 -9 
324 309  -1 -5  0 -9 
324 472   1 -3  0 -9 
325 310  -1 -5  0 -9 
325 473   1 -3  0 -9 
326 311  -1 -5  0 -9 
326 474   1 -3  0 -9 
327 303  -1 -5  0 -9 
327 313  -1 -5  0 -9 
327 314  -1 -5  0 -9 
327 475   1 -3  0 -9 
328 304  -1 -5  0 -9 
328 315  -1 -5  0 -9 
328 476   1 -3  0 -9 
329 316  -1 -5  0 -9 
329 477   1 -3  0 -9 
330 312  -1 -5  0 -9 
330 314  -1 -5  0 -9 
330 478   1 -3  0 -9 
331 317  -1 -5  0 -9 
331 479   1 -3  0 -9 
332 318  -1 -5  0 -9 
332 319  -1 -5  0 -9 
332 349  -1 -5  0 -9 
332 480   1 -3  0 -9 
332 545   1 -6  0 -9 
333 320  -1 -5  0 -9 
333 350  -1 -5  0 -9 
333 481   1 -3  0 -9 
333 546   1 -6  0 -9 
334 321  -1 -5  0 -9 
334 351  -1 -5  0 -9 
334 482   1 -3  0 -9 
334 547   1 -6  0 -9 
335 308  -1 -5  0 -9 
335 322  -1 -5  0 -9 
335 323  -1 -5  0 -9 
335 352  -1 -5  0 -9 
335 483   1 -3  0 -9 
335 548   1 -6  0 -9 
336 355  -1 -5  0 -9 
336 484   1 -3  0 -9 
336 549   1 -6  0 -9 
337 356  -1 -5  0 -9 
337 485   1 -3  0 -9 
337 550   1 -6  0 -9 
338 319  -1 -5  0 -9 
338 357  -1 -5  0 -9 
338 486   1 -3  0 -9 
338 551   1 -6  0 -9 
339 322  -1 -5  0 -9 
339 358  -1 -5  0 -9 
339 487   1 -3  0 -9 
339 552   1 -6  0 -9 
340 359  -1 -5  0 -9 
340 488   1 -3  0 -9 
340 553   1 -6  0 -9 
341 360  -1 -5  0 -9 
341 489   1 -3  0 -9 
341 554   1 -6  0 -9 
342 342  -1 -6  0 -9 
342 433   1 -7  0 -9 
343 343  -1 -6  0 -9 
343 434   1 -7  0 -9 
344 344  -1 -6  0 -9 
344 435   1 -7  0 -9 
345 345  -1 -6  0 -9 
345 436   1 -7  0 -9 
346 346  -1 -6  0 -9 
346 437   1 -7  0 -9 
347 347  -1 -6  0 -9 
347 438   1 -7  0 -9 
348 348  -1 -6  0 -9 
348 439   1 -7  0 -9 
349 349  -1 -6  0 -9 
349 545   1 -7  0 -9 
350 350  -1 -6  0 -9 
350 546   1 -7  0 -9 
351 351  -1 -6  0 -9 
351 547   1 -7  0 -9 
352 352  -1 -6  0 -9 
352 548   1 -7  0 -9 
353 361  -1 -5  0 -9 
353 501   1 -3  0 -9 
353 523  -1 -4  0 -9 
353 555   1 -6  0 -9 
354 322  -1 -5  0 -9 
354 348  -1 -5  0 -9 
354 352  -1 -5  0 -9 
354 362  -1 -5  0 -9 
354 439   1 -6  0 -9 
354 502   1 -3  0 -9 
354 524  -1 -4  0 -9 
354 548   1 -6  0 -9 
354 556   1 -6  0 -9 
355 355  -1 -6  0 -9 
355 549   1 -7  0 -9 
356 356  -1 -6  0 -9 
356 550   1 -7  0 -9 
357 357  -1 -6  0 -9 
357 551   1 -7  0 -9 
358 358  -1 -6  0 -9 
358 552   1 -7  0 -9 
359 359  -1 -6  0 -9 
359 553   1 -7  0 -9 
360 360  -1 -6  0 -9 
360 554   1 -7  0 -9 
361 361  -1 -6  0 -9 
361 555   1 -7  0 -9 
362 362  -1 -6  0 -9 
362 556   1 -7  0 -9 
363 362  -1 -5  0 -9 
363 511   1 -3  0 -9 
363 541  -1 -4  0 -9 
363 556   1 -6  0 -9 
364 142   1 -3  0 -9 
364 178  -1 -4  0 -9 
365 143   1 -3  0 -9 
365 179  -1 -4  0 -9 
366 144   1 -3  0 -9 
366 180  -1 -4  0 -9 
367 145   1 -3  0 -9 
367 181  -1 -4  0 -9 
368 146   1 -3  0 -9 
368 182  -1 -4  0 -9 
369 147   1 -3  0 -9 
369 183  -1 -4  0 -9 
370 148   1 -3  0 -9 
370 205  -1 -4  0 -9 
371 149   1 -3  0 -9 
371 206  -1 -4  0 -9 
372 142   1 -2  0 -9 
372 150  -1 -1  0 -9 
372 178  -1 -3  0 -9 
372 279   1 -2  0 -9 
372 300  -1 -3  0 -9 
372 364  -1 -1  0 -9 
372 372   1  0  0 -9 
372 412  -1 -1  0 -9 
372 448   1 -2  0 -9 
373 143   1 -2  0 -9 
373 151  -1 -1  0 -9 
373 179  -1 -3  0 -9 
373 280   1 -2  0 -9 
373 301  -1 -3  0 -9 
373 365  -1 -1  0 -9 
373 373   1  0  0 -9 
373 413  -1 -1  0 -9 
373 449   1 -2  0 -9 
374 152  -1 -1  0 -9 
374 281   1 -2  0 -9 
374 302  -1 -3  0 -9 
374 374   1  0  0 -9 
374 414  -1 -1  0 -9 
374 450   1 -2  0 -9 
375 153  -1 -1  0 -9 
375 282   1 -2  0 -9 
375 303  -1 -3  0 -9 
375 375   1  0  0 -9 
375 415  -1 -1  0 -9 
375 451   1 -2  0 -9 
376 154  -1 -1  0 -9 
376 283   1 -2  0 -9 
376 304  -1 -3  0 -9 
376 376   1  0  0 -9 
376 416  -1 -1  0 -9 
376 452   1 -2  0 -9 
377 144   1 -2  0 -9 
377 155  -1 -1  0 -9 
377 180  -1 -3  0 -9 
377 284   1 -2  0 -9 
377 305  -1 -3  0 -9 
377 366  -1 -1  0 -9 
377 377   1  0  0 -9 
377 417  -1 -1  0 -9 
377 453   1 -2  0 -9 
378 145   1 -2  0 -9 
378 146   1 -2  0 -9 
378 156  -1 -1  0 -9 
378 181  -1 -3  0 -9 
378 182  -1 -3  0 -9 
378 285   1 -2  0 -9 
378 306  -1 -3  0 -9 
378 367  -1 -1  0 -9 
378 368  -1 -1  0 -9 
378 378   1  0  0 -9 
378 418  -1 -1  0 -9 
378 454   1 -2  0 -9 
379 147   1 -2  0 -9 
379 157  -1 -1  0 -9 
379 183  -1 -3  0 -9 
379 286   1 -2  0 -9 
379 307  -1 -3  0 -9 
379 369  -1 -1  0 -9 
379 379   1  0  0 -9 
379 419  -1 -1  0 -9 
379 455   1 -2  0 -9 
380 158  -1 -1  0 -9 
380 287   1 -2  0 -9 
380 308  -1 -3  0 -9 
380 380   1  0  0 -9 
380 420  -1 -1  0 -9 
380 456   1 -2  0 -9 
381 159  -1 -1  0 -9 
381 207  -1 -3  0 -9 
381 288   1 -2  0 -9 
381 342  -1 -3  0 -9 
381 381   1  0  0 -9 
381 391  -1 -1  0 -9 
381 400  -1 -3  0 -9 
381 402   1 -2  0 -9 
381 421  -1 -1  0 -9 
381 490   1 -2  0 -9 
381 512  -1 -3  0 -9 
381 527   1 -4  0 -9 
382 160  -1 -1  0 -9 
382 208  -1 -3  0 -9 
382 289   1 -2  0 -9 
382 343  -1 -3  0 -9 
382 382   1  0  0 -9 
382 392  -1 -1  0 -9 
382 403   1 -2  0 -9 
382 422  -1 -1  0 -9 
382 491   1 -2  0 -9 
382 513  -1 -3  0 -9 
382 528   1 -4  0 -9 
383 148   1 -2  0 -9 
383 161  -1 -1  0 -9 
383 205  -1 -3  0 -9 
383 209  -1 -3  0 -9 
383 290   1 -2  0 -9 
383 344  -1 -3  0 -9 
383 370  -1 -1  0 -9 
383 383   1  0  0 -9 
383 393  -1 -1  0 -9 
383 404   1 -2  0 -9 
383 423  -1 -1  0 -9 
383 492   1 -2  0 -9 
383 514  -1 -3  0 -9 
383 529   1 -4  0 -9 
384 149   1 -2  0 -9 
384 162  -1 -1  0 -9 
384 206  -1 -3  0 -9 
384 210  -1 -3  0 -9 
384 291   1 -2  0 -9 
384 345  -1 -3  0 -9 
384 371  -1 -1  0 -9 
384 384   1  0  0 -9 
384 394  -1 -1  0 -9 
384 405   1 -2  0 -9 
384 424  -1 -1  0 -9 
384 493   1 -2  0 -9 
384 515  -1 -3  0 -9 
384 530   1 -4  0 -9 
385 163  -1 -1  0 -9 
385 211  -1 -3  0 -9 
385 292   1 -2  0 -9 
385 346  -1 -3  0 -9 
385 385   1  0  0 -9 
385 395  -1 -1  0 -9 
385 406   1 -2  0 -9 
385 425  -1 -1  0 -9 
385 494   1 -2  0 -9 
385 516  -1 -3  0 -9 
385 531   1 -4  0 -9 
386 164  -1 -1  0 -9 
386 212  -1 -3  0 -9 
386 293   1 -2  0 -9 
386 347  -1 -3  0 -9 
386 386   1  0  0 -9 
386 396  -1 -1  0 -9 
386 401  -1 -3  0 -9 
386 407   1 -2  0 -9 
386 426  -1 -1  0 -9 
386 495   1 -2  0 -9 
386 517  -1 -3  0 -9 
386 532   1 -4  0 -9 
387 165  -1 -1  0 -9 
387 349  -1 -3  0 -9 
387 387   1  0  0 -9 
387 427  -1 -1  0 -9 
387 433  -1 -3  0 -9 
387 434  -1 -3  0 -9 
387 440   1 -2  0 -9 
387 497   1 -2  0 -9 
387 519  -1 -3  0 -9 
387 545   1 -4  0 -9 
388 166  -1 -1  0 -9 
388 350  -1 -3  0 -9 
388 388   1  0  0 -9 
388 428  -1 -1  0 -9 
388 435  -1 -3  0 -9 
388 441   1 -2  0 -9 
388 498   1 -2  0 -9 
388 520  -1 -3  0 -9 
388 546   1 -4  0 -9 
389 167  -1 -1  0 -9 
389 351  -1 -3  0 -9 
389 389   1  0  0 -9 
389 429  -1 -1  0 -9 
389 436  -1 -3  0 -9 
389 442   1 -2  0 -9 
389 499   1 -2  0 -9 
389 521  -1 -3  0 -9 
389 547   1 -4  0 -9 
390 168  -1 -1  0 -9 
390 352  -1 -3  0 -9 
390 390   1  0  0 -9 
390 430  -1 -1  0 -9 
390 437  -1 -3  0 -9 
390 438  -1 -3  0 -9 
390 443   1 -2  0 -9 
390 500   1 -2  0 -9 
390 522  -1 -3  0 -9 
390 548   1 -4  0 -9 
391 207  -1 -4  0 -9 
391 400  -1 -4  0 -9 
391 402   1 -3  0 -9 
391 512  -1 -4  0 -9 
391 527   1 -5  0 -9 
392 208  -1 -4  0 -9 
392 403   1 -3  0 -9 
392 513  -1 -4  0 -9 
392 528   1 -5  0 -9 
393 209  -1 -4  0 -9 
393 404   1 -3  0 -9 
393 514  -1 -4  0 -9 
393 529   1 -5  0 -9 
394 210  -1 -4  0 -9 
394 405   1 -3  0 -9 
394 515  -1 -4  0 -9 
394 530   1 -5  0 -9 
395 211  -1 -4  0 -9 
395 406   1 -3  0 -9 
395 516  -1 -4  0 -9 
395 531   1 -5  0 -9 
396 212  -1 -4  0 -9 
396 401  -1 -4  0 -9 
396 407   1 -3  0 -9 
396 517  -1 -4  0 -9 
396 532   1 -5  0 -9 
397 408   1 -3  0 -9 
397 411  -1 -4  0 -9 
397 518  -1 -4  0 -9 
397 542   1 -5  0 -9 
398 397  -1 -1  0 -9 
398 398   1  0  0 -9 
398 408   1 -2  0 -9 
398 409  -1 -1  0 -9 
398 411  -1 -3  0 -9 
398 431  -1 -1  0 -9 
398 444   1 -2  0 -9 
398 446  -1 -3  0 -9 
398 518  -1 -3  0 -9 
398 523  -1 -3  0 -9 
398 525   1 -2  0 -9 
398 542   1 -4  0 -9 
398 543  -1 -3  0 -9 
398 557   1 -4  0 -9 
399 399   1  0  0 -9 
399 410  -1 -1  0 -9 
399 432  -1 -1  0 -9 
399 439  -1 -3  0 -9 
399 445   1 -2  0 -9 
399 447  -1 -3  0 -9 
399 524  -1 -3  0 -9 
399 526   1 -2  0 -9 
399 544  -1 -3  0 -9 
399 558   1 -4  0 -9 
400 400   1 -8  0 -9 
401 401   1 -8  0 -9 
402 207  -1 -5  0 -9 
402 391   1 -3  0 -9 
402 400   1 -7  0 -9 
402 433   1 -6  0 -9 
402 512  -1 -5  0 -9 
402 527   1 -6  0 -9 
403 208  -1 -5  0 -9 
403 392   1 -3  0 -9 
403 434   1 -6  0 -9 
403 513  -1 -5  0 -9 
403 528   1 -6  0 -9 
404 209  -1 -5  0 -9 
404 393   1 -3  0 -9 
404 400   1 -6  0 -9 
404 435   1 -6  0 -9 
404 514  -1 -5  0 -9 
404 529   1 -6  0 -9 
405 210  -1 -5  0 -9 
405 394   1 -3  0 -9 
405 401   1 -6  0 -9 
405 436   1 -6  0 -9 
405 515  -1 -5  0 -9 
405 530   1 -6  0 -9 
406 211  -1 -5  0 -9 
406 395   1 -3  0 -9 
406 437   1 -6  0 -9 
406 516  -1 -5  0 -9 
406 531   1 -6  0 -9 
407 212  -1 -5  0 -9 
407 396   1 -3  0 -9 
407 401   1 -7  0 -9 
407 438   1 -6  0 -9 
407 517  -1 -5  0 -9 
407 532   1 -6  0 -9 
408 397   1 -3  0 -9 
408 411  -1 -5  0 -9 
408 439   1 -6  0 -9 
408 518  -1 -5  0 -9 
408 542   1 -6  0 -9 
409 411  -1 -4  0 -9 
409 439   1 -5  0 -9 
409 446  -1 -4  0 -9 
409 518  -1 -4  0 -9 
409 523  -1 -4  0 -9 
409 525   1 -3  0 -9 
409 542   1 -5  0 -9 
409 543  -1 -4  0 -9 
409 557   1 -5  0 -9 
410 447  -1 -4  0 -9 
410 524  -1 -4  0 -9 
410 526   1 -3  0 -9 
410 544  -1 -4  0 -9 
410 558   1 -5  0 -9 
411 411  -1 -6  0 -9 
411 542   1 -7  0 -9 
412 279   1 -3  0 -9 
412 300  -1 -4  0 -9 
413 280   1 -3  0 -9 
413 301  -1 -4  0 -9 
414 281   1 -3  0 -9 
414 302  -1 -4  0 -9 
415 282   1 -3  0 -9 
415 303  -1 -4  0 -9 
416 283   1 -3  0 -9 
416 304  -1 -4  0 -9 
417 284   1 -3  0 -9 
417 305  -1 -4  0 -9 
418 285   1 -3  0 -9 
418 306  -1 -4  0 -9 
419 286   1 -3  0 -9 
419 307  -1 -4  0 -9 
420 287   1 -3  0 -9 
420 308  -1 -4  0 -9 
421 288   1 -3  0 -9 
421 342  -1 -4  0 -9 
422 289   1 -3  0 -9 
422 343  -1 -4  0 -9 
423 290   1 -3  0 -9 
423 344  -1 -4  0 -9 
424 291   1 -3  0 -9 
424 345  -1 -4  0 -9 
425 292   1 -3  0 -9 
425 346  -1 -4  0 -9 
426 293   1 -3  0 -9 
426 347  -1 -4  0 -9 
427 349  -1 -4  0 -9 
427 433  -1 -4  0 -9 
427 434  -1 -4  0 -9 
427 440   1 -3  0 -9 
427 519  -1 -4  0 -9 
427 545   1 -5  0 -9 
428 350  -1 -4  0 -9 
428 435  -1 -4  0 -9 
428 441   1 -3  0 -9 
428 520  -1 -4  0 -9 
428 546   1 -5  0 -9 
429 351  -1 -4  0 -9 
429 436  -1 -4  0 -9 
429 442   1 -3  0 -9 
429 521  -1 -4  0 -9 
429 547   1 -5  0 -9 
430 352  -1 -4  0 -9 
430 437  -1 -4  0 -9 
430 438  -1 -4  0 -9 
430 443   1 -3  0 -9 
430 522  -1 -4  0 -9 
430 548   1 -5  0 -9 
431 444   1 -3  0 -9 
431 446  -1 -4  0 -9 
431 523  -1 -4  0 -9 
431 557   1 -5  0 -9 
432 439  -1 -4  0 -9 
432 445   1 -3  0 -9 
432 447  -1 -4  0 -9 
432 524  -1 -4  0 -9 
432 558   1 -5  0 -9 
433 433   1 -8  0 -9 
434 434   1 -8  0 -9 
435 435   1 -8  0 -9 
436 436   1 -8  0 -9 
437 437   1 -8  0 -9 
438 438   1 -8  0 -9 
439 439   1 -8  0 -9 
440 349  -1 -5  0 -9 
440 427   1 -3  0 -9 
440 433   1 -7  0 -9 
440 434   1 -7  0 -9 
440 519  -1 -5  0 -9 
440 545   1 -6  0 -9 
441 350  -1 -5  0 -9 
441 428   1 -3  0 -9 
441 435   1 -7  0 -9 
441 520  -1 -5  0 -9 
441 546   1 -6  0 -9 
442 351  -1 -5  0 -9 
442 429   1 -3  0 -9 
442 436   1 -7  0 -9 
442 521  -1 -5  0 -9 
442 547   1 -6  0 -9 
443 352  -1 -5  0 -9 
443 430   1 -3  0 -9 
443 437   1 -7  0 -9 
443 438   1 -7  0 -9 
443 522  -1 -5  0 -9 
443 548   1 -6  0 -9 
444 431   1 -3  0 -9 
444 439   1 -6  0 -9 
444 446  -1 -5  0 -9 
444 523  -1 -5  0 -9 
444 557   1 -6  0 -9 
445 432   1 -3  0 -9 
445 439   1 -7  0 -9 
445 447  -1 -5  0 -9 
445 524  -1 -5  0 -9 
445 558   1 -6  0 -9 
446 439   1 -7  0 -9 
446 446  -1 -6  0 -9 
446 557   1 -7  0 -9 
447 447  -1 -6  0 -9 
447 558   1 -7  0 -9 
448 150   1 -3  0 -9 
448 178  -1 -5  0 -9 
448 300  -1 -5  0 -9 
449 151   1 -3  0 -9 
449 179  -1 -5  0 -9 
449 301  -1 -5  0 -9 
450 152   1 -3  0 -9 
450 302  -1 -5  0 -9 
451 153   1 -3  0 -9 
451 303  -1 -5  0 -9 
452 154   1 -3  0 -9 
452 304  -1 -5  0 -9 
453 155   1 -3  0 -9 
453 180  -1 -5  0 -9 
453 305  -1 -5  0 -9 
454 156   1 -3  0 -9 
454 181  -1 -5  0 -9 
454 182  -1 -5  0 -9 
454 306  -1 -5  0 -9 
455 157   1 -3  0 -9 
455 183  -1 -5  0 -9 
455 307  -1 -5  0 -9 
456 158   1 -3  0 -9 
456 308  -1 -5  0 -9 
457 178  -1 -4  0 -9 
457 184   1 -3  0 -9 
457 309  -1 -5  0 -9 
458 180  -1 -5  0 -9 
458 185   1 -3  0 -9 
458 310  -1 -5  0 -9 
459 178  -1 -5  0 -9 
459 181  -1 -5  0 -9 
459 186   1 -3  0 -9 
459 311  -1 -5  0 -9 
460 187   1 -3  0 -9 
460 312  -1 -5  0 -9 
461 179  -1 -4  0 -9 
461 188   1 -3  0 -9 
461 313  -1 -5  0 -9 
462 180  -1 -4  0 -9 
462 189   1 -3  0 -9 
462 314  -1 -5  0 -9 
463 181  -1 -4  0 -9 
463 190   1 -3  0 -9 
463 315  -1 -5  0 -9 
464 181  -1 -5  0 -9 
464 191   1 -3  0 -9 
464 316  -1 -5  0 -9 
465 192   1 -3  0 -9 
465 317  -1 -5  0 -9 
466 193   1 -3  0 -9 
466 207  -1 -4  0 -9 
466 318  -1 -5  0 -9 
467 194   1 -3  0 -9 
467 208  -1 -4  0 -9 
467 319  -1 -5  0 -9 
468 195   1 -3  0 -9 
468 209  -1 -4  0 -9 
468 320  -1 -5  0 -9 
469 196   1 -3  0 -9 
469 210  -1 -4  0 -9 
469 321  -1 -5  0 -9 
470 197   1 -3  0 -9 
470 211  -1 -4  0 -9 
470 322  -1 -5  0 -9 
471 183  -1 -4  0 -9 
471 198   1 -3  0 -9 
471 212  -1 -4  0 -9 
471 323  -1 -5  0 -9 
472 302  -1 -4  0 -9 
472 309  -1 -4  0 -9 
472 324   1 -3  0 -9 
473 310  -1 -4  0 -9 
473 325   1 -3  0 -9 
474 311  -1 -4  0 -9 
474 326   1 -3  0 -9 
475 303  -1 -4  0 -9 
475 313  -1 -4  0 -9 
475 314  -1 -4  0 -9 
475 327   1 -3  0 -9 
476 304  -1 -4  0 -9 
476 315  -1 -4  0 -9 
476 328   1 -3  0 -9 
477 316  -1 -4  0 -9 
477 329   1 -3  0 -9 
478 312  -1 -4  0 -9 
478 314  -1 -4  0 -9 
478 330   1 -3  0 -9 
479 317  -1 -4  0 -9 
479 331   1 -3  0 -9 
480 318  -1 -4  0 -9 
480 319  -1 -4  0 -9 
480 332   1 -3  0 -9 
480 349  -1 -4  0 -9 
481 320  -1 -4  0 -9 
481 333   1 -3  0 -9 
481 350  -1 -4  0 -9 
482 321  -1 -4  0 -9 
482 334   1 -3  0 -9 
482 351  -1 -4  0 -9 
483 308  -1 -4  0 -9 
483 322  -1 -4  0 -9 
483 323  -1 -4  0 -9 
483 335   1 -3  0 -9 
483 352  -1 -4  0 -9 
484 336   1 -3  0 -9 
484 355  -1 -4  0 -9 
485 337   1 -3  0 -9 
485 356  -1 -4  0 -9 
486 319  -1 -4  0 -9 
486 338   1 -3  0 -9 
486 357  -1 -4  0 -9 
487 322  -1 -4  0 -9 
487 339   1 -3  0 -9 
487 358  -1 -4  0 -9 
488 340   1 -3  0 -9 
488 359  -1 -4  0 -9 
489 341   1 -3  0 -9 
489 360  -1 -4  0 -9 
490 159   1 -3  0 -9 
490 207  -1 -5  0 -9 
490 342  -1 -5  0 -9 
490 433   1 -6  0 -9 
490 512  -1 -5  0 -9 
490 527   1 -6  0 -9 
491 160   1 -3  0 -9 
491 208  -1 -5  0 -9 
491 343  -1 -5  0 -9 
491 434   1 -6  0 -9 
491 513  -1 -5  0 -9 
491 528   1 -6  0 -9 
492 161   1 -3  0 -9 
492 205  -1 -5  0 -9 
492 209  -1 -5  0 -9 
492 344  -1 -5  0 -9 
492 400   1 -6  0 -9 
492 435   1 -6  0 -9 
492 514  -1 -5  0 -9 
492 529   1 -6  0 -9 
493 162   1 -3  0 -9 
493 206  -1 -5  0 -9 
493 210  -1 -5  0 -9 
493 345  -1 -5  0 -9 
493 401   1 -6  0 -9 
493 436   1 -6  0 -9 
493 515  -1 -5  0 -9 
493 530   1 -6  0 -9 
494 163   1 -3  0 -9 
494 211  -1 -5  0 -9 
494 346  -1 -5  0 -9 
494 437   1 -6  0 -9 
494 516  -1 -5  0 -9 
494 531   1 -6  0 -9 
495 164   1 -3  0 -9 
495 212  -1 -5  0 -9 
495 347  -1 -5  0 -9 
495 438   1 -6  0 -9 
495 517  -1 -5  0 -9 
495 532   1 -6  0 -9 
496 212  -1 -4  0 -9 
496 213   1 -3  0 -9 
496 348  -1 -5  0 -9 
496 439   1 -6  0 -9 
496 518  -1 -5  0 -9 
496 542   1 -6  0 -9 
497 165   1 -3  0 -9 
497 349  -1 -5  0 -9 
497 519  -1 -5  0 -9 
497 545   1 -6  0 -9 
498 166   1 -3  0 -9 
498 350  -1 -5  0 -9 
498 520  -1 -5  0 -9 
498 546   1 -6  0 -9 
499 167   1 -3  0 -9 
499 351  -1 -5  0 -9 
499 521  -1 -5  0 -9 
499 547   1 -6  0 -9 
500 168   1 -3  0 -9 
500 352  -1 -5  0 -9 
500 522  -1 -5  0 -9 
500 548   1 -6  0 -9 
501 353   1 -3  0 -9 
501 361  -1 -4  0 -9 
501 523  -1 -5  0 -9 
501 557   1 -6  0 -9 
502 322  -1 -4  0 -9 
502 348  -1 -4  0 -9 
502 352  -1 -4  0 -9 
502 354   1 -3  0 -9 
502 362  -1 -4  0 -9 
502 524  -1 -5  0 -9 
502 558   1 -6  0 -9 
503 199   1 -3  0 -9 
503 208  -1 -5  0 -9 
503 355  -1 -5  0 -9 
503 528   1 -6  0 -9 
503 533  -1 -5  0 -9 
503 549   1 -6  0 -9 
504 200   1 -3  0 -9 
504 209  -1 -5  0 -9 
504 356  -1 -5  0 -9 
504 529   1 -6  0 -9 
504 534  -1 -5  0 -9 
504 550   1 -6  0 -9 
505 201   1 -3  0 -9 
505 357  -1 -5  0 -9 
505 535  -1 -5  0 -9 
505 551   1 -6  0 -9 
506 202   1 -3  0 -9 
506 358  -1 -5  0 -9 
506 536  -1 -5  0 -9 
506 552   1 -6  0 -9 
507 203   1 -3  0 -9 
507 210  -1 -5  0 -9 
507 359  -1 -5  0 -9 
507 530   1 -6  0 -9 
507 537  -1 -5  0 -9 
507 553   1 -6  0 -9 
508 204   1 -3  0 -9 
508 211  -1 -5  0 -9 
508 360  -1 -5  0 -9 
508 531   1 -6  0 -9 
508 538  -1 -5  0 -9 
508 554   1 -6  0 -9 
509 214   1 -3  0 -9 
509 361  -1 -5  0 -9 
509 539  -1 -5  0 -9 
509 543   1 -6  0 -9 
509 555   1 -6  0 -9 
510 215   1 -3  0 -9 
510 362  -1 -5  0 -9 
510 540  -1 -5  0 -9 
510 544   1 -6  0 -9 
510 556   1 -6  0 -9 
511 362  -1 -4  0 -9 
511 363   1 -3  0 -9 
511 541  -1 -5  0 -9 
511 559   1 -6  0 -9 
512 433   1 -7  0 -9 
512 512  -1 -6  0 -9 
512 527   1 -7  0 -9 
513 434   1 -7  0 -9 
513 513  -1 -6  0 -9 
513 528   1 -7  0 -9 
514 400   1 -7  0 -9 
514 435   1 -7  0 -9 
514 514  -1 -6  0 -9 
514 529   1 -7  0 -9 
515 401   1 -7  0 -9 
515 436   1 -7  0 -9 
515 515  -1 -6  0 -9 
515 530   1 -7  0 -9 
516 437   1 -7  0 -9 
516 516  -1 -6  0 -9 
516 531   1 -7  0 -9 
517 438   1 -7  0 -9 
517 517  -1 -6  0 -9 
517 532   1 -7  0 -9 
518 439   1 -7  0 -9 
518 518  -1 -6  0 -9 
518 542   1 -7  0 -9 
519 519  -1 -6  0 -9 
519 545   1 -7  0 -9 
520 520  -1 -6  0 -9 
520 546   1 -7  0 -9 
521 521  -1 -6  0 -9 
521 547   1 -7  0 -9 
522 522  -1 -6  0 -9 
522 548   1 -7  0 -9 
523 523  -1 -6  0 -9 
523 557   1 -7  0 -9 
524 524  -1 -6  0 -9 
524 558   1 -7  0 -9 
525 409   1 -3  0 -9 
525 411  -1 -5  0 -9 
525 439   1 -6  0 -9 
525 446  -1 -5  0 -9 
525 518  -1 -5  0 -9 
525 523  -1 -5  0 -9 
525 542   1 -6  0 -9 
525 543   1 -7  0 -9 
525 557   1 -6  0 -9 
526 410   1 -3  0 -9 
526 447  -1 -5  0 -9 
526 524  -1 -5  0 -9 
526 544   1 -7  0 -9 
526 558   1 -6  0 -9 
527 527   1 -8  0 -9 
528 528   1 -8  0 -9 
529 529   1 -8  0 -9 
530 530   1 -8  0 -9 
531 531   1 -8  0 -9 
532 532   1 -8  0 -9 
533 528   1 -7  0 -9 
533 533  -1 -6  0 -9 
533 549   1 -7  0 -9 
534 529   1 -7  0 -9 
534 534  -1 -6  0 -9 
534 550   1 -7  0 -9 
535 535  -1 -6  0 -9 
535 551   1 -7  0 -9 
536 536  -1 -6  0 -9 
536 552   1 -7  0 -9 
537 530   1 -7  0 -9 
537 537  -1 -6  0 -9 
537 553   1 -7  0 -9 
538 531   1 -7  0 -9 
538 538  -1 -6  0 -9 
538 554   1 -7  0 -9 
539 539  -1 -6  0 -9 
539 543   1 -7  0 -9 
539 555   1 -7  0 -9 
540 540  -1 -6  0 -9 
540 544   1 -7  0 -9 
540 556   1 -7  0 -9 
541 541  -1 -6  0 -9 
541 559   1 -7  0 -9 
542 542   1 -8  0 -9 
543 543   1 -8  0 -9 
544 544   1 -8  0 -9 
545 545   1 -8  0 -9 
546 546   1 -8  0 -9 
547 547   1 -8  0 -9 
548 548   1 -8  0 -9 
549 549   1 -8  0 -9 
550 550   1 -8  0 -9 
551 551   1 -8  0 -9 
552 552   1 -8  0 -9 
553 553   1 -8  0 -9 
554 554   1 -8  0 -9 
555 555   1 -8  0 -9 
556 556   1 -8  0 -9 
557 557   1 -8  0 -9 
558 558   1 -8  0 -9 
559 559   1 -8  0 -9 
9999 9999
