 0  0   1  0  0 -9 
 0 60  -1 -1  0 -9 
 0 93   1 -2  0 -9 
 0 129  -1 -3  0 -9 
 1  1   1  0  0 -9 
 1 63  -1 -1  0 -9 
 1 96   1 -2  0 -9 
 1 193  -1 -3  0 -9 
 2  2   1  0  0 -9 
 2 64  -1 -1  0 -9 
 2 97   1 -2  0 -9 
 2 194  -1 -3  0 -9 
 3  0   1  1  0 -9 
 3  3  -1  2  0 -9 
 3 12   1  1  0 -9 
 3 27   1 -2  0 -9 
 3 60  -1  0  0 -9 
 3 276  -1 -3  0 -9 
 4  4  -1  2  0 -9 
 4 12  -1  0  0 -9 
 4 13   1  1  0 -9 
 4 21  -1  0  0 -9 
 4 27   1 -1  0 -9 
 4 28  -1  0  0 -9 
 4 36   1  1  0 -9 
 4 45   1 -1  0 -9 
 4 51  -1  0 -1 -2  0 -9 
 4 61  -1  0  0 -9 
 4 276  -1 -2  0 -9 
 4 277  -1 -2  0 -9 
 4 297   1 -1  0 -9 
 4 340   1 -3  0 -9 
 5  5  -1  2  0 -9 
 5 14   1  1  0 -9 
 5 22  -1  0  0 -9 
 5 29  -1  0  0 -9 
 5 37   1  1  0 -9 
 5 46   1 -1  0 -9 
 5 52  -1  0 -1 -2  0 -9 
 5 62  -1  0  0 -9 
 5 278  -1 -2  0 -9 
 5 298   1 -1  0 -9 
 5 341   1 -3  0 -9 
 6  1   1  1  0 -9 
 6  6  -1  2  0 -9 
 6 15   1  1  0 -9 
 6 30  -1  0  0 -9 
 6 63  -1  0  0 -9 
 6 75  -1  0  0 -9 
 6 96   1 -1  0 -9 
 6 98  -1  0  0 -9 
 6 108   1  1  0 -9 
 6 132   1 -1  0 -9 
 6 153  -1  0 -1 -2  0 -9 
 6 193  -1 -2  0 -9 
 6 195  -1 -2  0 -9 
 6 217   1 -1  0 -9 
 6 279  -1 -2  0 -9 
 6 300   1 -1  0 -9 
 6 361   1 -3  0 -9 
 7  2   1  1  0 -9 
 7  7  -1  2  0 -9 
 7 16   1  1  0 -9 
 7 31  -1  0  0 -9 
 7 64  -1  0  0 -9 
 7 76  -1  0  0 -9 
 7 97   1 -1  0 -9 
 7 99  -1  0  0 -9 
 7 109   1  1  0 -9 
 7 133   1 -1  0 -9 
 7 154  -1  0 -1 -2  0 -9 
 7 194  -1 -2  0 -9 
 7 196  -1 -2  0 -9 
 7 218   1 -1  0 -9 
 7 280  -1 -2  0 -9 
 7 301   1 -1  0 -9 
 7 362   1 -3  0 -9 
 8  8  -1  2  0 -9 
 8 17   1  1  0 -9 
 8 32  -1  0  0 -9 
 8 77  -1  0  0 -9 
 8 94  -1  0  0 -9 
 8 100  -1  0  0 -9 
 8 110   1  1  0 -9 
 8 129  -1 -2  0 -9 
 8 130  -1 -2  0 -9 
 8 134   1 -1  0 -9 
 8 150   1 -1  0 -9 
 8 155  -1  0 -1 -2  0 -9 
 8 197  -1 -2  0 -9 
 8 219   1 -1  0 -9 
 8 281  -1 -2  0 -9 
 8 302   1 -1  0 -9 
 8 363   1 -3  0 -9 
 9  9  -1  2  0 -9 
 9 18   1  1  0 -9 
 9 33  -1  0  0 -9 
 9 78  -1  0  0 -9 
 9 95  -1  0  0 -9 
 9 101  -1  0  0 -9 
 9 111   1  1  0 -9 
 9 131  -1 -2  0 -9 
 9 135   1 -1  0 -9 
 9 151   1 -1  0 -9 
 9 156  -1  0 -1 -2  0 -9 
 9 198  -1 -2  0 -9 
 9 220   1 -1  0 -9 
 9 282  -1 -2  0 -9 
 9 303   1 -1  0 -9 
 9 364   1 -3  0 -9 
10 10  -1  2  0 -9 
10 19   1  1  0 -9 
10 34  -1  0  0 -9 
10 79  -1  0  0 -9 
10 102  -1  0  0 -9 
10 112   1  1  0 -9 
10 136   1 -1  0 -9 
10 157  -1  0 -1 -2  0 -9 
10 199  -1 -2  0 -9 
10 221   1 -1  0 -9 
10 283  -1 -2  0 -9 
10 304   1 -1  0 -9 
10 365   1 -3  0 -9 
11 11  -1  2  0 -9 
11 20   1  1  0 -9 
11 35  -1  0  0 -9 
11 80  -1  0  0 -9 
11 103  -1  0  0 -9 
11 113   1  1  0 -9 
11 137   1 -1  0 -9 
11 158  -1  0 -1 -2  0 -9 
11 200  -1 -2  0 -9 
11 222   1 -1  0 -9 
11 284  -1 -2  0 -9 
11 305   1 -1  0 -9 
11 366   1 -3  0 -9 
12 27   1 -3  0 -9 
12 276  -1 -4  0 -9 
13 12  -1 -1  0 -9 
13 13   1  0  0 -9 
13 21  -1 -1  0 -9 
13 27   1 -2  0 -9 
13 28  -1 -1  0 -9 
13 45   1 -2  0 -9 
13 51  -1 -3  0 -9 
13 61  -1 -1  0 -9 
13 94   1 -2  0 -9 
13 150  -1 -3  0 -9 
13 276  -1 -3  0 -9 
13 277  -1 -3  0 -9 
13 297   1 -2  0 -9 
13 340   1 -4  0 -9 
14 14   1  0  0 -9 
14 22  -1 -1  0 -9 
14 29  -1 -1  0 -9 
14 46   1 -2  0 -9 
14 52  -1 -3  0 -9 
14 62  -1 -1  0 -9 
14 95   1 -2  0 -9 
14 151  -1 -3  0 -9 
14 278  -1 -3  0 -9 
14 298   1 -2  0 -9 
14 341   1 -4  0 -9 
15 15   1  0  0 -9 
15 30  -1 -1  0 -9 
15 75  -1 -1  0 -9 
15 132   1 -2  0 -9 
15 153  -1 -3  0 -9 
15 195  -1 -3  0 -9 
15 279  -1 -3  0 -9 
15 300   1 -2  0 -9 
15 361   1 -4  0 -9 
16 16   1  0  0 -9 
16 31  -1 -1  0 -9 
16 76  -1 -1  0 -9 
16 133   1 -2  0 -9 
16 154  -1 -3  0 -9 
16 196  -1 -3  0 -9 
16 280  -1 -3  0 -9 
16 301   1 -2  0 -9 
16 362   1 -4  0 -9 
17 17   1  0  0 -9 
17 32  -1 -1  0 -9 
17 77  -1 -1  0 -9 
17 129  -1 -3  0 -9 
17 130  -1 -3  0 -9 
17 134   1 -2  0 -9 
17 155  -1 -3  0 -9 
17 197  -1 -3  0 -9 
17 281  -1 -3  0 -9 
17 302   1 -2  0 -9 
17 363   1 -4  0 -9 
18 18   1  0  0 -9 
18 33  -1 -1  0 -9 
18 78  -1 -1  0 -9 
18 131  -1 -3  0 -9 
18 135   1 -2  0 -9 
18 156  -1 -3  0 -9 
18 198  -1 -3  0 -9 
18 282  -1 -3  0 -9 
18 303   1 -2  0 -9 
18 364   1 -4  0 -9 
19 19   1  0  0 -9 
19 34  -1 -1  0 -9 
19 79  -1 -1  0 -9 
19 136   1 -2  0 -9 
19 157  -1 -3  0 -9 
19 199  -1 -3  0 -9 
19 283  -1 -3  0 -9 
19 304   1 -2  0 -9 
19 365   1 -4  0 -9 
20 20   1  0  0 -9 
20 35  -1 -1  0 -9 
20 80  -1 -1  0 -9 
20 137   1 -2  0 -9 
20 158  -1 -3  0 -9 
20 200  -1 -3  0 -9 
20 284  -1 -3  0 -9 
20 305   1 -2  0 -9 
20 366   1 -4  0 -9 
21 45   1 -3  0 -9 
21 51  -1 -4  0 -9 
21 277  -1 -4  0 -9 
21 340   1 -5  0 -9 
22 46   1 -3  0 -9 
22 52  -1 -4  0 -9 
22 278  -1 -4  0 -9 
22 341   1 -5  0 -9 
23 21  -1 -1  0 -9 
23 23   1  0  0 -9 
23 45   1 -2  0 -9 
23 47  -1 -1  0 -9 
23 51  -1 -3  0 -9 
23 81  -1 -1  0 -9 
23 138   1 -2  0 -9 
23 174  -1 -3  0 -9 
23 201  -1 -3  0 -9 
23 277  -1 -3  0 -9 
23 285  -1 -3  0 -9 
23 321   1 -2  0 -9 
23 340   1 -4  0 -9 
23 342  -1 -3  0 -9 
23 367   1 -4  0 -9 
24 24   1  0  0 -9 
24 48  -1 -1  0 -9 
24 82  -1 -1  0 -9 
24 130  -1 -3  0 -9 
24 139   1 -2  0 -9 
24 175  -1 -3  0 -9 
24 202  -1 -3  0 -9 
24 286  -1 -3  0 -9 
24 322   1 -2  0 -9 
24 343  -1 -3  0 -9 
24 368   1 -4  0 -9 
25 25   1  0  0 -9 
25 49  -1 -1  0 -9 
25 83  -1 -1  0 -9 
25 140   1 -2  0 -9 
25 176  -1 -3  0 -9 
25 203  -1 -3  0 -9 
25 287  -1 -3  0 -9 
25 323   1 -2  0 -9 
25 344  -1 -3  0 -9 
25 369   1 -4  0 -9 
26 26   1  0  0 -9 
26 50  -1 -1  0 -9 
26 84  -1 -1  0 -9 
26 141   1 -2  0 -9 
26 177  -1 -3  0 -9 
26 204  -1 -3  0 -9 
26 288  -1 -3  0 -9 
26 324   1 -2  0 -9 
26 345  -1 -3  0 -9 
26 370   1 -4  0 -9 
27 12   1 -3  0 -9 
27 129   1 -6  0 -9 
27 276  -1 -5  0 -9 
28 51  -1 -4  0 -9 
28 129   1 -5  0 -9 
28 130   1 -5  0 -9 
28 150  -1 -4  0 -9 
28 276  -1 -4  0 -9 
28 277  -1 -4  0 -9 
28 297   1 -3  0 -9 
28 340   1 -5  0 -9 
29 52  -1 -4  0 -9 
29 131   1 -5  0 -9 
29 151  -1 -4  0 -9 
29 278  -1 -4  0 -9 
29 298   1 -3  0 -9 
29 341   1 -5  0 -9 
30 153  -1 -4  0 -9 
30 279  -1 -4  0 -9 
30 300   1 -3  0 -9 
30 361   1 -5  0 -9 
31 154  -1 -4  0 -9 
31 280  -1 -4  0 -9 
31 301   1 -3  0 -9 
31 362   1 -5  0 -9 
32 155  -1 -4  0 -9 
32 281  -1 -4  0 -9 
32 302   1 -3  0 -9 
32 363   1 -5  0 -9 
33 156  -1 -4  0 -9 
33 282  -1 -4  0 -9 
33 303   1 -3  0 -9 
33 364   1 -5  0 -9 
34 157  -1 -4  0 -9 
34 283  -1 -4  0 -9 
34 304   1 -3  0 -9 
34 365   1 -5  0 -9 
35 158  -1 -4  0 -9 
35 284  -1 -4  0 -9 
35 305   1 -3  0 -9 
35 366   1 -5  0 -9 
36 12  -1 -1  0 -9 
36 21  -1 -1  0 -9 
36 27   1 -2  0 -9 
36 28  -1 -1  0 -9 
36 36   1  0  0 -9 
36 45   1 -2  0 -9 
36 51  -1 -1 -1 -3 -1 -5  0 -9 
36 276  -1 -3  0 -9 
36 277  -1 -3  0 -9 
36 297   1 -2  0 -9 
36 340   1 -4  1 -6  0 -9 
37 22  -1 -1  0 -9 
37 29  -1 -1  0 -9 
37 37   1  0  0 -9 
37 46   1 -2  0 -9 
37 52  -1 -1 -1 -3 -1 -5  0 -9 
37 278  -1 -3  0 -9 
37 298   1 -2  0 -9 
37 341   1 -4  1 -6  0 -9 
38 21  -1 -1  0 -9 
38 38   1  0  0 -9 
38 45   1 -2  0 -9 
38 52  -1 -4  0 -9 
38 53  -1 -1  0 -9 
38 277  -1 -3  0 -9 
38 299   1 -2  0 -9 
38 341   1 -5  0 -9 
39 15   1  1  0 -9 
39 21  -1  0  0 -9 
39 23   1  1  0 -9 
39 30  -1  0  0 -9 
39 32   1  1  0 -9 
39 39  -1  2  0 -9 
39 45   1 -1  0 -9 
39 47  -1  0  0 -9 
39 54   1  1  0 -9 
39 75  -1  0  0 -9 
39 81  -1  0  0 -9 
39 114   1  1  0 -9 
39 130   1 -1 -1 -3  0 -9 
39 132   1 -1  0 -9 
39 138   1 -1  0 -9 
39 155  -1 -3  0 -9 
39 159  -1  0  0 -9 
39 178  -1 -3  0 -9 
39 195  -1 -2  0 -9 
39 201  -1 -2  0 -9 
39 223   1 -1  0 -9 
39 281  -1 -3  0 -9 
39 302   1 -2  0 -9 
39 325   1 -2  0 -9 
39 346  -1 -3  0 -9 
39 363   1 -4  0 -9 
39 371   1 -4  0 -9 
40 24   1  1  0 -9 
40 33   1  1  0 -9 
40 40  -1  2  0 -9 
40 48  -1  0  0 -9 
40 55   1  1  0 -9 
40 82  -1  0  0 -9 
40 115   1  1  0 -9 
40 130  -1 -2  0 -9 
40 139   1 -1  0 -9 
40 152   1 -1  0 -9 
40 156  -1 -3  0 -9 
40 160  -1  0  0 -9 
40 179  -1 -3  0 -9 
40 202  -1 -2  0 -9 
40 224   1 -1  0 -9 
40 282  -1 -3  0 -9 
40 303   1 -2  0 -9 
40 326   1 -2  0 -9 
40 347  -1 -3  0 -9 
40 364   1 -4  0 -9 
40 372   1 -4  0 -9 
41 16   1  1  0 -9 
41 25   1  1  0 -9 
41 31  -1  0  0 -9 
41 34   1  1  0 -9 
41 41  -1  2  0 -9 
41 49  -1  0  0 -9 
41 56   1  1  0 -9 
41 76  -1  0  0 -9 
41 83  -1  0  0 -9 
41 116   1  1  0 -9 
41 133   1 -1  0 -9 
41 140   1 -1  0 -9 
41 157  -1 -3  0 -9 
41 161  -1  0  0 -9 
41 180  -1 -3  0 -9 
41 196  -1 -2  0 -9 
41 203  -1 -2  0 -9 
41 225   1 -1  0 -9 
41 283  -1 -3  0 -9 
41 304   1 -2  0 -9 
41 327   1 -2  0 -9 
41 348  -1 -3  0 -9 
41 365   1 -4  0 -9 
41 373   1 -4  0 -9 
42 26   1  1  0 -9 
42 35   1  1  0 -9 
42 42  -1  2  0 -9 
42 50  -1  0  0 -9 
42 57   1  1  0 -9 
42 84  -1  0  0 -9 
42 117   1  1  0 -9 
42 141   1 -1  0 -9 
42 158  -1 -3  0 -9 
42 162  -1  0  0 -9 
42 181  -1 -3  0 -9 
42 204  -1 -2  0 -9 
42 226   1 -1  0 -9 
42 284  -1 -3  0 -9 
42 305   1 -2  0 -9 
42 328   1 -2  0 -9 
42 349  -1 -3  0 -9 
42 366   1 -4  0 -9 
42 374   1 -4  0 -9 
43 21  -1  0  0 -9 
43 23   1  1  0 -9 
43 38   1  1  0 -9 
43 43  -1  2  0 -9 
43 45   1 -1  0 -9 
43 47  -1  0  0 -9 
43 52  -1 -3  0 -9 
43 53  -1  0  0 -9 
43 58   1  1  0 -9 
43 81  -1  0  0 -9 
43 118   1  1  0 -9 
43 130  -1 -3  0 -9 
43 138   1 -1  0 -9 
43 152   1 -2  0 -9 
43 163  -1  0  0 -9 
43 182  -1 -3  0 -9 
43 201  -1 -2  0 -9 
43 227   1 -1  0 -9 
43 329   1 -2  0 -9 
43 341   1 -4  0 -9 
43 350  -1 -3  0 -9 
43 375   1 -4  0 -9 
44 25   1  1  0 -9 
44 44  -1  2  0 -9 
44 49  -1  0  0 -9 
44 59   1  1  0 -9 
44 83  -1  0  0 -9 
44 119   1  1  0 -9 
44 140   1 -1  0 -9 
44 164  -1  0  0 -9 
44 183  -1 -3  0 -9 
44 203  -1 -2  0 -9 
44 228   1 -1  0 -9 
44 330   1 -2  0 -9 
44 351  -1 -3  0 -9 
44 376   1 -4  0 -9 
45 21   1 -3  0 -9 
45 51  -1 -5  0 -9 
45 130   1 -6  0 -9 
45 277  -1 -5  0 -9 
45 340   1 -6  0 -9 
46 22   1 -3  0 -9 
46 52  -1 -5  0 -9 
46 131   1 -6  0 -9 
46 278  -1 -5  0 -9 
46 341   1 -6  0 -9 
47 51  -1 -4  0 -9 
47 130   1 -5  0 -9 
47 174  -1 -4  0 -9 
47 277  -1 -4  0 -9 
47 285  -1 -4  0 -9 
47 321   1 -3  0 -9 
47 340   1 -5  0 -9 
47 342  -1 -4  0 -9 
47 367   1 -5  0 -9 
48 175  -1 -4  0 -9 
48 286  -1 -4  0 -9 
48 322   1 -3  0 -9 
48 343  -1 -4  0 -9 
48 368   1 -5  0 -9 
49 176  -1 -4  0 -9 
49 287  -1 -4  0 -9 
49 323   1 -3  0 -9 
49 344  -1 -4  0 -9 
49 369   1 -5  0 -9 
50 177  -1 -4  0 -9 
50 288  -1 -4  0 -9 
50 324   1 -3  0 -9 
50 345  -1 -4  0 -9 
50 370   1 -5  0 -9 
51 51  -1 -6  0 -9 
51 340   1 -7  0 -9 
52 52  -1 -6  0 -9 
52 341   1 -7  0 -9 
53 52  -1 -5  0 -9 
53 130   1 -5  0 -9 
53 152  -1 -4  0 -9 
53 277  -1 -4  0 -9 
53 299   1 -3  0 -9 
53 341   1 -6  0 -9 
54 178  -1 -4  0 -9 
54 325   1 -3  0 -9 
54 346  -1 -4  0 -9 
54 371   1 -5  0 -9 
55 179  -1 -4  0 -9 
55 326   1 -3  0 -9 
55 347  -1 -4  0 -9 
55 372   1 -5  0 -9 
56 180  -1 -4  0 -9 
56 327   1 -3  0 -9 
56 348  -1 -4  0 -9 
56 373   1 -5  0 -9 
57 181  -1 -4  0 -9 
57 328   1 -3  0 -9 
57 349  -1 -4  0 -9 
57 374   1 -5  0 -9 
58 52  -1 -4  0 -9 
58 182  -1 -4  0 -9 
58 329   1 -3  0 -9 
58 341   1 -5  0 -9 
58 350  -1 -4  0 -9 
58 375   1 -5  0 -9 
59 183  -1 -4  0 -9 
59 330   1 -3  0 -9 
59 351  -1 -4  0 -9 
59 376   1 -5  0 -9 
60 93   1 -3  0 -9 
60 129  -1 -4  0 -9 
61 94   1 -3  0 -9 
61 150  -1 -4  0 -9 
62 95   1 -3  0 -9 
62 151  -1 -4  0 -9 
63 96   1 -3  0 -9 
63 193  -1 -4  0 -9 
64 97   1 -3  0 -9 
64 194  -1 -4  0 -9 
65 98   1 -3  0 -9 
65 217  -1 -4  0 -9 
66 99   1 -3  0 -9 
66 218  -1 -4  0 -9 
67 100   1 -3  0 -9 
67 219  -1 -4  0 -9 
68 101   1 -3  0 -9 
68 220  -1 -4  0 -9 
69 102   1 -3  0 -9 
69 221  -1 -4  0 -9 
70 103   1 -3  0 -9 
70 222  -1 -4  0 -9 
71 104   1 -3  0 -9 
71 229  -1 -4  0 -9 
72 105   1 -3  0 -9 
72 230  -1 -4  0 -9 
73 106   1 -3  0 -9 
73 231  -1 -4  0 -9 
74 107   1 -3  0 -9 
74 232  -1 -4  0 -9 
75 132   1 -3  0 -9 
75 153  -1 -4  0 -9 
75 195  -1 -4  0 -9 
75 279  -1 -4  0 -9 
75 361   1 -5  0 -9 
76 133   1 -3  0 -9 
76 154  -1 -4  0 -9 
76 196  -1 -4  0 -9 
76 280  -1 -4  0 -9 
76 362   1 -5  0 -9 
77 129  -1 -4  0 -9 
77 130  -1 -4  0 -9 
77 134   1 -3  0 -9 
77 155  -1 -4  0 -9 
77 197  -1 -4  0 -9 
77 281  -1 -4  0 -9 
77 363   1 -5  0 -9 
78 131  -1 -4  0 -9 
78 135   1 -3  0 -9 
78 156  -1 -4  0 -9 
78 198  -1 -4  0 -9 
78 282  -1 -4  0 -9 
78 364   1 -5  0 -9 
79 136   1 -3  0 -9 
79 157  -1 -4  0 -9 
79 199  -1 -4  0 -9 
79 283  -1 -4  0 -9 
79 365   1 -5  0 -9 
80 137   1 -3  0 -9 
80 158  -1 -4  0 -9 
80 200  -1 -4  0 -9 
80 284  -1 -4  0 -9 
80 366   1 -5  0 -9 
81 138   1 -3  0 -9 
81 174  -1 -4  0 -9 
81 201  -1 -4  0 -9 
81 285  -1 -4  0 -9 
81 367   1 -5  0 -9 
82 130  -1 -4  0 -9 
82 139   1 -3  0 -9 
82 175  -1 -4  0 -9 
82 202  -1 -4  0 -9 
82 286  -1 -4  0 -9 
82 368   1 -5  0 -9 
83 140   1 -3  0 -9 
83 176  -1 -4  0 -9 
83 203  -1 -4  0 -9 
83 287  -1 -4  0 -9 
83 369   1 -5  0 -9 
84 141   1 -3  0 -9 
84 177  -1 -4  0 -9 
84 204  -1 -4  0 -9 
84 288  -1 -4  0 -9 
84 370   1 -5  0 -9 
85 142   1 -3  0 -9 
85 242  -1 -4  0 -9 
85 289  -1 -4  0 -9 
85 377   1 -5  0 -9 
86 143   1 -3  0 -9 
86 243  -1 -4  0 -9 
86 290  -1 -4  0 -9 
86 378   1 -5  0 -9 
87 144   1 -3  0 -9 
87 244  -1 -4  0 -9 
87 291  -1 -4  0 -9 
87 379   1 -5  0 -9 
88 145   1 -3  0 -9 
88 245  -1 -4  0 -9 
88 292  -1 -4  0 -9 
88 380   1 -5  0 -9 
89 146   1 -3  0 -9 
89 246  -1 -4  0 -9 
89 293  -1 -4  0 -9 
89 381   1 -5  0 -9 
90 147   1 -3  0 -9 
90 247  -1 -4  0 -9 
90 294  -1 -4  0 -9 
90 382   1 -5  0 -9 
91 148   1 -3  0 -9 
91 248  -1 -4  0 -9 
91 295  -1 -4  0 -9 
91 383   1 -5  0 -9 
92 149   1 -3  0 -9 
92 249  -1 -4  0 -9 
92 296  -1 -4  0 -9 
92 384   1 -5  0 -9 
93 60   1 -3  0 -9 
93 129   1 -7  0 -9 
94 61   1 -3  0 -9 
94 129   1 -6  0 -9 
94 130   1 -6  0 -9 
94 150  -1 -5  0 -9 
95 62   1 -3  0 -9 
95 131   1 -6  0 -9 
95 151  -1 -5  0 -9 
96 63   1 -3  0 -9 
96 193   1 -7  0 -9 
97 64   1 -3  0 -9 
97 194   1 -7  0 -9 
98 65   1 -3  0 -9 
98 193   1 -6  0 -9 
98 195   1 -6  0 -9 
98 217  -1 -5  0 -9 
99 66   1 -3  0 -9 
99 194   1 -6  0 -9 
99 196   1 -6  0 -9 
99 218  -1 -5  0 -9 
100 67   1 -3  0 -9 
100 197   1 -6  0 -9 
100 219  -1 -5  0 -9 
101 68   1 -3  0 -9 
101 198   1 -6  0 -9 
101 220  -1 -5  0 -9 
102 69   1 -3  0 -9 
102 199   1 -6  0 -9 
102 221  -1 -5  0 -9 
103 70   1 -3  0 -9 
103 200   1 -6  0 -9 
103 222  -1 -5  0 -9 
104 71   1 -3  0 -9 
104 205   1 -6  0 -9 
104 229  -1 -5  0 -9 
105 72   1 -3  0 -9 
105 206   1 -6  0 -9 
105 230  -1 -5  0 -9 
106 73   1 -3  0 -9 
106 207   1 -6  0 -9 
106 231  -1 -5  0 -9 
107 74   1 -3  0 -9 
107 208   1 -6  0 -9 
107 232  -1 -5  0 -9 
108 30  -1 -1  0 -9 
108 63  -1 -1  0 -9 
108 65   1 -2  0 -9 
108 75  -1 -1  0 -9 
108 96   1 -2  0 -9 
108 98  -1 -1  0 -9 
108 108   1  0  0 -9 
108 132   1 -2  0 -9 
108 153  -1 -1 -1 -3 -1 -5  0 -9 
108 193  -1 -3  0 -9 
108 195  -1 -3  0 -9 
108 217   1 -2  0 -9 
108 279  -1 -3  0 -9 
108 300   1 -2  0 -9 
108 361   1 -4  1 -6  0 -9 
109 31  -1 -1  0 -9 
109 64  -1 -1  0 -9 
109 66   1 -2  0 -9 
109 76  -1 -1  0 -9 
109 97   1 -2  0 -9 
109 99  -1 -1  0 -9 
109 109   1  0  0 -9 
109 133   1 -2  0 -9 
109 154  -1 -1 -1 -3 -1 -5  0 -9 
109 194  -1 -3  0 -9 
109 196  -1 -3  0 -9 
109 218   1 -2  0 -9 
109 280  -1 -3  0 -9 
109 301   1 -2  0 -9 
109 362   1 -4  1 -6  0 -9 
110 32  -1 -1  0 -9 
110 61   1 -2  0 -9 
110 67   1 -2  0 -9 
110 77  -1 -1  0 -9 
110 94  -1 -1  0 -9 
110 100  -1 -1  0 -9 
110 110   1  0  0 -9 
110 129  -1 -3  0 -9 
110 130  -1 -3  0 -9 
110 134   1 -2  0 -9 
110 150   1 -2  0 -9 
110 155  -1 -1 -1 -3 -1 -5  0 -9 
110 197  -1 -3  0 -9 
110 219   1 -2  0 -9 
110 281  -1 -3  0 -9 
110 302   1 -2  0 -9 
110 363   1 -4  1 -6  0 -9 
111 33  -1 -1  0 -9 
111 62   1 -2  0 -9 
111 68   1 -2  0 -9 
111 78  -1 -1  0 -9 
111 95  -1 -1  0 -9 
111 101  -1 -1  0 -9 
111 111   1  0  0 -9 
111 131  -1 -3  0 -9 
111 135   1 -2  0 -9 
111 151   1 -2  0 -9 
111 156  -1 -1 -1 -3 -1 -5  0 -9 
111 198  -1 -3  0 -9 
111 220   1 -2  0 -9 
111 282  -1 -3  0 -9 
111 303   1 -2  0 -9 
111 364   1 -4  1 -6  0 -9 
112 34  -1 -1  0 -9 
112 69   1 -2  0 -9 
112 79  -1 -1  0 -9 
112 102  -1 -1  0 -9 
112 112   1  0  0 -9 
112 136   1 -2  0 -9 
112 157  -1 -1 -1 -3 -1 -5  0 -9 
112 199  -1 -3  0 -9 
112 221   1 -2  0 -9 
112 283  -1 -3  0 -9 
112 304   1 -2  0 -9 
112 365   1 -4  1 -6  0 -9 
113 35  -1 -1  0 -9 
113 70   1 -2  0 -9 
113 80  -1 -1  0 -9 
113 103  -1 -1  0 -9 
113 113   1  0  0 -9 
113 137   1 -2  0 -9 
113 158  -1 -1 -1 -3 -1 -5  0 -9 
113 200  -1 -3  0 -9 
113 222   1 -2  0 -9 
113 284  -1 -3  0 -9 
113 305   1 -2  0 -9 
113 366   1 -4  1 -6  0 -9 
114 21  -1 -1  0 -9 
114 45   1 -2  0 -9 
114 75  -1 -1  0 -9 
114 81  -1 -1  0 -9 
114 114   1  0  0 -9 
114 130   1 -2 -1 -4  0 -9 
114 132   1 -2  0 -9 
114 138   1 -2  0 -9 
114 155  -1 -4  0 -9 
114 159  -1 -1  0 -9 
114 178  -1 -4  0 -9 
114 195  -1 -3  0 -9 
114 201  -1 -3  0 -9 
114 223   1 -2  0 -9 
114 277  -1 -3  0 -9 
114 279  -1 -3  0 -9 
114 285  -1 -3  0 -9 
114 306   1 -2  0 -9 
114 363   1 -5  0 -9 
114 371   1 -5  0 -9 
115 82  -1 -1  0 -9 
115 115   1  0  0 -9 
115 130  -1 -3  0 -9 
115 139   1 -2  0 -9 
115 152   1 -2  0 -9 
115 156  -1 -4  0 -9 
115 160  -1 -1  0 -9 
115 179  -1 -4  0 -9 
115 202  -1 -3  0 -9 
115 224   1 -2  0 -9 
115 286  -1 -3  0 -9 
115 307   1 -2  0 -9 
115 364   1 -5  0 -9 
115 372   1 -5  0 -9 
116 76  -1 -1  0 -9 
116 83  -1 -1  0 -9 
116 116   1  0  0 -9 
116 133   1 -2  0 -9 
116 140   1 -2  0 -9 
116 157  -1 -4  0 -9 
116 161  -1 -1  0 -9 
116 180  -1 -4  0 -9 
116 196  -1 -3  0 -9 
116 203  -1 -3  0 -9 
116 225   1 -2  0 -9 
116 280  -1 -3  0 -9 
116 287  -1 -3  0 -9 
116 308   1 -2  0 -9 
116 365   1 -5  0 -9 
116 373   1 -5  0 -9 
117 84  -1 -1  0 -9 
117 117   1  0  0 -9 
117 141   1 -2  0 -9 
117 158  -1 -4  0 -9 
117 162  -1 -1  0 -9 
117 181  -1 -4  0 -9 
117 204  -1 -3  0 -9 
117 226   1 -2  0 -9 
117 288  -1 -3  0 -9 
117 309   1 -2  0 -9 
117 366   1 -5  0 -9 
117 374   1 -5  0 -9 
118 81  -1 -1  0 -9 
118 118   1  0  0 -9 
118 130  -1 -4  0 -9 
118 138   1 -2  0 -9 
118 152   1 -3  0 -9 
118 163  -1 -1  0 -9 
118 182  -1 -4  0 -9 
118 201  -1 -3  0 -9 
118 227   1 -2  0 -9 
118 285  -1 -3  0 -9 
118 310   1 -2  0 -9 
118 375   1 -5  0 -9 
119 83  -1 -1  0 -9 
119 119   1  0  0 -9 
119 140   1 -2  0 -9 
119 164  -1 -1  0 -9 
119 183  -1 -4  0 -9 
119 203  -1 -3  0 -9 
119 228   1 -2  0 -9 
119 287  -1 -3  0 -9 
119 311   1 -2  0 -9 
119 376   1 -5  0 -9 
120 67   1 -2  0 -9 
120 85  -1 -1  0 -9 
120 100  -1 -1  0 -9 
120 120   1  0  0 -9 
120 142   1 -2  0 -9 
120 165  -1 -1  0 -9 
120 195  -1 -4  0 -9 
120 197   1 -5  0 -9 
120 201  -1 -4  0 -9 
120 209  -1 -4  0 -9 
120 219  -1 -4  0 -9 
120 223   1 -3  0 -9 
120 233   1 -3  0 -9 
120 250  -1 -4  0 -9 
120 289  -1 -3  0 -9 
120 312   1 -2  0 -9 
120 385   1 -5  0 -9 
121 68   1 -2  0 -9 
121 86  -1 -1  0 -9 
121 101  -1 -1  0 -9 
121 121   1  0  0 -9 
121 143   1 -2  0 -9 
121 166  -1 -1  0 -9 
121 198   1 -5  0 -9 
121 202  -1 -4  0 -9 
121 210  -1 -4  0 -9 
121 220  -1 -4  0 -9 
121 224   1 -3  0 -9 
121 234   1 -3  0 -9 
121 251  -1 -4  0 -9 
121 290  -1 -3  0 -9 
121 313   1 -2  0 -9 
121 386   1 -5  0 -9 
122 71  -1 -1  0 -9 
122 72   1 -2  0 -9 
122 87  -1 -1  0 -9 
122 104   1 -2  0 -9 
122 105  -1 -1  0 -9 
122 122   1  0  0 -9 
122 144   1 -2  0 -9 
122 167  -1 -1  0 -9 
122 196  -1 -4  0 -9 
122 205  -1 -4  0 -9 
122 206   1 -5  0 -9 
122 211  -1 -4  0 -9 
122 230  -1 -4  0 -9 
122 235   1 -3  0 -9 
122 252  -1 -4  0 -9 
122 291  -1 -3  0 -9 
122 314   1 -2  0 -9 
122 387   1 -5  0 -9 
123 73   1 -2  0 -9 
123 88  -1 -1  0 -9 
123 106  -1 -1  0 -9 
123 123   1  0  0 -9 
123 145   1 -2  0 -9 
123 168  -1 -1  0 -9 
123 207   1 -5  0 -9 
123 212  -1 -4  0 -9 
123 231  -1 -4  0 -9 
123 236   1 -3  0 -9 
123 253  -1 -4  0 -9 
123 292  -1 -3  0 -9 
123 315   1 -2  0 -9 
123 388   1 -5  0 -9 
124 74   1 -2  0 -9 
124 89  -1 -1  0 -9 
124 107  -1 -1  0 -9 
124 124   1  0  0 -9 
124 146   1 -2  0 -9 
124 169  -1 -1  0 -9 
124 208   1 -5  0 -9 
124 213  -1 -4  0 -9 
124 232  -1 -4  0 -9 
124 237   1 -3  0 -9 
124 254  -1 -4  0 -9 
124 293  -1 -3  0 -9 
124 316   1 -2  0 -9 
124 389   1 -5  0 -9 
125 87  -1 -1  0 -9 
125 90  -1 -1  0 -9 
125 125   1  0  0 -9 
125 144   1 -2  0 -9 
125 147   1 -2  0 -9 
125 170  -1 -1  0 -9 
125 196  -1 -4  0 -9 
125 203  -1 -4  0 -9 
125 211  -1 -4  0 -9 
125 214  -1 -4  0 -9 
125 225   1 -3  0 -9 
125 238   1 -3  0 -9 
125 255  -1 -4  0 -9 
125 291  -1 -3  0 -9 
125 294  -1 -3  0 -9 
125 317   1 -2  0 -9 
125 390   1 -5  0 -9 
126 91  -1 -1  0 -9 
126 126   1  0  0 -9 
126 148   1 -2  0 -9 
126 171  -1 -1  0 -9 
126 201  -1 -4  0 -9 
126 204  -1 -4  0 -9 
126 215  -1 -4  0 -9 
126 226   1 -3  0 -9 
126 227   1 -3  0 -9 
126 239   1 -3  0 -9 
126 256  -1 -4  0 -9 
126 295  -1 -3  0 -9 
126 318   1 -2  0 -9 
126 391   1 -5  0 -9 
127 90  -1 -1  0 -9 
127 127   1  0  0 -9 
127 147   1 -2  0 -9 
127 172  -1 -1  0 -9 
127 203  -1 -4  0 -9 
127 214  -1 -4  0 -9 
127 228   1 -3  0 -9 
127 240   1 -3  0 -9 
127 257  -1 -4  0 -9 
127 294  -1 -3  0 -9 
127 319   1 -2  0 -9 
127 392   1 -5  0 -9 
128 92  -1 -1  0 -9 
128 128   1  0  0 -9 
128 149   1 -2  0 -9 
128 173  -1 -1  0 -9 
128 216  -1 -4  0 -9 
128 241   1 -3  0 -9 
128 258  -1 -4  0 -9 
128 296  -1 -3  0 -9 
128 320   1 -2  0 -9 
128 393   1 -5  0 -9 
129 129   1 -8  0 -9 
130 130   1 -8  0 -9 
131 131   1 -8  0 -9 
132 75   1 -3  0 -9 
132 153  -1 -5  0 -9 
132 195   1 -7  0 -9 
132 279  -1 -5  0 -9 
132 361   1 -6  0 -9 
133 76   1 -3  0 -9 
133 154  -1 -5  0 -9 
133 196   1 -7  0 -9 
133 280  -1 -5  0 -9 
133 362   1 -6  0 -9 
134 77   1 -3  0 -9 
134 129   1 -7  0 -9 
134 130   1 -7  0 -9 
134 155  -1 -5  0 -9 
134 197   1 -7  0 -9 
134 281  -1 -5  0 -9 
134 363   1 -6  0 -9 
135 78   1 -3  0 -9 
135 131   1 -7  0 -9 
135 156  -1 -5  0 -9 
135 198   1 -7  0 -9 
135 282  -1 -5  0 -9 
135 364   1 -6  0 -9 
136 79   1 -3  0 -9 
136 157  -1 -5  0 -9 
136 199   1 -7  0 -9 
136 283  -1 -5  0 -9 
136 365   1 -6  0 -9 
137 80   1 -3  0 -9 
137 158  -1 -5  0 -9 
137 200   1 -7  0 -9 
137 284  -1 -5  0 -9 
137 366   1 -6  0 -9 
138 81   1 -3  0 -9 
138 130   1 -6  0 -9 
138 174  -1 -5  0 -9 
138 201   1 -7  0 -9 
138 285  -1 -5  0 -9 
138 367   1 -6  0 -9 
139 82   1 -3  0 -9 
139 130   1 -7  0 -9 
139 175  -1 -5  0 -9 
139 202   1 -7  0 -9 
139 286  -1 -5  0 -9 
139 368   1 -6  0 -9 
140 83   1 -3  0 -9 
140 176  -1 -5  0 -9 
140 203   1 -7  0 -9 
140 287  -1 -5  0 -9 
140 369   1 -6  0 -9 
141 84   1 -3  0 -9 
141 177  -1 -5  0 -9 
141 204   1 -7  0 -9 
141 288  -1 -5  0 -9 
141 370   1 -6  0 -9 
142 85   1 -3  0 -9 
142 195   1 -6  0 -9 
142 201   1 -6  0 -9 
142 209   1 -6  0 -9 
142 242  -1 -5  0 -9 
142 289  -1 -5  0 -9 
142 377   1 -6  0 -9 
143 86   1 -3  0 -9 
143 202   1 -6  0 -9 
143 210   1 -6  0 -9 
143 243  -1 -5  0 -9 
143 290  -1 -5  0 -9 
143 378   1 -6  0 -9 
144 87   1 -3  0 -9 
144 196   1 -6  0 -9 
144 211   1 -6  0 -9 
144 244  -1 -5  0 -9 
144 291  -1 -5  0 -9 
144 379   1 -6  0 -9 
145 88   1 -3  0 -9 
145 212   1 -6  0 -9 
145 245  -1 -5  0 -9 
145 292  -1 -5  0 -9 
145 380   1 -6  0 -9 
146 89   1 -3  0 -9 
146 213   1 -6  0 -9 
146 246  -1 -5  0 -9 
146 293  -1 -5  0 -9 
146 381   1 -6  0 -9 
147 90   1 -3  0 -9 
147 203   1 -6  0 -9 
147 214   1 -6  0 -9 
147 247  -1 -5  0 -9 
147 294  -1 -5  0 -9 
147 382   1 -6  0 -9 
148 91   1 -3  0 -9 
148 201   1 -6  0 -9 
148 204   1 -6  0 -9 
148 215   1 -6  0 -9 
148 248  -1 -5  0 -9 
148 295  -1 -5  0 -9 
148 383   1 -6  0 -9 
149 92   1 -3  0 -9 
149 216   1 -6  0 -9 
149 249  -1 -5  0 -9 
149 296  -1 -5  0 -9 
149 384   1 -6  0 -9 
150 129   1 -7  0 -9 
150 130   1 -7  0 -9 
150 150  -1 -6  0 -9 
151 131   1 -7  0 -9 
151 151  -1 -6  0 -9 
152 130   1 -7  0 -9 
152 152  -1 -6  0 -9 
153 153  -1 -6  0 -9 
153 361   1 -7  0 -9 
154 154  -1 -6  0 -9 
154 362   1 -7  0 -9 
155 155  -1 -6  0 -9 
155 363   1 -7  0 -9 
156 156  -1 -6  0 -9 
156 364   1 -7  0 -9 
157 157  -1 -6  0 -9 
157 365   1 -7  0 -9 
158 158  -1 -6  0 -9 
158 366   1 -7  0 -9 
159 130   1 -7  0 -9 
159 155  -1 -5  0 -9 
159 178  -1 -5  0 -9 
159 195   1 -6  0 -9 
159 201   1 -6  0 -9 
159 223  -1 -5  0 -9 
159 277  -1 -4  0 -9 
159 279  -1 -4  0 -9 
159 285  -1 -4  0 -9 
159 306   1 -3  0 -9 
159 363   1 -6  0 -9 
159 371   1 -6  0 -9 
160 130   1 -6  0 -9 
160 152  -1 -5  0 -9 
160 156  -1 -5  0 -9 
160 179  -1 -5  0 -9 
160 202   1 -6  0 -9 
160 224  -1 -5  0 -9 
160 286  -1 -4  0 -9 
160 307   1 -3  0 -9 
160 364   1 -6  0 -9 
160 372   1 -6  0 -9 
161 157  -1 -5  0 -9 
161 180  -1 -5  0 -9 
161 196   1 -6  0 -9 
161 203   1 -6  0 -9 
161 225  -1 -5  0 -9 
161 280  -1 -4  0 -9 
161 287  -1 -4  0 -9 
161 308   1 -3  0 -9 
161 365   1 -6  0 -9 
161 373   1 -6  0 -9 
162 158  -1 -5  0 -9 
162 181  -1 -5  0 -9 
162 204   1 -6  0 -9 
162 226  -1 -5  0 -9 
162 288  -1 -4  0 -9 
162 309   1 -3  0 -9 
162 366   1 -6  0 -9 
162 374   1 -6  0 -9 
163 182  -1 -5  0 -9 
163 201   1 -6  0 -9 
163 227  -1 -5  0 -9 
163 285  -1 -4  0 -9 
163 310   1 -3  0 -9 
163 375   1 -6  0 -9 
164 183  -1 -5  0 -9 
164 203   1 -6  0 -9 
164 228  -1 -5  0 -9 
164 287  -1 -4  0 -9 
164 311   1 -3  0 -9 
164 376   1 -6  0 -9 
165 250  -1 -5  0 -9 
165 289  -1 -4  0 -9 
165 312   1 -3  0 -9 
165 385   1 -6  0 -9 
166 251  -1 -5  0 -9 
166 290  -1 -4  0 -9 
166 313   1 -3  0 -9 
166 386   1 -6  0 -9 
167 252  -1 -5  0 -9 
167 291  -1 -4  0 -9 
167 314   1 -3  0 -9 
167 387   1 -6  0 -9 
168 253  -1 -5  0 -9 
168 292  -1 -4  0 -9 
168 315   1 -3  0 -9 
168 388   1 -6  0 -9 
169 254  -1 -5  0 -9 
169 293  -1 -4  0 -9 
169 316   1 -3  0 -9 
169 389   1 -6  0 -9 
170 255  -1 -5  0 -9 
170 291  -1 -4  0 -9 
170 294  -1 -4  0 -9 
170 317   1 -3  0 -9 
170 390   1 -6  0 -9 
171 256  -1 -5  0 -9 
171 295  -1 -4  0 -9 
171 318   1 -3  0 -9 
171 391   1 -6  0 -9 
172 257  -1 -5  0 -9 
172 294  -1 -4  0 -9 
172 319   1 -3  0 -9 
172 392   1 -6  0 -9 
173 258  -1 -5  0 -9 
173 296  -1 -4  0 -9 
173 320   1 -3  0 -9 
173 393   1 -6  0 -9 
174 130   1 -7  0 -9 
174 174  -1 -6  0 -9 
174 367   1 -7  0 -9 
175 175  -1 -6  0 -9 
175 368   1 -7  0 -9 
176 176  -1 -6  0 -9 
176 369   1 -7  0 -9 
177 177  -1 -6  0 -9 
177 370   1 -7  0 -9 
178 178  -1 -6  0 -9 
178 371   1 -7  0 -9 
179 179  -1 -6  0 -9 
179 372   1 -7  0 -9 
180 180  -1 -6  0 -9 
180 373   1 -7  0 -9 
181 181  -1 -6  0 -9 
181 374   1 -7  0 -9 
182 182  -1 -6  0 -9 
182 375   1 -7  0 -9 
183 183  -1 -6  0 -9 
183 376   1 -7  0 -9 
184 178  -1 -5  0 -9 
184 201   1 -6  0 -9 
184 259  -1 -5  0 -9 
184 285  -1 -4  0 -9 
184 331   1 -3  0 -9 
184 352  -1 -4  0 -9 
184 371   1 -6  0 -9 
184 394   1 -6  0 -9 
185 260  -1 -5  0 -9 
185 294  -1 -4  0 -9 
185 332   1 -3  0 -9 
185 353  -1 -4  0 -9 
185 395   1 -6  0 -9 
186 261  -1 -5  0 -9 
186 295  -1 -4  0 -9 
186 333   1 -3  0 -9 
186 354  -1 -4  0 -9 
186 396   1 -6  0 -9 
187 262  -1 -5  0 -9 
187 296  -1 -4  0 -9 
187 334   1 -3  0 -9 
187 355  -1 -4  0 -9 
187 397   1 -6  0 -9 
188 179  -1 -5  0 -9 
188 263  -1 -5  0 -9 
188 335   1 -3  0 -9 
188 356  -1 -4  0 -9 
188 372   1 -6  0 -9 
188 398   1 -6  0 -9 
189 180  -1 -5  0 -9 
189 264  -1 -5  0 -9 
189 336   1 -3  0 -9 
189 357  -1 -4  0 -9 
189 373   1 -6  0 -9 
189 399   1 -6  0 -9 
190 181  -1 -5  0 -9 
190 265  -1 -5  0 -9 
190 337   1 -3  0 -9 
190 358  -1 -4  0 -9 
190 374   1 -6  0 -9 
190 400   1 -6  0 -9 
191 266  -1 -5  0 -9 
191 338   1 -3  0 -9 
191 359  -1 -4  0 -9 
191 401   1 -6  0 -9 
192 267  -1 -5  0 -9 
192 339   1 -3  0 -9 
192 360  -1 -4  0 -9 
192 402   1 -6  0 -9 
193 193   1 -8  0 -9 
194 194   1 -8  0 -9 
195 195   1 -8  0 -9 
196 196   1 -8  0 -9 
197 197   1 -8  0 -9 
198 198   1 -8  0 -9 
199 199   1 -8  0 -9 
200 200   1 -8  0 -9 
201 201   1 -8  0 -9 
202 202   1 -8  0 -9 
203 203   1 -8  0 -9 
204 204   1 -8  0 -9 
205 205   1 -8  0 -9 
206 206   1 -8  0 -9 
207 207   1 -8  0 -9 
208 208   1 -8  0 -9 
209 209   1 -8  0 -9 
210 210   1 -8  0 -9 
211 211   1 -8  0 -9 
212 212   1 -8  0 -9 
213 213   1 -8  0 -9 
214 214   1 -8  0 -9 
215 215   1 -8  0 -9 
216 216   1 -8  0 -9 
217 193   1 -7  0 -9 
217 195   1 -7  0 -9 
217 217  -1 -6  0 -9 
218 194   1 -7  0 -9 
218 196   1 -7  0 -9 
218 218  -1 -6  0 -9 
219 197   1 -7  0 -9 
219 219  -1 -6  0 -9 
220 198   1 -7  0 -9 
220 220  -1 -6  0 -9 
221 199   1 -7  0 -9 
221 221  -1 -6  0 -9 
222 200   1 -7  0 -9 
222 222  -1 -6  0 -9 
223 195   1 -7  0 -9 
223 201   1 -7  0 -9 
223 223  -1 -6  0 -9 
224 202   1 -7  0 -9 
224 224  -1 -6  0 -9 
225 196   1 -7  0 -9 
225 203   1 -7  0 -9 
225 225  -1 -6  0 -9 
226 204   1 -7  0 -9 
226 226  -1 -6  0 -9 
227 201   1 -7  0 -9 
227 227  -1 -6  0 -9 
228 203   1 -7  0 -9 
228 228  -1 -6  0 -9 
229 205   1 -7  0 -9 
229 229  -1 -6  0 -9 
230 206   1 -7  0 -9 
230 230  -1 -6  0 -9 
231 207   1 -7  0 -9 
231 231  -1 -6  0 -9 
232 208   1 -7  0 -9 
232 232  -1 -6  0 -9 
233 209   1 -7  0 -9 
233 233  -1 -6  0 -9 
234 210   1 -7  0 -9 
234 234  -1 -6  0 -9 
235 196   1 -7  0 -9 
235 205   1 -7  0 -9 
235 211   1 -7  0 -9 
235 235  -1 -6  0 -9 
236 212   1 -7  0 -9 
236 236  -1 -6  0 -9 
237 213   1 -7  0 -9 
237 237  -1 -6  0 -9 
238 211   1 -7  0 -9 
238 214   1 -7  0 -9 
238 238  -1 -6  0 -9 
239 215   1 -7  0 -9 
239 239  -1 -6  0 -9 
240 214   1 -7  0 -9 
240 240  -1 -6  0 -9 
241 216   1 -7  0 -9 
241 241  -1 -6  0 -9 
242 195   1 -7  0 -9 
242 201   1 -7  0 -9 
242 209   1 -7  0 -9 
242 242  -1 -6  0 -9 
242 377   1 -7  0 -9 
243 202   1 -7  0 -9 
243 210   1 -7  0 -9 
243 243  -1 -6  0 -9 
243 378   1 -7  0 -9 
244 196   1 -7  0 -9 
244 211   1 -7  0 -9 
244 244  -1 -6  0 -9 
244 379   1 -7  0 -9 
245 212   1 -7  0 -9 
245 245  -1 -6  0 -9 
245 380   1 -7  0 -9 
246 213   1 -7  0 -9 
246 246  -1 -6  0 -9 
246 381   1 -7  0 -9 
247 203   1 -7  0 -9 
247 214   1 -7  0 -9 
247 247  -1 -6  0 -9 
247 382   1 -7  0 -9 
248 201   1 -7  0 -9 
248 204   1 -7  0 -9 
248 215   1 -7  0 -9 
248 248  -1 -6  0 -9 
248 383   1 -7  0 -9 
249 216   1 -7  0 -9 
249 249  -1 -6  0 -9 
249 384   1 -7  0 -9 
250 250  -1 -6  0 -9 
250 385   1 -7  0 -9 
251 251  -1 -6  0 -9 
251 386   1 -7  0 -9 
252 252  -1 -6  0 -9 
252 387   1 -7  0 -9 
253 253  -1 -6  0 -9 
253 388   1 -7  0 -9 
254 254  -1 -6  0 -9 
254 389   1 -7  0 -9 
255 255  -1 -6  0 -9 
255 390   1 -7  0 -9 
256 256  -1 -6  0 -9 
256 391   1 -7  0 -9 
257 257  -1 -6  0 -9 
257 392   1 -7  0 -9 
258 258  -1 -6  0 -9 
258 393   1 -7  0 -9 
259 201   1 -7  0 -9 
259 259  -1 -6  0 -9 
259 394   1 -7  0 -9 
260 260  -1 -6  0 -9 
260 395   1 -7  0 -9 
261 261  -1 -6  0 -9 
261 396   1 -7  0 -9 
262 262  -1 -6  0 -9 
262 397   1 -7  0 -9 
263 263  -1 -6  0 -9 
263 398   1 -7  0 -9 
264 264  -1 -6  0 -9 
264 399   1 -7  0 -9 
265 265  -1 -6  0 -9 
265 400   1 -7  0 -9 
266 266  -1 -6  0 -9 
266 401   1 -7  0 -9 
267 267  -1 -6  0 -9 
267 402   1 -7  0 -9 
268 211   1 -7  0 -9 
268 268  -1 -6  0 -9 
268 403   1 -7  0 -9 
269 214   1 -7  0 -9 
269 269  -1 -6  0 -9 
269 404   1 -7  0 -9 
270 215   1 -7  0 -9 
270 270  -1 -6  0 -9 
270 405   1 -7  0 -9 
271 271  -1 -6  0 -9 
271 406   1 -7  0 -9 
272 272  -1 -6  0 -9 
272 407   1 -7  0 -9 
273 273  -1 -6  0 -9 
273 408   1 -7  0 -9 
274 274  -1 -6  0 -9 
274 409   1 -7  0 -9 
275 275  -1 -6  0 -9 
275 410   1 -7  0 -9 
276 129   1 -7  0 -9 
276 276  -1 -6  0 -9 
277 130   1 -7  0 -9 
277 277  -1 -6  0 -9 
277 340   1 -7  0 -9 
278 131   1 -7  0 -9 
278 278  -1 -6  0 -9 
278 341   1 -7  0 -9 
279 279  -1 -6  0 -9 
279 361   1 -7  0 -9 
280 280  -1 -6  0 -9 
280 362   1 -7  0 -9 
281 281  -1 -6  0 -9 
281 363   1 -7  0 -9 
282 282  -1 -6  0 -9 
282 364   1 -7  0 -9 
283 283  -1 -6  0 -9 
283 365   1 -7  0 -9 
284 284  -1 -6  0 -9 
284 366   1 -7  0 -9 
285 285  -1 -6  0 -9 
285 367   1 -7  0 -9 
286 286  -1 -6  0 -9 
286 368   1 -7  0 -9 
287 287  -1 -6  0 -9 
287 369   1 -7  0 -9 
288 288  -1 -6  0 -9 
288 370   1 -7  0 -9 
289 289  -1 -6  0 -9 
289 377   1 -7  0 -9 
290 290  -1 -6  0 -9 
290 378   1 -7  0 -9 
291 291  -1 -6  0 -9 
291 379   1 -7  0 -9 
292 292  -1 -6  0 -9 
292 380   1 -7  0 -9 
293 293  -1 -6  0 -9 
293 381   1 -7  0 -9 
294 294  -1 -6  0 -9 
294 382   1 -7  0 -9 
295 295  -1 -6  0 -9 
295 383   1 -7  0 -9 
296 296  -1 -6  0 -9 
296 384   1 -7  0 -9 
297 28   1 -3  0 -9 
297 51  -1 -5  0 -9 
297 129   1 -6  0 -9 
297 130   1 -6  0 -9 
297 150  -1 -5  0 -9 
297 276  -1 -5  0 -9 
297 277  -1 -5  0 -9 
297 340   1 -6  0 -9 
298 29   1 -3  0 -9 
298 52  -1 -5  0 -9 
298 131   1 -6  0 -9 
298 151  -1 -5  0 -9 
298 278  -1 -5  0 -9 
298 341   1 -6  0 -9 
299 52  -1 -4  0 -9 
299 53   1 -3  0 -9 
299 130   1 -6  0 -9 
299 152  -1 -5  0 -9 
299 277  -1 -5  0 -9 
299 340   1 -6  0 -9 
300 30   1 -3  0 -9 
300 153  -1 -5  0 -9 
300 279  -1 -5  0 -9 
300 361   1 -6  0 -9 
301 31   1 -3  0 -9 
301 154  -1 -5  0 -9 
301 280  -1 -5  0 -9 
301 362   1 -6  0 -9 
302 32   1 -3  0 -9 
302 155  -1 -5  0 -9 
302 281  -1 -5  0 -9 
302 363   1 -6  0 -9 
303 33   1 -3  0 -9 
303 156  -1 -5  0 -9 
303 282  -1 -5  0 -9 
303 364   1 -6  0 -9 
304 34   1 -3  0 -9 
304 157  -1 -5  0 -9 
304 283  -1 -5  0 -9 
304 365   1 -6  0 -9 
305 35   1 -3  0 -9 
305 158  -1 -5  0 -9 
305 284  -1 -5  0 -9 
305 366   1 -6  0 -9 
306 130  -1 -4  1 -6  0 -9 
306 155  -1 -4  0 -9 
306 159   1 -3  0 -9 
306 178  -1 -4  0 -9 
306 223  -1 -4  0 -9 
306 277  -1 -5  0 -9 
306 279  -1 -5  0 -9 
306 285  -1 -5  0 -9 
306 340   1 -6  0 -9 
306 361   1 -6  0 -9 
306 367   1 -6  0 -9 
307 152  -1 -4  0 -9 
307 156  -1 -4  0 -9 
307 160   1 -3  0 -9 
307 179  -1 -4  0 -9 
307 224  -1 -4  0 -9 
307 286  -1 -5  0 -9 
307 368   1 -6  0 -9 
308 157  -1 -4  0 -9 
308 161   1 -3  0 -9 
308 180  -1 -4  0 -9 
308 225  -1 -4  0 -9 
308 280  -1 -5  0 -9 
308 287  -1 -5  0 -9 
308 362   1 -6  0 -9 
308 369   1 -6  0 -9 
309 158  -1 -4  0 -9 
309 162   1 -3  0 -9 
309 181  -1 -4  0 -9 
309 226  -1 -4  0 -9 
309 288  -1 -5  0 -9 
309 370   1 -6  0 -9 
310 163   1 -3  0 -9 
310 182  -1 -4  0 -9 
310 227  -1 -4  0 -9 
310 285  -1 -5  0 -9 
310 367   1 -6  0 -9 
311 164   1 -3  0 -9 
311 183  -1 -4  0 -9 
311 228  -1 -4  0 -9 
311 287  -1 -5  0 -9 
311 369   1 -6  0 -9 
312 165   1 -3  0 -9 
312 250  -1 -4  0 -9 
312 289  -1 -5  0 -9 
312 377   1 -6  0 -9 
313 166   1 -3  0 -9 
313 251  -1 -4  0 -9 
313 290  -1 -5  0 -9 
313 378   1 -6  0 -9 
314 167   1 -3  0 -9 
314 252  -1 -4  0 -9 
314 291  -1 -5  0 -9 
314 379   1 -6  0 -9 
315 168   1 -3  0 -9 
315 253  -1 -4  0 -9 
315 292  -1 -5  0 -9 
315 380   1 -6  0 -9 
316 169   1 -3  0 -9 
316 254  -1 -4  0 -9 
316 293  -1 -5  0 -9 
316 381   1 -6  0 -9 
317 170   1 -3  0 -9 
317 255  -1 -4  0 -9 
317 291  -1 -5  0 -9 
317 294  -1 -5  0 -9 
317 379   1 -6  0 -9 
317 382   1 -6  0 -9 
318 171   1 -3  0 -9 
318 256  -1 -4  0 -9 
318 295  -1 -5  0 -9 
318 383   1 -6  0 -9 
319 172   1 -3  0 -9 
319 257  -1 -4  0 -9 
319 294  -1 -5  0 -9 
319 382   1 -6  0 -9 
320 173   1 -3  0 -9 
320 258  -1 -4  0 -9 
320 296  -1 -5  0 -9 
320 384   1 -6  0 -9 
321 47   1 -3  0 -9 
321 51  -1 -5  0 -9 
321 130   1 -6  0 -9 
321 174  -1 -5  0 -9 
321 277  -1 -5  0 -9 
321 285  -1 -5  0 -9 
321 340   1 -6  0 -9 
321 342   1 -7  0 -9 
321 367   1 -6  0 -9 
322 48   1 -3  0 -9 
322 175  -1 -5  0 -9 
322 286  -1 -5  0 -9 
322 343   1 -7  0 -9 
322 368   1 -6  0 -9 
323 49   1 -3  0 -9 
323 176  -1 -5  0 -9 
323 287  -1 -5  0 -9 
323 344   1 -7  0 -9 
323 369   1 -6  0 -9 
324 50   1 -3  0 -9 
324 177  -1 -5  0 -9 
324 288  -1 -5  0 -9 
324 345   1 -7  0 -9 
324 370   1 -6  0 -9 
325 54   1 -3  0 -9 
325 178  -1 -5  0 -9 
325 342   1 -6  0 -9 
325 346  -1 -5  0 -9 
325 371   1 -6  0 -9 
326 55   1 -3  0 -9 
326 179  -1 -5  0 -9 
326 343   1 -6  0 -9 
326 347  -1 -5  0 -9 
326 372   1 -6  0 -9 
327 56   1 -3  0 -9 
327 180  -1 -5  0 -9 
327 344   1 -6  0 -9 
327 348  -1 -5  0 -9 
327 373   1 -6  0 -9 
328 57   1 -3  0 -9 
328 181  -1 -5  0 -9 
328 345   1 -6  0 -9 
328 349  -1 -5  0 -9 
328 374   1 -6  0 -9 
329 52  -1 -5  0 -9 
329 58   1 -3  0 -9 
329 182  -1 -5  0 -9 
329 341   1 -6  0 -9 
329 342   1 -6  0 -9 
329 350  -1 -5  0 -9 
329 375   1 -6  0 -9 
330 59   1 -3  0 -9 
330 183  -1 -5  0 -9 
330 344   1 -6  0 -9 
330 351  -1 -5  0 -9 
330 376   1 -6  0 -9 
331 178  -1 -4  0 -9 
331 184   1 -3  0 -9 
331 259  -1 -4  0 -9 
331 285  -1 -5  0 -9 
331 352  -1 -5  0 -9 
331 367   1 -6  0 -9 
331 411   1 -6  0 -9 
332 185   1 -3  0 -9 
332 260  -1 -4  0 -9 
332 294  -1 -5  0 -9 
332 353  -1 -5  0 -9 
332 382   1 -6  0 -9 
332 412   1 -6  0 -9 
333 186   1 -3  0 -9 
333 261  -1 -4  0 -9 
333 295  -1 -5  0 -9 
333 354  -1 -5  0 -9 
333 383   1 -6  0 -9 
333 413   1 -6  0 -9 
334 187   1 -3  0 -9 
334 262  -1 -4  0 -9 
334 296  -1 -5  0 -9 
334 355  -1 -5  0 -9 
334 384   1 -6  0 -9 
334 414   1 -6  0 -9 
335 179  -1 -4  0 -9 
335 188   1 -3  0 -9 
335 263  -1 -4  0 -9 
335 356  -1 -5  0 -9 
335 415   1 -6  0 -9 
336 180  -1 -4  0 -9 
336 189   1 -3  0 -9 
336 264  -1 -4  0 -9 
336 357  -1 -5  0 -9 
336 416   1 -6  0 -9 
337 181  -1 -4  0 -9 
337 190   1 -3  0 -9 
337 265  -1 -4  0 -9 
337 358  -1 -5  0 -9 
337 417   1 -6  0 -9 
338 191   1 -3  0 -9 
338 266  -1 -4  0 -9 
338 359  -1 -5  0 -9 
338 418   1 -6  0 -9 
339 192   1 -3  0 -9 
339 267  -1 -4  0 -9 
339 360  -1 -5  0 -9 
339 419   1 -6  0 -9 
340 340   1 -8  0 -9 
341 341   1 -8  0 -9 
342 342   1 -8  0 -9 
343 343   1 -8  0 -9 
344 344   1 -8  0 -9 
345 345   1 -8  0 -9 
346 342   1 -7  0 -9 
346 346  -1 -6  0 -9 
346 371   1 -7  0 -9 
347 343   1 -7  0 -9 
347 347  -1 -6  0 -9 
347 372   1 -7  0 -9 
348 344   1 -7  0 -9 
348 348  -1 -6  0 -9 
348 373   1 -7  0 -9 
349 345   1 -7  0 -9 
349 349  -1 -6  0 -9 
349 374   1 -7  0 -9 
350 341   1 -7  0 -9 
350 342   1 -7  0 -9 
350 350  -1 -6  0 -9 
350 375   1 -7  0 -9 
351 344   1 -7  0 -9 
351 351  -1 -6  0 -9 
351 376   1 -7  0 -9 
352 352  -1 -6  0 -9 
352 411   1 -7  0 -9 
353 353  -1 -6  0 -9 
353 412   1 -7  0 -9 
354 354  -1 -6  0 -9 
354 413   1 -7  0 -9 
355 355  -1 -6  0 -9 
355 414   1 -7  0 -9 
356 356  -1 -6  0 -9 
356 415   1 -7  0 -9 
357 357  -1 -6  0 -9 
357 416   1 -7  0 -9 
358 358  -1 -6  0 -9 
358 417   1 -7  0 -9 
359 359  -1 -6  0 -9 
359 418   1 -7  0 -9 
360 360  -1 -6  0 -9 
360 419   1 -7  0 -9 
361 361   1 -8  0 -9 
362 362   1 -8  0 -9 
363 363   1 -8  0 -9 
364 364   1 -8  0 -9 
365 365   1 -8  0 -9 
366 366   1 -8  0 -9 
367 367   1 -8  0 -9 
368 368   1 -8  0 -9 
369 369   1 -8  0 -9 
370 370   1 -8  0 -9 
371 371   1 -8  0 -9 
372 372   1 -8  0 -9 
373 373   1 -8  0 -9 
374 374   1 -8  0 -9 
375 375   1 -8  0 -9 
376 376   1 -8  0 -9 
377 377   1 -8  0 -9 
378 378   1 -8  0 -9 
379 379   1 -8  0 -9 
380 380   1 -8  0 -9 
381 381   1 -8  0 -9 
382 382   1 -8  0 -9 
383 383   1 -8  0 -9 
384 384   1 -8  0 -9 
385 385   1 -8  0 -9 
386 386   1 -8  0 -9 
387 387   1 -8  0 -9 
388 388   1 -8  0 -9 
389 389   1 -8  0 -9 
390 390   1 -8  0 -9 
391 391   1 -8  0 -9 
392 392   1 -8  0 -9 
393 393   1 -8  0 -9 
394 394   1 -8  0 -9 
395 395   1 -8  0 -9 
396 396   1 -8  0 -9 
397 397   1 -8  0 -9 
398 398   1 -8  0 -9 
399 399   1 -8  0 -9 
400 400   1 -8  0 -9 
401 401   1 -8  0 -9 
402 402   1 -8  0 -9 
403 403   1 -8  0 -9 
404 404   1 -8  0 -9 
405 405   1 -8  0 -9 
406 406   1 -8  0 -9 
407 407   1 -8  0 -9 
408 408   1 -8  0 -9 
409 409   1 -8  0 -9 
410 410   1 -8  0 -9 
411 411   1 -8  0 -9 
412 412   1 -8  0 -9 
413 413   1 -8  0 -9 
414 414   1 -8  0 -9 
415 415   1 -8  0 -9 
416 416   1 -8  0 -9 
417 417   1 -8  0 -9 
418 418   1 -8  0 -9 
419 419   1 -8  0 -9 
420 420   1 -8  0 -9 
421 421   1 -8  0 -9 
422 422   1 -8  0 -9 
423 423   1 -8  0 -9 
9999 9999
