 0  1   1 -3  0 -9 
 0  5  -1 -4  0 -9 
 0  9  -1 -4  0 -9 
 0 11   1 -5  0 -9 
 1  0   1 -3  0 -9 
 1  3   1 -6  0 -9 
 1  5  -1 -5  0 -9 
 1  9  -1 -5  0 -9 
 1 11   1 -6  0 -9 
 2  6  -1 -5  0 -9 
 2  9  -1 -4  0 -9 
 2 10   1 -3  0 -9 
 2 12   1 -6  0 -9 
 3  3   1 -8  0 -9 
 4  4   1 -8  0 -9 
 5  3   1 -7  0 -9 
 5  5  -1 -6  0 -9 
 5 11   1 -7  0 -9 
 6  6  -1 -6  0 -9 
 6 12   1 -7  0 -9 
 7  4   1 -7  0 -9 
 7  7  -1 -6  0 -9 
 7 13   1 -7  0 -9 
 8  8  -1 -6  0 -9 
 8 14   1 -7  0 -9 
 9  9  -1 -6  0 -9 
 9 11   1 -7  0 -9 
10  2   1 -3  0 -9 
10  6  -1 -4  0 -9 
10  9  -1 -5  0 -9 
10 11   1 -6  0 -9 
11 11   1 -8  0 -9 
12 12   1 -8  0 -9 
13 13   1 -8  0 -9 
14 14   1 -8  0 -9 
15  0  -1 -1  0 -9 
15  1   1 -2  0 -9 
15  3  -1 -4  0 -9 
15  9  -1 -3  0 -9 
15 15   1  0  0 -9 
15 16  -1 -1  0 -9 
15 18   1 -3  0 -9 
15 20  -1 -4  0 -9 
15 24   1 -2  0 -9 
15 27   1 -5  0 -9 
16  9  -1 -4  0 -9 
16 20  -1 -5  0 -9 
16 24   1 -3  0 -9 
16 27   1 -6  0 -9 
17 21  -1 -5  0 -9 
17 25   1 -3  0 -9 
17 26  -1 -4  0 -9 
17 28   1 -6  0 -9 
18  3   1 -7  0 -9 
18 18  -1 -6  0 -9 
19  4   1 -7  0 -9 
19 19  -1 -6  0 -9 
20 20  -1 -6  0 -9 
20 27   1 -7  0 -9 
21 21  -1 -6  0 -9 
21 28   1 -7  0 -9 
22 22  -1 -6  0 -9 
22 29   1 -7  0 -9 
23 23  -1 -6  0 -9 
23 30   1 -7  0 -9 
24  9  -1 -5  0 -9 
24 11   1 -6  0 -9 
24 16   1 -3  0 -9 
24 20  -1 -4  0 -9 
25 17   1 -3  0 -9 
25 21  -1 -4  0 -9 
25 26  -1 -5  0 -9 
25 31   1 -6  0 -9 
26 26  -1 -6  0 -9 
26 31   1 -7  0 -9 
27 27   1 -8  0 -9 
28 28   1 -8  0 -9 
29 29   1 -8  0 -9 
30 30   1 -8  0 -9 
31 31   1 -8  0 -9 
32 32   1 -8  0 -9 
33  3   1 -5  0 -9 
33  5  -1 -4  0 -9 
33 35  -1 -4  0 -9 
33 37   1 -3  0 -9 
33 41  -1 -4  0 -9 
33 45   1 -5  0 -9 
34  0  -1 -1  0 -9 
34  1   1 -2  0 -9 
34  2  -1 -1  0 -9 
34  5  -1 -3  0 -9 
34  6   1 -2 -1 -4  0 -9 
34  9  -1 -3  0 -9 
34 10   1 -2  0 -9 
34 12   1 -5  0 -9 
34 33  -1 -1  0 -9 
34 34   1  0  0 -9 
34 35  -1 -3  0 -9 
34 37   1 -2  0 -9 
34 38  -1 -1  0 -9 
34 41  -1 -3  0 -9 
34 42   1 -2  0 -9 
34 45   1 -4  0 -9 
34 46  -1 -3  0 -9 
35  3   1 -7  0 -9 
35 35  -1 -6  0 -9 
35 45   1 -7  0 -9 
36  4   1 -7  0 -9 
36 36  -1 -6  0 -9 
36 47   1 -7  0 -9 
37  3   1 -6  0 -9 
37  5  -1 -5  0 -9 
37 11   1 -6  0 -9 
37 33   1 -3  0 -9 
37 35  -1 -5  0 -9 
37 41  -1 -5  0 -9 
37 45   1 -6  0 -9 
38  6  -1 -5  0 -9 
38 12   1 -6  0 -9 
38 35  -1 -4  0 -9 
38 41  -1 -4  0 -9 
38 42   1 -3  0 -9 
38 45   1 -5  0 -9 
38 46  -1 -4  0 -9 
39  4   1 -6  0 -9 
39  7  -1 -5  0 -9 
39 13   1 -6  0 -9 
39 36  -1 -5  0 -9 
39 43   1 -3  0 -9 
39 47   1 -6  0 -9 
39 50  -1 -4  0 -9 
40  8  -1 -5  0 -9 
40 14   1 -6  0 -9 
40 36  -1 -4  0 -9 
40 44   1 -3  0 -9 
40 47   1 -5  0 -9 
40 51  -1 -4  0 -9 
41 41  -1 -6  0 -9 
41 45   1 -7  0 -9 
42  3   1 -6  0 -9 
42  6  -1 -4  0 -9 
42 35  -1 -5  0 -9 
42 38   1 -3  0 -9 
42 41  -1 -5  0 -9 
42 45   1 -6  0 -9 
42 46   1 -7  0 -9 
43  4   1 -5  0 -9 
43  7  -1 -4  0 -9 
43 36  -1 -4  0 -9 
43 39   1 -3  0 -9 
43 48   1 -6  0 -9 
43 50  -1 -5  0 -9 
44  4   1 -6  0 -9 
44  8  -1 -4  0 -9 
44 36  -1 -5  0 -9 
44 40   1 -3  0 -9 
44 46   1 -6  0 -9 
44 47   1 -6  0 -9 
44 49   1 -6  0 -9 
44 51  -1 -5  0 -9 
45 45   1 -8  0 -9 
46 46   1 -8  0 -9 
47 47   1 -8  0 -9 
48 48   1 -8  0 -9 
49 49   1 -8  0 -9 
50 48   1 -7  0 -9 
50 50  -1 -6  0 -9 
51 46   1 -7  0 -9 
51 47   1 -7  0 -9 
51 49   1 -7  0 -9 
51 51  -1 -6  0 -9 
52 49   1 -7  0 -9 
52 52  -1 -6  0 -9 
53  3  -1 -2  0 -9 
53  5   1 -1  0 -9 
53 11  -1 -2  0 -9 
53 18   1 -1  0 -9 
53 20  -1  0 -1 -2  0 -9 
53 27   1 -3  0 -9 
53 35   1 -1  0 -9 
53 37  -1  0  0 -9 
53 41   1 -1  0 -9 
53 45  -1 -2  0 -9 
53 53  -1  2  0 -9 
53 54  -1  0  0 -9 
53 56  -1  0  0 -9 
53 58   1  1  0 -9 
53 62  -1  0 -1 -2  0 -9 
53 66   1 -1  0 -9 
53 74   1  1  0 -9 
53 79  -1  0  0 -9 
53 83   1 -1  0 -9 
53 89  -1 -2  0 -9 
53 98   1 -1  0 -9 
53 102  -1 -2  0 -9 
53 108   1 -3  0 -9 
54 11  -1 -4  0 -9 
54 20  -1 -4  0 -9 
54 27   1 -5  0 -9 
54 62  -1 -4  0 -9 
54 98   1 -3  0 -9 
54 102  -1 -4  0 -9 
54 108   1 -5  0 -9 
55  0  -1  0  0 -9 
55  1   1 -1  0 -9 
55  2  -1  0  0 -9 
55  3  -1 -3  0 -9 
55  6   1 -1  0 -9 
55 11  -1 -3  0 -9 
55 15   1  1  0 -9 
55 16  -1  0  0 -9 
55 17   1  1  0 -9 
55 18   1 -2  0 -9 
55 20  -1 -3  0 -9 
55 21  -1  0 -1 -4  0 -9 
55 25   1 -2  0 -9 
55 26  -1 -3  0 -9 
55 27   1 -4  0 -9 
55 28   1 -5  0 -9 
55 33  -1  0  0 -9 
55 34   1  1  0 -9 
55 38  -1  0  0 -9 
55 42   1 -1  0 -9 
55 46  -1 -2  0 -9 
55 54   1  1  0 -9 
55 55  -1  2  0 -9 
55 59   1  1  0 -9 
55 62  -1 -3  0 -9 
55 63  -1  0  0 -9 
55 67   1 -1  0 -9 
55 75   1  1  0 -9 
55 76  -1  0  0 -9 
55 80  -1  0  0 -9 
55 84   1 -1  0 -9 
55 90  -1 -2  0 -9 
55 98   1 -2  0 -9 
55 102  -1 -3  0 -9 
55 108   1 -4  0 -9 
56  3   1 -6  0 -9 
56 18  -1 -5  0 -9 
56 35  -1 -5  0 -9 
56 45   1 -6  0 -9 
56 66  -1 -5  0 -9 
56 77   1 -3  0 -9 
56 89   1 -6  0 -9 
57  4   1 -6  0 -9 
57 19  -1 -5  0 -9 
57 36  -1 -5  0 -9 
57 47   1 -6  0 -9 
57 68  -1 -5  0 -9 
57 78   1 -3  0 -9 
57 91   1 -6  0 -9 
58  3  -1 -3  0 -9 
58  5   1 -2  0 -9 
58 11  -1 -3  0 -9 
58 18   1 -2  0 -9 
58 20  -1 -1 -1 -3 -1 -5  0 -9 
58 27   1 -4  1 -6  0 -9 
58 33   1 -2  0 -9 
58 35   1 -2 -1 -4  0 -9 
58 37  -1 -1  0 -9 
58 41   1 -2  0 -9 
58 45  -1 -3  0 -9 
58 54  -1 -1  0 -9 
58 56  -1 -1  0 -9 
58 58   1  0  0 -9 
58 62  -1 -1 -1 -3 -1 -5  0 -9 
58 66   1 -2  0 -9 
58 77   1 -2  0 -9 
58 79  -1 -1  0 -9 
58 83   1 -2  0 -9 
58 89  -1 -3  0 -9 
58 98   1 -2  0 -9 
58 102  -1 -3  0 -9 
58 108   1 -4  1 -6  0 -9 
59  6   1 -2  0 -9 
59 12  -1 -3  0 -9 
59 21  -1 -1 -1 -3 -1 -5  0 -9 
59 28   1 -4  1 -6  0 -9 
59 35  -1 -3  0 -9 
59 38  -1 -1  0 -9 
59 42   1 -2  0 -9 
59 46  -1 -3  0 -9 
59 59   1  0  0 -9 
59 62  -1 -4  0 -9 
59 63  -1 -1  0 -9 
59 67   1 -2  0 -9 
59 80  -1 -1  0 -9 
59 84   1 -2  0 -9 
59 90  -1 -3  0 -9 
59 99   1 -2  0 -9 
59 103  -1 -3  0 -9 
59 108   1 -5  0 -9 
60  4  -1 -3  0 -9 
60  7   1 -2  0 -9 
60 13  -1 -3  0 -9 
60 19   1 -2  0 -9 
60 22  -1 -1 -1 -3 -1 -5  0 -9 
60 29   1 -4  1 -6  0 -9 
60 36   1 -2 -1 -4  0 -9 
60 39  -1 -1  0 -9 
60 43   1 -2  0 -9 
60 47   1 -5  0 -9 
60 48  -1 -4  0 -9 
60 57  -1 -1  0 -9 
60 60   1  0  0 -9 
60 64  -1 -1  0 -9 
60 68  -1 -4  0 -9 
60 69   1 -3  0 -9 
60 71  -1 -4  0 -9 
60 78   1 -2  0 -9 
60 81  -1 -1  0 -9 
60 85   1 -2  0 -9 
60 91   1 -5  0 -9 
60 92  -1 -4  0 -9 
60 100   1 -2  0 -9 
60 104  -1 -3  0 -9 
60 109   1 -5  0 -9 
61  8   1 -2  0 -9 
61 14  -1 -3  0 -9 
61 23  -1 -1 -1 -3 -1 -5  0 -9 
61 30   1 -4  1 -6  0 -9 
61 36  -1 -3  0 -9 
61 40  -1 -1  0 -9 
61 44   1 -2  0 -9 
61 46  -1 -4  0 -9 
61 49  -1 -4  0 -9 
61 61   1  0  0 -9 
61 65  -1 -1  0 -9 
61 67   1 -3  0 -9 
61 70   1 -3  0 -9 
61 72  -1 -4  0 -9 
61 82  -1 -1  0 -9 
61 86   1 -2  0 -9 
61 90  -1 -4  0 -9 
61 93  -1 -4  0 -9 
61 101   1 -2  0 -9 
61 105  -1 -3  0 -9 
61 110   1 -5  0 -9 
62 62  -1 -6  0 -9 
62 108   1 -7  0 -9 
63  3   1 -5  0 -9 
63 12  -1 -4  0 -9 
63 18  -1 -4  0 -9 
63 21  -1 -4  0 -9 
63 28   1 -5  0 -9 
63 35  -1 -4  0 -9 
63 46   1 -6  0 -9 
63 62  -1 -5  0 -9 
63 67  -1 -5  0 -9 
63 90   1 -6  0 -9 
63 99   1 -3  0 -9 
63 103  -1 -4  0 -9 
63 108   1 -6  0 -9 
64 13  -1 -4  0 -9 
64 22  -1 -4  0 -9 
64 29   1 -5  0 -9 
64 71  -1 -5  0 -9 
64 100   1 -3  0 -9 
64 104  -1 -4  0 -9 
64 109   1 -6  0 -9 
65  4   1 -5  0 -9 
65 14  -1 -4  0 -9 
65 19  -1 -4  0 -9 
65 23  -1 -4  0 -9 
65 30   1 -5  0 -9 
65 36  -1 -4  0 -9 
65 72  -1 -5  0 -9 
65 101   1 -3  0 -9 
65 105  -1 -4  0 -9 
65 110   1 -6  0 -9 
66 45   1 -7  0 -9 
66 66  -1 -6  0 -9 
66 89   1 -7  0 -9 
67 46   1 -7  0 -9 
67 67  -1 -6  0 -9 
67 90   1 -7  0 -9 
68 47   1 -7  0 -9 
68 68  -1 -6  0 -9 
68 91   1 -7  0 -9 
69 48   1 -7  0 -9 
69 69  -1 -6  0 -9 
69 92   1 -7  0 -9 
70 49   1 -7  0 -9 
70 70  -1 -6  0 -9 
70 93   1 -7  0 -9 
71 71  -1 -6  0 -9 
71 109   1 -7  0 -9 
72 72  -1 -6  0 -9 
72 110   1 -7  0 -9 
73 73  -1 -6  0 -9 
73 111   1 -7  0 -9 
74 11  -1 -3  0 -9 
74 20  -1 -3  0 -9 
74 27   1 -4  0 -9 
74 54  -1 -1  0 -9 
74 62  -1 -3  0 -9 
74 74   1  0  0 -9 
74 79  -1 -1  0 -9 
74 83   1 -2  0 -9 
74 89  -1 -3  0 -9 
74 98   1 -2  0 -9 
74 102  -1 -3  0 -9 
74 108   1 -4  0 -9 
75 21  -1 -3  0 -9 
75 28   1 -4  0 -9 
75 31  -1 -3  0 -9 
75 75   1  0  0 -9 
75 76  -1 -1  0 -9 
75 80  -1 -1  0 -9 
75 84   1 -2  0 -9 
75 87  -1 -3  0 -9 
75 90  -1 -3  0 -9 
75 103  -1 -3  0 -9 
75 106   1 -2  0 -9 
75 112   1 -4  0 -9 
76 21  -1 -4  0 -9 
76 28   1 -5  0 -9 
76 31  -1 -4  0 -9 
76 87  -1 -4  0 -9 
76 103  -1 -4  0 -9 
76 106   1 -3  0 -9 
76 112   1 -5  0 -9 
77  3   1 -5  0 -9 
77 18  -1 -4  0 -9 
77 35  -1 -4  0 -9 
77 45   1 -5  0 -9 
77 56   1 -3  0 -9 
77 66  -1 -4  0 -9 
78  4   1 -5  0 -9 
78 19  -1 -4  0 -9 
78 36  -1 -4  0 -9 
78 47   1 -5  0 -9 
78 57   1 -3  0 -9 
78 68  -1 -4  0 -9 
79 20  -1 -4  0 -9 
79 27   1 -5  0 -9 
79 62  -1 -4  0 -9 
79 83   1 -3  0 -9 
79 89  -1 -4  0 -9 
79 102  -1 -4  0 -9 
79 108   1 -5  0 -9 
80 21  -1 -4  0 -9 
80 28   1 -5  0 -9 
80 84   1 -3  0 -9 
80 87  -1 -4  0 -9 
80 90  -1 -4  0 -9 
80 103  -1 -4  0 -9 
80 112   1 -5  0 -9 
81 22  -1 -4  0 -9 
81 29   1 -5  0 -9 
81 85   1 -3  0 -9 
81 94  -1 -4  0 -9 
81 104  -1 -4  0 -9 
81 113   1 -5  0 -9 
82 23  -1 -4  0 -9 
82 30   1 -5  0 -9 
82 86   1 -3  0 -9 
82 95  -1 -4  0 -9 
82 105  -1 -4  0 -9 
82 114   1 -5  0 -9 
83 20  -1 -5  0 -9 
83 27   1 -6  0 -9 
83 62  -1 -5  0 -9 
83 79   1 -3  0 -9 
83 89   1 -7  0 -9 
83 102  -1 -5  0 -9 
83 108   1 -6  0 -9 
84 21  -1 -5  0 -9 
84 28   1 -6  0 -9 
84 80   1 -3  0 -9 
84 87  -1 -5  0 -9 
84 90   1 -7  0 -9 
84 103  -1 -5  0 -9 
84 112   1 -6  0 -9 
85 22  -1 -5  0 -9 
85 29   1 -6  0 -9 
85 81   1 -3  0 -9 
85 92   1 -6  0 -9 
85 94  -1 -5  0 -9 
85 104  -1 -5  0 -9 
85 113   1 -6  0 -9 
86 23  -1 -5  0 -9 
86 30   1 -6  0 -9 
86 82   1 -3  0 -9 
86 90   1 -6  0 -9 
86 93   1 -6  0 -9 
86 95  -1 -5  0 -9 
86 105  -1 -5  0 -9 
86 114   1 -6  0 -9 
87 87  -1 -6  0 -9 
87 112   1 -7  0 -9 
88 23  -1 -4  0 -9 
88 30   1 -5  0 -9 
88 32  -1 -4  0 -9 
88 96  -1 -5  0 -9 
88 105  -1 -4  0 -9 
88 107   1 -3  0 -9 
88 115   1 -6  0 -9 
89 89   1 -8  0 -9 
90 90   1 -8  0 -9 
91 91   1 -8  0 -9 
92 92   1 -8  0 -9 
93 93   1 -8  0 -9 
94 92   1 -7  0 -9 
94 94  -1 -6  0 -9 
94 113   1 -7  0 -9 
95 90   1 -7  0 -9 
95 93   1 -7  0 -9 
95 95  -1 -6  0 -9 
95 114   1 -7  0 -9 
96 96  -1 -6  0 -9 
96 115   1 -7  0 -9 
97 93   1 -7  0 -9 
97 97  -1 -6  0 -9 
97 116   1 -7  0 -9 
98 11   1 -7  0 -9 
98 20  -1 -5  0 -9 
98 27   1 -6  0 -9 
98 54   1 -3  0 -9 
98 62  -1 -5  0 -9 
98 102  -1 -5  0 -9 
98 108   1 -6  0 -9 
99  3   1 -6  0 -9 
99 12   1 -7  0 -9 
99 18  -1 -5  0 -9 
99 21  -1 -5  0 -9 
99 28   1 -6  0 -9 
99 35  -1 -5  0 -9 
99 45   1 -6  0 -9 
99 62  -1 -4  0 -9 
99 63   1 -3  0 -9 
99 67  -1 -4  0 -9 
99 103  -1 -5  0 -9 
99 112   1 -6  0 -9 
100 13   1 -7  0 -9 
100 22  -1 -5  0 -9 
100 29   1 -6  0 -9 
100 64   1 -3  0 -9 
100 71  -1 -4  0 -9 
100 104  -1 -5  0 -9 
100 113   1 -6  0 -9 
101  4   1 -6  0 -9 
101 14   1 -7  0 -9 
101 19  -1 -5  0 -9 
101 23  -1 -5  0 -9 
101 30   1 -6  0 -9 
101 36  -1 -5  0 -9 
101 47   1 -6  0 -9 
101 65   1 -3  0 -9 
101 72  -1 -4  0 -9 
101 105  -1 -5  0 -9 
101 114   1 -6  0 -9 
102 27   1 -7  0 -9 
102 102  -1 -6  0 -9 
102 108   1 -7  0 -9 
103 28   1 -7  0 -9 
103 103  -1 -6  0 -9 
103 112   1 -7  0 -9 
104 29   1 -7  0 -9 
104 104  -1 -6  0 -9 
104 113   1 -7  0 -9 
105 30   1 -7  0 -9 
105 105  -1 -6  0 -9 
105 114   1 -7  0 -9 
106 21  -1 -5  0 -9 
106 28   1 -6  0 -9 
106 31   1 -7  0 -9 
106 76   1 -3  0 -9 
106 87  -1 -5  0 -9 
106 103  -1 -5  0 -9 
106 112   1 -6  0 -9 
107 23  -1 -5  0 -9 
107 30   1 -6  0 -9 
107 32   1 -7  0 -9 
107 88   1 -3  0 -9 
107 96  -1 -4  0 -9 
107 105  -1 -5  0 -9 
107 114   1 -6  0 -9 
108 108   1 -8  0 -9 
109 109   1 -8  0 -9 
110 110   1 -8  0 -9 
111 111   1 -8  0 -9 
112 112   1 -8  0 -9 
113 113   1 -8  0 -9 
114 114   1 -8  0 -9 
115 115   1 -8  0 -9 
116 116   1 -8  0 -9 
117 66  -1 -4  0 -9 
117 89   1 -5  0 -9 
117 123  -1 -4  0 -9 
117 143   1 -3  0 -9 
117 151  -1 -4  0 -9 
117 160   1 -5  0 -9 
118 68  -1 -4  0 -9 
118 91   1 -5  0 -9 
118 125  -1 -4  0 -9 
118 145   1 -3  0 -9 
118 153  -1 -4  0 -9 
118 169   1 -5  0 -9 
119 41   1 -3  0 -9 
119 45  -1 -4  0 -9 
119 62  -1 -4  0 -9 
119 108   1 -5  0 -9 
119 117  -1 -1  0 -9 
119 119   1  0  0 -9 
119 133  -1 -1  0 -9 
119 137   1 -2  0 -9 
119 143   1 -2  0 -9 
119 151  -1 -3  0 -9 
120  6   1 -1  0 -9 
120 12  -1 -2  0 -9 
120 21  -1  0 -1 -2  0 -9 
120 28   1 -3  0 -9 
120 38  -1  0  0 -9 
120 41   1 -2  0 -9 
120 45  -1 -3  0 -9 
120 59   1  1  0 -9 
120 62  -1 -3  0 -9 
120 63  -1  0  0 -9 
120 67   1 -1  0 -9 
120 77  -1  0  0 -9 
120 80  -1  0  0 -9 
120 84   1 -1  0 -9 
120 90  -1 -2  0 -9 
120 99   1 -1  0 -9 
120 103  -1 -2  0 -9 
120 108   1 -4  0 -9 
120 117  -1  0  0 -9 
120 119   1  1  0 -9 
120 120  -1  2  0 -9 
120 133  -1  0  0 -9 
120 134   1  1  0 -9 
120 137   1 -1  0 -9 
120 138  -1  0  0 -9 
120 143   1 -1  0 -9 
120 144  -1  0  0 -9 
120 151  -1 -2  0 -9 
120 152   1 -1  0 -9 
121  4  -1 -2  0 -9 
121  7   1 -1  0 -9 
121 13  -1 -2  0 -9 
121 19   1 -1  0 -9 
121 22  -1  0 -1 -2  0 -9 
121 29   1 -3  0 -9 
121 36   1 -1  0 -9 
121 39  -1  0  0 -9 
121 48  -1 -3  0 -9 
121 50   1 -2  0 -9 
121 57  -1  0  0 -9 
121 60   1  1  0 -9 
121 64  -1  0  0 -9 
121 68  -1 -3  0 -9 
121 69   1 -2  0 -9 
121 71  -1 -3  0 -9 
121 81  -1  0  0 -9 
121 85   1 -1  0 -9 
121 91   1 -4  0 -9 
121 92  -1 -3  0 -9 
121 100   1 -1  0 -9 
121 104  -1 -2  0 -9 
121 109   1 -4  0 -9 
121 118   1  1  0 -9 
121 121  -1  2  0 -9 
121 125  -1 -3  0 -9 
121 126  -1  0  0 -9 
121 128   1  1  0 -9 
121 131   1 -1  0 -9 
121 135   1  1  0 -9 
121 139  -1  0  0 -9 
121 145   1 -2  0 -9 
121 148  -1  0  0 -9 
121 153  -1 -3  0 -9 
121 161   1 -1  0 -9 
121 169   1 -4  0 -9 
121 170  -1 -2  0 -9 
122  8   1 -1  0 -9 
122 14  -1 -2  0 -9 
122 23  -1  0 -1 -2  0 -9 
122 30   1 -3  0 -9 
122 40  -1  0  0 -9 
122 46  -1 -3  0 -9 
122 47  -1 -3  0 -9 
122 49  -1 -3  0 -9 
122 51   1 -2  0 -9 
122 61   1  1  0 -9 
122 65  -1  0  0 -9 
122 67   1 -2  0 -9 
122 70   1 -2  0 -9 
122 72  -1 -3  0 -9 
122 78  -1  0  0 -9 
122 82  -1  0  0 -9 
122 86   1 -1  0 -9 
122 90  -1 -3  0 -9 
122 93  -1 -3  0 -9 
122 101   1 -1  0 -9 
122 105  -1 -2  0 -9 
122 110   1 -4  0 -9 
122 118  -1  0  0 -9 
122 122  -1  2  0 -9 
122 123   1 -1  0 -9 
122 124  -1  0  0 -9 
122 125  -1  0 -1 -2  0 -9 
122 127  -1  0  0 -9 
122 129   1  1  0 -9 
122 132   1 -1  0 -9 
122 136   1  1  0 -9 
122 140  -1  0  0 -9 
122 145   1 -1  0 -9 
122 149  -1  0  0 -9 
122 153  -1 -2  0 -9 
122 160  -1 -2  0 -9 
122 162   1 -1  0 -9 
122 169   1 -3  0 -9 
122 171  -1 -2  0 -9 
123 123  -1 -6  0 -9 
123 160   1 -7  0 -9 
124 67  -1 -4  0 -9 
124 90   1 -5  0 -9 
124 123  -1 -5  0 -9 
124 144   1 -3  0 -9 
124 152  -1 -4  0 -9 
124 160   1 -6  0 -9 
125 125  -1 -6  0 -9 
125 169   1 -7  0 -9 
126 69  -1 -4  0 -9 
126 92   1 -5  0 -9 
126 125  -1 -5  0 -9 
126 131  -1 -5  0 -9 
126 146   1 -3  0 -9 
126 154  -1 -4  0 -9 
126 169   1 -6  0 -9 
126 170   1 -6  0 -9 
127 70  -1 -4  0 -9 
127 93   1 -5  0 -9 
127 132  -1 -5  0 -9 
127 147   1 -3  0 -9 
127 155  -1 -4  0 -9 
127 171   1 -6  0 -9 
128 48  -1 -4  0 -9 
128 50   1 -3  0 -9 
128 71  -1 -4  0 -9 
128 109   1 -5  0 -9 
128 125  -1 -4  0 -9 
128 126  -1 -1  0 -9 
128 128   1  0  0 -9 
128 131   1 -2  0 -9 
128 146   1 -2  0 -9 
128 148  -1 -1  0 -9 
128 154  -1 -3  0 -9 
128 161   1 -2  0 -9 
128 169   1 -5  0 -9 
128 170  -1 -3  0 -9 
129 46  -1 -4  0 -9 
129 47  -1 -4  0 -9 
129 49  -1 -4  0 -9 
129 51   1 -3  0 -9 
129 72  -1 -4  0 -9 
129 110   1 -5  0 -9 
129 118  -1 -1  0 -9 
129 123   1 -2  0 -9 
129 124  -1 -1  0 -9 
129 125  -1 -1 -1 -3 -1 -5  0 -9 
129 127  -1 -1  0 -9 
129 129   1  0  0 -9 
129 132   1 -2  0 -9 
129 144   1 -2  0 -9 
129 145   1 -2  0 -9 
129 147   1 -2  0 -9 
129 149  -1 -1  0 -9 
129 152  -1 -3  0 -9 
129 153  -1 -3  0 -9 
129 155  -1 -3  0 -9 
129 160  -1 -3  0 -9 
129 162   1 -2  0 -9 
129 169   1 -4  1 -6  0 -9 
129 171  -1 -3  0 -9 
130 49  -1 -4  0 -9 
130 52   1 -3  0 -9 
130 73  -1 -4  0 -9 
130 111   1 -5  0 -9 
130 127  -1 -1  0 -9 
130 130   1  0  0 -9 
130 131   1 -3  0 -9 
130 132  -1 -4  0 -9 
130 147   1 -2  0 -9 
130 150  -1 -1  0 -9 
130 155  -1 -3  0 -9 
130 163   1 -2  0 -9 
130 170  -1 -4  0 -9 
130 171   1 -5  0 -9 
131 131  -1 -6  0 -9 
131 170   1 -7  0 -9 
132 132  -1 -6  0 -9 
132 171   1 -7  0 -9 
133 62  -1 -5  0 -9 
133 108   1 -6  0 -9 
133 137   1 -3  0 -9 
133 151  -1 -4  0 -9 
134  3   1 -4  0 -9 
134 12  -1 -3  0 -9 
134 18  -1 -3  0 -9 
134 21  -1 -3  0 -9 
134 28   1 -4  0 -9 
134 35  -1 -3  0 -9 
134 46   1 -5  0 -9 
134 56   1 -2  0 -9 
134 62   1 -2 -1 -4  0 -9 
134 63  -1 -1  0 -9 
134 66  -1 -3  0 -9 
134 67   1 -2 -1 -4  0 -9 
134 77  -1 -1  0 -9 
134 80  -1 -1  0 -9 
134 84   1 -2  0 -9 
134 87  -1 -3  0 -9 
134 90  -1 -3  1 -5  0 -9 
134 99   1 -2  0 -9 
134 103  -1 -3  0 -9 
134 108   1 -5  0 -9 
134 117  -1 -1  0 -9 
134 123  -1 -3  0 -9 
134 124   1 -2  0 -9 
134 133  -1 -1  0 -9 
134 134   1  0  0 -9 
134 137   1 -2  0 -9 
134 138  -1 -1  0 -9 
134 141   1 -2  0 -9 
134 143   1 -2  0 -9 
134 144  -1 -1  0 -9 
134 151  -1 -3  0 -9 
134 152   1 -2 -1 -4  0 -9 
134 164   1 -5  0 -9 
135 13  -1 -3  0 -9 
135 22  -1 -3  0 -9 
135 29   1 -4  0 -9 
135 64  -1 -1  0 -9 
135 71   1 -2 -1 -4  0 -9 
135 81  -1 -1  0 -9 
135 85   1 -2  0 -9 
135 94  -1 -3  0 -9 
135 100   1 -2  0 -9 
135 104  -1 -3  0 -9 
135 109   1 -5  0 -9 
135 135   1  0  0 -9 
135 139  -1 -1  0 -9 
135 148  -1 -1  0 -9 
135 154  -1 -3  0 -9 
135 156   1 -2  0 -9 
135 161   1 -2  0 -9 
135 165  -1 -3  0 -9 
135 170  -1 -3  0 -9 
135 172   1 -4  0 -9 
136  4   1 -4  0 -9 
136 14  -1 -3  0 -9 
136 19  -1 -3  0 -9 
136 23  -1 -3  0 -9 
136 30   1 -4  0 -9 
136 36  -1 -3  0 -9 
136 57   1 -2  0 -9 
136 65  -1 -1  0 -9 
136 68  -1 -3  0 -9 
136 72   1 -2 -1 -4  0 -9 
136 78  -1 -1  0 -9 
136 82  -1 -1  0 -9 
136 86   1 -2  0 -9 
136 95  -1 -3  0 -9 
136 101   1 -2  0 -9 
136 105  -1 -3  0 -9 
136 110   1 -5  0 -9 
136 118  -1 -1  0 -9 
136 125  -1 -3  0 -9 
136 136   1  0  0 -9 
136 140  -1 -1  0 -9 
136 145   1 -2  0 -9 
136 149  -1 -1  0 -9 
136 152  -1 -3  0 -9 
136 153  -1 -3  0 -9 
136 155  -1 -3  0 -9 
136 157   1 -2  0 -9 
136 160  -1 -3  0 -9 
136 162   1 -2  0 -9 
136 164   1 -4  0 -9 
136 166  -1 -3  0 -9 
136 169   1 -4  0 -9 
136 171  -1 -3  0 -9 
136 173   1 -4  0 -9 
137 62  -1 -4  0 -9 
137 89   1 -6  0 -9 
137 133   1 -3  0 -9 
137 151  -1 -5  0 -9 
137 160   1 -6  0 -9 
138 87  -1 -4  0 -9 
138 90   1 -6  0 -9 
138 141   1 -3  0 -9 
138 152  -1 -5  0 -9 
138 164   1 -6  0 -9 
139 92   1 -5  0 -9 
139 94  -1 -4  0 -9 
139 154  -1 -4  0 -9 
139 156   1 -3  0 -9 
139 165  -1 -4  0 -9 
139 172   1 -5  0 -9 
140 90   1 -5  0 -9 
140 93   1 -5  0 -9 
140 95  -1 -4  0 -9 
140 152  -1 -4  0 -9 
140 155  -1 -4  0 -9 
140 157   1 -3  0 -9 
140 164   1 -5  0 -9 
140 166  -1 -4  0 -9 
140 173   1 -5  0 -9 
141 87  -1 -5  0 -9 
141 112   1 -6  0 -9 
141 138   1 -3  0 -9 
141 152  -1 -4  0 -9 
142 23  -1 -3  0 -9 
142 30   1 -4  0 -9 
142 32  -1 -3  0 -9 
142 82  -1 -1  0 -9 
142 86   1 -2  0 -9 
142 88  -1 -1  0 -9 
142 95  -1 -3  0 -9 
142 96   1 -2 -1 -4  0 -9 
142 105  -1 -3  0 -9 
142 107   1 -2  0 -9 
142 115   1 -5  0 -9 
142 140  -1 -1  0 -9 
142 142   1  0  0 -9 
142 152  -1 -3  0 -9 
142 155  -1 -3  0 -9 
142 157   1 -2  0 -9 
142 158  -1 -1  0 -9 
142 164   1 -4  0 -9 
142 166  -1 -3  0 -9 
142 167   1 -2  0 -9 
142 173   1 -4  0 -9 
142 174  -1 -3  0 -9 
143 45   1 -6  0 -9 
143 66  -1 -5  0 -9 
143 89   1 -6  0 -9 
143 117   1 -3  0 -9 
143 123  -1 -5  0 -9 
143 151  -1 -5  0 -9 
143 160   1 -6  0 -9 
144 46   1 -6  0 -9 
144 67  -1 -5  0 -9 
144 90   1 -6  0 -9 
144 123  -1 -4  0 -9 
144 124   1 -3  0 -9 
144 152  -1 -5  0 -9 
144 164   1 -6  0 -9 
145 47   1 -6  0 -9 
145 68  -1 -5  0 -9 
145 91   1 -6  0 -9 
145 118   1 -3  0 -9 
145 125  -1 -5  0 -9 
145 153  -1 -5  0 -9 
145 169   1 -6  0 -9 
146 48   1 -6  0 -9 
146 69  -1 -5  0 -9 
146 92   1 -6  0 -9 
146 125  -1 -4  0 -9 
146 126   1 -3  0 -9 
146 131  -1 -4  0 -9 
146 154  -1 -5  0 -9 
146 172   1 -6  0 -9 
147 49   1 -6  0 -9 
147 70  -1 -5  0 -9 
147 93   1 -6  0 -9 
147 127   1 -3  0 -9 
147 132  -1 -4  0 -9 
147 155  -1 -5  0 -9 
147 173   1 -6  0 -9 
148 71  -1 -5  0 -9 
148 109   1 -6  0 -9 
148 154  -1 -4  0 -9 
148 161   1 -3  0 -9 
148 165  -1 -4  0 -9 
148 170  -1 -4  0 -9 
148 172   1 -5  0 -9 
149 72  -1 -5  0 -9 
149 110   1 -6  0 -9 
149 125  -1 -4  0 -9 
149 152  -1 -4  0 -9 
149 153  -1 -4  0 -9 
149 155  -1 -4  0 -9 
149 160  -1 -4  0 -9 
149 162   1 -3  0 -9 
149 164   1 -5  0 -9 
149 166  -1 -4  0 -9 
149 169   1 -5  0 -9 
149 171  -1 -4  0 -9 
149 173   1 -5  0 -9 
150 73  -1 -5  0 -9 
150 111   1 -6  0 -9 
150 155  -1 -4  0 -9 
150 163   1 -3  0 -9 
150 173   1 -5  0 -9 
150 175  -1 -4  0 -9 
151 89   1 -7  0 -9 
151 151  -1 -6  0 -9 
151 160   1 -7  0 -9 
152 90   1 -7  0 -9 
152 152  -1 -6  0 -9 
152 164   1 -7  0 -9 
153 91   1 -7  0 -9 
153 153  -1 -6  0 -9 
153 169   1 -7  0 -9 
154 92   1 -7  0 -9 
154 154  -1 -6  0 -9 
154 172   1 -7  0 -9 
155 93   1 -7  0 -9 
155 155  -1 -6  0 -9 
155 173   1 -7  0 -9 
156 92   1 -6  0 -9 
156 94  -1 -5  0 -9 
156 113   1 -6  0 -9 
156 139   1 -3  0 -9 
156 154  -1 -5  0 -9 
156 165  -1 -5  0 -9 
156 172   1 -6  0 -9 
157 90   1 -6  0 -9 
157 93   1 -6  0 -9 
157 95  -1 -5  0 -9 
157 114   1 -6  0 -9 
157 140   1 -3  0 -9 
157 152  -1 -5  0 -9 
157 155  -1 -5  0 -9 
157 164   1 -6  0 -9 
157 166  -1 -5  0 -9 
157 173   1 -6  0 -9 
158 96  -1 -5  0 -9 
158 115   1 -6  0 -9 
158 152  -1 -4  0 -9 
158 155  -1 -4  0 -9 
158 164   1 -5  0 -9 
158 166  -1 -4  0 -9 
158 167   1 -3  0 -9 
158 173   1 -5  0 -9 
158 174  -1 -4  0 -9 
159 93   1 -6  0 -9 
159 97  -1 -5  0 -9 
159 116   1 -6  0 -9 
159 155  -1 -5  0 -9 
159 168   1 -3  0 -9 
159 173   1 -6  0 -9 
159 176  -1 -4  0 -9 
160 160   1 -8  0 -9 
161 71  -1 -4  0 -9 
161 92   1 -6  0 -9 
161 148   1 -3  0 -9 
161 154  -1 -5  0 -9 
161 165  -1 -5  0 -9 
161 170   1 -7  0 -9 
161 172   1 -6  0 -9 
162 72  -1 -4  0 -9 
162 90   1 -6  0 -9 
162 91   1 -6  0 -9 
162 93   1 -6  0 -9 
162 125  -1 -5  0 -9 
162 149   1 -3  0 -9 
162 152  -1 -5  0 -9 
162 153  -1 -5  0 -9 
162 155  -1 -5  0 -9 
162 160   1 -7  0 -9 
162 164   1 -6  0 -9 
162 166  -1 -5  0 -9 
162 169   1 -6  0 -9 
162 171   1 -7  0 -9 
162 173   1 -6  0 -9 
163 73  -1 -4  0 -9 
163 93   1 -6  0 -9 
163 150   1 -3  0 -9 
163 155  -1 -5  0 -9 
163 170   1 -6  0 -9 
163 173   1 -6  0 -9 
163 175  -1 -5  0 -9 
164 164   1 -8  0 -9 
165 165  -1 -6  0 -9 
165 172   1 -7  0 -9 
166 164   1 -7  0 -9 
166 166  -1 -6  0 -9 
166 173   1 -7  0 -9 
167 90   1 -6  0 -9 
167 93   1 -6  0 -9 
167 96  -1 -4  0 -9 
167 152  -1 -5  0 -9 
167 155  -1 -5  0 -9 
167 158   1 -3  0 -9 
167 164   1 -6  0 -9 
167 166  -1 -5  0 -9 
167 173   1 -6  0 -9 
167 174   1 -7  0 -9 
168 93   1 -5  0 -9 
168 97  -1 -4  0 -9 
168 155  -1 -4  0 -9 
168 159   1 -3  0 -9 
168 174   1 -6  0 -9 
168 176  -1 -5  0 -9 
169 169   1 -8  0 -9 
170 170   1 -8  0 -9 
171 171   1 -8  0 -9 
172 172   1 -8  0 -9 
173 173   1 -8  0 -9 
174 174   1 -8  0 -9 
175 170   1 -7  0 -9 
175 173   1 -7  0 -9 
175 175  -1 -6  0 -9 
176 174   1 -7  0 -9 
176 176  -1 -6  0 -9 
177  9  -1 -5  0 -9 
177 11   1 -6  0 -9 
177 179  -1 -5  0 -9 
177 183   1 -3  0 -9 
177 186   1 -6  0 -9 
178  2   1 -2  0 -9 
178  9   1 -2 -1 -4  0 -9 
178 10  -1 -1  0 -9 
178 11   1 -5  0 -9 
178 12  -1 -4  0 -9 
178 17  -1 -1  0 -9 
178 21  -1 -4  0 -9 
178 25   1 -2  0 -9 
178 26  -1 -3  0 -9 
178 28   1 -5  0 -9 
178 177  -1 -1  0 -9 
178 178   1  0  0 -9 
178 179  -1 -4  0 -9 
178 180   1 -3  0 -9 
178 183   1 -2  0 -9 
178 184  -1 -1  0 -9 
178 185   1 -2  0 -9 
178 186   1 -5  0 -9 
178 187  -1 -4  0 -9 
179 11   1 -7  0 -9 
179 179  -1 -6  0 -9 
179 186   1 -7  0 -9 
180 12   1 -7  0 -9 
180 180  -1 -6  0 -9 
180 187   1 -7  0 -9 
181 13   1 -7  0 -9 
181 181  -1 -6  0 -9 
181 188   1 -7  0 -9 
182 14   1 -7  0 -9 
182 182  -1 -6  0 -9 
182 189   1 -7  0 -9 
183  9  -1 -4  0 -9 
183 11   1 -5  0 -9 
183 177   1 -3  0 -9 
183 179  -1 -4  0 -9 
184 26  -1 -4  0 -9 
184 31   1 -5  0 -9 
184 185   1 -3  0 -9 
184 190  -1 -4  0 -9 
185 26  -1 -5  0 -9 
185 31   1 -6  0 -9 
185 184   1 -3  0 -9 
185 187   1 -6  0 -9 
185 190  -1 -5  0 -9 
186 186   1 -8  0 -9 
187 187   1 -8  0 -9 
188 188   1 -8  0 -9 
189 189   1 -8  0 -9 
190 31   1 -7  0 -9 
190 187   1 -7  0 -9 
190 190  -1 -6  0 -9 
191 32   1 -7  0 -9 
191 189   1 -7  0 -9 
191 191  -1 -6  0 -9 
192  9  -1 -3  0 -9 
192 16  -1 -1  0 -9 
192 20  -1 -4  0 -9 
192 24   1 -2  0 -9 
192 27   1 -5  0 -9 
192 177   1 -2  0 -9 
192 183  -1 -1  0 -9 
192 186  -1 -4  0 -9 
192 192   1  0  0 -9 
192 195   1 -3  0 -9 
193 17  -1 -1  0 -9 
193 21  -1 -4  0 -9 
193 25   1 -2  0 -9 
193 26  -1 -3  0 -9 
193 28   1 -5  0 -9 
193 184  -1 -1  0 -9 
193 185   1 -2  0 -9 
193 187  -1 -4  0 -9 
193 193   1  0  0 -9 
193 194  -1 -1  0 -9 
193 196   1 -3  0 -9 
193 199  -1 -4  0 -9 
193 201   1 -2  0 -9 
193 202   1 -5  0 -9 
194 199  -1 -5  0 -9 
194 201   1 -3  0 -9 
194 202   1 -6  0 -9 
195 186   1 -7  0 -9 
195 195  -1 -6  0 -9 
196 187   1 -7  0 -9 
196 196  -1 -6  0 -9 
197 188   1 -7  0 -9 
197 197  -1 -6  0 -9 
198 189   1 -7  0 -9 
198 198  -1 -6  0 -9 
199 199  -1 -6  0 -9 
199 202   1 -7  0 -9 
200 200  -1 -6  0 -9 
200 203   1 -7  0 -9 
201 194   1 -3  0 -9 
201 199  -1 -4  0 -9 
202 202   1 -8  0 -9 
203 203   1 -8  0 -9 
204  0  -1  0  0 -9 
204  3  -1 -3  0 -9 
204  5   1 -2  0 -9 
204 11  -1 -3  0 -9 
204 15   1  1  0 -9 
204 16  -1  0  0 -9 
204 18   1 -2  0 -9 
204 20  -1 -3  0 -9 
204 24   1 -1  0 -9 
204 27   1 -4  0 -9 
204 183  -1  0  0 -9 
204 204  -1  2  0 -9 
204 205  -1  0  0 -9 
204 207  -1  0  0 -9 
204 209   1  1  0 -9 
204 213  -1  0 -1 -2  0 -9 
204 217   1 -1  0 -9 
204 225   1  1  0 -9 
204 230  -1  0  0 -9 
204 234   1 -1  0 -9 
204 240  -1 -2  0 -9 
204 249   1 -1  0 -9 
204 253  -1 -2  0 -9 
204 259   1 -3  0 -9 
205 179  -1 -4  0 -9 
205 186   1 -5  0 -9 
205 213  -1 -4  0 -9 
205 249   1 -3  0 -9 
205 253  -1 -4  0 -9 
205 259   1 -5  0 -9 
206  6   1 -2  0 -9 
206  9   1 -1  0 -9 
206 10  -1  0  0 -9 
206 12  -1 -3  0 -9 
206 17  -1  0  0 -9 
206 21  -1 -3  0 -9 
206 25   1 -1  0 -9 
206 26  -1 -2  0 -9 
206 28   1 -4  0 -9 
206 177  -1  0  0 -9 
206 178   1  1  0 -9 
206 179  -1 -3  0 -9 
206 180   1 -2  0 -9 
206 184  -1  0  0 -9 
206 185   1 -1  0 -9 
206 186   1 -4  0 -9 
206 187  -1 -3  0 -9 
206 205   1  1  0 -9 
206 206  -1  2  0 -9 
206 210   1  1  0 -9 
206 213  -1 -3  0 -9 
206 214  -1  0  0 -9 
206 218   1 -1  0 -9 
206 226   1  1  0 -9 
206 227  -1  0  0 -9 
206 231  -1  0  0 -9 
206 235   1 -1  0 -9 
206 241  -1 -2  0 -9 
206 249   1 -2  0 -9 
206 253  -1 -3  0 -9 
206 259   1 -4  0 -9 
207 18  -1 -4  0 -9 
207 217  -1 -5  0 -9 
207 228   1 -3  0 -9 
207 240   1 -6  0 -9 
208 19  -1 -4  0 -9 
208 219  -1 -5  0 -9 
208 229   1 -3  0 -9 
208 242   1 -6  0 -9 
209  3  -1 -4  0 -9 
209  5   1 -3  0 -9 
209 11  -1 -4  0 -9 
209 20  -1 -4  0 -9 
209 27   1 -5  0 -9 
209 205  -1 -1  0 -9 
209 207  -1 -1  0 -9 
209 209   1  0  0 -9 
209 213  -1 -1 -1 -3 -1 -5  0 -9 
209 217   1 -2  0 -9 
209 228   1 -2  0 -9 
209 230  -1 -1  0 -9 
209 234   1 -2  0 -9 
209 240  -1 -3  0 -9 
209 249   1 -2  0 -9 
209 253  -1 -3  0 -9 
209 259   1 -4  1 -6  0 -9 
210  6   1 -3  0 -9 
210 12  -1 -4  0 -9 
210 21  -1 -4  0 -9 
210 28   1 -5  0 -9 
210 210   1  0  0 -9 
210 213  -1 -4  0 -9 
210 214  -1 -1  0 -9 
210 218   1 -2  0 -9 
210 231  -1 -1  0 -9 
210 235   1 -2  0 -9 
210 241  -1 -3  0 -9 
210 250   1 -2  0 -9 
210 254  -1 -3  0 -9 
210 259   1 -5  0 -9 
211  4  -1 -4  0 -9 
211  7   1 -3  0 -9 
211 13  -1 -4  0 -9 
211 22  -1 -4  0 -9 
211 29   1 -5  0 -9 
211 208  -1 -1  0 -9 
211 211   1  0  0 -9 
211 215  -1 -1  0 -9 
211 219  -1 -4  0 -9 
211 220   1 -3  0 -9 
211 222  -1 -4  0 -9 
211 229   1 -2  0 -9 
211 232  -1 -1  0 -9 
211 236   1 -2  0 -9 
211 242   1 -5  0 -9 
211 243  -1 -4  0 -9 
211 251   1 -2  0 -9 
211 255  -1 -3  0 -9 
211 260   1 -5  0 -9 
212  8   1 -3  0 -9 
212 14  -1 -4  0 -9 
212 23  -1 -4  0 -9 
212 30   1 -5  0 -9 
212 212   1  0  0 -9 
212 216  -1 -1  0 -9 
212 218   1 -3  0 -9 
212 221   1 -3  0 -9 
212 223  -1 -4  0 -9 
212 233  -1 -1  0 -9 
212 237   1 -2  0 -9 
212 241  -1 -4  0 -9 
212 244  -1 -4  0 -9 
212 252   1 -2  0 -9 
212 256  -1 -3  0 -9 
212 261   1 -5  0 -9 
213 213  -1 -6  0 -9 
213 259   1 -7  0 -9 
214 180  -1 -4  0 -9 
214 187   1 -5  0 -9 
214 213  -1 -5  0 -9 
214 218  -1 -5  0 -9 
214 241   1 -6  0 -9 
214 250   1 -3  0 -9 
214 254  -1 -4  0 -9 
214 259   1 -6  0 -9 
215 181  -1 -4  0 -9 
215 188   1 -5  0 -9 
215 222  -1 -5  0 -9 
215 251   1 -3  0 -9 
215 255  -1 -4  0 -9 
215 260   1 -6  0 -9 
216 182  -1 -4  0 -9 
216 189   1 -5  0 -9 
216 223  -1 -5  0 -9 
216 252   1 -3  0 -9 
216 256  -1 -4  0 -9 
216 261   1 -6  0 -9 
217 217  -1 -6  0 -9 
217 240   1 -7  0 -9 
218 218  -1 -6  0 -9 
218 241   1 -7  0 -9 
219 219  -1 -6  0 -9 
219 242   1 -7  0 -9 
220 220  -1 -6  0 -9 
220 243   1 -7  0 -9 
221 221  -1 -6  0 -9 
221 244   1 -7  0 -9 
222 222  -1 -6  0 -9 
222 260   1 -7  0 -9 
223 223  -1 -6  0 -9 
223 261   1 -7  0 -9 
224 224  -1 -6  0 -9 
224 262   1 -7  0 -9 
225  9  -1 -3  0 -9 
225 16  -1 -1  0 -9 
225 20   1 -2 -1 -4  0 -9 
225 24   1 -2  0 -9 
225 27   1 -5  0 -9 
225 177   1 -2  0 -9 
225 179  -1 -3  0 -9 
225 183  -1 -1  0 -9 
225 205  -1 -1  0 -9 
225 213  -1 -3  0 -9 
225 225   1  0  0 -9 
225 230  -1 -1  0 -9 
225 234   1 -2  0 -9 
225 240  -1 -3  0 -9 
225 249   1 -2  0 -9 
225 253  -1 -3  0 -9 
225 259   1 -4  0 -9 
226 17  -1 -1  0 -9 
226 21   1 -2 -1 -4  0 -9 
226 25   1 -2  0 -9 
226 26  -1 -3  0 -9 
226 28   1 -5  0 -9 
226 184  -1 -1  0 -9 
226 185   1 -2  0 -9 
226 190  -1 -3  0 -9 
226 226   1  0  0 -9 
226 227  -1 -1  0 -9 
226 231  -1 -1  0 -9 
226 235   1 -2  0 -9 
226 238  -1 -3  0 -9 
226 241  -1 -3  0 -9 
226 254  -1 -3  0 -9 
226 257   1 -2  0 -9 
226 263   1 -4  0 -9 
227 187   1 -5  0 -9 
227 190  -1 -4  0 -9 
227 238  -1 -4  0 -9 
227 254  -1 -4  0 -9 
227 257   1 -3  0 -9 
227 263   1 -5  0 -9 
228  3   1 -6  0 -9 
228 18  -1 -5  0 -9 
228 207   1 -3  0 -9 
228 217  -1 -4  0 -9 
229  4   1 -6  0 -9 
229 19  -1 -5  0 -9 
229 208   1 -3  0 -9 
229 219  -1 -4  0 -9 
230 20  -1 -5  0 -9 
230 27   1 -6  0 -9 
230 213  -1 -4  0 -9 
230 234   1 -3  0 -9 
230 240  -1 -4  0 -9 
230 253  -1 -4  0 -9 
230 259   1 -5  0 -9 
231 21  -1 -5  0 -9 
231 28   1 -6  0 -9 
231 235   1 -3  0 -9 
231 238  -1 -4  0 -9 
231 241  -1 -4  0 -9 
231 254  -1 -4  0 -9 
231 263   1 -5  0 -9 
232 22  -1 -5  0 -9 
232 29   1 -6  0 -9 
232 236   1 -3  0 -9 
232 245  -1 -4  0 -9 
232 255  -1 -4  0 -9 
232 264   1 -5  0 -9 
233 23  -1 -5  0 -9 
233 30   1 -6  0 -9 
233 237   1 -3  0 -9 
233 246  -1 -4  0 -9 
233 256  -1 -4  0 -9 
233 265   1 -5  0 -9 
234 20  -1 -4  0 -9 
234 186   1 -6  0 -9 
234 213  -1 -5  0 -9 
234 230   1 -3  0 -9 
234 240   1 -7  0 -9 
234 253  -1 -5  0 -9 
234 259   1 -6  0 -9 
235 21  -1 -4  0 -9 
235 187   1 -6  0 -9 
235 231   1 -3  0 -9 
235 238  -1 -5  0 -9 
235 241   1 -7  0 -9 
235 254  -1 -5  0 -9 
235 263   1 -6  0 -9 
236 22  -1 -4  0 -9 
236 188   1 -6  0 -9 
236 232   1 -3  0 -9 
236 243   1 -6  0 -9 
236 245  -1 -5  0 -9 
236 255  -1 -5  0 -9 
236 264   1 -6  0 -9 
237 23  -1 -4  0 -9 
237 189   1 -6  0 -9 
237 233   1 -3  0 -9 
237 241   1 -6  0 -9 
237 244   1 -6  0 -9 
237 246  -1 -5  0 -9 
237 256  -1 -5  0 -9 
237 265   1 -6  0 -9 
238 238  -1 -6  0 -9 
238 263   1 -7  0 -9 
239 189   1 -5  0 -9 
239 191  -1 -4  0 -9 
239 247  -1 -5  0 -9 
239 256  -1 -4  0 -9 
239 258   1 -3  0 -9 
239 266   1 -6  0 -9 
240 240   1 -8  0 -9 
241 241   1 -8  0 -9 
242 242   1 -8  0 -9 
243 243   1 -8  0 -9 
244 244   1 -8  0 -9 
245 243   1 -7  0 -9 
245 245  -1 -6  0 -9 
245 264   1 -7  0 -9 
246 241   1 -7  0 -9 
246 244   1 -7  0 -9 
246 246  -1 -6  0 -9 
246 265   1 -7  0 -9 
247 247  -1 -6  0 -9 
247 266   1 -7  0 -9 
248 244   1 -7  0 -9 
248 248  -1 -6  0 -9 
248 267   1 -7  0 -9 
249 11   1 -6  0 -9 
249 179  -1 -5  0 -9 
249 186   1 -6  0 -9 
249 205   1 -3  0 -9 
249 213  -1 -5  0 -9 
249 253  -1 -5  0 -9 
249 259   1 -6  0 -9 
250 12   1 -6  0 -9 
250 180  -1 -5  0 -9 
250 187   1 -6  0 -9 
250 213  -1 -4  0 -9 
250 214   1 -3  0 -9 
250 218  -1 -4  0 -9 
250 254  -1 -5  0 -9 
250 263   1 -6  0 -9 
251 13   1 -6  0 -9 
251 181  -1 -5  0 -9 
251 188   1 -6  0 -9 
251 215   1 -3  0 -9 
251 222  -1 -4  0 -9 
251 255  -1 -5  0 -9 
251 264   1 -6  0 -9 
252 14   1 -6  0 -9 
252 182  -1 -5  0 -9 
252 189   1 -6  0 -9 
252 216   1 -3  0 -9 
252 223  -1 -4  0 -9 
252 256  -1 -5  0 -9 
252 265   1 -6  0 -9 
253 186   1 -7  0 -9 
253 253  -1 -6  0 -9 
253 259   1 -7  0 -9 
254 187   1 -7  0 -9 
254 254  -1 -6  0 -9 
254 263   1 -7  0 -9 
255 188   1 -7  0 -9 
255 255  -1 -6  0 -9 
255 264   1 -7  0 -9 
256 189   1 -7  0 -9 
256 256  -1 -6  0 -9 
256 265   1 -7  0 -9 
257 31   1 -6  0 -9 
257 187   1 -6  0 -9 
257 190  -1 -5  0 -9 
257 227   1 -3  0 -9 
257 238  -1 -5  0 -9 
257 254  -1 -5  0 -9 
257 263   1 -6  0 -9 
258 32   1 -6  0 -9 
258 189   1 -6  0 -9 
258 191  -1 -5  0 -9 
258 239   1 -3  0 -9 
258 247  -1 -4  0 -9 
258 256  -1 -5  0 -9 
258 265   1 -6  0 -9 
259 259   1 -8  0 -9 
260 260   1 -8  0 -9 
261 261   1 -8  0 -9 
262 262   1 -8  0 -9 
263 263   1 -8  0 -9 
264 264   1 -8  0 -9 
265 265   1 -8  0 -9 
266 266   1 -8  0 -9 
267 267   1 -8  0 -9 
268  9  -1 -2  0 -9 
268 16  -1  0  0 -9 
268 20  -1 -3  0 -9 
268 24   1 -1  0 -9 
268 27   1 -4  0 -9 
268 177   1 -1  0 -9 
268 183  -1  0  0 -9 
268 186  -1 -3  0 -9 
268 192   1  1  0 -9 
268 195   1 -2  0 -9 
268 205  -1  0  0 -9 
268 225   1  1  0 -9 
268 230  -1  0  0 -9 
268 234   1 -1  0 -9 
268 240  -1 -2  0 -9 
268 268  -1  2  0 -9 
268 273   1  1  0 -9 
268 277  -1  0  0 -9 
268 283   1 -1  0 -9 
269 17  -1  0  0 -9 
269 21  -1 -3  0 -9 
269 25   1 -1  0 -9 
269 26  -1 -2  0 -9 
269 28   1 -4  0 -9 
269 184  -1  0  0 -9 
269 185   1 -1  0 -9 
269 187  -1 -3  0 -9 
269 193   1  1  0 -9 
269 194  -1  0  0 -9 
269 196   1 -2  0 -9 
269 199  -1 -3  0 -9 
269 202   1 -4  0 -9 
269 226   1  1  0 -9 
269 227  -1  0  0 -9 
269 231  -1  0  0 -9 
269 235   1 -1  0 -9 
269 241  -1 -2  0 -9 
269 269  -1  2  0 -9 
269 270   1  1  0 -9 
269 274   1  1  0 -9 
269 278  -1  0  0 -9 
269 281  -1 -3  0 -9 
269 284   1 -1  0 -9 
269 296   1 -2  0 -9 
269 298  -1 -3  0 -9 
269 300   1 -4  0 -9 
270 199  -1 -4  0 -9 
270 202   1 -5  0 -9 
270 281  -1 -4  0 -9 
270 296   1 -3  0 -9 
270 298  -1 -4  0 -9 
270 300   1 -5  0 -9 
271  3   1 -5  0 -9 
271 18  -1 -4  0 -9 
271 207   1 -2  0 -9 
271 228  -1 -1  0 -9 
271 240  -1 -4  0 -9 
271 271   1  0  0 -9 
271 283   1 -3  0 -9 
272  4   1 -5  0 -9 
272 19  -1 -4  0 -9 
272 208   1 -2  0 -9 
272 229  -1 -1  0 -9 
272 242  -1 -4  0 -9 
272 272   1  0  0 -9 
272 285   1 -3  0 -9 
273 20  -1 -4  0 -9 
273 27   1 -5  0 -9 
273 230  -1 -1  0 -9 
273 234   1 -2  0 -9 
273 240  -1 -3  0 -9 
273 253  -1 -3  0 -9 
273 273   1  0  0 -9 
273 277  -1 -1  0 -9 
273 283   1 -2  0 -9 
273 292   1 -2  0 -9 
274 21  -1 -4  0 -9 
274 28   1 -5  0 -9 
274 231  -1 -1  0 -9 
274 235   1 -2  0 -9 
274 241  -1 -3  0 -9 
274 254  -1 -3  0 -9 
274 274   1  0  0 -9 
274 278  -1 -1  0 -9 
274 281  -1 -4  0 -9 
274 284   1 -2  0 -9 
274 293   1 -2  0 -9 
274 300   1 -5  0 -9 
275 22  -1 -4  0 -9 
275 29   1 -5  0 -9 
275 232  -1 -1  0 -9 
275 236   1 -2  0 -9 
275 243  -1 -4  0 -9 
275 255  -1 -3  0 -9 
275 275   1  0  0 -9 
275 279  -1 -1  0 -9 
275 286   1 -3  0 -9 
275 288  -1 -4  0 -9 
275 294   1 -2  0 -9 
275 301   1 -5  0 -9 
276 23  -1 -4  0 -9 
276 30   1 -5  0 -9 
276 233  -1 -1  0 -9 
276 237   1 -2  0 -9 
276 241  -1 -4  0 -9 
276 244  -1 -4  0 -9 
276 256  -1 -3  0 -9 
276 276   1  0  0 -9 
276 280  -1 -1  0 -9 
276 284   1 -3  0 -9 
276 287   1 -3  0 -9 
276 289  -1 -4  0 -9 
276 295   1 -2  0 -9 
276 302   1 -5  0 -9 
277 186   1 -5  0 -9 
277 195  -1 -4  0 -9 
277 240   1 -6  0 -9 
277 253  -1 -4  0 -9 
277 283  -1 -5  0 -9 
277 292   1 -3  0 -9 
278 187   1 -5  0 -9 
278 196  -1 -4  0 -9 
278 241   1 -6  0 -9 
278 254  -1 -4  0 -9 
278 281  -1 -5  0 -9 
278 284  -1 -5  0 -9 
278 293   1 -3  0 -9 
278 300   1 -6  0 -9 
279 188   1 -5  0 -9 
279 197  -1 -4  0 -9 
279 255  -1 -4  0 -9 
279 288  -1 -5  0 -9 
279 294   1 -3  0 -9 
279 301   1 -6  0 -9 
280 189   1 -5  0 -9 
280 198  -1 -4  0 -9 
280 256  -1 -4  0 -9 
280 289  -1 -5  0 -9 
280 295   1 -3  0 -9 
280 302   1 -6  0 -9 
281 281  -1 -6  0 -9 
281 300   1 -7  0 -9 
282 200  -1 -4  0 -9 
282 203   1 -5  0 -9 
282 290  -1 -5  0 -9 
282 297   1 -3  0 -9 
282 299  -1 -4  0 -9 
282 303   1 -6  0 -9 
283 240   1 -7  0 -9 
283 283  -1 -6  0 -9 
284 241   1 -7  0 -9 
284 284  -1 -6  0 -9 
285 242   1 -7  0 -9 
285 285  -1 -6  0 -9 
286 243   1 -7  0 -9 
286 286  -1 -6  0 -9 
287 244   1 -7  0 -9 
287 287  -1 -6  0 -9 
288 288  -1 -6  0 -9 
288 301   1 -7  0 -9 
289 289  -1 -6  0 -9 
289 302   1 -7  0 -9 
290 290  -1 -6  0 -9 
290 303   1 -7  0 -9 
291 291  -1 -6  0 -9 
291 304   1 -7  0 -9 
292 186   1 -6  0 -9 
292 195  -1 -5  0 -9 
292 253  -1 -5  0 -9 
292 259   1 -6  0 -9 
292 277   1 -3  0 -9 
292 283  -1 -4  0 -9 
293 187   1 -6  0 -9 
293 196  -1 -5  0 -9 
293 254  -1 -5  0 -9 
293 263   1 -6  0 -9 
293 278   1 -3  0 -9 
293 281  -1 -4  0 -9 
293 284  -1 -4  0 -9 
294 188   1 -6  0 -9 
294 197  -1 -5  0 -9 
294 255  -1 -5  0 -9 
294 264   1 -6  0 -9 
294 279   1 -3  0 -9 
294 288  -1 -4  0 -9 
295 189   1 -6  0 -9 
295 198  -1 -5  0 -9 
295 256  -1 -5  0 -9 
295 265   1 -6  0 -9 
295 280   1 -3  0 -9 
295 289  -1 -4  0 -9 
296 199  -1 -5  0 -9 
296 202   1 -6  0 -9 
296 270   1 -3  0 -9 
296 281  -1 -5  0 -9 
296 298  -1 -5  0 -9 
296 300   1 -6  0 -9 
297 200  -1 -5  0 -9 
297 203   1 -6  0 -9 
297 282   1 -3  0 -9 
297 290  -1 -4  0 -9 
297 299  -1 -5  0 -9 
297 305   1 -6  0 -9 
298 202   1 -7  0 -9 
298 298  -1 -6  0 -9 
298 300   1 -7  0 -9 
299 203   1 -7  0 -9 
299 299  -1 -6  0 -9 
299 305   1 -7  0 -9 
300 300   1 -8  0 -9 
301 301   1 -8  0 -9 
302 302   1 -8  0 -9 
303 303   1 -8  0 -9 
304 304   1 -8  0 -9 
305 305   1 -8  0 -9 
306 11  -1 -2  0 -9 
306 20  -1  0 -1 -2  0 -9 
306 27   1 -3  0 -9 
306 54  -1  0  0 -9 
306 62  -1  0 -1 -2  0 -9 
306 74   1  1  0 -9 
306 79  -1  0  0 -9 
306 83   1 -1  0 -9 
306 89  -1 -2  0 -9 
306 98   1 -1  0 -9 
306 102  -1 -2  0 -9 
306 108   1 -3  0 -9 
306 179   1 -1  0 -9 
306 186  -1 -2  0 -9 
306 195   1 -1  0 -9 
306 213   1 -1  0 -9 
306 249  -1  0  0 -9 
306 253   1 -1  0 -9 
306 259  -1 -2  0 -9 
306 306  -1  2  0 -9 
306 308   1  1  0 -9 
306 312  -1  0  0 -9 
306 318   1 -1  0 -9 
307 21  -1  0 -1 -2  0 -9 
307 28   1 -3  0 -9 
307 31  -1 -2  0 -9 
307 75   1  1  0 -9 
307 76  -1  0  0 -9 
307 80  -1  0  0 -9 
307 84   1 -1  0 -9 
307 87  -1  0 -1 -2  0 -9 
307 90  -1 -2  0 -9 
307 103  -1 -2  0 -9 
307 106   1 -1  0 -9 
307 112   1 -3  0 -9 
307 187  -1 -2  0 -9 
307 190   1 -1  0 -9 
307 196   1 -1  0 -9 
307 199  -1  0 -1 -2  0 -9 
307 202   1 -3  0 -9 
307 238   1 -1  0 -9 
307 254   1 -1  0 -9 
307 257  -1  0  0 -9 
307 263  -1 -2  0 -9 
307 270  -1  0  0 -9 
307 281  -1  0 -1 -2  0 -9 
307 296   1 -1  0 -9 
307 298  -1 -2  0 -9 
307 300   1 -3  0 -9 
307 307  -1  2  0 -9 
307 313  -1  0  0 -9 
307 316   1  1  0 -9 
307 322   1 -1  0 -9 
307 327   1  1  0 -9 
307 332  -1  0  0 -9 
307 334   1 -1  0 -9 
307 336  -1 -2  0 -9 
308 11  -1 -3  0 -9 
308 20  -1 -1 -1 -3 -1 -5  0 -9 
308 27   1 -4  1 -6  0 -9 
308 54  -1 -1  0 -9 
308 62  -1 -1 -1 -3 -1 -5  0 -9 
308 79  -1 -1  0 -9 
308 83   1 -2  0 -9 
308 89  -1 -3  0 -9 
308 98   1 -2  0 -9 
308 102  -1 -3  0 -9 
308 108   1 -4  1 -6  0 -9 
308 179   1 -2  0 -9 
308 186  -1 -3  0 -9 
308 195   1 -2  0 -9 
308 205   1 -2  0 -9 
308 213   1 -2  0 -9 
308 249  -1 -1  0 -9 
308 253   1 -2 -1 -4  0 -9 
308 259  -1 -3  0 -9 
308 308   1  0  0 -9 
308 312  -1 -1  0 -9 
308 318   1 -2  0 -9 
308 328   1 -2  0 -9 
309  3   1 -4  1 -6  0 -9 
309 12  -1 -3  0 -9 
309 18  -1 -1 -1 -3 -1 -5  0 -9 
309 21  -1 -1 -1 -3 -1 -5  0 -9 
309 28   1 -4  1 -6  0 -9 
309 35  -1 -3  0 -9 
309 46   1 -5  0 -9 
309 56   1 -2  0 -9 
309 62  -1 -4  0 -9 
309 63  -1 -1  0 -9 
309 67  -1 -4  0 -9 
309 77  -1 -1  0 -9 
309 80  -1 -1  0 -9 
309 84   1 -2  0 -9 
309 89  -1 -4  0 -9 
309 90   1 -5  0 -9 
309 99   1 -2  0 -9 
309 103  -1 -3  0 -9 
309 108   1 -5  0 -9 
309 180   1 -2  0 -9 
309 187  -1 -3  0 -9 
309 196   1 -2  0 -9 
309 214   1 -2  0 -9 
309 241  -1 -4  0 -9 
309 250  -1 -1  0 -9 
309 254   1 -2 -1 -4  0 -9 
309 259  -1 -4  0 -9 
309 263   1 -5  0 -9 
309 284   1 -3  0 -9 
309 309   1  0  0 -9 
309 313  -1 -1  0 -9 
309 318   1 -3  0 -9 
309 322  -1 -4  0 -9 
309 329   1 -2  0 -9 
309 336   1 -5  0 -9 
310 13  -1 -3  0 -9 
310 22  -1 -1 -1 -3 -1 -5  0 -9 
310 29   1 -4  1 -6  0 -9 
310 64  -1 -1  0 -9 
310 71  -1 -4  0 -9 
310 81  -1 -1  0 -9 
310 85   1 -2  0 -9 
310 92  -1 -4  0 -9 
310 100   1 -2  0 -9 
310 104  -1 -3  0 -9 
310 109   1 -5  0 -9 
310 181   1 -2  0 -9 
310 188  -1 -3  0 -9 
310 197   1 -2  0 -9 
310 215   1 -2  0 -9 
310 251  -1 -1  0 -9 
310 255   1 -2 -1 -4  0 -9 
310 260  -1 -4  0 -9 
310 264   1 -5  0 -9 
310 310   1  0  0 -9 
310 314  -1 -1  0 -9 
310 319   1 -3  0 -9 
310 323  -1 -4  0 -9 
310 330   1 -2  0 -9 
310 337   1 -5  0 -9 
311  4   1 -4  1 -6  0 -9 
311 14  -1 -3  0 -9 
311 19  -1 -1 -1 -3 -1 -5  0 -9 
311 23  -1 -1 -1 -3 -1 -5  0 -9 
311 30   1 -4  1 -6  0 -9 
311 36  -1 -3  0 -9 
311 57   1 -2  0 -9 
311 65  -1 -1  0 -9 
311 72  -1 -4  0 -9 
311 78  -1 -1  0 -9 
311 82  -1 -1  0 -9 
311 86   1 -2  0 -9 
311 90  -1 -4  0 -9 
311 91  -1 -4  0 -9 
311 93  -1 -4  0 -9 
311 101   1 -2  0 -9 
311 105  -1 -3  0 -9 
311 110   1 -5  0 -9 
311 182   1 -2  0 -9 
311 189  -1 -3  0 -9 
311 198   1 -2  0 -9 
311 216   1 -2  0 -9 
311 252  -1 -1  0 -9 
311 256   1 -2 -1 -4  0 -9 
311 261  -1 -4  0 -9 
311 265   1 -5  0 -9 
311 311   1  0  0 -9 
311 315  -1 -1  0 -9 
311 320   1 -3  0 -9 
311 324  -1 -4  0 -9 
311 331   1 -2  0 -9 
311 338   1 -5  0 -9 
312 89   1 -6  0 -9 
312 186   1 -6  0 -9 
312 195  -1 -5  0 -9 
312 253  -1 -5  0 -9 
312 259   1 -6  0 -9 
312 318  -1 -5  0 -9 
312 328   1 -3  0 -9 
313 90   1 -6  0 -9 
313 187   1 -6  0 -9 
313 196  -1 -5  0 -9 
313 254  -1 -5  0 -9 
313 263   1 -6  0 -9 
313 322  -1 -5  0 -9 
313 329   1 -3  0 -9 
313 336   1 -6  0 -9 
314 188   1 -6  0 -9 
314 197  -1 -5  0 -9 
314 255  -1 -5  0 -9 
314 264   1 -6  0 -9 
314 323  -1 -5  0 -9 
314 330   1 -3  0 -9 
314 337   1 -6  0 -9 
315 189   1 -6  0 -9 
315 198  -1 -5  0 -9 
315 256  -1 -5  0 -9 
315 265   1 -6  0 -9 
315 324  -1 -5  0 -9 
315 331   1 -3  0 -9 
315 338   1 -6  0 -9 
316 21  -1 -1 -1 -3 -1 -5  0 -9 
316 28   1 -4  1 -6  0 -9 
316 31  -1 -3  0 -9 
316 76  -1 -1  0 -9 
316 80  -1 -1  0 -9 
316 84   1 -2  0 -9 
316 87  -1 -1 -1 -3 -1 -5  0 -9 
316 90  -1 -3  0 -9 
316 103  -1 -3  0 -9 
316 106   1 -2  0 -9 
316 112   1 -4  1 -6  0 -9 
316 187  -1 -3  0 -9 
316 190   1 -2  0 -9 
316 196   1 -2  0 -9 
316 199  -1 -1 -1 -3 -1 -5  0 -9 
316 202   1 -4  1 -6  0 -9 
316 227   1 -2  0 -9 
316 238   1 -2  0 -9 
316 254   1 -2 -1 -4  0 -9 
316 257  -1 -1  0 -9 
316 263  -1 -3  0 -9 
316 270  -1 -1  0 -9 
316 281  -1 -1 -1 -3 -1 -5  0 -9 
316 296   1 -2  0 -9 
316 298  -1 -3  0 -9 
316 300   1 -4  1 -6  0 -9 
316 313  -1 -1  0 -9 
316 316   1  0  0 -9 
316 322   1 -2  0 -9 
316 329   1 -2  0 -9 
316 332  -1 -1  0 -9 
316 334   1 -2  0 -9 
316 336  -1 -3  0 -9 
317 23  -1 -1 -1 -3 -1 -5  0 -9 
317 30   1 -4  1 -6  0 -9 
317 32  -1 -3  0 -9 
317 82  -1 -1  0 -9 
317 86   1 -2  0 -9 
317 88  -1 -1  0 -9 
317 90  -1 -4  0 -9 
317 93  -1 -4  0 -9 
317 96  -1 -4  0 -9 
317 105  -1 -3  0 -9 
317 107   1 -2  0 -9 
317 115   1 -5  0 -9 
317 189  -1 -3  0 -9 
317 191   1 -2  0 -9 
317 198   1 -2  0 -9 
317 200  -1 -1 -1 -3 -1 -5  0 -9 
317 203   1 -4  1 -6  0 -9 
317 239   1 -2  0 -9 
317 256   1 -2 -1 -4  0 -9 
317 258  -1 -1  0 -9 
317 265   1 -5  0 -9 
317 266  -1 -4  0 -9 
317 282  -1 -1  0 -9 
317 290  -1 -4  0 -9 
317 297   1 -2  0 -9 
317 299  -1 -3  0 -9 
317 303   1 -5  0 -9 
317 315  -1 -1  0 -9 
317 317   1  0  0 -9 
317 324  -1 -4  0 -9 
317 325   1 -3  0 -9 
317 331   1 -2  0 -9 
317 333  -1 -1  0 -9 
317 335   1 -2  0 -9 
317 338   1 -5  0 -9 
317 339  -1 -4  0 -9 
318 89   1 -7  0 -9 
318 259   1 -7  0 -9 
318 318  -1 -6  0 -9 
319 92   1 -7  0 -9 
319 260   1 -7  0 -9 
319 319  -1 -6  0 -9 
320 90   1 -7  0 -9 
320 91   1 -7  0 -9 
320 93   1 -7  0 -9 
320 261   1 -7  0 -9 
320 320  -1 -6  0 -9 
321 93   1 -7  0 -9 
321 262   1 -7  0 -9 
321 321  -1 -6  0 -9 
322 90   1 -7  0 -9 
322 263   1 -7  0 -9 
322 322  -1 -6  0 -9 
322 336   1 -7  0 -9 
323 264   1 -7  0 -9 
323 323  -1 -6  0 -9 
323 337   1 -7  0 -9 
324 265   1 -7  0 -9 
324 324  -1 -6  0 -9 
324 338   1 -7  0 -9 
325 90   1 -7  0 -9 
325 93   1 -7  0 -9 
325 266   1 -7  0 -9 
325 325  -1 -6  0 -9 
325 339   1 -7  0 -9 
326 267   1 -7  0 -9 
326 326  -1 -6  0 -9 
326 340   1 -7  0 -9 
327 199  -1 -3  0 -9 
327 202   1 -4  0 -9 
327 270  -1 -1  0 -9 
327 281  -1 -3  0 -9 
327 296   1 -2  0 -9 
327 298  -1 -3  0 -9 
327 300   1 -4  0 -9 
327 327   1  0  0 -9 
327 332  -1 -1  0 -9 
327 334   1 -2  0 -9 
327 336  -1 -3  0 -9 
328 186   1 -5  0 -9 
328 195  -1 -4  0 -9 
328 253  -1 -4  0 -9 
328 259   1 -5  0 -9 
328 312   1 -3  0 -9 
328 318  -1 -4  0 -9 
329 187   1 -5  0 -9 
329 196  -1 -4  0 -9 
329 254  -1 -4  0 -9 
329 263   1 -5  0 -9 
329 313   1 -3  0 -9 
329 322  -1 -4  0 -9 
330 188   1 -5  0 -9 
330 197  -1 -4  0 -9 
330 255  -1 -4  0 -9 
330 264   1 -5  0 -9 
330 314   1 -3  0 -9 
330 323  -1 -4  0 -9 
331 189   1 -5  0 -9 
331 198  -1 -4  0 -9 
331 256  -1 -4  0 -9 
331 265   1 -5  0 -9 
331 315   1 -3  0 -9 
331 324  -1 -4  0 -9 
332 199  -1 -4  0 -9 
332 202   1 -5  0 -9 
332 281  -1 -4  0 -9 
332 298  -1 -4  0 -9 
332 300   1 -5  0 -9 
332 334   1 -3  0 -9 
332 336  -1 -4  0 -9 
333 200  -1 -4  0 -9 
333 203   1 -5  0 -9 
333 299  -1 -4  0 -9 
333 305   1 -5  0 -9 
333 335   1 -3  0 -9 
333 341  -1 -4  0 -9 
334 199  -1 -5  0 -9 
334 202   1 -6  0 -9 
334 281  -1 -5  0 -9 
334 298  -1 -5  0 -9 
334 300   1 -6  0 -9 
334 332   1 -3  0 -9 
334 336   1 -7  0 -9 
335 200  -1 -5  0 -9 
335 203   1 -6  0 -9 
335 299  -1 -5  0 -9 
335 305   1 -6  0 -9 
335 333   1 -3  0 -9 
335 339   1 -6  0 -9 
335 341  -1 -5  0 -9 
336 336   1 -8  0 -9 
337 337   1 -8  0 -9 
338 338   1 -8  0 -9 
339 339   1 -8  0 -9 
340 340   1 -8  0 -9 
341 305   1 -7  0 -9 
341 339   1 -7  0 -9 
341 341  -1 -6  0 -9 
342  3   1 -4  0 -9 
342 18  -1 -3  0 -9 
342 35  -1 -3  0 -9 
342 45   1 -4  0 -9 
342 56   1 -2  0 -9 
342 66  -1 -3  0 -9 
342 77   1  1  0 -9 
342 123   1 -1  0 -9 
342 143  -1  0  0 -9 
342 151   1 -1  0 -9 
342 160  -1 -2  0 -9 
342 217   1 -2  0 -9 
342 228  -1  0  0 -9 
342 240  -1 -3  0 -9 
342 271   1  1  0 -9 
342 283   1 -2  0 -9 
342 342  -1  2  0 -9 
342 358   1  1  0 -9 
342 366  -1  0  0 -9 
342 375   1 -1  0 -9 
343  4   1 -4  0 -9 
343 19  -1 -3  0 -9 
343 36  -1 -3  0 -9 
343 47   1 -4  0 -9 
343 57   1 -2  0 -9 
343 68  -1 -3  0 -9 
343 78   1  1  0 -9 
343 125   1 -1  0 -9 
343 145  -1  0  0 -9 
343 153   1 -1  0 -9 
343 169  -1 -2  0 -9 
343 219   1 -2  0 -9 
343 229  -1  0  0 -9 
343 242  -1 -3  0 -9 
343 272   1  1  0 -9 
343 285   1 -2  0 -9 
343 343  -1  2  0 -9 
343 360   1  1  0 -9 
343 368  -1  0  0 -9 
343 384   1 -1  0 -9 
344 20  -1 -3  0 -9 
344 27   1 -4  0 -9 
344 62  -1 -3  0 -9 
344 79   1  1  0 -9 
344 83   1 -2  0 -9 
344 89  -1 -3  0 -9 
344 102  -1 -3  0 -9 
344 108   1 -4  0 -9 
344 133  -1  0  0 -9 
344 213   1 -2  0 -9 
344 230  -1  0  0 -9 
344 259  -1 -3  0 -9 
344 273   1  1  0 -9 
344 277  -1  0  0 -9 
344 283   1 -1  0 -9 
344 292   1 -1  0 -9 
344 328  -1  0  0 -9 
344 344  -1  2  0 -9 
344 348   1  1  0 -9 
344 352  -1  0  0 -9 
344 392   1  1  0 -9 
344 400  -1  0  0 -9 
344 419   1 -1  0 -9 
345 21  -1 -3  0 -9 
345 28   1 -4  0 -9 
345 80   1  1  0 -9 
345 84   1 -2  0 -9 
345 87  -1 -3  0 -9 
345 90  -1 -3  0 -9 
345 103  -1 -3  0 -9 
345 112   1 -4  0 -9 
345 141  -1  0  0 -9 
345 231  -1  0  0 -9 
345 238   1 -2  0 -9 
345 263  -1 -3  0 -9 
345 274   1  1  0 -9 
345 278  -1  0  0 -9 
345 281  -1 -3  0 -9 
345 284   1 -1  0 -9 
345 293   1 -1  0 -9 
345 300   1 -4  0 -9 
345 329  -1  0  0 -9 
345 345  -1  2  0 -9 
345 353  -1  0  0 -9 
345 356   1  1  0 -9 
345 393   1  1  0 -9 
345 396  -1  0  0 -9 
345 398   1 -1  0 -9 
345 401  -1  0  0 -9 
345 423   1 -1  0 -9 
345 428  -1 -2  0 -9 
346 22  -1 -3  0 -9 
346 29   1 -4  0 -9 
346 81   1  1  0 -9 
346 85   1 -2  0 -9 
346 94  -1 -3  0 -9 
346 104  -1 -3  0 -9 
346 113   1 -4  0 -9 
346 154   1 -1  0 -9 
346 156  -1  0  0 -9 
346 165   1 -1  0 -9 
346 172  -1 -2  0 -9 
346 232  -1  0  0 -9 
346 243  -1 -3  0 -9 
346 245   1 -2  0 -9 
346 264  -1 -3  0 -9 
346 275   1  1  0 -9 
346 279  -1  0  0 -9 
346 286   1 -2  0 -9 
346 288  -1 -3  0 -9 
346 294   1 -1  0 -9 
346 301   1 -4  0 -9 
346 330  -1  0  0 -9 
346 346  -1  2  0 -9 
346 354  -1  0  0 -9 
346 369  -1  0  0 -9 
346 371   1  1  0 -9 
346 380  -1  0 -1 -2  0 -9 
346 387   1 -1  0 -9 
346 394   1  1  0 -9 
346 405  -1  0  0 -9 
346 410   1 -1  0 -9 
346 415  -1 -2  0 -9 
346 424   1 -1  0 -9 
346 429  -1 -2  0 -9 
346 434   1 -3  0 -9 
347 23  -1 -3  0 -9 
347 30   1 -4  0 -9 
347 82   1  1  0 -9 
347 86   1 -2  0 -9 
347 95  -1 -3  0 -9 
347 105  -1 -3  0 -9 
347 114   1 -4  0 -9 
347 152   1 -1  0 -9 
347 155   1 -1  0 -9 
347 157  -1  0  0 -9 
347 164  -1 -2  0 -9 
347 166   1 -1  0 -9 
347 173  -1 -2  0 -9 
347 233  -1  0  0 -9 
347 241  -1 -3  0 -9 
347 244  -1 -3  0 -9 
347 246   1 -2  0 -9 
347 265  -1 -3  0 -9 
347 276   1  1  0 -9 
347 280  -1  0  0 -9 
347 284   1 -2  0 -9 
347 287   1 -2  0 -9 
347 289  -1 -3  0 -9 
347 295   1 -1  0 -9 
347 302   1 -4  0 -9 
347 331  -1  0  0 -9 
347 347  -1  2  0 -9 
347 355  -1  0  0 -9 
347 367  -1  0  0 -9 
347 370  -1  0  0 -9 
347 372   1  1  0 -9 
347 379   1 -1  0 -9 
347 381  -1  0 -1 -2  0 -9 
347 388   1 -1  0 -9 
347 395   1  1  0 -9 
347 406  -1  0  0 -9 
347 409  -1 -2  0 -9 
347 411   1 -1  0 -9 
347 416  -1 -2  0 -9 
347 425   1 -1  0 -9 
347 430  -1 -2  0 -9 
347 435   1 -3  0 -9 
348 62  -1 -4  0 -9 
348 108   1 -5  0 -9 
348 133  -1 -1  0 -9 
348 137   1 -2  0 -9 
348 151  -1 -3  0 -9 
348 213   1 -3  0 -9 
348 259  -1 -4  0 -9 
348 348   1  0  0 -9 
348 352  -1 -1  0 -9 
348 419   1 -2  0 -9 
349  3   1 -3  0 -9 
349 12  -1 -2  0 -9 
349 18  -1  0 -1 -2  0 -9 
349 21  -1  0 -1 -2  0 -9 
349 28   1 -3  0 -9 
349 35  -1 -2  0 -9 
349 46   1 -4  0 -9 
349 56   1 -1  0 -9 
349 62  -1 -3  0 -9 
349 63  -1  0  0 -9 
349 67  -1 -3  0 -9 
349 77  -1  0  0 -9 
349 80  -1  0  0 -9 
349 84   1 -1  0 -9 
349 89  -1 -3  0 -9 
349 90   1 -4  0 -9 
349 99   1 -1  0 -9 
349 103  -1 -2  0 -9 
349 108   1 -4  0 -9 
349 117  -1  0  0 -9 
349 124   1 -1  0 -9 
349 133  -1  0  0 -9 
349 134   1  1  0 -9 
349 137   1 -1  0 -9 
349 138  -1  0  0 -9 
349 144  -1  0  0 -9 
349 152   1 -1 -1 -3  0 -9 
349 160  -1 -3  0 -9 
349 164   1 -4  0 -9 
349 180   1 -1  0 -9 
349 187  -1 -2  0 -9 
349 196   1 -1  0 -9 
349 213   1 -2  0 -9 
349 218   1 -2  0 -9 
349 241  -1 -3  0 -9 
349 250  -1  0  0 -9 
349 254   1 -1  0 -9 
349 259  -1 -3  0 -9 
349 284   1 -2  0 -9 
349 309   1  1  0 -9 
349 313  -1  0  0 -9 
349 318   1 -2  0 -9 
349 322  -1 -3  0 -9 
349 336   1 -4  0 -9 
349 348   1  1  0 -9 
349 349  -1  2  0 -9 
349 352  -1  0  0 -9 
349 353   1  1  0 -9 
349 359   1  1  0 -9 
349 367  -1  0  0 -9 
349 375   1 -2  0 -9 
349 379  -1 -3  0 -9 
349 409   1 -4  0 -9 
349 423   1 -2  0 -9 
349 428  -1 -3  0 -9 
350 13  -1 -2  0 -9 
350 22  -1  0 -1 -2  0 -9 
350 29   1 -3  0 -9 
350 64  -1  0  0 -9 
350 71  -1 -3  0 -9 
350 81  -1  0  0 -9 
350 85   1 -1  0 -9 
350 92  -1 -3  0 -9 
350 100   1 -1  0 -9 
350 104  -1 -2  0 -9 
350 109   1 -4  0 -9 
350 135   1  1  0 -9 
350 139  -1  0  0 -9 
350 148  -1  0  0 -9 
350 161   1 -1  0 -9 
350 170  -1 -2  0 -9 
350 181   1 -1  0 -9 
350 188  -1 -2  0 -9 
350 197   1 -1  0 -9 
350 222   1 -2  0 -9 
350 251  -1  0  0 -9 
350 255   1 -1  0 -9 
350 260  -1 -3  0 -9 
350 310   1  1  0 -9 
350 314  -1  0  0 -9 
350 319   1 -2  0 -9 
350 323  -1 -3  0 -9 
350 337   1 -4  0 -9 
350 350  -1  2  0 -9 
350 354   1  1  0 -9 
350 363   1  1  0 -9 
350 376  -1  0  0 -9 
350 380  -1 -3  0 -9 
350 385   1 -1  0 -9 
350 424   1 -2  0 -9 
350 429  -1 -3  0 -9 
350 434   1 -4  0 -9 
351  4   1 -3  0 -9 
351 14  -1 -2  0 -9 
351 19  -1  0 -1 -2  0 -9 
351 23  -1  0 -1 -2  0 -9 
351 30   1 -3  0 -9 
351 36  -1 -2  0 -9 
351 57   1 -1  0 -9 
351 65  -1  0  0 -9 
351 72  -1 -3  0 -9 
351 78  -1  0  0 -9 
351 82  -1  0  0 -9 
351 86   1 -1  0 -9 
351 90  -1 -3  0 -9 
351 91  -1 -3  0 -9 
351 93  -1 -3  0 -9 
351 101   1 -1  0 -9 
351 105  -1 -2  0 -9 
351 110   1 -4  0 -9 
351 118  -1  0  0 -9 
351 136   1  1  0 -9 
351 140  -1  0  0 -9 
351 149  -1  0  0 -9 
351 160  -1 -2  0 -9 
351 162   1 -1  0 -9 
351 171  -1 -2  0 -9 
351 182   1 -1  0 -9 
351 189  -1 -2  0 -9 
351 198   1 -1  0 -9 
351 223   1 -2  0 -9 
351 252  -1  0  0 -9 
351 256   1 -1  0 -9 
351 261  -1 -3  0 -9 
351 311   1  1  0 -9 
351 315  -1  0  0 -9 
351 320   1 -2  0 -9 
351 324  -1 -3  0 -9 
351 338   1 -4  0 -9 
351 351  -1  2  0 -9 
351 355   1  1  0 -9 
351 364   1  1  0 -9 
351 375   1 -1  0 -9 
351 377  -1  0  0 -9 
351 381  -1 -3  0 -9 
351 386   1 -1  0 -9 
351 425   1 -2  0 -9 
351 430  -1 -3  0 -9 
351 435   1 -4  0 -9 
352 89   1 -5  0 -9 
352 151  -1 -4  0 -9 
352 160   1 -5  0 -9 
352 318  -1 -4  0 -9 
352 375  -1 -4  0 -9 
352 419   1 -3  0 -9 
353 90   1 -5  0 -9 
353 152  -1 -4  0 -9 
353 164   1 -5  0 -9 
353 322  -1 -4  0 -9 
353 336   1 -5  0 -9 
353 379  -1 -4  0 -9 
353 409   1 -5  0 -9 
353 423   1 -3  0 -9 
353 428  -1 -4  0 -9 
354 323  -1 -4  0 -9 
354 337   1 -5  0 -9 
354 380  -1 -4  0 -9 
354 424   1 -3  0 -9 
354 429  -1 -4  0 -9 
354 434   1 -5  0 -9 
355 324  -1 -4  0 -9 
355 338   1 -5  0 -9 
355 381  -1 -4  0 -9 
355 425   1 -3  0 -9 
355 430  -1 -4  0 -9 
355 435   1 -5  0 -9 
356 87  -1 -4  0 -9 
356 112   1 -5  0 -9 
356 138   1 -2  0 -9 
356 141  -1 -1  0 -9 
356 152  -1 -3  0 -9 
356 238   1 -3  0 -9 
356 263  -1 -4  0 -9 
356 281  -1 -4  0 -9 
356 300   1 -5  0 -9 
356 353  -1 -1  0 -9 
356 356   1  0  0 -9 
356 396  -1 -1  0 -9 
356 398   1 -2  0 -9 
356 423   1 -2  0 -9 
356 428  -1 -3  0 -9 
357 23  -1  0 -1 -2  0 -9 
357 30   1 -3  0 -9 
357 32  -1 -2  0 -9 
357 82  -1  0  0 -9 
357 86   1 -1  0 -9 
357 88  -1  0  0 -9 
357 90  -1 -3  0 -9 
357 93  -1 -3  0 -9 
357 96  -1 -3  0 -9 
357 105  -1 -2  0 -9 
357 107   1 -1  0 -9 
357 115   1 -4  0 -9 
357 140  -1  0  0 -9 
357 142   1  1  0 -9 
357 158  -1  0  0 -9 
357 167   1 -1  0 -9 
357 174  -1 -2  0 -9 
357 189  -1 -2  0 -9 
357 191   1 -1  0 -9 
357 198   1 -1  0 -9 
357 200  -1  0 -1 -2  0 -9 
357 203   1 -3  0 -9 
357 247   1 -2  0 -9 
357 256   1 -1  0 -9 
357 258  -1  0  0 -9 
357 266  -1 -3  0 -9 
357 282  -1  0  0 -9 
357 290  -1 -3  0 -9 
357 297   1 -1  0 -9 
357 299  -1 -2  0 -9 
357 303   1 -4  0 -9 
357 315  -1  0  0 -9 
357 317   1  1  0 -9 
357 324  -1 -3  0 -9 
357 325   1 -2  0 -9 
357 333  -1  0  0 -9 
357 335   1 -1  0 -9 
357 338   1 -4  0 -9 
357 339  -1 -3  0 -9 
357 355   1  1  0 -9 
357 357  -1  2  0 -9 
357 373   1  1  0 -9 
357 381  -1 -3  0 -9 
357 382  -1  0  0 -9 
357 389   1 -1  0 -9 
357 397   1  1  0 -9 
357 399  -1  0  0 -9 
357 407  -1  0  0 -9 
357 412   1 -1  0 -9 
357 417  -1 -2  0 -9 
357 425   1 -2  0 -9 
357 430  -1 -3  0 -9 
357 435   1 -4  0 -9 
358 45   1 -5  0 -9 
358 66  -1 -4  0 -9 
358 89   1 -5  0 -9 
358 117   1 -2  0 -9 
358 123   1 -2  0 -9 
358 143  -1 -1  0 -9 
358 151   1 -2 -1 -4  0 -9 
358 160  -1 -3  0 -9 
358 217   1 -3  0 -9 
358 240  -1 -4  0 -9 
358 358   1  0  0 -9 
358 366  -1 -1  0 -9 
358 375   1 -2  0 -9 
358 400   1 -2  0 -9 
359 46   1 -5  0 -9 
359 67  -1 -4  0 -9 
359 90   1 -5  0 -9 
359 124   1 -2  0 -9 
359 144  -1 -1  0 -9 
359 152   1 -2 -1 -4  0 -9 
359 160  -1 -4  0 -9 
359 164   1 -5  0 -9 
359 218   1 -3  0 -9 
359 241  -1 -4  0 -9 
359 359   1  0  0 -9 
359 367  -1 -1  0 -9 
359 375   1 -3  0 -9 
359 379  -1 -4  0 -9 
359 401   1 -2  0 -9 
359 409   1 -5  0 -9 
360 47   1 -5  0 -9 
360 68  -1 -4  0 -9 
360 91   1 -5  0 -9 
360 118   1 -2  0 -9 
360 125   1 -2  0 -9 
360 145  -1 -1  0 -9 
360 153   1 -2 -1 -4  0 -9 
360 169  -1 -3  0 -9 
360 219   1 -3  0 -9 
360 242  -1 -4  0 -9 
360 360   1  0  0 -9 
360 368  -1 -1  0 -9 
360 384   1 -2  0 -9 
360 402   1 -2  0 -9 
361 48   1 -5  0 -9 
361 69  -1 -4  0 -9 
361 92   1 -5  0 -9 
361 126   1 -2  0 -9 
361 146  -1 -1  0 -9 
361 154   1 -2 -1 -4  0 -9 
361 169  -1 -4  0 -9 
361 170  -1 -4  0 -9 
361 172   1 -5  0 -9 
361 220   1 -3  0 -9 
361 243  -1 -4  0 -9 
361 361   1  0  0 -9 
361 369  -1 -1  0 -9 
361 384   1 -3  0 -9 
361 385   1 -3  0 -9 
361 387  -1 -4  0 -9 
361 403   1 -2  0 -9 
361 415   1 -5  0 -9 
362 49   1 -5  0 -9 
362 70  -1 -4  0 -9 
362 93   1 -5  0 -9 
362 127   1 -2  0 -9 
362 147  -1 -1  0 -9 
362 155   1 -2 -1 -4  0 -9 
362 171  -1 -4  0 -9 
362 173   1 -5  0 -9 
362 221   1 -3  0 -9 
362 244  -1 -4  0 -9 
362 362   1  0  0 -9 
362 370  -1 -1  0 -9 
362 386   1 -3  0 -9 
362 388  -1 -4  0 -9 
362 404   1 -2  0 -9 
362 416   1 -5  0 -9 
363 71  -1 -4  0 -9 
363 109   1 -5  0 -9 
363 148  -1 -1  0 -9 
363 154  -1 -3  0 -9 
363 161   1 -2  0 -9 
363 170  -1 -3  0 -9 
363 222   1 -3  0 -9 
363 260  -1 -4  0 -9 
363 363   1  0  0 -9 
363 376  -1 -1  0 -9 
363 380  -1 -4  0 -9 
363 385   1 -2  0 -9 
363 420   1 -2  0 -9 
363 434   1 -5  0 -9 
364 72  -1 -4  0 -9 
364 110   1 -5  0 -9 
364 149  -1 -1  0 -9 
364 152  -1 -3  0 -9 
364 153  -1 -3  0 -9 
364 155  -1 -3  0 -9 
364 160  -1 -3  0 -9 
364 162   1 -2  0 -9 
364 171  -1 -3  0 -9 
364 223   1 -3  0 -9 
364 261  -1 -4  0 -9 
364 364   1  0  0 -9 
364 375   1 -2  0 -9 
364 377  -1 -1  0 -9 
364 381  -1 -4  0 -9 
364 386   1 -2  0 -9 
364 421   1 -2  0 -9 
364 435   1 -5  0 -9 
365 73  -1 -4  0 -9 
365 111   1 -5  0 -9 
365 150  -1 -1  0 -9 
365 155  -1 -3  0 -9 
365 163   1 -2  0 -9 
365 170  -1 -4  0 -9 
365 224   1 -3  0 -9 
365 262  -1 -4  0 -9 
365 365   1  0  0 -9 
365 378  -1 -1  0 -9 
365 385   1 -3  0 -9 
365 390  -1 -4  0 -9 
365 422   1 -2  0 -9 
365 436   1 -5  0 -9 
366 89   1 -6  0 -9 
366 151  -1 -5  0 -9 
366 160   1 -6  0 -9 
366 283  -1 -4  0 -9 
366 375  -1 -5  0 -9 
366 400   1 -3  0 -9 
367 90   1 -6  0 -9 
367 152  -1 -5  0 -9 
367 164   1 -6  0 -9 
367 284  -1 -4  0 -9 
367 379  -1 -5  0 -9 
367 401   1 -3  0 -9 
367 409   1 -6  0 -9 
368 91   1 -6  0 -9 
368 153  -1 -5  0 -9 
368 169   1 -6  0 -9 
368 285  -1 -4  0 -9 
368 384  -1 -5  0 -9 
368 402   1 -3  0 -9 
369 92   1 -6  0 -9 
369 154  -1 -5  0 -9 
369 172   1 -6  0 -9 
369 286  -1 -4  0 -9 
369 387  -1 -5  0 -9 
369 403   1 -3  0 -9 
369 415   1 -6  0 -9 
370 93   1 -6  0 -9 
370 155  -1 -5  0 -9 
370 173   1 -6  0 -9 
370 287  -1 -4  0 -9 
370 388  -1 -5  0 -9 
370 404   1 -3  0 -9 
370 416   1 -6  0 -9 
371 92   1 -5  0 -9 
371 94  -1 -4  0 -9 
371 113   1 -5  0 -9 
371 139   1 -2  0 -9 
371 154   1 -2 -1 -4  0 -9 
371 156  -1 -1  0 -9 
371 165   1 -2  0 -9 
371 172  -1 -3  0 -9 
371 243  -1 -4  0 -9 
371 245   1 -3  0 -9 
371 264  -1 -4  0 -9 
371 288  -1 -4  0 -9 
371 301   1 -5  0 -9 
371 354  -1 -1  0 -9 
371 369  -1 -1  0 -9 
371 371   1  0  0 -9 
371 380  -1 -1 -1 -3 -1 -5  0 -9 
371 387   1 -2  0 -9 
371 403   1 -2  0 -9 
371 405  -1 -1  0 -9 
371 410   1 -2  0 -9 
371 415  -1 -3  0 -9 
371 424   1 -2  0 -9 
371 429  -1 -3  0 -9 
371 434   1 -4  1 -6  0 -9 
372 90   1 -5  0 -9 
372 93   1 -5  0 -9 
372 95  -1 -4  0 -9 
372 114   1 -5  0 -9 
372 140   1 -2  0 -9 
372 152   1 -2 -1 -4  0 -9 
372 155   1 -2 -1 -4  0 -9 
372 157  -1 -1  0 -9 
372 164  -1 -3  0 -9 
372 166   1 -2  0 -9 
372 173  -1 -3  0 -9 
372 241  -1 -4  0 -9 
372 244  -1 -4  0 -9 
372 246   1 -3  0 -9 
372 265  -1 -4  0 -9 
372 289  -1 -4  0 -9 
372 302   1 -5  0 -9 
372 355  -1 -1  0 -9 
372 367  -1 -1  0 -9 
372 370  -1 -1  0 -9 
372 372   1  0  0 -9 
372 379   1 -2  0 -9 
372 381  -1 -1 -1 -3 -1 -5  0 -9 
372 388   1 -2  0 -9 
372 401   1 -2  0 -9 
372 404   1 -2  0 -9 
372 406  -1 -1  0 -9 
372 409  -1 -3  0 -9 
372 411   1 -2  0 -9 
372 416  -1 -3  0 -9 
372 425   1 -2  0 -9 
372 430  -1 -3  0 -9 
372 435   1 -4  1 -6  0 -9 
373 96  -1 -4  0 -9 
373 115   1 -5  0 -9 
373 152  -1 -3  0 -9 
373 155  -1 -3  0 -9 
373 158  -1 -1  0 -9 
373 167   1 -2  0 -9 
373 174  -1 -3  0 -9 
373 247   1 -3  0 -9 
373 266  -1 -4  0 -9 
373 290  -1 -4  0 -9 
373 303   1 -5  0 -9 
373 373   1  0  0 -9 
373 381  -1 -4  0 -9 
373 382  -1 -1  0 -9 
373 389   1 -2  0 -9 
373 407  -1 -1  0 -9 
373 412   1 -2  0 -9 
373 417  -1 -3  0 -9 
373 426   1 -2  0 -9 
373 431  -1 -3  0 -9 
373 435   1 -5  0 -9 
374 93   1 -5  0 -9 
374 97  -1 -4  0 -9 
374 116   1 -5  0 -9 
374 155   1 -2 -1 -4  0 -9 
374 159  -1 -1  0 -9 
374 168   1 -2  0 -9 
374 173   1 -5  0 -9 
374 174  -1 -4  0 -9 
374 244  -1 -4  0 -9 
374 248   1 -3  0 -9 
374 267  -1 -4  0 -9 
374 291  -1 -4  0 -9 
374 304   1 -5  0 -9 
374 370  -1 -1  0 -9 
374 374   1  0  0 -9 
374 383  -1 -1  0 -9 
374 388  -1 -4  0 -9 
374 389   1 -3  0 -9 
374 391  -1 -4  0 -9 
374 404   1 -2  0 -9 
374 408  -1 -1  0 -9 
374 413   1 -2  0 -9 
374 416   1 -5  0 -9 
374 417  -1 -4  0 -9 
374 427   1 -2  0 -9 
374 432  -1 -3  0 -9 
374 437   1 -5  0 -9 
375 160   1 -7  0 -9 
375 375  -1 -6  0 -9 
376 92   1 -5  0 -9 
376 154  -1 -4  0 -9 
376 170   1 -6  0 -9 
376 319  -1 -4  0 -9 
376 380  -1 -5  0 -9 
376 385  -1 -5  0 -9 
376 420   1 -3  0 -9 
376 434   1 -6  0 -9 
377 90   1 -5  0 -9 
377 91   1 -5  0 -9 
377 93   1 -5  0 -9 
377 152  -1 -4  0 -9 
377 153  -1 -4  0 -9 
377 155  -1 -4  0 -9 
377 160   1 -6  0 -9 
377 171   1 -6  0 -9 
377 320  -1 -4  0 -9 
377 375  -1 -5  0 -9 
377 381  -1 -5  0 -9 
377 386  -1 -5  0 -9 
377 421   1 -3  0 -9 
377 435   1 -6  0 -9 
378 93   1 -5  0 -9 
378 155  -1 -4  0 -9 
378 321  -1 -4  0 -9 
378 390  -1 -5  0 -9 
378 422   1 -3  0 -9 
378 436   1 -6  0 -9 
379 164   1 -7  0 -9 
379 379  -1 -6  0 -9 
379 409   1 -7  0 -9 
380 380  -1 -6  0 -9 
380 434   1 -7  0 -9 
381 381  -1 -6  0 -9 
381 435   1 -7  0 -9 
382 90   1 -5  0 -9 
382 93   1 -5  0 -9 
382 152  -1 -4  0 -9 
382 155  -1 -4  0 -9 
382 174   1 -6  0 -9 
382 325  -1 -4  0 -9 
382 339   1 -5  0 -9 
382 381  -1 -5  0 -9 
382 389  -1 -5  0 -9 
382 417   1 -6  0 -9 
382 426   1 -3  0 -9 
382 431  -1 -4  0 -9 
382 435   1 -6  0 -9 
383 326  -1 -4  0 -9 
383 340   1 -5  0 -9 
383 391  -1 -5  0 -9 
383 427   1 -3  0 -9 
383 432  -1 -4  0 -9 
383 437   1 -6  0 -9 
384 169   1 -7  0 -9 
384 384  -1 -6  0 -9 
385 170   1 -7  0 -9 
385 385  -1 -6  0 -9 
386 171   1 -7  0 -9 
386 386  -1 -6  0 -9 
387 172   1 -7  0 -9 
387 387  -1 -6  0 -9 
387 415   1 -7  0 -9 
388 173   1 -7  0 -9 
388 388  -1 -6  0 -9 
388 416   1 -7  0 -9 
389 174   1 -7  0 -9 
389 389  -1 -6  0 -9 
389 417   1 -7  0 -9 
390 390  -1 -6  0 -9 
390 436   1 -7  0 -9 
391 391  -1 -6  0 -9 
391 437   1 -7  0 -9 
392 151  -1 -3  0 -9 
392 160   1 -4  0 -9 
392 186   1 -4  0 -9 
392 195  -1 -3  0 -9 
392 240   1 -5  0 -9 
392 253  -1 -3  0 -9 
392 277  -1 -1  0 -9 
392 283   1 -2 -1 -4  0 -9 
392 292   1 -2  0 -9 
392 312   1 -2  0 -9 
392 318  -1 -3  0 -9 
392 328  -1 -1  0 -9 
392 352  -1 -1  0 -9 
392 366   1 -2  0 -9 
392 375  -1 -3  0 -9 
392 392   1  0  0 -9 
392 400  -1 -1  0 -9 
392 419   1 -2  0 -9 
393 152  -1 -3  0 -9 
393 164   1 -4  0 -9 
393 187   1 -4  0 -9 
393 196  -1 -3  0 -9 
393 241   1 -5  0 -9 
393 254  -1 -3  0 -9 
393 278  -1 -1  0 -9 
393 281   1 -2 -1 -4  0 -9 
393 284   1 -2 -1 -4  0 -9 
393 293   1 -2  0 -9 
393 300   1 -5  0 -9 
393 313   1 -2  0 -9 
393 322  -1 -3  0 -9 
393 329  -1 -1  0 -9 
393 353  -1 -1  0 -9 
393 367   1 -2  0 -9 
393 379  -1 -3  0 -9 
393 393   1  0  0 -9 
393 396  -1 -1  0 -9 
393 398   1 -2  0 -9 
393 401  -1 -1  0 -9 
393 423   1 -2  0 -9 
393 428  -1 -3  0 -9 
394 188   1 -4  0 -9 
394 197  -1 -3  0 -9 
394 255  -1 -3  0 -9 
394 279  -1 -1  0 -9 
394 288   1 -2 -1 -4  0 -9 
394 294   1 -2  0 -9 
394 301   1 -5  0 -9 
394 314   1 -2  0 -9 
394 323  -1 -3  0 -9 
394 330  -1 -1  0 -9 
394 354  -1 -1  0 -9 
394 380  -1 -3  0 -9 
394 394   1  0  0 -9 
394 405  -1 -1  0 -9 
394 410   1 -2  0 -9 
394 415  -1 -3  0 -9 
394 424   1 -2  0 -9 
394 429  -1 -3  0 -9 
394 434   1 -4  0 -9 
395 189   1 -4  0 -9 
395 198  -1 -3  0 -9 
395 256  -1 -3  0 -9 
395 280  -1 -1  0 -9 
395 289   1 -2 -1 -4  0 -9 
395 295   1 -2  0 -9 
395 302   1 -5  0 -9 
395 315   1 -2  0 -9 
395 324  -1 -3  0 -9 
395 331  -1 -1  0 -9 
395 355  -1 -1  0 -9 
395 381  -1 -3  0 -9 
395 395   1  0  0 -9 
395 406  -1 -1  0 -9 
395 409  -1 -3  0 -9 
395 411   1 -2  0 -9 
395 416  -1 -3  0 -9 
395 425   1 -2  0 -9 
395 430  -1 -3  0 -9 
395 435   1 -4  0 -9 
396 281  -1 -5  0 -9 
396 300   1 -6  0 -9 
396 398   1 -3  0 -9 
396 428  -1 -4  0 -9 
397 200  -1 -3  0 -9 
397 203   1 -4  0 -9 
397 282  -1 -1  0 -9 
397 290   1 -2 -1 -4  0 -9 
397 297   1 -2  0 -9 
397 299  -1 -3  0 -9 
397 303   1 -5  0 -9 
397 333  -1 -1  0 -9 
397 335   1 -2  0 -9 
397 341  -1 -3  0 -9 
397 397   1  0  0 -9 
397 399  -1 -1  0 -9 
397 407  -1 -1  0 -9 
397 412   1 -2  0 -9 
397 414  -1 -3  0 -9 
397 417  -1 -3  0 -9 
397 431  -1 -3  0 -9 
397 433   1 -2  0 -9 
397 438   1 -4  0 -9 
398 281  -1 -4  0 -9 
398 336   1 -6  0 -9 
398 396   1 -3  0 -9 
398 409   1 -6  0 -9 
398 428  -1 -5  0 -9 
399 339   1 -5  0 -9 
399 341  -1 -4  0 -9 
399 414  -1 -4  0 -9 
399 431  -1 -4  0 -9 
399 433   1 -3  0 -9 
399 438   1 -5  0 -9 
400 151  -1 -4  0 -9 
400 160   1 -5  0 -9 
400 240   1 -6  0 -9 
400 283  -1 -5  0 -9 
400 366   1 -3  0 -9 
400 375  -1 -4  0 -9 
401 152  -1 -4  0 -9 
401 164   1 -5  0 -9 
401 241   1 -6  0 -9 
401 284  -1 -5  0 -9 
401 367   1 -3  0 -9 
401 379  -1 -4  0 -9 
402 153  -1 -4  0 -9 
402 169   1 -5  0 -9 
402 242   1 -6  0 -9 
402 285  -1 -5  0 -9 
402 368   1 -3  0 -9 
402 384  -1 -4  0 -9 
403 154  -1 -4  0 -9 
403 172   1 -5  0 -9 
403 243   1 -6  0 -9 
403 286  -1 -5  0 -9 
403 369   1 -3  0 -9 
403 387  -1 -4  0 -9 
404 155  -1 -4  0 -9 
404 173   1 -5  0 -9 
404 244   1 -6  0 -9 
404 287  -1 -5  0 -9 
404 370   1 -3  0 -9 
404 388  -1 -4  0 -9 
405 288  -1 -5  0 -9 
405 301   1 -6  0 -9 
405 380  -1 -4  0 -9 
405 410   1 -3  0 -9 
405 415  -1 -4  0 -9 
405 429  -1 -4  0 -9 
405 434   1 -5  0 -9 
406 289  -1 -5  0 -9 
406 302   1 -6  0 -9 
406 381  -1 -4  0 -9 
406 409  -1 -4  0 -9 
406 411   1 -3  0 -9 
406 416  -1 -4  0 -9 
406 430  -1 -4  0 -9 
406 435   1 -5  0 -9 
407 290  -1 -5  0 -9 
407 303   1 -6  0 -9 
407 412   1 -3  0 -9 
407 414  -1 -4  0 -9 
407 417  -1 -4  0 -9 
407 431  -1 -4  0 -9 
407 438   1 -5  0 -9 
408 291  -1 -5  0 -9 
408 304   1 -6  0 -9 
408 413   1 -3  0 -9 
408 418  -1 -4  0 -9 
408 432  -1 -4  0 -9 
408 439   1 -5  0 -9 
409 409   1 -8  0 -9 
410 288  -1 -4  0 -9 
410 337   1 -6  0 -9 
410 380  -1 -5  0 -9 
410 405   1 -3  0 -9 
410 415   1 -7  0 -9 
410 429  -1 -5  0 -9 
410 434   1 -6  0 -9 
411 289  -1 -4  0 -9 
411 338   1 -6  0 -9 
411 381  -1 -5  0 -9 
411 406   1 -3  0 -9 
411 409   1 -7  0 -9 
411 416   1 -7  0 -9 
411 430  -1 -5  0 -9 
411 435   1 -6  0 -9 
412 290  -1 -4  0 -9 
412 339   1 -6  0 -9 
412 407   1 -3  0 -9 
412 414  -1 -5  0 -9 
412 417   1 -7  0 -9 
412 431  -1 -5  0 -9 
412 438   1 -6  0 -9 
413 291  -1 -4  0 -9 
413 340   1 -6  0 -9 
413 408   1 -3  0 -9 
413 417   1 -6  0 -9 
413 418  -1 -5  0 -9 
413 432  -1 -5  0 -9 
413 439   1 -6  0 -9 
414 414  -1 -6  0 -9 
414 438   1 -7  0 -9 
415 415   1 -8  0 -9 
416 416   1 -8  0 -9 
417 417   1 -8  0 -9 
418 417   1 -7  0 -9 
418 418  -1 -6  0 -9 
418 439   1 -7  0 -9 
419 89   1 -6  0 -9 
419 151  -1 -5  0 -9 
419 160   1 -6  0 -9 
419 259   1 -6  0 -9 
419 318  -1 -5  0 -9 
419 352   1 -3  0 -9 
419 375  -1 -5  0 -9 
420 92   1 -6  0 -9 
420 154  -1 -5  0 -9 
420 172   1 -6  0 -9 
420 260   1 -6  0 -9 
420 319  -1 -5  0 -9 
420 376   1 -3  0 -9 
420 380  -1 -4  0 -9 
420 385  -1 -4  0 -9 
421 90   1 -6  0 -9 
421 91   1 -6  0 -9 
421 93   1 -6  0 -9 
421 152  -1 -5  0 -9 
421 153  -1 -5  0 -9 
421 155  -1 -5  0 -9 
421 164   1 -6  0 -9 
421 169   1 -6  0 -9 
421 173   1 -6  0 -9 
421 261   1 -6  0 -9 
421 320  -1 -5  0 -9 
421 375  -1 -4  0 -9 
421 377   1 -3  0 -9 
421 381  -1 -4  0 -9 
421 386  -1 -4  0 -9 
422 93   1 -6  0 -9 
422 155  -1 -5  0 -9 
422 173   1 -6  0 -9 
422 262   1 -6  0 -9 
422 321  -1 -5  0 -9 
422 378   1 -3  0 -9 
422 390  -1 -4  0 -9 
423 90   1 -6  0 -9 
423 152  -1 -5  0 -9 
423 164   1 -6  0 -9 
423 263   1 -6  0 -9 
423 322  -1 -5  0 -9 
423 336   1 -6  0 -9 
423 353   1 -3  0 -9 
423 379  -1 -5  0 -9 
423 409   1 -6  0 -9 
423 428  -1 -5  0 -9 
424 264   1 -6  0 -9 
424 323  -1 -5  0 -9 
424 337   1 -6  0 -9 
424 354   1 -3  0 -9 
424 380  -1 -5  0 -9 
424 429  -1 -5  0 -9 
424 434   1 -6  0 -9 
425 265   1 -6  0 -9 
425 324  -1 -5  0 -9 
425 338   1 -6  0 -9 
425 355   1 -3  0 -9 
425 381  -1 -5  0 -9 
425 430  -1 -5  0 -9 
425 435   1 -6  0 -9 
426 90   1 -6  0 -9 
426 93   1 -6  0 -9 
426 152  -1 -5  0 -9 
426 155  -1 -5  0 -9 
426 164   1 -6  0 -9 
426 173   1 -6  0 -9 
426 266   1 -6  0 -9 
426 325  -1 -5  0 -9 
426 339   1 -6  0 -9 
426 381  -1 -4  0 -9 
426 382   1 -3  0 -9 
426 389  -1 -4  0 -9 
426 431  -1 -5  0 -9 
426 438   1 -6  0 -9 
427 267   1 -6  0 -9 
427 326  -1 -5  0 -9 
427 340   1 -6  0 -9 
427 383   1 -3  0 -9 
427 391  -1 -4  0 -9 
427 432  -1 -5  0 -9 
427 439   1 -6  0 -9 
428 336   1 -7  0 -9 
428 409   1 -7  0 -9 
428 428  -1 -6  0 -9 
429 337   1 -7  0 -9 
429 429  -1 -6  0 -9 
429 434   1 -7  0 -9 
430 338   1 -7  0 -9 
430 430  -1 -6  0 -9 
430 435   1 -7  0 -9 
431 339   1 -7  0 -9 
431 431  -1 -6  0 -9 
431 438   1 -7  0 -9 
432 340   1 -7  0 -9 
432 432  -1 -6  0 -9 
432 439   1 -7  0 -9 
433 305   1 -6  0 -9 
433 339   1 -6  0 -9 
433 341  -1 -5  0 -9 
433 399   1 -3  0 -9 
433 414  -1 -5  0 -9 
433 431  -1 -5  0 -9 
433 438   1 -6  0 -9 
434 434   1 -8  0 -9 
435 435   1 -8  0 -9 
436 436   1 -8  0 -9 
437 437   1 -8  0 -9 
438 438   1 -8  0 -9 
439 439   1 -8  0 -9 
9999 9999
