 0  1  -1 -4  0 -9 
 0  3   1 -3  0 -9 
 0  5  -1 -4  0 -9 
 0 11   1 -5  0 -9 
 1  1  -1 -6  0 -9 
 1 11   1 -7  0 -9 
 2  1  -1 -5  0 -9 
 2  4   1 -3  0 -9 
 2  6  -1 -4  0 -9 
 2 11   1 -6  0 -9 
 3  0   1 -3  0 -9 
 3  1  -1 -5  0 -9 
 3  5  -1 -5  0 -9 
 3  7   1 -6  0 -9 
 3 11   1 -6  0 -9 
 4  1  -1 -4  0 -9 
 4  2   1 -3  0 -9 
 4  6  -1 -5  0 -9 
 4 12   1 -6  0 -9 
 5  5  -1 -6  0 -9 
 5  7   1 -7  0 -9 
 5 11   1 -7  0 -9 
 6  6  -1 -6  0 -9 
 6 12   1 -7  0 -9 
 7  7   1 -8  0 -9 
 8  8   1 -8  0 -9 
 9  9  -1 -6  0 -9 
 9 13   1 -7  0 -9 
10  8   1 -7  0 -9 
10 10  -1 -6  0 -9 
10 14   1 -7  0 -9 
11 11   1 -8  0 -9 
12 12   1 -8  0 -9 
13 13   1 -8  0 -9 
14 14   1 -8  0 -9 
15  1   1 -1  0 -9 
15  3  -1  0  0 -9 
15  5   1 -1  0 -9 
15 11  -1 -2  0 -9 
15 15  -1  2  0 -9 
15 16   1  1  0 -9 
15 18   1  1  0 -9 
15 20  -1  0  0 -9 
15 22  -1 -3  0 -9 
15 26   1 -1  0 -9 
15 32   1 -2  0 -9 
15 36  -1 -3  0 -9 
15 42   1 -4  0 -9 
16 22  -1 -4  0 -9 
16 32   1 -3  0 -9 
16 36  -1 -4  0 -9 
16 42   1 -5  0 -9 
17 23  -1 -4  0 -9 
17 33   1 -3  0 -9 
17 37  -1 -4  0 -9 
17 43   1 -5  0 -9 
18  0   1 -2  0 -9 
18  1   1 -2  0 -9 
18  3  -1 -1  0 -9 
18  5   1 -2 -1 -4  0 -9 
18  7   1 -5  0 -9 
18 11  -1 -3  0 -9 
18 18   1  0  0 -9 
18 20  -1 -1  0 -9 
18 22  -1 -4  0 -9 
18 26   1 -2  0 -9 
18 30   1 -2  0 -9 
18 42   1 -5  0 -9 
19  2   1 -2  0 -9 
19  4  -1 -1  0 -9 
19  6   1 -2 -1 -4  0 -9 
19 11  -1 -4  0 -9 
19 12   1 -5  0 -9 
19 19   1  0  0 -9 
19 21  -1 -1  0 -9 
19 26   1 -3  0 -9 
19 27  -1 -4  0 -9 
19 31   1 -2  0 -9 
19 44   1 -5  0 -9 
20  5  -1 -5  0 -9 
20  7   1 -6  0 -9 
20 11   1 -6  0 -9 
20 22  -1 -5  0 -9 
20 26  -1 -5  0 -9 
20 30   1 -3  0 -9 
20 42   1 -6  0 -9 
21  6  -1 -5  0 -9 
21 12   1 -6  0 -9 
21 27  -1 -5  0 -9 
21 31   1 -3  0 -9 
21 44   1 -6  0 -9 
22  7   1 -7  0 -9 
22 22  -1 -6  0 -9 
22 42   1 -7  0 -9 
23  8   1 -7  0 -9 
23 23  -1 -6  0 -9 
23 43   1 -7  0 -9 
24  9  -1 -5  0 -9 
24 13   1 -6  0 -9 
24 28  -1 -5  0 -9 
24 34   1 -3  0 -9 
24 38  -1 -4  0 -9 
24 45   1 -6  0 -9 
25  8   1 -6  0 -9 
25 10  -1 -5  0 -9 
25 14   1 -6  0 -9 
25 23  -1 -5  0 -9 
25 29  -1 -5  0 -9 
25 35   1 -3  0 -9 
25 39  -1 -4  0 -9 
25 43   1 -6  0 -9 
25 46   1 -6  0 -9 
26 11   1 -7  0 -9 
26 26  -1 -6  0 -9 
27 12   1 -7  0 -9 
27 27  -1 -6  0 -9 
27 44   1 -7  0 -9 
28 13   1 -7  0 -9 
28 28  -1 -6  0 -9 
28 45   1 -7  0 -9 
29 14   1 -7  0 -9 
29 29  -1 -6  0 -9 
29 46   1 -7  0 -9 
30  5  -1 -4  0 -9 
30  7   1 -5  0 -9 
30 11   1 -5  0 -9 
30 20   1 -3  0 -9 
30 22  -1 -4  0 -9 
30 26  -1 -4  0 -9 
31  6  -1 -4  0 -9 
31 12   1 -5  0 -9 
31 21   1 -3  0 -9 
31 27  -1 -4  0 -9 
32  7   1 -6  0 -9 
32 16   1 -3  0 -9 
32 22  -1 -5  0 -9 
32 36  -1 -5  0 -9 
32 42   1 -6  0 -9 
33  8   1 -6  0 -9 
33 17   1 -3  0 -9 
33 23  -1 -5  0 -9 
33 37  -1 -5  0 -9 
33 40   1 -6  0 -9 
33 43   1 -6  0 -9 
34  9  -1 -4  0 -9 
34 13   1 -5  0 -9 
34 24   1 -3  0 -9 
34 28  -1 -4  0 -9 
34 38  -1 -5  0 -9 
34 47   1 -6  0 -9 
35  8   1 -5  0 -9 
35 10  -1 -4  0 -9 
35 14   1 -5  0 -9 
35 23  -1 -4  0 -9 
35 25   1 -3  0 -9 
35 29  -1 -4  0 -9 
35 39  -1 -5  0 -9 
35 48   1 -6  0 -9 
36 36  -1 -6  0 -9 
36 42   1 -7  0 -9 
37 37  -1 -6  0 -9 
37 40   1 -7  0 -9 
37 43   1 -7  0 -9 
38 38  -1 -6  0 -9 
38 47   1 -7  0 -9 
39 39  -1 -6  0 -9 
39 48   1 -7  0 -9 
40 40   1 -8  0 -9 
41 41  -1 -6  0 -9 
41 49   1 -7  0 -9 
42 42   1 -8  0 -9 
43 43   1 -8  0 -9 
44 44   1 -8  0 -9 
45 45   1 -8  0 -9 
46 46   1 -8  0 -9 
47 47   1 -8  0 -9 
48 48   1 -8  0 -9 
49 49   1 -8  0 -9 
50 50   1 -8  0 -9 
51  1   1 -3  0 -9 
51 11  -1 -4  0 -9 
51 51   1  0  0 -9 
51 53  -1 -1  0 -9 
51 55  -1 -4  0 -9 
51 59   1 -2  0 -9 
51 63   1 -5  0 -9 
52  1   1 -2  0 -9 
52  4  -1  0  0 -9 
52  6   1 -1  0 -9 
52 11  -1 -3  0 -9 
52 19   1  1  0 -9 
52 21  -1  0  0 -9 
52 26   1 -2  0 -9 
52 27  -1 -3  0 -9 
52 44   1 -4  0 -9 
52 51   1  1  0 -9 
52 52  -1  2  0 -9 
52 53  -1  0  0 -9 
52 54   1  1  0 -9 
52 55  -1 -3  0 -9 
52 60   1 -2  0 -9 
52 63   1 -4  0 -9 
52 65  -1 -3  0 -9 
53 26  -1 -4  0 -9 
53 55  -1 -5  0 -9 
53 59   1 -3  0 -9 
53 63   1 -6  0 -9 
54 27  -1 -4  0 -9 
54 44   1 -5  0 -9 
54 55  -1 -4  0 -9 
54 60   1 -3  0 -9 
54 63   1 -5  0 -9 
54 65  -1 -4  0 -9 
55 55  -1 -6  0 -9 
55 63   1 -7  0 -9 
56 56  -1 -6  0 -9 
56 64   1 -7  0 -9 
57 28  -1 -4  0 -9 
57 45   1 -5  0 -9 
57 56  -1 -4  0 -9 
57 61   1 -3  0 -9 
57 64   1 -5  0 -9 
57 66  -1 -4  0 -9 
58 29  -1 -4  0 -9 
58 46   1 -5  0 -9 
58 56  -1 -5  0 -9 
58 62   1 -3  0 -9 
58 64   1 -6  0 -9 
58 67  -1 -4  0 -9 
59 11   1 -6  0 -9 
59 26  -1 -5  0 -9 
59 53   1 -3  0 -9 
59 55  -1 -4  0 -9 
60 12   1 -6  0 -9 
60 27  -1 -5  0 -9 
60 44   1 -6  0 -9 
60 54   1 -3  0 -9 
60 55  -1 -5  0 -9 
60 63   1 -6  0 -9 
60 65  -1 -5  0 -9 
61 13   1 -6  0 -9 
61 28  -1 -5  0 -9 
61 45   1 -6  0 -9 
61 56  -1 -5  0 -9 
61 57   1 -3  0 -9 
61 64   1 -6  0 -9 
61 66  -1 -5  0 -9 
61 68   1 -6  0 -9 
62 14   1 -6  0 -9 
62 29  -1 -5  0 -9 
62 46   1 -6  0 -9 
62 56  -1 -4  0 -9 
62 58   1 -3  0 -9 
62 67  -1 -5  0 -9 
62 69   1 -6  0 -9 
63 63   1 -8  0 -9 
64 64   1 -8  0 -9 
65 44   1 -7  0 -9 
65 63   1 -7  0 -9 
65 65  -1 -6  0 -9 
66 45   1 -7  0 -9 
66 64   1 -7  0 -9 
66 66  -1 -6  0 -9 
66 68   1 -7  0 -9 
67 46   1 -7  0 -9 
67 67  -1 -6  0 -9 
67 69   1 -7  0 -9 
68 68   1 -8  0 -9 
69 69   1 -8  0 -9 
70 70   1 -8  0 -9 
71 50   1 -7  0 -9 
71 70   1 -7  0 -9 
71 71  -1 -6  0 -9 
72  5  -1 -3  0 -9 
72  7   1 -4  0 -9 
72 11   1 -4  0 -9 
72 20   1 -2  0 -9 
72 22  -1 -3  0 -9 
72 26  -1 -3  0 -9 
72 30   1  1  0 -9 
72 32  -1  0  0 -9 
72 36   1 -1  0 -9 
72 55   1 -2  0 -9 
72 59  -1  0  0 -9 
72 63  -1 -3  0 -9 
72 72  -1  2  0 -9 
72 74   1  1  0 -9 
72 78  -1  0  0 -9 
72 84   1  1  0 -9 
72 88   1 -2  0 -9 
73  6  -1 -3  0 -9 
73 12   1 -4  0 -9 
73 21   1 -2  0 -9 
73 27  -1 -3  0 -9 
73 31   1  1  0 -9 
73 55   1 -1  0 -9 
73 60  -1  0  0 -9 
73 63  -1 -2  0 -9 
73 65   1 -1  0 -9 
73 73  -1  2  0 -9 
73 85   1  1  0 -9 
73 88   1 -1  0 -9 
73 90  -1  0  0 -9 
74  7   1 -5  0 -9 
74 16   1 -2  0 -9 
74 22  -1 -4  0 -9 
74 32  -1 -1  0 -9 
74 36   1 -2 -1 -4  0 -9 
74 42   1 -5  0 -9 
74 55   1 -3  0 -9 
74 63  -1 -4  0 -9 
74 74   1  0  0 -9 
74 78  -1 -1  0 -9 
74 97   1 -2  0 -9 
75  8   1 -5  0 -9 
75 17   1 -2  0 -9 
75 23  -1 -4  0 -9 
75 33  -1 -1  0 -9 
75 37   1 -2 -1 -4  0 -9 
75 40   1 -5  0 -9 
75 43   1 -5  0 -9 
75 56   1 -3  0 -9 
75 64  -1 -4  0 -9 
75 75   1  0  0 -9 
75 79  -1 -1  0 -9 
75 82  -1 -4  0 -9 
75 98   1 -2  0 -9 
75 106   1 -5  0 -9 
76  9  -1 -3  0 -9 
76 13   1 -4  0 -9 
76 24   1 -2  0 -9 
76 28  -1 -3  0 -9 
76 34   1  1  0 -9 
76 38  -1  0 -1 -4  0 -9 
76 47   1 -5  0 -9 
76 56   1 -1  0 -9 
76 61  -1  0  0 -9 
76 64  -1 -2  0 -9 
76 66   1 -1  0 -9 
76 76  -1  2  0 -9 
76 80   1  1  0 -9 
76 86   1  1  0 -9 
76 89   1 -1  0 -9 
76 91  -1  0  0 -9 
76 93  -1 -3  0 -9 
76 102   1 -2  0 -9 
76 107  -1 -3  0 -9 
76 112   1 -4  0 -9 
77  8   1 -4  0 -9 
77 10  -1 -3  0 -9 
77 14   1 -4  0 -9 
77 23  -1 -3  0 -9 
77 25   1 -2  0 -9 
77 29  -1 -3  0 -9 
77 33  -1  0  0 -9 
77 35   1  1  0 -9 
77 37   1 -1  0 -9 
77 39  -1  0 -1 -4  0 -9 
77 48   1 -5  0 -9 
77 56   1 -2  0 -9 
77 62  -1  0  0 -9 
77 64  -1 -3  0 -9 
77 67   1 -1  0 -9 
77 75   1  1  0 -9 
77 77  -1  2  0 -9 
77 79  -1  0  0 -9 
77 81   1  1  0 -9 
77 82  -1 -3  0 -9 
77 87   1  1  0 -9 
77 89   1 -2  0 -9 
77 92  -1  0  0 -9 
77 94  -1 -3  0 -9 
77 103   1 -2  0 -9 
77 106   1 -4  0 -9 
77 108  -1 -3  0 -9 
77 113   1 -4  0 -9 
78 36  -1 -5  0 -9 
78 42   1 -6  0 -9 
78 88  -1 -4  0 -9 
78 97   1 -3  0 -9 
79 37  -1 -5  0 -9 
79 40   1 -6  0 -9 
79 43   1 -6  0 -9 
79 82  -1 -5  0 -9 
79 89  -1 -4  0 -9 
79 98   1 -3  0 -9 
79 106   1 -6  0 -9 
80 38  -1 -5  0 -9 
80 47   1 -6  0 -9 
80 93  -1 -4  0 -9 
80 102   1 -3  0 -9 
80 107  -1 -4  0 -9 
80 112   1 -5  0 -9 
81 39  -1 -5  0 -9 
81 48   1 -6  0 -9 
81 82  -1 -4  0 -9 
81 94  -1 -4  0 -9 
81 103   1 -3  0 -9 
81 106   1 -5  0 -9 
81 108  -1 -4  0 -9 
81 113   1 -5  0 -9 
82 40   1 -7  0 -9 
82 82  -1 -6  0 -9 
82 106   1 -7  0 -9 
83 41  -1 -5  0 -9 
83 49   1 -6  0 -9 
83 95  -1 -4  0 -9 
83 104   1 -3  0 -9 
83 109  -1 -4  0 -9 
83 114   1 -5  0 -9 
84 11   1 -5  0 -9 
84 26  -1 -4  0 -9 
84 53   1 -2  0 -9 
84 59  -1 -1  0 -9 
84 63  -1 -4  0 -9 
84 84   1  0  0 -9 
84 88   1 -3  0 -9 
85 12   1 -5  0 -9 
85 27  -1 -4  0 -9 
85 44   1 -5  0 -9 
85 54   1 -2  0 -9 
85 55   1 -2  0 -9 
85 60  -1 -1  0 -9 
85 63  -1 -3  0 -9 
85 65   1 -2 -1 -4  0 -9 
85 85   1  0  0 -9 
85 88   1 -2  0 -9 
85 90  -1 -1  0 -9 
85 99   1 -2  0 -9 
86 13   1 -5  0 -9 
86 28  -1 -4  0 -9 
86 45   1 -5  0 -9 
86 56   1 -2  0 -9 
86 57   1 -2  0 -9 
86 61  -1 -1  0 -9 
86 64  -1 -3  0 -9 
86 66   1 -2 -1 -4  0 -9 
86 68   1 -5  0 -9 
86 86   1  0  0 -9 
86 89   1 -2  0 -9 
86 91  -1 -1  0 -9 
86 93  -1 -4  0 -9 
86 100   1 -2  0 -9 
86 112   1 -5  0 -9 
87 14   1 -5  0 -9 
87 29  -1 -4  0 -9 
87 46   1 -5  0 -9 
87 58   1 -2  0 -9 
87 62  -1 -1  0 -9 
87 64  -1 -4  0 -9 
87 67   1 -2 -1 -4  0 -9 
87 69   1 -5  0 -9 
87 87   1  0  0 -9 
87 89   1 -3  0 -9 
87 92  -1 -1  0 -9 
87 94  -1 -4  0 -9 
87 101   1 -2  0 -9 
87 113   1 -5  0 -9 
88 63   1 -7  0 -9 
88 88  -1 -6  0 -9 
89 64   1 -7  0 -9 
89 89  -1 -6  0 -9 
90 44   1 -6  0 -9 
90 63   1 -6  0 -9 
90 65  -1 -5  0 -9 
90 88  -1 -5  0 -9 
90 99   1 -3  0 -9 
91 45   1 -6  0 -9 
91 64   1 -6  0 -9 
91 66  -1 -5  0 -9 
91 68   1 -6  0 -9 
91 89  -1 -5  0 -9 
91 93  -1 -5  0 -9 
91 100   1 -3  0 -9 
91 112   1 -6  0 -9 
92 46   1 -6  0 -9 
92 67  -1 -5  0 -9 
92 69   1 -6  0 -9 
92 94  -1 -5  0 -9 
92 101   1 -3  0 -9 
92 113   1 -6  0 -9 
93 68   1 -7  0 -9 
93 93  -1 -6  0 -9 
93 112   1 -7  0 -9 
94 69   1 -7  0 -9 
94 94  -1 -6  0 -9 
94 113   1 -7  0 -9 
95 70   1 -7  0 -9 
95 95  -1 -6  0 -9 
95 114   1 -7  0 -9 
96 50   1 -6  0 -9 
96 70   1 -6  0 -9 
96 71  -1 -5  0 -9 
96 95  -1 -5  0 -9 
96 105   1 -3  0 -9 
96 110  -1 -4  0 -9 
96 114   1 -6  0 -9 
97 36  -1 -4  0 -9 
97 63   1 -6  0 -9 
97 78   1 -3  0 -9 
97 88  -1 -5  0 -9 
98 37  -1 -4  0 -9 
98 40   1 -5  0 -9 
98 64   1 -6  0 -9 
98 79   1 -3  0 -9 
98 82  -1 -4  0 -9 
98 89  -1 -5  0 -9 
99 63   1 -5  0 -9 
99 65  -1 -4  0 -9 
99 88  -1 -4  0 -9 
99 90   1 -3  0 -9 
100 64   1 -5  0 -9 
100 66  -1 -4  0 -9 
100 68   1 -5  0 -9 
100 89  -1 -4  0 -9 
100 91   1 -3  0 -9 
100 93  -1 -4  0 -9 
101 67  -1 -4  0 -9 
101 69   1 -5  0 -9 
101 92   1 -3  0 -9 
101 94  -1 -4  0 -9 
102 38  -1 -4  0 -9 
102 68   1 -6  0 -9 
102 80   1 -3  0 -9 
102 93  -1 -5  0 -9 
102 107  -1 -5  0 -9 
102 112   1 -6  0 -9 
103 39  -1 -4  0 -9 
103 40   1 -6  0 -9 
103 69   1 -6  0 -9 
103 81   1 -3  0 -9 
103 82  -1 -5  0 -9 
103 94  -1 -5  0 -9 
103 106   1 -6  0 -9 
103 108  -1 -5  0 -9 
103 113   1 -6  0 -9 
104 41  -1 -4  0 -9 
104 70   1 -6  0 -9 
104 83   1 -3  0 -9 
104 95  -1 -5  0 -9 
104 109  -1 -5  0 -9 
104 111   1 -6  0 -9 
104 114   1 -6  0 -9 
105 70   1 -5  0 -9 
105 71  -1 -4  0 -9 
105 95  -1 -4  0 -9 
105 96   1 -3  0 -9 
105 110  -1 -5  0 -9 
105 115   1 -6  0 -9 
106 106   1 -8  0 -9 
107 107  -1 -6  0 -9 
107 112   1 -7  0 -9 
108 106   1 -7  0 -9 
108 108  -1 -6  0 -9 
108 113   1 -7  0 -9 
109 109  -1 -6  0 -9 
109 111   1 -7  0 -9 
109 114   1 -7  0 -9 
110 110  -1 -6  0 -9 
110 115   1 -7  0 -9 
111 111   1 -8  0 -9 
112 112   1 -8  0 -9 
113 113   1 -8  0 -9 
114 114   1 -8  0 -9 
115 115   1 -8  0 -9 
9999 9999
