 0  0   1 -8  0 -9 
 1  0   1 -7  0 -9 
 1  1  -1 -6  0 -9 
 1  2   1 -7  0 -9 
 2  2   1 -8  0 -9 
 3  3   1 -8  0 -9 
 4  3   1 -7  0 -9 
 4  4  -1 -6  0 -9 
 4  5   1 -7  0 -9 
 5  5   1 -8  0 -9 
 6  0   1 -6  0 -9 
 6  1  -1 -5  0 -9 
 6  2   1 -6  0 -9 
 6  4  -1 -4  0 -9 
 6  5   1 -5  0 -9 
 6  7  -1 -5  0 -9 
 6  8   1 -3  0 -9 
 6  9  -1 -4  0 -9 
 6 10   1 -6  0 -9 
 7  2   1 -7  0 -9 
 7  7  -1 -6  0 -9 
 7 10   1 -7  0 -9 
 8  1  -1 -4  0 -9 
 8  2   1 -5  0 -9 
 8  3   1 -6  0 -9 
 8  4  -1 -5  0 -9 
 8  5   1 -6  0 -9 
 8  6   1 -3  0 -9 
 8  7  -1 -4  0 -9 
 8  9  -1 -5  0 -9 
 8 11   1 -6  0 -9 
 9  5   1 -7  0 -9 
 9  9  -1 -6  0 -9 
 9 11   1 -7  0 -9 
10 10   1 -8  0 -9 
11 11   1 -8  0 -9 
12 12   1 -8  0 -9 
13 12   1 -7  0 -9 
13 13  -1 -6  0 -9 
13 14   1 -7  0 -9 
14 14   1 -8  0 -9 
15 13  -1 -4  0 -9 
15 14   1 -5  0 -9 
15 16  -1 -5  0 -9 
15 17   1 -3  0 -9 
15 18  -1 -4  0 -9 
15 19   1 -6  0 -9 
16 16  -1 -6  0 -9 
16 19   1 -7  0 -9 
17 12   1 -6  0 -9 
17 13  -1 -5  0 -9 
17 14   1 -6  0 -9 
17 15   1 -3  0 -9 
17 16  -1 -4  0 -9 
17 18  -1 -5  0 -9 
17 20   1 -6  0 -9 
18 14   1 -7  0 -9 
18 18  -1 -6  0 -9 
18 20   1 -7  0 -9 
19 19   1 -8  0 -9 
20 20   1 -8  0 -9 
21 21  -1 -6  0 -9 
21 22   1 -7  0 -9 
22 22   1 -8  0 -9 
23  9  -1 -4  0 -9 
23 11   1 -5  0 -9 
23 18  -1 -4  0 -9 
23 20   1 -5  0 -9 
23 21  -1 -5  0 -9 
23 22   1 -6  0 -9 
23 24   1 -3  0 -9 
23 26  -1 -4  0 -9 
24  5   1 -6  0 -9 
24  9  -1 -5  0 -9 
24 11   1 -6  0 -9 
24 14   1 -6  0 -9 
24 18  -1 -5  0 -9 
24 20   1 -6  0 -9 
24 21  -1 -4  0 -9 
24 23   1 -3  0 -9 
24 25   1 -6  0 -9 
24 26  -1 -5  0 -9 
25 25   1 -8  0 -9 
26 11   1 -7  0 -9 
26 20   1 -7  0 -9 
26 25   1 -7  0 -9 
26 26  -1 -6  0 -9 
27 27   1 -8  0 -9 
28  0   1 -7  0 -9 
28 27   1 -7  0 -9 
28 28  -1 -6  0 -9 
28 29   1 -7  0 -9 
29 29   1 -8  0 -9 
30 27   1 -7  0 -9 
30 30  -1 -6  0 -9 
30 31   1 -7  0 -9 
31 31   1 -8  0 -9 
32  0   1 -6  0 -9 
32  1  -1 -5  0 -9 
32  2   1 -6  0 -9 
32 27   1 -6  0 -9 
32 28  -1 -5  0 -9 
32 29   1 -6  0 -9 
32 30  -1 -5  0 -9 
32 31   1 -6  0 -9 
32 33  -1 -5  0 -9 
32 34   1 -3  0 -9 
32 35  -1 -4  0 -9 
32 36   1 -6  0 -9 
33  2   1 -7  0 -9 
33 31   1 -7  0 -9 
33 33  -1 -6  0 -9 
33 36   1 -7  0 -9 
34  0   1 -5  0 -9 
34  1  -1 -4  0 -9 
34  2   1 -5  0 -9 
34 27   1 -5  0 -9 
34 28  -1 -4  0 -9 
34 30  -1 -4  0 -9 
34 31   1 -5  0 -9 
34 32   1 -3  0 -9 
34 33  -1 -4  0 -9 
34 35  -1 -5  0 -9 
34 37   1 -6  0 -9 
35 35  -1 -6  0 -9 
35 37   1 -7  0 -9 
36 36   1 -8  0 -9 
37 37   1 -8  0 -9 
38 33  -1 -4  0 -9 
38 36   1 -5  0 -9 
38 39   1 -3  0 -9 
38 40  -1 -4  0 -9 
39  2   1 -6  0 -9 
39 31   1 -6  0 -9 
39 33  -1 -5  0 -9 
39 36   1 -6  0 -9 
39 38   1 -3  0 -9 
39 40  -1 -5  0 -9 
39 41   1 -6  0 -9 
40 36   1 -7  0 -9 
40 40  -1 -6  0 -9 
40 41   1 -7  0 -9 
41 41   1 -8  0 -9 
42  0   1 -5  0 -9 
42  1  -1 -4  0 -9 
42  3  -1 -4  0 -9 
42 12  -1 -4  0 -9 
42 21  -1 -4  0 -9 
42 22   1 -5  0 -9 
42 27   1 -5  0 -9 
42 28  -1 -4  0 -9 
42 29   1 -5  0 -9 
42 30  -1 -4  0 -9 
42 43  -1 -5  0 -9 
42 44   1 -3  0 -9 
42 45  -1 -4  0 -9 
42 46   1 -6  0 -9 
43 43  -1 -6  0 -9 
43 46   1 -7  0 -9 
44  0   1 -6  0 -9 
44  1  -1 -5  0 -9 
44  2   1 -6  0 -9 
44  3   1 -7  0 -9 
44 12   1 -7  0 -9 
44 21  -1 -5  0 -9 
44 22   1 -6  0 -9 
44 27   1 -6  0 -9 
44 28  -1 -5  0 -9 
44 29   1 -6  0 -9 
44 30  -1 -5  0 -9 
44 31   1 -6  0 -9 
44 42   1 -3  0 -9 
44 43  -1 -4  0 -9 
44 45  -1 -5  0 -9 
44 47   1 -6  0 -9 
45 22   1 -7  0 -9 
45 29   1 -7  0 -9 
45 45  -1 -6  0 -9 
45 47   1 -7  0 -9 
46 46   1 -8  0 -9 
47 47   1 -8  0 -9 
48 21  -1 -4  0 -9 
48 22   1 -5  0 -9 
48 45  -1 -4  0 -9 
48 47   1 -5  0 -9 
48 49   1 -3  0 -9 
48 51  -1 -4  0 -9 
49 21  -1 -5  0 -9 
49 22   1 -6  0 -9 
49 29   1 -6  0 -9 
49 45  -1 -5  0 -9 
49 47   1 -6  0 -9 
49 48   1 -3  0 -9 
49 50   1 -6  0 -9 
49 51  -1 -5  0 -9 
50 50   1 -8  0 -9 
51 47   1 -7  0 -9 
51 50   1 -7  0 -9 
51 51  -1 -6  0 -9 
52  0   1 -4  0 -9 
52  1  -1 -3  0 -9 
52  3  -1 -3  0 -9 
52 12  -1 -3  0 -9 
52 21  -1 -3  0 -9 
52 22   1 -4  0 -9 
52 27   1 -4  0 -9 
52 28  -1 -3  0 -9 
52 30  -1 -3  0 -9 
52 32   1 -2  0 -9 
52 33  -1 -3  0 -9 
52 34  -1 -1  0 -9 
52 35   1 -2 -1 -4  0 -9 
52 37   1 -5  0 -9 
52 38  -1 -1  0 -9 
52 39   1 -2  0 -9 
52 40  -1 -3  0 -9 
52 42  -1 -1  0 -9 
52 43   1 -2 -1 -4  0 -9 
52 44   1 -2  0 -9 
52 45  -1 -3  0 -9 
52 46   1 -5  0 -9 
52 48  -1 -1  0 -9 
52 49   1 -2  0 -9 
52 51  -1 -3  0 -9 
52 52   1  0  0 -9 
52 53  -1 -1  0 -9 
52 54  -1 -1  0 -9 
52 55   1 -2  0 -9 
52 56  -1 -3  0 -9 
52 57  -1 -3  0 -9 
52 58   1 -2  0 -9 
52 59   1 -4  0 -9 
53 35  -1 -5  0 -9 
53 37   1 -6  0 -9 
53 50   1 -5  0 -9 
53 51  -1 -4  0 -9 
53 56  -1 -4  0 -9 
53 57  -1 -4  0 -9 
53 58   1 -3  0 -9 
53 59   1 -5  0 -9 
54 40  -1 -4  0 -9 
54 41   1 -5  0 -9 
54 43  -1 -5  0 -9 
54 46   1 -6  0 -9 
54 55   1 -3  0 -9 
54 56  -1 -4  0 -9 
54 57  -1 -4  0 -9 
54 59   1 -5  0 -9 
55 36   1 -6  0 -9 
55 40  -1 -5  0 -9 
55 41   1 -6  0 -9 
55 43  -1 -4  0 -9 
55 50   1 -6  0 -9 
55 54   1 -3  0 -9 
55 56  -1 -5  0 -9 
55 57  -1 -5  0 -9 
55 59   1 -6  0 -9 
56 41   1 -7  0 -9 
56 56  -1 -6  0 -9 
56 59   1 -7  0 -9 
57 50   1 -7  0 -9 
57 57  -1 -6  0 -9 
57 59   1 -7  0 -9 
58 35  -1 -4  0 -9 
58 41   1 -6  0 -9 
58 47   1 -6  0 -9 
58 50   1 -6  0 -9 
58 51  -1 -5  0 -9 
58 53   1 -3  0 -9 
58 56  -1 -5  0 -9 
58 57  -1 -5  0 -9 
58 59   1 -6  0 -9 
59 59   1 -8  0 -9 
60 60  -1 -6  0 -9 
60 61   1 -7  0 -9 
61 61   1 -8  0 -9 
62 60  -1 -4  0 -9 
62 61   1 -5  0 -9 
62 63  -1 -5  0 -9 
62 64   1 -3  0 -9 
62 65  -1 -4  0 -9 
62 66   1 -6  0 -9 
63 63  -1 -6  0 -9 
63 66   1 -7  0 -9 
64 12   1 -6  0 -9 
64 60  -1 -5  0 -9 
64 61   1 -6  0 -9 
64 62   1 -3  0 -9 
64 63  -1 -4  0 -9 
64 65  -1 -5  0 -9 
64 67   1 -6  0 -9 
65 12   1 -7  0 -9 
65 61   1 -7  0 -9 
65 65  -1 -6  0 -9 
65 67   1 -7  0 -9 
66 66   1 -8  0 -9 
67 67   1 -8  0 -9 
68 12   1 -5  0 -9 
68 13  -1 -4  0 -9 
68 14   1 -5  0 -9 
68 18  -1 -4  0 -9 
68 20   1 -5  0 -9 
68 29  -1 -4  0 -9 
68 35  -1 -4  0 -9 
68 37   1 -5  0 -9 
68 60  -1 -4  0 -9 
68 61   1 -5  0 -9 
68 65  -1 -4  0 -9 
68 67   1 -5  0 -9 
68 69   1 -3  0 -9 
68 71  -1 -4  0 -9 
69 12   1 -6  0 -9 
69 13  -1 -5  0 -9 
69 14   1 -6  0 -9 
69 18  -1 -5  0 -9 
69 20   1 -6  0 -9 
69 29   1 -7  0 -9 
69 35  -1 -5  0 -9 
69 37   1 -6  0 -9 
69 60  -1 -5  0 -9 
69 61   1 -6  0 -9 
69 65  -1 -5  0 -9 
69 67   1 -6  0 -9 
69 68   1 -3  0 -9 
69 70   1 -6  0 -9 
69 71  -1 -5  0 -9 
70 70   1 -8  0 -9 
71 20   1 -7  0 -9 
71 37   1 -7  0 -9 
71 67   1 -7  0 -9 
71 70   1 -7  0 -9 
71 71  -1 -6  0 -9 
72 13  -1 -3  0 -9 
72 14   1 -4  0 -9 
72 15  -1 -1  0 -9 
72 16   1 -2 -1 -4  0 -9 
72 17   1 -2  0 -9 
72 18  -1 -3  0 -9 
72 19   1 -5  0 -9 
72 29  -1 -3  0 -9 
72 35  -1 -3  0 -9 
72 37   1 -4  0 -9 
72 41  -1 -3  0 -9 
72 60  -1 -3  0 -9 
72 61   1 -4  0 -9 
72 62  -1 -1  0 -9 
72 63   1 -2 -1 -4  0 -9 
72 64   1 -2  0 -9 
72 65  -1 -3  0 -9 
72 66   1 -5  0 -9 
72 68  -1 -1  0 -9 
72 69   1 -2  0 -9 
72 71  -1 -3  0 -9 
72 72   1  0  0 -9 
72 73  -1 -1  0 -9 
72 74  -1 -1  0 -9 
72 75   1 -2  0 -9 
72 76  -1 -3  0 -9 
72 77  -1 -3  0 -9 
72 78   1 -2  0 -9 
72 79   1 -4  0 -9 
73 35  -1 -4  0 -9 
73 37   1 -5  0 -9 
73 41  -1 -4  0 -9 
73 70   1 -5  0 -9 
73 71  -1 -4  0 -9 
73 76  -1 -4  0 -9 
73 77  -1 -4  0 -9 
73 78   1 -3  0 -9 
73 79   1 -5  0 -9 
74 16  -1 -5  0 -9 
74 19   1 -6  0 -9 
74 63  -1 -5  0 -9 
74 66   1 -6  0 -9 
74 75   1 -3  0 -9 
74 76  -1 -4  0 -9 
74 77  -1 -4  0 -9 
74 79   1 -5  0 -9 
75 16  -1 -4  0 -9 
75 63  -1 -4  0 -9 
75 70   1 -6  0 -9 
75 74   1 -3  0 -9 
75 76  -1 -5  0 -9 
75 77  -1 -5  0 -9 
75 79   1 -6  0 -9 
76 76  -1 -6  0 -9 
76 79   1 -7  0 -9 
77 70   1 -7  0 -9 
77 77  -1 -6  0 -9 
77 79   1 -7  0 -9 
78 20   1 -6  0 -9 
78 35  -1 -5  0 -9 
78 37   1 -6  0 -9 
78 41   1 -7  0 -9 
78 67   1 -6  0 -9 
78 70   1 -6  0 -9 
78 71  -1 -5  0 -9 
78 73   1 -3  0 -9 
78 76  -1 -5  0 -9 
78 77  -1 -5  0 -9 
78 79   1 -6  0 -9 
79 79   1 -8  0 -9 
80 30  -1 -4  0 -9 
80 60  -1 -5  0 -9 
80 61   1 -6  0 -9 
80 81  -1 -5  0 -9 
80 82   1 -3  0 -9 
80 83  -1 -4  0 -9 
80 84   1 -6  0 -9 
81 81  -1 -6  0 -9 
81 84   1 -7  0 -9 
82 27   1 -6  0 -9 
82 30  -1 -5  0 -9 
82 31   1 -6  0 -9 
82 60  -1 -4  0 -9 
82 80   1 -3  0 -9 
82 81  -1 -4  0 -9 
82 83  -1 -5  0 -9 
82 85   1 -6  0 -9 
83 83  -1 -6  0 -9 
83 85   1 -7  0 -9 
84 84   1 -8  0 -9 
85 85   1 -8  0 -9 
86 83  -1 -4  0 -9 
86 85   1 -5  0 -9 
86 87   1 -3  0 -9 
86 89  -1 -4  0 -9 
87 83  -1 -5  0 -9 
87 85   1 -6  0 -9 
87 86   1 -3  0 -9 
87 88   1 -6  0 -9 
87 89  -1 -5  0 -9 
88 88   1 -8  0 -9 
89 85   1 -7  0 -9 
89 88   1 -7  0 -9 
89 89  -1 -6  0 -9 
90 31  -1 -4  0 -9 
90 81  -1 -4  0 -9 
90 84   1 -5  0 -9 
90 91   1 -3  0 -9 
90 92  -1 -4  0 -9 
91 31   1 -7  0 -9 
91 81  -1 -5  0 -9 
91 84   1 -6  0 -9 
91 90   1 -3  0 -9 
91 92  -1 -5  0 -9 
91 93   1 -6  0 -9 
92 84   1 -7  0 -9 
92 92  -1 -6  0 -9 
92 93   1 -7  0 -9 
93 93   1 -8  0 -9 
94 31  -1 -3  0 -9 
94 81  -1 -3  0 -9 
94 84   1 -4  0 -9 
94 88  -1 -3  0 -9 
94 90  -1 -1  0 -9 
94 91   1 -2  0 -9 
94 92  -1 -3  0 -9 
94 94   1  0  0 -9 
94 95  -1 -1  0 -9 
94 96  -1 -1  0 -9 
94 97   1 -2  0 -9 
94 98  -1 -3  0 -9 
94 99  -1 -3  0 -9 
94 100   1 -2  0 -9 
94 101   1 -4  0 -9 
95 98  -1 -4  0 -9 
95 99  -1 -4  0 -9 
95 100   1 -3  0 -9 
95 101   1 -5  0 -9 
96 81  -1 -4  0 -9 
96 84   1 -5  0 -9 
96 88  -1 -4  0 -9 
96 92  -1 -4  0 -9 
96 93   1 -5  0 -9 
96 97   1 -3  0 -9 
96 98  -1 -4  0 -9 
96 99  -1 -4  0 -9 
96 101   1 -5  0 -9 
97 81  -1 -5  0 -9 
97 84   1 -6  0 -9 
97 88   1 -7  0 -9 
97 92  -1 -5  0 -9 
97 93   1 -6  0 -9 
97 96   1 -3  0 -9 
97 98  -1 -5  0 -9 
97 99  -1 -5  0 -9 
97 101   1 -6  0 -9 
98 93   1 -7  0 -9 
98 98  -1 -6  0 -9 
98 101   1 -7  0 -9 
99 99  -1 -6  0 -9 
99 101   1 -7  0 -9 
100 93   1 -6  0 -9 
100 95   1 -3  0 -9 
100 98  -1 -5  0 -9 
100 99  -1 -5  0 -9 
100 101   1 -6  0 -9 
101 101   1 -8  0 -9 
102 63  -1 -3  0 -9 
102 66   1 -4  0 -9 
102 67  -1 -3  0 -9 
102 83  -1 -3  0 -9 
102 85   1 -4  0 -9 
102 86  -1 -1  0 -9 
102 87   1 -2  0 -9 
102 89  -1 -3  0 -9 
102 93  -1 -3  0 -9 
102 102   1  0  0 -9 
102 103  -1 -1  0 -9 
102 104  -1 -1  0 -9 
102 105   1 -2  0 -9 
102 106  -1 -3  0 -9 
102 107  -1 -3  0 -9 
102 108   1 -2  0 -9 
102 109   1 -4  0 -9 
103 63  -1 -4  0 -9 
103 66   1 -5  0 -9 
103 67  -1 -4  0 -9 
103 83  -1 -4  0 -9 
103 85   1 -5  0 -9 
103 88   1 -5  0 -9 
103 89  -1 -4  0 -9 
103 93  -1 -4  0 -9 
103 106  -1 -4  0 -9 
103 107  -1 -4  0 -9 
103 108   1 -3  0 -9 
103 109   1 -5  0 -9 
104 63  -1 -4  0 -9 
104 66   1 -5  0 -9 
104 105   1 -3  0 -9 
104 106  -1 -4  0 -9 
104 107  -1 -4  0 -9 
104 109   1 -5  0 -9 
105 63  -1 -5  0 -9 
105 66   1 -6  0 -9 
105 88   1 -6  0 -9 
105 104   1 -3  0 -9 
105 106  -1 -5  0 -9 
105 107  -1 -5  0 -9 
105 109   1 -6  0 -9 
106 106  -1 -6  0 -9 
106 109   1 -7  0 -9 
107 66   1 -7  0 -9 
107 88   1 -7  0 -9 
107 107  -1 -6  0 -9 
107 109   1 -7  0 -9 
108 63  -1 -5  0 -9 
108 66   1 -6  0 -9 
108 67   1 -7  0 -9 
108 83  -1 -5  0 -9 
108 85   1 -6  0 -9 
108 88   1 -6  0 -9 
108 89  -1 -5  0 -9 
108 93   1 -7  0 -9 
108 103   1 -3  0 -9 
108 106  -1 -5  0 -9 
108 107  -1 -5  0 -9 
108 109   1 -6  0 -9 
109 109   1 -8  0 -9 
110 99  -1 -5  0 -9 
110 101   1 -6  0 -9 
110 106  -1 -4  0 -9 
110 111   1 -3  0 -9 
111 99  -1 -4  0 -9 
111 106  -1 -5  0 -9 
111 109   1 -6  0 -9 
111 110   1 -3  0 -9 
112 112   1 -8  0 -9 
113  0   1 -7  0 -9 
113 112   1 -7  0 -9 
113 113  -1 -6  0 -9 
113 114   1 -7  0 -9 
114 114   1 -8  0 -9 
115  0   1 -5  0 -9 
115  1  -1 -4  0 -9 
115 113  -1 -4  0 -9 
115 114   1 -5  0 -9 
115 116  -1 -5  0 -9 
115 117   1 -3  0 -9 
115 118  -1 -4  0 -9 
115 119   1 -6  0 -9 
116 116  -1 -6  0 -9 
116 119   1 -7  0 -9 
117  0   1 -6  0 -9 
117  1  -1 -5  0 -9 
117  2   1 -6  0 -9 
117 112   1 -6  0 -9 
117 113  -1 -5  0 -9 
117 114   1 -6  0 -9 
117 115   1 -3  0 -9 
117 116  -1 -4  0 -9 
117 118  -1 -5  0 -9 
117 120   1 -6  0 -9 
118 114   1 -7  0 -9 
118 118  -1 -6  0 -9 
118 120   1 -7  0 -9 
119 119   1 -8  0 -9 
120 120   1 -8  0 -9 
121 121  -1 -6  0 -9 
121 122   1 -7  0 -9 
122 122   1 -8  0 -9 
123 118  -1 -4  0 -9 
123 120   1 -5  0 -9 
123 121  -1 -5  0 -9 
123 122   1 -6  0 -9 
123 124   1 -3  0 -9 
123 126  -1 -4  0 -9 
124 114   1 -6  0 -9 
124 118  -1 -5  0 -9 
124 120   1 -6  0 -9 
124 121  -1 -4  0 -9 
124 123   1 -3  0 -9 
124 125   1 -6  0 -9 
124 126  -1 -5  0 -9 
125 125   1 -8  0 -9 
126 120   1 -7  0 -9 
126 125   1 -7  0 -9 
126 126  -1 -6  0 -9 
127 127   1 -8  0 -9 
128 127   1 -7  0 -9 
128 128  -1 -6  0 -9 
128 129   1 -7  0 -9 
129 129   1 -8  0 -9 
130  0   1 -6  0 -9 
130  1  -1 -5  0 -9 
130  2   1 -6  0 -9 
130 128  -1 -4  0 -9 
130 129   1 -5  0 -9 
130 131  -1 -5  0 -9 
130 132   1 -3  0 -9 
130 133  -1 -4  0 -9 
130 134   1 -6  0 -9 
131  2   1 -7  0 -9 
131 131  -1 -6  0 -9 
131 134   1 -7  0 -9 
132  1  -1 -4  0 -9 
132  2   1 -5  0 -9 
132 127   1 -6  0 -9 
132 128  -1 -5  0 -9 
132 129   1 -6  0 -9 
132 130   1 -3  0 -9 
132 131  -1 -4  0 -9 
132 133  -1 -5  0 -9 
132 135   1 -6  0 -9 
133 129   1 -7  0 -9 
133 133  -1 -6  0 -9 
133 135   1 -7  0 -9 
134 134   1 -8  0 -9 
135 135   1 -8  0 -9 
136 112   1 -7  0 -9 
136 136  -1 -6  0 -9 
136 137   1 -7  0 -9 
137 137   1 -8  0 -9 
138 137   1 -7  0 -9 
138 138  -1 -6  0 -9 
139  1  -1 -3  0 -9 
139 112  -1 -4  0 -9 
139 115  -1 -1  0 -9 
139 116  -1 -4  0 -9 
139 117   1 -2  0 -9 
139 118  -1 -3  0 -9 
139 119   1 -5  0 -9 
139 121  -1 -4  0 -9 
139 122   1 -5  0 -9 
139 123  -1 -1  0 -9 
139 124   1 -2  0 -9 
139 125  -1 -4  0 -9 
139 127   1 -5  0 -9 
139 128  -1 -4  0 -9 
139 129   1 -5  0 -9 
139 130   1 -2  0 -9 
139 132  -1 -1  0 -9 
139 133   1 -2 -1 -4  0 -9 
139 134  -1 -4  0 -9 
139 135   1 -5  0 -9 
139 136   1 -3  0 -9 
139 137  -1 -4  0 -9 
139 139   1  0  0 -9 
139 140  -1 -1  0 -9 
139 141   1 -3  0 -9 
139 142  -1 -4  0 -9 
139 143   1 -2  0 -9 
139 144   1 -5  0 -9 
140 129   1 -6  0 -9 
140 133  -1 -5  0 -9 
140 135   1 -6  0 -9 
140 138  -1 -4  0 -9 
140 142  -1 -5  0 -9 
140 143   1 -3  0 -9 
140 144   1 -6  0 -9 
141 125   1 -7  0 -9 
141 134   1 -7  0 -9 
141 141  -1 -6  0 -9 
142 135   1 -7  0 -9 
142 142  -1 -6  0 -9 
142 144   1 -7  0 -9 
143 133  -1 -4  0 -9 
143 135   1 -5  0 -9 
143 137   1 -6  0 -9 
143 138  -1 -5  0 -9 
143 140   1 -3  0 -9 
143 142  -1 -4  0 -9 
144 144   1 -8  0 -9 
145 145  -1 -6  0 -9 
145 146   1 -7  0 -9 
146 146   1 -8  0 -9 
147 18  -1 -4  0 -9 
147 20   1 -5  0 -9 
147 133  -1 -4  0 -9 
147 135   1 -5  0 -9 
147 145  -1 -5  0 -9 
147 146   1 -6  0 -9 
147 148   1 -3  0 -9 
147 150  -1 -4  0 -9 
148 14   1 -6  0 -9 
148 18  -1 -5  0 -9 
148 20   1 -6  0 -9 
148 129   1 -6  0 -9 
148 133  -1 -5  0 -9 
148 135   1 -6  0 -9 
148 145  -1 -4  0 -9 
148 147   1 -3  0 -9 
148 149   1 -6  0 -9 
148 150  -1 -5  0 -9 
149 149   1 -8  0 -9 
150 20   1 -7  0 -9 
150 135   1 -7  0 -9 
150 149   1 -7  0 -9 
150 150  -1 -6  0 -9 
151 12   1 -7  0 -9 
151 151  -1 -6  0 -9 
151 152   1 -7  0 -9 
152 152   1 -8  0 -9 
153 129   1 -7  0 -9 
153 152   1 -7  0 -9 
153 153  -1 -6  0 -9 
154 12  -1 -4  0 -9 
154 15  -1 -1  0 -9 
154 16  -1 -4  0 -9 
154 17   1 -2  0 -9 
154 18  -1 -3  0 -9 
154 19   1 -5  0 -9 
154 133  -1 -3  0 -9 
154 145  -1 -4  0 -9 
154 146   1 -5  0 -9 
154 147  -1 -1  0 -9 
154 148   1 -2  0 -9 
154 149  -1 -4  0 -9 
154 151   1 -3  0 -9 
154 152  -1 -4  0 -9 
154 154   1  0  0 -9 
154 155  -1 -1  0 -9 
154 156   1 -3  0 -9 
154 157  -1 -4  0 -9 
154 158   1 -2  0 -9 
154 159   1 -5  0 -9 
155 129   1 -5  0 -9 
155 133  -1 -4  0 -9 
155 153  -1 -4  0 -9 
155 157  -1 -5  0 -9 
155 158   1 -3  0 -9 
155 159   1 -6  0 -9 
156 149   1 -7  0 -9 
156 156  -1 -6  0 -9 
157 157  -1 -6  0 -9 
157 159   1 -7  0 -9 
158 129   1 -6  0 -9 
158 133  -1 -5  0 -9 
158 135   1 -6  0 -9 
158 152   1 -6  0 -9 
158 153  -1 -5  0 -9 
158 155   1 -3  0 -9 
158 157  -1 -4  0 -9 
159 159   1 -8  0 -9 
160 160   1 -8  0 -9 
161 160   1 -7  0 -9 
161 161  -1 -6  0 -9 
161 162   1 -7  0 -9 
162 162   1 -8  0 -9 
163 160   1 -7  0 -9 
163 163  -1 -6  0 -9 
163 164   1 -7  0 -9 
164 164   1 -8  0 -9 
165 160   1 -6  0 -9 
165 161  -1 -5  0 -9 
165 162   1 -6  0 -9 
165 163  -1 -5  0 -9 
165 164   1 -6  0 -9 
165 166  -1 -5  0 -9 
165 167   1 -3  0 -9 
165 168  -1 -4  0 -9 
165 169   1 -6  0 -9 
166 164   1 -7  0 -9 
166 166  -1 -6  0 -9 
166 169   1 -7  0 -9 
167 160   1 -5  0 -9 
167 161  -1 -4  0 -9 
167 163  -1 -4  0 -9 
167 164   1 -5  0 -9 
167 165   1 -3  0 -9 
167 166  -1 -4  0 -9 
167 168  -1 -5  0 -9 
167 170   1 -6  0 -9 
168 168  -1 -6  0 -9 
168 170   1 -7  0 -9 
169 169   1 -8  0 -9 
170 170   1 -8  0 -9 
171 166  -1 -4  0 -9 
171 169   1 -5  0 -9 
171 172   1 -3  0 -9 
171 173  -1 -4  0 -9 
172 164   1 -6  0 -9 
172 166  -1 -5  0 -9 
172 169   1 -6  0 -9 
172 171   1 -3  0 -9 
172 173  -1 -5  0 -9 
172 174   1 -6  0 -9 
173 169   1 -7  0 -9 
173 173  -1 -6  0 -9 
173 174   1 -7  0 -9 
174 174   1 -8  0 -9 
175 112  -1 -4  0 -9 
175 121  -1 -4  0 -9 
175 122   1 -5  0 -9 
175 160   1 -5  0 -9 
175 161  -1 -4  0 -9 
175 162   1 -5  0 -9 
175 163  -1 -4  0 -9 
175 176  -1 -5  0 -9 
175 177   1 -3  0 -9 
175 178  -1 -4  0 -9 
175 179   1 -6  0 -9 
176 176  -1 -6  0 -9 
176 179   1 -7  0 -9 
177 112   1 -7  0 -9 
177 121  -1 -5  0 -9 
177 122   1 -6  0 -9 
177 160   1 -6  0 -9 
177 161  -1 -5  0 -9 
177 162   1 -6  0 -9 
177 163  -1 -5  0 -9 
177 164   1 -6  0 -9 
177 175   1 -3  0 -9 
177 176  -1 -4  0 -9 
177 178  -1 -5  0 -9 
177 180   1 -6  0 -9 
178 122   1 -7  0 -9 
178 162   1 -7  0 -9 
178 178  -1 -6  0 -9 
178 180   1 -7  0 -9 
179 179   1 -8  0 -9 
180 180   1 -8  0 -9 
181 121  -1 -4  0 -9 
181 122   1 -5  0 -9 
181 178  -1 -4  0 -9 
181 180   1 -5  0 -9 
181 182   1 -3  0 -9 
181 184  -1 -4  0 -9 
182 121  -1 -5  0 -9 
182 122   1 -6  0 -9 
182 162   1 -6  0 -9 
182 178  -1 -5  0 -9 
182 180   1 -6  0 -9 
182 181   1 -3  0 -9 
182 183   1 -6  0 -9 
182 184  -1 -5  0 -9 
183 183   1 -8  0 -9 
184 180   1 -7  0 -9 
184 183   1 -7  0 -9 
184 184  -1 -6  0 -9 
185 112  -1 -3  0 -9 
185 121  -1 -3  0 -9 
185 122   1 -4  0 -9 
185 160   1 -4  0 -9 
185 161  -1 -3  0 -9 
185 163  -1 -3  0 -9 
185 165   1 -2  0 -9 
185 166  -1 -3  0 -9 
185 167  -1 -1  0 -9 
185 168   1 -2 -1 -4  0 -9 
185 170   1 -5  0 -9 
185 171  -1 -1  0 -9 
185 172   1 -2  0 -9 
185 173  -1 -3  0 -9 
185 175  -1 -1  0 -9 
185 176   1 -2 -1 -4  0 -9 
185 177   1 -2  0 -9 
185 178  -1 -3  0 -9 
185 179   1 -5  0 -9 
185 181  -1 -1  0 -9 
185 182   1 -2  0 -9 
185 184  -1 -3  0 -9 
185 185   1  0  0 -9 
185 186  -1 -1  0 -9 
185 187  -1 -1  0 -9 
185 188   1 -2  0 -9 
185 189  -1 -3  0 -9 
185 190  -1 -3  0 -9 
185 191   1 -2  0 -9 
185 192   1 -4  0 -9 
186 168  -1 -5  0 -9 
186 170   1 -6  0 -9 
186 183   1 -5  0 -9 
186 184  -1 -4  0 -9 
186 189  -1 -4  0 -9 
186 190  -1 -4  0 -9 
186 191   1 -3  0 -9 
186 192   1 -5  0 -9 
187 173  -1 -4  0 -9 
187 174   1 -5  0 -9 
187 176  -1 -5  0 -9 
187 179   1 -6  0 -9 
187 188   1 -3  0 -9 
187 189  -1 -4  0 -9 
187 190  -1 -4  0 -9 
187 192   1 -5  0 -9 
188 169   1 -6  0 -9 
188 173  -1 -5  0 -9 
188 174   1 -6  0 -9 
188 176  -1 -4  0 -9 
188 183   1 -6  0 -9 
188 187   1 -3  0 -9 
188 189  -1 -5  0 -9 
188 190  -1 -5  0 -9 
188 192   1 -6  0 -9 
189 174   1 -7  0 -9 
189 189  -1 -6  0 -9 
189 192   1 -7  0 -9 
190 183   1 -7  0 -9 
190 190  -1 -6  0 -9 
190 192   1 -7  0 -9 
191 168  -1 -4  0 -9 
191 174   1 -6  0 -9 
191 180   1 -6  0 -9 
191 183   1 -6  0 -9 
191 184  -1 -5  0 -9 
191 186   1 -3  0 -9 
191 189  -1 -5  0 -9 
191 190  -1 -5  0 -9 
191 192   1 -6  0 -9 
192 192   1 -8  0 -9 
193 193   1 -8  0 -9 
194 193   1 -7  0 -9 
194 194  -1 -6  0 -9 
194 195   1 -7  0 -9 
195 195   1 -8  0 -9 
196 193   1 -7  0 -9 
196 196  -1 -6  0 -9 
196 197   1 -7  0 -9 
197 197   1 -8  0 -9 
198 193   1 -6  0 -9 
198 194  -1 -5  0 -9 
198 195   1 -6  0 -9 
198 196  -1 -5  0 -9 
198 197   1 -6  0 -9 
198 199  -1 -5  0 -9 
198 200   1 -3  0 -9 
198 201  -1 -4  0 -9 
198 202   1 -6  0 -9 
199 197   1 -7  0 -9 
199 199  -1 -6  0 -9 
199 202   1 -7  0 -9 
200 193   1 -5  0 -9 
200 194  -1 -4  0 -9 
200 196  -1 -4  0 -9 
200 197   1 -5  0 -9 
200 198   1 -3  0 -9 
200 199  -1 -4  0 -9 
200 201  -1 -5  0 -9 
200 203   1 -6  0 -9 
201 201  -1 -6  0 -9 
201 203   1 -7  0 -9 
202 202   1 -8  0 -9 
203 203   1 -8  0 -9 
204 199  -1 -4  0 -9 
204 202   1 -5  0 -9 
204 205   1 -3  0 -9 
204 206  -1 -4  0 -9 
205 197   1 -6  0 -9 
205 199  -1 -5  0 -9 
205 202   1 -6  0 -9 
205 204   1 -3  0 -9 
205 206  -1 -5  0 -9 
205 207   1 -6  0 -9 
206 202   1 -7  0 -9 
206 206  -1 -6  0 -9 
206 207   1 -7  0 -9 
207 207   1 -8  0 -9 
208 136  -1 -4  0 -9 
208 137   1 -5  0 -9 
208 160   1 -6  0 -9 
208 163  -1 -5  0 -9 
208 164   1 -6  0 -9 
208 194  -1 -4  0 -9 
208 195   1 -5  0 -9 
208 209  -1 -5  0 -9 
208 210   1 -3  0 -9 
208 211  -1 -4  0 -9 
208 212   1 -6  0 -9 
209 164   1 -7  0 -9 
209 209  -1 -6  0 -9 
209 212   1 -7  0 -9 
210 112   1 -6  0 -9 
210 136  -1 -5  0 -9 
210 137   1 -6  0 -9 
210 163  -1 -4  0 -9 
210 164   1 -5  0 -9 
210 193   1 -6  0 -9 
210 194  -1 -5  0 -9 
210 195   1 -6  0 -9 
210 208   1 -3  0 -9 
210 209  -1 -4  0 -9 
210 211  -1 -5  0 -9 
210 213   1 -6  0 -9 
211 137   1 -7  0 -9 
211 195   1 -7  0 -9 
211 211  -1 -6  0 -9 
211 213   1 -7  0 -9 
212 212   1 -8  0 -9 
213 213   1 -8  0 -9 
214 112  -1 -3  0 -9 
214 121  -1 -1 -1 -3 -1 -5  0 -9 
214 122   1 -4  1 -6  0 -9 
214 136   1 -2  0 -9 
214 137  -1 -3  0 -9 
214 138   1 -2  0 -9 
214 163  -1 -3  0 -9 
214 175  -1 -1  0 -9 
214 176  -1 -4  0 -9 
214 177   1 -2  0 -9 
214 178  -1 -3  0 -9 
214 179   1 -5  0 -9 
214 181  -1 -1  0 -9 
214 182   1 -2  0 -9 
214 183  -1 -4  0 -9 
214 193   1 -5  0 -9 
214 194  -1 -4  0 -9 
214 195   1 -5  0 -9 
214 208   1 -2  0 -9 
214 210  -1 -1  0 -9 
214 211   1 -2 -1 -4  0 -9 
214 212  -1 -4  0 -9 
214 213   1 -5  0 -9 
214 214   1  0  0 -9 
214 215  -1 -1  0 -9 
214 216   1 -3  0 -9 
214 217  -1 -4  0 -9 
214 218   1 -2  0 -9 
214 219   1 -5  0 -9 
215 137   1 -6  0 -9 
215 138  -1 -5  0 -9 
215 195   1 -6  0 -9 
215 211  -1 -5  0 -9 
215 213   1 -6  0 -9 
215 217  -1 -5  0 -9 
215 218   1 -3  0 -9 
215 219   1 -6  0 -9 
216 183   1 -7  0 -9 
216 212   1 -7  0 -9 
216 216  -1 -6  0 -9 
217 213   1 -7  0 -9 
217 217  -1 -6  0 -9 
217 219   1 -7  0 -9 
218 137   1 -5  0 -9 
218 138  -1 -4  0 -9 
218 211  -1 -4  0 -9 
218 213   1 -5  0 -9 
218 215   1 -3  0 -9 
218 217  -1 -4  0 -9 
219 219   1 -8  0 -9 
220 112  -1 -2  0 -9 
220 121  -1  0 -1 -2  0 -9 
220 122   1 -3  0 -9 
220 136   1 -1  0 -9 
220 137  -1 -2  0 -9 
220 138   1 -1  0 -9 
220 164  -1 -3  0 -9 
220 167  -1  0  0 -9 
220 168   1 -1  0 -9 
220 171  -1  0  0 -9 
220 172   1 -1  0 -9 
220 173  -1 -2  0 -9 
220 175  -1  0  0 -9 
220 176  -1 -3  0 -9 
220 177   1 -1  0 -9 
220 178  -1 -2  0 -9 
220 179   1 -4  0 -9 
220 181  -1  0  0 -9 
220 182   1 -1  0 -9 
220 183  -1 -3  0 -9 
220 185   1  1  0 -9 
220 186  -1  0  0 -9 
220 187  -1  0  0 -9 
220 188   1 -1  0 -9 
220 193   1 -4  0 -9 
220 194  -1 -3  0 -9 
220 196  -1 -3  0 -9 
220 197   1 -4  0 -9 
220 198   1 -2  0 -9 
220 199  -1 -3  0 -9 
220 200   1  1  0 -9 
220 201  -1  0 -1 -4  0 -9 
220 203   1 -5  0 -9 
220 205  -1  0  0 -9 
220 206   1 -1  0 -9 
220 209   1 -2  0 -9 
220 210  -1  0  0 -9 
220 211   1 -1  0 -9 
220 212  -1 -3  0 -9 
220 214   1  1  0 -9 
220 215  -1  0  0 -9 
220 216   1 -2  0 -9 
220 217  -1 -3  0 -9 
220 219   1 -4  0 -9 
220 220  -1  2  0 -9 
220 221   1  1  0 -9 
220 222   1  1  0 -9 
220 223  -1  0  0 -9 
220 224  -1 -3  0 -9 
220 226   1 -2  0 -9 
220 227  -1 -3  0 -9 
220 228   1 -4  0 -9 
221 201  -1 -5  0 -9 
221 203   1 -6  0 -9 
221 217  -1 -4  0 -9 
221 219   1 -5  0 -9 
221 224  -1 -4  0 -9 
221 226   1 -3  0 -9 
221 227  -1 -4  0 -9 
221 228   1 -5  0 -9 
222 164  -1 -4  0 -9 
222 171  -1 -1  0 -9 
222 172   1 -2  0 -9 
222 173  -1 -3  0 -9 
222 176  -1 -4  0 -9 
222 179   1 -5  0 -9 
222 187  -1 -1  0 -9 
222 188   1 -2  0 -9 
222 190  -1 -3  0 -9 
222 197   1 -5  0 -9 
222 199  -1 -4  0 -9 
222 202   1 -5  0 -9 
222 204   1 -2  0 -9 
222 205  -1 -1  0 -9 
222 206   1 -2 -1 -4  0 -9 
222 207   1 -5  0 -9 
222 209   1 -3  0 -9 
222 212  -1 -4  0 -9 
222 222   1  0  0 -9 
222 223  -1 -1  0 -9 
222 224  -1 -4  0 -9 
222 225   1 -2  0 -9 
222 228   1 -5  0 -9 
223 183   1 -5  0 -9 
223 190  -1 -4  0 -9 
223 202   1 -6  0 -9 
223 206  -1 -5  0 -9 
223 207   1 -6  0 -9 
223 216  -1 -4  0 -9 
223 224  -1 -5  0 -9 
223 225   1 -3  0 -9 
223 228   1 -6  0 -9 
224 207   1 -7  0 -9 
224 224  -1 -6  0 -9 
224 228   1 -7  0 -9 
225 183   1 -6  0 -9 
225 190  -1 -5  0 -9 
225 192   1 -6  0 -9 
225 206  -1 -4  0 -9 
225 207   1 -5  0 -9 
225 212   1 -6  0 -9 
225 216  -1 -5  0 -9 
225 223   1 -3  0 -9 
225 224  -1 -4  0 -9 
226 201  -1 -4  0 -9 
226 207   1 -6  0 -9 
226 213   1 -6  0 -9 
226 217  -1 -5  0 -9 
226 219   1 -6  0 -9 
226 221   1 -3  0 -9 
226 224  -1 -5  0 -9 
226 227  -1 -5  0 -9 
226 228   1 -6  0 -9 
227 219   1 -7  0 -9 
227 227  -1 -6  0 -9 
227 228   1 -7  0 -9 
228 228   1 -8  0 -9 
229 229   1 -8  0 -9 
230 230  -1 -6  0 -9 
230 231   1 -7  0 -9 
231 231   1 -8  0 -9 
232  0   1 -5  0 -9 
232  1  -1 -4  0 -9 
232 12  -1 -4  0 -9 
232 27   1 -5  0 -9 
232 28  -1 -4  0 -9 
232 29   1 -5  0 -9 
232 30  -1 -4  0 -9 
232 127  -1 -4  0 -9 
232 145  -1 -4  0 -9 
232 146   1 -5  0 -9 
232 193   1 -5  0 -9 
232 194  -1 -4  0 -9 
232 195   1 -5  0 -9 
232 196  -1 -4  0 -9 
232 229  -1 -4  0 -9 
232 230  -1 -4  0 -9 
232 231   1 -5  0 -9 
232 233  -1 -5  0 -9 
232 234   1 -3  0 -9 
232 235  -1 -4  0 -9 
232 236   1 -6  0 -9 
233 233  -1 -6  0 -9 
233 236   1 -7  0 -9 
234  0   1 -6  0 -9 
234  1  -1 -5  0 -9 
234  2   1 -6  0 -9 
234 12   1 -7  0 -9 
234 27   1 -6  0 -9 
234 28  -1 -5  0 -9 
234 29   1 -6  0 -9 
234 30  -1 -5  0 -9 
234 31   1 -6  0 -9 
234 127   1 -7  0 -9 
234 145  -1 -5  0 -9 
234 146   1 -6  0 -9 
234 193   1 -6  0 -9 
234 194  -1 -5  0 -9 
234 195   1 -6  0 -9 
234 196  -1 -5  0 -9 
234 197   1 -6  0 -9 
234 229   1 -7  0 -9 
234 230  -1 -5  0 -9 
234 231   1 -6  0 -9 
234 232   1 -3  0 -9 
234 233  -1 -4  0 -9 
234 235  -1 -5  0 -9 
234 237   1 -6  0 -9 
235 29   1 -7  0 -9 
235 146   1 -7  0 -9 
235 195   1 -7  0 -9 
235 231   1 -7  0 -9 
235 235  -1 -6  0 -9 
235 237   1 -7  0 -9 
236 236   1 -8  0 -9 
237 237   1 -8  0 -9 
238 145  -1 -4  0 -9 
238 146   1 -5  0 -9 
238 230  -1 -4  0 -9 
238 231   1 -5  0 -9 
238 235  -1 -4  0 -9 
238 237   1 -5  0 -9 
238 239   1 -3  0 -9 
238 241  -1 -4  0 -9 
239 29   1 -6  0 -9 
239 145  -1 -5  0 -9 
239 146   1 -6  0 -9 
239 195   1 -6  0 -9 
239 230  -1 -5  0 -9 
239 231   1 -6  0 -9 
239 235  -1 -5  0 -9 
239 237   1 -6  0 -9 
239 238   1 -3  0 -9 
239 240   1 -6  0 -9 
239 241  -1 -5  0 -9 
240 240   1 -8  0 -9 
241 237   1 -7  0 -9 
241 240   1 -7  0 -9 
241 241  -1 -6  0 -9 
242  0   1 -4  0 -9 
242  1  -1 -3  0 -9 
242 12  -1 -3  0 -9 
242 27   1 -4  0 -9 
242 28  -1 -3  0 -9 
242 30  -1 -3  0 -9 
242 32   1 -2  0 -9 
242 33  -1 -3  0 -9 
242 34  -1 -1  0 -9 
242 35   1 -2 -1 -4  0 -9 
242 37   1 -5  0 -9 
242 38  -1 -1  0 -9 
242 39   1 -2  0 -9 
242 40  -1 -3  0 -9 
242 127  -1 -3  0 -9 
242 145  -1 -3  0 -9 
242 146   1 -4  0 -9 
242 193   1 -4  0 -9 
242 194  -1 -3  0 -9 
242 196  -1 -3  0 -9 
242 198   1 -2  0 -9 
242 199  -1 -3  0 -9 
242 200  -1 -1  0 -9 
242 201   1 -2 -1 -4  0 -9 
242 203   1 -5  0 -9 
242 204  -1 -1  0 -9 
242 205   1 -2  0 -9 
242 206  -1 -3  0 -9 
242 229  -1 -3  0 -9 
242 230  -1 -3  0 -9 
242 231   1 -4  0 -9 
242 232  -1 -1  0 -9 
242 233   1 -2 -1 -4  0 -9 
242 234   1 -2  0 -9 
242 235  -1 -3  0 -9 
242 236   1 -5  0 -9 
242 238  -1 -1  0 -9 
242 239   1 -2  0 -9 
242 241  -1 -3  0 -9 
242 242   1  0  0 -9 
242 243  -1 -1  0 -9 
242 244  -1 -1  0 -9 
242 245   1 -2  0 -9 
242 246  -1 -3  0 -9 
242 247  -1 -3  0 -9 
242 248   1 -2  0 -9 
242 249   1 -4  0 -9 
243 35  -1 -5  0 -9 
243 37   1 -6  0 -9 
243 201  -1 -5  0 -9 
243 203   1 -6  0 -9 
243 240   1 -5  0 -9 
243 241  -1 -4  0 -9 
243 246  -1 -4  0 -9 
243 247  -1 -4  0 -9 
243 248   1 -3  0 -9 
243 249   1 -5  0 -9 
244 40  -1 -4  0 -9 
244 41   1 -5  0 -9 
244 206  -1 -4  0 -9 
244 207   1 -5  0 -9 
244 233  -1 -5  0 -9 
244 236   1 -6  0 -9 
244 245   1 -3  0 -9 
244 246  -1 -4  0 -9 
244 247  -1 -4  0 -9 
244 249   1 -5  0 -9 
245 36   1 -6  0 -9 
245 40  -1 -5  0 -9 
245 41   1 -6  0 -9 
245 202   1 -6  0 -9 
245 206  -1 -5  0 -9 
245 207   1 -6  0 -9 
245 233  -1 -4  0 -9 
245 240   1 -6  0 -9 
245 244   1 -3  0 -9 
245 246  -1 -5  0 -9 
245 247  -1 -5  0 -9 
245 249   1 -6  0 -9 
246 41   1 -7  0 -9 
246 207   1 -7  0 -9 
246 246  -1 -6  0 -9 
246 249   1 -7  0 -9 
247 240   1 -7  0 -9 
247 247  -1 -6  0 -9 
247 249   1 -7  0 -9 
248 35  -1 -4  0 -9 
248 41   1 -6  0 -9 
248 201  -1 -4  0 -9 
248 207   1 -6  0 -9 
248 237   1 -6  0 -9 
248 240   1 -6  0 -9 
248 241  -1 -5  0 -9 
248 243   1 -3  0 -9 
248 246  -1 -5  0 -9 
248 247  -1 -5  0 -9 
248 249   1 -6  0 -9 
249 249   1 -8  0 -9 
250 229   1 -7  0 -9 
250 250  -1 -6  0 -9 
250 251   1 -7  0 -9 
251 251   1 -8  0 -9 
252 251   1 -7  0 -9 
252 252  -1 -6  0 -9 
253 27   1 -6  0 -9 
253 30  -1 -5  0 -9 
253 31   1 -6  0 -9 
253 151  -1 -4  0 -9 
253 152   1 -5  0 -9 
253 250  -1 -4  0 -9 
253 251   1 -5  0 -9 
253 254  -1 -5  0 -9 
253 255   1 -3  0 -9 
253 256  -1 -4  0 -9 
253 257   1 -6  0 -9 
254 31   1 -7  0 -9 
254 254  -1 -6  0 -9 
254 257   1 -7  0 -9 
255 12   1 -6  0 -9 
255 30  -1 -4  0 -9 
255 31   1 -5  0 -9 
255 151  -1 -5  0 -9 
255 152   1 -6  0 -9 
255 229   1 -6  0 -9 
255 250  -1 -5  0 -9 
255 251   1 -6  0 -9 
255 253   1 -3  0 -9 
255 254  -1 -4  0 -9 
255 256  -1 -5  0 -9 
255 258   1 -6  0 -9 
256 152   1 -7  0 -9 
256 251   1 -7  0 -9 
256 256  -1 -6  0 -9 
256 258   1 -7  0 -9 
257 257   1 -8  0 -9 
258 258   1 -8  0 -9 
259  1  -1 -3  0 -9 
259 12  -1 -3  0 -9 
259 30  -1 -3  0 -9 
259 127  -1 -3  0 -9 
259 128   1 -2  0 -9 
259 129  -1 -3  0 -9 
259 130   1 -2  0 -9 
259 132  -1 -1  0 -9 
259 133   1 -2 -1 -4  0 -9 
259 134  -1 -4  0 -9 
259 135   1 -5  0 -9 
259 145  -1 -1 -1 -3 -1 -5  0 -9 
259 146   1 -4  1 -6  0 -9 
259 151   1 -2  0 -9 
259 152  -1 -3  0 -9 
259 153   1 -2  0 -9 
259 193   1 -4  1 -6  0 -9 
259 194  -1 -1 -1 -3 -1 -5  0 -9 
259 195   1 -2  1 -6  0 -9 
259 196  -1 -3  0 -9 
259 198   1 -2  0 -9 
259 200  -1 -1  0 -9 
259 201   1 -2 -1 -4  0 -9 
259 202  -1 -4  0 -9 
259 203   1 -5  0 -9 
259 229  -1 -3  0 -9 
259 230  -1 -1 -1 -3 -1 -5  0 -9 
259 231   1 -4  1 -6  0 -9 
259 232  -1 -1  0 -9 
259 233  -1 -4  0 -9 
259 234   1 -2  0 -9 
259 235  -1 -3  0 -9 
259 236   1 -5  0 -9 
259 238  -1 -1  0 -9 
259 239   1 -2  0 -9 
259 240  -1 -4  0 -9 
259 250   1 -2  0 -9 
259 251  -1 -3  0 -9 
259 252   1 -2  0 -9 
259 253   1 -2  0 -9 
259 255  -1 -1  0 -9 
259 256   1 -2 -1 -4  0 -9 
259 257  -1 -4  0 -9 
259 258   1 -5  0 -9 
259 259   1  0  0 -9 
259 260  -1 -1  0 -9 
259 261   1 -3  0 -9 
259 262  -1 -4  0 -9 
259 263   1 -2  0 -9 
259 264   1 -5  0 -9 
260 129   1 -6  0 -9 
260 133  -1 -5  0 -9 
260 135   1 -6  0 -9 
260 152   1 -6  0 -9 
260 153  -1 -5  0 -9 
260 195   1 -7  0 -9 
260 201  -1 -5  0 -9 
260 203   1 -6  0 -9 
260 251   1 -6  0 -9 
260 252  -1 -5  0 -9 
260 256  -1 -5  0 -9 
260 258   1 -6  0 -9 
260 262  -1 -5  0 -9 
260 263   1 -3  0 -9 
260 264   1 -6  0 -9 
261 134   1 -7  0 -9 
261 202   1 -7  0 -9 
261 240   1 -7  0 -9 
261 257   1 -7  0 -9 
261 261  -1 -6  0 -9 
262 135   1 -7  0 -9 
262 203   1 -7  0 -9 
262 258   1 -7  0 -9 
262 262  -1 -6  0 -9 
262 264   1 -7  0 -9 
263 129   1 -5  0 -9 
263 133  -1 -4  0 -9 
263 135   1 -5  0 -9 
263 152   1 -5  0 -9 
263 153  -1 -4  0 -9 
263 195  -1 -4  0 -9 
263 201  -1 -4  0 -9 
263 203   1 -5  0 -9 
263 251   1 -5  0 -9 
263 252  -1 -4  0 -9 
263 256  -1 -4  0 -9 
263 258   1 -5  0 -9 
263 260   1 -3  0 -9 
263 262  -1 -4  0 -9 
264 264   1 -8  0 -9 
265  2  -1 -3  0 -9 
265 12  -1 -2  0 -9 
265 31  -1 -3  0 -9 
265 34  -1  0  0 -9 
265 35   1 -1  0 -9 
265 38  -1  0  0 -9 
265 39   1 -1  0 -9 
265 40  -1 -2  0 -9 
265 127  -1 -2  0 -9 
265 128   1 -1  0 -9 
265 129  -1 -2  0 -9 
265 131   1 -2  0 -9 
265 132  -1  0  0 -9 
265 133   1 -1  0 -9 
265 134  -1 -3  0 -9 
265 145  -1  0 -1 -2  0 -9 
265 146   1 -3  0 -9 
265 151   1 -1  0 -9 
265 152  -1 -2  0 -9 
265 153   1 -1  0 -9 
265 193   1 -3  0 -9 
265 194  -1  0 -1 -2  0 -9 
265 195   1 -1  0 -9 
265 196  -1 -2  0 -9 
265 198   1 -1  0 -9 
265 200  -1  0  0 -9 
265 201   1 -1 -1 -3  0 -9 
265 202  -1 -3  0 -9 
265 203   1 -4  0 -9 
265 204  -1  0  0 -9 
265 207  -1 -3  0 -9 
265 229  -1 -2  0 -9 
265 230  -1  0 -1 -2  0 -9 
265 231   1 -3  0 -9 
265 232  -1  0  0 -9 
265 233  -1 -3  0 -9 
265 234   1 -1  0 -9 
265 235  -1 -2  0 -9 
265 236   1 -4  0 -9 
265 238  -1  0  0 -9 
265 239   1 -1  0 -9 
265 240  -1 -3  0 -9 
265 242   1  1  0 -9 
265 243  -1  0  0 -9 
265 244  -1  0  0 -9 
265 245   1 -1  0 -9 
265 250   1 -1  0 -9 
265 251  -1 -2  0 -9 
265 252   1 -1  0 -9 
265 254   1 -2  0 -9 
265 255  -1  0  0 -9 
265 256   1 -1  0 -9 
265 257  -1 -3  0 -9 
265 259   1  1  0 -9 
265 260  -1  0  0 -9 
265 261   1 -2  0 -9 
265 262  -1 -3  0 -9 
265 264   1 -4  0 -9 
265 265  -1  2  0 -9 
265 266   1  1  0 -9 
265 267   1  1  0 -9 
265 268  -1  0  0 -9 
265 269  -1 -3  0 -9 
265 271   1 -2  0 -9 
265 272  -1 -3  0 -9 
265 273   1 -4  0 -9 
266 201  -1 -4  0 -9 
266 203   1 -5  0 -9 
266 207  -1 -4  0 -9 
266 262  -1 -4  0 -9 
266 264   1 -5  0 -9 
266 269  -1 -4  0 -9 
266 271   1 -3  0 -9 
266 272  -1 -4  0 -9 
266 273   1 -5  0 -9 
267  2  -1 -4  0 -9 
267 31  -1 -4  0 -9 
267 38  -1 -1  0 -9 
267 39   1 -2  0 -9 
267 40  -1 -3  0 -9 
267 131   1 -3  0 -9 
267 134  -1 -4  0 -9 
267 206  -1 -3  0 -9 
267 233  -1 -4  0 -9 
267 236   1 -5  0 -9 
267 244  -1 -1  0 -9 
267 245   1 -2  0 -9 
267 247  -1 -3  0 -9 
267 254   1 -3  0 -9 
267 257  -1 -4  0 -9 
267 267   1  0  0 -9 
267 268  -1 -1  0 -9 
267 269  -1 -4  0 -9 
267 270   1 -2  0 -9 
267 273   1 -5  0 -9 
268 202   1 -5  0 -9 
268 206  -1 -4  0 -9 
268 240   1 -5  0 -9 
268 247  -1 -4  0 -9 
268 261  -1 -4  0 -9 
268 269  -1 -5  0 -9 
268 270   1 -3  0 -9 
268 273   1 -6  0 -9 
269 269  -1 -6  0 -9 
269 273   1 -7  0 -9 
270 134   1 -6  0 -9 
270 202   1 -6  0 -9 
270 206  -1 -5  0 -9 
270 207   1 -6  0 -9 
270 240   1 -6  0 -9 
270 247  -1 -5  0 -9 
270 249   1 -6  0 -9 
270 257   1 -6  0 -9 
270 261  -1 -5  0 -9 
270 268   1 -3  0 -9 
270 269  -1 -4  0 -9 
271 135   1 -6  0 -9 
271 201  -1 -5  0 -9 
271 203   1 -6  0 -9 
271 207   1 -7  0 -9 
271 258   1 -6  0 -9 
271 262  -1 -5  0 -9 
271 264   1 -6  0 -9 
271 266   1 -3  0 -9 
271 269  -1 -5  0 -9 
271 272  -1 -5  0 -9 
271 273   1 -6  0 -9 
272 264   1 -7  0 -9 
272 272  -1 -6  0 -9 
272 273   1 -7  0 -9 
273 273   1 -8  0 -9 
274 12   1 -5  0 -9 
274 65  -1 -4  0 -9 
274 67   1 -5  0 -9 
274 151  -1 -4  0 -9 
274 152   1 -5  0 -9 
274 230  -1 -5  0 -9 
274 231   1 -6  0 -9 
274 256  -1 -4  0 -9 
274 258   1 -5  0 -9 
274 275   1 -3  0 -9 
274 277  -1 -4  0 -9 
275 12   1 -6  0 -9 
275 61   1 -6  0 -9 
275 65  -1 -5  0 -9 
275 67   1 -6  0 -9 
275 151  -1 -5  0 -9 
275 152   1 -6  0 -9 
275 230  -1 -4  0 -9 
275 251   1 -6  0 -9 
275 256  -1 -5  0 -9 
275 258   1 -6  0 -9 
275 274   1 -3  0 -9 
275 276   1 -6  0 -9 
275 277  -1 -5  0 -9 
276 276   1 -8  0 -9 
277 67   1 -7  0 -9 
277 258   1 -7  0 -9 
277 276   1 -7  0 -9 
277 277  -1 -6  0 -9 
278 62  -1 -1  0 -9 
278 63  -1 -4  0 -9 
278 64   1 -2  0 -9 
278 65  -1 -3  0 -9 
278 66   1 -5  0 -9 
278 230  -1 -4  0 -9 
278 231   1 -5  0 -9 
278 256  -1 -3  0 -9 
278 274  -1 -1  0 -9 
278 275   1 -2  0 -9 
278 276  -1 -4  0 -9 
278 278   1  0  0 -9 
278 279  -1 -1  0 -9 
278 280   1 -3  0 -9 
278 281  -1 -4  0 -9 
278 282   1 -2  0 -9 
278 283   1 -5  0 -9 
279 251   1 -5  0 -9 
279 252  -1 -4  0 -9 
279 256  -1 -4  0 -9 
279 281  -1 -5  0 -9 
279 282   1 -3  0 -9 
279 283   1 -6  0 -9 
280 276   1 -7  0 -9 
280 280  -1 -6  0 -9 
281 281  -1 -6  0 -9 
281 283   1 -7  0 -9 
282 152   1 -6  0 -9 
282 251   1 -6  0 -9 
282 252  -1 -5  0 -9 
282 256  -1 -5  0 -9 
282 258   1 -6  0 -9 
282 279   1 -3  0 -9 
282 281  -1 -4  0 -9 
283 283   1 -8  0 -9 
284 12  -1 -3  0 -9 
284 15  -1  0  0 -9 
284 16  -1 -3  0 -9 
284 17   1 -1  0 -9 
284 19   1 -4  0 -9 
284 20  -1 -3  0 -9 
284 41  -1 -2  0 -9 
284 62  -1  0  0 -9 
284 63  -1 -3  0 -9 
284 64   1 -1  0 -9 
284 66   1 -4  0 -9 
284 67  -1 -3  0 -9 
284 68  -1  0  0 -9 
284 72   1  1  0 -9 
284 73  -1  0  0 -9 
284 74  -1  0  0 -9 
284 75   1 -1  0 -9 
284 76  -1  0 -1 -2  0 -9 
284 77  -1 -2  0 -9 
284 78   1 -1  0 -9 
284 79   1 -3  0 -9 
284 135  -1 -3  0 -9 
284 145  -1 -3  0 -9 
284 146   1 -4  0 -9 
284 147  -1  0  0 -9 
284 149  -1 -3  0 -9 
284 150   1 -2  0 -9 
284 151   1 -2  0 -9 
284 152  -1 -3  0 -9 
284 154   1  1  0 -9 
284 155  -1  0  0 -9 
284 156   1 -2  0 -9 
284 157  -1 -3  0 -9 
284 158   1 -1  0 -9 
284 159   1 -4  0 -9 
284 207  -1 -2  0 -9 
284 230  -1 -3  0 -9 
284 231   1 -4  0 -9 
284 235  -1 -3  0 -9 
284 237   1 -4  0 -9 
284 238   1  1  0 -9 
284 239   1 -2  0 -9 
284 241  -1 -3  0 -9 
284 246   1 -1  0 -9 
284 247   1 -1  0 -9 
284 248  -1  0  0 -9 
284 249  -1 -2  0 -9 
284 258  -1 -3  0 -9 
284 263  -1  0  0 -9 
284 266  -1  0  0 -9 
284 269  -1  0 -1 -2  0 -9 
284 271   1 -1  0 -9 
284 272  -1 -2  0 -9 
284 273   1 -3  0 -9 
284 274  -1  0  0 -9 
284 276  -1 -3  0 -9 
284 277   1 -2  0 -9 
284 278   1  1  0 -9 
284 279  -1  0  0 -9 
284 280   1 -2  0 -9 
284 281  -1 -3  0 -9 
284 282   1 -1  0 -9 
284 283   1 -4  0 -9 
284 284  -1  2  0 -9 
284 285  -1  0  0 -9 
284 286   1  1  0 -9 
284 287   1 -1  0 -9 
284 288   1  1  0 -9 
284 290  -1  0  0 -9 
284 291   1 -1  0 -9 
284 292  -1 -2  0 -9 
285 156  -1 -4  0 -9 
285 240   1 -6  0 -9 
285 247  -1 -5  0 -9 
285 249   1 -6  0 -9 
285 280  -1 -4  0 -9 
285 287  -1 -5  0 -9 
285 289   1 -3  0 -9 
285 292   1 -6  0 -9 
286 16  -1 -4  0 -9 
286 19   1 -5  0 -9 
286 20  -1 -4  0 -9 
286 35  -1 -3  0 -9 
286 41  -1 -3  0 -9 
286 63  -1 -4  0 -9 
286 66   1 -5  0 -9 
286 67  -1 -4  0 -9 
286 73  -1 -1  0 -9 
286 74  -1 -1  0 -9 
286 75   1 -2  0 -9 
286 76  -1 -1 -1 -3 -1 -5  0 -9 
286 77  -1 -3  0 -9 
286 78   1 -2  0 -9 
286 79   1 -4  1 -6  0 -9 
286 135  -1 -4  0 -9 
286 149  -1 -4  0 -9 
286 150   1 -3  0 -9 
286 157  -1 -4  0 -9 
286 159   1 -5  0 -9 
286 201  -1 -3  0 -9 
286 207  -1 -3  0 -9 
286 237   1 -5  0 -9 
286 240   1 -5  0 -9 
286 241  -1 -4  0 -9 
286 243   1 -2  0 -9 
286 246   1 -2  0 -9 
286 247   1 -2 -1 -4  0 -9 
286 248  -1 -1  0 -9 
286 249  -1 -3  0 -9 
286 258  -1 -4  0 -9 
286 266  -1 -1  0 -9 
286 269  -1 -1 -1 -3 -1 -5  0 -9 
286 271   1 -2  0 -9 
286 272  -1 -3  0 -9 
286 273   1 -4  1 -6  0 -9 
286 276  -1 -4  0 -9 
286 277   1 -3  0 -9 
286 281  -1 -4  0 -9 
286 283   1 -5  0 -9 
286 285  -1 -1  0 -9 
286 286   1  0  0 -9 
286 287   1 -2  0 -9 
286 289   1 -2  0 -9 
286 290  -1 -1  0 -9 
286 291   1 -2  0 -9 
286 292  -1 -3  0 -9 
287 249   1 -7  0 -9 
287 287  -1 -6  0 -9 
287 292   1 -7  0 -9 
288 129   1 -4  0 -9 
288 133  -1 -3  0 -9 
288 153  -1 -3  0 -9 
288 155  -1 -1  0 -9 
288 157   1 -2 -1 -4  0 -9 
288 158   1 -2  0 -9 
288 159   1 -5  0 -9 
288 195  -1 -3  0 -9 
288 201  -1 -3  0 -9 
288 203   1 -4  0 -9 
288 207  -1 -3  0 -9 
288 251   1 -4  0 -9 
288 252  -1 -3  0 -9 
288 256  -1 -3  0 -9 
288 260   1 -2  0 -9 
288 262  -1 -3  0 -9 
288 263  -1 -1  0 -9 
288 266  -1 -1  0 -9 
288 269  -1 -3  0 -9 
288 271   1 -2  0 -9 
288 272  -1 -3  0 -9 
288 273   1 -4  0 -9 
288 279  -1 -1  0 -9 
288 281   1 -2 -1 -4  0 -9 
288 282   1 -2  0 -9 
288 283   1 -5  0 -9 
288 288   1  0  0 -9 
288 290  -1 -1  0 -9 
288 291   1 -2  0 -9 
288 292  -1 -3  0 -9 
289 149   1 -6  0 -9 
289 156  -1 -5  0 -9 
289 247  -1 -4  0 -9 
289 249   1 -5  0 -9 
289 276   1 -6  0 -9 
289 280  -1 -5  0 -9 
289 285   1 -3  0 -9 
289 287  -1 -4  0 -9 
290 157  -1 -5  0 -9 
290 159   1 -6  0 -9 
290 269  -1 -4  0 -9 
290 272  -1 -4  0 -9 
290 273   1 -5  0 -9 
290 281  -1 -5  0 -9 
290 283   1 -6  0 -9 
290 291   1 -3  0 -9 
290 292  -1 -4  0 -9 
291 157  -1 -4  0 -9 
291 264   1 -6  0 -9 
291 269  -1 -5  0 -9 
291 272  -1 -5  0 -9 
291 273   1 -6  0 -9 
291 281  -1 -4  0 -9 
291 290   1 -3  0 -9 
291 292   1 -7  0 -9 
292 292   1 -8  0 -9 
293 229   1 -7  0 -9 
293 293  -1 -6  0 -9 
293 294   1 -7  0 -9 
294 294   1 -8  0 -9 
295 230  -1 -5  0 -9 
295 231   1 -6  0 -9 
295 293  -1 -4  0 -9 
295 296  -1 -5  0 -9 
295 297   1 -3  0 -9 
295 298  -1 -4  0 -9 
295 299   1 -6  0 -9 
296 296  -1 -6  0 -9 
296 299   1 -7  0 -9 
297 229   1 -6  0 -9 
297 230  -1 -4  0 -9 
297 293  -1 -5  0 -9 
297 294   1 -6  0 -9 
297 295   1 -3  0 -9 
297 296  -1 -4  0 -9 
297 298  -1 -5  0 -9 
297 300   1 -6  0 -9 
298 298  -1 -6  0 -9 
298 300   1 -7  0 -9 
299 299   1 -8  0 -9 
300 300   1 -8  0 -9 
301 298  -1 -4  0 -9 
301 300   1 -5  0 -9 
301 302   1 -3  0 -9 
301 304  -1 -4  0 -9 
302 298  -1 -5  0 -9 
302 300   1 -6  0 -9 
302 301   1 -3  0 -9 
302 303   1 -6  0 -9 
302 304  -1 -5  0 -9 
303 303   1 -8  0 -9 
304 300   1 -7  0 -9 
304 303   1 -7  0 -9 
304 304  -1 -6  0 -9 
305 294  -1 -4  0 -9 
305 296  -1 -4  0 -9 
305 299   1 -5  0 -9 
305 306   1 -3  0 -9 
305 307  -1 -4  0 -9 
306 294   1 -7  0 -9 
306 296  -1 -5  0 -9 
306 299   1 -6  0 -9 
306 305   1 -3  0 -9 
306 307  -1 -5  0 -9 
306 308   1 -6  0 -9 
307 299   1 -7  0 -9 
307 307  -1 -6  0 -9 
307 308   1 -7  0 -9 
308 308   1 -8  0 -9 
309 294  -1 -3  0 -9 
309 296  -1 -3  0 -9 
309 299   1 -4  0 -9 
309 303  -1 -3  0 -9 
309 305  -1 -1  0 -9 
309 306   1 -2  0 -9 
309 307  -1 -3  0 -9 
309 309   1  0  0 -9 
309 310  -1 -1  0 -9 
309 311  -1 -1  0 -9 
309 312   1 -2  0 -9 
309 313  -1 -3  0 -9 
309 314  -1 -3  0 -9 
309 315   1 -2  0 -9 
309 316   1 -4  0 -9 
310 313  -1 -4  0 -9 
310 314  -1 -4  0 -9 
310 315   1 -3  0 -9 
310 316   1 -5  0 -9 
311 296  -1 -4  0 -9 
311 299   1 -5  0 -9 
311 303  -1 -4  0 -9 
311 307  -1 -4  0 -9 
311 308   1 -5  0 -9 
311 312   1 -3  0 -9 
311 313  -1 -4  0 -9 
311 314  -1 -4  0 -9 
311 316   1 -5  0 -9 
312 296  -1 -5  0 -9 
312 299   1 -6  0 -9 
312 303   1 -7  0 -9 
312 307  -1 -5  0 -9 
312 308   1 -6  0 -9 
312 311   1 -3  0 -9 
312 313  -1 -5  0 -9 
312 314  -1 -5  0 -9 
312 316   1 -6  0 -9 
313 308   1 -7  0 -9 
313 313  -1 -6  0 -9 
313 316   1 -7  0 -9 
314 314  -1 -6  0 -9 
314 316   1 -7  0 -9 
315 308   1 -6  0 -9 
315 310   1 -3  0 -9 
315 313  -1 -5  0 -9 
315 314  -1 -5  0 -9 
315 316   1 -6  0 -9 
316 316   1 -8  0 -9 
317 229   1 -6  0 -9 
317 250  -1 -5  0 -9 
317 251   1 -6  0 -9 
317 293  -1 -5  0 -9 
317 294   1 -6  0 -9 
317 318  -1 -5  0 -9 
317 319   1 -3  0 -9 
317 320  -1 -4  0 -9 
317 321   1 -6  0 -9 
318 294   1 -7  0 -9 
318 318  -1 -6  0 -9 
318 321   1 -7  0 -9 
319 229   1 -5  0 -9 
319 250  -1 -4  0 -9 
319 293  -1 -4  0 -9 
319 294   1 -5  0 -9 
319 317   1 -3  0 -9 
319 318  -1 -4  0 -9 
319 320  -1 -5  0 -9 
319 322   1 -6  0 -9 
320 320  -1 -6  0 -9 
320 322   1 -7  0 -9 
321 321   1 -8  0 -9 
322 322   1 -8  0 -9 
323 230  -1 -4  0 -9 
323 231   1 -5  0 -9 
323 251  -1 -4  0 -9 
323 252   1 -3  0 -9 
323 293  -1 -3  0 -9 
323 295  -1 -1  0 -9 
323 296  -1 -4  0 -9 
323 297   1 -2  0 -9 
323 298  -1 -3  0 -9 
323 299   1 -5  0 -9 
323 301  -1 -1  0 -9 
323 302   1 -2  0 -9 
323 303  -1 -4  0 -9 
323 317   1 -2  0 -9 
323 319  -1 -1  0 -9 
323 320   1 -2 -1 -4  0 -9 
323 321  -1 -4  0 -9 
323 322   1 -5  0 -9 
323 323   1  0  0 -9 
323 324  -1 -1  0 -9 
323 325   1 -3  0 -9 
323 326  -1 -4  0 -9 
323 327   1 -2  0 -9 
323 328   1 -5  0 -9 
324 320  -1 -5  0 -9 
324 322   1 -6  0 -9 
324 326  -1 -5  0 -9 
324 327   1 -3  0 -9 
324 328   1 -6  0 -9 
325 303   1 -7  0 -9 
325 321   1 -7  0 -9 
325 325  -1 -6  0 -9 
326 322   1 -7  0 -9 
326 326  -1 -6  0 -9 
326 328   1 -7  0 -9 
327 320  -1 -4  0 -9 
327 322   1 -5  0 -9 
327 324   1 -3  0 -9 
327 326  -1 -4  0 -9 
328 328   1 -8  0 -9 
329 318  -1 -4  0 -9 
329 321   1 -5  0 -9 
329 330   1 -3  0 -9 
329 331  -1 -4  0 -9 
330 294   1 -6  0 -9 
330 318  -1 -5  0 -9 
330 321   1 -6  0 -9 
330 329   1 -3  0 -9 
330 331  -1 -5  0 -9 
330 332   1 -6  0 -9 
331 321   1 -7  0 -9 
331 331  -1 -6  0 -9 
331 332   1 -7  0 -9 
332 332   1 -8  0 -9 
333 294  -1 -2  0 -9 
333 296  -1  0 -1 -2  0 -9 
333 299   1 -3  0 -9 
333 303  -1 -2  0 -9 
333 305  -1  0  0 -9 
333 306   1 -1  0 -9 
333 307  -1 -2  0 -9 
333 309   1  1  0 -9 
333 310  -1  0  0 -9 
333 311  -1  0  0 -9 
333 312   1 -1  0 -9 
333 318   1 -1  0 -9 
333 321  -1 -2  0 -9 
333 325   1 -1  0 -9 
333 330  -1  0  0 -9 
333 331   1 -1  0 -9 
333 333  -1  2  0 -9 
333 334   1  1  0 -9 
333 335   1  1  0 -9 
333 336  -1  0  0 -9 
333 337  -1 -3  0 -9 
333 339   1 -2  0 -9 
333 340  -1 -3  0 -9 
333 341   1 -4  0 -9 
334 337  -1 -4  0 -9 
334 339   1 -3  0 -9 
334 340  -1 -4  0 -9 
334 341   1 -5  0 -9 
335 294  -1 -3  0 -9 
335 296  -1 -1 -1 -3 -1 -5  0 -9 
335 299   1 -4  1 -6  0 -9 
335 303  -1 -3  0 -9 
335 305  -1 -1  0 -9 
335 306   1 -2  0 -9 
335 307  -1 -3  0 -9 
335 311  -1 -1  0 -9 
335 312   1 -2  0 -9 
335 314  -1 -3  0 -9 
335 318   1 -2  0 -9 
335 321  -1 -3  0 -9 
335 325   1 -2  0 -9 
335 329   1 -2  0 -9 
335 330  -1 -1  0 -9 
335 331   1 -2 -1 -4  0 -9 
335 332   1 -5  0 -9 
335 335   1  0  0 -9 
335 336  -1 -1  0 -9 
335 337  -1 -4  0 -9 
335 338   1 -2  0 -9 
335 341   1 -5  0 -9 
336 303   1 -6  0 -9 
336 314  -1 -4  0 -9 
336 321   1 -6  0 -9 
336 325  -1 -5  0 -9 
336 331  -1 -5  0 -9 
336 332   1 -6  0 -9 
336 337  -1 -5  0 -9 
336 338   1 -3  0 -9 
336 341   1 -6  0 -9 
337 332   1 -7  0 -9 
337 337  -1 -6  0 -9 
337 341   1 -7  0 -9 
338 314  -1 -5  0 -9 
338 316   1 -6  0 -9 
338 321   1 -5  0 -9 
338 325  -1 -4  0 -9 
338 331  -1 -4  0 -9 
338 332   1 -5  0 -9 
338 336   1 -3  0 -9 
338 337  -1 -4  0 -9 
339 332   1 -6  0 -9 
339 334   1 -3  0 -9 
339 337  -1 -5  0 -9 
339 340  -1 -5  0 -9 
339 341   1 -6  0 -9 
340 340  -1 -6  0 -9 
340 341   1 -7  0 -9 
341 341   1 -8  0 -9 
342 27   1 -5  0 -9 
342 30   1 -2 -1 -4  0 -9 
342 31  -1 -3  1 -5  0 -9 
342 60  -1 -3  0 -9 
342 62  -1 -1  0 -9 
342 63   1 -2 -1 -4  0 -9 
342 64   1 -2  0 -9 
342 65  -1 -3  0 -9 
342 66   1 -5  0 -9 
342 80   1 -2  0 -9 
342 81  -1 -3  0 -9 
342 82  -1 -1  0 -9 
342 83   1 -2 -1 -4  0 -9 
342 85   1 -5  0 -9 
342 90  -1 -1  0 -9 
342 91   1 -2  0 -9 
342 92  -1 -3  0 -9 
342 151  -1 -3  0 -9 
342 152   1 -4  0 -9 
342 230   1 -2 -1 -4  0 -9 
342 231   1 -5  0 -9 
342 250  -1 -3  0 -9 
342 253  -1 -1  0 -9 
342 254   1 -2 -1 -4  0 -9 
342 255   1 -2  0 -9 
342 256  -1 -3  0 -9 
342 257   1 -5  0 -9 
342 274  -1 -1  0 -9 
342 275   1 -2  0 -9 
342 277  -1 -3  0 -9 
342 293  -1 -3  0 -9 
342 295  -1 -1  0 -9 
342 296   1 -2 -1 -4  0 -9 
342 297   1 -2  0 -9 
342 298  -1 -3  0 -9 
342 299   1 -5  0 -9 
342 301  -1 -1  0 -9 
342 302   1 -2  0 -9 
342 304  -1 -3  0 -9 
342 317   1 -2  0 -9 
342 318  -1 -3  0 -9 
342 319  -1 -1  0 -9 
342 320   1 -2 -1 -4  0 -9 
342 322   1 -5  0 -9 
342 329  -1 -1  0 -9 
342 330   1 -2  0 -9 
342 331  -1 -3  0 -9 
342 342   1  0  0 -9 
342 343  -1 -1  0 -9 
342 344  -1 -1  0 -9 
342 345   1 -2  0 -9 
342 346  -1 -3  0 -9 
342 347  -1 -3  0 -9 
342 348   1 -2  0 -9 
342 349   1 -4  0 -9 
343 83  -1 -5  0 -9 
343 85   1 -6  0 -9 
343 276   1 -5  0 -9 
343 277  -1 -4  0 -9 
343 303   1 -5  0 -9 
343 304  -1 -4  0 -9 
343 320  -1 -5  0 -9 
343 322   1 -6  0 -9 
343 346  -1 -4  0 -9 
343 347  -1 -4  0 -9 
343 348   1 -3  0 -9 
343 349   1 -5  0 -9 
344 31   1 -6  0 -9 
344 63  -1 -5  0 -9 
344 66   1 -6  0 -9 
344 92  -1 -4  0 -9 
344 93   1 -5  0 -9 
344 254  -1 -5  0 -9 
344 257   1 -6  0 -9 
344 296  -1 -5  0 -9 
344 299   1 -6  0 -9 
344 331  -1 -4  0 -9 
344 332   1 -5  0 -9 
344 345   1 -3  0 -9 
344 346  -1 -4  0 -9 
344 347  -1 -4  0 -9 
344 349   1 -5  0 -9 
345 63  -1 -4  0 -9 
345 84   1 -6  0 -9 
345 92  -1 -5  0 -9 
345 93   1 -6  0 -9 
345 254  -1 -4  0 -9 
345 276   1 -6  0 -9 
345 296  -1 -4  0 -9 
345 303   1 -6  0 -9 
345 321   1 -6  0 -9 
345 331  -1 -5  0 -9 
345 332   1 -6  0 -9 
345 344   1 -3  0 -9 
345 346  -1 -5  0 -9 
345 347  -1 -5  0 -9 
345 349   1 -6  0 -9 
346 93   1 -7  0 -9 
346 332   1 -7  0 -9 
346 346  -1 -6  0 -9 
346 349   1 -7  0 -9 
347 276   1 -7  0 -9 
347 303   1 -7  0 -9 
347 347  -1 -6  0 -9 
347 349   1 -7  0 -9 
348 67   1 -6  0 -9 
348 83  -1 -4  0 -9 
348 93   1 -6  0 -9 
348 258   1 -6  0 -9 
348 276   1 -6  0 -9 
348 277  -1 -5  0 -9 
348 300   1 -6  0 -9 
348 303   1 -6  0 -9 
348 304  -1 -5  0 -9 
348 320  -1 -4  0 -9 
348 332   1 -6  0 -9 
348 343   1 -3  0 -9 
348 346  -1 -5  0 -9 
348 347  -1 -5  0 -9 
348 349   1 -6  0 -9 
349 349   1 -8  0 -9 
350 30   1 -1  0 -9 
350 31  -1 -2  0 -9 
350 62  -1  0  0 -9 
350 63  -1 -3  0 -9 
350 64   1 -1  0 -9 
350 65  -1 -2  0 -9 
350 66   1 -4  0 -9 
350 82  -1  0  0 -9 
350 83   1 -1  0 -9 
350 90  -1  0  0 -9 
350 91   1 -1  0 -9 
350 92  -1 -2  0 -9 
350 230  -1 -3  0 -9 
350 231   1 -4  0 -9 
350 251  -1 -3  0 -9 
350 252   1 -2  0 -9 
350 253  -1  0  0 -9 
350 254   1 -1  0 -9 
350 258  -1 -3  0 -9 
350 274  -1  0  0 -9 
350 275   1 -1  0 -9 
350 276  -1 -3  0 -9 
350 278   1  1  0 -9 
350 279  -1  0  0 -9 
350 280   1 -2  0 -9 
350 281  -1 -3  0 -9 
350 283   1 -4  0 -9 
350 293  -1 -2  0 -9 
350 295  -1  0  0 -9 
350 296  -1 -3  0 -9 
350 297   1 -1  0 -9 
350 298  -1 -2  0 -9 
350 299   1 -4  0 -9 
350 301  -1  0  0 -9 
350 302   1 -1  0 -9 
350 303  -1 -3  0 -9 
350 317   1 -1  0 -9 
350 319  -1  0  0 -9 
350 320   1 -1 -1 -3  0 -9 
350 321  -1 -3  0 -9 
350 322   1 -4  0 -9 
350 323   1  1  0 -9 
350 324  -1  0  0 -9 
350 325   1 -2  0 -9 
350 326  -1 -3  0 -9 
350 328   1 -4  0 -9 
350 329  -1  0  0 -9 
350 332  -1 -3  0 -9 
350 342   1  1  0 -9 
350 343  -1  0  0 -9 
350 344  -1  0  0 -9 
350 345   1 -1  0 -9 
350 350  -1  2  0 -9 
350 351   1  1  0 -9 
350 352   1  1  0 -9 
350 353  -1  0  0 -9 
350 354  -1 -3  0 -9 
350 356   1 -2  0 -9 
350 357  -1 -3  0 -9 
350 358   1 -4  0 -9 
351 258  -1 -4  0 -9 
351 281  -1 -4  0 -9 
351 283   1 -5  0 -9 
351 320  -1 -4  0 -9 
351 322   1 -5  0 -9 
351 326  -1 -4  0 -9 
351 328   1 -5  0 -9 
351 332  -1 -4  0 -9 
351 354  -1 -4  0 -9 
351 356   1 -3  0 -9 
351 357  -1 -4  0 -9 
351 358   1 -5  0 -9 
352 31  -1 -3  0 -9 
352 63  -1 -4  0 -9 
352 66   1 -5  0 -9 
352 90  -1 -1  0 -9 
352 91   1 -2  0 -9 
352 92  -1 -3  0 -9 
352 254   1 -2  0 -9 
352 257  -1 -3  0 -9 
352 296  -1 -4  0 -9 
352 299   1 -5  0 -9 
352 331  -1 -3  0 -9 
352 344  -1 -1  0 -9 
352 345   1 -2  0 -9 
352 347  -1 -3  0 -9 
352 352   1  0  0 -9 
352 353  -1 -1  0 -9 
352 354  -1 -4  0 -9 
352 355   1 -2  0 -9 
352 358   1 -5  0 -9 
353 257  -1 -4  0 -9 
353 276   1 -5  0 -9 
353 280  -1 -4  0 -9 
353 303   1 -5  0 -9 
353 321   1 -5  0 -9 
353 325  -1 -4  0 -9 
353 331  -1 -4  0 -9 
353 347  -1 -4  0 -9 
353 354  -1 -5  0 -9 
353 355   1 -3  0 -9 
353 358   1 -6  0 -9 
354 354  -1 -6  0 -9 
354 358   1 -7  0 -9 
355 257   1 -7  0 -9 
355 276   1 -6  0 -9 
355 280  -1 -5  0 -9 
355 303   1 -6  0 -9 
355 321   1 -6  0 -9 
355 325  -1 -5  0 -9 
355 331  -1 -5  0 -9 
355 332   1 -6  0 -9 
355 347  -1 -5  0 -9 
355 349   1 -6  0 -9 
355 353   1 -3  0 -9 
355 354  -1 -4  0 -9 
356 258   1 -7  0 -9 
356 281  -1 -5  0 -9 
356 283   1 -6  0 -9 
356 320  -1 -5  0 -9 
356 322   1 -6  0 -9 
356 326  -1 -5  0 -9 
356 328   1 -6  0 -9 
356 332   1 -7  0 -9 
356 351   1 -3  0 -9 
356 354  -1 -5  0 -9 
356 357  -1 -5  0 -9 
356 358   1 -6  0 -9 
357 283   1 -7  0 -9 
357 328   1 -7  0 -9 
357 357  -1 -6  0 -9 
357 358   1 -7  0 -9 
358 358   1 -8  0 -9 
359 63  -1  0 -1 -2  0 -9 
359 66   1 -3  0 -9 
359 67  -1 -2  0 -9 
359 86  -1  0  0 -9 
359 93  -1 -2  0 -9 
359 102   1  1  0 -9 
359 103  -1  0  0 -9 
359 104  -1  0  0 -9 
359 105   1 -1  0 -9 
359 106  -1  0 -1 -2  0 -9 
359 107  -1 -2  0 -9 
359 108   1 -1  0 -9 
359 109   1 -3  0 -9 
359 258  -1 -2  0 -9 
359 276  -1 -2  0 -9 
359 277   1 -1  0 -9 
359 280   1 -1  0 -9 
359 281  -1  0 -1 -2  0 -9 
359 283   1 -3  0 -9 
359 298  -1 -3  0 -9 
359 300   1 -4  0 -9 
359 301   1  1  0 -9 
359 302   1 -2  0 -9 
359 304  -1 -3  0 -9 
359 327  -1  0  0 -9 
359 332  -1 -2  0 -9 
359 346   1 -1  0 -9 
359 347   1 -1  0 -9 
359 348  -1  0  0 -9 
359 349  -1 -2  0 -9 
359 351  -1  0  0 -9 
359 354  -1  0 -1 -2  0 -9 
359 356   1 -1  0 -9 
359 357  -1 -2  0 -9 
359 358   1 -3  0 -9 
359 359  -1  2  0 -9 
359 360  -1  0  0 -9 
359 361   1  1  0 -9 
359 362   1 -1  0 -9 
359 363   1  1  0 -9 
359 365  -1  0  0 -9 
359 366   1 -1  0 -9 
359 367  -1 -2  0 -9 
360 276   1 -6  0 -9 
360 280  -1 -5  0 -9 
360 303   1 -6  0 -9 
360 347  -1 -5  0 -9 
360 349   1 -6  0 -9 
360 362  -1 -5  0 -9 
360 364   1 -3  0 -9 
360 367   1 -6  0 -9 
361 63  -1 -1 -1 -3 -1 -5  0 -9 
361 66   1 -4  1 -6  0 -9 
361 67  -1 -3  0 -9 
361 83  -1 -3  0 -9 
361 93  -1 -3  0 -9 
361 103  -1 -1  0 -9 
361 104  -1 -1  0 -9 
361 105   1 -2  0 -9 
361 106  -1 -1 -1 -3 -1 -5  0 -9 
361 107  -1 -3  0 -9 
361 108   1 -2  0 -9 
361 109   1 -4  1 -6  0 -9 
361 258  -1 -3  0 -9 
361 276  -1 -3  0 -9 
361 277   1 -2  0 -9 
361 280   1 -2  0 -9 
361 281  -1 -1 -1 -3 -1 -5  0 -9 
361 283   1 -4  1 -6  0 -9 
361 300   1 -5  0 -9 
361 303   1 -5  0 -9 
361 304  -1 -4  0 -9 
361 320  -1 -3  0 -9 
361 332  -1 -3  0 -9 
361 343   1 -2  0 -9 
361 346   1 -2  0 -9 
361 347   1 -2 -1 -4  0 -9 
361 348  -1 -1  0 -9 
361 349  -1 -3  0 -9 
361 351  -1 -1  0 -9 
361 354  -1 -1 -1 -3 -1 -5  0 -9 
361 356   1 -2  0 -9 
361 357  -1 -3  0 -9 
361 358   1 -4  1 -6  0 -9 
361 360  -1 -1  0 -9 
361 361   1  0  0 -9 
361 362   1 -2  0 -9 
361 364   1 -2  0 -9 
361 365  -1 -1  0 -9 
361 366   1 -2  0 -9 
361 367  -1 -3  0 -9 
362 349   1 -7  0 -9 
362 362  -1 -6  0 -9 
362 367   1 -7  0 -9 
363 258  -1 -3  0 -9 
363 281  -1 -3  0 -9 
363 283   1 -4  0 -9 
363 320  -1 -3  0 -9 
363 322   1 -4  0 -9 
363 324   1 -2  0 -9 
363 326  -1 -3  0 -9 
363 327  -1 -1  0 -9 
363 332  -1 -3  0 -9 
363 351  -1 -1  0 -9 
363 354  -1 -3  0 -9 
363 356   1 -2  0 -9 
363 357  -1 -3  0 -9 
363 358   1 -4  0 -9 
363 363   1  0  0 -9 
363 365  -1 -1  0 -9 
363 366   1 -2  0 -9 
363 367  -1 -3  0 -9 
364 276   1 -5  0 -9 
364 280  -1 -4  0 -9 
364 347  -1 -4  0 -9 
364 349   1 -5  0 -9 
364 360   1 -3  0 -9 
364 362  -1 -4  0 -9 
365 281  -1 -4  0 -9 
365 283   1 -5  0 -9 
365 354  -1 -4  0 -9 
365 357  -1 -4  0 -9 
365 358   1 -5  0 -9 
365 366   1 -3  0 -9 
365 367  -1 -4  0 -9 
366 281  -1 -5  0 -9 
366 283   1 -6  0 -9 
366 328   1 -6  0 -9 
366 354  -1 -5  0 -9 
366 357  -1 -5  0 -9 
366 358   1 -6  0 -9 
366 365   1 -3  0 -9 
366 367   1 -7  0 -9 
367 367   1 -8  0 -9 
368 31  -1 -2  0 -9 
368 63  -1 -3  0 -9 
368 66   1 -4  0 -9 
368 90  -1  0  0 -9 
368 91   1 -1  0 -9 
368 93  -1 -3  0 -9 
368 94   1  1  0 -9 
368 95  -1  0  0 -9 
368 96  -1  0  0 -9 
368 100   1 -1  0 -9 
368 104   1  1  0 -9 
368 105   1 -2  0 -9 
368 106  -1 -3  0 -9 
368 107  -1 -3  0 -9 
368 109   1 -4  0 -9 
368 111  -1  0  0 -9 
368 254   1 -1  0 -9 
368 257  -1 -2  0 -9 
368 296  -1 -3  0 -9 
368 299   1 -4  0 -9 
368 303  -1 -3  0 -9 
368 307  -1 -3  0 -9 
368 308   1 -4  0 -9 
368 311   1  1  0 -9 
368 312   1 -2  0 -9 
368 313  -1 -3  0 -9 
368 314   1 -1 -1 -3  0 -9 
368 315  -1  0  0 -9 
368 316   1 -4  0 -9 
368 332  -1 -3  0 -9 
368 334  -1  0  0 -9 
368 338  -1  0  0 -9 
368 339   1 -1  0 -9 
368 340  -1 -2  0 -9 
368 344  -1  0  0 -9 
368 346   1 -2  0 -9 
368 349  -1 -3  0 -9 
368 352   1  1  0 -9 
368 353  -1  0  0 -9 
368 354  -1 -3  0 -9 
368 355   1 -1  0 -9 
368 358   1 -4  0 -9 
368 364  -1  0  0 -9 
368 368  -1  2  0 -9 
368 369  -1  0  0 -9 
368 370   1  1  0 -9 
368 371   1  1  0 -9 
368 372  -1  0  0 -9 
368 373   1 -1  0 -9 
368 374   1 -1  0 -9 
368 375  -1 -2  0 -9 
369 314  -1 -5  0 -9 
369 316   1 -6  0 -9 
369 362  -1 -4  0 -9 
369 367   1 -5  0 -9 
369 374   1 -3  0 -9 
369 375  -1 -4  0 -9 
370 93  -1 -4  0 -9 
370 95  -1 -1  0 -9 
370 99  -1 -3  0 -9 
370 100   1 -2  0 -9 
370 106  -1 -4  0 -9 
370 109   1 -5  0 -9 
370 110   1 -2  0 -9 
370 111  -1 -1  0 -9 
370 308   1 -5  0 -9 
370 310   1 -2  0 -9 
370 313  -1 -4  0 -9 
370 314   1 -2 -1 -4  0 -9 
370 315  -1 -1  0 -9 
370 316   1 -5  0 -9 
370 332  -1 -4  0 -9 
370 334  -1 -1  0 -9 
370 339   1 -2  0 -9 
370 340  -1 -3  0 -9 
370 346   1 -3  0 -9 
370 349  -1 -4  0 -9 
370 354  -1 -4  0 -9 
370 358   1 -5  0 -9 
370 369  -1 -1  0 -9 
370 370   1  0  0 -9 
370 372  -1 -1  0 -9 
370 373   1 -2  0 -9 
370 374   1 -2  0 -9 
370 375  -1 -3  0 -9 
371 257  -1 -3  0 -9 
371 276   1 -4  0 -9 
371 280  -1 -3  0 -9 
371 314   1 -2 -1 -4  0 -9 
371 316   1 -5  0 -9 
371 321   1 -4  0 -9 
371 325  -1 -3  0 -9 
371 331  -1 -3  0 -9 
371 334  -1 -1  0 -9 
371 336   1 -2  0 -9 
371 337  -1 -3  0 -9 
371 338  -1 -1  0 -9 
371 339   1 -2  0 -9 
371 340  -1 -3  0 -9 
371 347  -1 -3  0 -9 
371 353  -1 -1  0 -9 
371 354   1 -2 -1 -4  0 -9 
371 355   1 -2  0 -9 
371 358   1 -5  0 -9 
371 360   1 -2  0 -9 
371 362  -1 -3  0 -9 
371 364  -1 -1  0 -9 
371 369  -1 -1  0 -9 
371 371   1  0  0 -9 
371 372  -1 -1  0 -9 
371 373   1 -2  0 -9 
371 374   1 -2  0 -9 
371 375  -1 -3  0 -9 
372 340  -1 -4  0 -9 
372 354  -1 -5  0 -9 
372 358   1 -6  0 -9 
372 373   1 -3  0 -9 
372 375  -1 -4  0 -9 
373 340  -1 -5  0 -9 
373 341   1 -6  0 -9 
373 354  -1 -4  0 -9 
373 367   1 -6  0 -9 
373 372   1 -3  0 -9 
373 375  -1 -5  0 -9 
374 314  -1 -4  0 -9 
374 349   1 -6  0 -9 
374 362  -1 -5  0 -9 
374 367   1 -6  0 -9 
374 369   1 -3  0 -9 
374 375  -1 -5  0 -9 
375 367   1 -7  0 -9 
375 375  -1 -6  0 -9 
376 376  -1 -6  0 -9 
376 377   1 -7  0 -9 
377 377   1 -8  0 -9 
378 12  -1 -4  0 -9 
378 376  -1 -4  0 -9 
378 377   1 -5  0 -9 
378 379  -1 -5  0 -9 
378 380   1 -3  0 -9 
378 381  -1 -4  0 -9 
378 382   1 -6  0 -9 
379 379  -1 -6  0 -9 
379 382   1 -7  0 -9 
380 12   1 -7  0 -9 
380 376  -1 -5  0 -9 
380 377   1 -6  0 -9 
380 378   1 -3  0 -9 
380 379  -1 -4  0 -9 
380 381  -1 -5  0 -9 
380 383   1 -6  0 -9 
381 377   1 -7  0 -9 
381 381  -1 -6  0 -9 
381 383   1 -7  0 -9 
382 382   1 -8  0 -9 
383 383   1 -8  0 -9 
384 162  -1 -4  0 -9 
384 168  -1 -4  0 -9 
384 170   1 -5  0 -9 
384 376  -1 -4  0 -9 
384 377   1 -5  0 -9 
384 381  -1 -4  0 -9 
384 383   1 -5  0 -9 
384 385   1 -3  0 -9 
384 387  -1 -4  0 -9 
385 162   1 -7  0 -9 
385 168  -1 -5  0 -9 
385 170   1 -6  0 -9 
385 376  -1 -5  0 -9 
385 377   1 -6  0 -9 
385 381  -1 -5  0 -9 
385 383   1 -6  0 -9 
385 384   1 -3  0 -9 
385 386   1 -6  0 -9 
385 387  -1 -5  0 -9 
386 386   1 -8  0 -9 
387 170   1 -7  0 -9 
387 383   1 -7  0 -9 
387 386   1 -7  0 -9 
387 387  -1 -6  0 -9 
388 12  -1 -3  0 -9 
388 162  -1 -3  0 -9 
388 168  -1 -3  0 -9 
388 170   1 -4  0 -9 
388 174  -1 -3  0 -9 
388 376  -1 -3  0 -9 
388 377   1 -4  0 -9 
388 378  -1 -1  0 -9 
388 379   1 -2 -1 -4  0 -9 
388 380   1 -2  0 -9 
388 381  -1 -3  0 -9 
388 382   1 -5  0 -9 
388 384  -1 -1  0 -9 
388 385   1 -2  0 -9 
388 387  -1 -3  0 -9 
388 388   1  0  0 -9 
388 389  -1 -1  0 -9 
388 390  -1 -1  0 -9 
388 391   1 -2  0 -9 
388 392  -1 -3  0 -9 
388 393  -1 -3  0 -9 
388 394   1 -2  0 -9 
388 395   1 -4  0 -9 
389 168  -1 -4  0 -9 
389 170   1 -5  0 -9 
389 174  -1 -4  0 -9 
389 386   1 -5  0 -9 
389 387  -1 -4  0 -9 
389 392  -1 -4  0 -9 
389 393  -1 -4  0 -9 
389 394   1 -3  0 -9 
389 395   1 -5  0 -9 
390 379  -1 -5  0 -9 
390 382   1 -6  0 -9 
390 391   1 -3  0 -9 
390 392  -1 -4  0 -9 
390 393  -1 -4  0 -9 
390 395   1 -5  0 -9 
391 379  -1 -4  0 -9 
391 386   1 -6  0 -9 
391 390   1 -3  0 -9 
391 392  -1 -5  0 -9 
391 393  -1 -5  0 -9 
391 395   1 -6  0 -9 
392 392  -1 -6  0 -9 
392 395   1 -7  0 -9 
393 386   1 -7  0 -9 
393 393  -1 -6  0 -9 
393 395   1 -7  0 -9 
394 168  -1 -5  0 -9 
394 170   1 -6  0 -9 
394 174   1 -7  0 -9 
394 383   1 -6  0 -9 
394 386   1 -6  0 -9 
394 387  -1 -5  0 -9 
394 389   1 -3  0 -9 
394 392  -1 -5  0 -9 
394 393  -1 -5  0 -9 
394 395   1 -6  0 -9 
395 395   1 -8  0 -9 
396 396   1 -8  0 -9 
397 397  -1 -6  0 -9 
397 398   1 -7  0 -9 
398 398   1 -8  0 -9 
399 396  -1 -4  0 -9 
399 397  -1 -4  0 -9 
399 398   1 -5  0 -9 
399 400  -1 -5  0 -9 
399 401   1 -3  0 -9 
399 402  -1 -4  0 -9 
399 403   1 -6  0 -9 
400 400  -1 -6  0 -9 
400 403   1 -7  0 -9 
401 396   1 -7  0 -9 
401 397  -1 -5  0 -9 
401 398   1 -6  0 -9 
401 399   1 -3  0 -9 
401 400  -1 -4  0 -9 
401 402  -1 -5  0 -9 
401 404   1 -6  0 -9 
402 398   1 -7  0 -9 
402 402  -1 -6  0 -9 
402 404   1 -7  0 -9 
403 403   1 -8  0 -9 
404 404   1 -8  0 -9 
405 195  -1 -4  0 -9 
405 201  -1 -4  0 -9 
405 203   1 -5  0 -9 
405 397  -1 -4  0 -9 
405 398   1 -5  0 -9 
405 402  -1 -4  0 -9 
405 404   1 -5  0 -9 
405 406   1 -3  0 -9 
405 408  -1 -4  0 -9 
406 195   1 -7  0 -9 
406 201  -1 -5  0 -9 
406 203   1 -6  0 -9 
406 397  -1 -5  0 -9 
406 398   1 -6  0 -9 
406 402  -1 -5  0 -9 
406 404   1 -6  0 -9 
406 405   1 -3  0 -9 
406 407   1 -6  0 -9 
406 408  -1 -5  0 -9 
407 407   1 -8  0 -9 
408 203   1 -7  0 -9 
408 404   1 -7  0 -9 
408 407   1 -7  0 -9 
408 408  -1 -6  0 -9 
409 195  -1 -3  0 -9 
409 201  -1 -3  0 -9 
409 203   1 -4  0 -9 
409 207  -1 -3  0 -9 
409 396  -1 -3  0 -9 
409 397  -1 -3  0 -9 
409 398   1 -4  0 -9 
409 399  -1 -1  0 -9 
409 400   1 -2 -1 -4  0 -9 
409 401   1 -2  0 -9 
409 402  -1 -3  0 -9 
409 403   1 -5  0 -9 
409 405  -1 -1  0 -9 
409 406   1 -2  0 -9 
409 408  -1 -3  0 -9 
409 409   1  0  0 -9 
409 410  -1 -1  0 -9 
409 411  -1 -1  0 -9 
409 412   1 -2  0 -9 
409 413  -1 -3  0 -9 
409 414  -1 -3  0 -9 
409 415   1 -2  0 -9 
409 416   1 -4  0 -9 
410 201  -1 -4  0 -9 
410 203   1 -5  0 -9 
410 207  -1 -4  0 -9 
410 407   1 -5  0 -9 
410 408  -1 -4  0 -9 
410 413  -1 -4  0 -9 
410 414  -1 -4  0 -9 
410 415   1 -3  0 -9 
410 416   1 -5  0 -9 
411 400  -1 -5  0 -9 
411 403   1 -6  0 -9 
411 412   1 -3  0 -9 
411 413  -1 -4  0 -9 
411 414  -1 -4  0 -9 
411 416   1 -5  0 -9 
412 400  -1 -4  0 -9 
412 407   1 -6  0 -9 
412 411   1 -3  0 -9 
412 413  -1 -5  0 -9 
412 414  -1 -5  0 -9 
412 416   1 -6  0 -9 
413 413  -1 -6  0 -9 
413 416   1 -7  0 -9 
414 407   1 -7  0 -9 
414 414  -1 -6  0 -9 
414 416   1 -7  0 -9 
415 201  -1 -5  0 -9 
415 203   1 -6  0 -9 
415 207   1 -7  0 -9 
415 404   1 -6  0 -9 
415 407   1 -6  0 -9 
415 408  -1 -5  0 -9 
415 410   1 -3  0 -9 
415 413  -1 -5  0 -9 
415 414  -1 -5  0 -9 
415 416   1 -6  0 -9 
416 416   1 -8  0 -9 
417 396   1 -7  0 -9 
417 417  -1 -6  0 -9 
417 418   1 -7  0 -9 
418 418   1 -8  0 -9 
419 195   1 -7  0 -9 
419 418   1 -7  0 -9 
419 419  -1 -6  0 -9 
420 417  -1 -4  0 -9 
420 418   1 -5  0 -9 
420 421  -1 -5  0 -9 
420 422   1 -3  0 -9 
420 423  -1 -4  0 -9 
420 424   1 -6  0 -9 
421 421  -1 -6  0 -9 
421 424   1 -7  0 -9 
422 396   1 -6  0 -9 
422 417  -1 -5  0 -9 
422 418   1 -6  0 -9 
422 420   1 -3  0 -9 
422 421  -1 -4  0 -9 
422 423  -1 -5  0 -9 
422 425   1 -6  0 -9 
423 418   1 -7  0 -9 
423 423  -1 -6  0 -9 
423 425   1 -7  0 -9 
424 424   1 -8  0 -9 
425 425   1 -8  0 -9 
426 195  -1 -3  0 -9 
426 201  -1 -3  0 -9 
426 396  -1 -3  0 -9 
426 397  -1 -1 -1 -3 -1 -5  0 -9 
426 398   1 -4  1 -6  0 -9 
426 399  -1 -1  0 -9 
426 400  -1 -4  0 -9 
426 401   1 -2  0 -9 
426 402  -1 -3  0 -9 
426 403   1 -5  0 -9 
426 405  -1 -1  0 -9 
426 406   1 -2  0 -9 
426 407  -1 -4  0 -9 
426 417   1 -2  0 -9 
426 418  -1 -3  0 -9 
426 419   1 -2  0 -9 
426 420   1 -2  0 -9 
426 422  -1 -1  0 -9 
426 423   1 -2 -1 -4  0 -9 
426 424  -1 -4  0 -9 
426 425   1 -5  0 -9 
426 426   1  0  0 -9 
426 427  -1 -1  0 -9 
426 428   1 -3  0 -9 
426 429  -1 -4  0 -9 
426 430   1 -2  0 -9 
426 431   1 -5  0 -9 
427 195   1 -6  0 -9 
427 201  -1 -4  0 -9 
427 418   1 -6  0 -9 
427 419  -1 -5  0 -9 
427 423  -1 -5  0 -9 
427 425   1 -6  0 -9 
427 429  -1 -5  0 -9 
427 430   1 -3  0 -9 
427 431   1 -6  0 -9 
428 407   1 -7  0 -9 
428 424   1 -7  0 -9 
428 428  -1 -6  0 -9 
429 425   1 -7  0 -9 
429 429  -1 -6  0 -9 
429 431   1 -7  0 -9 
430 201  -1 -5  0 -9 
430 203   1 -6  0 -9 
430 418   1 -5  0 -9 
430 419  -1 -4  0 -9 
430 423  -1 -4  0 -9 
430 425   1 -5  0 -9 
430 427   1 -3  0 -9 
430 429  -1 -4  0 -9 
431 431   1 -8  0 -9 
432 195  -1 -2  0 -9 
432 396  -1 -2  0 -9 
432 397  -1  0 -1 -2  0 -9 
432 398   1 -3  0 -9 
432 399  -1  0  0 -9 
432 400  -1 -3  0 -9 
432 401   1 -1  0 -9 
432 402  -1 -2  0 -9 
432 403   1 -4  0 -9 
432 405  -1  0  0 -9 
432 406   1 -1  0 -9 
432 407  -1 -3  0 -9 
432 409   1  1  0 -9 
432 410  -1  0  0 -9 
432 411  -1  0  0 -9 
432 412   1 -1  0 -9 
432 417   1 -1  0 -9 
432 418  -1 -2  0 -9 
432 419   1 -1  0 -9 
432 421   1 -2  0 -9 
432 422  -1  0  0 -9 
432 423   1 -1  0 -9 
432 424  -1 -3  0 -9 
432 426   1  1  0 -9 
432 427  -1  0  0 -9 
432 428   1 -2  0 -9 
432 429  -1 -3  0 -9 
432 431   1 -4  0 -9 
432 432  -1  2  0 -9 
432 433   1  1  0 -9 
432 434   1  1  0 -9 
432 435  -1  0  0 -9 
432 436  -1 -3  0 -9 
432 438   1 -2  0 -9 
432 439  -1 -3  0 -9 
432 440   1 -4  0 -9 
433 429  -1 -4  0 -9 
433 431   1 -5  0 -9 
433 436  -1 -4  0 -9 
433 438   1 -3  0 -9 
433 439  -1 -4  0 -9 
433 440   1 -5  0 -9 
434 400  -1 -4  0 -9 
434 403   1 -5  0 -9 
434 411  -1 -1  0 -9 
434 412   1 -2  0 -9 
434 414  -1 -3  0 -9 
434 421   1 -3  0 -9 
434 424  -1 -4  0 -9 
434 434   1  0  0 -9 
434 435  -1 -1  0 -9 
434 436  -1 -4  0 -9 
434 437   1 -2  0 -9 
434 440   1 -5  0 -9 
435 407   1 -5  0 -9 
435 414  -1 -4  0 -9 
435 428  -1 -4  0 -9 
435 436  -1 -5  0 -9 
435 437   1 -3  0 -9 
435 440   1 -6  0 -9 
436 436  -1 -6  0 -9 
436 440   1 -7  0 -9 
437 407   1 -6  0 -9 
437 414  -1 -5  0 -9 
437 416   1 -6  0 -9 
437 424   1 -6  0 -9 
437 428  -1 -5  0 -9 
437 435   1 -3  0 -9 
437 436  -1 -4  0 -9 
438 207   1 -6  0 -9 
438 425   1 -6  0 -9 
438 429  -1 -5  0 -9 
438 431   1 -6  0 -9 
438 433   1 -3  0 -9 
438 436  -1 -5  0 -9 
438 439  -1 -5  0 -9 
438 440   1 -6  0 -9 
439 207   1 -7  0 -9 
439 431   1 -7  0 -9 
439 439  -1 -6  0 -9 
439 440   1 -7  0 -9 
440 440   1 -8  0 -9 
441 12   1 -6  0 -9 
441 121  -1 -5  0 -9 
441 122   1 -6  0 -9 
441 151  -1 -5  0 -9 
441 152   1 -6  0 -9 
441 211  -1 -4  0 -9 
441 213   1 -5  0 -9 
441 381  -1 -4  0 -9 
441 383   1 -5  0 -9 
441 397  -1 -5  0 -9 
441 398   1 -6  0 -9 
441 423  -1 -4  0 -9 
441 425   1 -5  0 -9 
441 442   1 -3  0 -9 
441 444  -1 -4  0 -9 
442 121  -1 -4  0 -9 
442 137   1 -6  0 -9 
442 151  -1 -4  0 -9 
442 195   1 -6  0 -9 
442 211  -1 -5  0 -9 
442 213   1 -6  0 -9 
442 377   1 -6  0 -9 
442 381  -1 -5  0 -9 
442 383   1 -6  0 -9 
442 397  -1 -4  0 -9 
442 418   1 -6  0 -9 
442 423  -1 -5  0 -9 
442 425   1 -6  0 -9 
442 441   1 -3  0 -9 
442 443   1 -6  0 -9 
442 444  -1 -5  0 -9 
443 443   1 -8  0 -9 
444 213   1 -7  0 -9 
444 383   1 -7  0 -9 
444 425   1 -7  0 -9 
444 443   1 -7  0 -9 
444 444  -1 -6  0 -9 
445 12  -1 -3  0 -9 
445 121  -1 -4  0 -9 
445 122   1 -5  0 -9 
445 151   1 -2  0 -9 
445 152  -1 -3  0 -9 
445 211  -1 -3  0 -9 
445 378  -1 -1  0 -9 
445 379  -1 -4  0 -9 
445 380   1 -2  0 -9 
445 381  -1 -3  0 -9 
445 382   1 -5  0 -9 
445 397  -1 -4  0 -9 
445 398   1 -5  0 -9 
445 423  -1 -3  0 -9 
445 441  -1 -1  0 -9 
445 442   1 -2  0 -9 
445 443  -1 -4  0 -9 
445 445   1  0  0 -9 
445 446  -1 -1  0 -9 
445 447   1 -3  0 -9 
445 448  -1 -4  0 -9 
445 449   1 -2  0 -9 
445 450   1 -5  0 -9 
446 137   1 -5  0 -9 
446 138  -1 -4  0 -9 
446 152  -1 -4  0 -9 
446 195   1 -5  0 -9 
446 211  -1 -4  0 -9 
446 418   1 -5  0 -9 
446 419  -1 -4  0 -9 
446 423  -1 -4  0 -9 
446 448  -1 -5  0 -9 
446 449   1 -3  0 -9 
446 450   1 -6  0 -9 
447 443   1 -7  0 -9 
447 447  -1 -6  0 -9 
448 448  -1 -6  0 -9 
448 450   1 -7  0 -9 
449 137   1 -6  0 -9 
449 138  -1 -5  0 -9 
449 152   1 -7  0 -9 
449 195   1 -6  0 -9 
449 211  -1 -5  0 -9 
449 213   1 -6  0 -9 
449 418   1 -6  0 -9 
449 419  -1 -5  0 -9 
449 423  -1 -5  0 -9 
449 425   1 -6  0 -9 
449 446   1 -3  0 -9 
449 448  -1 -4  0 -9 
450 450   1 -8  0 -9 
451 12  -1 -2  0 -9 
451 121  -1 -3  0 -9 
451 122   1 -4  0 -9 
451 151   1 -1  0 -9 
451 152  -1 -2  0 -9 
451 174  -1 -2  0 -9 
451 178  -1 -3  0 -9 
451 180   1 -4  0 -9 
451 181   1  1  0 -9 
451 182   1 -2  0 -9 
451 184  -1 -3  0 -9 
451 189   1 -1  0 -9 
451 190   1 -1  0 -9 
451 191  -1  0  0 -9 
451 192  -1 -2  0 -9 
451 195  -1 -3  0 -9 
451 201   1 -1 -1 -3  0 -9 
451 203   1 -4  0 -9 
451 207   1 -1  0 -9 
451 213  -1 -3  0 -9 
451 218  -1  0  0 -9 
451 221  -1  0  0 -9 
451 224  -1  0 -1 -2  0 -9 
451 226   1 -1  0 -9 
451 227  -1 -2  0 -9 
451 228   1 -3  0 -9 
451 378  -1  0  0 -9 
451 379  -1 -3  0 -9 
451 380   1 -1  0 -9 
451 382   1 -4  0 -9 
451 383  -1 -3  0 -9 
451 384  -1  0  0 -9 
451 388   1  1  0 -9 
451 389  -1  0  0 -9 
451 390  -1  0  0 -9 
451 391   1 -1  0 -9 
451 392  -1  0 -1 -2  0 -9 
451 393  -1 -2  0 -9 
451 394   1 -1  0 -9 
451 395   1 -3  0 -9 
451 397  -1 -3  0 -9 
451 398   1 -4  0 -9 
451 402  -1 -3  0 -9 
451 404   1 -4  0 -9 
451 405   1  1  0 -9 
451 406   1 -2  0 -9 
451 408  -1 -3  0 -9 
451 413   1 -1  0 -9 
451 414   1 -1  0 -9 
451 415  -1  0  0 -9 
451 416  -1 -2  0 -9 
451 425  -1 -3  0 -9 
451 430  -1  0  0 -9 
451 433  -1  0  0 -9 
451 436  -1  0 -1 -2  0 -9 
451 438   1 -1  0 -9 
451 439  -1 -2  0 -9 
451 440   1 -3  0 -9 
451 441  -1  0  0 -9 
451 443  -1 -3  0 -9 
451 444   1 -2  0 -9 
451 445   1  1  0 -9 
451 446  -1  0  0 -9 
451 447   1 -2  0 -9 
451 448  -1 -3  0 -9 
451 449   1 -1  0 -9 
451 450   1 -4  0 -9 
451 451  -1  2  0 -9 
451 452  -1  0  0 -9 
451 453   1  1  0 -9 
451 454   1 -1  0 -9 
451 455   1  1  0 -9 
451 457  -1  0  0 -9 
451 458   1 -1  0 -9 
451 459  -1 -2  0 -9 
452 183   1 -6  0 -9 
452 190  -1 -5  0 -9 
452 192   1 -6  0 -9 
452 407   1 -6  0 -9 
452 414  -1 -5  0 -9 
452 416   1 -6  0 -9 
452 447  -1 -4  0 -9 
452 454  -1 -5  0 -9 
452 456   1 -3  0 -9 
452 459   1 -6  0 -9 
453 168  -1 -3  0 -9 
453 174  -1 -3  0 -9 
453 180   1 -5  0 -9 
453 183   1 -5  0 -9 
453 184  -1 -4  0 -9 
453 186   1 -2  0 -9 
453 189   1 -2  0 -9 
453 190   1 -2 -1 -4  0 -9 
453 191  -1 -1  0 -9 
453 192  -1 -3  0 -9 
453 201   1 -2 -1 -4  0 -9 
453 203   1 -5  0 -9 
453 207   1 -2  1 -6  0 -9 
453 213  -1 -4  0 -9 
453 221  -1 -1  0 -9 
453 224  -1 -1 -1 -3 -1 -5  0 -9 
453 226   1 -2  0 -9 
453 227  -1 -3  0 -9 
453 228   1 -4  1 -6  0 -9 
453 379  -1 -4  0 -9 
453 382   1 -5  0 -9 
453 383  -1 -4  0 -9 
453 389  -1 -1  0 -9 
453 390  -1 -1  0 -9 
453 391   1 -2  0 -9 
453 392  -1 -1 -1 -3 -1 -5  0 -9 
453 393  -1 -3  0 -9 
453 394   1 -2  0 -9 
453 395   1 -4  1 -6  0 -9 
453 404   1 -5  0 -9 
453 407   1 -5  0 -9 
453 408  -1 -4  0 -9 
453 410   1 -2  0 -9 
453 413   1 -2  0 -9 
453 414   1 -2 -1 -4  0 -9 
453 415  -1 -1  0 -9 
453 416  -1 -3  0 -9 
453 425  -1 -4  0 -9 
453 433  -1 -1  0 -9 
453 436  -1 -1 -1 -3 -1 -5  0 -9 
453 438   1 -2  0 -9 
453 439  -1 -3  0 -9 
453 440   1 -4  1 -6  0 -9 
453 443  -1 -4  0 -9 
453 444   1 -3  0 -9 
453 448  -1 -4  0 -9 
453 450   1 -5  0 -9 
453 452  -1 -1  0 -9 
453 453   1  0  0 -9 
453 454   1 -2  0 -9 
453 456   1 -2  0 -9 
453 457  -1 -1  0 -9 
453 458   1 -2  0 -9 
453 459  -1 -3  0 -9 
454 192   1 -7  0 -9 
454 416   1 -7  0 -9 
454 454  -1 -6  0 -9 
454 459   1 -7  0 -9 
455 137   1 -4  0 -9 
455 138  -1 -3  0 -9 
455 152  -1 -3  0 -9 
455 201   1 -2 -1 -4  0 -9 
455 203   1 -5  0 -9 
455 211  -1 -3  0 -9 
455 215   1 -2  0 -9 
455 217  -1 -3  0 -9 
455 218  -1 -1  0 -9 
455 221  -1 -1  0 -9 
455 224  -1 -3  0 -9 
455 226   1 -2  0 -9 
455 227  -1 -3  0 -9 
455 228   1 -4  0 -9 
455 418   1 -4  0 -9 
455 419  -1 -3  0 -9 
455 423  -1 -3  0 -9 
455 427   1 -2  0 -9 
455 429  -1 -3  0 -9 
455 430  -1 -1  0 -9 
455 433  -1 -1  0 -9 
455 436  -1 -3  0 -9 
455 438   1 -2  0 -9 
455 439  -1 -3  0 -9 
455 440   1 -4  0 -9 
455 446  -1 -1  0 -9 
455 448   1 -2 -1 -4  0 -9 
455 449   1 -2  0 -9 
455 450   1 -5  0 -9 
455 455   1  0  0 -9 
455 457  -1 -1  0 -9 
455 458   1 -2  0 -9 
455 459  -1 -3  0 -9 
456 190  -1 -4  0 -9 
456 192   1 -5  0 -9 
456 414  -1 -4  0 -9 
456 416   1 -5  0 -9 
456 443   1 -6  0 -9 
456 447  -1 -5  0 -9 
456 452   1 -3  0 -9 
456 454  -1 -4  0 -9 
457 207   1 -5  0 -9 
457 224  -1 -4  0 -9 
457 227  -1 -4  0 -9 
457 228   1 -5  0 -9 
457 436  -1 -4  0 -9 
457 439  -1 -4  0 -9 
457 440   1 -5  0 -9 
457 448  -1 -5  0 -9 
457 450   1 -6  0 -9 
457 458   1 -3  0 -9 
457 459  -1 -4  0 -9 
458 207   1 -6  0 -9 
458 219   1 -6  0 -9 
458 224  -1 -5  0 -9 
458 227  -1 -5  0 -9 
458 228   1 -6  0 -9 
458 431   1 -6  0 -9 
458 436  -1 -5  0 -9 
458 439  -1 -5  0 -9 
458 440   1 -6  0 -9 
458 448  -1 -4  0 -9 
458 457   1 -3  0 -9 
458 459   1 -7  0 -9 
459 459   1 -8  0 -9 
460 230  -1 -4  0 -9 
460 231   1 -5  0 -9 
460 461  -1 -5  0 -9 
460 462   1 -3  0 -9 
460 463  -1 -4  0 -9 
460 464   1 -6  0 -9 
461 461  -1 -6  0 -9 
461 464   1 -7  0 -9 
462 230  -1 -5  0 -9 
462 231   1 -6  0 -9 
462 396   1 -6  0 -9 
462 460   1 -3  0 -9 
462 461  -1 -4  0 -9 
462 463  -1 -5  0 -9 
462 465   1 -6  0 -9 
463 231   1 -7  0 -9 
463 396   1 -7  0 -9 
463 463  -1 -6  0 -9 
463 465   1 -7  0 -9 
464 464   1 -8  0 -9 
465 465   1 -8  0 -9 
466 298  -1 -3  0 -9 
466 300   1 -4  0 -9 
466 301  -1 -1  0 -9 
466 302   1 -2  0 -9 
466 304  -1 -3  0 -9 
466 308  -1 -3  0 -9 
466 461  -1 -3  0 -9 
466 464   1 -4  0 -9 
466 465  -1 -3  0 -9 
466 466   1  0  0 -9 
466 467  -1 -1  0 -9 
466 468  -1 -1  0 -9 
466 469   1 -2  0 -9 
466 470  -1 -3  0 -9 
466 471  -1 -3  0 -9 
466 472   1 -2  0 -9 
466 473   1 -4  0 -9 
467 298  -1 -4  0 -9 
467 300   1 -5  0 -9 
467 303   1 -5  0 -9 
467 304  -1 -4  0 -9 
467 308  -1 -4  0 -9 
467 461  -1 -4  0 -9 
467 464   1 -5  0 -9 
467 465  -1 -4  0 -9 
467 470  -1 -4  0 -9 
467 471  -1 -4  0 -9 
467 472   1 -3  0 -9 
467 473   1 -5  0 -9 
468 461  -1 -4  0 -9 
468 464   1 -5  0 -9 
468 469   1 -3  0 -9 
468 470  -1 -4  0 -9 
468 471  -1 -4  0 -9 
468 473   1 -5  0 -9 
469 303   1 -6  0 -9 
469 461  -1 -5  0 -9 
469 464   1 -6  0 -9 
469 468   1 -3  0 -9 
469 470  -1 -5  0 -9 
469 471  -1 -5  0 -9 
469 473   1 -6  0 -9 
470 470  -1 -6  0 -9 
470 473   1 -7  0 -9 
471 303   1 -7  0 -9 
471 464   1 -7  0 -9 
471 471  -1 -6  0 -9 
471 473   1 -7  0 -9 
472 298  -1 -5  0 -9 
472 300   1 -6  0 -9 
472 303   1 -6  0 -9 
472 304  -1 -5  0 -9 
472 308   1 -7  0 -9 
472 461  -1 -5  0 -9 
472 464   1 -6  0 -9 
472 465   1 -7  0 -9 
472 467   1 -3  0 -9 
472 470  -1 -5  0 -9 
472 471  -1 -5  0 -9 
472 473   1 -6  0 -9 
473 473   1 -8  0 -9 
474 314  -1 -5  0 -9 
474 316   1 -6  0 -9 
474 470  -1 -4  0 -9 
474 475   1 -3  0 -9 
475 314  -1 -4  0 -9 
475 470  -1 -5  0 -9 
475 473   1 -6  0 -9 
475 474   1 -3  0 -9 
476 230  -1 -4  0 -9 
476 231   1 -5  0 -9 
476 251  -1 -4  0 -9 
476 320  -1 -4  0 -9 
476 322   1 -5  0 -9 
476 396   1 -5  0 -9 
476 417  -1 -4  0 -9 
476 418   1 -5  0 -9 
476 423  -1 -4  0 -9 
476 425   1 -5  0 -9 
476 463  -1 -4  0 -9 
476 465   1 -5  0 -9 
476 477   1 -3  0 -9 
476 479  -1 -4  0 -9 
477 230  -1 -5  0 -9 
477 231   1 -6  0 -9 
477 251   1 -7  0 -9 
477 320  -1 -5  0 -9 
477 322   1 -6  0 -9 
477 396   1 -6  0 -9 
477 417  -1 -5  0 -9 
477 418   1 -6  0 -9 
477 423  -1 -5  0 -9 
477 425   1 -6  0 -9 
477 463  -1 -5  0 -9 
477 465   1 -6  0 -9 
477 476   1 -3  0 -9 
477 478   1 -6  0 -9 
477 479  -1 -5  0 -9 
478 478   1 -8  0 -9 
479 322   1 -7  0 -9 
479 425   1 -7  0 -9 
479 465   1 -7  0 -9 
479 478   1 -7  0 -9 
479 479  -1 -6  0 -9 
480 230  -1 -1 -1 -3 -1 -5  0 -9 
480 231   1 -4  1 -6  0 -9 
480 251  -1 -3  0 -9 
480 252   1 -2  0 -9 
480 320  -1 -3  0 -9 
480 423  -1 -3  0 -9 
480 460  -1 -1  0 -9 
480 461  -1 -4  0 -9 
480 462   1 -2  0 -9 
480 463  -1 -3  0 -9 
480 464   1 -5  0 -9 
480 476  -1 -1  0 -9 
480 477   1 -2  0 -9 
480 478  -1 -4  0 -9 
480 480   1  0  0 -9 
480 481  -1 -1  0 -9 
480 482   1 -3  0 -9 
480 483  -1 -4  0 -9 
480 484   1 -2  0 -9 
480 485   1 -5  0 -9 
481 251   1 -6  0 -9 
481 252  -1 -5  0 -9 
481 320  -1 -4  0 -9 
481 423  -1 -4  0 -9 
481 483  -1 -5  0 -9 
481 484   1 -3  0 -9 
481 485   1 -6  0 -9 
482 478   1 -7  0 -9 
482 482  -1 -6  0 -9 
483 483  -1 -6  0 -9 
483 485   1 -7  0 -9 
484 252  -1 -4  0 -9 
484 320  -1 -5  0 -9 
484 322   1 -6  0 -9 
484 418   1 -6  0 -9 
484 423  -1 -5  0 -9 
484 425   1 -6  0 -9 
484 481   1 -3  0 -9 
484 483  -1 -4  0 -9 
485 485   1 -8  0 -9 
486 230  -1 -3  0 -9 
486 231   1 -4  0 -9 
486 251  -1 -3  0 -9 
486 320  -1 -3  0 -9 
486 322   1 -4  0 -9 
486 332  -1 -3  0 -9 
486 417  -1 -3  0 -9 
486 418   1 -4  0 -9 
486 420  -1 -1  0 -9 
486 421   1 -2 -1 -4  0 -9 
486 422   1 -2  0 -9 
486 423  -1 -3  0 -9 
486 424   1 -5  0 -9 
486 460  -1 -1  0 -9 
486 461   1 -2 -1 -4  0 -9 
486 462   1 -2  0 -9 
486 463  -1 -3  0 -9 
486 464   1 -5  0 -9 
486 476  -1 -1  0 -9 
486 477   1 -2  0 -9 
486 479  -1 -3  0 -9 
486 486   1  0  0 -9 
486 487  -1 -1  0 -9 
486 488  -1 -1  0 -9 
486 489   1 -2  0 -9 
486 490  -1 -3  0 -9 
486 491  -1 -3  0 -9 
486 492   1 -2  0 -9 
486 493   1 -4  0 -9 
487 320  -1 -4  0 -9 
487 322   1 -5  0 -9 
487 332  -1 -4  0 -9 
487 478   1 -5  0 -9 
487 479  -1 -4  0 -9 
487 490  -1 -4  0 -9 
487 491  -1 -4  0 -9 
487 492   1 -3  0 -9 
487 493   1 -5  0 -9 
488 421  -1 -5  0 -9 
488 424   1 -6  0 -9 
488 461  -1 -5  0 -9 
488 464   1 -6  0 -9 
488 489   1 -3  0 -9 
488 490  -1 -4  0 -9 
488 491  -1 -4  0 -9 
488 493   1 -5  0 -9 
489 421  -1 -4  0 -9 
489 461  -1 -4  0 -9 
489 478   1 -6  0 -9 
489 488   1 -3  0 -9 
489 490  -1 -5  0 -9 
489 491  -1 -5  0 -9 
489 493   1 -6  0 -9 
490 490  -1 -6  0 -9 
490 493   1 -7  0 -9 
491 478   1 -7  0 -9 
491 491  -1 -6  0 -9 
491 493   1 -7  0 -9 
492 320  -1 -5  0 -9 
492 322   1 -6  0 -9 
492 332   1 -7  0 -9 
492 425   1 -6  0 -9 
492 465   1 -6  0 -9 
492 478   1 -6  0 -9 
492 479  -1 -5  0 -9 
492 487   1 -3  0 -9 
492 490  -1 -5  0 -9 
492 491  -1 -5  0 -9 
492 493   1 -6  0 -9 
493 493   1 -8  0 -9 
494 230  -1  0 -1 -2  0 -9 
494 231   1 -3  0 -9 
494 251  -1 -2  0 -9 
494 252   1 -1  0 -9 
494 420  -1  0  0 -9 
494 421   1 -1  0 -9 
494 425  -1 -3  0 -9 
494 460  -1  0  0 -9 
494 461  -1 -3  0 -9 
494 462   1 -1  0 -9 
494 463  -1 -2  0 -9 
494 464   1 -4  0 -9 
494 476  -1  0  0 -9 
494 477   1 -1  0 -9 
494 478  -1 -3  0 -9 
494 480   1  1  0 -9 
494 481  -1  0  0 -9 
494 482   1 -2  0 -9 
494 483  -1 -3  0 -9 
494 485   1 -4  0 -9 
494 486   1  1  0 -9 
494 487  -1  0  0 -9 
494 488  -1  0  0 -9 
494 489   1 -1  0 -9 
494 494  -1  2  0 -9 
494 495   1  1  0 -9 
494 496   1  1  0 -9 
494 497  -1  0  0 -9 
494 498  -1 -3  0 -9 
494 500   1 -2  0 -9 
494 501  -1 -3  0 -9 
494 502   1 -4  0 -9 
495 425  -1 -4  0 -9 
495 483  -1 -4  0 -9 
495 485   1 -5  0 -9 
495 498  -1 -4  0 -9 
495 500   1 -3  0 -9 
495 501  -1 -4  0 -9 
495 502   1 -5  0 -9 
496 421   1 -2  0 -9 
496 424  -1 -3  0 -9 
496 461  -1 -4  0 -9 
496 464   1 -5  0 -9 
496 488  -1 -1  0 -9 
496 489   1 -2  0 -9 
496 491  -1 -3  0 -9 
496 496   1  0  0 -9 
496 497  -1 -1  0 -9 
496 498  -1 -4  0 -9 
496 499   1 -2  0 -9 
496 502   1 -5  0 -9 
497 424  -1 -4  0 -9 
497 478   1 -5  0 -9 
497 482  -1 -4  0 -9 
497 491  -1 -4  0 -9 
497 498  -1 -5  0 -9 
497 499   1 -3  0 -9 
497 502   1 -6  0 -9 
498 498  -1 -6  0 -9 
498 502   1 -7  0 -9 
499 424   1 -7  0 -9 
499 478   1 -6  0 -9 
499 482  -1 -5  0 -9 
499 491  -1 -5  0 -9 
499 493   1 -6  0 -9 
499 497   1 -3  0 -9 
499 498  -1 -4  0 -9 
500 332   1 -6  0 -9 
500 425   1 -7  0 -9 
500 483  -1 -5  0 -9 
500 485   1 -6  0 -9 
500 495   1 -3  0 -9 
500 498  -1 -5  0 -9 
500 501  -1 -5  0 -9 
500 502   1 -6  0 -9 
501 332   1 -7  0 -9 
501 485   1 -7  0 -9 
501 501  -1 -6  0 -9 
501 502   1 -7  0 -9 
502 502   1 -8  0 -9 
503 298  -1 -2  0 -9 
503 300   1 -3  0 -9 
503 301  -1  0  0 -9 
503 302   1 -1  0 -9 
503 303   1 -1  0 -9 
503 304  -1  0 -1 -2  0 -9 
503 308  -1 -2  0 -9 
503 313   1 -1  0 -9 
503 314   1 -1  0 -9 
503 315  -1  0  0 -9 
503 316  -1 -2  0 -9 
503 320   1 -1  0 -9 
503 322  -1 -2  0 -9 
503 324  -1  0  0 -9 
503 326   1 -1  0 -9 
503 328  -1 -2  0 -9 
503 332   1 -1  0 -9 
503 334  -1  0  0 -9 
503 337  -1  0 -1 -2  0 -9 
503 339   1 -1  0 -9 
503 340  -1 -2  0 -9 
503 341   1 -3  0 -9 
503 425  -1 -2  0 -9 
503 461  -1  0 -1 -2  0 -9 
503 464   1 -3  0 -9 
503 465  -1 -2  0 -9 
503 466   1  1  0 -9 
503 467  -1  0  0 -9 
503 468  -1  0  0 -9 
503 469   1 -1  0 -9 
503 470  -1  0 -1 -2  0 -9 
503 471  -1 -2  0 -9 
503 472   1 -1  0 -9 
503 473   1 -3  0 -9 
503 478  -1 -2  0 -9 
503 479   1 -1  0 -9 
503 482   1 -1  0 -9 
503 483  -1  0 -1 -2  0 -9 
503 485   1 -3  0 -9 
503 490   1 -1  0 -9 
503 491   1 -1  0 -9 
503 492  -1  0  0 -9 
503 493  -1 -2  0 -9 
503 495  -1  0  0 -9 
503 498  -1  0 -1 -2  0 -9 
503 500   1 -1  0 -9 
503 501  -1 -2  0 -9 
503 502   1 -3  0 -9 
503 503  -1  2  0 -9 
503 504  -1  0  0 -9 
503 505   1  1  0 -9 
503 506   1 -1  0 -9 
503 507   1  1  0 -9 
503 509  -1  0  0 -9 
503 510   1 -1  0 -9 
503 511  -1 -2  0 -9 
504 303   1 -7  0 -9 
504 314  -1 -5  0 -9 
504 316   1 -6  0 -9 
504 478   1 -6  0 -9 
504 482  -1 -5  0 -9 
504 491  -1 -5  0 -9 
504 493   1 -6  0 -9 
504 506  -1 -5  0 -9 
504 508   1 -3  0 -9 
504 511   1 -6  0 -9 
505 298  -1 -3  0 -9 
505 300   1 -4  1 -6  0 -9 
505 301  -1 -1  0 -9 
505 302   1 -2  0 -9 
505 303   1 -2  1 -6  0 -9 
505 304  -1 -1 -1 -3 -1 -5  0 -9 
505 308  -1 -3  0 -9 
505 310   1 -2  0 -9 
505 313   1 -2  0 -9 
505 314   1 -2 -1 -4  0 -9 
505 315  -1 -1  0 -9 
505 316  -1 -3  0 -9 
505 320   1 -2 -1 -4  0 -9 
505 322  -1 -3  0 -9 
505 324  -1 -1  0 -9 
505 326   1 -2  0 -9 
505 327   1 -2  0 -9 
505 328  -1 -3  0 -9 
505 332   1 -2  1 -6  0 -9 
505 334  -1 -1  0 -9 
505 337  -1 -1 -1 -3 -1 -5  0 -9 
505 339   1 -2  0 -9 
505 340  -1 -3  0 -9 
505 341   1 -4  1 -6  0 -9 
505 425  -1 -3  0 -9 
505 461  -1 -1 -1 -3 -1 -5  0 -9 
505 464   1 -4  1 -6  0 -9 
505 465  -1 -3  0 -9 
505 467  -1 -1  0 -9 
505 468  -1 -1  0 -9 
505 469   1 -2  0 -9 
505 470  -1 -1 -1 -3 -1 -5  0 -9 
505 471  -1 -3  0 -9 
505 472   1 -2  0 -9 
505 473   1 -4  1 -6  0 -9 
505 478  -1 -3  0 -9 
505 479   1 -2  0 -9 
505 482   1 -2  0 -9 
505 483  -1 -1 -1 -3 -1 -5  0 -9 
505 485   1 -4  1 -6  0 -9 
505 487   1 -2  0 -9 
505 490   1 -2  0 -9 
505 491   1 -2 -1 -4  0 -9 
505 492  -1 -1  0 -9 
505 493  -1 -3  0 -9 
505 495  -1 -1  0 -9 
505 498  -1 -1 -1 -3 -1 -5  0 -9 
505 500   1 -2  0 -9 
505 501  -1 -3  0 -9 
505 502   1 -4  1 -6  0 -9 
505 504  -1 -1  0 -9 
505 505   1  0  0 -9 
505 506   1 -2  0 -9 
505 508   1 -2  0 -9 
505 509  -1 -1  0 -9 
505 510   1 -2  0 -9 
505 511  -1 -3  0 -9 
506 316   1 -7  0 -9 
506 493   1 -7  0 -9 
506 506  -1 -6  0 -9 
506 511   1 -7  0 -9 
507 328  -1 -3  0 -9 
507 334  -1 -1  0 -9 
507 337  -1 -3  0 -9 
507 339   1 -2  0 -9 
507 340  -1 -3  0 -9 
507 341   1 -4  0 -9 
507 425  -1 -3  0 -9 
507 483  -1 -3  0 -9 
507 485   1 -4  0 -9 
507 495  -1 -1  0 -9 
507 498  -1 -3  0 -9 
507 500   1 -2  0 -9 
507 501  -1 -3  0 -9 
507 502   1 -4  0 -9 
507 507   1  0  0 -9 
507 509  -1 -1  0 -9 
507 510   1 -2  0 -9 
507 511  -1 -3  0 -9 
508 303  -1 -4  0 -9 
508 314  -1 -4  0 -9 
508 316   1 -5  0 -9 
508 478   1 -5  0 -9 
508 482  -1 -4  0 -9 
508 491  -1 -4  0 -9 
508 493   1 -5  0 -9 
508 504   1 -3  0 -9 
508 506  -1 -4  0 -9 
509 328  -1 -4  0 -9 
509 332   1 -5  0 -9 
509 337  -1 -4  0 -9 
509 340  -1 -4  0 -9 
509 341   1 -5  0 -9 
509 483  -1 -4  0 -9 
509 485   1 -5  0 -9 
509 498  -1 -4  0 -9 
509 501  -1 -4  0 -9 
509 502   1 -5  0 -9 
509 510   1 -3  0 -9 
509 511  -1 -4  0 -9 
510 328   1 -7  0 -9 
510 332   1 -6  0 -9 
510 337  -1 -5  0 -9 
510 340  -1 -5  0 -9 
510 341   1 -6  0 -9 
510 483  -1 -5  0 -9 
510 485   1 -6  0 -9 
510 498  -1 -5  0 -9 
510 501  -1 -5  0 -9 
510 502   1 -6  0 -9 
510 509   1 -3  0 -9 
510 511   1 -7  0 -9 
511 511   1 -8  0 -9 
512 421   1 -1  0 -9 
512 424  -1 -2  0 -9 
512 461  -1 -3  0 -9 
512 464   1 -4  0 -9 
512 468   1  1  0 -9 
512 469   1 -2  0 -9 
512 470  -1 -3  0 -9 
512 471  -1 -3  0 -9 
512 473   1 -4  0 -9 
512 475  -1  0  0 -9 
512 488  -1  0  0 -9 
512 490   1 -2  0 -9 
512 493  -1 -3  0 -9 
512 496   1  1  0 -9 
512 497  -1  0  0 -9 
512 498  -1 -3  0 -9 
512 499   1 -1  0 -9 
512 502   1 -4  0 -9 
512 508  -1  0  0 -9 
512 512  -1  2  0 -9 
512 513  -1  0  0 -9 
512 514   1  1  0 -9 
512 515   1  1  0 -9 
512 516  -1  0  0 -9 
512 517   1 -1  0 -9 
512 518   1 -1  0 -9 
512 519  -1 -2  0 -9 
513 314  -1 -4  0 -9 
513 316   1 -5  0 -9 
513 506  -1 -4  0 -9 
513 511   1 -5  0 -9 
513 518   1 -3  0 -9 
513 519  -1 -4  0 -9 
514 314  -1 -3  0 -9 
514 470  -1 -4  0 -9 
514 473   1 -5  0 -9 
514 474   1 -2  0 -9 
514 475  -1 -1  0 -9 
514 490   1 -3  0 -9 
514 493  -1 -4  0 -9 
514 498  -1 -4  0 -9 
514 502   1 -5  0 -9 
514 513  -1 -1  0 -9 
514 514   1  0  0 -9 
514 516  -1 -1  0 -9 
514 517   1 -2  0 -9 
514 518   1 -2  0 -9 
514 519  -1 -3  0 -9 
515 303  -1 -3  0 -9 
515 314  -1 -3  0 -9 
515 316   1 -4  0 -9 
515 424  -1 -3  0 -9 
515 478   1 -4  0 -9 
515 482  -1 -3  0 -9 
515 491  -1 -3  0 -9 
515 497  -1 -1  0 -9 
515 498   1 -2 -1 -4  0 -9 
515 499   1 -2  0 -9 
515 502   1 -5  0 -9 
515 504   1 -2  0 -9 
515 506  -1 -3  0 -9 
515 508  -1 -1  0 -9 
515 513  -1 -1  0 -9 
515 515   1  0  0 -9 
515 516  -1 -1  0 -9 
515 517   1 -2  0 -9 
515 518   1 -2  0 -9 
515 519  -1 -3  0 -9 
516 498  -1 -5  0 -9 
516 502   1 -6  0 -9 
516 517   1 -3  0 -9 
516 519  -1 -4  0 -9 
517 498  -1 -4  0 -9 
517 511   1 -6  0 -9 
517 516   1 -3  0 -9 
517 519  -1 -5  0 -9 
518 314  -1 -5  0 -9 
518 316   1 -6  0 -9 
518 493   1 -6  0 -9 
518 506  -1 -5  0 -9 
518 511   1 -6  0 -9 
518 513   1 -3  0 -9 
518 519  -1 -5  0 -9 
519 511   1 -7  0 -9 
519 519  -1 -6  0 -9 
9999 9999
