 0  0   1  0  0 -9 
 0  1  -1 -1  0 -9 
 0  3  -1 -1  0 -9 
 0  5   1 -2  0 -9 
 0  7  -1 -3  0 -9 
 0 11  -1 -3  0 -9 
 0 15  -1 -3  0 -9 
 0 17   1 -2  0 -9 
 0 21  -1 -3  0 -9 
 0 25   1 -4  0 -9 
 1  7  -1 -4  0 -9 
 1 15  -1 -4  0 -9 
 1 17   1 -3  0 -9 
 1 21  -1 -4  0 -9 
 1 25   1 -5  0 -9 
 2  8  -1 -4  0 -9 
 2 18   1 -3  0 -9 
 2 22  -1 -4  0 -9 
 2 26   1 -5  0 -9 
 3  5   1 -3  0 -9 
 3  7  -1 -4  0 -9 
 3 11  -1 -4  0 -9 
 3 15  -1 -4  0 -9 
 3 25   1 -5  0 -9 
 4  6   1 -3  0 -9 
 4 12  -1 -4  0 -9 
 4 16  -1 -4  0 -9 
 4 27   1 -5  0 -9 
 5  3   1 -3  0 -9 
 5  7  -1 -5  0 -9 
 5 11   1 -7  0 -9 
 5 15  -1 -5  0 -9 
 5 25   1 -6  0 -9 
 6  4   1 -3  0 -9 
 6 11   1 -6  0 -9 
 6 12  -1 -5  0 -9 
 6 16  -1 -5  0 -9 
 6 27   1 -6  0 -9 
 7  7  -1 -6  0 -9 
 7 25   1 -7  0 -9 
 8  8  -1 -6  0 -9 
 8 26   1 -7  0 -9 
 9 13  -1 -5  0 -9 
 9 16  -1 -4  0 -9 
 9 19   1 -3  0 -9 
 9 23  -1 -4  0 -9 
 9 28   1 -6  0 -9 
10  8  -1 -5  0 -9 
10 14  -1 -5  0 -9 
10 20   1 -3  0 -9 
10 24  -1 -4  0 -9 
10 26   1 -6  0 -9 
10 29   1 -6  0 -9 
11 11   1 -8  0 -9 
12 11   1 -7  0 -9 
12 12  -1 -6  0 -9 
12 27   1 -7  0 -9 
13 13  -1 -6  0 -9 
13 28   1 -7  0 -9 
14 14  -1 -6  0 -9 
14 29   1 -7  0 -9 
15 15  -1 -6  0 -9 
15 25   1 -7  0 -9 
16 16  -1 -6  0 -9 
16 27   1 -7  0 -9 
17  1   1 -3  0 -9 
17  7  -1 -5  0 -9 
17 15  -1 -5  0 -9 
17 21   1 -7  0 -9 
17 25   1 -6  0 -9 
18  2   1 -3  0 -9 
18  8  -1 -5  0 -9 
18 21   1 -6  0 -9 
18 22  -1 -5  0 -9 
18 26   1 -6  0 -9 
19  9   1 -3  0 -9 
19 13  -1 -4  0 -9 
19 16  -1 -5  0 -9 
19 23  -1 -5  0 -9 
19 27   1 -6  0 -9 
19 30   1 -6  0 -9 
20  8  -1 -4  0 -9 
20 10   1 -3  0 -9 
20 14  -1 -4  0 -9 
20 24  -1 -5  0 -9 
20 31   1 -6  0 -9 
21 21   1 -8  0 -9 
22 21   1 -7  0 -9 
22 22  -1 -6  0 -9 
22 26   1 -7  0 -9 
23 23  -1 -6  0 -9 
23 30   1 -7  0 -9 
24 24  -1 -6  0 -9 
24 31   1 -7  0 -9 
25 25   1 -8  0 -9 
26 26   1 -8  0 -9 
27 27   1 -8  0 -9 
28 28   1 -8  0 -9 
29 29   1 -8  0 -9 
30 30   1 -8  0 -9 
31 31   1 -8  0 -9 
32 32   1 -8  0 -9 
33 35   1 -3  0 -9 
33 39  -1 -4  0 -9 
33 43  -1 -5  0 -9 
33 47   1 -6  0 -9 
34 43  -1 -4  0 -9 
34 44   1 -3  0 -9 
34 47   1 -5  0 -9 
34 49  -1 -4  0 -9 
35 33   1 -3  0 -9 
35 39  -1 -5  0 -9 
35 43  -1 -4  0 -9 
35 55   1 -6  0 -9 
36  8  -1 -4  0 -9 
36 26   1 -5  0 -9 
36 39  -1 -4  0 -9 
36 40   1 -3  0 -9 
36 55   1 -5  0 -9 
36 56  -1 -4  0 -9 
37 11  -1 -3  0 -9 
37 13  -1 -3  0 -9 
37 28   1 -4  0 -9 
37 30  -1 -3  0 -9 
37 34  -1 -1  0 -9 
37 37   1  0  0 -9 
37 41  -1 -1  0 -9 
37 43  -1 -3  0 -9 
37 44   1 -2  0 -9 
37 45  -1 -1  0 -9 
37 47   1 -4  0 -9 
37 48  -1 -3  0 -9 
37 49  -1 -3  0 -9 
37 50   1 -2  0 -9 
37 52  -1 -3  0 -9 
37 58  -1 -3  0 -9 
37 60   1 -2  0 -9 
37 63   1 -4  0 -9 
38  4  -1 -1  0 -9 
38  6   1 -2  0 -9 
38  8  -1 -3  0 -9 
38 12  -1 -3  0 -9 
38 14  -1 -3  0 -9 
38 16  -1 -3  0 -9 
38 26   1 -4  0 -9 
38 27   1 -4  0 -9 
38 29   1 -4  0 -9 
38 31  -1 -3  0 -9 
38 36  -1 -1  0 -9 
38 38   1  0  0 -9 
38 39  -1 -3  0 -9 
38 40   1 -2  0 -9 
38 42  -1 -1  0 -9 
38 46  -1 -1  0 -9 
38 51   1 -2  0 -9 
38 53  -1 -3  0 -9 
38 55   1 -4  0 -9 
38 56  -1 -3  0 -9 
38 57  -1 -3  0 -9 
38 59  -1 -3  0 -9 
38 61   1 -2  0 -9 
38 64   1 -4  0 -9 
39 39  -1 -6  0 -9 
39 55   1 -7  0 -9 
40  8  -1 -5  0 -9 
40 11   1 -6  0 -9 
40 26   1 -6  0 -9 
40 36   1 -3  0 -9 
40 39  -1 -5  0 -9 
40 48   1 -6  0 -9 
40 55   1 -6  0 -9 
40 56  -1 -5  0 -9 
41 13  -1 -4  0 -9 
41 28   1 -5  0 -9 
41 30  -1 -4  0 -9 
41 52  -1 -4  0 -9 
41 58  -1 -4  0 -9 
41 60   1 -3  0 -9 
41 63   1 -5  0 -9 
42  8  -1 -4  0 -9 
42 11   1 -5  0 -9 
42 12  -1 -4  0 -9 
42 14  -1 -4  0 -9 
42 16  -1 -4  0 -9 
42 26   1 -5  0 -9 
42 27   1 -5  0 -9 
42 29   1 -5  0 -9 
42 31  -1 -4  0 -9 
42 39  -1 -4  0 -9 
42 48   1 -5  0 -9 
42 53  -1 -4  0 -9 
42 55   1 -5  0 -9 
42 56  -1 -4  0 -9 
42 57  -1 -4  0 -9 
42 59  -1 -4  0 -9 
42 61   1 -3  0 -9 
42 64   1 -5  0 -9 
43 43  -1 -6  0 -9 
43 47   1 -7  0 -9 
44 34   1 -3  0 -9 
44 43  -1 -5  0 -9 
44 47   1 -6  0 -9 
44 49  -1 -5  0 -9 
44 57   1 -6  0 -9 
45 11  -1 -4  0 -9 
45 13  -1 -4  0 -9 
45 28   1 -5  0 -9 
45 43  -1 -4  0 -9 
45 47   1 -5  0 -9 
45 48  -1 -4  0 -9 
45 49  -1 -4  0 -9 
45 50   1 -3  0 -9 
45 52  -1 -4  0 -9 
45 57   1 -5  0 -9 
45 58  -1 -4  0 -9 
45 63   1 -5  0 -9 
46 14  -1 -4  0 -9 
46 29   1 -5  0 -9 
46 51   1 -3  0 -9 
46 53  -1 -4  0 -9 
46 59  -1 -4  0 -9 
46 64   1 -5  0 -9 
47 47   1 -8  0 -9 
48 48   1 -8  0 -9 
49 47   1 -7  0 -9 
49 49  -1 -6  0 -9 
49 57   1 -7  0 -9 
50 11   1 -7  0 -9 
50 13  -1 -5  0 -9 
50 28   1 -6  0 -9 
50 43  -1 -5  0 -9 
50 45   1 -3  0 -9 
50 47   1 -6  0 -9 
50 48   1 -7  0 -9 
50 49  -1 -5  0 -9 
50 52  -1 -5  0 -9 
50 57   1 -6  0 -9 
50 58  -1 -5  0 -9 
50 63   1 -6  0 -9 
51 14  -1 -5  0 -9 
51 29   1 -6  0 -9 
51 46   1 -3  0 -9 
51 48   1 -6  0 -9 
51 53  -1 -5  0 -9 
51 59  -1 -5  0 -9 
51 64   1 -6  0 -9 
52 52  -1 -6  0 -9 
52 63   1 -7  0 -9 
53 48   1 -7  0 -9 
53 53  -1 -6  0 -9 
53 64   1 -7  0 -9 
54 14  -1 -4  0 -9 
54 29   1 -5  0 -9 
54 32  -1 -4  0 -9 
54 52  -1 -5  0 -9 
54 59  -1 -4  0 -9 
54 62   1 -3  0 -9 
54 63   1 -6  0 -9 
55 55   1 -8  0 -9 
56 11   1 -7  0 -9 
56 26   1 -7  0 -9 
56 48   1 -7  0 -9 
56 55   1 -7  0 -9 
56 56  -1 -6  0 -9 
57 57   1 -8  0 -9 
58 28   1 -7  0 -9 
58 57   1 -7  0 -9 
58 58  -1 -6  0 -9 
58 63   1 -7  0 -9 
59 29   1 -7  0 -9 
59 59  -1 -6  0 -9 
59 64   1 -7  0 -9 
60 13  -1 -5  0 -9 
60 28   1 -6  0 -9 
60 30   1 -7  0 -9 
60 41   1 -3  0 -9 
60 52  -1 -5  0 -9 
60 57   1 -6  0 -9 
60 58  -1 -5  0 -9 
60 63   1 -6  0 -9 
61  8  -1 -5  0 -9 
61 11   1 -6  0 -9 
61 12  -1 -5  0 -9 
61 14  -1 -5  0 -9 
61 16  -1 -5  0 -9 
61 26   1 -6  0 -9 
61 27   1 -6  0 -9 
61 29   1 -6  0 -9 
61 31   1 -7  0 -9 
61 39  -1 -5  0 -9 
61 42   1 -3  0 -9 
61 48   1 -6  0 -9 
61 53  -1 -5  0 -9 
61 55   1 -6  0 -9 
61 56  -1 -5  0 -9 
61 57   1 -7  0 -9 
61 59  -1 -5  0 -9 
61 64   1 -6  0 -9 
62 14  -1 -5  0 -9 
62 29   1 -6  0 -9 
62 32   1 -7  0 -9 
62 52  -1 -4  0 -9 
62 54   1 -3  0 -9 
62 59  -1 -5  0 -9 
62 64   1 -6  0 -9 
63 63   1 -8  0 -9 
64 64   1 -8  0 -9 
65 65   1 -8  0 -9 
66 48   1 -7  0 -9 
66 65   1 -7  0 -9 
66 66  -1 -6  0 -9 
67 65   1 -7  0 -9 
67 67  -1 -6  0 -9 
68 48   1 -6  0 -9 
68 52  -1 -4  0 -9 
68 65   1 -6  0 -9 
68 66  -1 -5  0 -9 
68 67  -1 -5  0 -9 
68 70   1 -3  0 -9 
69 48   1 -5  0 -9 
69 53  -1 -4  0 -9 
69 65   1 -5  0 -9 
69 66  -1 -4  0 -9 
69 67  -1 -4  0 -9 
69 71   1 -3  0 -9 
70 52  -1 -5  0 -9 
70 63   1 -6  0 -9 
70 65   1 -5  0 -9 
70 66  -1 -4  0 -9 
70 67  -1 -4  0 -9 
70 68   1 -3  0 -9 
71 48   1 -6  0 -9 
71 53  -1 -5  0 -9 
71 64   1 -6  0 -9 
71 65   1 -6  0 -9 
71 66  -1 -5  0 -9 
71 67  -1 -5  0 -9 
71 69   1 -3  0 -9 
72 14  -1 -3  0 -9 
72 29   1 -4  0 -9 
72 32  -1 -3  0 -9 
72 46  -1 -1  0 -9 
72 51   1 -2  0 -9 
72 52   1 -2 -1 -4  0 -9 
72 53  -1 -3  0 -9 
72 54  -1 -1  0 -9 
72 59  -1 -3  0 -9 
72 62   1 -2  0 -9 
72 63   1 -5  0 -9 
72 65   1 -4  0 -9 
72 66  -1 -3  0 -9 
72 67  -1 -3  0 -9 
72 68   1 -2  0 -9 
72 69  -1 -1  0 -9 
72 70  -1 -1  0 -9 
72 71   1 -2  0 -9 
72 72   1  0  0 -9 
73 75  -1 -4  0 -9 
73 77   1 -3  0 -9 
73 81  -1 -4  0 -9 
73 85   1 -5  0 -9 
74  2  -1 -1  0 -9 
74  8  -1 -3  0 -9 
74 18   1 -2  0 -9 
74 22  -1 -3  0 -9 
74 26   1 -4  0 -9 
74 73  -1 -1  0 -9 
74 74   1  0  0 -9 
74 75  -1 -3  0 -9 
74 77   1 -2  0 -9 
74 78  -1 -1  0 -9 
74 81  -1 -3  0 -9 
74 82   1 -2  0 -9 
74 85   1 -4  0 -9 
74 86  -1 -3  0 -9 
75 75  -1 -6  0 -9 
75 85   1 -7  0 -9 
76 76  -1 -6  0 -9 
76 87   1 -7  0 -9 
77 21   1 -6  0 -9 
77 73   1 -3  0 -9 
77 75  -1 -5  0 -9 
77 81  -1 -5  0 -9 
77 85   1 -6  0 -9 
78  8  -1 -4  0 -9 
78 21   1 -5  0 -9 
78 22  -1 -4  0 -9 
78 26   1 -5  0 -9 
78 75  -1 -4  0 -9 
78 81  -1 -4  0 -9 
78 82   1 -3  0 -9 
78 85   1 -5  0 -9 
78 86  -1 -4  0 -9 
79 23  -1 -4  0 -9 
79 30   1 -5  0 -9 
79 76  -1 -5  0 -9 
79 83   1 -3  0 -9 
79 87   1 -6  0 -9 
79 90  -1 -4  0 -9 
80 24  -1 -4  0 -9 
80 31   1 -5  0 -9 
80 76  -1 -4  0 -9 
80 84   1 -3  0 -9 
80 87   1 -5  0 -9 
80 91  -1 -4  0 -9 
81 21   1 -7  0 -9 
81 81  -1 -6  0 -9 
81 85   1 -7  0 -9 
82  8  -1 -5  0 -9 
82 21   1 -6  0 -9 
82 22  -1 -5  0 -9 
82 26   1 -6  0 -9 
82 75  -1 -5  0 -9 
82 78   1 -3  0 -9 
82 81  -1 -5  0 -9 
82 85   1 -6  0 -9 
82 86   1 -7  0 -9 
83 23  -1 -5  0 -9 
83 30   1 -6  0 -9 
83 76  -1 -4  0 -9 
83 79   1 -3  0 -9 
83 88   1 -6  0 -9 
83 90  -1 -5  0 -9 
84 24  -1 -5  0 -9 
84 31   1 -6  0 -9 
84 76  -1 -5  0 -9 
84 80   1 -3  0 -9 
84 86   1 -6  0 -9 
84 87   1 -6  0 -9 
84 89   1 -6  0 -9 
84 91  -1 -5  0 -9 
85 85   1 -8  0 -9 
86 86   1 -8  0 -9 
87 87   1 -8  0 -9 
88 88   1 -8  0 -9 
89 89   1 -8  0 -9 
90 30   1 -7  0 -9 
90 88   1 -7  0 -9 
90 90  -1 -6  0 -9 
91 31   1 -7  0 -9 
91 86   1 -7  0 -9 
91 87   1 -7  0 -9 
91 89   1 -7  0 -9 
91 91  -1 -6  0 -9 
92 32   1 -7  0 -9 
92 89   1 -7  0 -9 
92 92  -1 -6  0 -9 
93  0   1  1  0 -9 
93  1  -1  0  0 -9 
93  3  -1  0  0 -9 
93  5   1 -1  0 -9 
93  7  -1  0 -1 -2  0 -9 
93 11  -1 -2  0 -9 
93 15  -1 -2  0 -9 
93 17   1 -1  0 -9 
93 21  -1 -2  0 -9 
93 25   1 -3  0 -9 
93 75   1 -1  0 -9 
93 77  -1  0  0 -9 
93 81   1 -1  0 -9 
93 85  -1 -2  0 -9 
93 93  -1  2  0 -9 
93 94  -1  0  0 -9 
93 96  -1  0  0 -9 
93 98   1  1  0 -9 
93 102  -1  0 -1 -2  0 -9 
93 106   1 -1  0 -9 
93 114   1  1  0 -9 
93 119  -1  0  0 -9 
93 123   1 -1  0 -9 
93 129  -1 -2  0 -9 
93 138   1 -1  0 -9 
93 142  -1 -2  0 -9 
93 148   1 -3  0 -9 
94 102  -1 -4  0 -9 
94 138   1 -3  0 -9 
94 142  -1 -4  0 -9 
94 148   1 -5  0 -9 
95  2  -1  0  0 -9 
95  8  -1  0 -1 -2  0 -9 
95 18   1 -1  0 -9 
95 22  -1 -2  0 -9 
95 26   1 -3  0 -9 
95 73  -1  0  0 -9 
95 74   1  1  0 -9 
95 78  -1  0  0 -9 
95 82   1 -1  0 -9 
95 86  -1 -2  0 -9 
95 94   1  1  0 -9 
95 95  -1  2  0 -9 
95 99   1  1  0 -9 
95 102  -1 -3  0 -9 
95 103  -1  0  0 -9 
95 107   1 -1  0 -9 
95 115   1  1  0 -9 
95 116  -1  0  0 -9 
95 120  -1  0  0 -9 
95 124   1 -1  0 -9 
95 130  -1 -2  0 -9 
95 138   1 -2  0 -9 
95 142  -1 -3  0 -9 
95 148   1 -4  0 -9 
96 11   1 -6  0 -9 
96 75  -1 -5  0 -9 
96 85   1 -6  0 -9 
96 106  -1 -5  0 -9 
96 117   1 -3  0 -9 
96 129   1 -6  0 -9 
97 76  -1 -5  0 -9 
97 87   1 -6  0 -9 
97 108  -1 -5  0 -9 
97 118   1 -3  0 -9 
97 131   1 -6  0 -9 
98  1  -1 -1  0 -9 
98  3  -1 -1  0 -9 
98  5   1 -2  0 -9 
98  7  -1 -1 -1 -3 -1 -5  0 -9 
98 11  -1 -3  0 -9 
98 15  -1 -3  0 -9 
98 17   1 -2  0 -9 
98 21  -1 -3  0 -9 
98 25   1 -4  1 -6  0 -9 
98 73   1 -2  0 -9 
98 75   1 -2 -1 -4  0 -9 
98 77  -1 -1  0 -9 
98 81   1 -2  0 -9 
98 85  -1 -3  0 -9 
98 94  -1 -1  0 -9 
98 96  -1 -1  0 -9 
98 98   1  0  0 -9 
98 102  -1 -1 -1 -3 -1 -5  0 -9 
98 106   1 -2  0 -9 
98 117   1 -2  0 -9 
98 119  -1 -1  0 -9 
98 123   1 -2  0 -9 
98 129  -1 -3  0 -9 
98 138   1 -2  0 -9 
98 142  -1 -3  0 -9 
98 148   1 -4  1 -6  0 -9 
99  2  -1 -1  0 -9 
99  8  -1 -1 -1 -3 -1 -5  0 -9 
99 18   1 -2  0 -9 
99 22  -1 -3  0 -9 
99 26   1 -4  1 -6  0 -9 
99 75  -1 -3  0 -9 
99 78  -1 -1  0 -9 
99 82   1 -2  0 -9 
99 86  -1 -3  0 -9 
99 99   1  0  0 -9 
99 102  -1 -4  0 -9 
99 103  -1 -1  0 -9 
99 107   1 -2  0 -9 
99 120  -1 -1  0 -9 
99 124   1 -2  0 -9 
99 130  -1 -3  0 -9 
99 139   1 -2  0 -9 
99 143  -1 -3  0 -9 
99 148   1 -5  0 -9 
100  4  -1 -1  0 -9 
100  6   1 -2  0 -9 
100  9  -1 -1  0 -9 
100 11  -1 -4  0 -9 
100 13  -1 -4  0 -9 
100 16  -1 -3  0 -9 
100 19   1 -2  0 -9 
100 23  -1 -3  0 -9 
100 28   1 -5  0 -9 
100 76   1 -2 -1 -4  0 -9 
100 79  -1 -1  0 -9 
100 83   1 -2  0 -9 
100 87   1 -5  0 -9 
100 88  -1 -4  0 -9 
100 97  -1 -1  0 -9 
100 100   1  0  0 -9 
100 104  -1 -1  0 -9 
100 108  -1 -4  0 -9 
100 109   1 -3  0 -9 
100 111  -1 -4  0 -9 
100 118   1 -2  0 -9 
100 121  -1 -1  0 -9 
100 125   1 -2  0 -9 
100 131   1 -5  0 -9 
100 132  -1 -4  0 -9 
100 140   1 -2  0 -9 
100 144  -1 -3  0 -9 
100 149   1 -5  0 -9 
101  8  -1 -4  0 -9 
101 10  -1 -1  0 -9 
101 14  -1 -4  0 -9 
101 20   1 -2  0 -9 
101 24  -1 -3  0 -9 
101 26   1 -5  0 -9 
101 29   1 -5  0 -9 
101 76  -1 -3  0 -9 
101 80  -1 -1  0 -9 
101 84   1 -2  0 -9 
101 86  -1 -4  0 -9 
101 89  -1 -4  0 -9 
101 101   1  0  0 -9 
101 105  -1 -1  0 -9 
101 107   1 -3  0 -9 
101 110   1 -3  0 -9 
101 112  -1 -4  0 -9 
101 122  -1 -1  0 -9 
101 126   1 -2  0 -9 
101 130  -1 -4  0 -9 
101 133  -1 -4  0 -9 
101 141   1 -2  0 -9 
101 145  -1 -3  0 -9 
101 150   1 -5  0 -9 
102 102  -1 -6  0 -9 
102 148   1 -7  0 -9 
103 75  -1 -4  0 -9 
103 86   1 -6  0 -9 
103 102  -1 -5  0 -9 
103 107  -1 -5  0 -9 
103 130   1 -6  0 -9 
103 139   1 -3  0 -9 
103 143  -1 -4  0 -9 
103 148   1 -6  0 -9 
104 111  -1 -5  0 -9 
104 140   1 -3  0 -9 
104 144  -1 -4  0 -9 
104 149   1 -6  0 -9 
105 76  -1 -4  0 -9 
105 112  -1 -5  0 -9 
105 141   1 -3  0 -9 
105 145  -1 -4  0 -9 
105 150   1 -6  0 -9 
106 11   1 -7  0 -9 
106 85   1 -7  0 -9 
106 106  -1 -6  0 -9 
106 129   1 -7  0 -9 
107 86   1 -7  0 -9 
107 107  -1 -6  0 -9 
107 130   1 -7  0 -9 
108 87   1 -7  0 -9 
108 108  -1 -6  0 -9 
108 131   1 -7  0 -9 
109 11   1 -7  0 -9 
109 88   1 -7  0 -9 
109 109  -1 -6  0 -9 
109 132   1 -7  0 -9 
110 89   1 -7  0 -9 
110 110  -1 -6  0 -9 
110 133   1 -7  0 -9 
111 111  -1 -6  0 -9 
111 149   1 -7  0 -9 
112 112  -1 -6  0 -9 
112 150   1 -7  0 -9 
113 113  -1 -6  0 -9 
113 151   1 -7  0 -9 
114 94  -1 -1  0 -9 
114 102  -1 -3  0 -9 
114 114   1  0  0 -9 
114 119  -1 -1  0 -9 
114 123   1 -2  0 -9 
114 129  -1 -3  0 -9 
114 138   1 -2  0 -9 
114 142  -1 -3  0 -9 
114 148   1 -4  0 -9 
115 115   1  0  0 -9 
115 116  -1 -1  0 -9 
115 120  -1 -1  0 -9 
115 124   1 -2  0 -9 
115 127  -1 -3  0 -9 
115 130  -1 -3  0 -9 
115 143  -1 -3  0 -9 
115 146   1 -2  0 -9 
115 152   1 -4  0 -9 
116 127  -1 -4  0 -9 
116 143  -1 -4  0 -9 
116 146   1 -3  0 -9 
116 152   1 -5  0 -9 
117 75  -1 -4  0 -9 
117 85   1 -5  0 -9 
117 96   1 -3  0 -9 
117 106  -1 -4  0 -9 
118 76  -1 -4  0 -9 
118 87   1 -5  0 -9 
118 97   1 -3  0 -9 
118 108  -1 -4  0 -9 
119 102  -1 -4  0 -9 
119 123   1 -3  0 -9 
119 129  -1 -4  0 -9 
119 142  -1 -4  0 -9 
119 148   1 -5  0 -9 
120 124   1 -3  0 -9 
120 127  -1 -4  0 -9 
120 130  -1 -4  0 -9 
120 143  -1 -4  0 -9 
120 152   1 -5  0 -9 
121 125   1 -3  0 -9 
121 134  -1 -4  0 -9 
121 144  -1 -4  0 -9 
121 153   1 -5  0 -9 
122 126   1 -3  0 -9 
122 135  -1 -4  0 -9 
122 145  -1 -4  0 -9 
122 154   1 -5  0 -9 
123 102  -1 -5  0 -9 
123 119   1 -3  0 -9 
123 129   1 -7  0 -9 
123 142  -1 -5  0 -9 
123 148   1 -6  0 -9 
124 120   1 -3  0 -9 
124 127  -1 -5  0 -9 
124 130   1 -7  0 -9 
124 143  -1 -5  0 -9 
124 152   1 -6  0 -9 
125 121   1 -3  0 -9 
125 132   1 -6  0 -9 
125 134  -1 -5  0 -9 
125 144  -1 -5  0 -9 
125 153   1 -6  0 -9 
126 122   1 -3  0 -9 
126 130   1 -6  0 -9 
126 133   1 -6  0 -9 
126 135  -1 -5  0 -9 
126 145  -1 -5  0 -9 
126 154   1 -6  0 -9 
127 127  -1 -6  0 -9 
127 152   1 -7  0 -9 
128 136  -1 -5  0 -9 
128 145  -1 -4  0 -9 
128 147   1 -3  0 -9 
128 155   1 -6  0 -9 
129 129   1 -8  0 -9 
130 130   1 -8  0 -9 
131 131   1 -8  0 -9 
132 132   1 -8  0 -9 
133 133   1 -8  0 -9 
134 132   1 -7  0 -9 
134 134  -1 -6  0 -9 
134 153   1 -7  0 -9 
135 130   1 -7  0 -9 
135 133   1 -7  0 -9 
135 135  -1 -6  0 -9 
135 154   1 -7  0 -9 
136 136  -1 -6  0 -9 
136 155   1 -7  0 -9 
137 133   1 -7  0 -9 
137 137  -1 -6  0 -9 
137 156   1 -7  0 -9 
138 94   1 -3  0 -9 
138 102  -1 -5  0 -9 
138 142  -1 -5  0 -9 
138 148   1 -6  0 -9 
139 75  -1 -5  0 -9 
139 85   1 -6  0 -9 
139 102  -1 -4  0 -9 
139 103   1 -3  0 -9 
139 107  -1 -4  0 -9 
139 143  -1 -5  0 -9 
139 152   1 -6  0 -9 
140 104   1 -3  0 -9 
140 111  -1 -4  0 -9 
140 144  -1 -5  0 -9 
140 153   1 -6  0 -9 
141 76  -1 -5  0 -9 
141 87   1 -6  0 -9 
141 105   1 -3  0 -9 
141 112  -1 -4  0 -9 
141 145  -1 -5  0 -9 
141 154   1 -6  0 -9 
142 142  -1 -6  0 -9 
142 148   1 -7  0 -9 
143 143  -1 -6  0 -9 
143 152   1 -7  0 -9 
144 144  -1 -6  0 -9 
144 153   1 -7  0 -9 
145 145  -1 -6  0 -9 
145 154   1 -7  0 -9 
146 116   1 -3  0 -9 
146 127  -1 -5  0 -9 
146 143  -1 -5  0 -9 
146 152   1 -6  0 -9 
147 128   1 -3  0 -9 
147 136  -1 -4  0 -9 
147 145  -1 -5  0 -9 
147 154   1 -6  0 -9 
148 148   1 -8  0 -9 
149 149   1 -8  0 -9 
150 150   1 -8  0 -9 
151 151   1 -8  0 -9 
152 152   1 -8  0 -9 
153 153   1 -8  0 -9 
154 154   1 -8  0 -9 
155 155   1 -8  0 -9 
156 156   1 -8  0 -9 
157  7  -1 -4  0 -9 
157 11   1 -6  0 -9 
157 75  -1 -5  0 -9 
157 85   1 -6  0 -9 
157 159   1 -3  0 -9 
157 163  -1 -4  0 -9 
157 167  -1 -5  0 -9 
157 171   1 -6  0 -9 
158 11   1 -5  0 -9 
158 12  -1 -4  0 -9 
158 76  -1 -5  0 -9 
158 87   1 -6  0 -9 
158 167  -1 -4  0 -9 
158 168   1 -3  0 -9 
158 171   1 -5  0 -9 
158 173  -1 -4  0 -9 
159  7  -1 -5  0 -9 
159 25   1 -6  0 -9 
159 75  -1 -4  0 -9 
159 157   1 -3  0 -9 
159 163  -1 -5  0 -9 
159 167  -1 -4  0 -9 
159 179   1 -6  0 -9 
160  8  -1 -5  0 -9 
160 26   1 -6  0 -9 
160 163  -1 -4  0 -9 
160 164   1 -3  0 -9 
160 179   1 -5  0 -9 
160 180  -1 -4  0 -9 
161  4  -1 -1  0 -9 
161  6   1 -2  0 -9 
161  9  -1 -1  0 -9 
161 12  -1 -3  0 -9 
161 13   1 -2 -1 -4  0 -9 
161 16  -1 -3  0 -9 
161 19   1 -2  0 -9 
161 23  -1 -3  0 -9 
161 28   1 -5  0 -9 
161 76   1 -2 -1 -4  0 -9 
161 79  -1 -1  0 -9 
161 83   1 -2  0 -9 
161 87   1 -5  0 -9 
161 90  -1 -3  0 -9 
161 158  -1 -1  0 -9 
161 161   1  0  0 -9 
161 165  -1 -1  0 -9 
161 167  -1 -3  0 -9 
161 168   1 -2  0 -9 
161 169  -1 -1  0 -9 
161 171   1 -4  0 -9 
161 172  -1 -3  0 -9 
161 173  -1 -3  0 -9 
161 174   1 -2  0 -9 
161 176  -1 -3  0 -9 
161 182  -1 -3  0 -9 
161 184   1 -2  0 -9 
161 187   1 -4  0 -9 
162  8   1 -2 -1 -4  0 -9 
162 10  -1 -1  0 -9 
162 14   1 -2 -1 -4  0 -9 
162 20   1 -2  0 -9 
162 24  -1 -3  0 -9 
162 26   1 -5  0 -9 
162 29   1 -5  0 -9 
162 76  -1 -3  0 -9 
162 80  -1 -1  0 -9 
162 84   1 -2  0 -9 
162 87   1 -4  0 -9 
162 91  -1 -3  0 -9 
162 160  -1 -1  0 -9 
162 162   1  0  0 -9 
162 163  -1 -3  0 -9 
162 164   1 -2  0 -9 
162 166  -1 -1  0 -9 
162 170  -1 -1  0 -9 
162 175   1 -2  0 -9 
162 177  -1 -3  0 -9 
162 179   1 -4  0 -9 
162 180  -1 -3  0 -9 
162 181  -1 -3  0 -9 
162 183  -1 -3  0 -9 
162 185   1 -2  0 -9 
162 188   1 -4  0 -9 
163 163  -1 -6  0 -9 
163 179   1 -7  0 -9 
164  8  -1 -4  0 -9 
164 86   1 -6  0 -9 
164 160   1 -3  0 -9 
164 163  -1 -5  0 -9 
164 172   1 -6  0 -9 
164 179   1 -6  0 -9 
164 180  -1 -5  0 -9 
165 88   1 -5  0 -9 
165 90  -1 -4  0 -9 
165 176  -1 -4  0 -9 
165 182  -1 -4  0 -9 
165 184   1 -3  0 -9 
165 187   1 -5  0 -9 
166 76  -1 -4  0 -9 
166 86   1 -5  0 -9 
166 87   1 -5  0 -9 
166 89   1 -5  0 -9 
166 91  -1 -4  0 -9 
166 163  -1 -4  0 -9 
166 172   1 -5  0 -9 
166 177  -1 -4  0 -9 
166 179   1 -5  0 -9 
166 180  -1 -4  0 -9 
166 181  -1 -4  0 -9 
166 183  -1 -4  0 -9 
166 185   1 -3  0 -9 
166 188   1 -5  0 -9 
167 11   1 -7  0 -9 
167 167  -1 -6  0 -9 
167 171   1 -7  0 -9 
168 11   1 -6  0 -9 
168 12  -1 -5  0 -9 
168 27   1 -6  0 -9 
168 76  -1 -4  0 -9 
168 158   1 -3  0 -9 
168 167  -1 -5  0 -9 
168 171   1 -6  0 -9 
168 173  -1 -5  0 -9 
168 181   1 -6  0 -9 
169 13  -1 -5  0 -9 
169 28   1 -6  0 -9 
169 167  -1 -4  0 -9 
169 171   1 -5  0 -9 
169 172  -1 -4  0 -9 
169 173  -1 -4  0 -9 
169 174   1 -3  0 -9 
169 176  -1 -4  0 -9 
169 181   1 -5  0 -9 
169 182  -1 -4  0 -9 
169 187   1 -5  0 -9 
170 14  -1 -5  0 -9 
170 29   1 -6  0 -9 
170 175   1 -3  0 -9 
170 177  -1 -4  0 -9 
170 183  -1 -4  0 -9 
170 188   1 -5  0 -9 
171 171   1 -8  0 -9 
172 172   1 -8  0 -9 
173 171   1 -7  0 -9 
173 173  -1 -6  0 -9 
173 181   1 -7  0 -9 
174 11   1 -6  0 -9 
174 13  -1 -4  0 -9 
174 88   1 -6  0 -9 
174 167  -1 -5  0 -9 
174 169   1 -3  0 -9 
174 171   1 -6  0 -9 
174 172   1 -7  0 -9 
174 173  -1 -5  0 -9 
174 176  -1 -5  0 -9 
174 181   1 -6  0 -9 
174 182  -1 -5  0 -9 
174 187   1 -6  0 -9 
175 14  -1 -4  0 -9 
175 89   1 -6  0 -9 
175 170   1 -3  0 -9 
175 172   1 -6  0 -9 
175 177  -1 -5  0 -9 
175 183  -1 -5  0 -9 
175 188   1 -6  0 -9 
176 176  -1 -6  0 -9 
176 187   1 -7  0 -9 
177 172   1 -7  0 -9 
177 177  -1 -6  0 -9 
177 188   1 -7  0 -9 
178 89   1 -5  0 -9 
178 92  -1 -4  0 -9 
178 176  -1 -5  0 -9 
178 183  -1 -4  0 -9 
178 186   1 -3  0 -9 
178 187   1 -6  0 -9 
179 179   1 -8  0 -9 
180 86   1 -7  0 -9 
180 172   1 -7  0 -9 
180 179   1 -7  0 -9 
180 180  -1 -6  0 -9 
181 181   1 -8  0 -9 
182 88   1 -7  0 -9 
182 181   1 -7  0 -9 
182 182  -1 -6  0 -9 
182 187   1 -7  0 -9 
183 89   1 -7  0 -9 
183 183  -1 -6  0 -9 
183 188   1 -7  0 -9 
184 30   1 -6  0 -9 
184 88   1 -6  0 -9 
184 90  -1 -5  0 -9 
184 165   1 -3  0 -9 
184 176  -1 -5  0 -9 
184 181   1 -6  0 -9 
184 182  -1 -5  0 -9 
184 187   1 -6  0 -9 
185 31   1 -6  0 -9 
185 76  -1 -5  0 -9 
185 86   1 -6  0 -9 
185 87   1 -6  0 -9 
185 89   1 -6  0 -9 
185 91  -1 -5  0 -9 
185 163  -1 -5  0 -9 
185 166   1 -3  0 -9 
185 172   1 -6  0 -9 
185 177  -1 -5  0 -9 
185 179   1 -6  0 -9 
185 180  -1 -5  0 -9 
185 181   1 -7  0 -9 
185 183  -1 -5  0 -9 
185 188   1 -6  0 -9 
186 32   1 -6  0 -9 
186 89   1 -6  0 -9 
186 92  -1 -5  0 -9 
186 176  -1 -4  0 -9 
186 178   1 -3  0 -9 
186 183  -1 -5  0 -9 
186 188   1 -6  0 -9 
187 187   1 -8  0 -9 
188 188   1 -8  0 -9 
189  3   1  1  0 -9 
189  5   1 -2  0 -9 
189  7  -1 -3  0 -9 
189 11  -1 -3  0 -9 
189 15  -1 -3  0 -9 
189 25   1 -4  0 -9 
189 117  -1  0  0 -9 
189 159  -1  0  0 -9 
189 163   1 -1  0 -9 
189 179  -1 -2  0 -9 
189 189  -1  2  0 -9 
189 191  -1  0  0 -9 
189 193   1  1  0 -9 
189 197  -1  0 -1 -2  0 -9 
189 213   1  1  0 -9 
189 215  -1  0  0 -9 
189 219   1 -1  0 -9 
189 225  -1  0  0 -9 
189 238   1 -1  0 -9 
189 246  -1 -2  0 -9 
189 255   1 -3  0 -9 
190  4   1  1  0 -9 
190  6   1 -2  0 -9 
190 12  -1 -3  0 -9 
190 16  -1 -3  0 -9 
190 27   1 -4  0 -9 
190 118  -1  0  0 -9 
190 167   1 -1  0 -9 
190 168  -1  0  0 -9 
190 171  -1 -2  0 -9 
190 173   1 -1  0 -9 
190 181  -1 -2  0 -9 
190 190  -1  2  0 -9 
190 192  -1  0  0 -9 
190 201  -1  0  0 -9 
190 202   1  1  0 -9 
190 205   1 -1  0 -9 
190 207  -1  0 -1 -2  0 -9 
190 214   1  1  0 -9 
190 226  -1  0  0 -9 
190 229  -1 -2  0 -9 
190 231   1 -1  0 -9 
190 240   1 -1  0 -9 
190 248  -1 -2  0 -9 
190 264   1 -3  0 -9 
191 11   1 -5  0 -9 
191 75  -1 -4  0 -9 
191 85   1 -5  0 -9 
191 106  -1 -4  0 -9 
191 129   1 -5  0 -9 
191 167  -1 -4  0 -9 
191 171   1 -5  0 -9 
191 179  -1 -4  0 -9 
191 197  -1 -4  0 -9 
191 205  -1 -4  0 -9 
191 229   1 -5  0 -9 
191 238   1 -3  0 -9 
191 246  -1 -4  0 -9 
191 255   1 -5  0 -9 
192 76  -1 -4  0 -9 
192 87   1 -5  0 -9 
192 108  -1 -4  0 -9 
192 131   1 -5  0 -9 
192 181  -1 -4  0 -9 
192 207  -1 -4  0 -9 
192 240   1 -3  0 -9 
192 248  -1 -4  0 -9 
192 264   1 -5  0 -9 
193  7  -1 -4  0 -9 
193 25   1 -5  0 -9 
193 75  -1 -3  0 -9 
193 157   1 -2  0 -9 
193 159  -1 -1  0 -9 
193 163   1 -2  0 -9 
193 167  -1 -3  0 -9 
193 179  -1 -3  0 -9 
193 191  -1 -1  0 -9 
193 193   1  0  0 -9 
193 197  -1 -1 -1 -3 -1 -5  0 -9 
193 215  -1 -1  0 -9 
193 219   1 -2  0 -9 
193 238   1 -2  0 -9 
193 246  -1 -3  0 -9 
193 255   1 -4  1 -6  0 -9 
194  8  -1 -4  0 -9 
194 26   1 -5  0 -9 
194 160  -1 -1  0 -9 
194 164   1 -2  0 -9 
194 180  -1 -3  0 -9 
194 194   1  0  0 -9 
194 197  -1 -4  0 -9 
194 198  -1 -1  0 -9 
194 216  -1 -1  0 -9 
194 220   1 -2  0 -9 
194 239   1 -2  0 -9 
194 247  -1 -3  0 -9 
194 255   1 -5  0 -9 
195  4  -1  0  0 -9 
195  6   1 -1  0 -9 
195  9  -1  0  0 -9 
195 11  -1 -3  0 -9 
195 13  -1 -3  0 -9 
195 16  -1 -2  0 -9 
195 19   1 -1  0 -9 
195 23  -1 -2  0 -9 
195 28   1 -4  0 -9 
195 76   1 -1 -1 -3  0 -9 
195 79  -1  0  0 -9 
195 83   1 -1  0 -9 
195 87   1 -4  0 -9 
195 88  -1 -3  0 -9 
195 97  -1  0  0 -9 
195 100   1  1  0 -9 
195 104  -1  0  0 -9 
195 108  -1 -3  0 -9 
195 109   1 -2  0 -9 
195 111  -1 -3  0 -9 
195 121  -1  0  0 -9 
195 125   1 -1  0 -9 
195 131   1 -4  0 -9 
195 132  -1 -3  0 -9 
195 149   1 -4  0 -9 
195 158  -1  0  0 -9 
195 161   1  1  0 -9 
195 165  -1  0  0 -9 
195 169  -1  0  0 -9 
195 172  -1 -2  0 -9 
195 174   1 -1  0 -9 
195 181  -1 -3  0 -9 
195 192   1  1  0 -9 
195 195  -1  2  0 -9 
195 199   1  1  0 -9 
195 203   1  1  0 -9 
195 206   1 -1  0 -9 
195 207  -1 -3  0 -9 
195 208  -1  0  0 -9 
195 210  -1 -3  0 -9 
195 217   1  1  0 -9 
195 221  -1  0  0 -9 
195 227  -1  0  0 -9 
195 230  -1 -2  0 -9 
195 232   1 -1  0 -9 
195 240   1 -2  0 -9 
195 243   1 -2  0 -9 
195 248  -1 -3  0 -9 
195 256  -1 -3  0 -9 
195 264   1 -4  0 -9 
195 265   1 -4  0 -9 
196  8  -1 -3  0 -9 
196 10  -1  0  0 -9 
196 14  -1 -3  0 -9 
196 20   1 -1  0 -9 
196 24  -1 -2  0 -9 
196 26   1 -4  0 -9 
196 29   1 -4  0 -9 
196 80  -1  0  0 -9 
196 84   1 -1  0 -9 
196 86  -1 -3  0 -9 
196 89  -1 -3  0 -9 
196 101   1  1  0 -9 
196 105  -1  0  0 -9 
196 107   1 -2  0 -9 
196 110   1 -2  0 -9 
196 112  -1 -3  0 -9 
196 122  -1  0  0 -9 
196 126   1 -1  0 -9 
196 130  -1 -3  0 -9 
196 133  -1 -3  0 -9 
196 150   1 -4  0 -9 
196 160  -1  0  0 -9 
196 162   1  1  0 -9 
196 164   1 -1  0 -9 
196 166  -1  0  0 -9 
196 170  -1  0  0 -9 
196 172  -1 -3  0 -9 
196 175   1 -1  0 -9 
196 194   1  1  0 -9 
196 196  -1  2  0 -9 
196 197  -1 -3  0 -9 
196 198  -1  0  0 -9 
196 200   1  1  0 -9 
196 204   1  1  0 -9 
196 206   1 -2  0 -9 
196 209  -1  0  0 -9 
196 211  -1 -3  0 -9 
196 216  -1  0  0 -9 
196 218   1  1  0 -9 
196 220   1 -1  0 -9 
196 222  -1  0  0 -9 
196 228  -1  0  0 -9 
196 230  -1 -3  0 -9 
196 233   1 -1  0 -9 
196 244   1 -2  0 -9 
196 255   1 -4  0 -9 
196 257  -1 -3  0 -9 
196 266   1 -4  0 -9 
197 197  -1 -6  0 -9 
197 255   1 -7  0 -9 
198 86   1 -5  0 -9 
198 107  -1 -4  0 -9 
198 130   1 -5  0 -9 
198 172   1 -5  0 -9 
198 180  -1 -4  0 -9 
198 197  -1 -5  0 -9 
198 206  -1 -4  0 -9 
198 230   1 -5  0 -9 
198 239   1 -3  0 -9 
198 247  -1 -4  0 -9 
198 255   1 -6  0 -9 
199 111  -1 -4  0 -9 
199 149   1 -5  0 -9 
199 210  -1 -4  0 -9 
199 243   1 -3  0 -9 
199 256  -1 -4  0 -9 
199 265   1 -5  0 -9 
200 112  -1 -4  0 -9 
200 150   1 -5  0 -9 
200 197  -1 -4  0 -9 
200 211  -1 -4  0 -9 
200 244   1 -3  0 -9 
200 255   1 -5  0 -9 
200 257  -1 -4  0 -9 
200 266   1 -5  0 -9 
201 11   1 -6  0 -9 
201 167  -1 -5  0 -9 
201 171   1 -6  0 -9 
201 205  -1 -5  0 -9 
201 225   1 -3  0 -9 
201 229   1 -6  0 -9 
202 11   1 -5  0 -9 
202 12  -1 -4  0 -9 
202 27   1 -5  0 -9 
202 76  -1 -3  0 -9 
202 158   1 -2  0 -9 
202 167   1 -2 -1 -4  0 -9 
202 168  -1 -1  0 -9 
202 171  -1 -3  0 -9 
202 173   1 -2  0 -9 
202 181  -1 -3  0 -9 
202 192  -1 -1  0 -9 
202 201  -1 -1  0 -9 
202 202   1  0  0 -9 
202 205   1 -2  0 -9 
202 207  -1 -1 -1 -3 -1 -5  0 -9 
202 225   1 -2  0 -9 
202 226  -1 -1  0 -9 
202 229  -1 -3  0 -9 
202 231   1 -2  0 -9 
202 240   1 -2  0 -9 
202 248  -1 -3  0 -9 
202 264   1 -4  1 -6  0 -9 
203 13  -1 -4  0 -9 
203 28   1 -5  0 -9 
203 167  -1 -3  0 -9 
203 169  -1 -1  0 -9 
203 172  -1 -3  0 -9 
203 174   1 -2  0 -9 
203 182  -1 -3  0 -9 
203 203   1  0  0 -9 
203 206   1 -2  0 -9 
203 207  -1 -4  0 -9 
203 208  -1 -1  0 -9 
203 210  -1 -4  0 -9 
203 227  -1 -1  0 -9 
203 230  -1 -3  0 -9 
203 232   1 -2  0 -9 
203 241   1 -2  0 -9 
203 249  -1 -3  0 -9 
203 264   1 -5  0 -9 
203 265   1 -5  0 -9 
204 14  -1 -4  0 -9 
204 29   1 -5  0 -9 
204 170  -1 -1  0 -9 
204 172  -1 -4  0 -9 
204 175   1 -2  0 -9 
204 183  -1 -3  0 -9 
204 204   1  0  0 -9 
204 206   1 -3  0 -9 
204 209  -1 -1  0 -9 
204 211  -1 -4  0 -9 
204 228  -1 -1  0 -9 
204 230  -1 -4  0 -9 
204 233   1 -2  0 -9 
204 242   1 -2  0 -9 
204 250  -1 -3  0 -9 
204 266   1 -5  0 -9 
205 171   1 -7  0 -9 
205 205  -1 -6  0 -9 
205 229   1 -7  0 -9 
206 172   1 -7  0 -9 
206 206  -1 -6  0 -9 
206 230   1 -7  0 -9 
207 207  -1 -6  0 -9 
207 264   1 -7  0 -9 
208 11   1 -5  0 -9 
208 88   1 -5  0 -9 
208 109  -1 -4  0 -9 
208 132   1 -5  0 -9 
208 167  -1 -4  0 -9 
208 172   1 -6  0 -9 
208 182  -1 -4  0 -9 
208 206  -1 -5  0 -9 
208 207  -1 -5  0 -9 
208 210  -1 -5  0 -9 
208 230   1 -6  0 -9 
208 241   1 -3  0 -9 
208 249  -1 -4  0 -9 
208 264   1 -6  0 -9 
208 265   1 -6  0 -9 
209 89   1 -5  0 -9 
209 110  -1 -4  0 -9 
209 133   1 -5  0 -9 
209 183  -1 -4  0 -9 
209 211  -1 -5  0 -9 
209 242   1 -3  0 -9 
209 250  -1 -4  0 -9 
209 266   1 -6  0 -9 
210 210  -1 -6  0 -9 
210 265   1 -7  0 -9 
211 211  -1 -6  0 -9 
211 266   1 -7  0 -9 
212 113  -1 -4  0 -9 
212 151   1 -5  0 -9 
212 210  -1 -5  0 -9 
212 245   1 -3  0 -9 
212 258  -1 -4  0 -9 
212 265   1 -6  0 -9 
213 75  -1 -3  0 -9 
213 85   1 -4  0 -9 
213 96   1 -2  0 -9 
213 106  -1 -3  0 -9 
213 117  -1 -1  0 -9 
213 167  -1 -3  0 -9 
213 171   1 -4  0 -9 
213 179  -1 -3  0 -9 
213 191  -1 -1  0 -9 
213 197  -1 -3  0 -9 
213 201   1 -2  0 -9 
213 205  -1 -3  0 -9 
213 213   1  0  0 -9 
213 215  -1 -1  0 -9 
213 219   1 -2  0 -9 
213 225  -1 -1  0 -9 
213 238   1 -2  0 -9 
213 246  -1 -3  0 -9 
213 255   1 -4  0 -9 
214 76  -1 -3  0 -9 
214 87   1 -4  0 -9 
214 97   1 -2  0 -9 
214 108  -1 -3  0 -9 
214 118  -1 -1  0 -9 
214 181  -1 -3  0 -9 
214 192  -1 -1  0 -9 
214 207  -1 -3  0 -9 
214 214   1  0  0 -9 
214 226  -1 -1  0 -9 
214 229  -1 -3  0 -9 
214 231   1 -2  0 -9 
214 240   1 -2  0 -9 
214 248  -1 -3  0 -9 
214 264   1 -4  0 -9 
215 197  -1 -4  0 -9 
215 219   1 -3  0 -9 
215 246  -1 -4  0 -9 
215 255   1 -5  0 -9 
216 220   1 -3  0 -9 
216 223  -1 -4  0 -9 
216 247  -1 -4  0 -9 
216 259   1 -5  0 -9 
217 121  -1 -1  0 -9 
217 125   1 -2  0 -9 
217 134  -1 -3  0 -9 
217 144  -1 -3  0 -9 
217 153   1 -4  0 -9 
217 217   1  0  0 -9 
217 221  -1 -1  0 -9 
217 227  -1 -1  0 -9 
217 230  -1 -3  0 -9 
217 232   1 -2  0 -9 
217 234  -1 -3  0 -9 
217 249  -1 -3  0 -9 
217 251   1 -2  0 -9 
217 260  -1 -3  0 -9 
217 267   1 -4  0 -9 
218 122  -1 -1  0 -9 
218 126   1 -2  0 -9 
218 135  -1 -3  0 -9 
218 145  -1 -3  0 -9 
218 154   1 -4  0 -9 
218 216  -1 -1  0 -9 
218 218   1  0  0 -9 
218 220   1 -2  0 -9 
218 222  -1 -1  0 -9 
218 223  -1 -3  0 -9 
218 228  -1 -1  0 -9 
218 233   1 -2  0 -9 
218 235  -1 -3  0 -9 
218 247  -1 -3  0 -9 
218 250  -1 -3  0 -9 
218 252   1 -2  0 -9 
218 259   1 -4  0 -9 
218 261  -1 -3  0 -9 
218 268   1 -4  0 -9 
219 129   1 -6  0 -9 
219 197  -1 -5  0 -9 
219 215   1 -3  0 -9 
219 229   1 -6  0 -9 
219 246  -1 -5  0 -9 
219 255   1 -6  0 -9 
220 130   1 -6  0 -9 
220 216   1 -3  0 -9 
220 223  -1 -5  0 -9 
220 230   1 -6  0 -9 
220 247  -1 -5  0 -9 
220 259   1 -6  0 -9 
221 132   1 -5  0 -9 
221 134  -1 -4  0 -9 
221 144  -1 -4  0 -9 
221 153   1 -5  0 -9 
221 234  -1 -4  0 -9 
221 249  -1 -4  0 -9 
221 251   1 -3  0 -9 
221 260  -1 -4  0 -9 
221 267   1 -5  0 -9 
222 130   1 -5  0 -9 
222 133   1 -5  0 -9 
222 135  -1 -4  0 -9 
222 145  -1 -4  0 -9 
222 154   1 -5  0 -9 
222 223  -1 -4  0 -9 
222 230   1 -5  0 -9 
222 235  -1 -4  0 -9 
222 247  -1 -4  0 -9 
222 250  -1 -4  0 -9 
222 252   1 -3  0 -9 
222 259   1 -5  0 -9 
222 261  -1 -4  0 -9 
222 268   1 -5  0 -9 
223 223  -1 -6  0 -9 
223 259   1 -7  0 -9 
224 136  -1 -4  0 -9 
224 155   1 -5  0 -9 
224 236  -1 -4  0 -9 
224 253   1 -3  0 -9 
224 262  -1 -4  0 -9 
224 269   1 -5  0 -9 
225 167  -1 -4  0 -9 
225 171   1 -5  0 -9 
225 201   1 -3  0 -9 
225 205  -1 -4  0 -9 
226 207  -1 -4  0 -9 
226 229  -1 -4  0 -9 
226 231   1 -3  0 -9 
226 248  -1 -4  0 -9 
226 264   1 -5  0 -9 
227 230  -1 -4  0 -9 
227 232   1 -3  0 -9 
227 234  -1 -4  0 -9 
227 249  -1 -4  0 -9 
227 267   1 -5  0 -9 
228 233   1 -3  0 -9 
228 235  -1 -4  0 -9 
228 250  -1 -4  0 -9 
228 268   1 -5  0 -9 
229 229   1 -8  0 -9 
230 230   1 -8  0 -9 
231 131   1 -6  0 -9 
231 207  -1 -5  0 -9 
231 226   1 -3  0 -9 
231 229   1 -7  0 -9 
231 248  -1 -5  0 -9 
231 264   1 -6  0 -9 
232 132   1 -6  0 -9 
232 227   1 -3  0 -9 
232 230   1 -7  0 -9 
232 234  -1 -5  0 -9 
232 249  -1 -5  0 -9 
232 267   1 -6  0 -9 
233 133   1 -6  0 -9 
233 228   1 -3  0 -9 
233 230   1 -6  0 -9 
233 235  -1 -5  0 -9 
233 250  -1 -5  0 -9 
233 268   1 -6  0 -9 
234 234  -1 -6  0 -9 
234 267   1 -7  0 -9 
235 230   1 -7  0 -9 
235 235  -1 -6  0 -9 
235 268   1 -7  0 -9 
236 236  -1 -6  0 -9 
236 269   1 -7  0 -9 
237 133   1 -5  0 -9 
237 137  -1 -4  0 -9 
237 156   1 -5  0 -9 
237 236  -1 -5  0 -9 
237 250  -1 -4  0 -9 
237 254   1 -3  0 -9 
237 263  -1 -4  0 -9 
237 269   1 -6  0 -9 
238 11   1 -6  0 -9 
238 75  -1 -5  0 -9 
238 85   1 -6  0 -9 
238 106  -1 -5  0 -9 
238 129   1 -6  0 -9 
238 167  -1 -5  0 -9 
238 171   1 -6  0 -9 
238 179   1 -7  0 -9 
238 191   1 -3  0 -9 
238 197  -1 -5  0 -9 
238 205  -1 -5  0 -9 
238 229   1 -6  0 -9 
238 246  -1 -5  0 -9 
238 255   1 -6  0 -9 
239 86   1 -6  0 -9 
239 107  -1 -5  0 -9 
239 130   1 -6  0 -9 
239 172   1 -6  0 -9 
239 179   1 -6  0 -9 
239 180  -1 -5  0 -9 
239 197  -1 -4  0 -9 
239 198   1 -3  0 -9 
239 206  -1 -5  0 -9 
239 230   1 -6  0 -9 
239 247  -1 -5  0 -9 
239 259   1 -6  0 -9 
240 76  -1 -5  0 -9 
240 87   1 -6  0 -9 
240 108  -1 -5  0 -9 
240 131   1 -6  0 -9 
240 181   1 -7  0 -9 
240 192   1 -3  0 -9 
240 207  -1 -5  0 -9 
240 248  -1 -5  0 -9 
240 264   1 -6  0 -9 
241 11   1 -6  0 -9 
241 88   1 -6  0 -9 
241 109  -1 -5  0 -9 
241 132   1 -6  0 -9 
241 167  -1 -5  0 -9 
241 171   1 -6  0 -9 
241 181   1 -6  0 -9 
241 182  -1 -5  0 -9 
241 187   1 -6  0 -9 
241 206  -1 -4  0 -9 
241 207  -1 -4  0 -9 
241 208   1 -3  0 -9 
241 210  -1 -4  0 -9 
241 249  -1 -5  0 -9 
241 267   1 -6  0 -9 
242 89   1 -6  0 -9 
242 110  -1 -5  0 -9 
242 133   1 -6  0 -9 
242 183  -1 -5  0 -9 
242 188   1 -6  0 -9 
242 209   1 -3  0 -9 
242 211  -1 -4  0 -9 
242 250  -1 -5  0 -9 
242 268   1 -6  0 -9 
243 111  -1 -5  0 -9 
243 149   1 -6  0 -9 
243 199   1 -3  0 -9 
243 210  -1 -5  0 -9 
243 256  -1 -5  0 -9 
243 260   1 -6  0 -9 
243 265   1 -6  0 -9 
244 112  -1 -5  0 -9 
244 150   1 -6  0 -9 
244 181   1 -6  0 -9 
244 197  -1 -5  0 -9 
244 200   1 -3  0 -9 
244 211  -1 -5  0 -9 
244 255   1 -6  0 -9 
244 257  -1 -5  0 -9 
244 261   1 -6  0 -9 
244 266   1 -6  0 -9 
245 113  -1 -5  0 -9 
245 151   1 -6  0 -9 
245 210  -1 -4  0 -9 
245 212   1 -3  0 -9 
245 258  -1 -5  0 -9 
245 270   1 -6  0 -9 
246 129   1 -7  0 -9 
246 229   1 -7  0 -9 
246 246  -1 -6  0 -9 
246 255   1 -7  0 -9 
247 130   1 -7  0 -9 
247 230   1 -7  0 -9 
247 247  -1 -6  0 -9 
247 259   1 -7  0 -9 
248 131   1 -7  0 -9 
248 248  -1 -6  0 -9 
248 264   1 -7  0 -9 
249 132   1 -7  0 -9 
249 249  -1 -6  0 -9 
249 267   1 -7  0 -9 
250 133   1 -7  0 -9 
250 250  -1 -6  0 -9 
250 268   1 -7  0 -9 
251 132   1 -6  0 -9 
251 134  -1 -5  0 -9 
251 144  -1 -5  0 -9 
251 153   1 -6  0 -9 
251 221   1 -3  0 -9 
251 234  -1 -5  0 -9 
251 249  -1 -5  0 -9 
251 260   1 -7  0 -9 
251 267   1 -6  0 -9 
252 130   1 -6  0 -9 
252 133   1 -6  0 -9 
252 135  -1 -5  0 -9 
252 145  -1 -5  0 -9 
252 154   1 -6  0 -9 
252 222   1 -3  0 -9 
252 223  -1 -5  0 -9 
252 230   1 -6  0 -9 
252 235  -1 -5  0 -9 
252 247  -1 -5  0 -9 
252 250  -1 -5  0 -9 
252 259   1 -6  0 -9 
252 261   1 -7  0 -9 
252 268   1 -6  0 -9 
253 136  -1 -5  0 -9 
253 155   1 -6  0 -9 
253 224   1 -3  0 -9 
253 236  -1 -5  0 -9 
253 261   1 -6  0 -9 
253 262  -1 -5  0 -9 
253 269   1 -6  0 -9 
254 133   1 -6  0 -9 
254 137  -1 -5  0 -9 
254 156   1 -6  0 -9 
254 236  -1 -4  0 -9 
254 237   1 -3  0 -9 
254 250  -1 -5  0 -9 
254 263  -1 -5  0 -9 
254 268   1 -6  0 -9 
254 271   1 -6  0 -9 
255 255   1 -8  0 -9 
256 149   1 -7  0 -9 
256 256  -1 -6  0 -9 
256 260   1 -7  0 -9 
256 265   1 -7  0 -9 
257 150   1 -7  0 -9 
257 181   1 -7  0 -9 
257 255   1 -7  0 -9 
257 257  -1 -6  0 -9 
257 261   1 -7  0 -9 
257 266   1 -7  0 -9 
258 151   1 -7  0 -9 
258 258  -1 -6  0 -9 
258 270   1 -7  0 -9 
259 259   1 -8  0 -9 
260 260   1 -8  0 -9 
261 261   1 -8  0 -9 
262 155   1 -7  0 -9 
262 261   1 -7  0 -9 
262 262  -1 -6  0 -9 
262 269   1 -7  0 -9 
263 156   1 -7  0 -9 
263 263  -1 -6  0 -9 
263 271   1 -7  0 -9 
264 264   1 -8  0 -9 
265 265   1 -8  0 -9 
266 266   1 -8  0 -9 
267 267   1 -8  0 -9 
268 268   1 -8  0 -9 
269 269   1 -8  0 -9 
270 270   1 -8  0 -9 
271 271   1 -8  0 -9 
272 43  -1 -4  0 -9 
272 47   1 -5  0 -9 
272 278  -1 -4  0 -9 
272 298   1 -3  0 -9 
272 306  -1 -4  0 -9 
272 315   1 -5  0 -9 
273 280  -1 -4  0 -9 
273 300   1 -3  0 -9 
273 308  -1 -4  0 -9 
273 324   1 -5  0 -9 
274 33   1 -2  0 -9 
274 35  -1 -1  0 -9 
274 39  -1 -4  0 -9 
274 43  -1 -3  0 -9 
274 55   1 -5  0 -9 
274 163   1 -3  0 -9 
274 179  -1 -4  0 -9 
274 197  -1 -4  0 -9 
274 255   1 -5  0 -9 
274 272  -1 -1  0 -9 
274 274   1  0  0 -9 
274 288  -1 -1  0 -9 
274 292   1 -2  0 -9 
274 298   1 -2  0 -9 
274 306  -1 -3  0 -9 
275  8  -1 -3  0 -9 
275 26   1 -4  0 -9 
275 35  -1  0  0 -9 
275 36   1  1  0 -9 
275 39  -1 -3  0 -9 
275 40   1 -2  0 -9 
275 55   1 -4  0 -9 
275 56  -1 -3  0 -9 
275 160  -1  0  0 -9 
275 163   1 -2  0 -9 
275 179  -1 -3  0 -9 
275 194   1  1  0 -9 
275 197  -1 -3  0 -9 
275 198  -1  0  0 -9 
275 216  -1  0  0 -9 
275 220   1 -1  0 -9 
275 239   1 -1  0 -9 
275 247  -1 -2  0 -9 
275 255   1 -4  0 -9 
275 272  -1  0  0 -9 
275 274   1  1  0 -9 
275 275  -1  2  0 -9 
275 288  -1  0  0 -9 
275 289   1  1  0 -9 
275 292   1 -1  0 -9 
275 293  -1  0  0 -9 
275 298   1 -1  0 -9 
275 299  -1  0  0 -9 
275 306  -1 -2  0 -9 
275 307   1 -1  0 -9 
276 11  -1 -2  0 -9 
276 13  -1  0 -1 -2  0 -9 
276 28   1 -3  0 -9 
276 30  -1 -2  0 -9 
276 34  -1  0  0 -9 
276 37   1  1  0 -9 
276 41  -1  0  0 -9 
276 45  -1  0  0 -9 
276 48  -1 -2  0 -9 
276 50   1 -1  0 -9 
276 52  -1  0 -1 -2  0 -9 
276 58  -1 -2  0 -9 
276 60   1 -1  0 -9 
276 63   1 -3  0 -9 
276 88  -1 -2  0 -9 
276 90   1 -1  0 -9 
276 109   1 -1  0 -9 
276 111  -1  0 -1 -2  0 -9 
276 132  -1 -2  0 -9 
276 149   1 -3  0 -9 
276 176   1 -1  0 -9 
276 182   1 -1  0 -9 
276 184  -1  0  0 -9 
276 187  -1 -2  0 -9 
276 199  -1  0  0 -9 
276 210  -1  0 -1 -2  0 -9 
276 243   1 -1  0 -9 
276 256  -1 -2  0 -9 
276 265   1 -3  0 -9 
276 273   1  1  0 -9 
276 276  -1  2  0 -9 
276 280  -1 -3  0 -9 
276 281  -1  0  0 -9 
276 283   1  1  0 -9 
276 286   1 -1  0 -9 
276 290   1  1  0 -9 
276 294  -1  0  0 -9 
276 300   1 -2  0 -9 
276 303  -1  0  0 -9 
276 308  -1 -3  0 -9 
276 316   1 -1  0 -9 
276 324   1 -4  0 -9 
276 325  -1 -2  0 -9 
277  4  -1  0  0 -9 
277  6   1 -1  0 -9 
277  8  -1  0 -1 -2  0 -9 
277 11   1 -1  0 -9 
277 12  -1  0 -1 -2  0 -9 
277 14  -1  0 -1 -2  0 -9 
277 16  -1 -2  0 -9 
277 26   1 -3  0 -9 
277 27   1 -3  0 -9 
277 29   1 -3  0 -9 
277 31  -1 -2  0 -9 
277 36  -1  0  0 -9 
277 38   1  1  0 -9 
277 39  -1  0 -1 -2  0 -9 
277 40   1 -1  0 -9 
277 42  -1  0  0 -9 
277 43   1 -1  0 -9 
277 44  -1  0  0 -9 
277 46  -1  0  0 -9 
277 47  -1 -2  0 -9 
277 48   1 -1  0 -9 
277 49   1 -1  0 -9 
277 51   1 -1  0 -9 
277 53  -1  0 -1 -2  0 -9 
277 55   1 -3  0 -9 
277 56  -1 -2  0 -9 
277 57  -1 -2  0 -9 
277 59  -1 -2  0 -9 
277 61   1 -1  0 -9 
277 64   1 -3  0 -9 
277 76   1 -1  0 -9 
277 86  -1 -2  0 -9 
277 87  -1 -2  0 -9 
277 89  -1 -2  0 -9 
277 91   1 -1  0 -9 
277 97  -1  0  0 -9 
277 107   1 -1  0 -9 
277 108   1 -1  0 -9 
277 110   1 -1  0 -9 
277 112  -1  0 -1 -2  0 -9 
277 130  -1 -2  0 -9 
277 131  -1 -2  0 -9 
277 133  -1 -2  0 -9 
277 150   1 -3  0 -9 
277 163   1 -1  0 -9 
277 172  -1 -2  0 -9 
277 177   1 -1  0 -9 
277 179  -1 -2  0 -9 
277 180   1 -1  0 -9 
277 181   1 -1  0 -9 
277 183   1 -1  0 -9 
277 185  -1  0  0 -9 
277 188  -1 -2  0 -9 
277 197  -1  0 -1 -2  0 -9 
277 200  -1  0  0 -9 
277 206   1 -1  0 -9 
277 211  -1  0 -1 -2  0 -9 
277 230  -1 -2  0 -9 
277 244   1 -1  0 -9 
277 255   1 -3  0 -9 
277 257  -1 -2  0 -9 
277 266   1 -3  0 -9 
277 273  -1  0  0 -9 
277 277  -1  2  0 -9 
277 278   1 -1  0 -9 
277 279  -1  0  0 -9 
277 280  -1  0 -1 -2  0 -9 
277 282  -1  0  0 -9 
277 284   1  1  0 -9 
277 287   1 -1  0 -9 
277 291   1  1  0 -9 
277 295  -1  0  0 -9 
277 300   1 -1  0 -9 
277 304  -1  0  0 -9 
277 308  -1 -2  0 -9 
277 315  -1 -2  0 -9 
277 317   1 -1  0 -9 
277 324   1 -3  0 -9 
277 326  -1 -2  0 -9 
278 47   1 -7  0 -9 
278 179   1 -7  0 -9 
278 278  -1 -6  0 -9 
278 315   1 -7  0 -9 
279 11   1 -7  0 -9 
279 43  -1 -5  0 -9 
279 47   1 -6  0 -9 
279 48   1 -7  0 -9 
279 86   1 -6  0 -9 
279 107  -1 -5  0 -9 
279 130   1 -6  0 -9 
279 172   1 -6  0 -9 
279 179   1 -6  0 -9 
279 180  -1 -5  0 -9 
279 206  -1 -5  0 -9 
279 230   1 -6  0 -9 
279 278  -1 -5  0 -9 
279 299   1 -3  0 -9 
279 307  -1 -4  0 -9 
279 315   1 -6  0 -9 
280 181   1 -7  0 -9 
280 280  -1 -6  0 -9 
280 324   1 -7  0 -9 
281 11   1 -6  0 -9 
281 43  -1 -4  0 -9 
281 48   1 -6  0 -9 
281 88   1 -6  0 -9 
281 109  -1 -5  0 -9 
281 132   1 -6  0 -9 
281 181   1 -6  0 -9 
281 182  -1 -5  0 -9 
281 187   1 -6  0 -9 
281 280  -1 -5  0 -9 
281 286  -1 -5  0 -9 
281 301   1 -3  0 -9 
281 309  -1 -4  0 -9 
281 324   1 -6  0 -9 
281 325   1 -6  0 -9 
282 89   1 -6  0 -9 
282 110  -1 -5  0 -9 
282 133   1 -6  0 -9 
282 183  -1 -5  0 -9 
282 188   1 -6  0 -9 
282 287  -1 -5  0 -9 
282 302   1 -3  0 -9 
282 310  -1 -4  0 -9 
282 326   1 -6  0 -9 
283 11  -1 -3  0 -9 
283 13  -1 -1 -1 -3 -1 -5  0 -9 
283 28   1 -4  1 -6  0 -9 
283 30  -1 -3  0 -9 
283 41  -1 -1  0 -9 
283 43  -1 -3  0 -9 
283 45  -1 -1  0 -9 
283 48  -1 -3  0 -9 
283 50   1 -2  0 -9 
283 52  -1 -1 -1 -3 -1 -5  0 -9 
283 58  -1 -3  0 -9 
283 60   1 -2  0 -9 
283 63   1 -4  1 -6  0 -9 
283 88  -1 -3  0 -9 
283 90   1 -2  0 -9 
283 109   1 -2  0 -9 
283 111  -1 -1 -1 -3 -1 -5  0 -9 
283 132  -1 -3  0 -9 
283 149   1 -4  1 -6  0 -9 
283 165   1 -2  0 -9 
283 176   1 -2  0 -9 
283 181   1 -5  0 -9 
283 182   1 -2 -1 -4  0 -9 
283 184  -1 -1  0 -9 
283 187  -1 -3  0 -9 
283 199  -1 -1  0 -9 
283 210  -1 -1 -1 -3 -1 -5  0 -9 
283 243   1 -2  0 -9 
283 256  -1 -3  0 -9 
283 265   1 -4  1 -6  0 -9 
283 280  -1 -4  0 -9 
283 281  -1 -1  0 -9 
283 283   1  0  0 -9 
283 286   1 -2  0 -9 
283 301   1 -2  0 -9 
283 303  -1 -1  0 -9 
283 309  -1 -3  0 -9 
283 316   1 -2  0 -9 
283 324   1 -5  0 -9 
283 325  -1 -3  0 -9 
284  4  -1 -1  0 -9 
284  6   1 -2  0 -9 
284  8  -1 -1 -1 -3 -1 -5  0 -9 
284 11   1 -2  1 -6  0 -9 
284 12  -1 -1 -1 -3 -1 -5  0 -9 
284 14  -1 -1 -1 -3 -1 -5  0 -9 
284 16  -1 -3  0 -9 
284 26   1 -4  1 -6  0 -9 
284 27   1 -4  1 -6  0 -9 
284 29   1 -4  1 -6  0 -9 
284 31  -1 -3  0 -9 
284 34   1 -2  0 -9 
284 36  -1 -1  0 -9 
284 39  -1 -1 -1 -3 -1 -5  0 -9 
284 40   1 -2  0 -9 
284 42  -1 -1  0 -9 
284 43   1 -2 -1 -4  0 -9 
284 44  -1 -1  0 -9 
284 46  -1 -1  0 -9 
284 47  -1 -3  0 -9 
284 48   1 -2  1 -6  0 -9 
284 49   1 -2  0 -9 
284 51   1 -2  0 -9 
284 53  -1 -1 -1 -3 -1 -5  0 -9 
284 55   1 -4  1 -6  0 -9 
284 56  -1 -3  0 -9 
284 57  -1 -3  0 -9 
284 59  -1 -3  0 -9 
284 61   1 -2  0 -9 
284 64   1 -4  1 -6  0 -9 
284 76   1 -2 -1 -4  0 -9 
284 86  -1 -3  0 -9 
284 87  -1 -3  0 -9 
284 89  -1 -3  0 -9 
284 91   1 -2  0 -9 
284 97  -1 -1  0 -9 
284 107   1 -2  0 -9 
284 108   1 -2  0 -9 
284 110   1 -2  0 -9 
284 112  -1 -1 -1 -3 -1 -5  0 -9 
284 118   1 -2  0 -9 
284 130  -1 -3  0 -9 
284 131  -1 -3  0 -9 
284 133  -1 -3  0 -9 
284 150   1 -4  1 -6  0 -9 
284 163   1 -2  0 -9 
284 166   1 -2  0 -9 
284 172  -1 -3  0 -9 
284 177   1 -2  0 -9 
284 179  -1 -3  0 -9 
284 180   1 -2 -1 -4  0 -9 
284 181   1 -2  1 -6  0 -9 
284 183   1 -2 -1 -4  0 -9 
284 185  -1 -1  0 -9 
284 188  -1 -3  0 -9 
284 197  -1 -1 -1 -3 -1 -5  0 -9 
284 200  -1 -1  0 -9 
284 206   1 -2  0 -9 
284 211  -1 -1 -1 -3 -1 -5  0 -9 
284 230  -1 -3  0 -9 
284 244   1 -2  0 -9 
284 255   1 -4  1 -6  0 -9 
284 257  -1 -3  0 -9 
284 266   1 -4  1 -6  0 -9 
284 273  -1 -1  0 -9 
284 278   1 -2  0 -9 
284 279  -1 -1  0 -9 
284 280  -1 -1 -1 -3 -1 -5  0 -9 
284 282  -1 -1  0 -9 
284 284   1  0  0 -9 
284 287   1 -2  0 -9 
284 299   1 -2  0 -9 
284 300   1 -2  0 -9 
284 302   1 -2  0 -9 
284 304  -1 -1  0 -9 
284 307  -1 -3  0 -9 
284 308  -1 -3  0 -9 
284 310  -1 -3  0 -9 
284 315  -1 -3  0 -9 
284 317   1 -2  0 -9 
284 324   1 -4  1 -6  0 -9 
284 326  -1 -3  0 -9 
285 14  -1 -1 -1 -3 -1 -5  0 -9 
285 29   1 -4  1 -6  0 -9 
285 32  -1 -3  0 -9 
285 46  -1 -1  0 -9 
285 48  -1 -4  0 -9 
285 51   1 -2  0 -9 
285 52  -1 -4  0 -9 
285 54  -1 -1  0 -9 
285 59  -1 -3  0 -9 
285 62   1 -2  0 -9 
285 63   1 -5  0 -9 
285 89  -1 -3  0 -9 
285 92   1 -2  0 -9 
285 110   1 -2  0 -9 
285 113  -1 -1 -1 -3 -1 -5  0 -9 
285 133  -1 -3  0 -9 
285 151   1 -4  1 -6  0 -9 
285 178   1 -2  0 -9 
285 183   1 -2 -1 -4  0 -9 
285 186  -1 -1  0 -9 
285 187  -1 -4  0 -9 
285 188   1 -5  0 -9 
285 210  -1 -4  0 -9 
285 212  -1 -1  0 -9 
285 245   1 -2  0 -9 
285 258  -1 -3  0 -9 
285 265   1 -5  0 -9 
285 282  -1 -1  0 -9 
285 285   1  0  0 -9 
285 286   1 -3  0 -9 
285 287  -1 -4  0 -9 
285 302   1 -2  0 -9 
285 305  -1 -1  0 -9 
285 310  -1 -3  0 -9 
285 318   1 -2  0 -9 
285 325  -1 -4  0 -9 
285 326   1 -5  0 -9 
286 48   1 -7  0 -9 
286 187   1 -7  0 -9 
286 286  -1 -6  0 -9 
286 325   1 -7  0 -9 
287 188   1 -7  0 -9 
287 287  -1 -6  0 -9 
287 326   1 -7  0 -9 
288 197  -1 -5  0 -9 
288 255   1 -6  0 -9 
288 292   1 -3  0 -9 
288 306  -1 -4  0 -9 
289 11  -1 -3  0 -9 
289 43  -1 -3  0 -9 
289 47   1 -4  0 -9 
289 48  -1 -3  0 -9 
289 86   1 -4  0 -9 
289 107  -1 -3  0 -9 
289 172   1 -4  0 -9 
289 180  -1 -3  0 -9 
289 197   1 -2 -1 -4  0 -9 
289 198  -1 -1  0 -9 
289 206  -1 -3  0 -9 
289 216  -1 -1  0 -9 
289 220   1 -2  0 -9 
289 223  -1 -3  0 -9 
289 239   1 -2  0 -9 
289 247  -1 -3  0 -9 
289 255   1 -5  0 -9 
289 272  -1 -1  0 -9 
289 278  -1 -3  0 -9 
289 279   1 -2  0 -9 
289 288  -1 -1  0 -9 
289 289   1  0  0 -9 
289 292   1 -2  0 -9 
289 293  -1 -1  0 -9 
289 296   1 -2  0 -9 
289 298   1 -2  0 -9 
289 299  -1 -1  0 -9 
289 306  -1 -3  0 -9 
289 307   1 -2 -1 -4  0 -9 
289 319   1 -5  0 -9 
290 111  -1 -3  0 -9 
290 132  -1 -3  0 -9 
290 149   1 -4  0 -9 
290 199  -1 -1  0 -9 
290 210  -1 -3  0 -9 
290 243   1 -2  0 -9 
290 256  -1 -3  0 -9 
290 265   1 -4  0 -9 
290 290   1  0  0 -9 
290 294  -1 -1  0 -9 
290 303  -1 -1  0 -9 
290 309  -1 -3  0 -9 
290 311   1 -2  0 -9 
290 316   1 -2  0 -9 
290 320  -1 -3  0 -9 
290 325  -1 -3  0 -9 
290 327   1 -4  0 -9 
291 112  -1 -3  0 -9 
291 130  -1 -3  0 -9 
291 131  -1 -3  0 -9 
291 133  -1 -3  0 -9 
291 150   1 -4  0 -9 
291 197  -1 -3  0 -9 
291 200  -1 -1  0 -9 
291 211  -1 -3  0 -9 
291 230  -1 -3  0 -9 
291 244   1 -2  0 -9 
291 255   1 -4  0 -9 
291 257  -1 -3  0 -9 
291 266   1 -4  0 -9 
291 273  -1 -1  0 -9 
291 280  -1 -3  0 -9 
291 291   1  0  0 -9 
291 295  -1 -1  0 -9 
291 300   1 -2  0 -9 
291 304  -1 -1  0 -9 
291 307  -1 -3  0 -9 
291 308  -1 -3  0 -9 
291 310  -1 -3  0 -9 
291 312   1 -2  0 -9 
291 315  -1 -3  0 -9 
291 317   1 -2  0 -9 
291 319   1 -4  0 -9 
291 321  -1 -3  0 -9 
291 324   1 -4  0 -9 
291 326  -1 -3  0 -9 
291 328   1 -4  0 -9 
292 197  -1 -4  0 -9 
292 288   1 -3  0 -9 
292 306  -1 -5  0 -9 
292 315   1 -6  0 -9 
293 223  -1 -4  0 -9 
293 296   1 -3  0 -9 
293 307  -1 -5  0 -9 
293 319   1 -6  0 -9 
294 309  -1 -4  0 -9 
294 311   1 -3  0 -9 
294 320  -1 -4  0 -9 
294 327   1 -5  0 -9 
295 307  -1 -4  0 -9 
295 310  -1 -4  0 -9 
295 312   1 -3  0 -9 
295 319   1 -5  0 -9 
295 321  -1 -4  0 -9 
295 328   1 -5  0 -9 
296 223  -1 -5  0 -9 
296 259   1 -6  0 -9 
296 293   1 -3  0 -9 
296 307  -1 -4  0 -9 
297 130  -1 -3  0 -9 
297 133  -1 -3  0 -9 
297 136  -1 -3  0 -9 
297 155   1 -4  0 -9 
297 224  -1 -1  0 -9 
297 230  -1 -3  0 -9 
297 236  -1 -3  0 -9 
297 253   1 -2  0 -9 
297 262  -1 -3  0 -9 
297 269   1 -4  0 -9 
297 295  -1 -1  0 -9 
297 297   1  0  0 -9 
297 307  -1 -3  0 -9 
297 310  -1 -3  0 -9 
297 312   1 -2  0 -9 
297 313  -1 -1  0 -9 
297 319   1 -4  0 -9 
297 321  -1 -3  0 -9 
297 322   1 -2  0 -9 
297 328   1 -4  0 -9 
297 329  -1 -3  0 -9 
298 43  -1 -5  0 -9 
298 47   1 -6  0 -9 
298 179   1 -6  0 -9 
298 272   1 -3  0 -9 
298 278  -1 -5  0 -9 
298 306  -1 -5  0 -9 
298 315   1 -6  0 -9 
299 11  -1 -4  0 -9 
299 43  -1 -4  0 -9 
299 47   1 -5  0 -9 
299 48  -1 -4  0 -9 
299 86   1 -5  0 -9 
299 107  -1 -4  0 -9 
299 172   1 -5  0 -9 
299 179   1 -5  0 -9 
299 180  -1 -4  0 -9 
299 206  -1 -4  0 -9 
299 278  -1 -4  0 -9 
299 279   1 -3  0 -9 
299 307  -1 -5  0 -9 
299 319   1 -6  0 -9 
300 181   1 -6  0 -9 
300 273   1 -3  0 -9 
300 280  -1 -5  0 -9 
300 308  -1 -5  0 -9 
300 324   1 -6  0 -9 
301 43  -1 -5  0 -9 
301 47   1 -6  0 -9 
301 88   1 -5  0 -9 
301 109  -1 -4  0 -9 
301 181   1 -5  0 -9 
301 182  -1 -4  0 -9 
301 187   1 -5  0 -9 
301 280  -1 -4  0 -9 
301 281   1 -3  0 -9 
301 286  -1 -4  0 -9 
301 309  -1 -5  0 -9 
301 327   1 -6  0 -9 
302 89   1 -5  0 -9 
302 110  -1 -4  0 -9 
302 183  -1 -4  0 -9 
302 188   1 -5  0 -9 
302 282   1 -3  0 -9 
302 287  -1 -4  0 -9 
302 310  -1 -5  0 -9 
302 328   1 -6  0 -9 
303 111  -1 -4  0 -9 
303 132  -1 -4  0 -9 
303 149   1 -5  0 -9 
303 210  -1 -4  0 -9 
303 256  -1 -4  0 -9 
303 260   1 -5  0 -9 
303 265   1 -5  0 -9 
303 309  -1 -4  0 -9 
303 316   1 -3  0 -9 
303 320  -1 -4  0 -9 
303 325  -1 -4  0 -9 
303 327   1 -5  0 -9 
304 112  -1 -4  0 -9 
304 130  -1 -4  0 -9 
304 131  -1 -4  0 -9 
304 133  -1 -4  0 -9 
304 150   1 -5  0 -9 
304 181   1 -5  0 -9 
304 197  -1 -4  0 -9 
304 211  -1 -4  0 -9 
304 230  -1 -4  0 -9 
304 255   1 -5  0 -9 
304 257  -1 -4  0 -9 
304 261   1 -5  0 -9 
304 266   1 -5  0 -9 
304 280  -1 -4  0 -9 
304 307  -1 -4  0 -9 
304 308  -1 -4  0 -9 
304 310  -1 -4  0 -9 
304 315  -1 -4  0 -9 
304 317   1 -3  0 -9 
304 319   1 -5  0 -9 
304 321  -1 -4  0 -9 
304 324   1 -5  0 -9 
304 326  -1 -4  0 -9 
304 328   1 -5  0 -9 
305 113  -1 -4  0 -9 
305 133  -1 -4  0 -9 
305 151   1 -5  0 -9 
305 258  -1 -4  0 -9 
305 270   1 -5  0 -9 
305 310  -1 -4  0 -9 
305 318   1 -3  0 -9 
305 328   1 -5  0 -9 
305 330  -1 -4  0 -9 
306 306  -1 -6  0 -9 
306 315   1 -7  0 -9 
307 307  -1 -6  0 -9 
307 319   1 -7  0 -9 
308 308  -1 -6  0 -9 
308 324   1 -7  0 -9 
309 309  -1 -6  0 -9 
309 327   1 -7  0 -9 
310 310  -1 -6  0 -9 
310 328   1 -7  0 -9 
311 260   1 -6  0 -9 
311 294   1 -3  0 -9 
311 309  -1 -5  0 -9 
311 320  -1 -5  0 -9 
311 327   1 -6  0 -9 
312 261   1 -6  0 -9 
312 295   1 -3  0 -9 
312 307  -1 -5  0 -9 
312 310  -1 -5  0 -9 
312 319   1 -6  0 -9 
312 321  -1 -5  0 -9 
312 328   1 -6  0 -9 
313 130  -1 -4  0 -9 
313 133  -1 -4  0 -9 
313 136  -1 -4  0 -9 
313 155   1 -5  0 -9 
313 230  -1 -4  0 -9 
313 236  -1 -4  0 -9 
313 261   1 -5  0 -9 
313 262  -1 -4  0 -9 
313 269   1 -5  0 -9 
313 307  -1 -4  0 -9 
313 310  -1 -4  0 -9 
313 319   1 -5  0 -9 
313 321  -1 -4  0 -9 
313 322   1 -3  0 -9 
313 328   1 -5  0 -9 
313 329  -1 -4  0 -9 
314 137  -1 -4  0 -9 
314 156   1 -5  0 -9 
314 263  -1 -4  0 -9 
314 271   1 -5  0 -9 
314 310  -1 -5  0 -9 
314 323   1 -3  0 -9 
314 328   1 -6  0 -9 
314 331  -1 -4  0 -9 
315 315   1 -8  0 -9 
316 111  -1 -5  0 -9 
316 132   1 -7  0 -9 
316 149   1 -6  0 -9 
316 210  -1 -5  0 -9 
316 256  -1 -5  0 -9 
316 260   1 -6  0 -9 
316 265   1 -6  0 -9 
316 303   1 -3  0 -9 
316 309  -1 -5  0 -9 
316 320  -1 -5  0 -9 
316 325   1 -7  0 -9 
316 327   1 -6  0 -9 
317 112  -1 -5  0 -9 
317 130   1 -7  0 -9 
317 131   1 -7  0 -9 
317 133   1 -7  0 -9 
317 150   1 -6  0 -9 
317 181   1 -6  0 -9 
317 197  -1 -5  0 -9 
317 211  -1 -5  0 -9 
317 230   1 -7  0 -9 
317 255   1 -6  0 -9 
317 257  -1 -5  0 -9 
317 261   1 -6  0 -9 
317 266   1 -6  0 -9 
317 280  -1 -5  0 -9 
317 304   1 -3  0 -9 
317 307  -1 -5  0 -9 
317 308  -1 -5  0 -9 
317 310  -1 -5  0 -9 
317 315   1 -7  0 -9 
317 319   1 -6  0 -9 
317 321  -1 -5  0 -9 
317 324   1 -6  0 -9 
317 326   1 -7  0 -9 
317 328   1 -6  0 -9 
318 113  -1 -5  0 -9 
318 133   1 -7  0 -9 
318 151   1 -6  0 -9 
318 258  -1 -5  0 -9 
318 270   1 -6  0 -9 
318 305   1 -3  0 -9 
318 310  -1 -5  0 -9 
318 325   1 -6  0 -9 
318 328   1 -6  0 -9 
318 330  -1 -5  0 -9 
319 319   1 -8  0 -9 
320 260   1 -7  0 -9 
320 320  -1 -6  0 -9 
320 327   1 -7  0 -9 
321 261   1 -7  0 -9 
321 319   1 -7  0 -9 
321 321  -1 -6  0 -9 
321 328   1 -7  0 -9 
322 130   1 -7  0 -9 
322 133   1 -7  0 -9 
322 136  -1 -5  0 -9 
322 155   1 -6  0 -9 
322 230   1 -7  0 -9 
322 236  -1 -5  0 -9 
322 261   1 -6  0 -9 
322 262  -1 -5  0 -9 
322 269   1 -6  0 -9 
322 307  -1 -5  0 -9 
322 310  -1 -5  0 -9 
322 313   1 -3  0 -9 
322 319   1 -6  0 -9 
322 321  -1 -5  0 -9 
322 328   1 -6  0 -9 
322 329   1 -7  0 -9 
323 133   1 -6  0 -9 
323 137  -1 -5  0 -9 
323 156   1 -6  0 -9 
323 263  -1 -5  0 -9 
323 271   1 -6  0 -9 
323 310  -1 -4  0 -9 
323 314   1 -3  0 -9 
323 329   1 -6  0 -9 
323 331  -1 -5  0 -9 
324 324   1 -8  0 -9 
325 325   1 -8  0 -9 
326 326   1 -8  0 -9 
327 327   1 -8  0 -9 
328 328   1 -8  0 -9 
329 329   1 -8  0 -9 
330 270   1 -7  0 -9 
330 325   1 -7  0 -9 
330 328   1 -7  0 -9 
330 330  -1 -6  0 -9 
331 271   1 -7  0 -9 
331 329   1 -7  0 -9 
331 331  -1 -6  0 -9 
332 43  -1 -5  0 -9 
332 47   1 -6  0 -9 
332 205  -1 -4  0 -9 
332 229   1 -5  0 -9 
332 336  -1 -4  0 -9 
332 344   1 -3  0 -9 
332 352  -1 -4  0 -9 
332 361   1 -5  0 -9 
333 34   1 -2  0 -9 
333 43   1 -2 -1 -4  0 -9 
333 44  -1 -1  0 -9 
333 47   1 -5  0 -9 
333 49  -1 -4  0 -9 
333 57   1 -5  0 -9 
333 65  -1 -4  0 -9 
333 67   1 -3  0 -9 
333 171  -1 -4  0 -9 
333 173   1 -3  0 -9 
333 181  -1 -4  0 -9 
333 207  -1 -4  0 -9 
333 264   1 -5  0 -9 
333 273  -1 -1  0 -9 
333 300   1 -2  0 -9 
333 308  -1 -3  0 -9 
333 332  -1 -1  0 -9 
333 333   1  0  0 -9 
333 338  -1 -4  0 -9 
333 344   1 -2  0 -9 
333 346  -1 -1  0 -9 
333 352  -1 -3  0 -9 
333 354   1 -2  0 -9 
333 372   1 -5  0 -9 
334 11  -1 -3  0 -9 
334 13  -1 -3  0 -9 
334 28   1 -4  0 -9 
334 43   1 -1 -1 -3  0 -9 
334 44  -1  0  0 -9 
334 45   1  1  0 -9 
334 47   1 -4  0 -9 
334 48  -1 -3  0 -9 
334 49  -1 -3  0 -9 
334 50   1 -2  0 -9 
334 52  -1 -3  0 -9 
334 57   1 -4  0 -9 
334 58  -1 -3  0 -9 
334 63   1 -4  0 -9 
334 65  -1 -3  0 -9 
334 67   1 -2  0 -9 
334 70  -1  0  0 -9 
334 169  -1  0  0 -9 
334 171  -1 -3  0 -9 
334 173   1 -2  0 -9 
334 176   1 -2  0 -9 
334 181  -1 -3  0 -9 
334 187  -1 -3  0 -9 
334 203   1  1  0 -9 
334 206   1 -1  0 -9 
334 207  -1 -3  0 -9 
334 208  -1  0  0 -9 
334 210  -1 -3  0 -9 
334 225  -1  0  0 -9 
334 227  -1  0  0 -9 
334 230  -1 -2  0 -9 
334 232   1 -1  0 -9 
334 241   1 -1  0 -9 
334 249  -1 -2  0 -9 
334 264   1 -4  0 -9 
334 265   1 -4  0 -9 
334 273  -1  0  0 -9 
334 300   1 -1  0 -9 
334 301  -1  0  0 -9 
334 308  -1 -2  0 -9 
334 309   1 -1  0 -9 
334 332  -1  0  0 -9 
334 333   1  1  0 -9 
334 334  -1  2  0 -9 
334 338  -1 -3  0 -9 
334 339  -1  0  0 -9 
334 341   1  1  0 -9 
334 344   1 -1  0 -9 
334 345  -1  0  0 -9 
334 346  -1  0  0 -9 
334 347   1  1  0 -9 
334 349  -1  0  0 -9 
334 352  -1 -2  0 -9 
334 353   1 -1  0 -9 
334 354   1 -1  0 -9 
334 355  -1  0  0 -9 
334 362   1 -1  0 -9 
334 370   1 -1  0 -9 
334 372   1 -4  0 -9 
334 373  -1 -2  0 -9 
335 14  -1 -3  0 -9 
335 29   1 -4  0 -9 
335 46   1  1  0 -9 
335 51   1 -2  0 -9 
335 53  -1 -3  0 -9 
335 59  -1 -3  0 -9 
335 64   1 -4  0 -9 
335 65  -1 -2  0 -9 
335 66   1 -1  0 -9 
335 67   1 -1  0 -9 
335 71  -1  0  0 -9 
335 170  -1  0  0 -9 
335 172  -1 -3  0 -9 
335 177   1 -2  0 -9 
335 188  -1 -3  0 -9 
335 204   1  1  0 -9 
335 206   1 -2  0 -9 
335 209  -1  0  0 -9 
335 211  -1 -3  0 -9 
335 228  -1  0  0 -9 
335 230  -1 -3  0 -9 
335 233   1 -1  0 -9 
335 242   1 -1  0 -9 
335 250  -1 -2  0 -9 
335 266   1 -4  0 -9 
335 302  -1  0  0 -9 
335 310   1 -1  0 -9 
335 335  -1  2  0 -9 
335 336   1 -1  0 -9 
335 337  -1  0  0 -9 
335 338  -1  0 -1 -2  0 -9 
335 340  -1  0  0 -9 
335 342   1  1  0 -9 
335 348   1  1  0 -9 
335 350  -1  0  0 -9 
335 356  -1  0  0 -9 
335 361  -1 -2  0 -9 
335 363   1 -1  0 -9 
335 371   1 -1  0 -9 
335 372   1 -3  0 -9 
335 374  -1 -2  0 -9 
336 65   1 -7  0 -9 
336 336  -1 -6  0 -9 
336 361   1 -7  0 -9 
337 48   1 -6  0 -9 
337 65   1 -6  0 -9 
337 66  -1 -5  0 -9 
337 206  -1 -4  0 -9 
337 230   1 -5  0 -9 
337 336  -1 -5  0 -9 
337 345   1 -3  0 -9 
337 353  -1 -4  0 -9 
337 361   1 -6  0 -9 
338 338  -1 -6  0 -9 
338 372   1 -7  0 -9 
339 48   1 -5  0 -9 
339 66  -1 -4  0 -9 
339 286  -1 -4  0 -9 
339 325   1 -5  0 -9 
339 338  -1 -5  0 -9 
339 370   1 -3  0 -9 
339 372   1 -6  0 -9 
339 373  -1 -4  0 -9 
340 287  -1 -4  0 -9 
340 326   1 -5  0 -9 
340 338  -1 -4  0 -9 
340 371   1 -3  0 -9 
340 372   1 -5  0 -9 
340 374  -1 -4  0 -9 
341 52  -1 -4  0 -9 
341 63   1 -5  0 -9 
341 66  -1 -3  0 -9 
341 68   1 -2  0 -9 
341 70  -1 -1  0 -9 
341 176   1 -3  0 -9 
341 187  -1 -4  0 -9 
341 210  -1 -4  0 -9 
341 265   1 -5  0 -9 
341 338  -1 -4  0 -9 
341 339  -1 -1  0 -9 
341 341   1  0  0 -9 
341 349  -1 -1  0 -9 
341 362   1 -2  0 -9 
341 370   1 -2  0 -9 
341 372   1 -5  0 -9 
341 373  -1 -3  0 -9 
342 48   1 -5  0 -9 
342 53  -1 -4  0 -9 
342 64   1 -5  0 -9 
342 65  -1 -3  0 -9 
342 66   1 -2 -1 -4  0 -9 
342 67   1 -2  0 -9 
342 69   1 -2  0 -9 
342 71  -1 -1  0 -9 
342 172  -1 -4  0 -9 
342 177   1 -3  0 -9 
342 188  -1 -4  0 -9 
342 211  -1 -4  0 -9 
342 266   1 -5  0 -9 
342 336   1 -2  0 -9 
342 337  -1 -1  0 -9 
342 338  -1 -1 -1 -3 -1 -5  0 -9 
342 340  -1 -1  0 -9 
342 342   1  0  0 -9 
342 345   1 -2  0 -9 
342 350  -1 -1  0 -9 
342 353  -1 -3  0 -9 
342 361  -1 -3  0 -9 
342 363   1 -2  0 -9 
342 371   1 -2  0 -9 
342 372   1 -4  1 -6  0 -9 
342 374  -1 -3  0 -9 
343 14  -1  0 -1 -2  0 -9 
343 29   1 -3  0 -9 
343 32  -1 -2  0 -9 
343 46  -1  0  0 -9 
343 48  -1 -3  0 -9 
343 51   1 -1  0 -9 
343 52  -1 -3  0 -9 
343 54  -1  0  0 -9 
343 59  -1 -2  0 -9 
343 62   1 -1  0 -9 
343 63   1 -4  0 -9 
343 68   1 -1  0 -9 
343 69  -1  0  0 -9 
343 70  -1  0  0 -9 
343 72   1  1  0 -9 
343 89  -1 -2  0 -9 
343 92   1 -1  0 -9 
343 110   1 -1  0 -9 
343 113  -1  0 -1 -2  0 -9 
343 133  -1 -2  0 -9 
343 151   1 -3  0 -9 
343 176   1 -2  0 -9 
343 183   1 -1  0 -9 
343 186  -1  0  0 -9 
343 187  -1 -3  0 -9 
343 210  -1 -3  0 -9 
343 212  -1  0  0 -9 
343 245   1 -1  0 -9 
343 258  -1 -2  0 -9 
343 265   1 -4  0 -9 
343 282  -1  0  0 -9 
343 285   1  1  0 -9 
343 286   1 -2  0 -9 
343 287  -1 -3  0 -9 
343 305  -1  0  0 -9 
343 318   1 -1  0 -9 
343 325  -1 -3  0 -9 
343 326   1 -4  0 -9 
343 338  -1 -3  0 -9 
343 339  -1  0  0 -9 
343 340   1  1  0 -9 
343 341   1  1  0 -9 
343 343  -1  2  0 -9 
343 349  -1  0  0 -9 
343 351   1  1  0 -9 
343 362   1 -1  0 -9 
343 364  -1  0  0 -9 
343 371   1 -2  0 -9 
343 372   1 -4  0 -9 
343 374  -1 -3  0 -9 
344 43  -1 -4  0 -9 
344 65   1 -6  0 -9 
344 171   1 -6  0 -9 
344 205  -1 -5  0 -9 
344 229   1 -6  0 -9 
344 332   1 -3  0 -9 
344 336  -1 -5  0 -9 
344 352  -1 -5  0 -9 
344 361   1 -6  0 -9 
345 65   1 -5  0 -9 
345 66  -1 -4  0 -9 
345 172   1 -6  0 -9 
345 206  -1 -5  0 -9 
345 230   1 -6  0 -9 
345 336  -1 -4  0 -9 
345 337   1 -3  0 -9 
345 353  -1 -5  0 -9 
345 365   1 -6  0 -9 
346 207  -1 -5  0 -9 
346 264   1 -6  0 -9 
346 308  -1 -4  0 -9 
346 338  -1 -5  0 -9 
346 352  -1 -4  0 -9 
346 354   1 -3  0 -9 
346 372   1 -6  0 -9 
347 43   1 -2 -1 -4  0 -9 
347 47   1 -5  0 -9 
347 66  -1 -3  0 -9 
347 88   1 -4  0 -9 
347 109  -1 -3  0 -9 
347 167  -1 -3  0 -9 
347 172   1 -5  0 -9 
347 182  -1 -3  0 -9 
347 201   1 -2  0 -9 
347 205  -1 -3  0 -9 
347 206   1 -2 -1 -4  0 -9 
347 207   1 -2 -1 -4  0 -9 
347 208  -1 -1  0 -9 
347 210   1 -2 -1 -4  0 -9 
347 225  -1 -1  0 -9 
347 227  -1 -1  0 -9 
347 230  -1 -3  1 -5  0 -9 
347 232   1 -2  0 -9 
347 234  -1 -3  0 -9 
347 241   1 -2  0 -9 
347 249  -1 -3  0 -9 
347 264   1 -5  0 -9 
347 265   1 -5  0 -9 
347 273  -1 -1  0 -9 
347 280  -1 -3  0 -9 
347 281   1 -2  0 -9 
347 286  -1 -3  0 -9 
347 300   1 -2  0 -9 
347 301  -1 -1  0 -9 
347 308  -1 -3  0 -9 
347 309   1 -2 -1 -4  0 -9 
347 327   1 -5  0 -9 
347 332  -1 -1  0 -9 
347 336  -1 -3  0 -9 
347 337   1 -2  0 -9 
347 338   1 -2 -1 -4  0 -9 
347 339  -1 -1  0 -9 
347 344   1 -2  0 -9 
347 345  -1 -1  0 -9 
347 346  -1 -1  0 -9 
347 347   1  0  0 -9 
347 349  -1 -1  0 -9 
347 352  -1 -3  0 -9 
347 353   1 -2 -1 -4  0 -9 
347 354   1 -2  0 -9 
347 355  -1 -1  0 -9 
347 357   1 -2  0 -9 
347 362   1 -2  0 -9 
347 365   1 -5  0 -9 
347 366  -1 -3  0 -9 
347 370   1 -2  0 -9 
347 372   1 -5  0 -9 
347 373  -1 -3  0 -9 
348 89   1 -4  0 -9 
348 110  -1 -3  0 -9 
348 183  -1 -3  0 -9 
348 209  -1 -1  0 -9 
348 211   1 -2 -1 -4  0 -9 
348 228  -1 -1  0 -9 
348 233   1 -2  0 -9 
348 235  -1 -3  0 -9 
348 242   1 -2  0 -9 
348 250  -1 -3  0 -9 
348 266   1 -5  0 -9 
348 282   1 -2  0 -9 
348 287  -1 -3  0 -9 
348 302  -1 -1  0 -9 
348 310   1 -2 -1 -4  0 -9 
348 328   1 -5  0 -9 
348 338  -1 -3  0 -9 
348 340  -1 -1  0 -9 
348 348   1  0  0 -9 
348 350  -1 -1  0 -9 
348 353  -1 -3  0 -9 
348 356  -1 -1  0 -9 
348 358   1 -2  0 -9 
348 361  -1 -3  0 -9 
348 363   1 -2  0 -9 
348 365   1 -4  0 -9 
348 367  -1 -3  0 -9 
348 371   1 -2  0 -9 
348 372   1 -4  0 -9 
348 374  -1 -3  0 -9 
349 210  -1 -5  0 -9 
349 265   1 -6  0 -9 
349 362   1 -3  0 -9 
349 366  -1 -4  0 -9 
349 373  -1 -4  0 -9 
349 375   1 -5  0 -9 
350 211  -1 -5  0 -9 
350 266   1 -6  0 -9 
350 338  -1 -4  0 -9 
350 353  -1 -4  0 -9 
350 361  -1 -4  0 -9 
350 363   1 -3  0 -9 
350 365   1 -5  0 -9 
350 367  -1 -4  0 -9 
350 372   1 -5  0 -9 
350 374  -1 -4  0 -9 
350 376   1 -5  0 -9 
351 113  -1 -3  0 -9 
351 133  -1 -3  0 -9 
351 151   1 -4  0 -9 
351 210   1 -2 -1 -4  0 -9 
351 212  -1 -1  0 -9 
351 245   1 -2  0 -9 
351 258  -1 -3  0 -9 
351 265   1 -5  0 -9 
351 305  -1 -1  0 -9 
351 310  -1 -3  0 -9 
351 318   1 -2  0 -9 
351 328   1 -4  0 -9 
351 330  -1 -3  0 -9 
351 349  -1 -1  0 -9 
351 351   1  0  0 -9 
351 362   1 -2  0 -9 
351 364  -1 -1  0 -9 
351 366  -1 -3  0 -9 
351 373  -1 -3  0 -9 
351 375   1 -4  0 -9 
351 376  -1 -3  0 -9 
351 378   1 -2  0 -9 
352 229   1 -7  0 -9 
352 352  -1 -6  0 -9 
352 361   1 -7  0 -9 
353 230   1 -7  0 -9 
353 353  -1 -6  0 -9 
353 365   1 -7  0 -9 
354 207  -1 -4  0 -9 
354 229   1 -6  0 -9 
354 308  -1 -5  0 -9 
354 324   1 -6  0 -9 
354 338  -1 -4  0 -9 
354 346   1 -3  0 -9 
354 352  -1 -5  0 -9 
354 361   1 -6  0 -9 
355 230   1 -6  0 -9 
355 234  -1 -4  0 -9 
355 309  -1 -5  0 -9 
355 327   1 -6  0 -9 
355 353  -1 -5  0 -9 
355 357   1 -3  0 -9 
355 365   1 -6  0 -9 
355 366  -1 -4  0 -9 
356 230   1 -5  0 -9 
356 235  -1 -4  0 -9 
356 310  -1 -5  0 -9 
356 328   1 -6  0 -9 
356 353  -1 -4  0 -9 
356 358   1 -3  0 -9 
356 365   1 -5  0 -9 
356 367  -1 -4  0 -9 
357 234  -1 -5  0 -9 
357 267   1 -6  0 -9 
357 309  -1 -4  0 -9 
357 353  -1 -4  0 -9 
357 355   1 -3  0 -9 
357 366  -1 -5  0 -9 
357 375   1 -6  0 -9 
358 230   1 -6  0 -9 
358 235  -1 -5  0 -9 
358 268   1 -6  0 -9 
358 310  -1 -4  0 -9 
358 353  -1 -5  0 -9 
358 356   1 -3  0 -9 
358 365   1 -6  0 -9 
358 367  -1 -5  0 -9 
358 376   1 -6  0 -9 
359 236  -1 -5  0 -9 
359 269   1 -6  0 -9 
359 353  -1 -4  0 -9 
359 365   1 -5  0 -9 
359 367  -1 -4  0 -9 
359 368   1 -3  0 -9 
359 376   1 -5  0 -9 
359 377  -1 -4  0 -9 
360 137  -1 -3  0 -9 
360 156   1 -4  0 -9 
360 228  -1 -1  0 -9 
360 233   1 -2  0 -9 
360 235  -1 -3  0 -9 
360 236   1 -2 -1 -4  0 -9 
360 237  -1 -1  0 -9 
360 250  -1 -3  0 -9 
360 254   1 -2  0 -9 
360 263  -1 -3  0 -9 
360 269   1 -5  0 -9 
360 310   1 -2 -1 -4  0 -9 
360 314  -1 -1  0 -9 
360 323   1 -2  0 -9 
360 328   1 -5  0 -9 
360 331  -1 -3  0 -9 
360 353  -1 -3  0 -9 
360 356  -1 -1  0 -9 
360 358   1 -2  0 -9 
360 359  -1 -1  0 -9 
360 360   1  0  0 -9 
360 365   1 -4  0 -9 
360 367  -1 -3  0 -9 
360 368   1 -2  0 -9 
360 369  -1 -1  0 -9 
360 377  -1 -3  0 -9 
360 379   1 -2  0 -9 
361 361   1 -8  0 -9 
362 210  -1 -4  0 -9 
362 325   1 -6  0 -9 
362 349   1 -3  0 -9 
362 366  -1 -5  0 -9 
362 373  -1 -5  0 -9 
362 375   1 -6  0 -9 
363 211  -1 -4  0 -9 
363 230   1 -6  0 -9 
363 326   1 -6  0 -9 
363 338  -1 -5  0 -9 
363 350   1 -3  0 -9 
363 353  -1 -5  0 -9 
363 361   1 -7  0 -9 
363 365   1 -6  0 -9 
363 367  -1 -5  0 -9 
363 372   1 -6  0 -9 
363 374  -1 -5  0 -9 
363 376   1 -6  0 -9 
364 310  -1 -4  0 -9 
364 325   1 -5  0 -9 
364 328   1 -5  0 -9 
364 330  -1 -4  0 -9 
364 366  -1 -4  0 -9 
364 373  -1 -4  0 -9 
364 375   1 -5  0 -9 
364 376  -1 -4  0 -9 
364 378   1 -3  0 -9 
365 365   1 -8  0 -9 
366 366  -1 -6  0 -9 
366 375   1 -7  0 -9 
367 365   1 -7  0 -9 
367 367  -1 -6  0 -9 
367 376   1 -7  0 -9 
368 230   1 -6  0 -9 
368 236  -1 -4  0 -9 
368 329   1 -6  0 -9 
368 353  -1 -5  0 -9 
368 359   1 -3  0 -9 
368 365   1 -6  0 -9 
368 367  -1 -5  0 -9 
368 376   1 -6  0 -9 
368 377  -1 -5  0 -9 
369 329   1 -5  0 -9 
369 331  -1 -4  0 -9 
369 377  -1 -4  0 -9 
369 379   1 -3  0 -9 
370 48   1 -6  0 -9 
370 65   1 -6  0 -9 
370 66  -1 -5  0 -9 
370 187   1 -6  0 -9 
370 286  -1 -5  0 -9 
370 325   1 -6  0 -9 
370 338  -1 -4  0 -9 
370 339   1 -3  0 -9 
370 373  -1 -5  0 -9 
370 375   1 -6  0 -9 
371 188   1 -6  0 -9 
371 287  -1 -5  0 -9 
371 326   1 -6  0 -9 
371 338  -1 -5  0 -9 
371 340   1 -3  0 -9 
371 372   1 -6  0 -9 
371 374  -1 -5  0 -9 
371 376   1 -6  0 -9 
372 372   1 -8  0 -9 
373 325   1 -7  0 -9 
373 373  -1 -6  0 -9 
373 375   1 -7  0 -9 
374 326   1 -7  0 -9 
374 372   1 -7  0 -9 
374 374  -1 -6  0 -9 
374 376   1 -7  0 -9 
375 375   1 -8  0 -9 
376 376   1 -8  0 -9 
377 329   1 -7  0 -9 
377 376   1 -7  0 -9 
377 377  -1 -6  0 -9 
378 270   1 -6  0 -9 
378 310  -1 -5  0 -9 
378 325   1 -6  0 -9 
378 328   1 -6  0 -9 
378 330  -1 -5  0 -9 
378 364   1 -3  0 -9 
378 366  -1 -5  0 -9 
378 373  -1 -5  0 -9 
378 375   1 -6  0 -9 
378 376   1 -7  0 -9 
379 271   1 -6  0 -9 
379 329   1 -6  0 -9 
379 331  -1 -5  0 -9 
379 369   1 -3  0 -9 
379 376   1 -6  0 -9 
379 377  -1 -5  0 -9 
9999 9999
