 0  0   1  0  0 -9 
 1  1  -1  2  0 -9 
 1  7   1  1  0 -9 
 2  0   1  1  0 -9 
 2  2  -1  2  0 -9 
 2  8   1  1  0 -9 
 3  3  -1  2  0 -9 
 3  5   1  1  0 -9 
 3  6  -1  0  0 -9 
 3  9   1  1  0 -9 
 3 11   1 -2  0 -9 
 4  4  -1  2  0 -9 
 4 10   1  1  0 -9 
 4 11   1 -1  0 -9 
 4 12  -1  0  0 -9 
 5  5   1  0  0 -9 
 5  6  -1 -1  0 -9 
 5 13   1 -2  0 -9 
 6 11  -1 -4  0 -9 
 6 13   1 -3  0 -9 
 7  7   1  0  0 -9 
 8  8   1  0  0 -9 
 9  9   1  0  0 -9 
 9 11   1 -3  0 -9 
10 10   1  0  0 -9 
10 11   1 -2  0 -9 
10 12  -1 -1  0 -9 
10 14   1 -2  0 -9 
11 11  -1 -6  0 -9 
12 11  -1 -5  0 -9 
12 14   1 -3  0 -9 
13  6   1 -3  0 -9 
13 11  -1 -5  0 -9 
14 11  -1 -4  0 -9 
14 12   1 -3  0 -9 
15  0   1  1  0 -9 
15 15  -1  2  0 -9 
16 16  -1  2  0 -9 
16 21   1  1  0 -9 
17 17  -1  2  0 -9 
17 22   1  1  0 -9 
18 11   1 -1  0 -9 
18 18  -1  2  0 -9 
18 25   1  1  0 -9 
18 27  -1  0  0 -9 
19 19  -1  2  0 -9 
19 26   1  1  0 -9 
19 28  -1  0  0 -9 
19 29   1 -1  0 -9 
20  5   1  1  0 -9 
20  6  -1  0  0 -9 
20 13   1 -1  0 -9 
20 20  -1  2  0 -9 
20 30   1  1  0 -9 
20 31  -1  0  0 -9 
21 21   1  0  0 -9 
22 22   1  0  0 -9 
23 23   1  0  0 -9 
24 24   1  0  0 -9 
24 29   1 -3  0 -9 
25 11   1 -2  0 -9 
25 25   1  0  0 -9 
25 27  -1 -1  0 -9 
25 31   1 -2  0 -9 
26 26   1  0  0 -9 
26 28  -1 -1  0 -9 
26 29   1 -2  0 -9 
26 32   1 -2  0 -9 
27 11  -1 -5  0 -9 
27 31   1 -3  0 -9 
28 29  -1 -5  0 -9 
28 32   1 -3  0 -9 
29 29  -1 -6  0 -9 
30  6  -1 -1  0 -9 
30 11  -1 -3  0 -9 
30 13   1 -2  0 -9 
30 27   1 -2  0 -9 
30 30   1  0  0 -9 
30 31  -1 -1  0 -9 
31 11  -1 -4  0 -9 
31 27   1 -3  0 -9 
32 28   1 -3  0 -9 
32 29  -1 -4  0 -9 
33  6  -1  0  0 -9 
33 27   1 -1  0 -9 
33 30   1  1  0 -9 
33 31  -1  0  0 -9 
33 33  -1  2  0 -9 
33 34   1  1  0 -9 
34 27   1 -2  0 -9 
34 31  -1 -1  0 -9 
34 34   1  0  0 -9 
35 28   1 -2  0 -9 
35 32  -1 -1  0 -9 
35 35   1  0  0 -9 
36  7   1  1  0 -9 
36 36  -1  2  0 -9 
36 40   1  1  0 -9 
37  8   1  1  0 -9 
37 37  -1  2  0 -9 
37 41   1  1  0 -9 
38  9   1  1  0 -9 
38 11   1 -2  0 -9 
38 38  -1  2  0 -9 
38 44   1  1  0 -9 
38 46  -1  0  0 -9 
39 10   1  1  0 -9 
39 11   1 -1  0 -9 
39 12  -1  0  0 -9 
39 14   1 -1  0 -9 
39 32  -1  0  0 -9 
39 39  -1  2  0 -9 
39 45   1  1  0 -9 
39 47  -1  0  0 -9 
39 48  -1  0  0 -9 
39 49   1  1  0 -9 
39 50   1 -1  0 -9 
40 40   1  0  0 -9 
41 41   1  0  0 -9 
42 23   1  1  0 -9 
42 40   1  1  0 -9 
42 42  -1  2  0 -9 
43 24   1  1  0 -9 
43 29   1 -2  0 -9 
43 43  -1  2  0 -9 
43 45   1  1  0 -9 
43 47  -1  0  0 -9 
44 44   1  0  0 -9 
44 46  -1 -1  0 -9 
44 48   1 -2  0 -9 
45 45   1  0  0 -9 
45 47  -1 -1  0 -9 
45 50   1 -2  0 -9 
46 11  -1 -4  0 -9 
46 48   1 -3  0 -9 
47 29  -1 -4  0 -9 
47 50   1 -3  0 -9 
48 11  -1 -5  0 -9 
48 46   1 -3  0 -9 
49 11   1 -2 -1 -4  0 -9 
49 12  -1 -1  0 -9 
49 14   1 -2  0 -9 
49 28   1 -2  0 -9 
49 29  -1 -3  0 -9 
49 32  -1 -1  0 -9 
49 46   1 -2  0 -9 
49 47  -1 -1  0 -9 
49 48  -1 -1  0 -9 
49 49   1  0  0 -9 
49 50   1 -2  0 -9 
50 29  -1 -5  0 -9 
50 47   1 -3  0 -9 
51 11   1 -2  0 -9 
51 46   1 -2  0 -9 
51 48  -1 -1  0 -9 
51 51   1  0  0 -9 
52 11   1 -1  0 -9 
52 12  -1  0  0 -9 
52 28   1 -1  0 -9 
52 32  -1  0  0 -9 
52 35   1  1  0 -9 
52 46   1 -1  0 -9 
52 47  -1  0  0 -9 
52 48  -1  0  0 -9 
52 49   1  1  0 -9 
52 51   1  1  0 -9 
52 52  -1  2  0 -9 
53 11   1 -1  0 -9 
53 48  -1  0  0 -9 
53 51   1  1  0 -9 
53 53  -1  2  0 -9 
54 29   1 -1  0 -9 
54 50  -1  0  0 -9 
54 54  -1  2  0 -9 
54 55   1  1  0 -9 
55 29   1 -2  0 -9 
55 47   1 -2  0 -9 
55 50  -1 -1  0 -9 
55 55   1  0  0 -9 
56 11   1 -1  0 -9 
56 13  -1  0  0 -9 
56 56  -1  2  0 -9 
56 57   1  1  0 -9 
57  6   1 -2  0 -9 
57 11   1 -2  0 -9 
57 13  -1 -1  0 -9 
57 57   1  0  0 -9 
58 12   1 -2  0 -9 
58 14  -1 -1  0 -9 
58 58   1  0  0 -9 
59 11   1 -3  0 -9 
59 59   1  0  0 -9 
60 11   1 -2  0 -9 
60 14  -1  0  0 -9 
60 58   1  1  0 -9 
60 59   1  1  0 -9 
60 60  -1  2  0 -9 
61 11   1 -2  0 -9 
61 31  -1  0  0 -9 
61 34   1  1  0 -9 
61 59   1  1  0 -9 
61 61  -1  2  0 -9 
62 29   1 -2  0 -9 
62 32  -1  0  0 -9 
62 35   1  1  0 -9 
62 62  -1  2  0 -9 
62 63   1  1  0 -9 
63 29   1 -3  0 -9 
63 63   1  0  0 -9 
9999 9999
