 0  0   1  0  0 -9 
 1  1   1  0  0 -9 
 1  9   1 -3  0 -9 
 2  0   1  1  0 -9 
 2  2  -1  2  0 -9 
 3  1   1  1  0 -9 
 3  3  -1  2  0 -9 
 3  5   1  1  0 -9 
 3  9   1 -2  0 -9 
 3 10  -1  0  0 -9 
 4  4  -1  2  0 -9 
 4  6   1  1  0 -9 
 4  9   1 -1  0 -9 
 4 11  -1  0  0 -9 
 5  5   1  0  0 -9 
 5 10  -1 -1  0 -9 
 5 15   1 -2  0 -9 
 6  6   1  0  0 -9 
 6  9   1 -2  0 -9 
 6 11  -1 -1  0 -9 
 6 16   1 -2  0 -9 
 7  7   1  0  0 -9 
 7 12  -1 -1  0 -9 
 7 14  -1 -4  0 -9 
 7 17   1 -2  0 -9 
 7 19   1 -5  0 -9 
 8  7   1  1  0 -9 
 8  8  -1  2  0 -9 
 8 12  -1  0  0 -9 
 8 13   1  1  0 -9 
 8 14  -1 -3  0 -9 
 8 18   1 -2  0 -9 
 8 19   1 -4  0 -9 
 8 20  -1 -3  0 -9 
 9  9  -1 -6  0 -9 
10  9  -1 -4  0 -9 
10 15   1 -3  0 -9 
11  9  -1 -5  0 -9 
11 16   1 -3  0 -9 
12 14  -1 -5  0 -9 
12 17   1 -3  0 -9 
12 19   1 -6  0 -9 
13 14  -1 -4  0 -9 
13 18   1 -3  0 -9 
13 19   1 -5  0 -9 
13 20  -1 -4  0 -9 
14 14  -1 -6  0 -9 
14 19   1 -7  0 -9 
15  9  -1 -5  0 -9 
15 10   1 -3  0 -9 
16  9  -1 -4  0 -9 
16 11   1 -3  0 -9 
17 12   1 -3  0 -9 
17 14  -1 -4  0 -9 
18 13   1 -3  0 -9 
18 14  -1 -5  0 -9 
18 19   1 -6  0 -9 
18 20  -1 -5  0 -9 
19 19   1 -8  0 -9 
20 19   1 -7  0 -9 
20 20  -1 -6  0 -9 
21  0   1  1  0 -9 
21 21  -1  2  0 -9 
21 30   1  1  0 -9 
22  1   1  1  0 -9 
22  9   1 -2  0 -9 
22 22  -1  2  0 -9 
22 34   1  1  0 -9 
22 39  -1  0  0 -9 
23 23  -1  2  0 -9 
23 45   1  1  0 -9 
24  9   1 -1  0 -9 
24 24  -1  2  0 -9 
24 48   1  1  0 -9 
24 53  -1  0  0 -9 
24 57   1 -1  0 -9 
25 25  -1  2  0 -9 
25 49   1  1  0 -9 
25 54  -1  0  0 -9 
25 58   1 -1  0 -9 
26  5   1  1  0 -9 
26 10  -1  0  0 -9 
26 15   1 -1  0 -9 
26 26  -1  2  0 -9 
26 35   1  1  0 -9 
26 40  -1  0  0 -9 
26 64   1  1  0 -9 
26 70  -1  0  0 -9 
26 76   1 -1  0 -9 
27  6   1  1  0 -9 
27  9   1 -1  0 -9 
27 11  -1  0  0 -9 
27 16   1 -1  0 -9 
27 27  -1  2  0 -9 
27 36   1  1  0 -9 
27 41  -1  0  0 -9 
27 63  -1  0  0 -9 
27 65   1  1  0 -9 
27 71  -1  0  0 -9 
27 77   1 -1  0 -9 
28  7   1  1  0 -9 
28 12  -1  0  0 -9 
28 14  -1 -3  0 -9 
28 17   1 -1  0 -9 
28 19   1 -4  0 -9 
28 28  -1  2  0 -9 
28 42  -1  0  0 -9 
28 44   1  1  0 -9 
28 66   1  1  0 -9 
28 68  -1  0  0 -9 
28 69   1 -1  0 -9 
28 72  -1  0  0 -9 
28 80   1 -1  0 -9 
28 82  -1 -2  0 -9 
29 13  -1  0  0 -9 
29 14  -1  0 -1 -2  0 -9 
29 18   1 -1  0 -9 
29 19   1 -3  0 -9 
29 20  -1 -2  0 -9 
29 29  -1  2  0 -9 
29 43  -1  0  0 -9 
29 55  -1  0  0 -9 
29 56   1  1  0 -9 
29 61   1 -1  0 -9 
29 62  -1  0 -1 -2  0 -9 
29 67   1  1  0 -9 
29 73  -1  0  0 -9 
29 74  -1 -2  0 -9 
29 75   1 -1  0 -9 
29 81   1 -1  0 -9 
29 83  -1 -2  0 -9 
29 84   1 -3  0 -9 
30 30   1  0  0 -9 
31 31  -1  2  0 -9 
31 35   1  1  0 -9 
31 40  -1  0  0 -9 
31 46   1  1  0 -9 
31 57   1 -2  0 -9 
32 30   1  1  0 -9 
32 32  -1  2  0 -9 
32 36   1  1  0 -9 
32 41  -1  0  0 -9 
32 47   1  1  0 -9 
32 58   1 -2  0 -9 
33 33  -1  2  0 -9 
33 51   1  1  0 -9 
33 57   1 -1  0 -9 
33 59  -1  0  0 -9 
34 34   1  0  0 -9 
34 39  -1 -1  0 -9 
34 63   1 -2  0 -9 
35 35   1  0  0 -9 
35 40  -1 -1  0 -9 
35 76   1 -2  0 -9 
36 36   1  0  0 -9 
36 41  -1 -1  0 -9 
36 77   1 -2  0 -9 
37 36   1  1  0 -9 
37 37  -1  2  0 -9 
37 41  -1  0  0 -9 
37 42   1  1  0 -9 
37 50   1  1  0 -9 
37 55  -1  0  0 -9 
37 58   1 -2  0 -9 
37 61  -1 -3  0 -9 
37 74   1 -4  0 -9 
37 80   1 -2  0 -9 
37 82  -1 -3  0 -9 
38 38  -1  2  0 -9 
38 43   1  1  0 -9 
38 52   1  1  0 -9 
38 60  -1  0  0 -9 
38 62  -1 -3  0 -9 
38 81   1 -2  0 -9 
38 83  -1 -3  0 -9 
38 84   1 -4  0 -9 
39  9  -1 -4  0 -9 
39 63   1 -3  0 -9 
40 57  -1 -4  0 -9 
40 76   1 -3  0 -9 
41 58  -1 -4  0 -9 
41 77   1 -3  0 -9 
42 61  -1 -4  0 -9 
42 74   1 -5  0 -9 
42 80   1 -3  0 -9 
42 82  -1 -4  0 -9 
43 62  -1 -4  0 -9 
43 81   1 -3  0 -9 
43 83  -1 -4  0 -9 
43 84   1 -5  0 -9 
44 14  -1 -4  0 -9 
44 19   1 -5  0 -9 
44 42  -1 -1  0 -9 
44 44   1  0  0 -9 
44 68  -1 -1  0 -9 
44 69   1 -2  0 -9 
44 80   1 -2  0 -9 
44 82  -1 -3  0 -9 
45 45   1  0  0 -9 
46 46   1  0  0 -9 
46 57   1 -3  0 -9 
47 47   1  0  0 -9 
47 58   1 -3  0 -9 
48  9   1 -2  0 -9 
48 48   1  0  0 -9 
48 53  -1 -1  0 -9 
48 57   1 -2  0 -9 
48 70   1 -2  0 -9 
49 49   1  0  0 -9 
49 54  -1 -1  0 -9 
49 58   1 -2  0 -9 
49 71   1 -2  0 -9 
50 50   1  0  0 -9 
50 55  -1 -1  0 -9 
50 58   1 -3  0 -9 
50 61  -1 -4  0 -9 
50 72   1 -2  0 -9 
50 74   1 -5  0 -9 
51 51   1  0  0 -9 
51 57   1 -2  0 -9 
51 59  -1 -1  0 -9 
51 78   1 -2  0 -9 
52 52   1  0  0 -9 
52 60  -1 -1  0 -9 
52 62  -1 -4  0 -9 
52 79   1 -2  0 -9 
52 84   1 -5  0 -9 
53  9  -1 -5  0 -9 
53 57  -1 -5  0 -9 
53 70   1 -3  0 -9 
54 58  -1 -5  0 -9 
54 71   1 -3  0 -9 
55 61  -1 -5  0 -9 
55 72   1 -3  0 -9 
55 74   1 -6  0 -9 
56 13  -1 -1  0 -9 
56 14  -1 -1 -1 -3 -1 -5  0 -9 
56 18   1 -2  0 -9 
56 19   1 -4  1 -6  0 -9 
56 20  -1 -3  0 -9 
56 43  -1 -1  0 -9 
56 55  -1 -1  0 -9 
56 56   1  0  0 -9 
56 61   1 -2  0 -9 
56 62  -1 -1 -1 -3 -1 -5  0 -9 
56 72   1 -2  0 -9 
56 73  -1 -1  0 -9 
56 74  -1 -3  0 -9 
56 75   1 -2  0 -9 
56 81   1 -2  0 -9 
56 83  -1 -3  0 -9 
56 84   1 -4  1 -6  0 -9 
57 57  -1 -6  0 -9 
58 58  -1 -6  0 -9 
59 57  -1 -5  0 -9 
59 78   1 -3  0 -9 
60 62  -1 -5  0 -9 
60 79   1 -3  0 -9 
60 84   1 -6  0 -9 
61 61  -1 -6  0 -9 
61 74   1 -7  0 -9 
62 62  -1 -6  0 -9 
62 84   1 -7  0 -9 
63  9  -1 -5  0 -9 
63 39   1 -3  0 -9 
64  9  -1 -3  0 -9 
64 10  -1 -1  0 -9 
64 15   1 -2  0 -9 
64 40  -1 -1  0 -9 
64 53   1 -2  0 -9 
64 57  -1 -3  0 -9 
64 64   1  0  0 -9 
64 70  -1 -1  0 -9 
64 76   1 -2  0 -9 
65  9   1 -2 -1 -4  0 -9 
65 11  -1 -1  0 -9 
65 16   1 -2  0 -9 
65 39   1 -2  0 -9 
65 41  -1 -1  0 -9 
65 54   1 -2  0 -9 
65 58  -1 -3  0 -9 
65 63  -1 -1  0 -9 
65 65   1  0  0 -9 
65 71  -1 -1  0 -9 
65 77   1 -2  0 -9 
66 12  -1 -1  0 -9 
66 14   1 -2 -1 -4  0 -9 
66 17   1 -2  0 -9 
66 19   1 -5  0 -9 
66 42  -1 -1  0 -9 
66 55   1 -2  0 -9 
66 61  -1 -3  0 -9 
66 66   1  0  0 -9 
66 68  -1 -1  0 -9 
66 69   1 -2  0 -9 
66 72  -1 -1  0 -9 
66 80   1 -2  0 -9 
66 82  -1 -3  0 -9 
67 13  -1 -1  0 -9 
67 14  -1 -3  0 -9 
67 18   1 -2  0 -9 
67 19   1 -4  0 -9 
67 20  -1 -3  0 -9 
67 43  -1 -1  0 -9 
67 62  -1 -3  0 -9 
67 67   1  0  0 -9 
67 73  -1 -1  0 -9 
67 74  -1 -3  0 -9 
67 75   1 -2  0 -9 
67 81   1 -2  0 -9 
67 83  -1 -3  0 -9 
67 84   1 -4  0 -9 
68 14  -1 -5  0 -9 
68 19   1 -6  0 -9 
68 69   1 -3  0 -9 
68 82  -1 -4  0 -9 
69 14  -1 -4  0 -9 
69 68   1 -3  0 -9 
69 74   1 -6  0 -9 
69 82  -1 -5  0 -9 
70  9  -1 -4  0 -9 
70 53   1 -3  0 -9 
70 57  -1 -4  0 -9 
71 54   1 -3  0 -9 
71 58  -1 -4  0 -9 
72 55   1 -3  0 -9 
72 61  -1 -4  0 -9 
73 14  -1 -4  0 -9 
73 19   1 -5  0 -9 
73 20  -1 -4  0 -9 
73 62  -1 -4  0 -9 
73 74  -1 -4  0 -9 
73 75   1 -3  0 -9 
73 83  -1 -4  0 -9 
73 84   1 -5  0 -9 
74 74   1 -8  0 -9 
75 14  -1 -5  0 -9 
75 19   1 -6  0 -9 
75 20  -1 -5  0 -9 
75 62  -1 -5  0 -9 
75 73   1 -3  0 -9 
75 74   1 -7  0 -9 
75 83  -1 -5  0 -9 
75 84   1 -6  0 -9 
76 40   1 -3  0 -9 
76 57  -1 -5  0 -9 
77 41   1 -3  0 -9 
77 58  -1 -5  0 -9 
78 57  -1 -4  0 -9 
78 59   1 -3  0 -9 
79 60   1 -3  0 -9 
79 62  -1 -4  0 -9 
80 42   1 -3  0 -9 
80 61  -1 -5  0 -9 
80 74   1 -6  0 -9 
80 82  -1 -5  0 -9 
81 43   1 -3  0 -9 
81 62  -1 -5  0 -9 
81 83  -1 -5  0 -9 
81 84   1 -6  0 -9 
82 74   1 -7  0 -9 
82 82  -1 -6  0 -9 
83 83  -1 -6  0 -9 
83 84   1 -7  0 -9 
84 84   1 -8  0 -9 
85  9   1 -2  0 -9 
85 39   1 -2  0 -9 
85 63  -1 -1  0 -9 
85 85   1  0  0 -9 
86 10  -1  0  0 -9 
86 40  -1  0  0 -9 
86 53   1 -1  0 -9 
86 64   1  1  0 -9 
86 70  -1  0  0 -9 
86 86  -1  2  0 -9 
86 92   1  1  0 -9 
87  9   1 -1  0 -9 
87 11  -1  0  0 -9 
87 39   1 -1  0 -9 
87 41  -1  0  0 -9 
87 54   1 -1  0 -9 
87 63  -1  0  0 -9 
87 65   1  1  0 -9 
87 71  -1  0  0 -9 
87 85   1  1  0 -9 
87 87  -1  2  0 -9 
87 93   1  1  0 -9 
88 12  -1  0  0 -9 
88 14   1 -1  0 -9 
88 42  -1  0  0 -9 
88 55   1 -1  0 -9 
88 66   1  1  0 -9 
88 68  -1  0  0 -9 
88 69   1 -1  0 -9 
88 72  -1  0  0 -9 
88 74  -1 -3  0 -9 
88 88  -1  2  0 -9 
88 90   1  1  0 -9 
88 91  -1  0  0 -9 
88 94   1  1  0 -9 
88 96   1 -2  0 -9 
89 13  -1  0  0 -9 
89 43  -1  0  0 -9 
89 67   1  1  0 -9 
89 73  -1  0  0 -9 
89 74  -1 -2  0 -9 
89 75   1 -1  0 -9 
89 89  -1  2  0 -9 
89 95   1  1  0 -9 
89 96   1 -1  0 -9 
89 97  -1  0  0 -9 
90 14   1 -2  0 -9 
90 19  -1 -3  0 -9 
90 68  -1 -1  0 -9 
90 69   1 -2  0 -9 
90 82  -1 -3  0 -9 
90 90   1  0  0 -9 
90 91  -1 -1  0 -9 
90 98   1 -2  0 -9 
91 19  -1 -4  0 -9 
91 74   1 -5  0 -9 
91 82  -1 -4  0 -9 
91 96  -1 -4  0 -9 
91 98   1 -3  0 -9 
92 53   1 -2  0 -9 
92 70  -1 -1  0 -9 
92 92   1  0  0 -9 
93 54   1 -2  0 -9 
93 71  -1 -1  0 -9 
93 93   1  0  0 -9 
94 55   1 -2  0 -9 
94 72  -1 -1  0 -9 
94 74  -1 -4  0 -9 
94 94   1  0  0 -9 
94 96   1 -3  0 -9 
95 20  -1 -3  0 -9 
95 73  -1 -1  0 -9 
95 74  -1 -3  0 -9 
95 75   1 -2  0 -9 
95 83  -1 -3  0 -9 
95 95   1  0  0 -9 
95 96   1 -2  0 -9 
95 97  -1 -1  0 -9 
95 99   1 -2  0 -9 
96 74   1 -7  0 -9 
96 96  -1 -6  0 -9 
97 20  -1 -4  0 -9 
97 74   1 -6  0 -9 
97 83  -1 -4  0 -9 
97 96  -1 -5  0 -9 
97 99   1 -3  0 -9 
98 19   1 -7  0 -9 
98 74   1 -6  0 -9 
98 82  -1 -5  0 -9 
98 91   1 -3  0 -9 
98 96  -1 -5  0 -9 
99 19   1 -6  0 -9 
99 20  -1 -5  0 -9 
99 83  -1 -5  0 -9 
99 84   1 -6  0 -9 
99 96  -1 -4  0 -9 
99 97   1 -3  0 -9 
100  9   1 -1  0 -9 
100 63  -1  0  0 -9 
100 85   1  1  0 -9 
100 100  -1  2  0 -9 
101 57   1 -1  0 -9 
101 76  -1  0  0 -9 
101 101  -1  2  0 -9 
101 106   1  1  0 -9 
102 58   1 -1  0 -9 
102 77  -1  0  0 -9 
102 102  -1  2  0 -9 
102 107   1  1  0 -9 
103 61   1 -1  0 -9 
103 74  -1 -2  0 -9 
103 80  -1  0  0 -9 
103 82   1 -1  0 -9 
103 96   1 -1  0 -9 
103 103  -1  2  0 -9 
103 110   1  1  0 -9 
103 112  -1  0  0 -9 
104 62   1 -1  0 -9 
104 81  -1  0  0 -9 
104 83   1 -1  0 -9 
104 84  -1 -2  0 -9 
104 104  -1  2  0 -9 
104 111   1  1  0 -9 
104 113  -1  0  0 -9 
104 114   1 -1  0 -9 
105 14   1 -1  0 -9 
105 19  -1 -2  0 -9 
105 68  -1  0  0 -9 
105 90   1  1  0 -9 
105 91  -1  0  0 -9 
105 98   1 -1  0 -9 
105 105  -1  2  0 -9 
105 115   1  1  0 -9 
105 116  -1  0  0 -9 
106 40   1 -2  0 -9 
106 57   1 -2  0 -9 
106 76  -1 -1  0 -9 
106 106   1  0  0 -9 
107 41   1 -2  0 -9 
107 58   1 -2  0 -9 
107 77  -1 -1  0 -9 
107 107   1  0  0 -9 
108 59   1 -2  0 -9 
108 78  -1 -1  0 -9 
108 108   1  0  0 -9 
109 60   1 -2  0 -9 
109 79  -1 -1  0 -9 
109 84  -1 -4  0 -9 
109 109   1  0  0 -9 
109 114   1 -3  0 -9 
110 42   1 -2  0 -9 
110 61   1 -2  0 -9 
110 74  -1 -3  0 -9 
110 80  -1 -1  0 -9 
110 82   1 -2 -1 -4  0 -9 
110 96   1 -2  0 -9 
110 110   1  0  0 -9 
110 112  -1 -1  0 -9 
110 116   1 -2  0 -9 
111 43   1 -2  0 -9 
111 62   1 -2  0 -9 
111 81  -1 -1  0 -9 
111 83   1 -2 -1 -4  0 -9 
111 84  -1 -3  0 -9 
111 111   1  0  0 -9 
111 113  -1 -1  0 -9 
111 114   1 -2  0 -9 
111 117   1 -2  0 -9 
112 74   1 -6  0 -9 
112 82  -1 -5  0 -9 
112 96  -1 -5  0 -9 
112 116   1 -3  0 -9 
113 83  -1 -5  0 -9 
113 84   1 -6  0 -9 
113 114  -1 -5  0 -9 
113 117   1 -3  0 -9 
114 84   1 -7  0 -9 
114 114  -1 -6  0 -9 
115 19  -1 -3  0 -9 
115 74   1 -4  0 -9 
115 82  -1 -3  0 -9 
115 91  -1 -1  0 -9 
115 96  -1 -3  0 -9 
115 98   1 -2  0 -9 
115 112   1 -2  0 -9 
115 115   1  0  0 -9 
115 116  -1 -1  0 -9 
116 74   1 -5  0 -9 
116 82  -1 -4  0 -9 
116 96  -1 -4  0 -9 
116 112   1 -3  0 -9 
117 83  -1 -4  0 -9 
117 84   1 -5  0 -9 
117 113   1 -3  0 -9 
117 114  -1 -4  0 -9 
118  9   1 -3  0 -9 
118 118   1  0  0 -9 
119  9   1 -1  0 -9 
119 15  -1  0  0 -9 
119 119  -1  2  0 -9 
119 125   1  1  0 -9 
120  9   1 -2  0 -9 
120 16  -1  0  0 -9 
120 118   1  1  0 -9 
120 120  -1  2  0 -9 
120 126   1  1  0 -9 
121 14   1 -2  0 -9 
121 17  -1  0  0 -9 
121 19  -1 -3  0 -9 
121 121  -1  2  0 -9 
121 123   1  1  0 -9 
121 124  -1  0  0 -9 
121 127   1  1  0 -9 
121 129   1 -2  0 -9 
122 14   1 -1  0 -9 
122 18  -1  0  0 -9 
122 19  -1 -2  0 -9 
122 20   1 -1  0 -9 
122 122  -1  2  0 -9 
122 128   1  1  0 -9 
122 129   1 -1  0 -9 
122 130  -1  0  0 -9 
123 14   1 -3  0 -9 
123 19  -1 -4  0 -9 
123 123   1  0  0 -9 
123 124  -1 -1  0 -9 
123 131   1 -2  0 -9 
124 129  -1 -4  0 -9 
124 131   1 -3  0 -9 
125  9   1 -2  0 -9 
125 10   1 -2  0 -9 
125 15  -1 -1  0 -9 
125 125   1  0  0 -9 
126 11   1 -2  0 -9 
126 16  -1 -1  0 -9 
126 126   1  0  0 -9 
127 12   1 -2  0 -9 
127 17  -1 -1  0 -9 
127 19  -1 -4  0 -9 
127 127   1  0  0 -9 
127 129   1 -3  0 -9 
128 13   1 -2  0 -9 
128 14   1 -2  0 -9 
128 18  -1 -1  0 -9 
128 19  -1 -3  0 -9 
128 20   1 -2 -1 -4  0 -9 
128 128   1  0  0 -9 
128 129   1 -2  0 -9 
128 130  -1 -1  0 -9 
128 132   1 -2  0 -9 
129 19   1 -7  0 -9 
129 129  -1 -6  0 -9 
130 19   1 -6  0 -9 
130 20  -1 -5  0 -9 
130 129  -1 -5  0 -9 
130 132   1 -3  0 -9 
131 19   1 -6  0 -9 
131 124   1 -3  0 -9 
131 129  -1 -5  0 -9 
132 19   1 -5  0 -9 
132 20  -1 -4  0 -9 
132 129  -1 -4  0 -9 
132 130   1 -3  0 -9 
133 19  -1 -2  0 -9 
133 74   1 -3  0 -9 
133 82  -1 -2  0 -9 
133 91  -1  0  0 -9 
133 96  -1  0 -1 -2  0 -9 
133 98   1 -1  0 -9 
133 112   1 -1  0 -9 
133 115   1  1  0 -9 
133 116  -1  0  0 -9 
133 129   1 -1  0 -9 
133 131  -1  0  0 -9 
133 133  -1  2  0 -9 
133 134   1  1  0 -9 
134 19  -1 -3  0 -9 
134 74   1 -4  1 -6  0 -9 
134 82  -1 -3  0 -9 
134 91  -1 -1  0 -9 
134 96  -1 -1 -1 -3 -1 -5  0 -9 
134 98   1 -2  0 -9 
134 112   1 -2  0 -9 
134 116  -1 -1  0 -9 
134 124   1 -2  0 -9 
134 129   1 -2  0 -9 
134 131  -1 -1  0 -9 
134 134   1  0  0 -9 
135 20  -1 -3  0 -9 
135 74   1 -5  0 -9 
135 83  -1 -3  0 -9 
135 96  -1 -4  0 -9 
135 97  -1 -1  0 -9 
135 99   1 -2  0 -9 
135 113   1 -2  0 -9 
135 117  -1 -1  0 -9 
135 130   1 -2  0 -9 
135 132  -1 -1  0 -9 
135 135   1  0  0 -9 
136  9   1 -2  0 -9 
136 57   1 -2  0 -9 
136 70  -1  0  0 -9 
136 92   1  1  0 -9 
136 118   1  1  0 -9 
136 136  -1  2  0 -9 
136 140   1  1  0 -9 
137 58   1 -2  0 -9 
137 71  -1  0  0 -9 
137 93   1  1  0 -9 
137 137  -1  2  0 -9 
137 141   1  1  0 -9 
138 61   1 -2  0 -9 
138 72  -1  0  0 -9 
138 74  -1 -3  0 -9 
138 94   1  1  0 -9 
138 96   1 -2  0 -9 
138 138  -1  2  0 -9 
138 144   1  1  0 -9 
138 146  -1  0  0 -9 
139 14   1 -2  0 -9 
139 19  -1 -3  0 -9 
139 62   1 -2  0 -9 
139 73  -1  0  0 -9 
139 84  -1 -3  0 -9 
139 95   1  1  0 -9 
139 96   1 -1  0 -9 
139 97  -1  0  0 -9 
139 99   1 -1  0 -9 
139 117  -1  0  0 -9 
139 123   1  1  0 -9 
139 124  -1  0  0 -9 
139 131   1 -1  0 -9 
139 132  -1  0  0 -9 
139 139  -1  2  0 -9 
139 145   1  1  0 -9 
139 147  -1  0  0 -9 
139 148  -1  0  0 -9 
139 149   1  1  0 -9 
139 150   1 -1  0 -9 
140 57   1 -3  0 -9 
140 140   1  0  0 -9 
141 58   1 -3  0 -9 
141 141   1  0  0 -9 
142 57   1 -2  0 -9 
142 78  -1  0  0 -9 
142 108   1  1  0 -9 
142 140   1  1  0 -9 
142 142  -1  2  0 -9 
143 62   1 -2  0 -9 
143 79  -1  0  0 -9 
143 84  -1 -3  0 -9 
143 109   1  1  0 -9 
143 114   1 -2  0 -9 
143 143  -1  2  0 -9 
143 145   1  1  0 -9 
143 147  -1  0  0 -9 
144 61   1 -3  0 -9 
144 74  -1 -4  0 -9 
144 144   1  0  0 -9 
144 146  -1 -1  0 -9 
144 148   1 -2  0 -9 
145 62   1 -3  0 -9 
145 84  -1 -4  0 -9 
145 145   1  0  0 -9 
145 147  -1 -1  0 -9 
145 150   1 -2  0 -9 
146 96  -1 -4  0 -9 
146 148   1 -3  0 -9 
147 114  -1 -4  0 -9 
147 150   1 -3  0 -9 
148 74   1 -6  0 -9 
148 96  -1 -5  0 -9 
148 146   1 -3  0 -9 
149 20  -1 -3  0 -9 
149 74   1 -5  0 -9 
149 83  -1 -3  0 -9 
149 96   1 -2 -1 -4  0 -9 
149 97  -1 -1  0 -9 
149 99   1 -2  0 -9 
149 113   1 -2  0 -9 
149 114  -1 -3  0 -9 
149 117  -1 -1  0 -9 
149 124  -1 -1  0 -9 
149 129  -1 -3  0 -9 
149 130   1 -2  0 -9 
149 131   1 -2  0 -9 
149 132  -1 -1  0 -9 
149 146   1 -2  0 -9 
149 147  -1 -1  0 -9 
149 148  -1 -1  0 -9 
149 149   1  0  0 -9 
149 150   1 -2  0 -9 
150 84   1 -6  0 -9 
150 114  -1 -5  0 -9 
150 147   1 -3  0 -9 
151 74   1 -5  0 -9 
151 96  -1 -4  0 -9 
151 146   1 -2  0 -9 
151 148  -1 -1  0 -9 
151 151   1  0  0 -9 
152 20  -1 -2  0 -9 
152 74   1 -4  0 -9 
152 83  -1 -2  0 -9 
152 96  -1 -3  0 -9 
152 97  -1  0  0 -9 
152 99   1 -1  0 -9 
152 113   1 -1  0 -9 
152 117  -1  0  0 -9 
152 124  -1  0  0 -9 
152 130   1 -1  0 -9 
152 132  -1  0  0 -9 
152 135   1  1  0 -9 
152 146   1 -1  0 -9 
152 147  -1  0  0 -9 
152 148  -1  0  0 -9 
152 149   1  1  0 -9 
152 151   1  1  0 -9 
152 152  -1  2  0 -9 
153 74   1 -4  0 -9 
153 82  -1 -3  0 -9 
153 96  -1 -3  0 -9 
153 112   1 -2  0 -9 
153 116   1  1  0 -9 
153 148  -1  0  0 -9 
153 151   1  1  0 -9 
153 153  -1  2  0 -9 
154 83  -1 -3  0 -9 
154 84   1 -4  0 -9 
154 113   1 -2  0 -9 
154 114  -1 -3  0 -9 
154 117   1  1  0 -9 
154 150  -1  0  0 -9 
154 154  -1  2  0 -9 
154 155   1  1  0 -9 
155 84   1 -5  0 -9 
155 114  -1 -4  0 -9 
155 147   1 -2  0 -9 
155 150  -1 -1  0 -9 
155 155   1  0  0 -9 
9999 9999
