 0  0  -1  2  0 -9 
 0  1  -1  0  0 -9 
 0  3  -1  0  0 -9 
 0  5   1  1  0 -9 
 0  9  -1  0 -1 -2  0 -9 
 0 13   1 -1  0 -9 
 0 21   1  1  0 -9 
 0 26  -1  0  0 -9 
 0 30   1 -1  0 -9 
 0 36  -1 -2  0 -9 
 0 45   1 -1  0 -9 
 0 49  -1 -2  0 -9 
 0 55   1 -3  0 -9 
 1  9  -1 -4  0 -9 
 1 45   1 -3  0 -9 
 1 49  -1 -4  0 -9 
 1 55   1 -5  0 -9 
 2  1   1  1  0 -9 
 2  2  -1  2  0 -9 
 2  6   1  1  0 -9 
 2  9  -1 -3  0 -9 
 2 10  -1  0  0 -9 
 2 14   1 -1  0 -9 
 2 22   1  1  0 -9 
 2 23  -1  0  0 -9 
 2 27  -1  0  0 -9 
 2 31   1 -1  0 -9 
 2 37  -1 -2  0 -9 
 2 45   1 -2  0 -9 
 2 49  -1 -3  0 -9 
 2 55   1 -4  0 -9 
 3 13  -1 -5  0 -9 
 3 24   1 -3  0 -9 
 3 36   1 -6  0 -9 
 4 15  -1 -5  0 -9 
 4 25   1 -3  0 -9 
 4 38   1 -6  0 -9 
 5  1  -1 -1  0 -9 
 5  3  -1 -1  0 -9 
 5  5   1  0  0 -9 
 5  9  -1 -1 -1 -3 -1 -5  0 -9 
 5 13   1 -2  0 -9 
 5 24   1 -2  0 -9 
 5 26  -1 -1  0 -9 
 5 30   1 -2  0 -9 
 5 36  -1 -3  0 -9 
 5 45   1 -2  0 -9 
 5 49  -1 -3  0 -9 
 5 55   1 -4  1 -6  0 -9 
 6  6   1  0  0 -9 
 6  9  -1 -4  0 -9 
 6 10  -1 -1  0 -9 
 6 14   1 -2  0 -9 
 6 27  -1 -1  0 -9 
 6 31   1 -2  0 -9 
 6 37  -1 -3  0 -9 
 6 46   1 -2  0 -9 
 6 50  -1 -3  0 -9 
 6 55   1 -5  0 -9 
 7  4  -1 -1  0 -9 
 7  7   1  0  0 -9 
 7 11  -1 -1  0 -9 
 7 15  -1 -4  0 -9 
 7 16   1 -3  0 -9 
 7 18  -1 -4  0 -9 
 7 25   1 -2  0 -9 
 7 28  -1 -1  0 -9 
 7 32   1 -2  0 -9 
 7 38   1 -5  0 -9 
 7 39  -1 -4  0 -9 
 7 47   1 -2  0 -9 
 7 51  -1 -3  0 -9 
 7 56   1 -5  0 -9 
 8  8   1  0  0 -9 
 8 12  -1 -1  0 -9 
 8 14   1 -3  0 -9 
 8 17   1 -3  0 -9 
 8 19  -1 -4  0 -9 
 8 29  -1 -1  0 -9 
 8 33   1 -2  0 -9 
 8 37  -1 -4  0 -9 
 8 40  -1 -4  0 -9 
 8 48   1 -2  0 -9 
 8 52  -1 -3  0 -9 
 8 57   1 -5  0 -9 
 9  9  -1 -6  0 -9 
 9 55   1 -7  0 -9 
10  9  -1 -5  0 -9 
10 14  -1 -5  0 -9 
10 37   1 -6  0 -9 
10 46   1 -3  0 -9 
10 50  -1 -4  0 -9 
10 55   1 -6  0 -9 
11 18  -1 -5  0 -9 
11 47   1 -3  0 -9 
11 51  -1 -4  0 -9 
11 56   1 -6  0 -9 
12 19  -1 -5  0 -9 
12 48   1 -3  0 -9 
12 52  -1 -4  0 -9 
12 57   1 -6  0 -9 
13 13  -1 -6  0 -9 
13 36   1 -7  0 -9 
14 14  -1 -6  0 -9 
14 37   1 -7  0 -9 
15 15  -1 -6  0 -9 
15 38   1 -7  0 -9 
16 16  -1 -6  0 -9 
16 39   1 -7  0 -9 
17 17  -1 -6  0 -9 
17 40   1 -7  0 -9 
18 18  -1 -6  0 -9 
18 56   1 -7  0 -9 
19 19  -1 -6  0 -9 
19 57   1 -7  0 -9 
20 20  -1 -6  0 -9 
20 58   1 -7  0 -9 
21  1  -1 -1  0 -9 
21  9  -1 -3  0 -9 
21 21   1  0  0 -9 
21 26  -1 -1  0 -9 
21 30   1 -2  0 -9 
21 36  -1 -3  0 -9 
21 45   1 -2  0 -9 
21 49  -1 -3  0 -9 
21 55   1 -4  0 -9 
22 22   1  0  0 -9 
22 23  -1 -1  0 -9 
22 27  -1 -1  0 -9 
22 31   1 -2  0 -9 
22 34  -1 -3  0 -9 
22 37  -1 -3  0 -9 
22 50  -1 -3  0 -9 
22 53   1 -2  0 -9 
22 59   1 -4  0 -9 
23 34  -1 -4  0 -9 
23 50  -1 -4  0 -9 
23 53   1 -3  0 -9 
23 59   1 -5  0 -9 
24  3   1 -3  0 -9 
24 13  -1 -4  0 -9 
25  4   1 -3  0 -9 
25 15  -1 -4  0 -9 
26  9  -1 -4  0 -9 
26 30   1 -3  0 -9 
26 36  -1 -4  0 -9 
26 49  -1 -4  0 -9 
26 55   1 -5  0 -9 
27 31   1 -3  0 -9 
27 34  -1 -4  0 -9 
27 37  -1 -4  0 -9 
27 50  -1 -4  0 -9 
27 59   1 -5  0 -9 
28 32   1 -3  0 -9 
28 41  -1 -4  0 -9 
28 51  -1 -4  0 -9 
28 60   1 -5  0 -9 
29 33   1 -3  0 -9 
29 42  -1 -4  0 -9 
29 52  -1 -4  0 -9 
29 61   1 -5  0 -9 
30  9  -1 -5  0 -9 
30 26   1 -3  0 -9 
30 36   1 -7  0 -9 
30 49  -1 -5  0 -9 
30 55   1 -6  0 -9 
31 27   1 -3  0 -9 
31 34  -1 -5  0 -9 
31 37   1 -7  0 -9 
31 50  -1 -5  0 -9 
31 59   1 -6  0 -9 
32 28   1 -3  0 -9 
32 39   1 -6  0 -9 
32 41  -1 -5  0 -9 
32 51  -1 -5  0 -9 
32 60   1 -6  0 -9 
33 29   1 -3  0 -9 
33 37   1 -6  0 -9 
33 40   1 -6  0 -9 
33 42  -1 -5  0 -9 
33 52  -1 -5  0 -9 
33 61   1 -6  0 -9 
34 34  -1 -6  0 -9 
34 59   1 -7  0 -9 
35 43  -1 -5  0 -9 
35 52  -1 -4  0 -9 
35 54   1 -3  0 -9 
35 62   1 -6  0 -9 
36 36   1 -8  0 -9 
37 37   1 -8  0 -9 
38 38   1 -8  0 -9 
39 39   1 -8  0 -9 
40 40   1 -8  0 -9 
41 39   1 -7  0 -9 
41 41  -1 -6  0 -9 
41 60   1 -7  0 -9 
42 37   1 -7  0 -9 
42 40   1 -7  0 -9 
42 42  -1 -6  0 -9 
42 61   1 -7  0 -9 
43 43  -1 -6  0 -9 
43 62   1 -7  0 -9 
44 40   1 -7  0 -9 
44 44  -1 -6  0 -9 
44 63   1 -7  0 -9 
45  1   1 -3  0 -9 
45  9  -1 -5  0 -9 
45 49  -1 -5  0 -9 
45 55   1 -6  0 -9 
46  9  -1 -4  0 -9 
46 10   1 -3  0 -9 
46 14  -1 -4  0 -9 
46 50  -1 -5  0 -9 
46 59   1 -6  0 -9 
47 11   1 -3  0 -9 
47 18  -1 -4  0 -9 
47 51  -1 -5  0 -9 
47 60   1 -6  0 -9 
48 12   1 -3  0 -9 
48 19  -1 -4  0 -9 
48 52  -1 -5  0 -9 
48 61   1 -6  0 -9 
49 49  -1 -6  0 -9 
49 55   1 -7  0 -9 
50 50  -1 -6  0 -9 
50 59   1 -7  0 -9 
51 51  -1 -6  0 -9 
51 60   1 -7  0 -9 
52 52  -1 -6  0 -9 
52 61   1 -7  0 -9 
53 23   1 -3  0 -9 
53 34  -1 -5  0 -9 
53 50  -1 -5  0 -9 
53 59   1 -6  0 -9 
54 35   1 -3  0 -9 
54 43  -1 -4  0 -9 
54 52  -1 -5  0 -9 
54 61   1 -6  0 -9 
55 55   1 -8  0 -9 
56 56   1 -8  0 -9 
57 57   1 -8  0 -9 
58 58   1 -8  0 -9 
59 59   1 -8  0 -9 
60 60   1 -8  0 -9 
61 61   1 -8  0 -9 
62 62   1 -8  0 -9 
63 63   1 -8  0 -9 
64 13  -1 -4  0 -9 
64 36   1 -5  0 -9 
64 70  -1 -4  0 -9 
64 90   1 -3  0 -9 
64 98  -1 -4  0 -9 
64 107   1 -5  0 -9 
65 15  -1 -4  0 -9 
65 38   1 -5  0 -9 
65 72  -1 -4  0 -9 
65 92   1 -3  0 -9 
65 100  -1 -4  0 -9 
65 116   1 -5  0 -9 
66  9  -1 -4  0 -9 
66 55   1 -5  0 -9 
66 64  -1 -1  0 -9 
66 66   1  0  0 -9 
66 80  -1 -1  0 -9 
66 84   1 -2  0 -9 
66 90   1 -2  0 -9 
66 98  -1 -3  0 -9 
67  6   1  1  0 -9 
67  9  -1 -3  0 -9 
67 10  -1  0  0 -9 
67 14   1 -1  0 -9 
67 24  -1  0  0 -9 
67 27  -1  0  0 -9 
67 31   1 -1  0 -9 
67 37  -1 -2  0 -9 
67 46   1 -1  0 -9 
67 50  -1 -2  0 -9 
67 55   1 -4  0 -9 
67 64  -1  0  0 -9 
67 66   1  1  0 -9 
67 67  -1  2  0 -9 
67 80  -1  0  0 -9 
67 81   1  1  0 -9 
67 84   1 -1  0 -9 
67 85  -1  0  0 -9 
67 90   1 -1  0 -9 
67 91  -1  0  0 -9 
67 98  -1 -2  0 -9 
67 99   1 -1  0 -9 
68  4  -1  0  0 -9 
68  7   1  1  0 -9 
68 11  -1  0  0 -9 
68 15  -1 -3  0 -9 
68 16   1 -2  0 -9 
68 18  -1 -3  0 -9 
68 28  -1  0  0 -9 
68 32   1 -1  0 -9 
68 38   1 -4  0 -9 
68 39  -1 -3  0 -9 
68 47   1 -1  0 -9 
68 51  -1 -2  0 -9 
68 56   1 -4  0 -9 
68 65   1  1  0 -9 
68 68  -1  2  0 -9 
68 72  -1 -3  0 -9 
68 73  -1  0  0 -9 
68 75   1  1  0 -9 
68 78   1 -1  0 -9 
68 82   1  1  0 -9 
68 86  -1  0  0 -9 
68 92   1 -2  0 -9 
68 95  -1  0  0 -9 
68 100  -1 -3  0 -9 
68 108   1 -1  0 -9 
68 116   1 -4  0 -9 
68 117  -1 -2  0 -9 
69  8   1  1  0 -9 
69 12  -1  0  0 -9 
69 14   1 -2  0 -9 
69 17   1 -2  0 -9 
69 19  -1 -3  0 -9 
69 25  -1  0  0 -9 
69 29  -1  0  0 -9 
69 33   1 -1  0 -9 
69 37  -1 -3  0 -9 
69 40  -1 -3  0 -9 
69 48   1 -1  0 -9 
69 52  -1 -2  0 -9 
69 57   1 -4  0 -9 
69 65  -1  0  0 -9 
69 69  -1  2  0 -9 
69 70   1 -1  0 -9 
69 71  -1  0  0 -9 
69 72  -1  0 -1 -2  0 -9 
69 74  -1  0  0 -9 
69 76   1  1  0 -9 
69 79   1 -1  0 -9 
69 83   1  1  0 -9 
69 87  -1  0  0 -9 
69 92   1 -1  0 -9 
69 96  -1  0  0 -9 
69 100  -1 -2  0 -9 
69 107  -1 -2  0 -9 
69 109   1 -1  0 -9 
69 116   1 -3  0 -9 
69 118  -1 -2  0 -9 
70 70  -1 -6  0 -9 
70 107   1 -7  0 -9 
71 14  -1 -4  0 -9 
71 37   1 -5  0 -9 
71 70  -1 -5  0 -9 
71 91   1 -3  0 -9 
71 99  -1 -4  0 -9 
71 107   1 -6  0 -9 
72 72  -1 -6  0 -9 
72 116   1 -7  0 -9 
73 16  -1 -4  0 -9 
73 39   1 -5  0 -9 
73 72  -1 -5  0 -9 
73 78  -1 -5  0 -9 
73 93   1 -3  0 -9 
73 101  -1 -4  0 -9 
73 116   1 -6  0 -9 
73 117   1 -6  0 -9 
74 17  -1 -4  0 -9 
74 40   1 -5  0 -9 
74 79  -1 -5  0 -9 
74 94   1 -3  0 -9 
74 102  -1 -4  0 -9 
74 118   1 -6  0 -9 
75 18  -1 -4  0 -9 
75 56   1 -5  0 -9 
75 72  -1 -4  0 -9 
75 73  -1 -1  0 -9 
75 75   1  0  0 -9 
75 78   1 -2  0 -9 
75 93   1 -2  0 -9 
75 95  -1 -1  0 -9 
75 101  -1 -3  0 -9 
75 108   1 -2  0 -9 
75 116   1 -5  0 -9 
75 117  -1 -3  0 -9 
76 19  -1 -4  0 -9 
76 57   1 -5  0 -9 
76 65  -1 -1  0 -9 
76 70   1 -2  0 -9 
76 71  -1 -1  0 -9 
76 72  -1 -1 -1 -3 -1 -5  0 -9 
76 74  -1 -1  0 -9 
76 76   1  0  0 -9 
76 79   1 -2  0 -9 
76 91   1 -2  0 -9 
76 92   1 -2  0 -9 
76 94   1 -2  0 -9 
76 96  -1 -1  0 -9 
76 99  -1 -3  0 -9 
76 100  -1 -3  0 -9 
76 102  -1 -3  0 -9 
76 107  -1 -3  0 -9 
76 109   1 -2  0 -9 
76 116   1 -4  1 -6  0 -9 
76 118  -1 -3  0 -9 
77 20  -1 -4  0 -9 
77 58   1 -5  0 -9 
77 74  -1 -1  0 -9 
77 77   1  0  0 -9 
77 78   1 -3  0 -9 
77 79  -1 -4  0 -9 
77 94   1 -2  0 -9 
77 97  -1 -1  0 -9 
77 102  -1 -3  0 -9 
77 110   1 -2  0 -9 
77 117  -1 -4  0 -9 
77 118   1 -5  0 -9 
78 78  -1 -6  0 -9 
78 117   1 -7  0 -9 
79 79  -1 -6  0 -9 
79 118   1 -7  0 -9 
80  9  -1 -5  0 -9 
80 55   1 -6  0 -9 
80 84   1 -3  0 -9 
80 98  -1 -4  0 -9 
81  3   1 -2  0 -9 
81  9   1 -2 -1 -4  0 -9 
81 10  -1 -1  0 -9 
81 13  -1 -3  0 -9 
81 14   1 -2 -1 -4  0 -9 
81 24  -1 -1  0 -9 
81 27  -1 -1  0 -9 
81 31   1 -2  0 -9 
81 34  -1 -3  0 -9 
81 37  -1 -3  1 -5  0 -9 
81 46   1 -2  0 -9 
81 50  -1 -3  0 -9 
81 55   1 -5  0 -9 
81 64  -1 -1  0 -9 
81 70  -1 -3  0 -9 
81 71   1 -2  0 -9 
81 80  -1 -1  0 -9 
81 81   1  0  0 -9 
81 84   1 -2  0 -9 
81 85  -1 -1  0 -9 
81 88   1 -2  0 -9 
81 90   1 -2  0 -9 
81 91  -1 -1  0 -9 
81 98  -1 -3  0 -9 
81 99   1 -2 -1 -4  0 -9 
81 111   1 -5  0 -9 
82 11  -1 -1  0 -9 
82 18   1 -2 -1 -4  0 -9 
82 28  -1 -1  0 -9 
82 32   1 -2  0 -9 
82 41  -1 -3  0 -9 
82 47   1 -2  0 -9 
82 51  -1 -3  0 -9 
82 56   1 -5  0 -9 
82 82   1  0  0 -9 
82 86  -1 -1  0 -9 
82 95  -1 -1  0 -9 
82 101  -1 -3  0 -9 
82 103   1 -2  0 -9 
82 108   1 -2  0 -9 
82 112  -1 -3  0 -9 
82 117  -1 -3  0 -9 
82 119   1 -4  0 -9 
83  4   1 -2  0 -9 
83 12  -1 -1  0 -9 
83 15  -1 -3  0 -9 
83 19   1 -2 -1 -4  0 -9 
83 25  -1 -1  0 -9 
83 29  -1 -1  0 -9 
83 33   1 -2  0 -9 
83 42  -1 -3  0 -9 
83 48   1 -2  0 -9 
83 52  -1 -3  0 -9 
83 57   1 -5  0 -9 
83 65  -1 -1  0 -9 
83 72  -1 -3  0 -9 
83 83   1  0  0 -9 
83 87  -1 -1  0 -9 
83 92   1 -2  0 -9 
83 96  -1 -1  0 -9 
83 99  -1 -3  0 -9 
83 100  -1 -3  0 -9 
83 102  -1 -3  0 -9 
83 104   1 -2  0 -9 
83 107  -1 -3  0 -9 
83 109   1 -2  0 -9 
83 111   1 -4  0 -9 
83 113  -1 -3  0 -9 
83 116   1 -4  0 -9 
83 118  -1 -3  0 -9 
83 120   1 -4  0 -9 
84  9  -1 -4  0 -9 
84 36   1 -6  0 -9 
84 80   1 -3  0 -9 
84 98  -1 -5  0 -9 
84 107   1 -6  0 -9 
85 34  -1 -4  0 -9 
85 37   1 -6  0 -9 
85 88   1 -3  0 -9 
85 99  -1 -5  0 -9 
85 111   1 -6  0 -9 
86 39   1 -5  0 -9 
86 41  -1 -4  0 -9 
86 101  -1 -4  0 -9 
86 103   1 -3  0 -9 
86 112  -1 -4  0 -9 
86 119   1 -5  0 -9 
87 37   1 -5  0 -9 
87 40   1 -5  0 -9 
87 42  -1 -4  0 -9 
87 99  -1 -4  0 -9 
87 102  -1 -4  0 -9 
87 104   1 -3  0 -9 
87 111   1 -5  0 -9 
87 113  -1 -4  0 -9 
87 120   1 -5  0 -9 
88 34  -1 -5  0 -9 
88 59   1 -6  0 -9 
88 85   1 -3  0 -9 
88 99  -1 -4  0 -9 
89 29  -1 -1  0 -9 
89 33   1 -2  0 -9 
89 35  -1 -1  0 -9 
89 42  -1 -3  0 -9 
89 43   1 -2 -1 -4  0 -9 
89 52  -1 -3  0 -9 
89 54   1 -2  0 -9 
89 62   1 -5  0 -9 
89 87  -1 -1  0 -9 
89 89   1  0  0 -9 
89 99  -1 -3  0 -9 
89 102  -1 -3  0 -9 
89 104   1 -2  0 -9 
89 105  -1 -1  0 -9 
89 111   1 -4  0 -9 
89 113  -1 -3  0 -9 
89 114   1 -2  0 -9 
89 120   1 -4  0 -9 
89 121  -1 -3  0 -9 
90 13  -1 -5  0 -9 
90 36   1 -6  0 -9 
90 64   1 -3  0 -9 
90 70  -1 -5  0 -9 
90 98  -1 -5  0 -9 
90 107   1 -6  0 -9 
91 14  -1 -5  0 -9 
91 37   1 -6  0 -9 
91 70  -1 -4  0 -9 
91 71   1 -3  0 -9 
91 99  -1 -5  0 -9 
91 111   1 -6  0 -9 
92 15  -1 -5  0 -9 
92 38   1 -6  0 -9 
92 65   1 -3  0 -9 
92 72  -1 -5  0 -9 
92 100  -1 -5  0 -9 
92 116   1 -6  0 -9 
93 16  -1 -5  0 -9 
93 39   1 -6  0 -9 
93 72  -1 -4  0 -9 
93 73   1 -3  0 -9 
93 78  -1 -4  0 -9 
93 101  -1 -5  0 -9 
93 119   1 -6  0 -9 
94 17  -1 -5  0 -9 
94 40   1 -6  0 -9 
94 74   1 -3  0 -9 
94 79  -1 -4  0 -9 
94 102  -1 -5  0 -9 
94 120   1 -6  0 -9 
95 18  -1 -5  0 -9 
95 56   1 -6  0 -9 
95 101  -1 -4  0 -9 
95 108   1 -3  0 -9 
95 112  -1 -4  0 -9 
95 117  -1 -4  0 -9 
95 119   1 -5  0 -9 
96 19  -1 -5  0 -9 
96 57   1 -6  0 -9 
96 72  -1 -4  0 -9 
96 99  -1 -4  0 -9 
96 100  -1 -4  0 -9 
96 102  -1 -4  0 -9 
96 107  -1 -4  0 -9 
96 109   1 -3  0 -9 
96 111   1 -5  0 -9 
96 113  -1 -4  0 -9 
96 116   1 -5  0 -9 
96 118  -1 -4  0 -9 
96 120   1 -5  0 -9 
97 20  -1 -5  0 -9 
97 58   1 -6  0 -9 
97 102  -1 -4  0 -9 
97 110   1 -3  0 -9 
97 120   1 -5  0 -9 
97 122  -1 -4  0 -9 
98 36   1 -7  0 -9 
98 98  -1 -6  0 -9 
98 107   1 -7  0 -9 
99 37   1 -7  0 -9 
99 99  -1 -6  0 -9 
99 111   1 -7  0 -9 
100 38   1 -7  0 -9 
100 100  -1 -6  0 -9 
100 116   1 -7  0 -9 
101 39   1 -7  0 -9 
101 101  -1 -6  0 -9 
101 119   1 -7  0 -9 
102 40   1 -7  0 -9 
102 102  -1 -6  0 -9 
102 120   1 -7  0 -9 
103 39   1 -6  0 -9 
103 41  -1 -5  0 -9 
103 60   1 -6  0 -9 
103 86   1 -3  0 -9 
103 101  -1 -5  0 -9 
103 112  -1 -5  0 -9 
103 119   1 -6  0 -9 
104 37   1 -6  0 -9 
104 40   1 -6  0 -9 
104 42  -1 -5  0 -9 
104 61   1 -6  0 -9 
104 87   1 -3  0 -9 
104 99  -1 -5  0 -9 
104 102  -1 -5  0 -9 
104 111   1 -6  0 -9 
104 113  -1 -5  0 -9 
104 120   1 -6  0 -9 
105 43  -1 -5  0 -9 
105 62   1 -6  0 -9 
105 99  -1 -4  0 -9 
105 102  -1 -4  0 -9 
105 111   1 -5  0 -9 
105 113  -1 -4  0 -9 
105 114   1 -3  0 -9 
105 120   1 -5  0 -9 
105 121  -1 -4  0 -9 
106 40   1 -6  0 -9 
106 44  -1 -5  0 -9 
106 63   1 -6  0 -9 
106 102  -1 -5  0 -9 
106 115   1 -3  0 -9 
106 120   1 -6  0 -9 
106 123  -1 -4  0 -9 
107 107   1 -8  0 -9 
108 18  -1 -4  0 -9 
108 39   1 -6  0 -9 
108 95   1 -3  0 -9 
108 101  -1 -5  0 -9 
108 112  -1 -5  0 -9 
108 117   1 -7  0 -9 
108 119   1 -6  0 -9 
109 19  -1 -4  0 -9 
109 37   1 -6  0 -9 
109 38   1 -6  0 -9 
109 40   1 -6  0 -9 
109 72  -1 -5  0 -9 
109 96   1 -3  0 -9 
109 99  -1 -5  0 -9 
109 100  -1 -5  0 -9 
109 102  -1 -5  0 -9 
109 107   1 -7  0 -9 
109 111   1 -6  0 -9 
109 113  -1 -5  0 -9 
109 116   1 -6  0 -9 
109 118   1 -7  0 -9 
109 120   1 -6  0 -9 
110 20  -1 -4  0 -9 
110 40   1 -6  0 -9 
110 97   1 -3  0 -9 
110 102  -1 -5  0 -9 
110 117   1 -6  0 -9 
110 120   1 -6  0 -9 
110 122  -1 -5  0 -9 
111 111   1 -8  0 -9 
112 112  -1 -6  0 -9 
112 119   1 -7  0 -9 
113 111   1 -7  0 -9 
113 113  -1 -6  0 -9 
113 120   1 -7  0 -9 
114 37   1 -6  0 -9 
114 40   1 -6  0 -9 
114 43  -1 -4  0 -9 
114 99  -1 -5  0 -9 
114 102  -1 -5  0 -9 
114 105   1 -3  0 -9 
114 111   1 -6  0 -9 
114 113  -1 -5  0 -9 
114 120   1 -6  0 -9 
114 121   1 -7  0 -9 
115 40   1 -5  0 -9 
115 44  -1 -4  0 -9 
115 102  -1 -4  0 -9 
115 106   1 -3  0 -9 
115 121   1 -6  0 -9 
115 123  -1 -5  0 -9 
116 116   1 -8  0 -9 
117 117   1 -8  0 -9 
118 118   1 -8  0 -9 
119 119   1 -8  0 -9 
120 120   1 -8  0 -9 
121 121   1 -8  0 -9 
122 117   1 -7  0 -9 
122 120   1 -7  0 -9 
122 122  -1 -6  0 -9 
123 121   1 -7  0 -9 
123 123  -1 -6  0 -9 
124 13  -1 -3  0 -9 
124 36   1 -4  0 -9 
124 64  -1 -1  0 -9 
124 70  -1 -3  0 -9 
124 90   1 -2  0 -9 
124 98  -1 -3  0 -9 
124 107   1 -4  0 -9 
124 124   1  0  0 -9 
124 140  -1 -1  0 -9 
124 148   1 -2  0 -9 
124 157  -1 -3  0 -9 
125 15  -1 -3  0 -9 
125 38   1 -4  0 -9 
125 65  -1 -1  0 -9 
125 72  -1 -3  0 -9 
125 92   1 -2  0 -9 
125 100  -1 -3  0 -9 
125 116   1 -4  0 -9 
125 125   1  0  0 -9 
125 142  -1 -1  0 -9 
125 150   1 -2  0 -9 
125 166  -1 -3  0 -9 
126  9  -1 -3  0 -9 
126 55   1 -4  0 -9 
126 64  -1  0  0 -9 
126 66   1  1  0 -9 
126 80  -1  0  0 -9 
126 90   1 -1  0 -9 
126 124   1  1  0 -9 
126 126  -1  2  0 -9 
126 130   1  1  0 -9 
126 134   1 -2  0 -9 
126 140  -1  0  0 -9 
126 174  -1 -3  0 -9 
127  9  -1  0 -1 -2  0 -9 
127 34   1 -1  0 -9 
127 55   1 -3  0 -9 
127 59  -1 -2  0 -9 
127 88  -1  0  0 -9 
127 127  -1  2  0 -9 
127 130  -1  0  0 -9 
127 131   1  1  0 -9 
127 134   1 -1  0 -9 
127 135  -1  0  0 -9 
127 138   1  1  0 -9 
127 141  -1  0  0 -9 
127 174  -1 -2  0 -9 
127 178   1 -1  0 -9 
128 15  -1  0 -1 -2  0 -9 
128 16   1 -1  0 -9 
128 18  -1  0 -1 -2  0 -9 
128 38   1 -3  0 -9 
128 39  -1 -2  0 -9 
128 41   1 -1  0 -9 
128 56   1 -3  0 -9 
128 60  -1 -2  0 -9 
128 65  -1  0  0 -9 
128 72  -1  0 -1 -2  0 -9 
128 92   1 -1  0 -9 
128 100  -1 -2  0 -9 
128 101   1 -1  0 -9 
128 103  -1  0  0 -9 
128 112   1 -1  0 -9 
128 116   1 -3  0 -9 
128 119  -1 -2  0 -9 
128 125   1  1  0 -9 
128 128  -1  2  0 -9 
128 132   1  1  0 -9 
128 136  -1  0  0 -9 
128 142  -1  0  0 -9 
128 145  -1  0  0 -9 
128 150   1 -1  0 -9 
128 151  -1  0  0 -9 
128 153   1  1  0 -9 
128 158   1 -1  0 -9 
128 162  -1  0 -1 -2  0 -9 
128 166  -1 -2  0 -9 
128 167  -1 -2  0 -9 
128 169   1 -1  0 -9 
128 175  -1 -2  0 -9 
128 179   1 -1  0 -9 
128 183   1 -3  0 -9 
129 14   1 -1  0 -9 
129 17   1 -1  0 -9 
129 19  -1  0 -1 -2  0 -9 
129 37  -1 -2  0 -9 
129 40  -1 -2  0 -9 
129 42   1 -1  0 -9 
129 57   1 -3  0 -9 
129 61  -1 -2  0 -9 
129 99   1 -1  0 -9 
129 102   1 -1  0 -9 
129 104  -1  0  0 -9 
129 111  -1 -2  0 -9 
129 113   1 -1  0 -9 
129 120  -1 -2  0 -9 
129 129  -1  2  0 -9 
129 133   1  1  0 -9 
129 137  -1  0  0 -9 
129 146  -1  0  0 -9 
129 149  -1  0  0 -9 
129 152  -1  0  0 -9 
129 154   1  1  0 -9 
129 157  -1 -2  0 -9 
129 159   1 -1  0 -9 
129 161   1 -1  0 -9 
129 163  -1  0 -1 -2  0 -9 
129 168  -1 -2  0 -9 
129 170   1 -1  0 -9 
129 176  -1 -2  0 -9 
129 180   1 -1  0 -9 
129 184   1 -3  0 -9 
130  9  -1 -4  0 -9 
130 55   1 -5  0 -9 
130 134   1 -3  0 -9 
130 174  -1 -4  0 -9 
131  9  -1 -3  0 -9 
131 14  -1 -3  0 -9 
131 37   1 -4  0 -9 
131 55   1 -4  0 -9 
131 59  -1 -3  0 -9 
131 99  -1 -3  0 -9 
131 111   1 -4  0 -9 
131 130  -1 -1  0 -9 
131 131   1  0  0 -9 
131 134   1 -2  0 -9 
131 135  -1 -1  0 -9 
131 141  -1 -1  0 -9 
131 149   1 -2  0 -9 
131 161  -1 -3  0 -9 
131 174  -1 -3  0 -9 
131 178   1 -2  0 -9 
132 18  -1 -3  0 -9 
132 56   1 -4  0 -9 
132 60  -1 -3  0 -9 
132 132   1  0  0 -9 
132 136  -1 -1  0 -9 
132 145  -1 -1  0 -9 
132 158   1 -2  0 -9 
132 162  -1 -3  0 -9 
132 167  -1 -3  0 -9 
132 175  -1 -3  0 -9 
132 179   1 -2  0 -9 
132 183   1 -4  0 -9 
133 19  -1 -3  0 -9 
133 57   1 -4  0 -9 
133 61  -1 -3  0 -9 
133 133   1  0  0 -9 
133 137  -1 -1  0 -9 
133 146  -1 -1  0 -9 
133 157  -1 -3  0 -9 
133 159   1 -2  0 -9 
133 163  -1 -3  0 -9 
133 168  -1 -3  0 -9 
133 176  -1 -3  0 -9 
133 180   1 -2  0 -9 
133 184   1 -4  0 -9 
134  9  -1 -5  0 -9 
134 55   1 -6  0 -9 
134 130   1 -3  0 -9 
134 157   1 -6  0 -9 
134 174  -1 -5  0 -9 
135  9  -1 -4  0 -9 
135 14  -1 -4  0 -9 
135 37   1 -5  0 -9 
135 55   1 -5  0 -9 
135 59  -1 -4  0 -9 
135 99  -1 -4  0 -9 
135 111   1 -5  0 -9 
135 157   1 -5  0 -9 
135 161  -1 -4  0 -9 
135 174  -1 -4  0 -9 
135 178   1 -3  0 -9 
136 18  -1 -4  0 -9 
136 56   1 -5  0 -9 
136 60  -1 -4  0 -9 
136 162  -1 -4  0 -9 
136 175  -1 -4  0 -9 
136 179   1 -3  0 -9 
136 183   1 -5  0 -9 
137 19  -1 -4  0 -9 
137 57   1 -5  0 -9 
137 61  -1 -4  0 -9 
137 163  -1 -4  0 -9 
137 176  -1 -4  0 -9 
137 180   1 -3  0 -9 
137 184   1 -5  0 -9 
138  9  -1 -1 -1 -3 -1 -5  0 -9 
138 34   1 -2  0 -9 
138 55   1 -4  1 -6  0 -9 
138 59  -1 -3  0 -9 
138 85   1 -2  0 -9 
138 88  -1 -1  0 -9 
138 99  -1 -3  0 -9 
138 130  -1 -1  0 -9 
138 134   1 -2  0 -9 
138 135  -1 -1  0 -9 
138 138   1  0  0 -9 
138 174  -1 -3  0 -9 
138 178   1 -2  0 -9 
139  8   1  1  0 -9 
139 11   1  1  0 -9 
139 12  -1  0  0 -9 
139 14   1 -2  0 -9 
139 17   1 -2  0 -9 
139 18  -1  0 -1 -4  0 -9 
139 19  -1 -3  0 -9 
139 29  -1  0  0 -9 
139 33   1 -1  0 -9 
139 35  -1  0  0 -9 
139 37  -1 -3  0 -9 
139 40  -1 -3  0 -9 
139 43   1 -1  0 -9 
139 47   1 -2  0 -9 
139 51  -1 -3  0 -9 
139 56   1 -5  0 -9 
139 57   1 -4  0 -9 
139 61  -1 -3  0 -9 
139 87  -1  0  0 -9 
139 89   1  1  0 -9 
139 105  -1  0  0 -9 
139 114   1 -1  0 -9 
139 121  -1 -2  0 -9 
139 132   1  1  0 -9 
139 136  -1  0  0 -9 
139 137   1  1  0 -9 
139 139  -1  2  0 -9 
139 145  -1  0  0 -9 
139 155   1  1  0 -9 
139 158   1 -1  0 -9 
139 163  -1 -3  0 -9 
139 164  -1  0  0 -9 
139 167  -1 -2  0 -9 
139 171   1 -1  0 -9 
139 176  -1 -3  0 -9 
139 180   1 -2  0 -9 
139 184   1 -4  0 -9 
140 13  -1 -4  0 -9 
140 36   1 -5  0 -9 
140 70  -1 -4  0 -9 
140 98  -1 -4  0 -9 
140 107   1 -5  0 -9 
140 148   1 -3  0 -9 
140 157  -1 -4  0 -9 
141 14  -1 -4  0 -9 
141 37   1 -5  0 -9 
141 99  -1 -4  0 -9 
141 111   1 -5  0 -9 
141 149   1 -3  0 -9 
141 161  -1 -4  0 -9 
142 15  -1 -4  0 -9 
142 38   1 -5  0 -9 
142 72  -1 -4  0 -9 
142 100  -1 -4  0 -9 
142 116   1 -5  0 -9 
142 150   1 -3  0 -9 
142 166  -1 -4  0 -9 
143 16  -1 -4  0 -9 
143 39   1 -5  0 -9 
143 101  -1 -4  0 -9 
143 119   1 -5  0 -9 
143 151   1 -3  0 -9 
143 169  -1 -4  0 -9 
144 17  -1 -4  0 -9 
144 40   1 -5  0 -9 
144 102  -1 -4  0 -9 
144 120   1 -5  0 -9 
144 152   1 -3  0 -9 
144 170  -1 -4  0 -9 
145 18  -1 -4  0 -9 
145 56   1 -5  0 -9 
145 158   1 -3  0 -9 
145 162  -1 -4  0 -9 
145 167  -1 -4  0 -9 
145 175  -1 -4  0 -9 
145 183   1 -5  0 -9 
146 19  -1 -4  0 -9 
146 57   1 -5  0 -9 
146 157  -1 -4  0 -9 
146 159   1 -3  0 -9 
146 163  -1 -4  0 -9 
146 168  -1 -4  0 -9 
146 176  -1 -4  0 -9 
146 184   1 -5  0 -9 
147 20  -1 -4  0 -9 
147 58   1 -5  0 -9 
147 160   1 -3  0 -9 
147 172  -1 -4  0 -9 
147 177  -1 -4  0 -9 
147 185   1 -5  0 -9 
148 13  -1 -5  0 -9 
148 36   1 -6  0 -9 
148 70  -1 -5  0 -9 
148 98  -1 -5  0 -9 
148 107   1 -6  0 -9 
148 140   1 -3  0 -9 
148 157   1 -7  0 -9 
149 14  -1 -5  0 -9 
149 37   1 -6  0 -9 
149 99  -1 -5  0 -9 
149 111   1 -6  0 -9 
149 141   1 -3  0 -9 
149 157   1 -6  0 -9 
149 161  -1 -5  0 -9 
150 15  -1 -5  0 -9 
150 38   1 -6  0 -9 
150 72  -1 -5  0 -9 
150 100  -1 -5  0 -9 
150 116   1 -6  0 -9 
150 142   1 -3  0 -9 
150 166   1 -7  0 -9 
151 16  -1 -5  0 -9 
151 39   1 -6  0 -9 
151 101  -1 -5  0 -9 
151 119   1 -6  0 -9 
151 143   1 -3  0 -9 
151 166   1 -6  0 -9 
151 167   1 -6  0 -9 
151 169  -1 -5  0 -9 
152 17  -1 -5  0 -9 
152 40   1 -6  0 -9 
152 102  -1 -5  0 -9 
152 120   1 -6  0 -9 
152 144   1 -3  0 -9 
152 168   1 -6  0 -9 
152 170  -1 -5  0 -9 
153 15  -1 -1 -1 -3 -1 -5  0 -9 
153 16   1 -2  0 -9 
153 18  -1 -1 -1 -3 -1 -5  0 -9 
153 38   1 -4  1 -6  0 -9 
153 39  -1 -3  0 -9 
153 41   1 -2  0 -9 
153 56   1 -4  1 -6  0 -9 
153 60  -1 -3  0 -9 
153 65  -1 -1  0 -9 
153 72  -1 -1 -1 -3 -1 -5  0 -9 
153 86   1 -2  0 -9 
153 92   1 -2  0 -9 
153 100  -1 -3  0 -9 
153 101   1 -2 -1 -4  0 -9 
153 103  -1 -1  0 -9 
153 112   1 -2  0 -9 
153 116   1 -4  1 -6  0 -9 
153 119  -1 -3  0 -9 
153 136  -1 -1  0 -9 
153 142  -1 -1  0 -9 
153 143   1 -2  0 -9 
153 145  -1 -1  0 -9 
153 150   1 -2  0 -9 
153 151  -1 -1  0 -9 
153 153   1  0  0 -9 
153 158   1 -2  0 -9 
153 162  -1 -1 -1 -3 -1 -5  0 -9 
153 166  -1 -3  0 -9 
153 167  -1 -3  0 -9 
153 169   1 -2  0 -9 
153 175  -1 -3  0 -9 
153 179   1 -2  0 -9 
153 183   1 -4  1 -6  0 -9 
154 14   1 -2  0 -9 
154 17   1 -2  0 -9 
154 19  -1 -1 -1 -3 -1 -5  0 -9 
154 37  -1 -3  0 -9 
154 40  -1 -3  0 -9 
154 42   1 -2  0 -9 
154 57   1 -4  1 -6  0 -9 
154 61  -1 -3  0 -9 
154 87   1 -2  0 -9 
154 99   1 -2 -1 -4  0 -9 
154 102   1 -2 -1 -4  0 -9 
154 104  -1 -1  0 -9 
154 111  -1 -3  0 -9 
154 113   1 -2  0 -9 
154 120  -1 -3  0 -9 
154 137  -1 -1  0 -9 
154 141   1 -2  0 -9 
154 144   1 -2  0 -9 
154 146  -1 -1  0 -9 
154 149  -1 -1  0 -9 
154 152  -1 -1  0 -9 
154 154   1  0  0 -9 
154 157  -1 -3  0 -9 
154 159   1 -2  0 -9 
154 161   1 -2  0 -9 
154 163  -1 -1 -1 -3 -1 -5  0 -9 
154 168  -1 -3  0 -9 
154 170   1 -2  0 -9 
154 176  -1 -3  0 -9 
154 180   1 -2  0 -9 
154 184   1 -4  1 -6  0 -9 
155 18  -1 -1 -1 -3 -1 -5  0 -9 
155 43   1 -2  0 -9 
155 56   1 -4  1 -6  0 -9 
155 62  -1 -3  0 -9 
155 99  -1 -3  0 -9 
155 102  -1 -3  0 -9 
155 105  -1 -1  0 -9 
155 114   1 -2  0 -9 
155 121  -1 -3  0 -9 
155 145  -1 -1  0 -9 
155 155   1  0  0 -9 
155 158   1 -2  0 -9 
155 163  -1 -4  0 -9 
155 164  -1 -1  0 -9 
155 167  -1 -3  0 -9 
155 171   1 -2  0 -9 
155 175  -1 -3  0 -9 
155 181   1 -2  0 -9 
155 184   1 -5  0 -9 
156 17   1 -2  0 -9 
156 20  -1 -1 -1 -3 -1 -5  0 -9 
156 40  -1 -3  0 -9 
156 44   1 -2  0 -9 
156 58   1 -4  1 -6  0 -9 
156 63  -1 -3  0 -9 
156 102   1 -2 -1 -4  0 -9 
156 106  -1 -1  0 -9 
156 115   1 -2  0 -9 
156 120   1 -5  0 -9 
156 121  -1 -4  0 -9 
156 144   1 -2  0 -9 
156 147  -1 -1  0 -9 
156 152  -1 -1  0 -9 
156 156   1  0  0 -9 
156 160   1 -2  0 -9 
156 165  -1 -1  0 -9 
156 167  -1 -4  0 -9 
156 168   1 -5  0 -9 
156 170  -1 -4  0 -9 
156 171   1 -3  0 -9 
156 173  -1 -4  0 -9 
156 177  -1 -3  0 -9 
156 182   1 -2  0 -9 
156 186   1 -5  0 -9 
157 157   1 -8  0 -9 
158 18  -1 -5  0 -9 
158 56   1 -6  0 -9 
158 145   1 -3  0 -9 
158 162  -1 -5  0 -9 
158 167   1 -7  0 -9 
158 175  -1 -5  0 -9 
158 183   1 -6  0 -9 
159 19  -1 -5  0 -9 
159 57   1 -6  0 -9 
159 146   1 -3  0 -9 
159 157   1 -7  0 -9 
159 163  -1 -5  0 -9 
159 168   1 -7  0 -9 
159 176  -1 -5  0 -9 
159 184   1 -6  0 -9 
160 20  -1 -5  0 -9 
160 58   1 -6  0 -9 
160 147   1 -3  0 -9 
160 167   1 -6  0 -9 
160 172  -1 -5  0 -9 
160 177  -1 -5  0 -9 
160 185   1 -6  0 -9 
161 111   1 -7  0 -9 
161 157   1 -7  0 -9 
161 161  -1 -6  0 -9 
162 162  -1 -6  0 -9 
162 183   1 -7  0 -9 
163 163  -1 -6  0 -9 
163 184   1 -7  0 -9 
164 14  -1 -4  0 -9 
164 17  -1 -4  0 -9 
164 18  -1 -4  0 -9 
164 37   1 -5  0 -9 
164 40   1 -5  0 -9 
164 56   1 -5  0 -9 
164 62  -1 -4  0 -9 
164 99  -1 -4  0 -9 
164 102  -1 -4  0 -9 
164 121   1 -6  0 -9 
164 163  -1 -5  0 -9 
164 167   1 -6  0 -9 
164 171  -1 -5  0 -9 
164 175  -1 -4  0 -9 
164 181   1 -3  0 -9 
164 184   1 -6  0 -9 
165 20  -1 -4  0 -9 
165 58   1 -5  0 -9 
165 63  -1 -4  0 -9 
165 173  -1 -5  0 -9 
165 177  -1 -4  0 -9 
165 182   1 -3  0 -9 
165 186   1 -6  0 -9 
166 166   1 -8  0 -9 
167 167   1 -8  0 -9 
168 168   1 -8  0 -9 
169 119   1 -7  0 -9 
169 166   1 -7  0 -9 
169 167   1 -7  0 -9 
169 169  -1 -6  0 -9 
170 120   1 -7  0 -9 
170 168   1 -7  0 -9 
170 170  -1 -6  0 -9 
171 121   1 -7  0 -9 
171 167   1 -7  0 -9 
171 171  -1 -6  0 -9 
172 167   1 -7  0 -9 
172 172  -1 -6  0 -9 
172 185   1 -7  0 -9 
173 173  -1 -6  0 -9 
173 186   1 -7  0 -9 
174 55   1 -7  0 -9 
174 157   1 -7  0 -9 
174 174  -1 -6  0 -9 
175 56   1 -7  0 -9 
175 175  -1 -6  0 -9 
175 183   1 -7  0 -9 
176 57   1 -7  0 -9 
176 176  -1 -6  0 -9 
176 184   1 -7  0 -9 
177 58   1 -7  0 -9 
177 177  -1 -6  0 -9 
177 185   1 -7  0 -9 
178  9  -1 -5  0 -9 
178 14  -1 -5  0 -9 
178 37   1 -6  0 -9 
178 55   1 -6  0 -9 
178 59   1 -7  0 -9 
178 99  -1 -5  0 -9 
178 111   1 -6  0 -9 
178 135   1 -3  0 -9 
178 157   1 -6  0 -9 
178 161  -1 -5  0 -9 
178 174  -1 -5  0 -9 
179 18  -1 -5  0 -9 
179 56   1 -6  0 -9 
179 60   1 -7  0 -9 
179 136   1 -3  0 -9 
179 162  -1 -5  0 -9 
179 175  -1 -5  0 -9 
179 183   1 -6  0 -9 
180 19  -1 -5  0 -9 
180 57   1 -6  0 -9 
180 61   1 -7  0 -9 
180 137   1 -3  0 -9 
180 163  -1 -5  0 -9 
180 176  -1 -5  0 -9 
180 184   1 -6  0 -9 
181 14  -1 -5  0 -9 
181 17  -1 -5  0 -9 
181 18  -1 -5  0 -9 
181 37   1 -6  0 -9 
181 40   1 -6  0 -9 
181 56   1 -6  0 -9 
181 62   1 -7  0 -9 
181 99  -1 -5  0 -9 
181 102  -1 -5  0 -9 
181 111   1 -6  0 -9 
181 120   1 -6  0 -9 
181 163  -1 -4  0 -9 
181 164   1 -3  0 -9 
181 171  -1 -4  0 -9 
181 175  -1 -5  0 -9 
181 183   1 -6  0 -9 
182 20  -1 -5  0 -9 
182 58   1 -6  0 -9 
182 63   1 -7  0 -9 
182 165   1 -3  0 -9 
182 173  -1 -4  0 -9 
182 177  -1 -5  0 -9 
182 185   1 -6  0 -9 
183 183   1 -8  0 -9 
184 184   1 -8  0 -9 
185 185   1 -8  0 -9 
186 186   1 -8  0 -9 
187 70  -1 -5  0 -9 
187 107   1 -6  0 -9 
187 195   1 -3  0 -9 
187 214  -1 -4  0 -9 
188 14  -1 -3  0 -9 
188 37   1 -4  0 -9 
188 70   1 -2 -1 -4  0 -9 
188 71  -1 -1  0 -9 
188 91   1 -2  0 -9 
188 99  -1 -3  0 -9 
188 107   1 -5  0 -9 
188 141  -1 -1  0 -9 
188 149   1 -2  0 -9 
188 161  -1 -3  0 -9 
188 187  -1 -1  0 -9 
188 188   1  0  0 -9 
188 195   1 -2  0 -9 
188 196  -1 -1  0 -9 
188 214  -1 -3  0 -9 
188 218   1 -2  0 -9 
189 72  -1 -5  0 -9 
189 116   1 -6  0 -9 
189 197   1 -3  0 -9 
189 223  -1 -4  0 -9 
190 16  -1 -3  0 -9 
190 39   1 -4  0 -9 
190 72   1 -2 -1 -4  0 -9 
190 73  -1 -1  0 -9 
190 78   1 -2 -1 -4  0 -9 
190 93   1 -2  0 -9 
190 101  -1 -3  0 -9 
190 116   1 -5  0 -9 
190 117   1 -5  0 -9 
190 143  -1 -1  0 -9 
190 151   1 -2  0 -9 
190 169  -1 -3  0 -9 
190 189  -1 -1  0 -9 
190 190   1  0  0 -9 
190 197   1 -2  0 -9 
190 198  -1 -1  0 -9 
190 204  -1 -1  0 -9 
190 207   1 -2  0 -9 
190 209  -1 -3  0 -9 
190 223  -1 -3  0 -9 
190 224  -1 -3  0 -9 
190 226   1 -2  0 -9 
190 231   1 -4  0 -9 
191 17  -1 -3  0 -9 
191 40   1 -4  0 -9 
191 74  -1 -1  0 -9 
191 79   1 -2 -1 -4  0 -9 
191 94   1 -2  0 -9 
191 102  -1 -3  0 -9 
191 118   1 -5  0 -9 
191 144  -1 -1  0 -9 
191 152   1 -2  0 -9 
191 170  -1 -3  0 -9 
191 191   1  0  0 -9 
191 199  -1 -1  0 -9 
191 205  -1 -1  0 -9 
191 206  -1 -3  0 -9 
191 208   1 -2  0 -9 
191 210  -1 -3  0 -9 
191 225  -1 -3  0 -9 
191 227   1 -2  0 -9 
191 232   1 -4  0 -9 
192 18  -1 -3  0 -9 
192 56   1 -4  0 -9 
192 72  -1 -3  0 -9 
192 73  -1  0  0 -9 
192 75   1  1  0 -9 
192 78   1 -1  0 -9 
192 93   1 -1  0 -9 
192 95  -1  0  0 -9 
192 112   1 -2  0 -9 
192 116   1 -4  0 -9 
192 119  -1 -3  0 -9 
192 143  -1  0  0 -9 
192 145   1  1  0 -9 
192 158   1 -2  0 -9 
192 162  -1 -3  0 -9 
192 167  -1 -3  0 -9 
192 175  -1 -3  0 -9 
192 183   1 -4  0 -9 
192 189  -1  0  0 -9 
192 190   1  1  0 -9 
192 192  -1  2  0 -9 
192 197   1 -1  0 -9 
192 198  -1  0  0 -9 
192 200   1  1  0 -9 
192 204  -1  0  0 -9 
192 219  -1  0  0 -9 
192 223  -1 -2  0 -9 
192 226   1 -1  0 -9 
193 19  -1 -3  0 -9 
193 57   1 -4  0 -9 
193 65  -1  0  0 -9 
193 70   1 -1  0 -9 
193 71  -1  0  0 -9 
193 72  -1  0 -1 -4  0 -9 
193 74  -1  0  0 -9 
193 76   1  1  0 -9 
193 79   1 -1  0 -9 
193 91   1 -1  0 -9 
193 92   1 -1  0 -9 
193 94   1 -1  0 -9 
193 96  -1  0  0 -9 
193 111  -1 -3  0 -9 
193 113   1 -2  0 -9 
193 116   1 -5  0 -9 
193 120  -1 -3  0 -9 
193 125   1  1  0 -9 
193 141  -1  0  0 -9 
193 142  -1  0  0 -9 
193 144  -1  0  0 -9 
193 146   1  1  0 -9 
193 157  -1 -3  0 -9 
193 159   1 -2  0 -9 
193 163  -1 -3  0 -9 
193 168  -1 -3  0 -9 
193 176  -1 -3  0 -9 
193 184   1 -4  0 -9 
193 187  -1  0  0 -9 
193 188   1  1  0 -9 
193 189   1  1  0 -9 
193 191   1  1  0 -9 
193 193  -1  2  0 -9 
193 196  -1  0  0 -9 
193 197   1 -2  0 -9 
193 199  -1  0  0 -9 
193 201   1  1  0 -9 
193 205  -1  0  0 -9 
193 218   1 -1  0 -9 
193 220  -1  0  0 -9 
193 223  -1 -3  0 -9 
193 227   1 -1  0 -9 
194 20  -1 -3  0 -9 
194 58   1 -4  0 -9 
194 74  -1  0  0 -9 
194 77   1  1  0 -9 
194 78   1 -2  0 -9 
194 79  -1 -3  0 -9 
194 94   1 -1  0 -9 
194 97  -1  0  0 -9 
194 117  -1 -3  0 -9 
194 118   1 -4  0 -9 
194 120  -1 -3  0 -9 
194 122   1 -2  0 -9 
194 144  -1  0  0 -9 
194 147   1  1  0 -9 
194 160   1 -2  0 -9 
194 172  -1 -3  0 -9 
194 177  -1 -3  0 -9 
194 185   1 -4  0 -9 
194 191   1  1  0 -9 
194 194  -1  2  0 -9 
194 199  -1  0  0 -9 
194 205  -1  0  0 -9 
194 206  -1 -2  0 -9 
194 207  -1  0  0 -9 
194 208   1 -1  0 -9 
194 209   1 -1  0 -9 
194 210  -1  0 -1 -2  0 -9 
194 212   1  1  0 -9 
194 224   1 -1  0 -9 
194 225  -1 -2  0 -9 
194 227   1 -1  0 -9 
194 229  -1  0  0 -9 
194 231  -1 -2  0 -9 
194 232   1 -3  0 -9 
194 233   1 -1  0 -9 
195 70  -1 -4  0 -9 
195 157   1 -6  0 -9 
195 187   1 -3  0 -9 
195 214  -1 -5  0 -9 
196 157   1 -5  0 -9 
196 161  -1 -4  0 -9 
196 214  -1 -4  0 -9 
196 218   1 -3  0 -9 
197 72  -1 -4  0 -9 
197 166   1 -6  0 -9 
197 189   1 -3  0 -9 
197 206   1 -6  0 -9 
197 223  -1 -5  0 -9 
198 166   1 -5  0 -9 
198 167   1 -5  0 -9 
198 169  -1 -4  0 -9 
198 206   1 -5  0 -9 
198 209  -1 -4  0 -9 
198 223  -1 -4  0 -9 
198 224  -1 -4  0 -9 
198 226   1 -3  0 -9 
198 231   1 -5  0 -9 
199 168   1 -5  0 -9 
199 170  -1 -4  0 -9 
199 210  -1 -4  0 -9 
199 225  -1 -4  0 -9 
199 227   1 -3  0 -9 
199 232   1 -5  0 -9 
200 72  -1 -4  0 -9 
200 112   1 -3  0 -9 
200 116   1 -5  0 -9 
200 119  -1 -4  0 -9 
200 162  -1 -4  0 -9 
200 183   1 -5  0 -9 
200 189  -1 -1  0 -9 
200 197   1 -2  0 -9 
200 198  -1 -1  0 -9 
200 200   1  0  0 -9 
200 215   1 -2  0 -9 
200 219  -1 -1  0 -9 
200 223  -1 -3  0 -9 
200 224  -1 -3  0 -9 
200 226   1 -2  0 -9 
201 111  -1 -4  0 -9 
201 113   1 -3  0 -9 
201 120  -1 -4  0 -9 
201 163  -1 -4  0 -9 
201 184   1 -5  0 -9 
201 196  -1 -1  0 -9 
201 199  -1 -1  0 -9 
201 201   1  0  0 -9 
201 214  -1 -3  0 -9 
201 216   1 -2  0 -9 
201 218   1 -2  0 -9 
201 220  -1 -1  0 -9 
201 225  -1 -3  0 -9 
201 227   1 -2  0 -9 
202 18  -1  0 -1 -2  0 -9 
202 43   1 -1  0 -9 
202 56   1 -3  0 -9 
202 62  -1 -2  0 -9 
202 105  -1  0  0 -9 
202 111  -1 -3  0 -9 
202 113   1 -2  0 -9 
202 120  -1 -3  0 -9 
202 141  -1  0  0 -9 
202 144  -1  0  0 -9 
202 145  -1  0  0 -9 
202 155   1  1  0 -9 
202 158   1 -1  0 -9 
202 163  -1 -3  0 -9 
202 164  -1  0  0 -9 
202 167  -1 -2  0 -9 
202 171   1 -1  0 -9 
202 175  -1 -2  0 -9 
202 181   1 -1  0 -9 
202 184   1 -4  0 -9 
202 196  -1  0  0 -9 
202 199  -1  0  0 -9 
202 201   1  1  0 -9 
202 202  -1  2  0 -9 
202 214  -1 -2  0 -9 
202 215  -1  0  0 -9 
202 216   1 -1  0 -9 
202 218   1 -1  0 -9 
202 220  -1  0  0 -9 
202 221   1  1  0 -9 
202 224   1 -1  0 -9 
202 225  -1 -2  0 -9 
202 227   1 -1  0 -9 
202 228  -1  0  0 -9 
203 17   1 -1  0 -9 
203 20  -1  0 -1 -2  0 -9 
203 40  -1 -2  0 -9 
203 44   1 -1  0 -9 
203 58   1 -3  0 -9 
203 63  -1 -2  0 -9 
203 102   1 -1  0 -9 
203 106  -1  0  0 -9 
203 121  -1 -3  0 -9 
203 123   1 -2  0 -9 
203 147  -1  0  0 -9 
203 152  -1  0  0 -9 
203 156   1  1  0 -9 
203 160   1 -1  0 -9 
203 165  -1  0  0 -9 
203 167  -1 -3  0 -9 
203 168   1 -4  0 -9 
203 170  -1 -3  0 -9 
203 171   1 -2  0 -9 
203 173  -1 -3  0 -9 
203 177  -1 -2  0 -9 
203 182   1 -1  0 -9 
203 186   1 -4  0 -9 
203 199   1  1  0 -9 
203 203  -1  2  0 -9 
203 210  -1 -3  0 -9 
203 211  -1  0  0 -9 
203 213   1  1  0 -9 
203 217  -1  0  0 -9 
203 222   1  1  0 -9 
203 225  -1 -3  0 -9 
203 227   1 -2  0 -9 
203 230  -1  0  0 -9 
203 232   1 -4  0 -9 
203 234   1 -1  0 -9 
204 78  -1 -5  0 -9 
204 117   1 -6  0 -9 
204 207   1 -3  0 -9 
204 209  -1 -4  0 -9 
204 224  -1 -4  0 -9 
204 231   1 -5  0 -9 
205 79  -1 -5  0 -9 
205 118   1 -6  0 -9 
205 206  -1 -4  0 -9 
205 208   1 -3  0 -9 
205 210  -1 -4  0 -9 
205 225  -1 -4  0 -9 
205 232   1 -5  0 -9 
206 206   1 -8  0 -9 
207 78  -1 -4  0 -9 
207 167   1 -6  0 -9 
207 204   1 -3  0 -9 
207 206   1 -6  0 -9 
207 209  -1 -5  0 -9 
207 224  -1 -5  0 -9 
207 231   1 -6  0 -9 
208 79  -1 -4  0 -9 
208 168   1 -6  0 -9 
208 205   1 -3  0 -9 
208 206   1 -7  0 -9 
208 210  -1 -5  0 -9 
208 225  -1 -5  0 -9 
208 232   1 -6  0 -9 
209 206   1 -7  0 -9 
209 209  -1 -6  0 -9 
209 231   1 -7  0 -9 
210 210  -1 -6  0 -9 
210 232   1 -7  0 -9 
211 167   1 -5  0 -9 
211 171  -1 -4  0 -9 
211 210  -1 -5  0 -9 
211 224  -1 -4  0 -9 
211 228   1 -3  0 -9 
211 232   1 -6  0 -9 
212 79  -1 -4  0 -9 
212 117  -1 -4  0 -9 
212 118   1 -5  0 -9 
212 120  -1 -4  0 -9 
212 122   1 -3  0 -9 
212 167   1 -5  0 -9 
212 172  -1 -4  0 -9 
212 185   1 -5  0 -9 
212 199  -1 -1  0 -9 
212 204   1 -2  0 -9 
212 205  -1 -1  0 -9 
212 206  -1 -3  0 -9 
212 207  -1 -1  0 -9 
212 208   1 -2  0 -9 
212 209   1 -2  0 -9 
212 210  -1 -1 -1 -3 -1 -5  0 -9 
212 212   1  0  0 -9 
212 217   1 -2  0 -9 
212 224   1 -2 -1 -4  0 -9 
212 225  -1 -3  0 -9 
212 227   1 -2  0 -9 
212 229  -1 -1  0 -9 
212 231  -1 -3  0 -9 
212 232   1 -4  1 -6  0 -9 
212 233   1 -2  0 -9 
213 121  -1 -4  0 -9 
213 123   1 -3  0 -9 
213 173  -1 -4  0 -9 
213 186   1 -5  0 -9 
213 210  -1 -4  0 -9 
213 211  -1 -1  0 -9 
213 213   1  0  0 -9 
213 224  -1 -3  0 -9 
213 228   1 -2  0 -9 
213 230  -1 -1  0 -9 
213 232   1 -5  0 -9 
213 234   1 -2  0 -9 
214 157   1 -7  0 -9 
214 214  -1 -6  0 -9 
215 162  -1 -4  0 -9 
215 167   1 -6  0 -9 
215 219   1 -3  0 -9 
215 224  -1 -5  0 -9 
215 231   1 -6  0 -9 
216 157   1 -6  0 -9 
216 163  -1 -4  0 -9 
216 168   1 -6  0 -9 
216 214  -1 -5  0 -9 
216 220   1 -3  0 -9 
216 225  -1 -5  0 -9 
216 232   1 -6  0 -9 
217 167   1 -5  0 -9 
217 172  -1 -4  0 -9 
217 224  -1 -4  0 -9 
217 229   1 -3  0 -9 
217 231   1 -5  0 -9 
217 233  -1 -4  0 -9 
218 111   1 -6  0 -9 
218 157   1 -6  0 -9 
218 161  -1 -5  0 -9 
218 196   1 -3  0 -9 
218 214  -1 -5  0 -9 
219 162  -1 -5  0 -9 
219 183   1 -6  0 -9 
219 215   1 -3  0 -9 
219 224  -1 -4  0 -9 
220 163  -1 -5  0 -9 
220 184   1 -6  0 -9 
220 214  -1 -4  0 -9 
220 216   1 -3  0 -9 
220 225  -1 -4  0 -9 
221 14  -1 -3  0 -9 
221 17  -1 -3  0 -9 
221 18  -1 -3  0 -9 
221 37   1 -4  0 -9 
221 40   1 -4  0 -9 
221 56   1 -4  0 -9 
221 62  -1 -3  0 -9 
221 99  -1 -3  0 -9 
221 102  -1 -3  0 -9 
221 121   1 -5  0 -9 
221 141  -1 -1  0 -9 
221 144  -1 -1  0 -9 
221 145  -1 -1  0 -9 
221 149   1 -2  0 -9 
221 152   1 -2  0 -9 
221 158   1 -2  0 -9 
221 161  -1 -3  0 -9 
221 162  -1 -3  0 -9 
221 163   1 -2 -1 -4  0 -9 
221 164  -1 -1  0 -9 
221 167  -1 -3  1 -5  0 -9 
221 170  -1 -3  0 -9 
221 171   1 -2 -1 -4  0 -9 
221 175  -1 -3  0 -9 
221 181   1 -2  0 -9 
221 184   1 -5  0 -9 
221 196  -1 -1  0 -9 
221 199  -1 -1  0 -9 
221 210  -1 -3  0 -9 
221 211   1 -2  0 -9 
221 214  -1 -3  0 -9 
221 215  -1 -1  0 -9 
221 216   1 -2  0 -9 
221 218   1 -2  0 -9 
221 219   1 -2  0 -9 
221 220  -1 -1  0 -9 
221 221   1  0  0 -9 
221 224   1 -2 -1 -4  0 -9 
221 225  -1 -3  0 -9 
221 227   1 -2  0 -9 
221 228  -1 -1  0 -9 
221 231   1 -5  0 -9 
222 20  -1 -3  0 -9 
222 58   1 -4  0 -9 
222 63  -1 -3  0 -9 
222 147  -1 -1  0 -9 
222 160   1 -2  0 -9 
222 165  -1 -1  0 -9 
222 172  -1 -3  0 -9 
222 173   1 -2 -1 -4  0 -9 
222 177  -1 -3  0 -9 
222 182   1 -2  0 -9 
222 186   1 -5  0 -9 
222 217  -1 -1  0 -9 
222 222   1  0  0 -9 
222 224  -1 -3  0 -9 
222 229   1 -2  0 -9 
222 230  -1 -1  0 -9 
222 231   1 -4  0 -9 
222 233  -1 -3  0 -9 
222 234   1 -2  0 -9 
223 166   1 -7  0 -9 
223 206   1 -7  0 -9 
223 223  -1 -6  0 -9 
224 167   1 -7  0 -9 
224 224  -1 -6  0 -9 
224 231   1 -7  0 -9 
225 168   1 -7  0 -9 
225 225  -1 -6  0 -9 
225 232   1 -7  0 -9 
226 119   1 -6  0 -9 
226 166   1 -6  0 -9 
226 167   1 -6  0 -9 
226 169  -1 -5  0 -9 
226 198   1 -3  0 -9 
226 206   1 -6  0 -9 
226 209  -1 -5  0 -9 
226 223  -1 -5  0 -9 
226 224  -1 -5  0 -9 
226 231   1 -6  0 -9 
227 120   1 -6  0 -9 
227 168   1 -6  0 -9 
227 170  -1 -5  0 -9 
227 199   1 -3  0 -9 
227 210  -1 -5  0 -9 
227 225  -1 -5  0 -9 
227 232   1 -6  0 -9 
228 121   1 -6  0 -9 
228 167   1 -6  0 -9 
228 171  -1 -5  0 -9 
228 210  -1 -4  0 -9 
228 211   1 -3  0 -9 
228 224  -1 -5  0 -9 
228 231   1 -6  0 -9 
229 167   1 -6  0 -9 
229 172  -1 -5  0 -9 
229 185   1 -6  0 -9 
229 217   1 -3  0 -9 
229 224  -1 -5  0 -9 
229 231   1 -6  0 -9 
229 233  -1 -5  0 -9 
230 173  -1 -5  0 -9 
230 186   1 -6  0 -9 
230 224  -1 -4  0 -9 
230 231   1 -5  0 -9 
230 233  -1 -4  0 -9 
230 234   1 -3  0 -9 
231 231   1 -8  0 -9 
232 232   1 -8  0 -9 
233 231   1 -7  0 -9 
233 233  -1 -6  0 -9 
234 167   1 -6  0 -9 
234 173  -1 -4  0 -9 
234 224  -1 -5  0 -9 
234 230   1 -3  0 -9 
234 231   1 -6  0 -9 
234 233  -1 -5  0 -9 
9999 9999
