 0  1   1 -3  0 -9 
 1  0   1 -3  0 -9 
 2  0  -1  0  0 -9 
 2  2  -1  2  0 -9 
 2  3  -1  0  0 -9 
 2  4   1  1  0 -9 
 2  5   1  1  0 -9 
 2  6  -1  0  0 -9 
 2  7   1 -1  0 -9 
 2  8   1 -1  0 -9 
 2  9  -1 -2  0 -9 
 3  8   1 -3  0 -9 
 3  9  -1 -4  0 -9 
 4  3  -1 -1  0 -9 
 4  4   1  0  0 -9 
 4  6  -1 -1  0 -9 
 4  7   1 -2  0 -9 
 4  8   1 -2  0 -9 
 4  9  -1 -3  0 -9 
 5  0  -1 -1  0 -9 
 5  1   1 -2  0 -9 
 5  3  -1 -1  0 -9 
 5  5   1  0  0 -9 
 5  6  -1 -1  0 -9 
 5  7   1 -2  0 -9 
 5  8   1 -2  0 -9 
 5  9  -1 -3  0 -9 
 6  7   1 -3  0 -9 
 6  9  -1 -4  0 -9 
 7  6   1 -3  0 -9 
 7  9  -1 -5  0 -9 
 8  3   1 -3  0 -9 
 8  9  -1 -5  0 -9 
 9  9  -1 -6  0 -9 
10  1  -1  0  0 -9 
10 10  -1  2  0 -9 
10 11  -1  0  0 -9 
10 12   1  1  0 -9 
10 13   1  1  0 -9 
10 14  -1  0  0 -9 
10 15   1 -1  0 -9 
10 16   1 -1  0 -9 
10 17  -1 -2  0 -9 
11 16   1 -3  0 -9 
11 17  -1 -4  0 -9 
12  0   1 -2  0 -9 
12  1  -1 -1  0 -9 
12 11  -1 -1  0 -9 
12 12   1  0  0 -9 
12 14  -1 -1  0 -9 
12 15   1 -2  0 -9 
12 16   1 -2  0 -9 
12 17  -1 -3  0 -9 
13 11  -1 -1  0 -9 
13 13   1  0  0 -9 
13 14  -1 -1  0 -9 
13 15   1 -2  0 -9 
13 16   1 -2  0 -9 
13 17  -1 -3  0 -9 
14 15   1 -3  0 -9 
14 17  -1 -4  0 -9 
15 14   1 -3  0 -9 
15 17  -1 -5  0 -9 
16 11   1 -3  0 -9 
16 17  -1 -5  0 -9 
17 17  -1 -6  0 -9 
18  3   1  1  0 -9 
18  8   1 -2  0 -9 
18  9  -1 -3  0 -9 
18 11  -1  0  0 -9 
18 13   1  1  0 -9 
18 14  -1  0  0 -9 
18 15   1 -1  0 -9 
18 18  -1  2  0 -9 
18 19   1  1  0 -9 
18 20  -1  0  0 -9 
19 14  -1 -1  0 -9 
19 15   1 -2  0 -9 
19 17  -1 -3  0 -9 
19 19   1  0  0 -9 
19 20  -1 -1  0 -9 
19 21   1 -2  0 -9 
20 17  -1 -4  0 -9 
20 21   1 -3  0 -9 
21 17  -1 -5  0 -9 
21 20   1 -3  0 -9 
22  3  -1 -1  0 -9 
22  8   1 -2  0 -9 
22  9  -1 -3  0 -9 
22 22   1  0  0 -9 
22 24  -1 -1  0 -9 
22 25   1 -2  0 -9 
23  3  -1  0  0 -9 
23  4   1  1  0 -9 
23  6  -1  0  0 -9 
23  8   1 -1  0 -9 
23 14   1  1  0 -9 
23 15   1 -2  0 -9 
23 17  -1 -3  0 -9 
23 22   1  1  0 -9 
23 23  -1  2  0 -9 
23 24  -1  0  0 -9 
24  9  -1 -4  0 -9 
24 25   1 -3  0 -9 
25  9  -1 -5  0 -9 
25 24   1 -3  0 -9 
26  3  -1  0  0 -9 
26  8   1 -1  0 -9 
26  9  -1 -2  0 -9 
26 22   1  1  0 -9 
26 24  -1  0  0 -9 
26 25   1 -1  0 -9 
26 26  -1  2  0 -9 
26 28   1  1  0 -9 
26 29  -1  0  0 -9 
27 14  -1  0  0 -9 
27 15   1 -1  0 -9 
27 17  -1 -2  0 -9 
27 19   1  1  0 -9 
27 20  -1  0  0 -9 
27 21   1 -1  0 -9 
27 27  -1  2  0 -9 
27 30   1  1  0 -9 
27 31  -1  0  0 -9 
28  3  -1 -1  0 -9 
28  8   1 -2  0 -9 
28  9  -1 -3  0 -9 
28 24  -1 -1  0 -9 
28 25   1 -2  0 -9 
28 28   1  0  0 -9 
28 29  -1 -1  0 -9 
28 31   1 -2  0 -9 
29 31   1 -3  0 -9 
30 14  -1 -1  0 -9 
30 15   1 -2  0 -9 
30 17  -1 -3  0 -9 
30 20  -1 -1  0 -9 
30 21   1 -2  0 -9 
30 29   1 -2  0 -9 
30 30   1  0  0 -9 
30 31  -1 -1  0 -9 
31 29   1 -3  0 -9 
32 32  -1  2  0 -9 
32 33  -1  0  0 -9 
32 34   1  1  0 -9 
32 35   1  1  0 -9 
32 36  -1  0  0 -9 
32 37   1 -1  0 -9 
32 38   1 -1  0 -9 
32 39  -1 -2  0 -9 
33 38   1 -3  0 -9 
33 39  -1 -4  0 -9 
34 33  -1 -1  0 -9 
34 34   1  0  0 -9 
34 36  -1 -1  0 -9 
34 37   1 -2  0 -9 
34 38   1 -2  0 -9 
34 39  -1 -3  0 -9 
35 33  -1 -1  0 -9 
35 35   1  0  0 -9 
35 36  -1 -1  0 -9 
35 37   1 -2  0 -9 
35 38   1 -2  0 -9 
35 39  -1 -3  0 -9 
36 37   1 -3  0 -9 
36 39  -1 -4  0 -9 
37 36   1 -3  0 -9 
37 39  -1 -5  0 -9 
38 33   1 -3  0 -9 
38 39  -1 -5  0 -9 
39 39  -1 -6  0 -9 
40 33  -1  0  0 -9 
40 35   1  1  0 -9 
40 36  -1  0  0 -9 
40 37   1 -1  0 -9 
40 40  -1  2  0 -9 
40 41   1  1  0 -9 
40 42  -1  0  0 -9 
41 36  -1 -1  0 -9 
41 37   1 -2  0 -9 
41 39  -1 -3  0 -9 
41 41   1  0  0 -9 
41 42  -1 -1  0 -9 
41 43   1 -2  0 -9 
42 39  -1 -4  0 -9 
42 43   1 -3  0 -9 
43 39  -1 -5  0 -9 
43 42   1 -3  0 -9 
44 11  -1  0  0 -9 
44 13   1  1  0 -9 
44 14  -1  0  0 -9 
44 15   1 -1  0 -9 
44 16   1 -1  0 -9 
44 17  -1 -2  0 -9 
44 38  -1  0  0 -9 
44 39   1 -1  0 -9 
44 44  -1  2  0 -9 
44 46   1  1  0 -9 
44 47  -1  0  0 -9 
45 14   1  1  0 -9 
45 15   1 -2  0 -9 
45 17  -1 -3  0 -9 
45 36  -1  0  0 -9 
45 41   1  1  0 -9 
45 42  -1  0  0 -9 
45 43   1 -1  0 -9 
45 45  -1  2  0 -9 
45 48   1  1  0 -9 
45 49  -1  0  0 -9 
46 11  -1 -1  0 -9 
46 14  -1 -1  0 -9 
46 15   1 -2  0 -9 
46 16   1 -2  0 -9 
46 17  -1 -3  0 -9 
46 33   1 -2  0 -9 
46 38  -1 -1  0 -9 
46 39   1 -2 -1 -4  0 -9 
46 46   1  0  0 -9 
46 47  -1 -1  0 -9 
46 49   1 -2  0 -9 
47 39  -1 -5  0 -9 
47 49   1 -3  0 -9 
48 39  -1 -3  0 -9 
48 42  -1 -1  0 -9 
48 43   1 -2  0 -9 
48 47   1 -2  0 -9 
48 48   1  0  0 -9 
48 49  -1 -1  0 -9 
49 39  -1 -4  0 -9 
49 47   1 -3  0 -9 
50 29  -1  0  0 -9 
50 39  -1 -2  0 -9 
50 42  -1  0  0 -9 
50 43   1 -1  0 -9 
50 47   1 -1  0 -9 
50 48   1  1  0 -9 
50 49  -1  0  0 -9 
50 50  -1  2  0 -9 
50 51   1  1  0 -9 
51 29  -1 -1  0 -9 
51 31   1 -2  0 -9 
51 39  -1 -3  0 -9 
51 42  -1 -1  0 -9 
51 43   1 -2  0 -9 
51 47   1 -2  0 -9 
51 49  -1 -1  0 -9 
51 51   1  0  0 -9 
52 52  -1  2  0 -9 
52 53  -1  0  0 -9 
52 54   1  1  0 -9 
52 55   1  1  0 -9 
52 56  -1  0  0 -9 
52 57   1 -1  0 -9 
52 58   1 -1  0 -9 
52 59  -1 -2  0 -9 
53 58   1 -3  0 -9 
53 59  -1 -4  0 -9 
54 53  -1 -1  0 -9 
54 54   1  0  0 -9 
54 56  -1 -1  0 -9 
54 57   1 -2  0 -9 
54 58   1 -2  0 -9 
54 59  -1 -3  0 -9 
55 53  -1 -1  0 -9 
55 55   1  0  0 -9 
55 56  -1 -1  0 -9 
55 57   1 -2  0 -9 
55 58   1 -2  0 -9 
55 59  -1 -3  0 -9 
56 57   1 -3  0 -9 
56 59  -1 -4  0 -9 
57 56   1 -3  0 -9 
57 59  -1 -5  0 -9 
58 53   1 -3  0 -9 
58 59  -1 -5  0 -9 
59 59  -1 -6  0 -9 
60 53  -1 -1  0 -9 
60 58   1 -2  0 -9 
60 59  -1 -3  0 -9 
60 60   1  0  0 -9 
60 62  -1 -1  0 -9 
60 63   1 -2  0 -9 
61 36   1  1  0 -9 
61 37   1 -2  0 -9 
61 39  -1 -3  0 -9 
61 53  -1  0  0 -9 
61 54   1  1  0 -9 
61 56  -1  0  0 -9 
61 58   1 -1  0 -9 
61 60   1  1  0 -9 
61 61  -1  2  0 -9 
61 62  -1  0  0 -9 
62 59  -1 -4  0 -9 
62 63   1 -3  0 -9 
63 59  -1 -5  0 -9 
63 62   1 -3  0 -9 
64 53  -1  0  0 -9 
64 60   1  1  0 -9 
64 62  -1  0  0 -9 
64 63   1 -1  0 -9 
64 64  -1  2  0 -9 
64 66   1  1  0 -9 
64 67  -1  0  0 -9 
65 36  -1  0  0 -9 
65 37   1 -1  0 -9 
65 39  -1 -2  0 -9 
65 41   1  1  0 -9 
65 42  -1  0  0 -9 
65 43   1 -1  0 -9 
65 57  -1  0  0 -9 
65 59   1 -1  0 -9 
65 65  -1  2  0 -9 
65 68   1  1  0 -9 
65 69  -1  0  0 -9 
66 59  -1 -3  0 -9 
66 62  -1 -1  0 -9 
66 63   1 -2  0 -9 
66 66   1  0  0 -9 
66 67  -1 -1  0 -9 
66 69   1 -2  0 -9 
67 59  -1 -4  0 -9 
67 69   1 -3  0 -9 
68 36  -1 -1  0 -9 
68 37   1 -2  0 -9 
68 39  -1 -3  0 -9 
68 42  -1 -1  0 -9 
68 43   1 -2  0 -9 
68 56   1 -2  0 -9 
68 57  -1 -1  0 -9 
68 59   1 -2 -1 -4  0 -9 
68 67   1 -2  0 -9 
68 68   1  0  0 -9 
68 69  -1 -1  0 -9 
69 59  -1 -5  0 -9 
69 67   1 -3  0 -9 
70 53  -1  0  0 -9 
70 55   1  1  0 -9 
70 56  -1  0  0 -9 
70 57   1 -1  0 -9 
70 70  -1  2  0 -9 
70 71   1  1  0 -9 
70 72  -1  0  0 -9 
71 56  -1 -1  0 -9 
71 57   1 -2  0 -9 
71 59  -1 -3  0 -9 
71 71   1  0  0 -9 
71 72  -1 -1  0 -9 
71 73   1 -2  0 -9 
72 59  -1 -4  0 -9 
72 73   1 -3  0 -9 
73 59  -1 -5  0 -9 
73 72   1 -3  0 -9 
74 58  -1  0  0 -9 
74 59   1 -1  0 -9 
74 74  -1  2  0 -9 
74 76   1  1  0 -9 
74 77  -1  0  0 -9 
75 56  -1  0  0 -9 
75 71   1  1  0 -9 
75 72  -1  0  0 -9 
75 73   1 -1  0 -9 
75 75  -1  2  0 -9 
75 78   1  1  0 -9 
75 79  -1  0  0 -9 
76 53   1 -2  0 -9 
76 58  -1 -1  0 -9 
76 59   1 -2 -1 -4  0 -9 
76 76   1  0  0 -9 
76 77  -1 -1  0 -9 
76 79   1 -2  0 -9 
77 59  -1 -5  0 -9 
77 79   1 -3  0 -9 
78 59  -1 -3  0 -9 
78 72  -1 -1  0 -9 
78 73   1 -2  0 -9 
78 77   1 -2  0 -9 
78 78   1  0  0 -9 
78 79  -1 -1  0 -9 
79 59  -1 -4  0 -9 
79 77   1 -3  0 -9 
80 39  -1 -3  0 -9 
80 42   1  1  0 -9 
80 43   1 -2  0 -9 
80 67  -1  0  0 -9 
80 72  -1  0  0 -9 
80 77   1 -1  0 -9 
80 78   1  1  0 -9 
80 79  -1  0  0 -9 
80 80  -1  2  0 -9 
80 81   1  1  0 -9 
81 59  -1 -3  0 -9 
81 67  -1 -1  0 -9 
81 69   1 -2  0 -9 
81 77   1 -2  0 -9 
81 79  -1 -1  0 -9 
81 81   1  0  0 -9 
82  9  -1 -3  0 -9 
82 24   1  1  0 -9 
82 25   1 -2  0 -9 
82 31  -1  0  0 -9 
82 62  -1  0  0 -9 
82 66   1  1  0 -9 
82 67  -1  0  0 -9 
82 69   1 -1  0 -9 
82 79  -1  0  0 -9 
82 82  -1  2  0 -9 
82 83   1  1  0 -9 
83 29   1 -2  0 -9 
83 31  -1 -1  0 -9 
83 59  -1 -3  0 -9 
83 67  -1 -1  0 -9 
83 69   1 -2  0 -9 
83 77   1 -2  0 -9 
83 79  -1 -1  0 -9 
83 83   1  0  0 -9 
84 31  -1  0  0 -9 
84 59  -1 -2  0 -9 
84 67  -1  0  0 -9 
84 69   1 -1  0 -9 
84 77   1 -1  0 -9 
84 79  -1  0  0 -9 
84 81   1  1  0 -9 
84 83   1  1  0 -9 
84 84  -1  2  0 -9 
85 85  -1  2  0 -9 
85 86   1  1  0 -9 
85 87  -1  0  0 -9 
86 86   1  0  0 -9 
86 87  -1 -1  0 -9 
86 88   1 -2  0 -9 
87 88   1 -3  0 -9 
88 87   1 -3  0 -9 
89 38  -1  0  0 -9 
89 39   1 -1  0 -9 
89 89  -1  2  0 -9 
89 91   1  1  0 -9 
89 92  -1  0  0 -9 
90 36  -1  0  0 -9 
90 41   1  1  0 -9 
90 42  -1  0  0 -9 
90 43   1 -1  0 -9 
90 86   1  1  0 -9 
90 87  -1  0  0 -9 
90 88   1 -1  0 -9 
90 90  -1  2  0 -9 
90 93   1  1  0 -9 
90 94  -1  0  0 -9 
91 33   1 -2  0 -9 
91 38  -1 -1  0 -9 
91 39   1 -2 -1 -4  0 -9 
91 91   1  0  0 -9 
91 92  -1 -1  0 -9 
91 94   1 -2  0 -9 
92 39  -1 -5  0 -9 
92 94   1 -3  0 -9 
93 39  -1 -3  0 -9 
93 42  -1 -1  0 -9 
93 43   1 -2  0 -9 
93 87  -1 -1  0 -9 
93 88   1 -2  0 -9 
93 92   1 -2  0 -9 
93 93   1  0  0 -9 
93 94  -1 -1  0 -9 
94 39  -1 -4  0 -9 
94 92   1 -3  0 -9 
95 39  -1 -2  0 -9 
95 42  -1  0  0 -9 
95 43   1 -1  0 -9 
95 87  -1  0  0 -9 
95 92   1 -1  0 -9 
95 93   1  1  0 -9 
95 94  -1  0  0 -9 
95 95  -1  2  0 -9 
95 96   1  1  0 -9 
96 39  -1 -3  0 -9 
96 42  -1 -1  0 -9 
96 43   1 -2  0 -9 
96 92   1 -2  0 -9 
96 94  -1 -1  0 -9 
96 96   1  0  0 -9 
97 59  -1 -2  0 -9 
97 72  -1  0  0 -9 
97 73   1 -1  0 -9 
97 77   1 -1  0 -9 
97 78   1  1  0 -9 
97 79  -1  0  0 -9 
97 88  -1  0  0 -9 
97 97  -1  2  0 -9 
97 98   1  1  0 -9 
98 59  -1 -3  0 -9 
98 72  -1 -1  0 -9 
98 73   1 -2  0 -9 
98 77   1 -2  0 -9 
98 79  -1 -1  0 -9 
98 87   1 -2  0 -9 
98 88  -1 -1  0 -9 
98 98   1  0  0 -9 
99 42  -1  0  0 -9 
99 43   1 -1  0 -9 
99 48   1  1  0 -9 
99 49  -1  0  0 -9 
99 59  -1 -3  0 -9 
99 77   1 -2  0 -9 
99 79   1  1  0 -9 
99 94  -1  0  0 -9 
99 96   1  1  0 -9 
99 99  -1  2  0 -9 
9999 9999
