 0  0   1 -8  0 -9 
 1  1   1 -8  0 -9 
 2  0   1 -7  0 -9 
 2  1   1 -7  0 -9 
 2  2  -1 -6  0 -9 
 3  3   1 -8  0 -9 
 4  3   1 -7  0 -9 
 4  4  -1 -6  0 -9 
 5  5   1 -8  0 -9 
 6  5   1 -7  0 -9 
 6  6  -1 -6  0 -9 
 7  7   1 -8  0 -9 
 8  7   1 -7  0 -9 
 8  8  -1 -6  0 -9 
 9  5   1 -6  0 -9 
 9  6  -1 -5  0 -9 
 9  8  -1 -4  0 -9 
 9 10   1 -3  0 -9 
10  6  -1 -4  0 -9 
10  7   1 -6  0 -9 
10  8  -1 -5  0 -9 
10  9   1 -3  0 -9 
11 11   1 -8  0 -9 
12  7   1 -7  0 -9 
12 11   1 -7  0 -9 
12 12  -1 -6  0 -9 
13  7   1 -6  0 -9 
13  8  -1 -5  0 -9 
13 11   1 -6  0 -9 
13 12  -1 -5  0 -9 
13 14   1 -3  0 -9 
14  7   1 -5  0 -9 
14  8  -1 -4  0 -9 
14 12  -1 -4  0 -9 
14 13   1 -3  0 -9 
15 15   1 -8  0 -9 
16 16   1 -8  0 -9 
17 16   1 -7  0 -9 
17 17  -1 -6  0 -9 
18 18   1 -8  0 -9 
19 18   1 -7  0 -9 
19 19  -1 -6  0 -9 
20 20   1 -8  0 -9 
21 20   1 -7  0 -9 
21 21  -1 -6  0 -9 
22 22   1 -8  0 -9 
23 22   1 -7  0 -9 
23 23  -1 -6  0 -9 
24 17  -1 -4  0 -9 
24 20   1 -6  0 -9 
24 21  -1 -5  0 -9 
24 23  -1 -4  0 -9 
24 25   1 -3  0 -9 
25 16   1 -6  0 -9 
25 17  -1 -5  0 -9 
25 21  -1 -4  0 -9 
25 22   1 -6  0 -9 
25 23  -1 -5  0 -9 
25 24   1 -3  0 -9 
26 26   1 -8  0 -9 
27  1   1 -7  0 -9 
27 22   1 -7  0 -9 
27 26   1 -7  0 -9 
27 27  -1 -6  0 -9 
28  1   1 -6  0 -9 
28 22   1 -6  0 -9 
28 23  -1 -5  0 -9 
28 26   1 -6  0 -9 
28 27  -1 -5  0 -9 
28 29   1 -3  0 -9 
29 22   1 -5  0 -9 
29 23  -1 -4  0 -9 
29 27  -1 -4  0 -9 
29 28   1 -3  0 -9 
30 30   1 -8  0 -9 
31 30   1 -7  0 -9 
31 31  -1 -6  0 -9 
32 32   1 -8  0 -9 
33 32   1 -7  0 -9 
33 33  -1 -6  0 -9 
34 18   1 -6  0 -9 
34 19  -1 -5  0 -9 
34 30   1 -6  0 -9 
34 31  -1 -5  0 -9 
34 33  -1 -4  0 -9 
34 35   1 -3  0 -9 
35 19  -1 -4  0 -9 
35 31  -1 -4  0 -9 
35 32   1 -6  0 -9 
35 33  -1 -5  0 -9 
35 34   1 -3  0 -9 
36 36   1 -8  0 -9 
37 30   1 -7  0 -9 
37 36   1 -7  0 -9 
37 37  -1 -6  0 -9 
38 30   1 -5  0 -9 
38 31  -1 -4  0 -9 
38 37  -1 -4  0 -9 
38 39   1 -3  0 -9 
39 30   1 -6  0 -9 
39 31  -1 -5  0 -9 
39 36   1 -6  0 -9 
39 37  -1 -5  0 -9 
39 38   1 -3  0 -9 
40 40   1 -8  0 -9 
41 40   1 -7  0 -9 
41 41  -1 -6  0 -9 
42 40   1 -7  0 -9 
42 42  -1 -6  0 -9 
43 26   1 -7  0 -9 
43 40   1 -6  0 -9 
43 41  -1 -5  0 -9 
43 42  -1 -5  0 -9 
43 44   1 -3  0 -9 
44 26  -1 -4  0 -9 
44 40   1 -5  0 -9 
44 41  -1 -4  0 -9 
44 42  -1 -4  0 -9 
44 43   1 -3  0 -9 
45 36  -1 -4  0 -9 
45 40   1 -5  0 -9 
45 41  -1 -4  0 -9 
45 42  -1 -4  0 -9 
45 46   1 -3  0 -9 
46 36   1 -7  0 -9 
46 40   1 -6  0 -9 
46 41  -1 -5  0 -9 
46 42  -1 -5  0 -9 
46 45   1 -3  0 -9 
47 26  -1 -3  0 -9 
47 36  -1 -3  0 -9 
47 40   1 -4  0 -9 
47 41  -1 -3  0 -9 
47 42  -1 -3  0 -9 
47 43   1 -2  0 -9 
47 44  -1 -1  0 -9 
47 45  -1 -1  0 -9 
47 46   1 -2  0 -9 
47 47   1  0  0 -9 
48 48   1 -8  0 -9 
49 49   1 -8  0 -9 
50 49   1 -7  0 -9 
50 50  -1 -6  0 -9 
51 51   1 -8  0 -9 
52 51   1 -7  0 -9 
52 52  -1 -6  0 -9 
53 53   1 -8  0 -9 
54 53   1 -7  0 -9 
54 54  -1 -6  0 -9 
55 55   1 -8  0 -9 
56 55   1 -7  0 -9 
56 56  -1 -6  0 -9 
57 50  -1 -4  0 -9 
57 53   1 -6  0 -9 
57 54  -1 -5  0 -9 
57 56  -1 -4  0 -9 
57 58   1 -3  0 -9 
58 49   1 -6  0 -9 
58 50  -1 -5  0 -9 
58 54  -1 -4  0 -9 
58 55   1 -6  0 -9 
58 56  -1 -5  0 -9 
58 57   1 -3  0 -9 
59 59   1 -8  0 -9 
60 55   1 -7  0 -9 
60 59   1 -7  0 -9 
60 60  -1 -6  0 -9 
61 55   1 -6  0 -9 
61 56  -1 -5  0 -9 
61 59   1 -6  0 -9 
61 60  -1 -5  0 -9 
61 62   1 -3  0 -9 
62 55   1 -5  0 -9 
62 56  -1 -4  0 -9 
62 60  -1 -4  0 -9 
62 61   1 -3  0 -9 
63 63   1 -8  0 -9 
64 63   1 -7  0 -9 
64 64  -1 -6  0 -9 
65 65   1 -8  0 -9 
66 65   1 -7  0 -9 
66 66  -1 -6  0 -9 
67 63   1 -6  0 -9 
67 64  -1 -5  0 -9 
67 66  -1 -4  0 -9 
67 68   1 -3  0 -9 
68 64  -1 -4  0 -9 
68 65   1 -6  0 -9 
68 66  -1 -5  0 -9 
68 67   1 -3  0 -9 
69 69   1 -8  0 -9 
70 69   1 -7  0 -9 
70 70  -1 -6  0 -9 
71 30   1 -6  0 -9 
71 31  -1 -5  0 -9 
71 70  -1 -4  0 -9 
71 72   1 -3  0 -9 
72 31  -1 -4  0 -9 
72 69   1 -6  0 -9 
72 70  -1 -5  0 -9 
72 71   1 -3  0 -9 
73 36   1 -7  0 -9 
73 73  -1 -6  0 -9 
74 31  -1 -3  0 -9 
74 36  -1 -4  0 -9 
74 38  -1 -1  0 -9 
74 39   1 -2  0 -9 
74 69   1 -5  0 -9 
74 70  -1 -4  0 -9 
74 71   1 -2  0 -9 
74 72  -1 -1  0 -9 
74 73   1 -3  0 -9 
74 74   1  0  0 -9 
75 75   1 -8  0 -9 
76 75   1 -7  0 -9 
76 76  -1 -6  0 -9 
77 26   1 -7  0 -9 
77 75   1 -7  0 -9 
77 77  -1 -6  0 -9 
78 26   1 -6  0 -9 
78 75   1 -6  0 -9 
78 76  -1 -5  0 -9 
78 77  -1 -5  0 -9 
78 79   1 -3  0 -9 
79 75   1 -5  0 -9 
79 76  -1 -4  0 -9 
79 77  -1 -4  0 -9 
79 78   1 -3  0 -9 
80 40   1 -6  0 -9 
80 42  -1 -5  0 -9 
80 73  -1 -4  0 -9 
80 76  -1 -4  0 -9 
80 81   1 -3  0 -9 
81 36   1 -6  0 -9 
81 42  -1 -4  0 -9 
81 73  -1 -5  0 -9 
81 75   1 -6  0 -9 
81 76  -1 -5  0 -9 
81 80   1 -3  0 -9 
82 36  -1 -3  0 -9 
82 42  -1 -3  0 -9 
82 45  -1 -1  0 -9 
82 46   1 -2  0 -9 
82 73   1 -2  0 -9 
82 75   1 -5  0 -9 
82 76  -1 -4  0 -9 
82 80   1 -2  0 -9 
82 81  -1 -1  0 -9 
82 82   1  0  0 -9 
83 36  -1 -2  0 -9 
83 44  -1  0  0 -9 
83 45  -1  0  0 -9 
83 46   1 -1  0 -9 
83 47   1  1  0 -9 
83 73   1 -1  0 -9 
83 75   1 -4  0 -9 
83 76  -1 -3  0 -9 
83 77  -1 -3  0 -9 
83 78   1 -2  0 -9 
83 79   1  1  0 -9 
83 81  -1  0  0 -9 
83 82   1  1  0 -9 
83 83  -1  2  0 -9 
84 84   1 -8  0 -9 
85 85   1 -8  0 -9 
86 84   1 -7  0 -9 
86 85   1 -7  0 -9 
86 86  -1 -6  0 -9 
87 87   1 -8  0 -9 
88 87   1 -7  0 -9 
88 88  -1 -6  0 -9 
89 89   1 -8  0 -9 
90 89   1 -7  0 -9 
90 90  -1 -6  0 -9 
91 51   1 -6  0 -9 
91 52  -1 -5  0 -9 
91 87   1 -6  0 -9 
91 88  -1 -5  0 -9 
91 90  -1 -4  0 -9 
91 92   1 -3  0 -9 
92 52  -1 -4  0 -9 
92 88  -1 -4  0 -9 
92 89   1 -6  0 -9 
92 90  -1 -5  0 -9 
92 91   1 -3  0 -9 
93 93   1 -8  0 -9 
94 85   1 -7  0 -9 
94 87   1 -7  0 -9 
94 93   1 -7  0 -9 
94 94  -1 -6  0 -9 
95 87   1 -5  0 -9 
95 88  -1 -4  0 -9 
95 94  -1 -4  0 -9 
95 96   1 -3  0 -9 
96 85   1 -6  0 -9 
96 87   1 -6  0 -9 
96 88  -1 -5  0 -9 
96 93   1 -6  0 -9 
96 94  -1 -5  0 -9 
96 95   1 -3  0 -9 
97 97   1 -8  0 -9 
98 97   1 -7  0 -9 
98 98  -1 -6  0 -9 
99 97   1 -7  0 -9 
99 99  -1 -6  0 -9 
100 59   1 -7  0 -9 
100 97   1 -6  0 -9 
100 98  -1 -5  0 -9 
100 99  -1 -5  0 -9 
100 101   1 -3  0 -9 
101 59  -1 -4  0 -9 
101 97   1 -5  0 -9 
101 98  -1 -4  0 -9 
101 99  -1 -4  0 -9 
101 100   1 -3  0 -9 
102 93  -1 -4  0 -9 
102 97   1 -5  0 -9 
102 98  -1 -4  0 -9 
102 99  -1 -4  0 -9 
102 103   1 -3  0 -9 
103 93   1 -7  0 -9 
103 97   1 -6  0 -9 
103 98  -1 -5  0 -9 
103 99  -1 -5  0 -9 
103 102   1 -3  0 -9 
104 59  -1 -3  0 -9 
104 93  -1 -3  0 -9 
104 97   1 -4  0 -9 
104 98  -1 -3  0 -9 
104 99  -1 -3  0 -9 
104 100   1 -2  0 -9 
104 101  -1 -1  0 -9 
104 102  -1 -1  0 -9 
104 103   1 -2  0 -9 
104 104   1  0  0 -9 
105 105   1 -8  0 -9 
106 105   1 -7  0 -9 
106 106  -1 -6  0 -9 
107 85   1 -7  0 -9 
107 107  -1 -6  0 -9 
108 108   1 -8  0 -9 
109 108   1 -7  0 -9 
109 109  -1 -6  0 -9 
110 110   1 -8  0 -9 
111 110   1 -7  0 -9 
111 111  -1 -6  0 -9 
112 108   1 -6  0 -9 
112 109  -1 -5  0 -9 
112 111  -1 -4  0 -9 
112 113   1 -3  0 -9 
113 109  -1 -4  0 -9 
113 110   1 -6  0 -9 
113 111  -1 -5  0 -9 
113 112   1 -3  0 -9 
114 114   1 -8  0 -9 
115 114   1 -7  0 -9 
115 115  -1 -6  0 -9 
116 87   1 -6  0 -9 
116 88  -1 -5  0 -9 
116 115  -1 -4  0 -9 
116 117   1 -3  0 -9 
117 88  -1 -4  0 -9 
117 114   1 -6  0 -9 
117 115  -1 -5  0 -9 
117 116   1 -3  0 -9 
118 93   1 -7  0 -9 
118 118  -1 -6  0 -9 
119 85  -1 -4  0 -9 
119 88  -1 -3  0 -9 
119 93  -1 -4  0 -9 
119 95  -1 -1  0 -9 
119 96   1 -2  0 -9 
119 107   1 -3  0 -9 
119 114   1 -5  0 -9 
119 115  -1 -4  0 -9 
119 116   1 -2  0 -9 
119 117  -1 -1  0 -9 
119 118   1 -3  0 -9 
119 119   1  0  0 -9 
120 120   1 -8  0 -9 
121 120   1 -7  0 -9 
121 121  -1 -6  0 -9 
122 120   1 -7  0 -9 
122 122  -1 -6  0 -9 
123 120   1 -6  0 -9 
123 121  -1 -5  0 -9 
123 122  -1 -5  0 -9 
123 124   1 -3  0 -9 
124 120   1 -5  0 -9 
124 121  -1 -4  0 -9 
124 122  -1 -4  0 -9 
124 123   1 -3  0 -9 
125 56  -1 -4  0 -9 
125 97   1 -6  0 -9 
125 99  -1 -5  0 -9 
125 118  -1 -4  0 -9 
125 121  -1 -4  0 -9 
125 126   1 -3  0 -9 
126 55   1 -6  0 -9 
126 56  -1 -5  0 -9 
126 93   1 -6  0 -9 
126 99  -1 -4  0 -9 
126 118  -1 -5  0 -9 
126 120   1 -6  0 -9 
126 121  -1 -5  0 -9 
126 125   1 -3  0 -9 
127 55   1 -5  0 -9 
127 56  -1 -4  0 -9 
127 93  -1 -3  0 -9 
127 99  -1 -3  0 -9 
127 102  -1 -1  0 -9 
127 103   1 -2  0 -9 
127 118   1 -2  0 -9 
127 120   1 -5  0 -9 
127 121  -1 -4  0 -9 
127 125   1 -2  0 -9 
127 126  -1 -1  0 -9 
127 127   1  0  0 -9 
128 55   1 -4  0 -9 
128 56  -1 -3  0 -9 
128 60  -1 -3  0 -9 
128 61   1 -2  0 -9 
128 62   1  1  0 -9 
128 93  -1 -2  0 -9 
128 101  -1  0  0 -9 
128 102  -1  0  0 -9 
128 103   1 -1  0 -9 
128 104   1  1  0 -9 
128 118   1 -1  0 -9 
128 120   1 -4  0 -9 
128 121  -1 -3  0 -9 
128 122  -1 -3  0 -9 
128 123   1 -2  0 -9 
128 124   1  1  0 -9 
128 126  -1  0  0 -9 
128 127   1  1  0 -9 
128 128  -1  2  0 -9 
129 129   1 -8  0 -9 
130 108   1 -7  0 -9 
130 129   1 -7  0 -9 
130 130  -1 -6  0 -9 
131 108   1 -5  0 -9 
131 109  -1 -4  0 -9 
131 130  -1 -4  0 -9 
131 132   1 -3  0 -9 
132 108   1 -6  0 -9 
132 109  -1 -5  0 -9 
132 129   1 -6  0 -9 
132 130  -1 -5  0 -9 
132 131   1 -3  0 -9 
133 133   1 -8  0 -9 
134 133   1 -7  0 -9 
134 134  -1 -6  0 -9 
135 134  -1 -4  0 -9 
135 136   1 -3  0 -9 
136 133   1 -6  0 -9 
136 134  -1 -5  0 -9 
136 135   1 -3  0 -9 
137 129   1 -7  0 -9 
137 137  -1 -6  0 -9 
138 109  -1 -3  0 -9 
138 110   1 -5  0 -9 
138 111  -1 -4  0 -9 
138 112   1 -2  0 -9 
138 113  -1 -1  0 -9 
138 129  -1 -4  0 -9 
138 131  -1 -1  0 -9 
138 132   1 -2  0 -9 
138 133   1 -5  0 -9 
138 134  -1 -4  0 -9 
138 135   1 -2  0 -9 
138 136  -1 -1  0 -9 
138 137   1 -3  0 -9 
138 138   1  0  0 -9 
139 139   1 -8  0 -9 
140 120   1 -5  0 -9 
140 121  -1 -4  0 -9 
140 122  -1 -4  0 -9 
140 139  -1 -4  0 -9 
140 141   1 -3  0 -9 
141 120   1 -6  0 -9 
141 121  -1 -5  0 -9 
141 122  -1 -5  0 -9 
141 139   1 -7  0 -9 
141 140   1 -3  0 -9 
142 120   1 -4  0 -9 
142 121  -1 -3  0 -9 
142 122  -1 -3  0 -9 
142 123   1 -2  0 -9 
142 124  -1 -1  0 -9 
142 139  -1 -3  0 -9 
142 140  -1 -1  0 -9 
142 141   1 -2  0 -9 
142 142   1  0  0 -9 
143 139   1 -7  0 -9 
143 143  -1 -6  0 -9 
144 143  -1 -4  0 -9 
144 145   1 -3  0 -9 
145 139   1 -6  0 -9 
145 143  -1 -5  0 -9 
145 144   1 -3  0 -9 
146 120   1 -4  1 -6  0 -9 
146 121  -1 -1 -1 -3 -1 -5  0 -9 
146 122  -1 -3  0 -9 
146 123   1 -2  0 -9 
146 124  -1 -1  0 -9 
146 139  -1 -3  0 -9 
146 140  -1 -1  0 -9 
146 141   1 -2  0 -9 
146 143   1 -2  0 -9 
146 144   1 -2  0 -9 
146 145  -1 -1  0 -9 
146 146   1  0  0 -9 
147 120   1 -3  0 -9 
147 121  -1  0 -1 -2  0 -9 
147 122  -1 -2  0 -9 
147 123   1 -1  0 -9 
147 124  -1  0  0 -9 
147 139  -1 -2  0 -9 
147 140  -1  0  0 -9 
147 141   1 -1  0 -9 
147 142   1  1  0 -9 
147 143   1 -1  0 -9 
147 145  -1  0  0 -9 
147 146   1  1  0 -9 
147 147  -1  2  0 -9 
148 148   1 -8  0 -9 
149 15   1 -7  0 -9 
149 148   1 -7  0 -9 
149 149  -1 -6  0 -9 
150 150   1 -8  0 -9 
151 16   1 -7  0 -9 
151 150   1 -7  0 -9 
151 151  -1 -6  0 -9 
152 152   1 -8  0 -9 
153 152   1 -7  0 -9 
153 153  -1 -6  0 -9 
154 16   1 -6  0 -9 
154 17  -1 -5  0 -9 
154 150   1 -6  0 -9 
154 151  -1 -5  0 -9 
154 153  -1 -4  0 -9 
154 155   1 -3  0 -9 
155 16   1 -5  0 -9 
155 17  -1 -4  0 -9 
155 151  -1 -4  0 -9 
155 152   1 -6  0 -9 
155 153  -1 -5  0 -9 
155 154   1 -3  0 -9 
156 156   1 -8  0 -9 
157 32   1 -7  0 -9 
157 148   1 -7  0 -9 
157 152   1 -7  0 -9 
157 156   1 -7  0 -9 
157 157  -1 -6  0 -9 
158 32   1 -6  0 -9 
158 33  -1 -5  0 -9 
158 148   1 -6  0 -9 
158 152   1 -6  0 -9 
158 153  -1 -5  0 -9 
158 156   1 -6  0 -9 
158 157  -1 -5  0 -9 
158 159   1 -3  0 -9 
159 32   1 -5  0 -9 
159 33  -1 -4  0 -9 
159 152   1 -5  0 -9 
159 153  -1 -4  0 -9 
159 157  -1 -4  0 -9 
159 158   1 -3  0 -9 
160 160   1 -8  0 -9 
161 160   1 -7  0 -9 
161 161  -1 -6  0 -9 
162 36   1 -7  0 -9 
162 160   1 -7  0 -9 
162 162  -1 -6  0 -9 
163 30   1 -6  0 -9 
163 31  -1 -5  0 -9 
163 36   1 -6  0 -9 
163 37  -1 -5  0 -9 
163 156   1 -7  0 -9 
163 160   1 -6  0 -9 
163 161  -1 -5  0 -9 
163 162  -1 -5  0 -9 
163 164   1 -3  0 -9 
164 30   1 -5  0 -9 
164 31  -1 -4  0 -9 
164 36   1 -5  0 -9 
164 37  -1 -4  0 -9 
164 156  -1 -4  0 -9 
164 160   1 -5  0 -9 
164 161  -1 -4  0 -9 
164 162  -1 -4  0 -9 
164 163   1 -3  0 -9 
165 160   1 -5  0 -9 
165 161  -1 -4  0 -9 
165 162  -1 -4  0 -9 
165 166   1 -3  0 -9 
166 36   1 -6  0 -9 
166 160   1 -6  0 -9 
166 161  -1 -5  0 -9 
166 162  -1 -5  0 -9 
166 165   1 -3  0 -9 
167 30   1 -4  0 -9 
167 31  -1 -3  0 -9 
167 37  -1 -3  0 -9 
167 38  -1 -1  0 -9 
167 39   1 -2  0 -9 
167 156  -1 -3  0 -9 
167 160   1 -4  0 -9 
167 161  -1 -3  0 -9 
167 162  -1 -3  0 -9 
167 163   1 -2  0 -9 
167 164  -1 -1  0 -9 
167 165  -1 -1  0 -9 
167 166   1 -2  0 -9 
167 167   1  0  0 -9 
168 168   1 -8  0 -9 
169 48   1 -7  0 -9 
169 168   1 -7  0 -9 
169 169  -1 -6  0 -9 
170 170   1 -8  0 -9 
171 49   1 -7  0 -9 
171 170   1 -7  0 -9 
171 171  -1 -6  0 -9 
172 172   1 -8  0 -9 
173 172   1 -7  0 -9 
173 173  -1 -6  0 -9 
174 49   1 -6  0 -9 
174 50  -1 -5  0 -9 
174 170   1 -6  0 -9 
174 171  -1 -5  0 -9 
174 173  -1 -4  0 -9 
174 175   1 -3  0 -9 
175 49   1 -5  0 -9 
175 50  -1 -4  0 -9 
175 171  -1 -4  0 -9 
175 172   1 -6  0 -9 
175 173  -1 -5  0 -9 
175 174   1 -3  0 -9 
176 176   1 -8  0 -9 
177 65   1 -7  0 -9 
177 172   1 -7  0 -9 
177 176   1 -7  0 -9 
177 177  -1 -6  0 -9 
178 65   1 -6  0 -9 
178 66  -1 -5  0 -9 
178 172   1 -6  0 -9 
178 173  -1 -5  0 -9 
178 176   1 -6  0 -9 
178 177  -1 -5  0 -9 
178 179   1 -3  0 -9 
179 65   1 -5  0 -9 
179 66  -1 -4  0 -9 
179 172   1 -5  0 -9 
179 173  -1 -4  0 -9 
179 177  -1 -4  0 -9 
179 178   1 -3  0 -9 
180 180   1 -8  0 -9 
181 180   1 -7  0 -9 
181 181  -1 -6  0 -9 
182 69   1 -7  0 -9 
182 156   1 -7  0 -9 
182 180   1 -7  0 -9 
182 182  -1 -6  0 -9 
183 69   1 -6  0 -9 
183 70  -1 -5  0 -9 
183 156   1 -6  0 -9 
183 180   1 -6  0 -9 
183 181  -1 -5  0 -9 
183 182  -1 -5  0 -9 
183 184   1 -3  0 -9 
184 69   1 -5  0 -9 
184 70  -1 -4  0 -9 
184 180   1 -5  0 -9 
184 181  -1 -4  0 -9 
184 182  -1 -4  0 -9 
184 183   1 -3  0 -9 
185 36   1 -6  0 -9 
185 73  -1 -5  0 -9 
185 160   1 -6  0 -9 
185 162  -1 -5  0 -9 
185 181  -1 -4  0 -9 
185 186   1 -3  0 -9 
186 36   1 -5  0 -9 
186 73  -1 -4  0 -9 
186 162  -1 -4  0 -9 
186 180   1 -6  0 -9 
186 181  -1 -5  0 -9 
186 185   1 -3  0 -9 
187 162  -1 -3  0 -9 
187 165  -1 -1  0 -9 
187 166   1 -2  0 -9 
187 180   1 -5  0 -9 
187 181  -1 -4  0 -9 
187 185   1 -2  0 -9 
187 186  -1 -1  0 -9 
187 187   1  0  0 -9 
188 36  -1 -3  0 -9 
188 38  -1  0  0 -9 
188 39   1 -1  0 -9 
188 69   1 -4  0 -9 
188 70  -1 -3  0 -9 
188 72  -1  0  0 -9 
188 73   1 -2  0 -9 
188 74   1  1  0 -9 
188 164  -1  0  0 -9 
188 165  -1  0  0 -9 
188 166   1 -1  0 -9 
188 167   1  1  0 -9 
188 180   1 -4  0 -9 
188 181  -1 -3  0 -9 
188 182  -1 -3  0 -9 
188 183   1 -2  0 -9 
188 184   1  1  0 -9 
188 186  -1  0  0 -9 
188 187   1  1  0 -9 
188 188  -1  2  0 -9 
189 189   1 -8  0 -9 
190 84   1 -7  0 -9 
190 189   1 -7  0 -9 
190 190  -1 -6  0 -9 
191 191   1 -8  0 -9 
192 85   1 -7  0 -9 
192 191   1 -7  0 -9 
192 192  -1 -6  0 -9 
193 193   1 -8  0 -9 
194 193   1 -7  0 -9 
194 194  -1 -6  0 -9 
195 84   1 -6  0 -9 
195 85   1 -6  0 -9 
195 86  -1 -5  0 -9 
195 189   1 -6  0 -9 
195 190  -1 -5  0 -9 
195 191   1 -6  0 -9 
195 192  -1 -5  0 -9 
195 194  -1 -4  0 -9 
195 196   1 -3  0 -9 
196 84   1 -5  0 -9 
196 85   1 -5  0 -9 
196 86  -1 -4  0 -9 
196 190  -1 -4  0 -9 
196 192  -1 -4  0 -9 
196 193   1 -6  0 -9 
196 194  -1 -5  0 -9 
196 195   1 -3  0 -9 
197 197   1 -8  0 -9 
198 191   1 -7  0 -9 
198 197   1 -7  0 -9 
198 198  -1 -6  0 -9 
199 191   1 -5  0 -9 
199 192  -1 -4  0 -9 
199 198  -1 -4  0 -9 
199 200   1 -3  0 -9 
200 85   1 -6  0 -9 
200 191   1 -6  0 -9 
200 192  -1 -5  0 -9 
200 197   1 -6  0 -9 
200 198  -1 -5  0 -9 
200 199   1 -3  0 -9 
201 201   1 -8  0 -9 
202 89   1 -7  0 -9 
202 168   1 -7  0 -9 
202 172   1 -7  0 -9 
202 193   1 -7  0 -9 
202 201   1 -7  0 -9 
202 202  -1 -6  0 -9 
203 89   1 -6  0 -9 
203 90  -1 -5  0 -9 
203 168   1 -6  0 -9 
203 172   1 -6  0 -9 
203 173  -1 -5  0 -9 
203 193   1 -6  0 -9 
203 194  -1 -5  0 -9 
203 201   1 -6  0 -9 
203 202  -1 -5  0 -9 
203 204   1 -3  0 -9 
204 89   1 -5  0 -9 
204 90  -1 -4  0 -9 
204 172   1 -5  0 -9 
204 173  -1 -4  0 -9 
204 193   1 -5  0 -9 
204 194  -1 -4  0 -9 
204 202  -1 -4  0 -9 
204 203   1 -3  0 -9 
205 205   1 -8  0 -9 
206 205   1 -7  0 -9 
206 206  -1 -6  0 -9 
207 93   1 -7  0 -9 
207 197   1 -7  0 -9 
207 205   1 -7  0 -9 
207 207  -1 -6  0 -9 
208 85   1 -6  0 -9 
208 87   1 -6  0 -9 
208 88  -1 -5  0 -9 
208 93   1 -6  0 -9 
208 94  -1 -5  0 -9 
208 191   1 -6  0 -9 
208 192  -1 -5  0 -9 
208 197   1 -6  0 -9 
208 198  -1 -5  0 -9 
208 201   1 -7  0 -9 
208 205   1 -6  0 -9 
208 206  -1 -5  0 -9 
208 207  -1 -5  0 -9 
208 209   1 -3  0 -9 
209 85   1 -5  0 -9 
209 87   1 -5  0 -9 
209 88  -1 -4  0 -9 
209 93   1 -5  0 -9 
209 94  -1 -4  0 -9 
209 191   1 -5  0 -9 
209 192  -1 -4  0 -9 
209 197   1 -5  0 -9 
209 198  -1 -4  0 -9 
209 201  -1 -4  0 -9 
209 205   1 -5  0 -9 
209 206  -1 -4  0 -9 
209 207  -1 -4  0 -9 
209 208   1 -3  0 -9 
210 205   1 -5  0 -9 
210 206  -1 -4  0 -9 
210 207  -1 -4  0 -9 
210 211   1 -3  0 -9 
211 93   1 -6  0 -9 
211 197   1 -6  0 -9 
211 205   1 -6  0 -9 
211 206  -1 -5  0 -9 
211 207  -1 -5  0 -9 
211 210   1 -3  0 -9 
212 87   1 -4  0 -9 
212 88  -1 -3  0 -9 
212 94  -1 -3  0 -9 
212 95  -1 -1  0 -9 
212 96   1 -2  0 -9 
212 191   1 -4  0 -9 
212 192  -1 -3  0 -9 
212 198  -1 -3  0 -9 
212 199  -1 -1  0 -9 
212 200   1 -2  0 -9 
212 201  -1 -3  0 -9 
212 205   1 -4  0 -9 
212 206  -1 -3  0 -9 
212 207  -1 -3  0 -9 
212 208   1 -2  0 -9 
212 209  -1 -1  0 -9 
212 210  -1 -1  0 -9 
212 211   1 -2  0 -9 
212 212   1  0  0 -9 
213 213   1 -8  0 -9 
214 105   1 -7  0 -9 
214 213   1 -7  0 -9 
214 214  -1 -6  0 -9 
215 215   1 -8  0 -9 
216 215   1 -7  0 -9 
216 216  -1 -6  0 -9 
217 105   1 -6  0 -9 
217 106  -1 -5  0 -9 
217 213   1 -6  0 -9 
217 214  -1 -5  0 -9 
217 216  -1 -4  0 -9 
217 218   1 -3  0 -9 
218 105   1 -5  0 -9 
218 106  -1 -4  0 -9 
218 214  -1 -4  0 -9 
218 215   1 -6  0 -9 
218 216  -1 -5  0 -9 
218 217   1 -3  0 -9 
219 219   1 -8  0 -9 
220 219   1 -7  0 -9 
220 220  -1 -6  0 -9 
221 85   1 -6  0 -9 
221 107  -1 -5  0 -9 
221 191   1 -6  0 -9 
221 192  -1 -5  0 -9 
221 220  -1 -4  0 -9 
221 222   1 -3  0 -9 
222 85   1 -5  0 -9 
222 107  -1 -4  0 -9 
222 192  -1 -4  0 -9 
222 219   1 -6  0 -9 
222 220  -1 -5  0 -9 
222 221   1 -3  0 -9 
223 197   1 -7  0 -9 
223 223  -1 -6  0 -9 
224 192  -1 -3  0 -9 
224 197  -1 -4  0 -9 
224 199  -1 -1  0 -9 
224 200   1 -2  0 -9 
224 219   1 -5  0 -9 
224 220  -1 -4  0 -9 
224 221   1 -2  0 -9 
224 222  -1 -1  0 -9 
224 223   1 -3  0 -9 
224 224   1  0  0 -9 
225 225   1 -8  0 -9 
226 110   1 -7  0 -9 
226 215   1 -7  0 -9 
226 225   1 -7  0 -9 
226 226  -1 -6  0 -9 
227 110   1 -6  0 -9 
227 111  -1 -5  0 -9 
227 215   1 -6  0 -9 
227 216  -1 -5  0 -9 
227 225   1 -6  0 -9 
227 226  -1 -5  0 -9 
227 228   1 -3  0 -9 
228 110   1 -5  0 -9 
228 111  -1 -4  0 -9 
228 215   1 -5  0 -9 
228 216  -1 -4  0 -9 
228 226  -1 -4  0 -9 
228 227   1 -3  0 -9 
229 229   1 -8  0 -9 
230 229   1 -7  0 -9 
230 230  -1 -6  0 -9 
231 114   1 -7  0 -9 
231 172   1 -7  0 -9 
231 201   1 -7  0 -9 
231 219   1 -7  0 -9 
231 229   1 -7  0 -9 
231 231  -1 -6  0 -9 
232 114   1 -6  0 -9 
232 115  -1 -5  0 -9 
232 172   1 -6  0 -9 
232 173  -1 -5  0 -9 
232 201   1 -6  0 -9 
232 219   1 -6  0 -9 
232 220  -1 -5  0 -9 
232 229   1 -6  0 -9 
232 230  -1 -5  0 -9 
232 231  -1 -5  0 -9 
232 233   1 -3  0 -9 
233 114   1 -5  0 -9 
233 115  -1 -4  0 -9 
233 172   1 -5  0 -9 
233 173  -1 -4  0 -9 
233 219   1 -5  0 -9 
233 220  -1 -4  0 -9 
233 229   1 -5  0 -9 
233 230  -1 -4  0 -9 
233 231  -1 -4  0 -9 
233 232   1 -3  0 -9 
234 93   1 -6  0 -9 
234 118  -1 -5  0 -9 
234 173  -1 -4  0 -9 
234 197   1 -6  0 -9 
234 205   1 -6  0 -9 
234 207  -1 -5  0 -9 
234 223  -1 -5  0 -9 
234 230  -1 -4  0 -9 
234 235   1 -3  0 -9 
235 93   1 -5  0 -9 
235 118  -1 -4  0 -9 
235 172   1 -6  0 -9 
235 173  -1 -5  0 -9 
235 197   1 -5  0 -9 
235 207  -1 -4  0 -9 
235 223  -1 -4  0 -9 
235 229   1 -6  0 -9 
235 230  -1 -5  0 -9 
235 234   1 -3  0 -9 
236 172   1 -5  0 -9 
236 173  -1 -4  0 -9 
236 207  -1 -3  0 -9 
236 210  -1 -1  0 -9 
236 211   1 -2  0 -9 
236 229   1 -5  0 -9 
236 230  -1 -4  0 -9 
236 234   1 -2  0 -9 
236 235  -1 -1  0 -9 
236 236   1  0  0 -9 
237 85  -1 -3  0 -9 
237 93  -1 -3  0 -9 
237 95  -1  0  0 -9 
237 96   1 -1  0 -9 
237 107   1 -2  0 -9 
237 114   1 -4  0 -9 
237 115  -1 -3  0 -9 
237 117  -1  0  0 -9 
237 118   1 -2  0 -9 
237 119   1  1  0 -9 
237 172   1 -4  0 -9 
237 173  -1 -3  0 -9 
237 197  -1 -3  0 -9 
237 199  -1  0  0 -9 
237 200   1 -1  0 -9 
237 209  -1  0  0 -9 
237 210  -1  0  0 -9 
237 211   1 -1  0 -9 
237 212   1  1  0 -9 
237 219   1 -4  0 -9 
237 220  -1 -3  0 -9 
237 222  -1  0  0 -9 
237 223   1 -2  0 -9 
237 224   1  1  0 -9 
237 229   1 -4  0 -9 
237 230  -1 -3  0 -9 
237 231  -1 -3  0 -9 
237 232   1 -2  0 -9 
237 233   1  1  0 -9 
237 235  -1  0  0 -9 
237 236   1  1  0 -9 
237 237  -1  2  0 -9 
238 238   1 -8  0 -9 
239 238   1 -7  0 -9 
239 239  -1 -6  0 -9 
240 129   1 -7  0 -9 
240 238   1 -7  0 -9 
240 240  -1 -6  0 -9 
241 108   1 -6  0 -9 
241 109  -1 -5  0 -9 
241 129   1 -6  0 -9 
241 130  -1 -5  0 -9 
241 225   1 -7  0 -9 
241 238   1 -6  0 -9 
241 239  -1 -5  0 -9 
241 240  -1 -5  0 -9 
241 242   1 -3  0 -9 
242 108   1 -5  0 -9 
242 109  -1 -4  0 -9 
242 129   1 -5  0 -9 
242 130  -1 -4  0 -9 
242 225  -1 -4  0 -9 
242 238   1 -5  0 -9 
242 239  -1 -4  0 -9 
242 240  -1 -4  0 -9 
242 241   1 -3  0 -9 
243 197  -1 -4  0 -9 
243 238   1 -5  0 -9 
243 239  -1 -4  0 -9 
243 240  -1 -4  0 -9 
243 244   1 -3  0 -9 
244 129   1 -6  0 -9 
244 197   1 -7  0 -9 
244 238   1 -6  0 -9 
244 239  -1 -5  0 -9 
244 240  -1 -5  0 -9 
244 243   1 -3  0 -9 
245 108   1 -4  0 -9 
245 109  -1 -3  0 -9 
245 130  -1 -3  0 -9 
245 131  -1 -1  0 -9 
245 132   1 -2  0 -9 
245 197  -1 -3  0 -9 
245 225  -1 -3  0 -9 
245 238   1 -4  0 -9 
245 239  -1 -3  0 -9 
245 240  -1 -3  0 -9 
245 241   1 -2  0 -9 
245 242  -1 -1  0 -9 
245 243  -1 -1  0 -9 
245 244   1 -2  0 -9 
245 245   1  0  0 -9 
246 246   1 -8  0 -9 
247 246   1 -7  0 -9 
247 247  -1 -6  0 -9 
248 133   1 -7  0 -9 
248 246   1 -7  0 -9 
248 248  -1 -6  0 -9 
249 133   1 -6  0 -9 
249 134  -1 -5  0 -9 
249 246   1 -6  0 -9 
249 247  -1 -5  0 -9 
249 248  -1 -5  0 -9 
249 250   1 -3  0 -9 
250 133   1 -5  0 -9 
250 134  -1 -4  0 -9 
250 246   1 -5  0 -9 
250 247  -1 -4  0 -9 
250 248  -1 -4  0 -9 
250 249   1 -3  0 -9 
251 129   1 -6  0 -9 
251 137  -1 -5  0 -9 
251 216  -1 -4  0 -9 
251 223  -1 -4  0 -9 
251 238   1 -6  0 -9 
251 240  -1 -5  0 -9 
251 247  -1 -4  0 -9 
251 252   1 -3  0 -9 
252 129   1 -5  0 -9 
252 137  -1 -4  0 -9 
252 197   1 -6  0 -9 
252 215   1 -6  0 -9 
252 216  -1 -5  0 -9 
252 223  -1 -5  0 -9 
252 240  -1 -4  0 -9 
252 246   1 -6  0 -9 
252 247  -1 -5  0 -9 
252 251   1 -3  0 -9 
253 197  -1 -3  0 -9 
253 215   1 -5  0 -9 
253 216  -1 -4  0 -9 
253 223   1 -2  0 -9 
253 240  -1 -3  0 -9 
253 243  -1 -1  0 -9 
253 244   1 -2  0 -9 
253 246   1 -5  0 -9 
253 247  -1 -4  0 -9 
253 251   1 -2  0 -9 
253 252  -1 -1  0 -9 
253 253   1  0  0 -9 
254 110   1 -4  0 -9 
254 111  -1 -3  0 -9 
254 113  -1  0  0 -9 
254 129  -1 -3  0 -9 
254 131  -1  0  0 -9 
254 132   1 -1  0 -9 
254 133   1 -4  0 -9 
254 134  -1 -3  0 -9 
254 136  -1  0  0 -9 
254 137   1 -2  0 -9 
254 138   1  1  0 -9 
254 197  -1 -2  0 -9 
254 215   1 -4  0 -9 
254 216  -1 -3  0 -9 
254 223   1 -1  0 -9 
254 226  -1 -3  0 -9 
254 227   1 -2  0 -9 
254 228   1  1  0 -9 
254 242  -1  0  0 -9 
254 243  -1  0  0 -9 
254 244   1 -1  0 -9 
254 245   1  1  0 -9 
254 246   1 -4  0 -9 
254 247  -1 -3  0 -9 
254 248  -1 -3  0 -9 
254 249   1 -2  0 -9 
254 250   1  1  0 -9 
254 252  -1  0  0 -9 
254 253   1  1  0 -9 
254 254  -1  2  0 -9 
255 255   1 -8  0 -9 
256 246   1 -5  0 -9 
256 247  -1 -4  0 -9 
256 248  -1 -4  0 -9 
256 255  -1 -4  0 -9 
256 257   1 -3  0 -9 
257 133   1 -6  0 -9 
257 246   1 -6  0 -9 
257 247  -1 -5  0 -9 
257 248  -1 -5  0 -9 
257 255   1 -7  0 -9 
257 256   1 -3  0 -9 
258 134  -1 -3  0 -9 
258 135  -1 -1  0 -9 
258 136   1 -2  0 -9 
258 246   1 -4  0 -9 
258 247  -1 -3  0 -9 
258 248  -1 -3  0 -9 
258 249   1 -2  0 -9 
258 250  -1 -1  0 -9 
258 255  -1 -3  0 -9 
258 256  -1 -1  0 -9 
258 257   1 -2  0 -9 
258 258   1  0  0 -9 
259 255   1 -7  0 -9 
259 259  -1 -6  0 -9 
260 259  -1 -4  0 -9 
260 261   1 -3  0 -9 
261 255   1 -6  0 -9 
261 259  -1 -5  0 -9 
261 260   1 -3  0 -9 
262 246   1 -4  1 -6  0 -9 
262 247  -1 -1 -1 -3 -1 -5  0 -9 
262 248  -1 -3  0 -9 
262 249   1 -2  0 -9 
262 250  -1 -1  0 -9 
262 255  -1 -3  0 -9 
262 256  -1 -1  0 -9 
262 257   1 -2  0 -9 
262 259   1 -2  0 -9 
262 260   1 -2  0 -9 
262 261  -1 -1  0 -9 
262 262   1  0  0 -9 
263 135  -1  0  0 -9 
263 246   1 -3  0 -9 
263 247  -1  0 -1 -2  0 -9 
263 248  -1 -2  0 -9 
263 249   1 -1  0 -9 
263 250  -1  0  0 -9 
263 255  -1 -2  0 -9 
263 256  -1  0  0 -9 
263 257   1 -1  0 -9 
263 258   1  1  0 -9 
263 259   1 -1  0 -9 
263 261  -1  0  0 -9 
263 262   1  1  0 -9 
263 263  -1  2  0 -9 
264 139   1 -7  0 -9 
264 229   1 -7  0 -9 
264 255   1 -7  0 -9 
264 264  -1 -6  0 -9 
265 229   1 -5  0 -9 
265 230  -1 -4  0 -9 
265 264  -1 -4  0 -9 
265 266   1 -3  0 -9 
266 139   1 -6  0 -9 
266 229   1 -6  0 -9 
266 230  -1 -5  0 -9 
266 255   1 -6  0 -9 
266 264  -1 -5  0 -9 
266 265   1 -3  0 -9 
267 139   1 -6  0 -9 
267 143  -1 -5  0 -9 
267 229   1 -6  0 -9 
267 230  -1 -5  0 -9 
267 255   1 -6  0 -9 
267 259  -1 -5  0 -9 
267 264  -1 -5  0 -9 
267 268   1 -3  0 -9 
268 139   1 -5  0 -9 
268 143  -1 -4  0 -9 
268 229   1 -5  0 -9 
268 230  -1 -4  0 -9 
268 255   1 -5  0 -9 
268 259  -1 -4  0 -9 
268 264  -1 -4  0 -9 
268 267   1 -3  0 -9 
269 229   1 -4  1 -6  0 -9 
269 230  -1 -1 -1 -3 -1 -5  0 -9 
269 264  -1 -3  0 -9 
269 265  -1 -1  0 -9 
269 266   1 -2  0 -9 
269 267   1 -2  0 -9 
269 268  -1 -1  0 -9 
269 269   1  0  0 -9 
270 143  -1 -3  0 -9 
270 144  -1 -1  0 -9 
270 145   1 -2  0 -9 
270 229   1 -4  0 -9 
270 230  -1 -3  0 -9 
270 259  -1 -3  0 -9 
270 260  -1 -1  0 -9 
270 261   1 -2  0 -9 
270 264  -1 -3  0 -9 
270 265  -1 -1  0 -9 
270 266   1 -2  0 -9 
270 267   1 -2  0 -9 
270 268  -1 -1  0 -9 
270 270   1  0  0 -9 
271 144  -1  0  0 -9 
271 229   1 -3  0 -9 
271 230  -1  0 -1 -2  0 -9 
271 260  -1  0  0 -9 
271 264  -1 -2  0 -9 
271 265  -1  0  0 -9 
271 266   1 -1  0 -9 
271 267   1 -1  0 -9 
271 268  -1  0  0 -9 
271 269   1  1  0 -9 
271 270   1  1  0 -9 
271 271  -1  2  0 -9 
272 272   1 -8  0 -9 
273 272   1 -7  0 -9 
273 273  -1 -6  0 -9 
274 274   1 -8  0 -9 
275 274   1 -7  0 -9 
275 275  -1 -6  0 -9 
276 276   1 -8  0 -9 
277 276   1 -7  0 -9 
277 277  -1 -6  0 -9 
278 86  -1 -4  0 -9 
278 272   1 -6  0 -9 
278 273  -1 -5  0 -9 
278 274   1 -6  0 -9 
278 275  -1 -5  0 -9 
278 277  -1 -4  0 -9 
278 279   1 -3  0 -9 
279 84   1 -6  0 -9 
279 85   1 -6  0 -9 
279 86  -1 -5  0 -9 
279 273  -1 -4  0 -9 
279 275  -1 -4  0 -9 
279 276   1 -6  0 -9 
279 277  -1 -5  0 -9 
279 278   1 -3  0 -9 
280 280   1 -8  0 -9 
281 274   1 -7  0 -9 
281 280   1 -7  0 -9 
281 281  -1 -6  0 -9 
282 85  -1 -4  0 -9 
282 274   1 -5  0 -9 
282 275  -1 -4  0 -9 
282 281  -1 -4  0 -9 
282 283   1 -3  0 -9 
283 85   1 -7  0 -9 
283 274   1 -6  0 -9 
283 275  -1 -5  0 -9 
283 280   1 -6  0 -9 
283 281  -1 -5  0 -9 
283 282   1 -3  0 -9 
284 284   1 -8  0 -9 
285 276   1 -7  0 -9 
285 284   1 -7  0 -9 
285 285  -1 -6  0 -9 
286 276   1 -6  0 -9 
286 277  -1 -5  0 -9 
286 284   1 -6  0 -9 
286 285  -1 -5  0 -9 
286 287   1 -3  0 -9 
287 276   1 -5  0 -9 
287 277  -1 -4  0 -9 
287 285  -1 -4  0 -9 
287 286   1 -3  0 -9 
288 288   1 -8  0 -9 
289 288   1 -7  0 -9 
289 289  -1 -6  0 -9 
290 280   1 -7  0 -9 
290 288   1 -7  0 -9 
290 290  -1 -6  0 -9 
291 274   1 -6  0 -9 
291 275  -1 -5  0 -9 
291 280   1 -6  0 -9 
291 281  -1 -5  0 -9 
291 284   1 -7  0 -9 
291 288   1 -6  0 -9 
291 289  -1 -5  0 -9 
291 290  -1 -5  0 -9 
291 292   1 -3  0 -9 
292 274   1 -5  0 -9 
292 275  -1 -4  0 -9 
292 280   1 -5  0 -9 
292 281  -1 -4  0 -9 
292 284  -1 -4  0 -9 
292 288   1 -5  0 -9 
292 289  -1 -4  0 -9 
292 290  -1 -4  0 -9 
292 291   1 -3  0 -9 
293 288   1 -5  0 -9 
293 289  -1 -4  0 -9 
293 290  -1 -4  0 -9 
293 294   1 -3  0 -9 
294 280   1 -6  0 -9 
294 288   1 -6  0 -9 
294 289  -1 -5  0 -9 
294 290  -1 -5  0 -9 
294 293   1 -3  0 -9 
295 85  -1 -3  0 -9 
295 274   1 -4  0 -9 
295 275  -1 -3  0 -9 
295 281  -1 -3  0 -9 
295 282  -1 -1  0 -9 
295 283   1 -2  0 -9 
295 284  -1 -3  0 -9 
295 288   1 -4  0 -9 
295 289  -1 -3  0 -9 
295 290  -1 -3  0 -9 
295 291   1 -2  0 -9 
295 292  -1 -1  0 -9 
295 293  -1 -1  0 -9 
295 294   1 -2  0 -9 
295 295   1  0  0 -9 
296 296   1 -8  0 -9 
297 296   1 -7  0 -9 
297 297  -1 -6  0 -9 
298 298   1 -8  0 -9 
299 298   1 -7  0 -9 
299 299  -1 -6  0 -9 
300 17  -1 -4  0 -9 
300 106  -1 -4  0 -9 
300 296   1 -6  0 -9 
300 297  -1 -5  0 -9 
300 299  -1 -4  0 -9 
300 301   1 -3  0 -9 
301 16   1 -6  0 -9 
301 17  -1 -5  0 -9 
301 105   1 -6  0 -9 
301 106  -1 -5  0 -9 
301 297  -1 -4  0 -9 
301 298   1 -6  0 -9 
301 299  -1 -5  0 -9 
301 300   1 -3  0 -9 
302 302   1 -8  0 -9 
303 302   1 -7  0 -9 
303 303  -1 -6  0 -9 
304 30   1 -6  0 -9 
304 31  -1 -5  0 -9 
304 107  -1 -4  0 -9 
304 274   1 -6  0 -9 
304 275  -1 -5  0 -9 
304 303  -1 -4  0 -9 
304 305   1 -3  0 -9 
305 31  -1 -4  0 -9 
305 85   1 -6  0 -9 
305 107  -1 -5  0 -9 
305 275  -1 -4  0 -9 
305 302   1 -6  0 -9 
305 303  -1 -5  0 -9 
305 304   1 -3  0 -9 
306 36   1 -7  0 -9 
306 280   1 -7  0 -9 
306 306  -1 -6  0 -9 
307 31  -1 -3  0 -9 
307 36  -1 -4  0 -9 
307 38  -1 -1  0 -9 
307 39   1 -2  0 -9 
307 85  -1 -3  0 -9 
307 107   1 -2  0 -9 
307 275  -1 -3  0 -9 
307 280  -1 -4  0 -9 
307 282  -1 -1  0 -9 
307 283   1 -2  0 -9 
307 302   1 -5  0 -9 
307 303  -1 -4  0 -9 
307 304   1 -2  0 -9 
307 305  -1 -1  0 -9 
307 306   1 -3  0 -9 
307 307   1  0  0 -9 
308 308   1 -8  0 -9 
309 298   1 -7  0 -9 
309 308   1 -7  0 -9 
309 309  -1 -6  0 -9 
310 298   1 -6  0 -9 
310 299  -1 -5  0 -9 
310 308   1 -6  0 -9 
310 309  -1 -5  0 -9 
310 311   1 -3  0 -9 
311 298   1 -5  0 -9 
311 299  -1 -4  0 -9 
311 309  -1 -4  0 -9 
311 310   1 -3  0 -9 
312 312   1 -8  0 -9 
313 312   1 -7  0 -9 
313 313  -1 -6  0 -9 
314 152   1 -7  0 -9 
314 156   1 -7  0 -9 
314 284   1 -7  0 -9 
314 302   1 -7  0 -9 
314 312   1 -7  0 -9 
314 314  -1 -6  0 -9 
315 152   1 -6  0 -9 
315 153  -1 -5  0 -9 
315 156   1 -6  0 -9 
315 284   1 -6  0 -9 
315 302   1 -6  0 -9 
315 303  -1 -5  0 -9 
315 312   1 -6  0 -9 
315 313  -1 -5  0 -9 
315 314  -1 -5  0 -9 
315 316   1 -3  0 -9 
316 152   1 -5  0 -9 
316 153  -1 -4  0 -9 
316 302   1 -5  0 -9 
316 303  -1 -4  0 -9 
316 312   1 -5  0 -9 
316 313  -1 -4  0 -9 
316 314  -1 -4  0 -9 
316 315   1 -3  0 -9 
317 36   1 -6  0 -9 
317 153  -1 -4  0 -9 
317 160   1 -6  0 -9 
317 162  -1 -5  0 -9 
317 280   1 -6  0 -9 
317 288   1 -6  0 -9 
317 290  -1 -5  0 -9 
317 306  -1 -5  0 -9 
317 313  -1 -4  0 -9 
317 318   1 -3  0 -9 
318 36   1 -5  0 -9 
318 152   1 -6  0 -9 
318 153  -1 -5  0 -9 
318 162  -1 -4  0 -9 
318 280   1 -5  0 -9 
318 290  -1 -4  0 -9 
318 306  -1 -4  0 -9 
318 312   1 -6  0 -9 
318 313  -1 -5  0 -9 
318 317   1 -3  0 -9 
319 152   1 -5  0 -9 
319 153  -1 -4  0 -9 
319 162  -1 -3  0 -9 
319 165  -1 -1  0 -9 
319 166   1 -2  0 -9 
319 290  -1 -3  0 -9 
319 293  -1 -1  0 -9 
319 294   1 -2  0 -9 
319 312   1 -5  0 -9 
319 313  -1 -4  0 -9 
319 317   1 -2  0 -9 
319 318  -1 -1  0 -9 
319 319   1  0  0 -9 
320 36  -1 -3  0 -9 
320 38  -1  0  0 -9 
320 39   1 -1  0 -9 
320 85  -1 -2  0 -9 
320 107   1 -1  0 -9 
320 152   1 -4  0 -9 
320 153  -1 -3  0 -9 
320 164  -1  0  0 -9 
320 165  -1  0  0 -9 
320 166   1 -1  0 -9 
320 167   1  1  0 -9 
320 280  -1 -3  0 -9 
320 282  -1  0  0 -9 
320 283   1 -1  0 -9 
320 292  -1  0  0 -9 
320 293  -1  0  0 -9 
320 294   1 -1  0 -9 
320 295   1  1  0 -9 
320 302   1 -4  0 -9 
320 303  -1 -3  0 -9 
320 305  -1  0  0 -9 
320 306   1 -2  0 -9 
320 307   1  1  0 -9 
320 312   1 -4  0 -9 
320 313  -1 -3  0 -9 
320 314  -1 -3  0 -9 
320 315   1 -2  0 -9 
320 316   1  1  0 -9 
320 318  -1  0  0 -9 
320 319   1  1  0 -9 
320 320  -1  2  0 -9 
321 321   1 -8  0 -9 
322 321   1 -7  0 -9 
322 322  -1 -6  0 -9 
323 321   1 -7  0 -9 
323 323  -1 -6  0 -9 
324 308   1 -7  0 -9 
324 321   1 -6  0 -9 
324 322  -1 -5  0 -9 
324 323  -1 -5  0 -9 
324 325   1 -3  0 -9 
325 308  -1 -4  0 -9 
325 321   1 -5  0 -9 
325 322  -1 -4  0 -9 
325 323  -1 -4  0 -9 
325 324   1 -3  0 -9 
326 36  -1 -4  0 -9 
326 129  -1 -4  0 -9 
326 280  -1 -4  0 -9 
326 321   1 -5  0 -9 
326 322  -1 -4  0 -9 
326 323  -1 -4  0 -9 
326 327   1 -3  0 -9 
327 36   1 -7  0 -9 
327 129   1 -7  0 -9 
327 280   1 -7  0 -9 
327 321   1 -6  0 -9 
327 322  -1 -5  0 -9 
327 323  -1 -5  0 -9 
327 326   1 -3  0 -9 
328 36  -1 -3  0 -9 
328 129  -1 -3  0 -9 
328 280  -1 -3  0 -9 
328 308  -1 -3  0 -9 
328 321   1 -4  0 -9 
328 322  -1 -3  0 -9 
328 323  -1 -3  0 -9 
328 324   1 -2  0 -9 
328 325  -1 -1  0 -9 
328 326  -1 -1  0 -9 
328 327   1 -2  0 -9 
328 328   1  0  0 -9 
329 329   1 -8  0 -9 
330 329   1 -7  0 -9 
330 330  -1 -6  0 -9 
331 329   1 -7  0 -9 
331 331  -1 -6  0 -9 
332 329   1 -6  0 -9 
332 330  -1 -5  0 -9 
332 331  -1 -5  0 -9 
332 333   1 -3  0 -9 
333 329   1 -5  0 -9 
333 330  -1 -4  0 -9 
333 331  -1 -4  0 -9 
333 332   1 -3  0 -9 
334 137  -1 -4  0 -9 
334 299  -1 -4  0 -9 
334 306  -1 -4  0 -9 
334 321   1 -6  0 -9 
334 323  -1 -5  0 -9 
334 330  -1 -4  0 -9 
334 335   1 -3  0 -9 
335 36   1 -6  0 -9 
335 129   1 -6  0 -9 
335 137  -1 -5  0 -9 
335 280   1 -6  0 -9 
335 298   1 -6  0 -9 
335 299  -1 -5  0 -9 
335 306  -1 -5  0 -9 
335 323  -1 -4  0 -9 
335 329   1 -6  0 -9 
335 330  -1 -5  0 -9 
335 334   1 -3  0 -9 
336 36  -1 -3  0 -9 
336 129  -1 -3  0 -9 
336 137   1 -2  0 -9 
336 280  -1 -3  0 -9 
336 298   1 -5  0 -9 
336 299  -1 -4  0 -9 
336 306   1 -2  0 -9 
336 323  -1 -3  0 -9 
336 326  -1 -1  0 -9 
336 327   1 -2  0 -9 
336 329   1 -5  0 -9 
336 330  -1 -4  0 -9 
336 334   1 -2  0 -9 
336 335  -1 -1  0 -9 
336 336   1  0  0 -9 
337 36  -1 -2  0 -9 
337 129  -1 -2  0 -9 
337 137   1 -1  0 -9 
337 280  -1 -2  0 -9 
337 298   1 -4  0 -9 
337 299  -1 -3  0 -9 
337 306   1 -1  0 -9 
337 309  -1 -3  0 -9 
337 310   1 -2  0 -9 
337 311   1  1  0 -9 
337 325  -1  0  0 -9 
337 326  -1  0  0 -9 
337 327   1 -1  0 -9 
337 328   1  1  0 -9 
337 329   1 -4  0 -9 
337 330  -1 -3  0 -9 
337 331  -1 -3  0 -9 
337 332   1 -2  0 -9 
337 333   1  1  0 -9 
337 335  -1  0  0 -9 
337 336   1  1  0 -9 
337 337  -1  2  0 -9 
338 338   1 -8  0 -9 
339 133  -1 -4  0 -9 
339 329   1 -5  0 -9 
339 330  -1 -4  0 -9 
339 331  -1 -4  0 -9 
339 338  -1 -4  0 -9 
339 340   1 -3  0 -9 
340 133   1 -7  0 -9 
340 329   1 -6  0 -9 
340 330  -1 -5  0 -9 
340 331  -1 -5  0 -9 
340 338   1 -7  0 -9 
340 339   1 -3  0 -9 
341 133  -1 -3  0 -9 
341 329   1 -4  0 -9 
341 330  -1 -3  0 -9 
341 331  -1 -3  0 -9 
341 332   1 -2  0 -9 
341 333  -1 -1  0 -9 
341 338  -1 -3  0 -9 
341 339  -1 -1  0 -9 
341 340   1 -2  0 -9 
341 341   1  0  0 -9 
342 338   1 -7  0 -9 
342 342  -1 -6  0 -9 
343 342  -1 -4  0 -9 
343 344   1 -3  0 -9 
344 338   1 -6  0 -9 
344 342  -1 -5  0 -9 
344 343   1 -3  0 -9 
345 133  -1 -3  0 -9 
345 134   1 -2  0 -9 
345 135   1 -2  0 -9 
345 136  -1 -1  0 -9 
345 329   1 -4  1 -6  0 -9 
345 330  -1 -1 -1 -3 -1 -5  0 -9 
345 331  -1 -3  0 -9 
345 332   1 -2  0 -9 
345 333  -1 -1  0 -9 
345 338  -1 -3  0 -9 
345 339  -1 -1  0 -9 
345 340   1 -2  0 -9 
345 342   1 -2  0 -9 
345 343   1 -2  0 -9 
345 344  -1 -1  0 -9 
345 345   1  0  0 -9 
346 133  -1 -2  0 -9 
346 134   1 -1  0 -9 
346 136  -1  0  0 -9 
346 329   1 -3  0 -9 
346 330  -1  0 -1 -2  0 -9 
346 331  -1 -2  0 -9 
346 332   1 -1  0 -9 
346 333  -1  0  0 -9 
346 338  -1 -2  0 -9 
346 339  -1  0  0 -9 
346 340   1 -1  0 -9 
346 341   1  1  0 -9 
346 342   1 -1  0 -9 
346 344  -1  0  0 -9 
346 345   1  1  0 -9 
346 346  -1  2  0 -9 
347 312   1 -7  0 -9 
347 338   1 -7  0 -9 
347 347  -1 -6  0 -9 
348 312   1 -5  0 -9 
348 313  -1 -4  0 -9 
348 347  -1 -4  0 -9 
348 349   1 -3  0 -9 
349 312   1 -6  0 -9 
349 313  -1 -5  0 -9 
349 338   1 -6  0 -9 
349 347  -1 -5  0 -9 
349 348   1 -3  0 -9 
350 312   1 -6  0 -9 
350 313  -1 -5  0 -9 
350 338   1 -6  0 -9 
350 342  -1 -5  0 -9 
350 347  -1 -5  0 -9 
350 351   1 -3  0 -9 
351 312   1 -5  0 -9 
351 313  -1 -4  0 -9 
351 338   1 -5  0 -9 
351 342  -1 -4  0 -9 
351 347  -1 -4  0 -9 
351 350   1 -3  0 -9 
352 312   1 -4  1 -6  0 -9 
352 313  -1 -1 -1 -3 -1 -5  0 -9 
352 347  -1 -3  0 -9 
352 348  -1 -1  0 -9 
352 349   1 -2  0 -9 
352 350   1 -2  0 -9 
352 351  -1 -1  0 -9 
352 352   1  0  0 -9 
353 312   1 -4  0 -9 
353 313  -1 -3  0 -9 
353 342  -1 -3  0 -9 
353 343  -1 -1  0 -9 
353 344   1 -2  0 -9 
353 347  -1 -3  0 -9 
353 348  -1 -1  0 -9 
353 349   1 -2  0 -9 
353 350   1 -2  0 -9 
353 351  -1 -1  0 -9 
353 353   1  0  0 -9 
354 312   1 -3  0 -9 
354 313  -1  0 -1 -2  0 -9 
354 343  -1  0  0 -9 
354 347  -1 -2  0 -9 
354 348  -1  0  0 -9 
354 349   1 -1  0 -9 
354 350   1 -1  0 -9 
354 351  -1  0  0 -9 
354 352   1  1  0 -9 
354 353   1  1  0 -9 
354 354  -1  2  0 -9 
355 355   1 -8  0 -9 
356 355   1 -7  0 -9 
356 356  -1 -6  0 -9 
357 357   1 -8  0 -9 
358 357   1 -7  0 -9 
358 358  -1 -6  0 -9 
359 355   1 -6  0 -9 
359 356  -1 -5  0 -9 
359 358  -1 -4  0 -9 
359 360   1 -3  0 -9 
360 356  -1 -4  0 -9 
360 357   1 -6  0 -9 
360 358  -1 -5  0 -9 
360 359   1 -3  0 -9 
361 361   1 -8  0 -9 
362 85   1 -7  0 -9 
362 355   1 -7  0 -9 
362 361   1 -7  0 -9 
362 362  -1 -6  0 -9 
363 355   1 -5  0 -9 
363 356  -1 -4  0 -9 
363 362  -1 -4  0 -9 
363 364   1 -3  0 -9 
364 85   1 -6  0 -9 
364 355   1 -6  0 -9 
364 356  -1 -5  0 -9 
364 361   1 -6  0 -9 
364 362  -1 -5  0 -9 
364 363   1 -3  0 -9 
365 365   1 -8  0 -9 
366 365   1 -7  0 -9 
366 366  -1 -6  0 -9 
367 366  -1 -4  0 -9 
367 368   1 -3  0 -9 
368 365   1 -6  0 -9 
368 366  -1 -5  0 -9 
368 367   1 -3  0 -9 
369 85   1 -7  0 -9 
369 361   1 -7  0 -9 
369 369  -1 -6  0 -9 
370 85  -1 -4  0 -9 
370 356  -1 -3  0 -9 
370 357   1 -5  0 -9 
370 358  -1 -4  0 -9 
370 359   1 -2  0 -9 
370 360  -1 -1  0 -9 
370 361  -1 -4  0 -9 
370 363  -1 -1  0 -9 
370 364   1 -2  0 -9 
370 365   1 -5  0 -9 
370 366  -1 -4  0 -9 
370 367   1 -2  0 -9 
370 368  -1 -1  0 -9 
370 369   1 -3  0 -9 
370 370   1  0  0 -9 
371 371   1 -8  0 -9 
372 371   1 -7  0 -9 
372 372  -1 -6  0 -9 
373 371   1 -7  0 -9 
373 373  -1 -6  0 -9 
374 371   1 -6  0 -9 
374 372  -1 -5  0 -9 
374 373  -1 -5  0 -9 
374 375   1 -3  0 -9 
375 371   1 -5  0 -9 
375 372  -1 -4  0 -9 
375 373  -1 -4  0 -9 
375 374   1 -3  0 -9 
376 361  -1 -4  0 -9 
376 371   1 -5  0 -9 
376 372  -1 -4  0 -9 
376 373  -1 -4  0 -9 
376 377   1 -3  0 -9 
377 361   1 -7  0 -9 
377 371   1 -6  0 -9 
377 372  -1 -5  0 -9 
377 373  -1 -5  0 -9 
377 376   1 -3  0 -9 
378 361  -1 -3  0 -9 
378 371   1 -4  0 -9 
378 372  -1 -3  0 -9 
378 373  -1 -3  0 -9 
378 374   1 -2  0 -9 
378 375  -1 -1  0 -9 
378 376  -1 -1  0 -9 
378 377   1 -2  0 -9 
378 378   1  0  0 -9 
379 379   1 -8  0 -9 
380 379   1 -7  0 -9 
380 380  -1 -6  0 -9 
381 379   1 -7  0 -9 
381 381  -1 -6  0 -9 
382 379   1 -6  0 -9 
382 380  -1 -5  0 -9 
382 381  -1 -5  0 -9 
382 383   1 -3  0 -9 
383 379   1 -5  0 -9 
383 380  -1 -4  0 -9 
383 381  -1 -4  0 -9 
383 382   1 -3  0 -9 
384 274   1 -6  0 -9 
384 275  -1 -5  0 -9 
384 277  -1 -4  0 -9 
384 280  -1 -4  1 -6  0 -9 
384 288   1 -6  0 -9 
384 290  -1 -5  0 -9 
384 369  -1 -4  0 -9 
384 371   1 -6  0 -9 
384 373  -1 -5  0 -9 
384 380  -1 -4  0 -9 
384 385   1 -3  0 -9 
385 85   1 -6  0 -9 
385 275  -1 -4  0 -9 
385 276   1 -6  0 -9 
385 277  -1 -5  0 -9 
385 280   1 -7  0 -9 
385 290  -1 -4  0 -9 
385 361   1 -6  0 -9 
385 369  -1 -5  0 -9 
385 373  -1 -4  0 -9 
385 379   1 -6  0 -9 
385 380  -1 -5  0 -9 
385 384   1 -3  0 -9 
386 85  -1 -3  0 -9 
386 275  -1 -3  0 -9 
386 276   1 -5  0 -9 
386 277  -1 -4  0 -9 
386 280   1 -2 -1 -4  0 -9 
386 282  -1 -1  0 -9 
386 283   1 -2  0 -9 
386 290  -1 -3  0 -9 
386 293  -1 -1  0 -9 
386 294   1 -2  0 -9 
386 361  -1 -3  0 -9 
386 369   1 -2  0 -9 
386 373  -1 -3  0 -9 
386 376  -1 -1  0 -9 
386 377   1 -2  0 -9 
386 379   1 -5  0 -9 
386 380  -1 -4  0 -9 
386 384   1 -2  0 -9 
386 385  -1 -1  0 -9 
386 386   1  0  0 -9 
387 85  -1 -2  0 -9 
387 276   1 -4  0 -9 
387 277  -1 -3  0 -9 
387 280   1 -1 -1 -3  0 -9 
387 282  -1  0  0 -9 
387 283   1 -1  0 -9 
387 285  -1 -3  0 -9 
387 286   1 -2  0 -9 
387 287   1  1  0 -9 
387 292  -1  0  0 -9 
387 293  -1  0  0 -9 
387 294   1 -1  0 -9 
387 295   1  1  0 -9 
387 361  -1 -2  0 -9 
387 369   1 -1  0 -9 
387 375  -1  0  0 -9 
387 376  -1  0  0 -9 
387 377   1 -1  0 -9 
387 378   1  1  0 -9 
387 379   1 -4  0 -9 
387 380  -1 -3  0 -9 
387 381  -1 -3  0 -9 
387 382   1 -2  0 -9 
387 383   1  1  0 -9 
387 385  -1  0  0 -9 
387 386   1  1  0 -9 
387 387  -1  2  0 -9 
388 388   1 -8  0 -9 
389 280  -1 -4  0 -9 
389 365  -1 -4  0 -9 
389 379   1 -5  0 -9 
389 380  -1 -4  0 -9 
389 381  -1 -4  0 -9 
389 388  -1 -4  0 -9 
389 390   1 -3  0 -9 
390 280   1 -7  0 -9 
390 365   1 -7  0 -9 
390 379   1 -6  0 -9 
390 380  -1 -5  0 -9 
390 381  -1 -5  0 -9 
390 388   1 -7  0 -9 
390 389   1 -3  0 -9 
391 280  -1 -3  0 -9 
391 365  -1 -3  0 -9 
391 379   1 -4  0 -9 
391 380  -1 -3  0 -9 
391 381  -1 -3  0 -9 
391 382   1 -2  0 -9 
391 383  -1 -1  0 -9 
391 388  -1 -3  0 -9 
391 389  -1 -1  0 -9 
391 390   1 -2  0 -9 
391 391   1  0  0 -9 
392 280   1 -7  0 -9 
392 388   1 -7  0 -9 
392 392  -1 -6  0 -9 
393 392  -1 -4  0 -9 
393 394   1 -3  0 -9 
394 280   1 -6  0 -9 
394 388   1 -6  0 -9 
394 392  -1 -5  0 -9 
394 393   1 -3  0 -9 
395 280  -1 -3  0 -9 
395 365  -1 -3  0 -9 
395 366   1 -2  0 -9 
395 367   1 -2  0 -9 
395 368  -1 -1  0 -9 
395 379   1 -4  1 -6  0 -9 
395 380  -1 -1 -1 -3 -1 -5  0 -9 
395 381  -1 -3  0 -9 
395 382   1 -2  0 -9 
395 383  -1 -1  0 -9 
395 388  -1 -3  0 -9 
395 389  -1 -1  0 -9 
395 390   1 -2  0 -9 
395 392   1 -2  0 -9 
395 393   1 -2  0 -9 
395 394  -1 -1  0 -9 
395 395   1  0  0 -9 
396 280  -1 -2  0 -9 
396 365  -1 -2  0 -9 
396 366   1 -1  0 -9 
396 368  -1  0  0 -9 
396 379   1 -3  0 -9 
396 380  -1  0 -1 -2  0 -9 
396 381  -1 -2  0 -9 
396 382   1 -1  0 -9 
396 383  -1  0  0 -9 
396 388  -1 -2  0 -9 
396 389  -1  0  0 -9 
396 390   1 -1  0 -9 
396 391   1  1  0 -9 
396 392   1 -1  0 -9 
396 394  -1  0  0 -9 
396 395   1  1  0 -9 
396 396  -1  2  0 -9 
397 388   1 -7  0 -9 
397 397  -1 -6  0 -9 
398 397  -1 -4  0 -9 
398 399   1 -3  0 -9 
399 388   1 -6  0 -9 
399 397  -1 -5  0 -9 
399 398   1 -3  0 -9 
400 280   1 -6  0 -9 
400 288   1 -6  0 -9 
400 289  -1 -5  0 -9 
400 290  -1 -5  0 -9 
400 388   1 -6  0 -9 
400 392  -1 -5  0 -9 
400 397  -1 -5  0 -9 
400 401   1 -3  0 -9 
401 280   1 -5  0 -9 
401 288   1 -5  0 -9 
401 289  -1 -4  0 -9 
401 290  -1 -4  0 -9 
401 388   1 -5  0 -9 
401 392  -1 -4  0 -9 
401 397  -1 -4  0 -9 
401 400   1 -3  0 -9 
402 288   1 -4  1 -6  0 -9 
402 289  -1 -1 -1 -3 -1 -5  0 -9 
402 290  -1 -3  0 -9 
402 293  -1 -1  0 -9 
402 294   1 -2  0 -9 
402 397  -1 -3  0 -9 
402 398  -1 -1  0 -9 
402 399   1 -2  0 -9 
402 400   1 -2  0 -9 
402 401  -1 -1  0 -9 
402 402   1  0  0 -9 
403 288   1 -4  0 -9 
403 289  -1 -3  0 -9 
403 290  -1 -3  0 -9 
403 293  -1 -1  0 -9 
403 294   1 -2  0 -9 
403 392  -1 -3  0 -9 
403 393  -1 -1  0 -9 
403 394   1 -2  0 -9 
403 397  -1 -3  0 -9 
403 398  -1 -1  0 -9 
403 399   1 -2  0 -9 
403 400   1 -2  0 -9 
403 401  -1 -1  0 -9 
403 403   1  0  0 -9 
404 288   1 -3  0 -9 
404 289  -1  0 -1 -2  0 -9 
404 290  -1 -2  0 -9 
404 293  -1  0  0 -9 
404 294   1 -1  0 -9 
404 393  -1  0  0 -9 
404 397  -1 -2  0 -9 
404 398  -1  0  0 -9 
404 399   1 -1  0 -9 
404 400   1 -1  0 -9 
404 401  -1  0  0 -9 
404 402   1  1  0 -9 
404 403   1  1  0 -9 
404 404  -1  2  0 -9 
405 405   1 -8  0 -9 
406 405  -1 -4  0 -9 
406 407   1 -3  0 -9 
407 405   1 -7  0 -9 
407 406   1 -3  0 -9 
408 405  -1 -3  0 -9 
408 406  -1 -1  0 -9 
408 407   1 -2  0 -9 
408 408   1  0  0 -9 
409 361   1 -7  0 -9 
409 405   1 -7  0 -9 
409 409  -1 -6  0 -9 
410 409  -1 -4  0 -9 
410 411   1 -3  0 -9 
411 361   1 -6  0 -9 
411 405   1 -6  0 -9 
411 409  -1 -5  0 -9 
411 410   1 -3  0 -9 
412 361  -1 -3  0 -9 
412 371   1 -4  1 -6  0 -9 
412 372  -1 -1 -1 -3 -1 -5  0 -9 
412 373  -1 -3  0 -9 
412 374   1 -2  0 -9 
412 375  -1 -1  0 -9 
412 376  -1 -1  0 -9 
412 377   1 -2  0 -9 
412 405  -1 -3  0 -9 
412 406  -1 -1  0 -9 
412 407   1 -2  0 -9 
412 409   1 -2  0 -9 
412 410   1 -2  0 -9 
412 411  -1 -1  0 -9 
412 412   1  0  0 -9 
413 361  -1 -2  0 -9 
413 371   1 -3  0 -9 
413 372  -1  0 -1 -2  0 -9 
413 373  -1 -2  0 -9 
413 374   1 -1  0 -9 
413 375  -1  0  0 -9 
413 376  -1  0  0 -9 
413 377   1 -1  0 -9 
413 378   1  1  0 -9 
413 405  -1 -2  0 -9 
413 406  -1  0  0 -9 
413 407   1 -1  0 -9 
413 408   1  1  0 -9 
413 409   1 -1  0 -9 
413 411  -1  0  0 -9 
413 412   1  1  0 -9 
413 413  -1  2  0 -9 
414 388  -1 -4  0 -9 
414 415   1 -3  0 -9 
415 388   1 -7  0 -9 
415 414   1 -3  0 -9 
416 388  -1 -3  0 -9 
416 414  -1 -1  0 -9 
416 415   1 -2  0 -9 
416 416   1  0  0 -9 
417 397  -1 -3  0 -9 
417 398   1  1  0 -9 
417 399   1 -2  0 -9 
417 414  -1  0  0 -9 
417 416   1  1  0 -9 
417 417  -1  2  0 -9 
418 418   1 -8  0 -9 
419 193   1 -7  0 -9 
419 357   1 -7  0 -9 
419 418   1 -7  0 -9 
419 419  -1 -6  0 -9 
420 193   1 -6  0 -9 
420 194  -1 -5  0 -9 
420 357   1 -6  0 -9 
420 358  -1 -5  0 -9 
420 418   1 -6  0 -9 
420 419  -1 -5  0 -9 
420 421   1 -3  0 -9 
421 193   1 -5  0 -9 
421 194  -1 -4  0 -9 
421 357   1 -5  0 -9 
421 358  -1 -4  0 -9 
421 419  -1 -4  0 -9 
421 420   1 -3  0 -9 
422 422   1 -8  0 -9 
423 422   1 -7  0 -9 
423 423  -1 -6  0 -9 
424 197   1 -7  0 -9 
424 361   1 -7  0 -9 
424 422   1 -7  0 -9 
424 424  -1 -6  0 -9 
425 85   1 -6  0 -9 
425 191   1 -6  0 -9 
425 192  -1 -5  0 -9 
425 197   1 -6  0 -9 
425 198  -1 -5  0 -9 
425 355   1 -6  0 -9 
425 356  -1 -5  0 -9 
425 361   1 -6  0 -9 
425 362  -1 -5  0 -9 
425 418   1 -7  0 -9 
425 422   1 -6  0 -9 
425 423  -1 -5  0 -9 
425 424  -1 -5  0 -9 
425 426   1 -3  0 -9 
426 85   1 -5  0 -9 
426 191   1 -5  0 -9 
426 192  -1 -4  0 -9 
426 197   1 -5  0 -9 
426 198  -1 -4  0 -9 
426 355   1 -5  0 -9 
426 356  -1 -4  0 -9 
426 361   1 -5  0 -9 
426 362  -1 -4  0 -9 
426 418  -1 -4  0 -9 
426 422   1 -5  0 -9 
426 423  -1 -4  0 -9 
426 424  -1 -4  0 -9 
426 425   1 -3  0 -9 
427 422   1 -5  0 -9 
427 423  -1 -4  0 -9 
427 424  -1 -4  0 -9 
427 428   1 -3  0 -9 
428 197   1 -6  0 -9 
428 361   1 -6  0 -9 
428 422   1 -6  0 -9 
428 423  -1 -5  0 -9 
428 424  -1 -5  0 -9 
428 427   1 -3  0 -9 
429 191   1 -4  0 -9 
429 192  -1 -3  0 -9 
429 198  -1 -3  0 -9 
429 199  -1 -1  0 -9 
429 200   1 -2  0 -9 
429 355   1 -4  0 -9 
429 356  -1 -3  0 -9 
429 362  -1 -3  0 -9 
429 363  -1 -1  0 -9 
429 364   1 -2  0 -9 
429 418  -1 -3  0 -9 
429 422   1 -4  0 -9 
429 423  -1 -3  0 -9 
429 424  -1 -3  0 -9 
429 425   1 -2  0 -9 
429 426  -1 -1  0 -9 
429 427  -1 -1  0 -9 
429 428   1 -2  0 -9 
429 429   1  0  0 -9 
430 430   1 -8  0 -9 
431 430   1 -7  0 -9 
431 431  -1 -6  0 -9 
432 365   1 -7  0 -9 
432 430   1 -7  0 -9 
432 432  -1 -6  0 -9 
433 365   1 -6  0 -9 
433 366  -1 -5  0 -9 
433 430   1 -6  0 -9 
433 431  -1 -5  0 -9 
433 432  -1 -5  0 -9 
433 434   1 -3  0 -9 
434 365   1 -5  0 -9 
434 366  -1 -4  0 -9 
434 430   1 -5  0 -9 
434 431  -1 -4  0 -9 
434 432  -1 -4  0 -9 
434 433   1 -3  0 -9 
435 85   1 -6  0 -9 
435 191   1 -6  0 -9 
435 192  -1 -5  0 -9 
435 194  -1 -4  0 -9 
435 197  -1 -4  1 -6  0 -9 
435 361   1 -6  0 -9 
435 369  -1 -5  0 -9 
435 422   1 -6  0 -9 
435 424  -1 -5  0 -9 
435 431  -1 -4  0 -9 
435 436   1 -3  0 -9 
436 85   1 -5  0 -9 
436 192  -1 -4  0 -9 
436 193   1 -6  0 -9 
436 194  -1 -5  0 -9 
436 197   1 -7  0 -9 
436 361   1 -5  0 -9 
436 369  -1 -4  0 -9 
436 424  -1 -4  0 -9 
436 430   1 -6  0 -9 
436 431  -1 -5  0 -9 
436 435   1 -3  0 -9 
437 192  -1 -3  0 -9 
437 193   1 -5  0 -9 
437 194  -1 -4  0 -9 
437 197   1 -2 -1 -4  0 -9 
437 199  -1 -1  0 -9 
437 200   1 -2  0 -9 
437 424  -1 -3  0 -9 
437 427  -1 -1  0 -9 
437 428   1 -2  0 -9 
437 430   1 -5  0 -9 
437 431  -1 -4  0 -9 
437 435   1 -2  0 -9 
437 436  -1 -1  0 -9 
437 437   1  0  0 -9 
438 85  -1 -3  0 -9 
438 193   1 -4  0 -9 
438 194  -1 -3  0 -9 
438 197   1 -1 -1 -3  0 -9 
438 199  -1  0  0 -9 
438 200   1 -1  0 -9 
438 357   1 -4  0 -9 
438 358  -1 -3  0 -9 
438 360  -1  0  0 -9 
438 361  -1 -3  0 -9 
438 363  -1  0  0 -9 
438 364   1 -1  0 -9 
438 365   1 -4  0 -9 
438 366  -1 -3  0 -9 
438 368  -1  0  0 -9 
438 369   1 -2  0 -9 
438 370   1  1  0 -9 
438 419  -1 -3  0 -9 
438 420   1 -2  0 -9 
438 421   1  1  0 -9 
438 426  -1  0  0 -9 
438 427  -1  0  0 -9 
438 428   1 -1  0 -9 
438 429   1  1  0 -9 
438 430   1 -4  0 -9 
438 431  -1 -3  0 -9 
438 432  -1 -3  0 -9 
438 433   1 -2  0 -9 
438 434   1  1  0 -9 
438 436  -1  0  0 -9 
438 437   1  1  0 -9 
438 438  -1  2  0 -9 
439 439   1 -8  0 -9 
440 197  -1 -4  0 -9 
440 430   1 -5  0 -9 
440 431  -1 -4  0 -9 
440 432  -1 -4  0 -9 
440 439  -1 -4  0 -9 
440 441   1 -3  0 -9 
441 197   1 -7  0 -9 
441 365   1 -6  0 -9 
441 430   1 -6  0 -9 
441 431  -1 -5  0 -9 
441 432  -1 -5  0 -9 
441 439   1 -7  0 -9 
441 440   1 -3  0 -9 
442 197  -1 -3  0 -9 
442 366  -1 -3  0 -9 
442 367  -1 -1  0 -9 
442 368   1 -2  0 -9 
442 430   1 -4  0 -9 
442 431  -1 -3  0 -9 
442 432  -1 -3  0 -9 
442 433   1 -2  0 -9 
442 434  -1 -1  0 -9 
442 439  -1 -3  0 -9 
442 440  -1 -1  0 -9 
442 441   1 -2  0 -9 
442 442   1  0  0 -9 
443 197   1 -7  0 -9 
443 439   1 -7  0 -9 
443 443  -1 -6  0 -9 
444 443  -1 -4  0 -9 
444 445   1 -3  0 -9 
445 197   1 -6  0 -9 
445 439   1 -6  0 -9 
445 443  -1 -5  0 -9 
445 444   1 -3  0 -9 
446 197  -1 -3  0 -9 
446 430   1 -4  1 -6  0 -9 
446 431  -1 -1 -1 -3 -1 -5  0 -9 
446 432  -1 -3  0 -9 
446 433   1 -2  0 -9 
446 434  -1 -1  0 -9 
446 439  -1 -3  0 -9 
446 440  -1 -1  0 -9 
446 441   1 -2  0 -9 
446 443   1 -2  0 -9 
446 444   1 -2  0 -9 
446 445  -1 -1  0 -9 
446 446   1  0  0 -9 
447 197  -1 -2  0 -9 
447 367  -1  0  0 -9 
447 430   1 -3  0 -9 
447 431  -1  0 -1 -2  0 -9 
447 432  -1 -2  0 -9 
447 433   1 -1  0 -9 
447 434  -1  0  0 -9 
447 439  -1 -2  0 -9 
447 440  -1  0  0 -9 
447 441   1 -1  0 -9 
447 442   1  1  0 -9 
447 443   1 -1  0 -9 
447 445  -1  0  0 -9 
447 446   1  1  0 -9 
447 447  -1  2  0 -9 
448 405   1 -7  0 -9 
448 439   1 -7  0 -9 
448 448  -1 -6  0 -9 
449 448  -1 -4  0 -9 
449 450   1 -3  0 -9 
450 405   1 -6  0 -9 
450 439   1 -6  0 -9 
450 448  -1 -5  0 -9 
450 449   1 -3  0 -9 
451 197   1 -6  0 -9 
451 361   1 -6  0 -9 
451 405   1 -6  0 -9 
451 409  -1 -5  0 -9 
451 422   1 -6  0 -9 
451 423  -1 -5  0 -9 
451 424  -1 -5  0 -9 
451 439   1 -6  0 -9 
451 443  -1 -5  0 -9 
451 448  -1 -5  0 -9 
451 452   1 -3  0 -9 
452 197   1 -5  0 -9 
452 361   1 -5  0 -9 
452 405   1 -5  0 -9 
452 409  -1 -4  0 -9 
452 422   1 -5  0 -9 
452 423  -1 -4  0 -9 
452 424  -1 -4  0 -9 
452 439   1 -5  0 -9 
452 443  -1 -4  0 -9 
452 448  -1 -4  0 -9 
452 451   1 -3  0 -9 
453 422   1 -4  1 -6  0 -9 
453 423  -1 -1 -1 -3 -1 -5  0 -9 
453 424  -1 -3  0 -9 
453 427  -1 -1  0 -9 
453 428   1 -2  0 -9 
453 448  -1 -3  0 -9 
453 449  -1 -1  0 -9 
453 450   1 -2  0 -9 
453 451   1 -2  0 -9 
453 452  -1 -1  0 -9 
453 453   1  0  0 -9 
454 409  -1 -3  0 -9 
454 410  -1 -1  0 -9 
454 411   1 -2  0 -9 
454 422   1 -4  0 -9 
454 423  -1 -3  0 -9 
454 424  -1 -3  0 -9 
454 427  -1 -1  0 -9 
454 428   1 -2  0 -9 
454 443  -1 -3  0 -9 
454 444  -1 -1  0 -9 
454 445   1 -2  0 -9 
454 448  -1 -3  0 -9 
454 449  -1 -1  0 -9 
454 450   1 -2  0 -9 
454 451   1 -2  0 -9 
454 452  -1 -1  0 -9 
454 454   1  0  0 -9 
455 410  -1  0  0 -9 
455 422   1 -3  0 -9 
455 423  -1  0 -1 -2  0 -9 
455 424  -1 -2  0 -9 
455 427  -1  0  0 -9 
455 428   1 -1  0 -9 
455 444  -1  0  0 -9 
455 448  -1 -2  0 -9 
455 449  -1  0  0 -9 
455 450   1 -1  0 -9 
455 451   1 -1  0 -9 
455 452  -1  0  0 -9 
455 453   1  1  0 -9 
455 454   1  1  0 -9 
455 455  -1  2  0 -9 
456 439  -1 -4  0 -9 
456 457   1 -3  0 -9 
457 439   1 -7  0 -9 
457 456   1 -3  0 -9 
458 439  -1 -3  0 -9 
458 456  -1 -1  0 -9 
458 457   1 -2  0 -9 
458 458   1  0  0 -9 
459 406  -1  0  0 -9 
459 408   1  1  0 -9 
459 448  -1 -3  0 -9 
459 449   1  1  0 -9 
459 450   1 -2  0 -9 
459 456  -1  0  0 -9 
459 458   1  1  0 -9 
459 459  -1  2  0 -9 
9999 9999
