 0  0   1 -8  0 -9 
 1  0   1 -7  0 -9 
 1  1  -1 -6  0 -9 
 2  0   1 -6  0 -9 
 2  1  -1 -5  0 -9 
 2  3   1 -3  0 -9 
 3  1  -1 -4  0 -9 
 3  2   1 -3  0 -9 
 4  4   1 -8  0 -9 
 5  4   1 -7  0 -9 
 5  5  -1 -6  0 -9 
 6  4   1 -7  0 -9 
 6  6  -1 -6  0 -9 
 7  0   1 -7  0 -9 
 7  4   1 -6  0 -9 
 7  5  -1 -5  0 -9 
 7  6  -1 -5  0 -9 
 7  8   1 -3  0 -9 
 8  0  -1 -4  0 -9 
 8  4   1 -5  0 -9 
 8  5  -1 -4  0 -9 
 8  6  -1 -4  0 -9 
 8  7   1 -3  0 -9 
 9  4   1 -5  0 -9 
 9  5  -1 -4  0 -9 
 9  6  -1 -4  0 -9 
 9 10   1 -3  0 -9 
10  4   1 -6  0 -9 
10  5  -1 -5  0 -9 
10  6  -1 -5  0 -9 
10  9   1 -3  0 -9 
11  0  -1 -3  0 -9 
11  4   1 -4  0 -9 
11  5  -1 -3  0 -9 
11  6  -1 -3  0 -9 
11  7   1 -2  0 -9 
11  8  -1 -1  0 -9 
11  9  -1 -1  0 -9 
11 10   1 -2  0 -9 
11 11   1  0  0 -9 
12 12   1 -8  0 -9 
13 12   1 -7  0 -9 
13 13  -1 -6  0 -9 
14 12   1 -7  0 -9 
14 14  -1 -6  0 -9 
15 12   1 -6  0 -9 
15 13  -1 -5  0 -9 
15 14  -1 -5  0 -9 
15 16   1 -3  0 -9 
16 12   1 -5  0 -9 
16 13  -1 -4  0 -9 
16 14  -1 -4  0 -9 
16 15   1 -3  0 -9 
17  4   1 -6  0 -9 
17  6  -1 -5  0 -9 
17 13  -1 -4  0 -9 
17 18   1 -3  0 -9 
18  6  -1 -4  0 -9 
18 12   1 -6  0 -9 
18 13  -1 -5  0 -9 
18 17   1 -3  0 -9 
19  6  -1 -3  0 -9 
19  9  -1 -1  0 -9 
19 10   1 -2  0 -9 
19 12   1 -5  0 -9 
19 13  -1 -4  0 -9 
19 17   1 -2  0 -9 
19 18  -1 -1  0 -9 
19 19   1  0  0 -9 
20  1  -1 -3  0 -9 
20  2   1 -2  0 -9 
20  3   1  1  0 -9 
20  8  -1  0  0 -9 
20  9  -1  0  0 -9 
20 10   1 -1  0 -9 
20 11   1  1  0 -9 
20 12   1 -4  0 -9 
20 13  -1 -3  0 -9 
20 14  -1 -3  0 -9 
20 15   1 -2  0 -9 
20 16   1  1  0 -9 
20 18  -1  0  0 -9 
20 19   1  1  0 -9 
20 20  -1  2  0 -9 
21 21   1 -8  0 -9 
22 12   1 -5  0 -9 
22 13  -1 -4  0 -9 
22 14  -1 -4  0 -9 
22 21  -1 -4  0 -9 
22 23   1 -3  0 -9 
23 12   1 -6  0 -9 
23 13  -1 -5  0 -9 
23 14  -1 -5  0 -9 
23 21   1 -7  0 -9 
23 22   1 -3  0 -9 
24 12   1 -4  0 -9 
24 13  -1 -3  0 -9 
24 14  -1 -3  0 -9 
24 15   1 -2  0 -9 
24 16  -1 -1  0 -9 
24 21  -1 -3  0 -9 
24 22  -1 -1  0 -9 
24 23   1 -2  0 -9 
24 24   1  0  0 -9 
25 21   1 -7  0 -9 
25 25  -1 -6  0 -9 
26 25  -1 -4  0 -9 
26 27   1 -3  0 -9 
27 21   1 -6  0 -9 
27 25  -1 -5  0 -9 
27 26   1 -3  0 -9 
28 12   1 -4  1 -6  0 -9 
28 13  -1 -1 -1 -3 -1 -5  0 -9 
28 14  -1 -3  0 -9 
28 15   1 -2  0 -9 
28 16  -1 -1  0 -9 
28 21  -1 -3  0 -9 
28 22  -1 -1  0 -9 
28 23   1 -2  0 -9 
28 25   1 -2  0 -9 
28 26   1 -2  0 -9 
28 27  -1 -1  0 -9 
28 28   1  0  0 -9 
29 12   1 -3  0 -9 
29 13  -1  0 -1 -2  0 -9 
29 14  -1 -2  0 -9 
29 15   1 -1  0 -9 
29 16  -1  0  0 -9 
29 21  -1 -2  0 -9 
29 22  -1  0  0 -9 
29 23   1 -1  0 -9 
29 24   1  1  0 -9 
29 25   1 -1  0 -9 
29 27  -1  0  0 -9 
29 28   1  1  0 -9 
29 29  -1  2  0 -9 
30 30   1 -8  0 -9 
31 30   1 -7  0 -9 
31 31  -1 -6  0 -9 
32 30   1 -7  0 -9 
32 32  -1 -6  0 -9 
33 30   1 -6  0 -9 
33 31  -1 -5  0 -9 
33 32  -1 -5  0 -9 
33 34   1 -3  0 -9 
34 30   1 -5  0 -9 
34 31  -1 -4  0 -9 
34 32  -1 -4  0 -9 
34 33   1 -3  0 -9 
35 31  -1 -4  0 -9 
35 36   1 -3  0 -9 
36 30   1 -6  0 -9 
36 31  -1 -5  0 -9 
36 35   1 -3  0 -9 
37 30   1 -5  0 -9 
37 31  -1 -4  0 -9 
37 35   1 -2  0 -9 
37 36  -1 -1  0 -9 
37 37   1  0  0 -9 
38 30   1 -4  0 -9 
38 31  -1 -3  0 -9 
38 32  -1 -3  0 -9 
38 33   1 -2  0 -9 
38 34   1  1  0 -9 
38 36  -1  0  0 -9 
38 37   1  1  0 -9 
38 38  -1  2  0 -9 
39 39  -1 -6  0 -9 
40 13  -1 -4  0 -9 
40 39  -1 -4  0 -9 
40 41   1 -3  0 -9 
41 12   1 -6  0 -9 
41 13  -1 -5  0 -9 
41 39  -1 -5  0 -9 
41 40   1 -3  0 -9 
42 12   1 -5  0 -9 
42 13  -1 -4  0 -9 
42 39   1 -2  0 -9 
42 40   1 -2  0 -9 
42 41  -1 -1  0 -9 
42 42   1  0  0 -9 
43 12   1 -4  0 -9 
43 13  -1 -3  0 -9 
43 14  -1 -3  0 -9 
43 15   1 -2  0 -9 
43 16   1  1  0 -9 
43 39   1 -1  0 -9 
43 41  -1  0  0 -9 
43 42   1  1  0 -9 
43 43  -1  2  0 -9 
44 21   1 -5  0 -9 
44 25  -1 -4  0 -9 
44 26   1 -2  0 -9 
44 27  -1 -1  0 -9 
44 39   1 -3  0 -9 
44 44   1  0  0 -9 
45 21   1 -7  0 -9 
45 30   1 -7  0 -9 
45 45  -1 -6  0 -9 
46 30   1 -5  0 -9 
46 31  -1 -4  0 -9 
46 45  -1 -4  0 -9 
46 47   1 -3  0 -9 
47 21   1 -6  0 -9 
47 30   1 -6  0 -9 
47 31  -1 -5  0 -9 
47 45  -1 -5  0 -9 
47 46   1 -3  0 -9 
48 21   1 -6  0 -9 
48 25  -1 -5  0 -9 
48 30   1 -6  0 -9 
48 31  -1 -5  0 -9 
48 45  -1 -5  0 -9 
48 49   1 -3  0 -9 
49 21   1 -5  0 -9 
49 25  -1 -4  0 -9 
49 30   1 -5  0 -9 
49 31  -1 -4  0 -9 
49 45  -1 -4  0 -9 
49 48   1 -3  0 -9 
50 30   1 -4  1 -6  0 -9 
50 31  -1 -1 -1 -3 -1 -5  0 -9 
50 45  -1 -3  0 -9 
50 46  -1 -1  0 -9 
50 47   1 -2  0 -9 
50 48   1 -2  0 -9 
50 49  -1 -1  0 -9 
50 50   1  0  0 -9 
51 25  -1 -3  0 -9 
51 26  -1 -1  0 -9 
51 27   1 -2  0 -9 
51 30   1 -4  0 -9 
51 31  -1 -3  0 -9 
51 45  -1 -3  0 -9 
51 46  -1 -1  0 -9 
51 47   1 -2  0 -9 
51 48   1 -2  0 -9 
51 49  -1 -1  0 -9 
51 51   1  0  0 -9 
52 26  -1  0  0 -9 
52 30   1 -3  0 -9 
52 31  -1  0 -1 -2  0 -9 
52 45  -1 -2  0 -9 
52 46  -1  0  0 -9 
52 47   1 -1  0 -9 
52 48   1 -1  0 -9 
52 49  -1  0  0 -9 
52 50   1  1  0 -9 
52 51   1  1  0 -9 
52 52  -1  2  0 -9 
53 39  -1 -5  0 -9 
53 54   1 -3  0 -9 
54 39  -1 -4  0 -9 
54 53   1 -3  0 -9 
55 53   1 -2  0 -9 
55 54  -1 -1  0 -9 
55 55   1  0  0 -9 
56 21   1 -4  0 -9 
56 25  -1 -3  0 -9 
56 27  -1  0  0 -9 
56 30   1 -4  0 -9 
56 31  -1 -3  0 -9 
56 36  -1  0  0 -9 
56 37   1  1  0 -9 
56 39   1 -2  0 -9 
56 44   1  1  0 -9 
56 45  -1 -3  0 -9 
56 48   1 -2  0 -9 
56 49   1  1  0 -9 
56 54  -1  0  0 -9 
56 55   1  1  0 -9 
56 56  -1  2  0 -9 
57 39  -1 -4  0 -9 
57 58   1 -3  0 -9 
58 39  -1 -5  0 -9 
58 57   1 -3  0 -9 
59 39  -1 -3  0 -9 
59 53   1 -2  0 -9 
59 54  -1 -1  0 -9 
59 57  -1 -1  0 -9 
59 58   1 -2  0 -9 
59 59   1  0  0 -9 
60 53   1 -1  0 -9 
60 54  -1  0  0 -9 
60 55   1  1  0 -9 
60 57  -1  0  0 -9 
60 59   1  1  0 -9 
60 60  -1  2  0 -9 
61 39   1 -2  0 -9 
61 57   1 -2  0 -9 
61 58  -1 -1  0 -9 
61 61   1  0  0 -9 
62 39   1 -1  0 -9 
62 58  -1  0  0 -9 
62 61   1  1  0 -9 
62 62  -1  2  0 -9 
63 63   1 -8  0 -9 
64 63   1 -7  0 -9 
64 64  -1 -6  0 -9 
65 63   1 -7  0 -9 
65 65  -1 -6  0 -9 
66 63   1 -6  0 -9 
66 64  -1 -5  0 -9 
66 65  -1 -5  0 -9 
66 67   1 -3  0 -9 
67 63   1 -5  0 -9 
67 64  -1 -4  0 -9 
67 65  -1 -4  0 -9 
67 66   1 -3  0 -9 
68 63   1 -5  0 -9 
68 64  -1 -4  0 -9 
68 65  -1 -4  0 -9 
68 69   1 -3  0 -9 
69 63   1 -6  0 -9 
69 64  -1 -5  0 -9 
69 65  -1 -5  0 -9 
69 68   1 -3  0 -9 
70 63   1 -4  0 -9 
70 64  -1 -3  0 -9 
70 65  -1 -3  0 -9 
70 66   1 -2  0 -9 
70 67  -1 -1  0 -9 
70 68  -1 -1  0 -9 
70 69   1 -2  0 -9 
70 70   1  0  0 -9 
71 71   1 -8  0 -9 
72 71  -1 -4  0 -9 
72 73   1 -3  0 -9 
73 71   1 -7  0 -9 
73 72   1 -3  0 -9 
74 71  -1 -3  0 -9 
74 72  -1 -1  0 -9 
74 73   1 -2  0 -9 
74 74   1  0  0 -9 
75 71   1 -7  0 -9 
75 75  -1 -6  0 -9 
76 75  -1 -4  0 -9 
76 77   1 -3  0 -9 
77 71   1 -6  0 -9 
77 75  -1 -5  0 -9 
77 76   1 -3  0 -9 
78 63   1 -4  1 -6  0 -9 
78 64  -1 -1 -1 -3 -1 -5  0 -9 
78 65  -1 -3  0 -9 
78 66   1 -2  0 -9 
78 67  -1 -1  0 -9 
78 68  -1 -1  0 -9 
78 69   1 -2  0 -9 
78 71  -1 -3  0 -9 
78 72  -1 -1  0 -9 
78 73   1 -2  0 -9 
78 75   1 -2  0 -9 
78 76   1 -2  0 -9 
78 77  -1 -1  0 -9 
78 78   1  0  0 -9 
79 63   1 -3  0 -9 
79 64  -1  0 -1 -2  0 -9 
79 65  -1 -2  0 -9 
79 66   1 -1  0 -9 
79 67  -1  0  0 -9 
79 68  -1  0  0 -9 
79 69   1 -1  0 -9 
79 70   1  1  0 -9 
79 71  -1 -2  0 -9 
79 72  -1  0  0 -9 
79 73   1 -1  0 -9 
79 74   1  1  0 -9 
79 75   1 -1  0 -9 
79 77  -1  0  0 -9 
79 78   1  1  0 -9 
79 79  -1  2  0 -9 
80 21   1 -7  0 -9 
80 71   1 -7  0 -9 
80 80  -1 -6  0 -9 
81 80  -1 -4  0 -9 
81 82   1 -3  0 -9 
82 21   1 -6  0 -9 
82 71   1 -6  0 -9 
82 80  -1 -5  0 -9 
82 81   1 -3  0 -9 
83  4   1 -6  0 -9 
83  5  -1 -5  0 -9 
83  6  -1 -5  0 -9 
83 21   1 -6  0 -9 
83 25  -1 -5  0 -9 
83 71   1 -6  0 -9 
83 75  -1 -5  0 -9 
83 80  -1 -5  0 -9 
83 84   1 -3  0 -9 
84  4   1 -5  0 -9 
84  5  -1 -4  0 -9 
84  6  -1 -4  0 -9 
84 21   1 -5  0 -9 
84 25  -1 -4  0 -9 
84 71   1 -5  0 -9 
84 75  -1 -4  0 -9 
84 80  -1 -4  0 -9 
84 83   1 -3  0 -9 
85  4   1 -4  1 -6  0 -9 
85  5  -1 -1 -1 -3 -1 -5  0 -9 
85  6  -1 -3  0 -9 
85  9  -1 -1  0 -9 
85 10   1 -2  0 -9 
85 80  -1 -3  0 -9 
85 81  -1 -1  0 -9 
85 82   1 -2  0 -9 
85 83   1 -2  0 -9 
85 84  -1 -1  0 -9 
85 85   1  0  0 -9 
86  4   1 -4  0 -9 
86  5  -1 -3  0 -9 
86  6  -1 -3  0 -9 
86  9  -1 -1  0 -9 
86 10   1 -2  0 -9 
86 25  -1 -3  0 -9 
86 26  -1 -1  0 -9 
86 27   1 -2  0 -9 
86 75  -1 -3  0 -9 
86 76  -1 -1  0 -9 
86 77   1 -2  0 -9 
86 80  -1 -3  0 -9 
86 81  -1 -1  0 -9 
86 82   1 -2  0 -9 
86 83   1 -2  0 -9 
86 84  -1 -1  0 -9 
86 86   1  0  0 -9 
87  4   1 -3  0 -9 
87  5  -1  0 -1 -2  0 -9 
87  6  -1 -2  0 -9 
87  9  -1  0  0 -9 
87 10   1 -1  0 -9 
87 26  -1  0  0 -9 
87 76  -1  0  0 -9 
87 80  -1 -2  0 -9 
87 81  -1  0  0 -9 
87 82   1 -1  0 -9 
87 83   1 -1  0 -9 
87 84  -1  0  0 -9 
87 85   1  1  0 -9 
87 86   1  1  0 -9 
87 87  -1  2  0 -9 
88 21  -1 -4  0 -9 
88 89   1 -3  0 -9 
89 21   1 -7  0 -9 
89 88   1 -3  0 -9 
90 21  -1 -3  0 -9 
90 88  -1 -1  0 -9 
90 89   1 -2  0 -9 
90 90   1  0  0 -9 
91 72  -1  0  0 -9 
91 74   1  1  0 -9 
91 80  -1 -3  0 -9 
91 81   1  1  0 -9 
91 82   1 -2  0 -9 
91 88  -1  0  0 -9 
91 90   1  1  0 -9 
91 91  -1  2  0 -9 
92 92   1 -8  0 -9 
93 92   1 -7  0 -9 
93 93  -1 -6  0 -9 
94 92   1 -7  0 -9 
94 94  -1 -6  0 -9 
95 92   1 -6  0 -9 
95 93  -1 -5  0 -9 
95 94  -1 -5  0 -9 
95 96   1 -3  0 -9 
96 92   1 -5  0 -9 
96 93  -1 -4  0 -9 
96 94  -1 -4  0 -9 
96 95   1 -3  0 -9 
97 63   1 -6  0 -9 
97 65  -1 -5  0 -9 
97 93  -1 -4  0 -9 
97 98   1 -3  0 -9 
98 65  -1 -4  0 -9 
98 92   1 -6  0 -9 
98 93  -1 -5  0 -9 
98 97   1 -3  0 -9 
99 65  -1 -3  0 -9 
99 68  -1 -1  0 -9 
99 69   1 -2  0 -9 
99 92   1 -5  0 -9 
99 93  -1 -4  0 -9 
99 97   1 -2  0 -9 
99 98  -1 -1  0 -9 
99 99   1  0  0 -9 
100 67  -1  0  0 -9 
100 68  -1  0  0 -9 
100 69   1 -1  0 -9 
100 70   1  1  0 -9 
100 92   1 -4  0 -9 
100 93  -1 -3  0 -9 
100 94  -1 -3  0 -9 
100 95   1 -2  0 -9 
100 96   1  1  0 -9 
100 98  -1  0  0 -9 
100 99   1  1  0 -9 
100 100  -1  2  0 -9 
101 101   1 -8  0 -9 
102 92   1 -5  0 -9 
102 93  -1 -4  0 -9 
102 94  -1 -4  0 -9 
102 101  -1 -4  0 -9 
102 103   1 -3  0 -9 
103 92   1 -6  0 -9 
103 93  -1 -5  0 -9 
103 94  -1 -5  0 -9 
103 101   1 -7  0 -9 
103 102   1 -3  0 -9 
104 92   1 -4  0 -9 
104 93  -1 -3  0 -9 
104 94  -1 -3  0 -9 
104 95   1 -2  0 -9 
104 96  -1 -1  0 -9 
104 101  -1 -3  0 -9 
104 102  -1 -1  0 -9 
104 103   1 -2  0 -9 
104 104   1  0  0 -9 
105 101   1 -7  0 -9 
105 105  -1 -6  0 -9 
106 105  -1 -4  0 -9 
106 107   1 -3  0 -9 
107 101   1 -6  0 -9 
107 105  -1 -5  0 -9 
107 106   1 -3  0 -9 
108 92   1 -4  1 -6  0 -9 
108 93  -1 -1 -1 -3 -1 -5  0 -9 
108 94  -1 -3  0 -9 
108 95   1 -2  0 -9 
108 96  -1 -1  0 -9 
108 101  -1 -3  0 -9 
108 102  -1 -1  0 -9 
108 103   1 -2  0 -9 
108 105   1 -2  0 -9 
108 106   1 -2  0 -9 
108 107  -1 -1  0 -9 
108 108   1  0  0 -9 
109 92   1 -3  0 -9 
109 93  -1  0 -1 -2  0 -9 
109 94  -1 -2  0 -9 
109 95   1 -1  0 -9 
109 96  -1  0  0 -9 
109 101  -1 -2  0 -9 
109 102  -1  0  0 -9 
109 103   1 -1  0 -9 
109 104   1  1  0 -9 
109 105   1 -1  0 -9 
109 107  -1  0  0 -9 
109 108   1  1  0 -9 
109 109  -1  2  0 -9 
110 71   1 -7  0 -9 
110 110  -1 -6  0 -9 
111 110  -1 -4  0 -9 
111 112   1 -3  0 -9 
112 71   1 -6  0 -9 
112 110  -1 -5  0 -9 
112 111   1 -3  0 -9 
113 71  -1 -3  0 -9 
113 72  -1 -1  0 -9 
113 73   1 -2  0 -9 
113 110   1 -2  0 -9 
113 111   1 -2  0 -9 
113 112  -1 -1  0 -9 
113 113   1  0  0 -9 
114 71  -1 -2  0 -9 
114 72  -1  0  0 -9 
114 73   1 -1  0 -9 
114 74   1  1  0 -9 
114 110   1 -1  0 -9 
114 112  -1  0  0 -9 
114 113   1  1  0 -9 
114 114  -1  2  0 -9 
115 71  -1 -4  0 -9 
115 76  -1 -1  0 -9 
115 77   1 -2  0 -9 
115 101   1 -5  0 -9 
115 105  -1 -4  0 -9 
115 106   1 -2  0 -9 
115 107  -1 -1  0 -9 
115 110   1 -3  0 -9 
115 115   1  0  0 -9 
116 101   1 -7  0 -9 
116 116  -1 -6  0 -9 
117 116  -1 -4  0 -9 
117 118   1 -3  0 -9 
118 101   1 -6  0 -9 
118 116  -1 -5  0 -9 
118 117   1 -3  0 -9 
119 101   1 -6  0 -9 
119 105  -1 -5  0 -9 
119 116  -1 -5  0 -9 
119 120   1 -3  0 -9 
120 101   1 -5  0 -9 
120 105  -1 -4  0 -9 
120 116  -1 -4  0 -9 
120 119   1 -3  0 -9 
121 116  -1 -3  0 -9 
121 117  -1 -1  0 -9 
121 118   1 -2  0 -9 
121 119   1 -2  0 -9 
121 120  -1 -1  0 -9 
121 121   1  0  0 -9 
122 105  -1 -3  0 -9 
122 106  -1 -1  0 -9 
122 107   1 -2  0 -9 
122 116  -1 -3  0 -9 
122 117  -1 -1  0 -9 
122 118   1 -2  0 -9 
122 119   1 -2  0 -9 
122 120  -1 -1  0 -9 
122 122   1  0  0 -9 
123 106  -1  0  0 -9 
123 116  -1 -2  0 -9 
123 117  -1  0  0 -9 
123 118   1 -1  0 -9 
123 119   1 -1  0 -9 
123 120  -1  0  0 -9 
123 121   1  1  0 -9 
123 122   1  1  0 -9 
123 123  -1  2  0 -9 
124 21   1 -6  0 -9 
124 25  -1 -5  0 -9 
124 71   1 -6  0 -9 
124 80  -1 -5  0 -9 
124 110  -1 -5  0 -9 
124 125   1 -3  0 -9 
125 21   1 -5  0 -9 
125 25  -1 -4  0 -9 
125 71   1 -5  0 -9 
125 80  -1 -4  0 -9 
125 110  -1 -4  0 -9 
125 124   1 -3  0 -9 
126 80  -1 -3  0 -9 
126 81  -1 -1  0 -9 
126 82   1 -2  0 -9 
126 124   1 -2  0 -9 
126 125  -1 -1  0 -9 
126 126   1  0  0 -9 
127  9  -1  0  0 -9 
127 10   1 -1  0 -9 
127 12   1 -4  0 -9 
127 13  -1 -3  0 -9 
127 14  -1 -3  0 -9 
127 15   1 -2  0 -9 
127 16   1  1  0 -9 
127 18  -1  0  0 -9 
127 19   1  1  0 -9 
127 21  -1 -3  1 -5  0 -9 
127 25   1 -2 -1 -4  0 -9 
127 26  -1  0  1 -2  0 -9 
127 27   1  1  0 -9 
127 71  -1 -3  0 -9 
127 76  -1  0  0 -9 
127 77   1 -1  0 -9 
127 81  -1  0  0 -9 
127 82   1 -1  0 -9 
127 84  -1  0  0 -9 
127 86   1  1  0 -9 
127 101   1 -4  0 -9 
127 105  -1 -3  0 -9 
127 107  -1  0  0 -9 
127 110   1 -2  0 -9 
127 115   1  1  0 -9 
127 116  -1 -3  0 -9 
127 119   1 -2  0 -9 
127 120   1  1  0 -9 
127 125  -1  0  0 -9 
127 126   1  1  0 -9 
127 127  -1  2  0 -9 
128 129   1 -3  0 -9 
129 128   1 -3  0 -9 
130 25  -1 -3  0 -9 
130 26  -1 -1  0 -9 
130 27   1 -2  0 -9 
130 80  -1 -3  0 -9 
130 81  -1 -1  0 -9 
130 82   1 -2  0 -9 
130 110  -1 -3  0 -9 
130 111  -1 -1  0 -9 
130 112   1 -2  0 -9 
130 124   1 -2  0 -9 
130 125  -1 -1  0 -9 
130 128  -1 -1  0 -9 
130 129   1 -2  0 -9 
130 130   1  0  0 -9 
131 26  -1  0  0 -9 
131 80  -1 -2  0 -9 
131 81  -1  0  0 -9 
131 82   1 -1  0 -9 
131 111  -1  0  0 -9 
131 124   1 -1  0 -9 
131 125  -1  0  0 -9 
131 126   1  1  0 -9 
131 128  -1  0  0 -9 
131 130   1  1  0 -9 
131 131  -1  2  0 -9 
132 21  -1 -3  0 -9 
132 25   1 -2  0 -9 
132 26   1 -2  0 -9 
132 27  -1 -1  0 -9 
132 88  -1 -1  0 -9 
132 89   1 -2  0 -9 
132 128   1 -2  0 -9 
132 129  -1 -1  0 -9 
132 132   1  0  0 -9 
133 21  -1 -2  0 -9 
133 25   1 -1  0 -9 
133 27  -1  0  0 -9 
133 88  -1  0  0 -9 
133 89   1 -1  0 -9 
133 90   1  1  0 -9 
133 129  -1  0  0 -9 
133 132   1  1  0 -9 
133 133  -1  2  0 -9 
134 101  -1 -4  0 -9 
134 135   1 -3  0 -9 
135 101   1 -7  0 -9 
135 134   1 -3  0 -9 
136 101  -1 -3  0 -9 
136 134  -1 -1  0 -9 
136 135   1 -2  0 -9 
136 136   1  0  0 -9 
137 116  -1 -3  0 -9 
137 117   1  1  0 -9 
137 118   1 -2  0 -9 
137 134  -1  0  0 -9 
137 136   1  1  0 -9 
137 137  -1  2  0 -9 
138 139   1 -3  0 -9 
139 138   1 -3  0 -9 
140 138  -1 -1  0 -9 
140 139   1 -2  0 -9 
140 140   1  0  0 -9 
141 138  -1  0  0 -9 
141 140   1  1  0 -9 
141 141  -1  2  0 -9 
142 101  -1 -3  0 -9 
142 105   1 -2  0 -9 
142 106   1 -2  0 -9 
142 107  -1 -1  0 -9 
142 134  -1 -1  0 -9 
142 135   1 -2  0 -9 
142 138   1 -2  0 -9 
142 139  -1 -1  0 -9 
142 142   1  0  0 -9 
143 101  -1 -2  0 -9 
143 105   1 -1  0 -9 
143 107  -1  0  0 -9 
143 134  -1  0  0 -9 
143 135   1 -1  0 -9 
143 136   1  1  0 -9 
143 139  -1  0  0 -9 
143 142   1  1  0 -9 
143 143  -1  2  0 -9 
144 128  -1 -1  0 -9 
144 129   1 -2  0 -9 
144 144   1  0  0 -9 
145 128  -1  0  0 -9 
145 144   1  1  0 -9 
145 145  -1  2  0 -9 
146 146   1 -8  0 -9 
147 146   1 -7  0 -9 
147 147  -1 -6  0 -9 
148 146   1 -7  0 -9 
148 148  -1 -6  0 -9 
149 146   1 -6  0 -9 
149 147  -1 -5  0 -9 
149 148  -1 -5  0 -9 
149 150   1 -3  0 -9 
150 146   1 -5  0 -9 
150 147  -1 -4  0 -9 
150 148  -1 -4  0 -9 
150 149   1 -3  0 -9 
151 147  -1 -4  0 -9 
151 152   1 -3  0 -9 
152 146   1 -6  0 -9 
152 147  -1 -5  0 -9 
152 151   1 -3  0 -9 
153 146   1 -5  0 -9 
153 147  -1 -4  0 -9 
153 151   1 -2  0 -9 
153 152  -1 -1  0 -9 
153 153   1  0  0 -9 
154 146   1 -4  0 -9 
154 147  -1 -3  0 -9 
154 148  -1 -3  0 -9 
154 149   1 -2  0 -9 
154 150   1  1  0 -9 
154 152  -1  0  0 -9 
154 153   1  1  0 -9 
154 154  -1  2  0 -9 
155 155   1 -8  0 -9 
156 146   1 -5  0 -9 
156 147  -1 -4  0 -9 
156 148  -1 -4  0 -9 
156 155  -1 -4  0 -9 
156 157   1 -3  0 -9 
157 146   1 -6  0 -9 
157 147  -1 -5  0 -9 
157 148  -1 -5  0 -9 
157 155   1 -7  0 -9 
157 156   1 -3  0 -9 
158 146   1 -4  0 -9 
158 147  -1 -3  0 -9 
158 148  -1 -3  0 -9 
158 149   1 -2  0 -9 
158 150  -1 -1  0 -9 
158 155  -1 -3  0 -9 
158 156  -1 -1  0 -9 
158 157   1 -2  0 -9 
158 158   1  0  0 -9 
159 155   1 -7  0 -9 
159 159  -1 -6  0 -9 
160 159  -1 -4  0 -9 
160 161   1 -3  0 -9 
161 155   1 -6  0 -9 
161 159  -1 -5  0 -9 
161 160   1 -3  0 -9 
162 146   1 -4  1 -6  0 -9 
162 147  -1 -1 -1 -3 -1 -5  0 -9 
162 148  -1 -3  0 -9 
162 149   1 -2  0 -9 
162 150  -1 -1  0 -9 
162 155  -1 -3  0 -9 
162 156  -1 -1  0 -9 
162 157   1 -2  0 -9 
162 159   1 -2  0 -9 
162 160   1 -2  0 -9 
162 161  -1 -1  0 -9 
162 162   1  0  0 -9 
163 146   1 -3  0 -9 
163 147  -1  0 -1 -2  0 -9 
163 148  -1 -2  0 -9 
163 149   1 -1  0 -9 
163 150  -1  0  0 -9 
163 155  -1 -2  0 -9 
163 156  -1  0  0 -9 
163 157   1 -1  0 -9 
163 158   1  1  0 -9 
163 159   1 -1  0 -9 
163 161  -1  0  0 -9 
163 162   1  1  0 -9 
163 163  -1  2  0 -9 
164 164  -1 -6  0 -9 
165 164  -1 -4  0 -9 
165 166   1 -3  0 -9 
166 164  -1 -5  0 -9 
166 165   1 -3  0 -9 
167 164   1 -2  0 -9 
167 165   1 -2  0 -9 
167 166  -1 -1  0 -9 
167 167   1  0  0 -9 
168 164   1 -1  0 -9 
168 166  -1  0  0 -9 
168 167   1  1  0 -9 
168 168  -1  2  0 -9 
169 155   1 -5  0 -9 
169 159  -1 -4  0 -9 
169 160   1 -2  0 -9 
169 161  -1 -1  0 -9 
169 164   1 -3  0 -9 
169 169   1  0  0 -9 
170 155   1 -7  0 -9 
170 170  -1 -6  0 -9 
171 170  -1 -4  0 -9 
171 172   1 -3  0 -9 
172 155   1 -6  0 -9 
172 170  -1 -5  0 -9 
172 171   1 -3  0 -9 
173 155   1 -6  0 -9 
173 159  -1 -5  0 -9 
173 170  -1 -5  0 -9 
173 174   1 -3  0 -9 
174 155   1 -5  0 -9 
174 159  -1 -4  0 -9 
174 170  -1 -4  0 -9 
174 173   1 -3  0 -9 
175 170  -1 -3  0 -9 
175 171  -1 -1  0 -9 
175 172   1 -2  0 -9 
175 173   1 -2  0 -9 
175 174  -1 -1  0 -9 
175 175   1  0  0 -9 
176 159  -1 -3  0 -9 
176 160  -1 -1  0 -9 
176 161   1 -2  0 -9 
176 170  -1 -3  0 -9 
176 171  -1 -1  0 -9 
176 172   1 -2  0 -9 
176 173   1 -2  0 -9 
176 174  -1 -1  0 -9 
176 176   1  0  0 -9 
177 160  -1  0  0 -9 
177 170  -1 -2  0 -9 
177 171  -1  0  0 -9 
177 172   1 -1  0 -9 
177 173   1 -1  0 -9 
177 174  -1  0  0 -9 
177 175   1  1  0 -9 
177 176   1  1  0 -9 
177 177  -1  2  0 -9 
178 164  -1 -5  0 -9 
178 179   1 -3  0 -9 
179 164  -1 -4  0 -9 
179 178   1 -3  0 -9 
180 178   1 -2  0 -9 
180 179  -1 -1  0 -9 
180 180   1  0  0 -9 
181 155   1 -4  0 -9 
181 159  -1 -3  0 -9 
181 161  -1  0  0 -9 
181 164   1 -2  0 -9 
181 169   1  1  0 -9 
181 170  -1 -3  0 -9 
181 173   1 -2  0 -9 
181 174   1  1  0 -9 
181 179  -1  0  0 -9 
181 180   1  1  0 -9 
181 181  -1  2  0 -9 
182 183   1 -3  0 -9 
183 182   1 -3  0 -9 
184 164  -1 -3  0 -9 
184 165  -1 -1  0 -9 
184 166   1 -2  0 -9 
184 178   1 -2  0 -9 
184 179  -1 -1  0 -9 
184 182  -1 -1  0 -9 
184 183   1 -2  0 -9 
184 184   1  0  0 -9 
185 165  -1  0  0 -9 
185 178   1 -1  0 -9 
185 179  -1  0  0 -9 
185 180   1  1  0 -9 
185 182  -1  0  0 -9 
185 184   1  1  0 -9 
185 185  -1  2  0 -9 
186 182   1 -2  0 -9 
186 183  -1 -1  0 -9 
186 186   1  0  0 -9 
187 183  -1  0  0 -9 
187 186   1  1  0 -9 
187 187  -1  2  0 -9 
188 188  -1 -6  0 -9 
189 93  -1 -4  0 -9 
189 188  -1 -4  0 -9 
189 190   1 -3  0 -9 
190 92   1 -6  0 -9 
190 93  -1 -5  0 -9 
190 188  -1 -5  0 -9 
190 189   1 -3  0 -9 
191 92   1 -5  0 -9 
191 93  -1 -4  0 -9 
191 188   1 -2  0 -9 
191 189   1 -2  0 -9 
191 190  -1 -1  0 -9 
191 191   1  0  0 -9 
192 92   1 -4  0 -9 
192 93  -1 -3  0 -9 
192 94  -1 -3  0 -9 
192 95   1 -2  0 -9 
192 96   1  1  0 -9 
192 188   1 -1  0 -9 
192 190  -1  0  0 -9 
192 191   1  1  0 -9 
192 192  -1  2  0 -9 
193 101   1 -5  0 -9 
193 105  -1 -4  0 -9 
193 106   1 -2  0 -9 
193 107  -1 -1  0 -9 
193 188   1 -3  0 -9 
193 193   1  0  0 -9 
194 71   1 -5  0 -9 
194 110  -1 -4  0 -9 
194 111   1 -2  0 -9 
194 112  -1 -1  0 -9 
194 164   1 -3  0 -9 
194 194   1  0  0 -9 
195 188  -1 -5  0 -9 
195 196   1 -3  0 -9 
196 188  -1 -4  0 -9 
196 195   1 -3  0 -9 
197 195   1 -2  0 -9 
197 196  -1 -1  0 -9 
197 197   1  0  0 -9 
198 101   1 -4  0 -9 
198 105  -1 -3  0 -9 
198 107  -1  0  0 -9 
198 116  -1 -3  0 -9 
198 119   1 -2  0 -9 
198 120   1  1  0 -9 
198 188   1 -2  0 -9 
198 193   1  1  0 -9 
198 196  -1  0  0 -9 
198 197   1  1  0 -9 
198 198  -1  2  0 -9 
199 128   1 -2  0 -9 
199 129  -1 -1  0 -9 
199 199   1  0  0 -9 
200 21   1 -4  0 -9 
200 25  -1 -3  0 -9 
200 27  -1  0  0 -9 
200 39   1 -2  0 -9 
200 44   1  1  0 -9 
200 54  -1  0  0 -9 
200 55   1  1  0 -9 
200 71   1 -4  0 -9 
200 80  -1 -3  0 -9 
200 110  -1 -3  0 -9 
200 112  -1  0  0 -9 
200 124   1 -2  0 -9 
200 125   1  1  0 -9 
200 129  -1  0  0 -9 
200 164   1 -2  0 -9 
200 179  -1  0  0 -9 
200 180   1  1  0 -9 
200 194   1  1  0 -9 
200 199   1  1  0 -9 
200 200  -1  2  0 -9 
201 188  -1 -4  0 -9 
201 202   1 -3  0 -9 
202 188  -1 -5  0 -9 
202 201   1 -3  0 -9 
203 188  -1 -3  0 -9 
203 195   1 -2  0 -9 
203 196  -1 -1  0 -9 
203 201  -1 -1  0 -9 
203 202   1 -2  0 -9 
203 203   1  0  0 -9 
204 195   1 -1  0 -9 
204 196  -1  0  0 -9 
204 197   1  1  0 -9 
204 201  -1  0  0 -9 
204 203   1  1  0 -9 
204 204  -1  2  0 -9 
205 188   1 -2  0 -9 
205 201   1 -2  0 -9 
205 202  -1 -1  0 -9 
205 205   1  0  0 -9 
206 188   1 -1  0 -9 
206 202  -1  0  0 -9 
206 205   1  1  0 -9 
206 206  -1  2  0 -9 
207 138   1 -2  0 -9 
207 139  -1 -1  0 -9 
207 207   1  0  0 -9 
208 139  -1  0  0 -9 
208 207   1  1  0 -9 
208 208  -1  2  0 -9 
209 129  -1  0  0 -9 
209 199   1  1  0 -9 
209 209  -1  2  0 -9 
210 210   1 -8  0 -9 
211 210  -1 -4  0 -9 
211 212   1 -3  0 -9 
212 210   1 -7  0 -9 
212 211   1 -3  0 -9 
213 210  -1 -3  0 -9 
213 211  -1 -1  0 -9 
213 212   1 -2  0 -9 
213 213   1  0  0 -9 
214 210   1 -7  0 -9 
214 214  -1 -6  0 -9 
215 214  -1 -4  0 -9 
215 216   1 -3  0 -9 
216 210   1 -6  0 -9 
216 214  -1 -5  0 -9 
216 215   1 -3  0 -9 
217 210  -1 -3  0 -9 
217 211  -1 -1  0 -9 
217 212   1 -2  0 -9 
217 214   1 -2  0 -9 
217 215   1 -2  0 -9 
217 216  -1 -1  0 -9 
217 217   1  0  0 -9 
218 210  -1 -2  0 -9 
218 211  -1  0  0 -9 
218 212   1 -1  0 -9 
218 213   1  1  0 -9 
218 214   1 -1  0 -9 
218 216  -1  0  0 -9 
218 217   1  1  0 -9 
218 218  -1  2  0 -9 
219 155  -1 -4  0 -9 
219 220   1 -3  0 -9 
220 155   1 -7  0 -9 
220 219   1 -3  0 -9 
221 155  -1 -3  0 -9 
221 219  -1 -1  0 -9 
221 220   1 -2  0 -9 
221 221   1  0  0 -9 
222 170  -1 -3  0 -9 
222 171   1  1  0 -9 
222 172   1 -2  0 -9 
222 219  -1  0  0 -9 
222 221   1  1  0 -9 
222 222  -1  2  0 -9 
223 224   1 -3  0 -9 
224 223   1 -3  0 -9 
225 223  -1 -1  0 -9 
225 224   1 -2  0 -9 
225 225   1  0  0 -9 
226 223  -1  0  0 -9 
226 225   1  1  0 -9 
226 226  -1  2  0 -9 
227 155  -1 -3  0 -9 
227 159   1 -2  0 -9 
227 160   1 -2  0 -9 
227 161  -1 -1  0 -9 
227 219  -1 -1  0 -9 
227 220   1 -2  0 -9 
227 223   1 -2  0 -9 
227 224  -1 -1  0 -9 
227 227   1  0  0 -9 
228 155  -1 -2  0 -9 
228 159   1 -1  0 -9 
228 161  -1  0  0 -9 
228 219  -1  0  0 -9 
228 220   1 -1  0 -9 
228 221   1  1  0 -9 
228 224  -1  0  0 -9 
228 227   1  1  0 -9 
228 228  -1  2  0 -9 
229 182  -1 -1  0 -9 
229 183   1 -2  0 -9 
229 229   1  0  0 -9 
230 182  -1  0  0 -9 
230 229   1  1  0 -9 
230 230  -1  2  0 -9 
231 231  -1 -6  0 -9 
232 231  -1 -4  0 -9 
232 233   1 -3  0 -9 
233 231  -1 -5  0 -9 
233 232   1 -3  0 -9 
234 231   1 -2  0 -9 
234 232   1 -2  0 -9 
234 233  -1 -1  0 -9 
234 234   1  0  0 -9 
235 231   1 -1  0 -9 
235 233  -1  0  0 -9 
235 234   1  1  0 -9 
235 235  -1  2  0 -9 
236 210   1 -5  0 -9 
236 214  -1 -4  0 -9 
236 215   1 -2  0 -9 
236 216  -1 -1  0 -9 
236 231   1 -3  0 -9 
236 236   1  0  0 -9 
237 238   1 -3  0 -9 
238 237   1 -3  0 -9 
239 237  -1 -1  0 -9 
239 238   1 -2  0 -9 
239 239   1  0  0 -9 
240 237  -1  0  0 -9 
240 239   1  1  0 -9 
240 240  -1  2  0 -9 
241 237   1 -2  0 -9 
241 238  -1 -1  0 -9 
241 241   1  0  0 -9 
242 238  -1  0  0 -9 
242 241   1  1  0 -9 
242 242  -1  2  0 -9 
243 223   1 -2  0 -9 
243 224  -1 -1  0 -9 
243 243   1  0  0 -9 
244 224  -1  0  0 -9 
244 243   1  1  0 -9 
244 244  -1  2  0 -9 
245 245  -1  2  0 -9 
246 246   1 -8  0 -9 
247 246   1 -7  0 -9 
247 247  -1 -6  0 -9 
248 246   1 -7  0 -9 
248 248  -1 -6  0 -9 
249 246   1 -6  0 -9 
249 247  -1 -5  0 -9 
249 248  -1 -5  0 -9 
249 250   1 -3  0 -9 
250 246   1 -5  0 -9 
250 247  -1 -4  0 -9 
250 248  -1 -4  0 -9 
250 249   1 -3  0 -9 
251 247  -1 -4  0 -9 
251 252   1 -3  0 -9 
252 246   1 -6  0 -9 
252 247  -1 -5  0 -9 
252 251   1 -3  0 -9 
253 246   1 -5  0 -9 
253 247  -1 -4  0 -9 
253 251   1 -2  0 -9 
253 252  -1 -1  0 -9 
253 253   1  0  0 -9 
254 246   1 -4  0 -9 
254 247  -1 -3  0 -9 
254 248  -1 -3  0 -9 
254 249   1 -2  0 -9 
254 250   1  1  0 -9 
254 252  -1  0  0 -9 
254 253   1  1  0 -9 
254 254  -1  2  0 -9 
255 255  -1 -6  0 -9 
256 255  -1 -4  0 -9 
256 257   1 -3  0 -9 
257 255  -1 -5  0 -9 
257 256   1 -3  0 -9 
258 255   1 -2  0 -9 
258 256   1 -2  0 -9 
258 257  -1 -1  0 -9 
258 258   1  0  0 -9 
259 255   1 -1  0 -9 
259 257  -1  0  0 -9 
259 258   1  1  0 -9 
259 259  -1  2  0 -9 
260 255   1 -3  0 -9 
260 260   1  0  0 -9 
261 255  -1 -5  0 -9 
261 262   1 -3  0 -9 
262 255  -1 -4  0 -9 
262 261   1 -3  0 -9 
263 261   1 -2  0 -9 
263 262  -1 -1  0 -9 
263 263   1  0  0 -9 
264 255   1 -2  0 -9 
264 260   1  1  0 -9 
264 262  -1  0  0 -9 
264 263   1  1  0 -9 
264 264  -1  2  0 -9 
265 39   1 -3  0 -9 
265 265   1  0  0 -9 
266 39   1 -2  0 -9 
266 54  -1  0  0 -9 
266 55   1  1  0 -9 
266 265   1  1  0 -9 
266 266  -1  2  0 -9 
267 267   1 -8  0 -9 
268 267   1 -7  0 -9 
268 268  -1 -6  0 -9 
269 267   1 -7  0 -9 
269 269  -1 -6  0 -9 
270 267   1 -6  0 -9 
270 268  -1 -5  0 -9 
270 269  -1 -5  0 -9 
270 271   1 -3  0 -9 
271 267   1 -5  0 -9 
271 268  -1 -4  0 -9 
271 269  -1 -4  0 -9 
271 270   1 -3  0 -9 
272 268  -1 -4  0 -9 
272 273   1 -3  0 -9 
273 267   1 -6  0 -9 
273 268  -1 -5  0 -9 
273 272   1 -3  0 -9 
274 267   1 -5  0 -9 
274 268  -1 -4  0 -9 
274 272   1 -2  0 -9 
274 273  -1 -1  0 -9 
274 274   1  0  0 -9 
275 267   1 -4  0 -9 
275 268  -1 -3  0 -9 
275 269  -1 -3  0 -9 
275 270   1 -2  0 -9 
275 271   1  1  0 -9 
275 273  -1  0  0 -9 
275 274   1  1  0 -9 
275 275  -1  2  0 -9 
276 276   1 -8  0 -9 
277 267   1 -5  0 -9 
277 268  -1 -4  0 -9 
277 269  -1 -4  0 -9 
277 276  -1 -4  0 -9 
277 278   1 -3  0 -9 
278 267   1 -6  0 -9 
278 268  -1 -5  0 -9 
278 269  -1 -5  0 -9 
278 276   1 -7  0 -9 
278 277   1 -3  0 -9 
279 267   1 -4  0 -9 
279 268  -1 -3  0 -9 
279 269  -1 -3  0 -9 
279 270   1 -2  0 -9 
279 271  -1 -1  0 -9 
279 276  -1 -3  0 -9 
279 277  -1 -1  0 -9 
279 278   1 -2  0 -9 
279 279   1  0  0 -9 
280 276   1 -7  0 -9 
280 280  -1 -6  0 -9 
281 280  -1 -4  0 -9 
281 282   1 -3  0 -9 
282 276   1 -6  0 -9 
282 280  -1 -5  0 -9 
282 281   1 -3  0 -9 
283 267   1 -4  1 -6  0 -9 
283 268  -1 -1 -1 -3 -1 -5  0 -9 
283 269  -1 -3  0 -9 
283 270   1 -2  0 -9 
283 271  -1 -1  0 -9 
283 276  -1 -3  0 -9 
283 277  -1 -1  0 -9 
283 278   1 -2  0 -9 
283 280   1 -2  0 -9 
283 281   1 -2  0 -9 
283 282  -1 -1  0 -9 
283 283   1  0  0 -9 
284 267   1 -3  0 -9 
284 268  -1  0 -1 -2  0 -9 
284 269  -1 -2  0 -9 
284 270   1 -1  0 -9 
284 271  -1  0  0 -9 
284 276  -1 -2  0 -9 
284 277  -1  0  0 -9 
284 278   1 -1  0 -9 
284 279   1  1  0 -9 
284 280   1 -1  0 -9 
284 282  -1  0  0 -9 
284 283   1  1  0 -9 
284 284  -1  2  0 -9 
285 285  -1 -6  0 -9 
286 285  -1 -4  0 -9 
286 287   1 -3  0 -9 
287 285  -1 -5  0 -9 
287 286   1 -3  0 -9 
288 285   1 -2  0 -9 
288 286   1 -2  0 -9 
288 287  -1 -1  0 -9 
288 288   1  0  0 -9 
289 285   1 -1  0 -9 
289 287  -1  0  0 -9 
289 288   1  1  0 -9 
289 289  -1  2  0 -9 
290 276   1 -5  0 -9 
290 280  -1 -4  0 -9 
290 281   1 -2  0 -9 
290 282  -1 -1  0 -9 
290 285   1 -3  0 -9 
290 290   1  0  0 -9 
291 246   1 -7  0 -9 
291 276   1 -7  0 -9 
291 291  -1 -6  0 -9 
292 246   1 -5  0 -9 
292 247  -1 -4  0 -9 
292 291  -1 -4  0 -9 
292 293   1 -3  0 -9 
293 246   1 -6  0 -9 
293 247  -1 -5  0 -9 
293 276   1 -6  0 -9 
293 291  -1 -5  0 -9 
293 292   1 -3  0 -9 
294 246   1 -6  0 -9 
294 247  -1 -5  0 -9 
294 276   1 -6  0 -9 
294 280  -1 -5  0 -9 
294 291  -1 -5  0 -9 
294 295   1 -3  0 -9 
295 246   1 -5  0 -9 
295 247  -1 -4  0 -9 
295 276   1 -5  0 -9 
295 280  -1 -4  0 -9 
295 291  -1 -4  0 -9 
295 294   1 -3  0 -9 
296 246   1 -4  1 -6  0 -9 
296 247  -1 -1 -1 -3 -1 -5  0 -9 
296 291  -1 -3  0 -9 
296 292  -1 -1  0 -9 
296 293   1 -2  0 -9 
296 294   1 -2  0 -9 
296 295  -1 -1  0 -9 
296 296   1  0  0 -9 
297 246   1 -4  0 -9 
297 247  -1 -3  0 -9 
297 280  -1 -3  0 -9 
297 281  -1 -1  0 -9 
297 282   1 -2  0 -9 
297 291  -1 -3  0 -9 
297 292  -1 -1  0 -9 
297 293   1 -2  0 -9 
297 294   1 -2  0 -9 
297 295  -1 -1  0 -9 
297 297   1  0  0 -9 
298 246   1 -3  0 -9 
298 247  -1  0 -1 -2  0 -9 
298 281  -1  0  0 -9 
298 291  -1 -2  0 -9 
298 292  -1  0  0 -9 
298 293   1 -1  0 -9 
298 294   1 -1  0 -9 
298 295  -1  0  0 -9 
298 296   1  1  0 -9 
298 297   1  1  0 -9 
298 298  -1  2  0 -9 
299 255  -1 -5  0 -9 
299 285  -1 -5  0 -9 
299 300   1 -3  0 -9 
300 255  -1 -4  0 -9 
300 285  -1 -4  0 -9 
300 299   1 -3  0 -9 
301 299   1 -2  0 -9 
301 300  -1 -1  0 -9 
301 301   1  0  0 -9 
302 246   1 -4  0 -9 
302 247  -1 -3  0 -9 
302 252  -1  0  0 -9 
302 253   1  1  0 -9 
302 255   1 -2  0 -9 
302 260   1  1  0 -9 
302 276   1 -4  0 -9 
302 280  -1 -3  0 -9 
302 282  -1  0  0 -9 
302 285   1 -2  0 -9 
302 290   1  1  0 -9 
302 291  -1 -3  0 -9 
302 294   1 -2  0 -9 
302 295   1  1  0 -9 
302 300  -1  0  0 -9 
302 301   1  1  0 -9 
302 302  -1  2  0 -9 
303 255  -1 -4  0 -9 
303 304   1 -3  0 -9 
304 255  -1 -5  0 -9 
304 303   1 -3  0 -9 
305 255  -1 -3  0 -9 
305 285  -1 -3  0 -9 
305 286  -1 -1  0 -9 
305 287   1 -2  0 -9 
305 299   1 -2  0 -9 
305 300  -1 -1  0 -9 
305 303  -1 -1  0 -9 
305 304   1 -2  0 -9 
305 305   1  0  0 -9 
306 286  -1  0  0 -9 
306 299   1 -1  0 -9 
306 300  -1  0  0 -9 
306 301   1  1  0 -9 
306 303  -1  0  0 -9 
306 305   1  1  0 -9 
306 306  -1  2  0 -9 
307 255   1 -2  0 -9 
307 303   1 -2  0 -9 
307 304  -1 -1  0 -9 
307 307   1  0  0 -9 
308 255   1 -1  0 -9 
308 304  -1  0  0 -9 
308 307   1  1  0 -9 
308 308  -1  2  0 -9 
309 309  -1 -6  0 -9 
310 309  -1 -4  0 -9 
310 311   1 -3  0 -9 
311 309  -1 -5  0 -9 
311 310   1 -3  0 -9 
312 309   1 -2  0 -9 
312 310   1 -2  0 -9 
312 311  -1 -1  0 -9 
312 312   1  0  0 -9 
313 309   1 -1  0 -9 
313 311  -1  0  0 -9 
313 312   1  1  0 -9 
313 313  -1  2  0 -9 
314 309   1 -3  0 -9 
314 314   1  0  0 -9 
315 285   1 -3  0 -9 
315 315   1  0  0 -9 
316 309  -1 -5  0 -9 
316 317   1 -3  0 -9 
317 309  -1 -4  0 -9 
317 316   1 -3  0 -9 
318 316   1 -2  0 -9 
318 317  -1 -1  0 -9 
318 318   1  0  0 -9 
319 309   1 -2  0 -9 
319 314   1  1  0 -9 
319 317  -1  0  0 -9 
319 318   1  1  0 -9 
319 319  -1  2  0 -9 
320 320   1  0  0 -9 
321 255   1 -2  0 -9 
321 260   1  1  0 -9 
321 285   1 -2  0 -9 
321 300  -1  0  0 -9 
321 301   1  1  0 -9 
321 315   1  1  0 -9 
321 320   1  1  0 -9 
321 321  -1  2  0 -9 
322 309  -1 -4  0 -9 
322 323   1 -3  0 -9 
323 309  -1 -5  0 -9 
323 322   1 -3  0 -9 
324 309  -1 -3  0 -9 
324 316   1 -2  0 -9 
324 317  -1 -1  0 -9 
324 322  -1 -1  0 -9 
324 323   1 -2  0 -9 
324 324   1  0  0 -9 
325 316   1 -1  0 -9 
325 317  -1  0  0 -9 
325 318   1  1  0 -9 
325 322  -1  0  0 -9 
325 324   1  1  0 -9 
325 325  -1  2  0 -9 
326 309   1 -2  0 -9 
326 322   1 -2  0 -9 
326 323  -1 -1  0 -9 
326 326   1  0  0 -9 
327 309   1 -1  0 -9 
327 323  -1  0  0 -9 
327 326   1  1  0 -9 
327 327  -1  2  0 -9 
328 328   1  0  0 -9 
329 328   1  1  0 -9 
329 329  -1  2  0 -9 
330 320   1  1  0 -9 
330 330  -1  2  0 -9 
331 331  -1 -6  0 -9 
332 331  -1 -4  0 -9 
332 333   1 -3  0 -9 
333 331  -1 -5  0 -9 
333 332   1 -3  0 -9 
334 331   1 -2  0 -9 
334 332   1 -2  0 -9 
334 333  -1 -1  0 -9 
334 334   1  0  0 -9 
335 331   1 -1  0 -9 
335 333  -1  0  0 -9 
335 334   1  1  0 -9 
335 335  -1  2  0 -9 
336 331   1 -3  0 -9 
336 336   1  0  0 -9 
337 164   1 -3  0 -9 
337 337   1  0  0 -9 
338 331  -1 -5  0 -9 
338 339   1 -3  0 -9 
339 331  -1 -4  0 -9 
339 338   1 -3  0 -9 
340 338   1 -2  0 -9 
340 339  -1 -1  0 -9 
340 340   1  0  0 -9 
341 331   1 -2  0 -9 
341 336   1  1  0 -9 
341 339  -1  0  0 -9 
341 340   1  1  0 -9 
341 341  -1  2  0 -9 
342 342   1  0  0 -9 
343 164   1 -2  0 -9 
343 179  -1  0  0 -9 
343 180   1  1  0 -9 
343 337   1  1  0 -9 
343 342   1  1  0 -9 
343 343  -1  2  0 -9 
344 188   1 -3  0 -9 
344 344   1  0  0 -9 
345 188   1 -2  0 -9 
345 196  -1  0  0 -9 
345 197   1  1  0 -9 
345 344   1  1  0 -9 
345 345  -1  2  0 -9 
346 346  -1 -6  0 -9 
347 346  -1 -4  0 -9 
347 348   1 -3  0 -9 
348 346  -1 -5  0 -9 
348 347   1 -3  0 -9 
349 346   1 -2  0 -9 
349 347   1 -2  0 -9 
349 348  -1 -1  0 -9 
349 349   1  0  0 -9 
350 346   1 -1  0 -9 
350 348  -1  0  0 -9 
350 349   1  1  0 -9 
350 350  -1  2  0 -9 
351 346   1 -3  0 -9 
351 351   1  0  0 -9 
352 331  -1 -4  0 -9 
352 353   1 -3  0 -9 
353 331  -1 -5  0 -9 
353 352   1 -3  0 -9 
354 331  -1 -3  0 -9 
354 338   1 -2  0 -9 
354 339  -1 -1  0 -9 
354 352  -1 -1  0 -9 
354 353   1 -2  0 -9 
354 354   1  0  0 -9 
355 338   1 -1  0 -9 
355 339  -1  0  0 -9 
355 340   1  1  0 -9 
355 352  -1  0  0 -9 
355 354   1  1  0 -9 
355 355  -1  2  0 -9 
356 331   1 -2  0 -9 
356 352   1 -2  0 -9 
356 353  -1 -1  0 -9 
356 356   1  0  0 -9 
357 331   1 -1  0 -9 
357 353  -1  0  0 -9 
357 356   1  1  0 -9 
357 357  -1  2  0 -9 
358 358   1  0  0 -9 
359 358   1  1  0 -9 
359 359  -1  2  0 -9 
360 342   1  1  0 -9 
360 360  -1  2  0 -9 
361 231   1 -3  0 -9 
361 361   1  0  0 -9 
362 362   1  0  0 -9 
363 362   1  1  0 -9 
363 363  -1  2  0 -9 
364 210   1 -7  0 -9 
364 276   1 -7  0 -9 
364 364  -1 -6  0 -9 
365 364  -1 -4  0 -9 
365 366   1 -3  0 -9 
366 210   1 -6  0 -9 
366 276   1 -6  0 -9 
366 364  -1 -5  0 -9 
366 365   1 -3  0 -9 
367 210   1 -6  0 -9 
367 214  -1 -5  0 -9 
367 276   1 -6  0 -9 
367 280  -1 -5  0 -9 
367 364  -1 -5  0 -9 
367 368   1 -3  0 -9 
368 210   1 -5  0 -9 
368 214  -1 -4  0 -9 
368 276   1 -5  0 -9 
368 280  -1 -4  0 -9 
368 364  -1 -4  0 -9 
368 367   1 -3  0 -9 
369 364  -1 -3  0 -9 
369 365  -1 -1  0 -9 
369 366   1 -2  0 -9 
369 367   1 -2  0 -9 
369 368  -1 -1  0 -9 
369 369   1  0  0 -9 
370 214  -1 -3  0 -9 
370 215  -1 -1  0 -9 
370 216   1 -2  0 -9 
370 280  -1 -3  0 -9 
370 281  -1 -1  0 -9 
370 282   1 -2  0 -9 
370 364  -1 -3  0 -9 
370 365  -1 -1  0 -9 
370 366   1 -2  0 -9 
370 367   1 -2  0 -9 
370 368  -1 -1  0 -9 
370 370   1  0  0 -9 
371 215  -1  0  0 -9 
371 281  -1  0  0 -9 
371 364  -1 -2  0 -9 
371 365  -1  0  0 -9 
371 366   1 -1  0 -9 
371 367   1 -1  0 -9 
371 368  -1  0  0 -9 
371 369   1  1  0 -9 
371 370   1  1  0 -9 
371 371  -1  2  0 -9 
372 276  -1 -4  0 -9 
372 373   1 -3  0 -9 
373 276   1 -7  0 -9 
373 372   1 -3  0 -9 
374 276  -1 -3  0 -9 
374 372  -1 -1  0 -9 
374 373   1 -2  0 -9 
374 374   1  0  0 -9 
375 211  -1  0  0 -9 
375 213   1  1  0 -9 
375 364  -1 -3  0 -9 
375 365   1  1  0 -9 
375 366   1 -2  0 -9 
375 372  -1  0  0 -9 
375 374   1  1  0 -9 
375 375  -1  2  0 -9 
376 377   1 -3  0 -9 
377 376   1 -3  0 -9 
378 376  -1 -1  0 -9 
378 377   1 -2  0 -9 
378 378   1  0  0 -9 
379 376  -1  0  0 -9 
379 378   1  1  0 -9 
379 379  -1  2  0 -9 
380 276  -1 -3  0 -9 
380 280   1 -2  0 -9 
380 281   1 -2  0 -9 
380 282  -1 -1  0 -9 
380 372  -1 -1  0 -9 
380 373   1 -2  0 -9 
380 376   1 -2  0 -9 
380 377  -1 -1  0 -9 
380 380   1  0  0 -9 
381 276  -1 -2  0 -9 
381 280   1 -1  0 -9 
381 282  -1  0  0 -9 
381 372  -1  0  0 -9 
381 373   1 -1  0 -9 
381 374   1  1  0 -9 
381 377  -1  0  0 -9 
381 380   1  1  0 -9 
381 381  -1  2  0 -9 
382 231  -1 -5  0 -9 
382 285  -1 -5  0 -9 
382 383   1 -3  0 -9 
383 231  -1 -4  0 -9 
383 285  -1 -4  0 -9 
383 382   1 -3  0 -9 
384 382   1 -2  0 -9 
384 383  -1 -1  0 -9 
384 384   1  0  0 -9 
385 210   1 -4  0 -9 
385 214  -1 -3  0 -9 
385 216  -1  0  0 -9 
385 231   1 -2  0 -9 
385 236   1  1  0 -9 
385 276   1 -4  0 -9 
385 280  -1 -3  0 -9 
385 282  -1  0  0 -9 
385 285   1 -2  0 -9 
385 290   1  1  0 -9 
385 364  -1 -3  0 -9 
385 367   1 -2  0 -9 
385 368   1  1  0 -9 
385 383  -1  0  0 -9 
385 384   1  1  0 -9 
385 385  -1  2  0 -9 
386 387   1 -3  0 -9 
387 386   1 -3  0 -9 
388 231  -1 -3  0 -9 
388 232  -1 -1  0 -9 
388 233   1 -2  0 -9 
388 285  -1 -3  0 -9 
388 286  -1 -1  0 -9 
388 287   1 -2  0 -9 
388 382   1 -2  0 -9 
388 383  -1 -1  0 -9 
388 386  -1 -1  0 -9 
388 387   1 -2  0 -9 
388 388   1  0  0 -9 
389 232  -1  0  0 -9 
389 286  -1  0  0 -9 
389 382   1 -1  0 -9 
389 383  -1  0  0 -9 
389 384   1  1  0 -9 
389 386  -1  0  0 -9 
389 388   1  1  0 -9 
389 389  -1  2  0 -9 
390 386   1 -2  0 -9 
390 387  -1 -1  0 -9 
390 390   1  0  0 -9 
391 387  -1  0  0 -9 
391 390   1  1  0 -9 
391 391  -1  2  0 -9 
392 376   1 -2  0 -9 
392 377  -1 -1  0 -9 
392 392   1  0  0 -9 
393 377  -1  0  0 -9 
393 392   1  1  0 -9 
393 393  -1  2  0 -9 
394 386  -1 -1  0 -9 
394 387   1 -2  0 -9 
394 394   1  0  0 -9 
395 386  -1  0  0 -9 
395 394   1  1  0 -9 
395 395  -1  2  0 -9 
396 396  -1  2  0 -9 
397 346  -1 -5  0 -9 
397 398   1 -3  0 -9 
398 346  -1 -4  0 -9 
398 397   1 -3  0 -9 
399 397   1 -2  0 -9 
399 398  -1 -1  0 -9 
399 399   1  0  0 -9 
400 346   1 -2  0 -9 
400 351   1  1  0 -9 
400 398  -1  0  0 -9 
400 399   1  1  0 -9 
400 400  -1  2  0 -9 
401 402   1 -3  0 -9 
402 401   1 -3  0 -9 
403 346  -1 -3  0 -9 
403 347  -1 -1  0 -9 
403 348   1 -2  0 -9 
403 397   1 -2  0 -9 
403 398  -1 -1  0 -9 
403 401  -1 -1  0 -9 
403 402   1 -2  0 -9 
403 403   1  0  0 -9 
404 347  -1  0  0 -9 
404 397   1 -1  0 -9 
404 398  -1  0  0 -9 
404 399   1  1  0 -9 
404 401  -1  0  0 -9 
404 403   1  1  0 -9 
404 404  -1  2  0 -9 
405 401   1 -2  0 -9 
405 402  -1 -1  0 -9 
405 405   1  0  0 -9 
406 402  -1  0  0 -9 
406 405   1  1  0 -9 
406 406  -1  2  0 -9 
407 407   1  0  0 -9 
408 407   1  1  0 -9 
408 408  -1  2  0 -9 
409 409   1  0  0 -9 
410 231   1 -2  0 -9 
410 285   1 -2  0 -9 
410 315   1  1  0 -9 
410 361   1  1  0 -9 
410 383  -1  0  0 -9 
410 384   1  1  0 -9 
410 409   1  1  0 -9 
410 410  -1  2  0 -9 
411 409   1  1  0 -9 
411 411  -1  2  0 -9 
412 413   1 -3  0 -9 
413 412   1 -3  0 -9 
414 412  -1 -1  0 -9 
414 413   1 -2  0 -9 
414 414   1  0  0 -9 
415 412  -1  0  0 -9 
415 414   1  1  0 -9 
415 415  -1  2  0 -9 
416 412   1 -2  0 -9 
416 413  -1 -1  0 -9 
416 416   1  0  0 -9 
417 413  -1  0  0 -9 
417 416   1  1  0 -9 
417 417  -1  2  0 -9 
418 401  -1 -1  0 -9 
418 402   1 -2  0 -9 
418 418   1  0  0 -9 
419 401  -1  0  0 -9 
419 418   1  1  0 -9 
419 419  -1  2  0 -9 
420 420  -1  2  0 -9 
421 421   1  0  0 -9 
422 421   1  1  0 -9 
422 422  -1  2  0 -9 
423 423  -1  2  0 -9 
9999 9999
