 0  0  -1  2  0 -9 
 0 10  -1  0  0 -9 
 0 18   1  1  0 -9 
 0 42   1  1  0 -9 
 0 50  -1  0  0 -9 
 0 72   1 -1  0 -9 
 0 92   1 -1  0 -9 
 0 112  -1 -2  0 -9 
 1  1  -1  2  0 -9 
 1  8  -1  0  0 -9 
 1 11  -1  0  0 -9 
 1 19   1  1  0 -9 
 1 43   1  1  0 -9 
 1 51  -1  0  0 -9 
 1 73   1 -1  0 -9 
 1 93   1 -1  0 -9 
 1 113  -1 -2  0 -9 
 2  2  -1  2  0 -9 
 2  9  -1  0  0 -9 
 2 12  -1  0  0 -9 
 2 20   1  1  0 -9 
 2 44   1  1  0 -9 
 2 52  -1  0  0 -9 
 2 74   1 -1  0 -9 
 2 94   1 -1  0 -9 
 2 114  -1 -2  0 -9 
 3  3  -1  2  0 -9 
 3 13  -1  0  0 -9 
 3 21   1  1  0 -9 
 3 40  -1  0  0 -9 
 3 45   1  1  0 -9 
 3 53  -1  0  0 -9 
 3 75   1 -1  0 -9 
 3 95   1 -1  0 -9 
 3 115  -1 -2  0 -9 
 4  4  -1  2  0 -9 
 4 14  -1  0  0 -9 
 4 22   1  1  0 -9 
 4 41  -1  0  0 -9 
 4 46   1  1  0 -9 
 4 54  -1  0  0 -9 
 4 76   1 -1  0 -9 
 4 96   1 -1  0 -9 
 4 116  -1 -2  0 -9 
 5  5  -1  2  0 -9 
 5 15  -1  0  0 -9 
 5 23   1  1  0 -9 
 5 40  -1  0  0 -9 
 5 47   1  1  0 -9 
 5 55  -1  0  0 -9 
 5 77   1 -1  0 -9 
 5 97   1 -1  0 -9 
 5 117  -1 -2  0 -9 
 6  6  -1  2  0 -9 
 6  9  -1  0  0 -9 
 6 16  -1  0  0 -9 
 6 24   1  1  0 -9 
 6 48   1  1  0 -9 
 6 56  -1  0  0 -9 
 6 78   1 -1  0 -9 
 6 98   1 -1  0 -9 
 6 118  -1 -2  0 -9 
 7  7  -1  2  0 -9 
 7 17  -1  0  0 -9 
 7 25   1  1  0 -9 
 7 49   1  1  0 -9 
 7 57  -1  0  0 -9 
 7 79   1 -1  0 -9 
 7 99   1 -1  0 -9 
 7 119  -1 -2  0 -9 
 8 40   1 -3  0 -9 
 9 41   1 -3  0 -9 
10 92   1 -3  0 -9 
10 112  -1 -4  0 -9 
11 93   1 -3  0 -9 
11 113  -1 -4  0 -9 
12 94   1 -3  0 -9 
12 114  -1 -4  0 -9 
13 95   1 -3  0 -9 
13 115  -1 -4  0 -9 
14 96   1 -3  0 -9 
14 116  -1 -4  0 -9 
15 97   1 -3  0 -9 
15 117  -1 -4  0 -9 
16 98   1 -3  0 -9 
16 118  -1 -4  0 -9 
17 99   1 -3  0 -9 
17 119  -1 -4  0 -9 
18 10  -1 -1  0 -9 
18 18   1  0  0 -9 
18 50  -1 -1  0 -9 
18 72   1 -2  0 -9 
18 92   1 -2  0 -9 
18 112  -1 -3  0 -9 
19  8  -1 -1  0 -9 
19 11  -1 -1  0 -9 
19 19   1  0  0 -9 
19 40   1 -2  0 -9 
19 51  -1 -1  0 -9 
19 73   1 -2  0 -9 
19 93   1 -2  0 -9 
19 113  -1 -3  0 -9 
20  9  -1 -1  0 -9 
20 12  -1 -1  0 -9 
20 20   1  0  0 -9 
20 41   1 -2  0 -9 
20 52  -1 -1  0 -9 
20 74   1 -2  0 -9 
20 94   1 -2  0 -9 
20 114  -1 -3  0 -9 
21 13  -1 -1  0 -9 
21 21   1  0  0 -9 
21 53  -1 -1  0 -9 
21 75   1 -2  0 -9 
21 95   1 -2  0 -9 
21 115  -1 -3  0 -9 
22 14  -1 -1  0 -9 
22 22   1  0  0 -9 
22 54  -1 -1  0 -9 
22 76   1 -2  0 -9 
22 96   1 -2  0 -9 
22 116  -1 -3  0 -9 
23 15  -1 -1  0 -9 
23 23   1  0  0 -9 
23 55  -1 -1  0 -9 
23 77   1 -2  0 -9 
23 97   1 -2  0 -9 
23 117  -1 -3  0 -9 
24  9  -1 -1  0 -9 
24 16  -1 -1  0 -9 
24 24   1  0  0 -9 
24 41   1 -2  0 -9 
24 56  -1 -1  0 -9 
24 78   1 -2  0 -9 
24 98   1 -2  0 -9 
24 118  -1 -3  0 -9 
25 17  -1 -1  0 -9 
25 25   1  0  0 -9 
25 57  -1 -1  0 -9 
25 79   1 -2  0 -9 
25 99   1 -2  0 -9 
25 119  -1 -3  0 -9 
26 10   1  1  0 -9 
26 11   1  1  0 -9 
26 13  -1  0  0 -9 
26 21   1  1  0 -9 
26 26  -1  2  0 -9 
26 53  -1  0  0 -9 
26 58   1  1  0 -9 
26 75   1 -1  0 -9 
26 80  -1  0  0 -9 
26 92   1 -2  0 -9 
26 93   1 -2  0 -9 
26 112  -1 -3  0 -9 
26 113  -1 -3  0 -9 
27 12   1  1  0 -9 
27 14  -1  0  0 -9 
27 22   1  1  0 -9 
27 27  -1  2  0 -9 
27 54  -1  0  0 -9 
27 59   1  1  0 -9 
27 76   1 -1  0 -9 
27 81  -1  0  0 -9 
27 94   1 -2  0 -9 
27 114  -1 -3  0 -9 
28 11   1  1  0 -9 
28 15  -1  0  0 -9 
28 23   1  1  0 -9 
28 28  -1  2  0 -9 
28 55  -1  0  0 -9 
28 60   1  1  0 -9 
28 77   1 -1  0 -9 
28 82  -1  0  0 -9 
28 93   1 -2  0 -9 
28 113  -1 -3  0 -9 
29 14  -1  0  0 -9 
29 16   1  1  0 -9 
29 17  -1  0  0 -9 
29 22   1  1  0 -9 
29 25   1  1  0 -9 
29 29  -1  2  0 -9 
29 54  -1  0  0 -9 
29 57  -1  0  0 -9 
29 61   1  1  0 -9 
29 76   1 -1  0 -9 
29 79   1 -1  0 -9 
29 83  -1  0  0 -9 
29 98   1 -2  0 -9 
29 118  -1 -3  0 -9 
30 11  -1 -1  0 -9 
30 30   1  0  0 -9 
30 93   1 -2  0 -9 
30 100  -1 -1  0 -9 
30 113  -1 -3  0 -9 
30 120   1 -2  0 -9 
31 12  -1 -1  0 -9 
31 31   1  0  0 -9 
31 94   1 -2  0 -9 
31 101  -1 -1  0 -9 
31 114  -1 -3  0 -9 
31 121   1 -2  0 -9 
32 16  -1 -1  0 -9 
32 32   1  0  0 -9 
32 98   1 -2  0 -9 
32 102  -1 -1  0 -9 
32 118  -1 -3  0 -9 
32 122   1 -2  0 -9 
33 11  -1 -1  0 -9 
33 17  -1 -1  0 -9 
33 33   1  0  0 -9 
33 93   1 -2  0 -9 
33 99   1 -2  0 -9 
33 103  -1 -1  0 -9 
33 113  -1 -3  0 -9 
33 119  -1 -3  0 -9 
33 123   1 -2  0 -9 
34 11  -1  0  0 -9 
34 30   1  1  0 -9 
34 34  -1  2  0 -9 
34 93   1 -1  0 -9 
34 100  -1  0  0 -9 
34 104   1  1  0 -9 
34 113  -1 -2  0 -9 
34 120   1 -1  0 -9 
34 124  -1  0  0 -9 
35 12  -1  0  0 -9 
35 31   1  1  0 -9 
35 35  -1  2  0 -9 
35 94   1 -1  0 -9 
35 101  -1  0  0 -9 
35 105   1  1  0 -9 
35 114  -1 -2  0 -9 
35 121   1 -1  0 -9 
35 125  -1  0  0 -9 
36 11   1  1  0 -9 
36 16  -1  0  0 -9 
36 32   1  1  0 -9 
36 36  -1  2  0 -9 
36 93   1 -2  0 -9 
36 102  -1  0  0 -9 
36 106   1  1  0 -9 
36 113  -1 -3  0 -9 
36 122   1 -1  0 -9 
36 126  -1  0  0 -9 
37 11  -1  0  0 -9 
37 17  -1  0  0 -9 
37 33   1  1  0 -9 
37 37  -1  2  0 -9 
37 93   1 -1  0 -9 
37 103  -1  0  0 -9 
37 107   1  1  0 -9 
37 113  -1 -2  0 -9 
37 123   1 -1  0 -9 
37 127  -1  0  0 -9 
38 11  -1  0  0 -9 
38 14  -1  0  0 -9 
38 22   1  1  0 -9 
38 30   1  1  0 -9 
38 38  -1  2  0 -9 
38 54  -1  0  0 -9 
38 76   1 -1  0 -9 
38 93   1 -1  0 -9 
38 96   1 -1  0 -9 
38 97  -1  0  0 -9 
38 100  -1  0  0 -9 
38 108   1  1  0 -9 
38 113  -1 -2  0 -9 
38 116  -1 -2  0 -9 
38 117   1 -1  0 -9 
38 120   1 -1  0 -9 
38 128  -1  0  0 -9 
39 16  -1  0  0 -9 
39 32   1  1  0 -9 
39 39  -1  2  0 -9 
39 98   1 -1  0 -9 
39 99  -1  0  0 -9 
39 102  -1  0  0 -9 
39 109   1  1  0 -9 
39 118  -1 -2  0 -9 
39 119   1 -1  0 -9 
39 122   1 -1  0 -9 
39 129  -1  0  0 -9 
40  8   1 -3  0 -9 
41  9   1 -3  0 -9 
42 10  -1 -1  0 -9 
42 42   1  0  0 -9 
42 50  -1 -1  0 -9 
42 72   1 -2  0 -9 
42 92   1 -2  0 -9 
42 112  -1 -3  0 -9 
43 11  -1 -1  0 -9 
43 43   1  0  0 -9 
43 51  -1 -1  0 -9 
43 73   1 -2  0 -9 
43 93   1 -2  0 -9 
43 113  -1 -3  0 -9 
44 12  -1 -1  0 -9 
44 44   1  0  0 -9 
44 52  -1 -1  0 -9 
44 74   1 -2  0 -9 
44 94   1 -2  0 -9 
44 114  -1 -3  0 -9 
45  8   1 -2  0 -9 
45 13  -1 -1  0 -9 
45 40  -1 -1  0 -9 
45 45   1  0  0 -9 
45 53  -1 -1  0 -9 
45 75   1 -2  0 -9 
45 95   1 -2  0 -9 
45 115  -1 -3  0 -9 
46  9   1 -2  0 -9 
46 14  -1 -1  0 -9 
46 41  -1 -1  0 -9 
46 46   1  0  0 -9 
46 54  -1 -1  0 -9 
46 76   1 -2  0 -9 
46 96   1 -2  0 -9 
46 116  -1 -3  0 -9 
47  8   1 -2  0 -9 
47 15  -1 -1  0 -9 
47 40  -1 -1  0 -9 
47 47   1  0  0 -9 
47 55  -1 -1  0 -9 
47 77   1 -2  0 -9 
47 97   1 -2  0 -9 
47 117  -1 -3  0 -9 
48 16  -1 -1  0 -9 
48 48   1  0  0 -9 
48 56  -1 -1  0 -9 
48 78   1 -2  0 -9 
48 98   1 -2  0 -9 
48 118  -1 -3  0 -9 
49 17  -1 -1  0 -9 
49 49   1  0  0 -9 
49 57  -1 -1  0 -9 
49 79   1 -2  0 -9 
49 99   1 -2  0 -9 
49 119  -1 -3  0 -9 
50 72   1 -3  0 -9 
50 112  -1 -4  0 -9 
51 73   1 -3  0 -9 
51 113  -1 -4  0 -9 
52 74   1 -3  0 -9 
52 114  -1 -4  0 -9 
53 75   1 -3  0 -9 
53 115  -1 -4  0 -9 
54 76   1 -3  0 -9 
54 116  -1 -4  0 -9 
55 77   1 -3  0 -9 
55 117  -1 -4  0 -9 
56 78   1 -3  0 -9 
56 118  -1 -4  0 -9 
57 79   1 -3  0 -9 
57 119  -1 -4  0 -9 
58 53  -1 -1  0 -9 
58 58   1  0  0 -9 
58 75   1 -2  0 -9 
58 80  -1 -1  0 -9 
58 115  -1 -3  0 -9 
58 130   1 -2  0 -9 
59 54  -1 -1  0 -9 
59 59   1  0  0 -9 
59 76   1 -2  0 -9 
59 81  -1 -1  0 -9 
59 116  -1 -3  0 -9 
59 131   1 -2  0 -9 
60 55  -1 -1  0 -9 
60 60   1  0  0 -9 
60 77   1 -2  0 -9 
60 82  -1 -1  0 -9 
60 117  -1 -3  0 -9 
60 132   1 -2  0 -9 
61 54  -1 -1  0 -9 
61 57  -1 -1  0 -9 
61 61   1  0  0 -9 
61 76   1 -2  0 -9 
61 79   1 -2  0 -9 
61 83  -1 -1  0 -9 
61 116  -1 -3  0 -9 
61 119  -1 -3  0 -9 
61 133   1 -2  0 -9 
62 11  -1  0  0 -9 
62 30   1  1  0 -9 
62 43   1  1  0 -9 
62 51  -1  0  0 -9 
62 53   1  1  0 -9 
62 62  -1  2  0 -9 
62 75   1 -2  0 -9 
62 93   1 -1  0 -9 
62 100  -1  0  0 -9 
62 115  -1 -3  0 -9 
63 12  -1  0  0 -9 
63 31   1  1  0 -9 
63 44   1  1  0 -9 
63 50   1  1  0 -9 
63 52  -1  0  0 -9 
63 54   1  1  0 -9 
63 63  -1  2  0 -9 
63 72   1 -2  0 -9 
63 76   1 -2  0 -9 
63 94   1 -1  0 -9 
63 101  -1  0  0 -9 
63 112  -1 -3  0 -9 
63 116  -1 -3  0 -9 
64 16  -1  0  0 -9 
64 32   1  1  0 -9 
64 48   1  1  0 -9 
64 54   1  1  0 -9 
64 56  -1  0  0 -9 
64 64  -1  2  0 -9 
64 76   1 -2  0 -9 
64 98   1 -1  0 -9 
64 102  -1  0  0 -9 
64 116  -1 -3  0 -9 
65 11  -1  0  0 -9 
65 17  -1  0  0 -9 
65 33   1  1  0 -9 
65 43   1  1  0 -9 
65 49   1  1  0 -9 
65 51  -1  0  0 -9 
65 55   1  1  0 -9 
65 57  -1  0  0 -9 
65 65  -1  2  0 -9 
65 77   1 -2  0 -9 
65 93   1 -1  0 -9 
65 99   1 -1  0 -9 
65 103  -1  0  0 -9 
65 117  -1 -3  0 -9 
66 53  -1  0  0 -9 
66 58   1  1  0 -9 
66 66  -1  2  0 -9 
66 75   1 -1  0 -9 
66 80  -1  0  0 -9 
66 84   1  1  0 -9 
66 115  -1 -2  0 -9 
66 130   1 -1  0 -9 
66 134  -1  0  0 -9 
67 54  -1  0  0 -9 
67 59   1  1  0 -9 
67 67  -1  2  0 -9 
67 76   1 -1  0 -9 
67 81  -1  0  0 -9 
67 85   1  1  0 -9 
67 116  -1 -2  0 -9 
67 131   1 -1  0 -9 
67 135  -1  0  0 -9 
68 11  -1  0  0 -9 
68 43   1  1  0 -9 
68 51  -1  0  0 -9 
68 54  -1  0  0 -9 
68 59   1  1  0 -9 
68 68  -1  2  0 -9 
68 73   1 -1  0 -9 
68 76   1 -1  0 -9 
68 78  -1  0  0 -9 
68 81  -1  0  0 -9 
68 86   1  1  0 -9 
68 93   1 -1  0 -9 
68 113  -1 -2  0 -9 
68 116  -1 -2  0 -9 
68 118   1 -1  0 -9 
68 131   1 -1  0 -9 
68 136  -1  0  0 -9 
69 55  -1  0  0 -9 
69 60   1  1  0 -9 
69 69  -1  2  0 -9 
69 77   1 -1  0 -9 
69 79  -1  0  0 -9 
69 82  -1  0  0 -9 
69 87   1  1  0 -9 
69 117  -1 -2  0 -9 
69 119   1 -1  0 -9 
69 132   1 -1  0 -9 
69 137  -1  0  0 -9 
70 54   1  1  0 -9 
70 55  -1  0  0 -9 
70 60   1  1  0 -9 
70 70  -1  2  0 -9 
70 76   1 -2  0 -9 
70 82  -1  0  0 -9 
70 88   1  1  0 -9 
70 116  -1 -3  0 -9 
70 132   1 -1  0 -9 
70 138  -1  0  0 -9 
71 54  -1  0  0 -9 
71 57  -1  0  0 -9 
71 61   1  1  0 -9 
71 71  -1  2  0 -9 
71 76   1 -1  0 -9 
71 83  -1  0  0 -9 
71 89   1  1  0 -9 
71 116  -1 -2  0 -9 
71 133   1 -1  0 -9 
71 139  -1  0  0 -9 
72 50   1 -3  0 -9 
72 112  -1 -5  0 -9 
73 51   1 -3  0 -9 
73 113  -1 -5  0 -9 
74 52   1 -3  0 -9 
74 114  -1 -5  0 -9 
75 53   1 -3  0 -9 
75 115  -1 -5  0 -9 
76 54   1 -3  0 -9 
76 116  -1 -5  0 -9 
77 55   1 -3  0 -9 
77 117  -1 -5  0 -9 
78 56   1 -3  0 -9 
78 118  -1 -5  0 -9 
79 57   1 -3  0 -9 
79 119  -1 -5  0 -9 
80 115  -1 -4  0 -9 
80 130   1 -3  0 -9 
81 116  -1 -4  0 -9 
81 131   1 -3  0 -9 
82 117  -1 -4  0 -9 
82 132   1 -3  0 -9 
83 116  -1 -4  0 -9 
83 119  -1 -4  0 -9 
83 133   1 -3  0 -9 
84 53  -1 -1  0 -9 
84 75   1 -2  0 -9 
84 80  -1 -1  0 -9 
84 84   1  0  0 -9 
84 115  -1 -3  0 -9 
84 124   1 -2  0 -9 
84 130   1 -2  0 -9 
84 134  -1 -1  0 -9 
85 54  -1 -1  0 -9 
85 76   1 -2  0 -9 
85 81  -1 -1  0 -9 
85 85   1  0  0 -9 
85 116  -1 -3  0 -9 
85 125   1 -2  0 -9 
85 131   1 -2  0 -9 
85 135  -1 -1  0 -9 
86 11  -1 -1  0 -9 
86 51  -1 -1  0 -9 
86 54  -1 -1  0 -9 
86 56   1 -2  0 -9 
86 73   1 -2  0 -9 
86 76   1 -2  0 -9 
86 78  -1 -1  0 -9 
86 81  -1 -1  0 -9 
86 86   1  0  0 -9 
86 93   1 -2  0 -9 
86 113  -1 -3  0 -9 
86 116  -1 -3  0 -9 
86 118   1 -2 -1 -4  0 -9 
86 126   1 -2  0 -9 
86 131   1 -2  0 -9 
86 136  -1 -1  0 -9 
87 55  -1 -1  0 -9 
87 57   1 -2  0 -9 
87 77   1 -2  0 -9 
87 79  -1 -1  0 -9 
87 82  -1 -1  0 -9 
87 87   1  0  0 -9 
87 117  -1 -3  0 -9 
87 119   1 -2 -1 -4  0 -9 
87 127   1 -2  0 -9 
87 132   1 -2  0 -9 
87 137  -1 -1  0 -9 
88 82  -1 -1  0 -9 
88 88   1  0  0 -9 
88 117  -1 -3  0 -9 
88 128   1 -2  0 -9 
88 132   1 -2  0 -9 
88 138  -1 -1  0 -9 
89 54  -1 -1  0 -9 
89 76   1 -2  0 -9 
89 83  -1 -1  0 -9 
89 89   1  0  0 -9 
89 116  -1 -3  0 -9 
89 119  -1 -3  0 -9 
89 129   1 -2  0 -9 
89 133   1 -2  0 -9 
89 139  -1 -1  0 -9 
90 82  -1  0  0 -9 
90 88   1  1  0 -9 
90 90  -1  2  0 -9 
90 117  -1 -2  0 -9 
90 125  -1  0  0 -9 
90 128   1 -1  0 -9 
90 132   1 -1  0 -9 
90 138  -1  0  0 -9 
90 140   1  1  0 -9 
91 54  -1  0  0 -9 
91 59   1  1  0 -9 
91 76   1 -1  0 -9 
91 81  -1  0  0 -9 
91 82   1  1  0 -9 
91 83  -1  0  0 -9 
91 89   1  1  0 -9 
91 91  -1  2  0 -9 
91 117  -1 -3  0 -9 
91 127  -1  0  0 -9 
91 129   1 -1  0 -9 
91 132   1 -2  0 -9 
91 139  -1  0  0 -9 
91 141   1  1  0 -9 
92 10   1 -3  0 -9 
92 112  -1 -5  0 -9 
93 11   1 -3  0 -9 
93 113  -1 -5  0 -9 
94 12   1 -3  0 -9 
94 114  -1 -5  0 -9 
95 13   1 -3  0 -9 
95 115  -1 -5  0 -9 
96 14   1 -3  0 -9 
96 116  -1 -5  0 -9 
97 15   1 -3  0 -9 
97 117  -1 -5  0 -9 
98 16   1 -3  0 -9 
98 118  -1 -5  0 -9 
99 17   1 -3  0 -9 
99 119  -1 -5  0 -9 
100 113  -1 -4  0 -9 
100 120   1 -3  0 -9 
101 114  -1 -4  0 -9 
101 121   1 -3  0 -9 
102 118  -1 -4  0 -9 
102 122   1 -3  0 -9 
103 113  -1 -4  0 -9 
103 119  -1 -4  0 -9 
103 123   1 -3  0 -9 
104 11  -1 -1  0 -9 
104 93   1 -2  0 -9 
104 100  -1 -1  0 -9 
104 104   1  0  0 -9 
104 113  -1 -3  0 -9 
104 120   1 -2  0 -9 
104 124  -1 -1  0 -9 
104 134   1 -2  0 -9 
105 12  -1 -1  0 -9 
105 94   1 -2  0 -9 
105 101  -1 -1  0 -9 
105 105   1  0  0 -9 
105 114  -1 -3  0 -9 
105 121   1 -2  0 -9 
105 125  -1 -1  0 -9 
105 135   1 -2  0 -9 
106 102  -1 -1  0 -9 
106 106   1  0  0 -9 
106 118  -1 -3  0 -9 
106 122   1 -2  0 -9 
106 126  -1 -1  0 -9 
106 136   1 -2  0 -9 
107 11  -1 -1  0 -9 
107 93   1 -2  0 -9 
107 103  -1 -1  0 -9 
107 107   1  0  0 -9 
107 113  -1 -3  0 -9 
107 119  -1 -3  0 -9 
107 123   1 -2  0 -9 
107 127  -1 -1  0 -9 
107 137   1 -2  0 -9 
108 11  -1 -1  0 -9 
108 14  -1 -1  0 -9 
108 15   1 -2  0 -9 
108 54  -1 -1  0 -9 
108 76   1 -2  0 -9 
108 93   1 -2  0 -9 
108 96   1 -2  0 -9 
108 97  -1 -1  0 -9 
108 100  -1 -1  0 -9 
108 108   1  0  0 -9 
108 113  -1 -3  0 -9 
108 116  -1 -3  0 -9 
108 117   1 -2 -1 -4  0 -9 
108 120   1 -2  0 -9 
108 128  -1 -1  0 -9 
108 138   1 -2  0 -9 
109 16  -1 -1  0 -9 
109 17   1 -2  0 -9 
109 98   1 -2  0 -9 
109 99  -1 -1  0 -9 
109 102  -1 -1  0 -9 
109 109   1  0  0 -9 
109 118  -1 -3  0 -9 
109 119   1 -2 -1 -4  0 -9 
109 122   1 -2  0 -9 
109 129  -1 -1  0 -9 
109 139   1 -2  0 -9 
110 102  -1  0  0 -9 
110 106   1  1  0 -9 
110 110  -1  2  0 -9 
110 118  -1 -2  0 -9 
110 122   1 -1  0 -9 
110 126  -1  0  0 -9 
110 134  -1  0  0 -9 
110 136   1 -1  0 -9 
110 142   1  1  0 -9 
111 11  -1  0  0 -9 
111 30   1  1  0 -9 
111 93   1 -1  0 -9 
111 100  -1  0  0 -9 
111 102   1  1  0 -9 
111 103  -1  0  0 -9 
111 107   1  1  0 -9 
111 111  -1  2  0 -9 
111 118  -1 -3  0 -9 
111 122   1 -2  0 -9 
111 127  -1  0  0 -9 
111 137   1 -1  0 -9 
111 139  -1  0  0 -9 
111 143   1  1  0 -9 
112 112  -1 -6  0 -9 
113 113  -1 -6  0 -9 
114 114  -1 -6  0 -9 
115 115  -1 -6  0 -9 
116 116  -1 -6  0 -9 
117 117  -1 -6  0 -9 
118 118  -1 -6  0 -9 
119 119  -1 -6  0 -9 
120 100   1 -3  0 -9 
120 113  -1 -5  0 -9 
121 101   1 -3  0 -9 
121 114  -1 -5  0 -9 
122 102   1 -3  0 -9 
122 118  -1 -5  0 -9 
123 103   1 -3  0 -9 
123 113  -1 -5  0 -9 
123 119  -1 -5  0 -9 
124 134   1 -3  0 -9 
125 135   1 -3  0 -9 
126 118  -1 -4  0 -9 
126 136   1 -3  0 -9 
127 119  -1 -4  0 -9 
127 137   1 -3  0 -9 
128 117  -1 -5  0 -9 
128 138   1 -3  0 -9 
129 119  -1 -5  0 -9 
129 139   1 -3  0 -9 
130 80   1 -3  0 -9 
130 115  -1 -5  0 -9 
131 81   1 -3  0 -9 
131 116  -1 -5  0 -9 
132 82   1 -3  0 -9 
132 117  -1 -5  0 -9 
133 83   1 -3  0 -9 
133 116  -1 -5  0 -9 
133 119  -1 -5  0 -9 
134 124   1 -3  0 -9 
135 125   1 -3  0 -9 
136 118  -1 -5  0 -9 
136 126   1 -3  0 -9 
137 119  -1 -5  0 -9 
137 127   1 -3  0 -9 
138 117  -1 -4  0 -9 
138 128   1 -3  0 -9 
139 119  -1 -4  0 -9 
139 129   1 -3  0 -9 
140 82  -1 -1  0 -9 
140 117  -1 -3  0 -9 
140 125  -1 -1  0 -9 
140 128   1 -2  0 -9 
140 132   1 -2  0 -9 
140 135   1 -2  0 -9 
140 138  -1 -1  0 -9 
140 140   1  0  0 -9 
141 119  -1 -3  0 -9 
141 127  -1 -1  0 -9 
141 129   1 -2  0 -9 
141 137   1 -2  0 -9 
141 139  -1 -1  0 -9 
141 141   1  0  0 -9 
142 102  -1 -1  0 -9 
142 118  -1 -3  0 -9 
142 122   1 -2  0 -9 
142 124   1 -2  0 -9 
142 126  -1 -1  0 -9 
142 134  -1 -1  0 -9 
142 136   1 -2  0 -9 
142 142   1  0  0 -9 
143 119  -1 -3  0 -9 
143 127  -1 -1  0 -9 
143 129   1 -2  0 -9 
143 137   1 -2  0 -9 
143 139  -1 -1  0 -9 
143 143   1  0  0 -9 
144 119  -1 -2  0 -9 
144 127  -1  0  0 -9 
144 129   1 -1  0 -9 
144 137   1 -1  0 -9 
144 139  -1  0  0 -9 
144 141   1  1  0 -9 
144 143   1  1  0 -9 
144 144  -1  2  0 -9 
9999 9999
