 0  0   1 -8  0 -9 
 1  0   1 -7  0 -9 
 1  1  -1 -6  0 -9 
 2  2   1 -8  0 -9 
 3  2   1 -7  0 -9 
 3  3  -1 -6  0 -9 
 4  4   1 -8  0 -9 
 5  4   1 -7  0 -9 
 5  5  -1 -6  0 -9 
 6  2   1 -6  0 -9 
 6  3  -1 -5  0 -9 
 6  5  -1 -4  0 -9 
 6  7   1 -3  0 -9 
 7  3  -1 -4  0 -9 
 7  4   1 -6  0 -9 
 7  5  -1 -5  0 -9 
 7  6   1 -3  0 -9 
 8  8   1 -8  0 -9 
 9  4   1 -7  0 -9 
 9  8   1 -7  0 -9 
 9  9  -1 -6  0 -9 
10  4   1 -6  0 -9 
10  5  -1 -5  0 -9 
10  8   1 -6  0 -9 
10  9  -1 -5  0 -9 
10 11   1 -3  0 -9 
11  4   1 -5  0 -9 
11  5  -1 -4  0 -9 
11  9  -1 -4  0 -9 
11 10   1 -3  0 -9 
12 12   1 -8  0 -9 
13 12   1 -7  0 -9 
13 13  -1 -6  0 -9 
14 12   1 -7  0 -9 
14 14  -1 -6  0 -9 
15 12   1 -6  0 -9 
15 13  -1 -5  0 -9 
15 14  -1 -5  0 -9 
15 16   1 -3  0 -9 
16 12   1 -5  0 -9 
16 13  -1 -4  0 -9 
16 14  -1 -4  0 -9 
16 15   1 -3  0 -9 
17 13  -1 -4  0 -9 
17 18   1 -3  0 -9 
18 12   1 -6  0 -9 
18 13  -1 -5  0 -9 
18 17   1 -3  0 -9 
19 12   1 -5  0 -9 
19 13  -1 -4  0 -9 
19 17   1 -2  0 -9 
19 18  -1 -1  0 -9 
19 19   1  0  0 -9 
20 12   1 -4  0 -9 
20 13  -1 -3  0 -9 
20 14  -1 -3  0 -9 
20 15   1 -2  0 -9 
20 16   1  1  0 -9 
20 18  -1  0  0 -9 
20 19   1  1  0 -9 
20 20  -1  2  0 -9 
21 21   1 -8  0 -9 
22 21   1 -7  0 -9 
22 22  -1 -6  0 -9 
23 23   1 -8  0 -9 
24 23   1 -7  0 -9 
24 24  -1 -6  0 -9 
25 25   1 -8  0 -9 
26 25   1 -7  0 -9 
26 26  -1 -6  0 -9 
27 21   1 -6  0 -9 
27 22  -1 -5  0 -9 
27 23   1 -6  0 -9 
27 24  -1 -5  0 -9 
27 26  -1 -4  0 -9 
27 28   1 -3  0 -9 
28 22  -1 -4  0 -9 
28 24  -1 -4  0 -9 
28 25   1 -6  0 -9 
28 26  -1 -5  0 -9 
28 27   1 -3  0 -9 
29 29   1 -8  0 -9 
30 23   1 -7  0 -9 
30 29   1 -7  0 -9 
30 30  -1 -6  0 -9 
31 23   1 -5  0 -9 
31 24  -1 -4  0 -9 
31 30  -1 -4  0 -9 
31 32   1 -3  0 -9 
32 23   1 -6  0 -9 
32 24  -1 -5  0 -9 
32 29   1 -6  0 -9 
32 30  -1 -5  0 -9 
32 31   1 -3  0 -9 
33 33   1 -8  0 -9 
34  0   1 -7  0 -9 
34  4   1 -7  0 -9 
34 25   1 -7  0 -9 
34 33   1 -7  0 -9 
34 34  -1 -6  0 -9 
35  0   1 -6  0 -9 
35  4   1 -6  0 -9 
35  5  -1 -5  0 -9 
35 25   1 -6  0 -9 
35 26  -1 -5  0 -9 
35 33   1 -6  0 -9 
35 34  -1 -5  0 -9 
35 36   1 -3  0 -9 
36  4   1 -5  0 -9 
36  5  -1 -4  0 -9 
36 25   1 -5  0 -9 
36 26  -1 -4  0 -9 
36 34  -1 -4  0 -9 
36 35   1 -3  0 -9 
37 37   1 -8  0 -9 
38 37   1 -7  0 -9 
38 38  -1 -6  0 -9 
39 29   1 -7  0 -9 
39 37   1 -7  0 -9 
39 39  -1 -6  0 -9 
40 23   1 -6  0 -9 
40 24  -1 -5  0 -9 
40 29   1 -6  0 -9 
40 30  -1 -5  0 -9 
40 33   1 -7  0 -9 
40 37   1 -6  0 -9 
40 38  -1 -5  0 -9 
40 39  -1 -5  0 -9 
40 41   1 -3  0 -9 
41 23   1 -5  0 -9 
41 24  -1 -4  0 -9 
41 29   1 -5  0 -9 
41 30  -1 -4  0 -9 
41 33  -1 -4  0 -9 
41 37   1 -5  0 -9 
41 38  -1 -4  0 -9 
41 39  -1 -4  0 -9 
41 40   1 -3  0 -9 
42 37   1 -5  0 -9 
42 38  -1 -4  0 -9 
42 39  -1 -4  0 -9 
42 43   1 -3  0 -9 
43 29   1 -6  0 -9 
43 37   1 -6  0 -9 
43 38  -1 -5  0 -9 
43 39  -1 -5  0 -9 
43 42   1 -3  0 -9 
44 23   1 -4  0 -9 
44 24  -1 -3  0 -9 
44 30  -1 -3  0 -9 
44 31  -1 -1  0 -9 
44 32   1 -2  0 -9 
44 33  -1 -3  0 -9 
44 37   1 -4  0 -9 
44 38  -1 -3  0 -9 
44 39  -1 -3  0 -9 
44 40   1 -2  0 -9 
44 41  -1 -1  0 -9 
44 42  -1 -1  0 -9 
44 43   1 -2  0 -9 
44 44   1  0  0 -9 
45 45   1 -8  0 -9 
46 45   1 -7  0 -9 
46 46  -1 -6  0 -9 
47 47   1 -8  0 -9 
48 47   1 -7  0 -9 
48 48  -1 -6  0 -9 
49 45   1 -6  0 -9 
49 46  -1 -5  0 -9 
49 48  -1 -4  0 -9 
49 50   1 -3  0 -9 
50 46  -1 -4  0 -9 
50 47   1 -6  0 -9 
50 48  -1 -5  0 -9 
50 49   1 -3  0 -9 
51 51   1 -8  0 -9 
52 51   1 -7  0 -9 
52 52  -1 -6  0 -9 
53 23   1 -6  0 -9 
53 24  -1 -5  0 -9 
53 52  -1 -4  0 -9 
53 54   1 -3  0 -9 
54 24  -1 -4  0 -9 
54 51   1 -6  0 -9 
54 52  -1 -5  0 -9 
54 53   1 -3  0 -9 
55 29   1 -7  0 -9 
55 55  -1 -6  0 -9 
56 24  -1 -3  0 -9 
56 29  -1 -4  0 -9 
56 31  -1 -1  0 -9 
56 32   1 -2  0 -9 
56 51   1 -5  0 -9 
56 52  -1 -4  0 -9 
56 53   1 -2  0 -9 
56 54  -1 -1  0 -9 
56 55   1 -3  0 -9 
56 56   1  0  0 -9 
57 57   1 -8  0 -9 
58 47   1 -7  0 -9 
58 57   1 -7  0 -9 
58 58  -1 -6  0 -9 
59 47   1 -6  0 -9 
59 48  -1 -5  0 -9 
59 57   1 -6  0 -9 
59 58  -1 -5  0 -9 
59 60   1 -3  0 -9 
60 47   1 -5  0 -9 
60 48  -1 -4  0 -9 
60 58  -1 -4  0 -9 
60 59   1 -3  0 -9 
61 61   1 -8  0 -9 
62 61   1 -7  0 -9 
62 62  -1 -6  0 -9 
63  4   1 -7  0 -9 
63 33   1 -7  0 -9 
63 51   1 -7  0 -9 
63 61   1 -7  0 -9 
63 63  -1 -6  0 -9 
64  4   1 -6  0 -9 
64  5  -1 -5  0 -9 
64 33   1 -6  0 -9 
64 51   1 -6  0 -9 
64 52  -1 -5  0 -9 
64 61   1 -6  0 -9 
64 62  -1 -5  0 -9 
64 63  -1 -5  0 -9 
64 65   1 -3  0 -9 
65  4   1 -5  0 -9 
65  5  -1 -4  0 -9 
65 51   1 -5  0 -9 
65 52  -1 -4  0 -9 
65 61   1 -5  0 -9 
65 62  -1 -4  0 -9 
65 63  -1 -4  0 -9 
65 64   1 -3  0 -9 
66  5  -1 -4  0 -9 
66 29   1 -6  0 -9 
66 37   1 -6  0 -9 
66 39  -1 -5  0 -9 
66 55  -1 -5  0 -9 
66 62  -1 -4  0 -9 
66 67   1 -3  0 -9 
67  4   1 -6  0 -9 
67  5  -1 -5  0 -9 
67 29   1 -5  0 -9 
67 39  -1 -4  0 -9 
67 55  -1 -4  0 -9 
67 61   1 -6  0 -9 
67 62  -1 -5  0 -9 
67 66   1 -3  0 -9 
68  4   1 -5  0 -9 
68  5  -1 -4  0 -9 
68 39  -1 -3  0 -9 
68 42  -1 -1  0 -9 
68 43   1 -2  0 -9 
68 61   1 -5  0 -9 
68 62  -1 -4  0 -9 
68 66   1 -2  0 -9 
68 67  -1 -1  0 -9 
68 68   1  0  0 -9 
69  4   1 -4  0 -9 
69  5  -1 -3  0 -9 
69 29  -1 -3  0 -9 
69 31  -1  0  0 -9 
69 32   1 -1  0 -9 
69 41  -1  0  0 -9 
69 42  -1  0  0 -9 
69 43   1 -1  0 -9 
69 44   1  1  0 -9 
69 51   1 -4  0 -9 
69 52  -1 -3  0 -9 
69 54  -1  0  0 -9 
69 55   1 -2  0 -9 
69 56   1  1  0 -9 
69 61   1 -4  0 -9 
69 62  -1 -3  0 -9 
69 63  -1 -3  0 -9 
69 64   1 -2  0 -9 
69 65   1  1  0 -9 
69 67  -1  0  0 -9 
69 68   1  1  0 -9 
69 69  -1  2  0 -9 
70 70   1 -8  0 -9 
71 70   1 -7  0 -9 
71 71  -1 -6  0 -9 
72 70   1 -7  0 -9 
72 72  -1 -6  0 -9 
73 57   1 -7  0 -9 
73 70   1 -6  0 -9 
73 71  -1 -5  0 -9 
73 72  -1 -5  0 -9 
73 74   1 -3  0 -9 
74 57  -1 -4  0 -9 
74 70   1 -5  0 -9 
74 71  -1 -4  0 -9 
74 72  -1 -4  0 -9 
74 73   1 -3  0 -9 
75 29  -1 -4  0 -9 
75 70   1 -5  0 -9 
75 71  -1 -4  0 -9 
75 72  -1 -4  0 -9 
75 76   1 -3  0 -9 
76 29   1 -7  0 -9 
76 70   1 -6  0 -9 
76 71  -1 -5  0 -9 
76 72  -1 -5  0 -9 
76 75   1 -3  0 -9 
77 29  -1 -3  0 -9 
77 57  -1 -3  0 -9 
77 70   1 -4  0 -9 
77 71  -1 -3  0 -9 
77 72  -1 -3  0 -9 
77 73   1 -2  0 -9 
77 74  -1 -1  0 -9 
77 75  -1 -1  0 -9 
77 76   1 -2  0 -9 
77 77   1  0  0 -9 
78 78   1 -8  0 -9 
79 78   1 -7  0 -9 
79 79  -1 -6  0 -9 
80 78   1 -7  0 -9 
80 80  -1 -6  0 -9 
81 78   1 -6  0 -9 
81 79  -1 -5  0 -9 
81 80  -1 -5  0 -9 
81 82   1 -3  0 -9 
82 78   1 -5  0 -9 
82 79  -1 -4  0 -9 
82 80  -1 -4  0 -9 
82 81   1 -3  0 -9 
83 48  -1 -4  0 -9 
83 55  -1 -4  0 -9 
83 70   1 -6  0 -9 
83 72  -1 -5  0 -9 
83 79  -1 -4  0 -9 
83 84   1 -3  0 -9 
84 29   1 -6  0 -9 
84 47   1 -6  0 -9 
84 48  -1 -5  0 -9 
84 55  -1 -5  0 -9 
84 72  -1 -4  0 -9 
84 78   1 -6  0 -9 
84 79  -1 -5  0 -9 
84 83   1 -3  0 -9 
85 29  -1 -3  0 -9 
85 47   1 -5  0 -9 
85 48  -1 -4  0 -9 
85 55   1 -2  0 -9 
85 72  -1 -3  0 -9 
85 75  -1 -1  0 -9 
85 76   1 -2  0 -9 
85 78   1 -5  0 -9 
85 79  -1 -4  0 -9 
85 83   1 -2  0 -9 
85 84  -1 -1  0 -9 
85 85   1  0  0 -9 
86 29  -1 -2  0 -9 
86 47   1 -4  0 -9 
86 48  -1 -3  0 -9 
86 55   1 -1  0 -9 
86 58  -1 -3  0 -9 
86 59   1 -2  0 -9 
86 60   1  1  0 -9 
86 74  -1  0  0 -9 
86 75  -1  0  0 -9 
86 76   1 -1  0 -9 
86 77   1  1  0 -9 
86 78   1 -4  0 -9 
86 79  -1 -3  0 -9 
86 80  -1 -3  0 -9 
86 81   1 -2  0 -9 
86 82   1  1  0 -9 
86 84  -1  0  0 -9 
86 85   1  1  0 -9 
86 86  -1  2  0 -9 
87 87   1 -8  0 -9 
88 78   1 -5  0 -9 
88 79  -1 -4  0 -9 
88 80  -1 -4  0 -9 
88 87  -1 -4  0 -9 
88 89   1 -3  0 -9 
89 78   1 -6  0 -9 
89 79  -1 -5  0 -9 
89 80  -1 -5  0 -9 
89 87   1 -7  0 -9 
89 88   1 -3  0 -9 
90 78   1 -4  0 -9 
90 79  -1 -3  0 -9 
90 80  -1 -3  0 -9 
90 81   1 -2  0 -9 
90 82  -1 -1  0 -9 
90 87  -1 -3  0 -9 
90 88  -1 -1  0 -9 
90 89   1 -2  0 -9 
90 90   1  0  0 -9 
91 87   1 -7  0 -9 
91 91  -1 -6  0 -9 
92 91  -1 -4  0 -9 
92 93   1 -3  0 -9 
93 87   1 -6  0 -9 
93 91  -1 -5  0 -9 
93 92   1 -3  0 -9 
94 78   1 -4  1 -6  0 -9 
94 79  -1 -1 -1 -3 -1 -5  0 -9 
94 80  -1 -3  0 -9 
94 81   1 -2  0 -9 
94 82  -1 -1  0 -9 
94 87  -1 -3  0 -9 
94 88  -1 -1  0 -9 
94 89   1 -2  0 -9 
94 91   1 -2  0 -9 
94 92   1 -2  0 -9 
94 93  -1 -1  0 -9 
94 94   1  0  0 -9 
95 78   1 -3  0 -9 
95 79  -1  0 -1 -2  0 -9 
95 80  -1 -2  0 -9 
95 81   1 -1  0 -9 
95 82  -1  0  0 -9 
95 87  -1 -2  0 -9 
95 88  -1  0  0 -9 
95 89   1 -1  0 -9 
95 90   1  1  0 -9 
95 91   1 -1  0 -9 
95 93  -1  0  0 -9 
95 94   1  1  0 -9 
95 95  -1  2  0 -9 
96 61   1 -7  0 -9 
96 87   1 -7  0 -9 
96 96  -1 -6  0 -9 
97 61   1 -5  0 -9 
97 62  -1 -4  0 -9 
97 96  -1 -4  0 -9 
97 98   1 -3  0 -9 
98 61   1 -6  0 -9 
98 62  -1 -5  0 -9 
98 87   1 -6  0 -9 
98 96  -1 -5  0 -9 
98 97   1 -3  0 -9 
99 61   1 -6  0 -9 
99 62  -1 -5  0 -9 
99 87   1 -6  0 -9 
99 91  -1 -5  0 -9 
99 96  -1 -5  0 -9 
99 100   1 -3  0 -9 
100 61   1 -5  0 -9 
100 62  -1 -4  0 -9 
100 87   1 -5  0 -9 
100 91  -1 -4  0 -9 
100 96  -1 -4  0 -9 
100 99   1 -3  0 -9 
101 61   1 -4  1 -6  0 -9 
101 62  -1 -1 -1 -3 -1 -5  0 -9 
101 96  -1 -3  0 -9 
101 97  -1 -1  0 -9 
101 98   1 -2  0 -9 
101 99   1 -2  0 -9 
101 100  -1 -1  0 -9 
101 101   1  0  0 -9 
102 61   1 -4  0 -9 
102 62  -1 -3  0 -9 
102 91  -1 -3  0 -9 
102 92  -1 -1  0 -9 
102 93   1 -2  0 -9 
102 96  -1 -3  0 -9 
102 97  -1 -1  0 -9 
102 98   1 -2  0 -9 
102 99   1 -2  0 -9 
102 100  -1 -1  0 -9 
102 102   1  0  0 -9 
103 61   1 -3  0 -9 
103 62  -1  0 -1 -2  0 -9 
103 92  -1  0  0 -9 
103 96  -1 -2  0 -9 
103 97  -1  0  0 -9 
103 98   1 -1  0 -9 
103 99   1 -1  0 -9 
103 100  -1  0  0 -9 
103 101   1  1  0 -9 
103 102   1  1  0 -9 
103 103  -1  2  0 -9 
104 104   1 -8  0 -9 
105 104   1 -7  0 -9 
105 105  -1 -6  0 -9 
106 106   1 -8  0 -9 
107 106   1 -7  0 -9 
107 107  -1 -6  0 -9 
108 104   1 -6  0 -9 
108 105  -1 -5  0 -9 
108 107  -1 -4  0 -9 
108 109   1 -3  0 -9 
109 105  -1 -4  0 -9 
109 106   1 -6  0 -9 
109 107  -1 -5  0 -9 
109 108   1 -3  0 -9 
110 110   1 -8  0 -9 
111 110   1 -7  0 -9 
111 111  -1 -6  0 -9 
112 111  -1 -4  0 -9 
112 113   1 -3  0 -9 
113 110   1 -6  0 -9 
113 111  -1 -5  0 -9 
113 112   1 -3  0 -9 
114 114  -1 -6  0 -9 
115 110   1 -5  0 -9 
115 111  -1 -4  0 -9 
115 112   1 -2  0 -9 
115 113  -1 -1  0 -9 
115 114   1 -3  0 -9 
115 115   1  0  0 -9 
116 116   1 -8  0 -9 
117 106   1 -7  0 -9 
117 116   1 -7  0 -9 
117 117  -1 -6  0 -9 
118 106   1 -6  0 -9 
118 107  -1 -5  0 -9 
118 116   1 -6  0 -9 
118 117  -1 -5  0 -9 
118 119   1 -3  0 -9 
119 106   1 -5  0 -9 
119 107  -1 -4  0 -9 
119 117  -1 -4  0 -9 
119 118   1 -3  0 -9 
120 120   1 -8  0 -9 
121 120   1 -7  0 -9 
121 121  -1 -6  0 -9 
122 110   1 -7  0 -9 
122 120   1 -7  0 -9 
122 122  -1 -6  0 -9 
123 110   1 -6  0 -9 
123 111  -1 -5  0 -9 
123 120   1 -6  0 -9 
123 121  -1 -5  0 -9 
123 122  -1 -5  0 -9 
123 124   1 -3  0 -9 
124 110   1 -5  0 -9 
124 111  -1 -4  0 -9 
124 120   1 -5  0 -9 
124 121  -1 -4  0 -9 
124 122  -1 -4  0 -9 
124 123   1 -3  0 -9 
125 114  -1 -5  0 -9 
125 121  -1 -4  0 -9 
125 126   1 -3  0 -9 
126 114  -1 -4  0 -9 
126 120   1 -6  0 -9 
126 121  -1 -5  0 -9 
126 125   1 -3  0 -9 
127 120   1 -5  0 -9 
127 121  -1 -4  0 -9 
127 125   1 -2  0 -9 
127 126  -1 -1  0 -9 
127 127   1  0  0 -9 
128 110   1 -4  0 -9 
128 111  -1 -3  0 -9 
128 113  -1  0  0 -9 
128 114   1 -2  0 -9 
128 115   1  1  0 -9 
128 120   1 -4  0 -9 
128 121  -1 -3  0 -9 
128 122  -1 -3  0 -9 
128 123   1 -2  0 -9 
128 124   1  1  0 -9 
128 126  -1  0  0 -9 
128 127   1  1  0 -9 
128 128  -1  2  0 -9 
129 129   1 -8  0 -9 
130 129   1 -7  0 -9 
130 130  -1 -6  0 -9 
131 129   1 -7  0 -9 
131 131  -1 -6  0 -9 
132 129   1 -6  0 -9 
132 130  -1 -5  0 -9 
132 131  -1 -5  0 -9 
132 133   1 -3  0 -9 
133 129   1 -5  0 -9 
133 130  -1 -4  0 -9 
133 131  -1 -4  0 -9 
133 132   1 -3  0 -9 
134 114  -1 -4  0 -9 
134 130  -1 -4  0 -9 
134 135   1 -3  0 -9 
135 114  -1 -5  0 -9 
135 129   1 -6  0 -9 
135 130  -1 -5  0 -9 
135 134   1 -3  0 -9 
136 114   1 -2  0 -9 
136 129   1 -5  0 -9 
136 130  -1 -4  0 -9 
136 134   1 -2  0 -9 
136 135  -1 -1  0 -9 
136 136   1  0  0 -9 
137 114   1 -1  0 -9 
137 129   1 -4  0 -9 
137 130  -1 -3  0 -9 
137 131  -1 -3  0 -9 
137 132   1 -2  0 -9 
137 133   1  1  0 -9 
137 135  -1  0  0 -9 
137 136   1  1  0 -9 
137 137  -1  2  0 -9 
138 138  -1 -6  0 -9 
139 79  -1 -4  0 -9 
139 138  -1 -4  0 -9 
139 140   1 -3  0 -9 
140 78   1 -6  0 -9 
140 79  -1 -5  0 -9 
140 138  -1 -5  0 -9 
140 139   1 -3  0 -9 
141 78   1 -5  0 -9 
141 79  -1 -4  0 -9 
141 138   1 -2  0 -9 
141 139   1 -2  0 -9 
141 140  -1 -1  0 -9 
141 141   1  0  0 -9 
142 78   1 -4  0 -9 
142 79  -1 -3  0 -9 
142 80  -1 -3  0 -9 
142 81   1 -2  0 -9 
142 82   1  1  0 -9 
142 138   1 -1  0 -9 
142 140  -1  0  0 -9 
142 141   1  1  0 -9 
142 142  -1  2  0 -9 
143 87   1 -5  0 -9 
143 91  -1 -4  0 -9 
143 92   1 -2  0 -9 
143 93  -1 -1  0 -9 
143 138   1 -3  0 -9 
143 143   1  0  0 -9 
144 62  -1 -4  0 -9 
144 138  -1 -5  0 -9 
144 145   1 -3  0 -9 
145 61   1 -6  0 -9 
145 62  -1 -5  0 -9 
145 138  -1 -4  0 -9 
145 144   1 -3  0 -9 
146 61   1 -5  0 -9 
146 62  -1 -4  0 -9 
146 144   1 -2  0 -9 
146 145  -1 -1  0 -9 
146 146   1  0  0 -9 
147 61   1 -4  0 -9 
147 62  -1 -3  0 -9 
147 87   1 -4  0 -9 
147 91  -1 -3  0 -9 
147 93  -1  0  0 -9 
147 96  -1 -3  0 -9 
147 99   1 -2  0 -9 
147 100   1  1  0 -9 
147 138   1 -2  0 -9 
147 143   1  1  0 -9 
147 145  -1  0  0 -9 
147 146   1  1  0 -9 
147 147  -1  2  0 -9 
148 148   1 -8  0 -9 
149 148   1 -7  0 -9 
149 149  -1 -6  0 -9 
150 150   1 -8  0 -9 
151 150   1 -7  0 -9 
151 151  -1 -6  0 -9 
152 148   1 -6  0 -9 
152 149  -1 -5  0 -9 
152 151  -1 -4  0 -9 
152 153   1 -3  0 -9 
153 149  -1 -4  0 -9 
153 150   1 -6  0 -9 
153 151  -1 -5  0 -9 
153 152   1 -3  0 -9 
154 154   1 -8  0 -9 
155 148   1 -7  0 -9 
155 154   1 -7  0 -9 
155 155  -1 -6  0 -9 
156 148   1 -5  0 -9 
156 149  -1 -4  0 -9 
156 155  -1 -4  0 -9 
156 157   1 -3  0 -9 
157 148   1 -6  0 -9 
157 149  -1 -5  0 -9 
157 154   1 -6  0 -9 
157 155  -1 -5  0 -9 
157 156   1 -3  0 -9 
158 158   1 -8  0 -9 
159 158   1 -7  0 -9 
159 159  -1 -6  0 -9 
160 159  -1 -4  0 -9 
160 161   1 -3  0 -9 
161 158   1 -6  0 -9 
161 159  -1 -5  0 -9 
161 160   1 -3  0 -9 
162 154   1 -7  0 -9 
162 162  -1 -6  0 -9 
163 149  -1 -3  0 -9 
163 150   1 -5  0 -9 
163 151  -1 -4  0 -9 
163 152   1 -2  0 -9 
163 153  -1 -1  0 -9 
163 154  -1 -4  0 -9 
163 156  -1 -1  0 -9 
163 157   1 -2  0 -9 
163 158   1 -5  0 -9 
163 159  -1 -4  0 -9 
163 160   1 -2  0 -9 
163 161  -1 -1  0 -9 
163 162   1 -3  0 -9 
163 163   1  0  0 -9 
164 164   1 -8  0 -9 
165 164   1 -7  0 -9 
165 165  -1 -6  0 -9 
166 164   1 -7  0 -9 
166 166  -1 -6  0 -9 
167 116   1 -7  0 -9 
167 164   1 -6  0 -9 
167 165  -1 -5  0 -9 
167 166  -1 -5  0 -9 
167 168   1 -3  0 -9 
168 116  -1 -4  0 -9 
168 164   1 -5  0 -9 
168 165  -1 -4  0 -9 
168 166  -1 -4  0 -9 
168 167   1 -3  0 -9 
169 154  -1 -4  0 -9 
169 164   1 -5  0 -9 
169 165  -1 -4  0 -9 
169 166  -1 -4  0 -9 
169 170   1 -3  0 -9 
170 154   1 -7  0 -9 
170 164   1 -6  0 -9 
170 165  -1 -5  0 -9 
170 166  -1 -5  0 -9 
170 169   1 -3  0 -9 
171 116  -1 -3  0 -9 
171 154  -1 -3  0 -9 
171 164   1 -4  0 -9 
171 165  -1 -3  0 -9 
171 166  -1 -3  0 -9 
171 167   1 -2  0 -9 
171 168  -1 -1  0 -9 
171 169  -1 -1  0 -9 
171 170   1 -2  0 -9 
171 171   1  0  0 -9 
172 172   1 -8  0 -9 
173 172   1 -7  0 -9 
173 173  -1 -6  0 -9 
174 172   1 -7  0 -9 
174 174  -1 -6  0 -9 
175 172   1 -6  0 -9 
175 173  -1 -5  0 -9 
175 174  -1 -5  0 -9 
175 176   1 -3  0 -9 
176 172   1 -5  0 -9 
176 173  -1 -4  0 -9 
176 174  -1 -4  0 -9 
176 175   1 -3  0 -9 
177 107  -1 -4  0 -9 
177 114  -1 -4  0 -9 
177 162  -1 -4  0 -9 
177 164   1 -6  0 -9 
177 166  -1 -5  0 -9 
177 173  -1 -4  0 -9 
177 178   1 -3  0 -9 
178 106   1 -6  0 -9 
178 107  -1 -5  0 -9 
178 114  -1 -5  0 -9 
178 154   1 -6  0 -9 
178 162  -1 -5  0 -9 
178 166  -1 -4  0 -9 
178 172   1 -6  0 -9 
178 173  -1 -5  0 -9 
178 177   1 -3  0 -9 
179 106   1 -5  0 -9 
179 107  -1 -4  0 -9 
179 114   1 -2  0 -9 
179 154  -1 -3  0 -9 
179 162   1 -2  0 -9 
179 166  -1 -3  0 -9 
179 169  -1 -1  0 -9 
179 170   1 -2  0 -9 
179 172   1 -5  0 -9 
179 173  -1 -4  0 -9 
179 177   1 -2  0 -9 
179 178  -1 -1  0 -9 
179 179   1  0  0 -9 
180 106   1 -4  0 -9 
180 107  -1 -3  0 -9 
180 114   1 -1  0 -9 
180 117  -1 -3  0 -9 
180 118   1 -2  0 -9 
180 119   1  1  0 -9 
180 154  -1 -2  0 -9 
180 162   1 -1  0 -9 
180 168  -1  0  0 -9 
180 169  -1  0  0 -9 
180 170   1 -1  0 -9 
180 171   1  1  0 -9 
180 172   1 -4  0 -9 
180 173  -1 -3  0 -9 
180 174  -1 -3  0 -9 
180 175   1 -2  0 -9 
180 176   1  1  0 -9 
180 178  -1  0  0 -9 
180 179   1  1  0 -9 
180 180  -1  2  0 -9 
181 181   1 -8  0 -9 
182 158  -1 -4  0 -9 
182 172   1 -5  0 -9 
182 173  -1 -4  0 -9 
182 174  -1 -4  0 -9 
182 181  -1 -4  0 -9 
182 183   1 -3  0 -9 
183 158   1 -7  0 -9 
183 172   1 -6  0 -9 
183 173  -1 -5  0 -9 
183 174  -1 -5  0 -9 
183 181   1 -7  0 -9 
183 182   1 -3  0 -9 
184 158  -1 -3  0 -9 
184 172   1 -4  0 -9 
184 173  -1 -3  0 -9 
184 174  -1 -3  0 -9 
184 175   1 -2  0 -9 
184 176  -1 -1  0 -9 
184 181  -1 -3  0 -9 
184 182  -1 -1  0 -9 
184 183   1 -2  0 -9 
184 184   1  0  0 -9 
185 181   1 -7  0 -9 
185 185  -1 -6  0 -9 
186 185  -1 -4  0 -9 
186 187   1 -3  0 -9 
187 181   1 -6  0 -9 
187 185  -1 -5  0 -9 
187 186   1 -3  0 -9 
188 158  -1 -3  0 -9 
188 159   1 -2  0 -9 
188 160   1 -2  0 -9 
188 161  -1 -1  0 -9 
188 172   1 -4  1 -6  0 -9 
188 173  -1 -1 -1 -3 -1 -5  0 -9 
188 174  -1 -3  0 -9 
188 175   1 -2  0 -9 
188 176  -1 -1  0 -9 
188 181  -1 -3  0 -9 
188 182  -1 -1  0 -9 
188 183   1 -2  0 -9 
188 185   1 -2  0 -9 
188 186   1 -2  0 -9 
188 187  -1 -1  0 -9 
188 188   1  0  0 -9 
189 158  -1 -2  0 -9 
189 159   1 -1  0 -9 
189 161  -1  0  0 -9 
189 172   1 -3  0 -9 
189 173  -1  0 -1 -2  0 -9 
189 174  -1 -2  0 -9 
189 175   1 -1  0 -9 
189 176  -1  0  0 -9 
189 181  -1 -2  0 -9 
189 182  -1  0  0 -9 
189 183   1 -1  0 -9 
189 184   1  1  0 -9 
189 185   1 -1  0 -9 
189 187  -1  0  0 -9 
189 188   1  1  0 -9 
189 189  -1  2  0 -9 
190 120   1 -7  0 -9 
190 181   1 -7  0 -9 
190 190  -1 -6  0 -9 
191 120   1 -5  0 -9 
191 121  -1 -4  0 -9 
191 190  -1 -4  0 -9 
191 192   1 -3  0 -9 
192 120   1 -6  0 -9 
192 121  -1 -5  0 -9 
192 181   1 -6  0 -9 
192 190  -1 -5  0 -9 
192 191   1 -3  0 -9 
193 120   1 -6  0 -9 
193 121  -1 -5  0 -9 
193 181   1 -6  0 -9 
193 185  -1 -5  0 -9 
193 190  -1 -5  0 -9 
193 194   1 -3  0 -9 
194 120   1 -5  0 -9 
194 121  -1 -4  0 -9 
194 181   1 -5  0 -9 
194 185  -1 -4  0 -9 
194 190  -1 -4  0 -9 
194 193   1 -3  0 -9 
195 120   1 -4  1 -6  0 -9 
195 121  -1 -1 -1 -3 -1 -5  0 -9 
195 190  -1 -3  0 -9 
195 191  -1 -1  0 -9 
195 192   1 -2  0 -9 
195 193   1 -2  0 -9 
195 194  -1 -1  0 -9 
195 195   1  0  0 -9 
196 120   1 -4  0 -9 
196 121  -1 -3  0 -9 
196 185  -1 -3  0 -9 
196 186  -1 -1  0 -9 
196 187   1 -2  0 -9 
196 190  -1 -3  0 -9 
196 191  -1 -1  0 -9 
196 192   1 -2  0 -9 
196 193   1 -2  0 -9 
196 194  -1 -1  0 -9 
196 196   1  0  0 -9 
197 120   1 -3  0 -9 
197 121  -1  0 -1 -2  0 -9 
197 186  -1  0  0 -9 
197 190  -1 -2  0 -9 
197 191  -1  0  0 -9 
197 192   1 -1  0 -9 
197 193   1 -1  0 -9 
197 194  -1  0  0 -9 
197 195   1  1  0 -9 
197 196   1  1  0 -9 
197 197  -1  2  0 -9 
198 198   1 -8  0 -9 
199 198   1 -7  0 -9 
199 199  -1 -6  0 -9 
200 199  -1 -4  0 -9 
200 201   1 -3  0 -9 
201 198   1 -6  0 -9 
201 199  -1 -5  0 -9 
201 200   1 -3  0 -9 
202 202  -1 -6  0 -9 
203 198   1 -5  0 -9 
203 199  -1 -4  0 -9 
203 200   1 -2  0 -9 
203 201  -1 -1  0 -9 
203 202   1 -3  0 -9 
203 203   1  0  0 -9 
204 204  -1 -6  0 -9 
205 158   1 -5  0 -9 
205 159  -1 -4  0 -9 
205 160   1 -2  0 -9 
205 161  -1 -1  0 -9 
205 204   1 -3  0 -9 
205 205   1  0  0 -9 
206 206   1 -8  0 -9 
207 206   1 -7  0 -9 
207 207  -1 -6  0 -9 
208 206   1 -7  0 -9 
208 208  -1 -6  0 -9 
209 206   1 -6  0 -9 
209 207  -1 -5  0 -9 
209 208  -1 -5  0 -9 
209 210   1 -3  0 -9 
210 206   1 -5  0 -9 
210 207  -1 -4  0 -9 
210 208  -1 -4  0 -9 
210 209   1 -3  0 -9 
211 202  -1 -4  0 -9 
211 207  -1 -4  0 -9 
211 212   1 -3  0 -9 
212 202  -1 -5  0 -9 
212 206   1 -6  0 -9 
212 207  -1 -5  0 -9 
212 211   1 -3  0 -9 
213 202   1 -2  0 -9 
213 206   1 -5  0 -9 
213 207  -1 -4  0 -9 
213 211   1 -2  0 -9 
213 212  -1 -1  0 -9 
213 213   1  0  0 -9 
214 202   1 -1  0 -9 
214 206   1 -4  0 -9 
214 207  -1 -3  0 -9 
214 208  -1 -3  0 -9 
214 209   1 -2  0 -9 
214 210   1  1  0 -9 
214 212  -1  0  0 -9 
214 213   1  1  0 -9 
214 214  -1  2  0 -9 
215 215  -1 -6  0 -9 
216 114  -1 -4  0 -9 
216 173  -1 -4  0 -9 
216 204  -1 -4  0 -9 
216 215  -1 -4  0 -9 
216 217   1 -3  0 -9 
217 114  -1 -5  0 -9 
217 172   1 -6  0 -9 
217 173  -1 -5  0 -9 
217 204  -1 -5  0 -9 
217 215  -1 -5  0 -9 
217 216   1 -3  0 -9 
218 114   1 -2  0 -9 
218 172   1 -5  0 -9 
218 173  -1 -4  0 -9 
218 204   1 -2  0 -9 
218 215   1 -2  0 -9 
218 216   1 -2  0 -9 
218 217  -1 -1  0 -9 
218 218   1  0  0 -9 
219 114   1 -1  0 -9 
219 172   1 -4  0 -9 
219 173  -1 -3  0 -9 
219 174  -1 -3  0 -9 
219 175   1 -2  0 -9 
219 176   1  1  0 -9 
219 204   1 -1  0 -9 
219 215   1 -1  0 -9 
219 217  -1  0  0 -9 
219 218   1  1  0 -9 
219 219  -1  2  0 -9 
220 114   1 -3  0 -9 
220 181   1 -5  0 -9 
220 185  -1 -4  0 -9 
220 186   1 -2  0 -9 
220 187  -1 -1  0 -9 
220 215   1 -3  0 -9 
220 220   1  0  0 -9 
221 215  -1 -5  0 -9 
221 222   1 -3  0 -9 
222 215  -1 -4  0 -9 
222 221   1 -3  0 -9 
223 221   1 -2  0 -9 
223 222  -1 -1  0 -9 
223 223   1  0  0 -9 
224 114   1 -2  0 -9 
224 120   1 -4  0 -9 
224 121  -1 -3  0 -9 
224 126  -1  0  0 -9 
224 127   1  1  0 -9 
224 181   1 -4  0 -9 
224 185  -1 -3  0 -9 
224 187  -1  0  0 -9 
224 190  -1 -3  0 -9 
224 193   1 -2  0 -9 
224 194   1  1  0 -9 
224 215   1 -2  0 -9 
224 220   1  1  0 -9 
224 222  -1  0  0 -9 
224 223   1  1  0 -9 
224 224  -1  2  0 -9 
225 225   1 -8  0 -9 
226 206   1 -5  0 -9 
226 207  -1 -4  0 -9 
226 208  -1 -4  0 -9 
226 225  -1 -4  0 -9 
226 227   1 -3  0 -9 
227 206   1 -6  0 -9 
227 207  -1 -5  0 -9 
227 208  -1 -5  0 -9 
227 225   1 -7  0 -9 
227 226   1 -3  0 -9 
228 206   1 -4  0 -9 
228 207  -1 -3  0 -9 
228 208  -1 -3  0 -9 
228 209   1 -2  0 -9 
228 210  -1 -1  0 -9 
228 225  -1 -3  0 -9 
228 226  -1 -1  0 -9 
228 227   1 -2  0 -9 
228 228   1  0  0 -9 
229 225   1 -7  0 -9 
229 229  -1 -6  0 -9 
230 229  -1 -4  0 -9 
230 231   1 -3  0 -9 
231 225   1 -6  0 -9 
231 229  -1 -5  0 -9 
231 230   1 -3  0 -9 
232 206   1 -4  1 -6  0 -9 
232 207  -1 -1 -1 -3 -1 -5  0 -9 
232 208  -1 -3  0 -9 
232 209   1 -2  0 -9 
232 210  -1 -1  0 -9 
232 225  -1 -3  0 -9 
232 226  -1 -1  0 -9 
232 227   1 -2  0 -9 
232 229   1 -2  0 -9 
232 230   1 -2  0 -9 
232 231  -1 -1  0 -9 
232 232   1  0  0 -9 
233 206   1 -3  0 -9 
233 207  -1  0 -1 -2  0 -9 
233 208  -1 -2  0 -9 
233 209   1 -1  0 -9 
233 210  -1  0  0 -9 
233 225  -1 -2  0 -9 
233 226  -1  0  0 -9 
233 227   1 -1  0 -9 
233 228   1  1  0 -9 
233 229   1 -1  0 -9 
233 231  -1  0  0 -9 
233 232   1  1  0 -9 
233 233  -1  2  0 -9 
234 234  -1 -6  0 -9 
235 234  -1 -4  0 -9 
235 236   1 -3  0 -9 
236 234  -1 -5  0 -9 
236 235   1 -3  0 -9 
237 234   1 -2  0 -9 
237 235   1 -2  0 -9 
237 236  -1 -1  0 -9 
237 237   1  0  0 -9 
238 234   1 -1  0 -9 
238 236  -1  0  0 -9 
238 237   1  1  0 -9 
238 238  -1  2  0 -9 
239 202   1 -3  0 -9 
239 225   1 -5  0 -9 
239 229  -1 -4  0 -9 
239 230   1 -2  0 -9 
239 231  -1 -1  0 -9 
239 234   1 -3  0 -9 
239 239   1  0  0 -9 
240 215  -1 -4  0 -9 
240 241   1 -3  0 -9 
241 215  -1 -5  0 -9 
241 240   1 -3  0 -9 
242 215  -1 -3  0 -9 
242 221   1 -2  0 -9 
242 222  -1 -1  0 -9 
242 240  -1 -1  0 -9 
242 241   1 -2  0 -9 
242 242   1  0  0 -9 
243 221   1 -1  0 -9 
243 222  -1  0  0 -9 
243 223   1  1  0 -9 
243 240  -1  0  0 -9 
243 242   1  1  0 -9 
243 243  -1  2  0 -9 
244 215   1 -2  0 -9 
244 240   1 -2  0 -9 
244 241  -1 -1  0 -9 
244 244   1  0  0 -9 
245 215   1 -1  0 -9 
245 241  -1  0  0 -9 
245 244   1  1  0 -9 
245 245  -1  2  0 -9 
246 246   1 -8  0 -9 
247 246   1 -7  0 -9 
247 247  -1 -6  0 -9 
248 248   1 -8  0 -9 
249 248   1 -7  0 -9 
249 249  -1 -6  0 -9 
250 246   1 -6  0 -9 
250 247  -1 -5  0 -9 
250 249  -1 -4  0 -9 
250 251   1 -3  0 -9 
251 247  -1 -4  0 -9 
251 248   1 -6  0 -9 
251 249  -1 -5  0 -9 
251 250   1 -3  0 -9 
252 252   1 -8  0 -9 
253 252   1 -7  0 -9 
253 253  -1 -6  0 -9 
254 253  -1 -4  0 -9 
254 255   1 -3  0 -9 
255 252   1 -6  0 -9 
255 253  -1 -5  0 -9 
255 254   1 -3  0 -9 
256 256  -1 -6  0 -9 
257 252   1 -5  0 -9 
257 253  -1 -4  0 -9 
257 254   1 -2  0 -9 
257 255  -1 -1  0 -9 
257 256   1 -3  0 -9 
257 257   1  0  0 -9 
258 258   1 -8  0 -9 
259 248   1 -7  0 -9 
259 258   1 -7  0 -9 
259 259  -1 -6  0 -9 
260 248   1 -6  0 -9 
260 249  -1 -5  0 -9 
260 258   1 -6  0 -9 
260 259  -1 -5  0 -9 
260 261   1 -3  0 -9 
261 248   1 -5  0 -9 
261 249  -1 -4  0 -9 
261 259  -1 -4  0 -9 
261 260   1 -3  0 -9 
262 262   1 -8  0 -9 
263 262   1 -7  0 -9 
263 263  -1 -6  0 -9 
264 252   1 -7  0 -9 
264 262   1 -7  0 -9 
264 264  -1 -6  0 -9 
265 252   1 -6  0 -9 
265 253  -1 -5  0 -9 
265 262   1 -6  0 -9 
265 263  -1 -5  0 -9 
265 264  -1 -5  0 -9 
265 266   1 -3  0 -9 
266 252   1 -5  0 -9 
266 253  -1 -4  0 -9 
266 262   1 -5  0 -9 
266 263  -1 -4  0 -9 
266 264  -1 -4  0 -9 
266 265   1 -3  0 -9 
267 256  -1 -5  0 -9 
267 263  -1 -4  0 -9 
267 268   1 -3  0 -9 
268 256  -1 -4  0 -9 
268 262   1 -6  0 -9 
268 263  -1 -5  0 -9 
268 267   1 -3  0 -9 
269 262   1 -5  0 -9 
269 263  -1 -4  0 -9 
269 267   1 -2  0 -9 
269 268  -1 -1  0 -9 
269 269   1  0  0 -9 
270 252   1 -4  0 -9 
270 253  -1 -3  0 -9 
270 255  -1  0  0 -9 
270 256   1 -2  0 -9 
270 257   1  1  0 -9 
270 262   1 -4  0 -9 
270 263  -1 -3  0 -9 
270 264  -1 -3  0 -9 
270 265   1 -2  0 -9 
270 266   1  1  0 -9 
270 268  -1  0  0 -9 
270 269   1  1  0 -9 
270 270  -1  2  0 -9 
271 271   1 -8  0 -9 
272 271   1 -7  0 -9 
272 272  -1 -6  0 -9 
273 271   1 -7  0 -9 
273 273  -1 -6  0 -9 
274 271   1 -6  0 -9 
274 272  -1 -5  0 -9 
274 273  -1 -5  0 -9 
274 275   1 -3  0 -9 
275 271   1 -5  0 -9 
275 272  -1 -4  0 -9 
275 273  -1 -4  0 -9 
275 274   1 -3  0 -9 
276 256  -1 -4  0 -9 
276 272  -1 -4  0 -9 
276 277   1 -3  0 -9 
277 256  -1 -5  0 -9 
277 271   1 -6  0 -9 
277 272  -1 -5  0 -9 
277 276   1 -3  0 -9 
278 256   1 -2  0 -9 
278 271   1 -5  0 -9 
278 272  -1 -4  0 -9 
278 276   1 -2  0 -9 
278 277  -1 -1  0 -9 
278 278   1  0  0 -9 
279 256   1 -1  0 -9 
279 271   1 -4  0 -9 
279 272  -1 -3  0 -9 
279 273  -1 -3  0 -9 
279 274   1 -2  0 -9 
279 275   1  1  0 -9 
279 277  -1  0  0 -9 
279 278   1  1  0 -9 
279 279  -1  2  0 -9 
280 280  -1 -6  0 -9 
281 280  -1 -4  0 -9 
281 282   1 -3  0 -9 
282 280  -1 -5  0 -9 
282 281   1 -3  0 -9 
283 280   1 -2  0 -9 
283 281   1 -2  0 -9 
283 282  -1 -1  0 -9 
283 283   1  0  0 -9 
284 280   1 -1  0 -9 
284 282  -1  0  0 -9 
284 283   1  1  0 -9 
284 284  -1  2  0 -9 
285 280   1 -3  0 -9 
285 285   1  0  0 -9 
286 280  -1 -5  0 -9 
286 287   1 -3  0 -9 
287 280  -1 -4  0 -9 
287 286   1 -3  0 -9 
288 286   1 -2  0 -9 
288 287  -1 -1  0 -9 
288 288   1  0  0 -9 
289 280   1 -2  0 -9 
289 285   1  1  0 -9 
289 287  -1  0  0 -9 
289 288   1  1  0 -9 
289 289  -1  2  0 -9 
290 290   1 -8  0 -9 
291 290   1 -7  0 -9 
291 291  -1 -6  0 -9 
292 291  -1 -4  0 -9 
292 293   1 -3  0 -9 
293 290   1 -6  0 -9 
293 291  -1 -5  0 -9 
293 292   1 -3  0 -9 
294 294  -1 -6  0 -9 
295 290   1 -5  0 -9 
295 291  -1 -4  0 -9 
295 292   1 -2  0 -9 
295 293  -1 -1  0 -9 
295 294   1 -3  0 -9 
295 295   1  0  0 -9 
296 296  -1 -6  0 -9 
297 296   1 -3  0 -9 
297 297   1  0  0 -9 
298 298   1 -8  0 -9 
299 298   1 -7  0 -9 
299 299  -1 -6  0 -9 
300 298   1 -7  0 -9 
300 300  -1 -6  0 -9 
301 298   1 -6  0 -9 
301 299  -1 -5  0 -9 
301 300  -1 -5  0 -9 
301 302   1 -3  0 -9 
302 298   1 -5  0 -9 
302 299  -1 -4  0 -9 
302 300  -1 -4  0 -9 
302 301   1 -3  0 -9 
303 114  -1 -4  0 -9 
303 294  -1 -4  0 -9 
303 299  -1 -4  0 -9 
303 304   1 -3  0 -9 
304 114  -1 -5  0 -9 
304 294  -1 -5  0 -9 
304 298   1 -6  0 -9 
304 299  -1 -5  0 -9 
304 303   1 -3  0 -9 
305 114   1 -2  0 -9 
305 294   1 -2  0 -9 
305 298   1 -5  0 -9 
305 299  -1 -4  0 -9 
305 303   1 -2  0 -9 
305 304  -1 -1  0 -9 
305 305   1  0  0 -9 
306 114   1 -1  0 -9 
306 294   1 -1  0 -9 
306 298   1 -4  0 -9 
306 299  -1 -3  0 -9 
306 300  -1 -3  0 -9 
306 301   1 -2  0 -9 
306 302   1  1  0 -9 
306 304  -1  0  0 -9 
306 305   1  1  0 -9 
306 306  -1  2  0 -9 
307 307  -1 -6  0 -9 
308 296  -1 -4  0 -9 
308 307  -1 -4  0 -9 
308 309   1 -3  0 -9 
309 296  -1 -5  0 -9 
309 307  -1 -5  0 -9 
309 308   1 -3  0 -9 
310 296   1 -2  0 -9 
310 307   1 -2  0 -9 
310 308   1 -2  0 -9 
310 309  -1 -1  0 -9 
310 310   1  0  0 -9 
311 296   1 -1  0 -9 
311 307   1 -1  0 -9 
311 309  -1  0  0 -9 
311 310   1  1  0 -9 
311 311  -1  2  0 -9 
312 307   1 -3  0 -9 
312 312   1  0  0 -9 
313 307  -1 -5  0 -9 
313 314   1 -3  0 -9 
314 307  -1 -4  0 -9 
314 313   1 -3  0 -9 
315 313   1 -2  0 -9 
315 314  -1 -1  0 -9 
315 315   1  0  0 -9 
316 307   1 -2  0 -9 
316 312   1  1  0 -9 
316 314  -1  0  0 -9 
316 315   1  1  0 -9 
316 316  -1  2  0 -9 
317 317  -1 -6  0 -9 
318 317  -1 -4  0 -9 
318 319   1 -3  0 -9 
319 317  -1 -5  0 -9 
319 318   1 -3  0 -9 
320 317   1 -2  0 -9 
320 318   1 -2  0 -9 
320 319  -1 -1  0 -9 
320 320   1  0  0 -9 
321 317   1 -1  0 -9 
321 319  -1  0  0 -9 
321 320   1  1  0 -9 
321 321  -1  2  0 -9 
322 317   1 -3  0 -9 
322 322   1  0  0 -9 
323 234   1 -3  0 -9 
323 323   1  0  0 -9 
324 215   1 -3  0 -9 
324 324   1  0  0 -9 
325 215   1 -2  0 -9 
325 222  -1  0  0 -9 
325 223   1  1  0 -9 
325 324   1  1  0 -9 
325 325  -1  2  0 -9 
326 326   1 -8  0 -9 
327 150   1 -7  0 -9 
327 248   1 -7  0 -9 
327 326   1 -7  0 -9 
327 327  -1 -6  0 -9 
328 150   1 -6  0 -9 
328 151  -1 -5  0 -9 
328 248   1 -6  0 -9 
328 249  -1 -5  0 -9 
328 326   1 -6  0 -9 
328 327  -1 -5  0 -9 
328 329   1 -3  0 -9 
329 150   1 -5  0 -9 
329 151  -1 -4  0 -9 
329 248   1 -5  0 -9 
329 249  -1 -4  0 -9 
329 327  -1 -4  0 -9 
329 328   1 -3  0 -9 
330 330   1 -8  0 -9 
331 330   1 -7  0 -9 
331 331  -1 -6  0 -9 
332 154   1 -7  0 -9 
332 330   1 -7  0 -9 
332 332  -1 -6  0 -9 
333 148   1 -6  0 -9 
333 149  -1 -5  0 -9 
333 154   1 -6  0 -9 
333 155  -1 -5  0 -9 
333 326   1 -7  0 -9 
333 330   1 -6  0 -9 
333 331  -1 -5  0 -9 
333 332  -1 -5  0 -9 
333 334   1 -3  0 -9 
334 148   1 -5  0 -9 
334 149  -1 -4  0 -9 
334 154   1 -5  0 -9 
334 155  -1 -4  0 -9 
334 326  -1 -4  0 -9 
334 330   1 -5  0 -9 
334 331  -1 -4  0 -9 
334 332  -1 -4  0 -9 
334 333   1 -3  0 -9 
335 330   1 -5  0 -9 
335 331  -1 -4  0 -9 
335 332  -1 -4  0 -9 
335 336   1 -3  0 -9 
336 154   1 -6  0 -9 
336 330   1 -6  0 -9 
336 331  -1 -5  0 -9 
336 332  -1 -5  0 -9 
336 335   1 -3  0 -9 
337 148   1 -4  0 -9 
337 149  -1 -3  0 -9 
337 155  -1 -3  0 -9 
337 156  -1 -1  0 -9 
337 157   1 -2  0 -9 
337 326  -1 -3  0 -9 
337 330   1 -4  0 -9 
337 331  -1 -3  0 -9 
337 332  -1 -3  0 -9 
337 333   1 -2  0 -9 
337 334  -1 -1  0 -9 
337 335  -1 -1  0 -9 
337 336   1 -2  0 -9 
337 337   1  0  0 -9 
338 338   1 -8  0 -9 
339 338   1 -7  0 -9 
339 339  -1 -6  0 -9 
340 158   1 -7  0 -9 
340 338   1 -7  0 -9 
340 340  -1 -6  0 -9 
341 158   1 -6  0 -9 
341 159  -1 -5  0 -9 
341 338   1 -6  0 -9 
341 339  -1 -5  0 -9 
341 340  -1 -5  0 -9 
341 342   1 -3  0 -9 
342 158   1 -5  0 -9 
342 159  -1 -4  0 -9 
342 338   1 -5  0 -9 
342 339  -1 -4  0 -9 
342 340  -1 -4  0 -9 
342 341   1 -3  0 -9 
343 154   1 -6  0 -9 
343 162  -1 -5  0 -9 
343 249  -1 -4  0 -9 
343 256  -1 -4  0 -9 
343 330   1 -6  0 -9 
343 332  -1 -5  0 -9 
343 339  -1 -4  0 -9 
343 344   1 -3  0 -9 
344 154   1 -5  0 -9 
344 162  -1 -4  0 -9 
344 248   1 -6  0 -9 
344 249  -1 -5  0 -9 
344 256  -1 -5  0 -9 
344 332  -1 -4  0 -9 
344 338   1 -6  0 -9 
344 339  -1 -5  0 -9 
344 343   1 -3  0 -9 
345 248   1 -5  0 -9 
345 249  -1 -4  0 -9 
345 256   1 -2  0 -9 
345 332  -1 -3  0 -9 
345 335  -1 -1  0 -9 
345 336   1 -2  0 -9 
345 338   1 -5  0 -9 
345 339  -1 -4  0 -9 
345 343   1 -2  0 -9 
345 344  -1 -1  0 -9 
345 345   1  0  0 -9 
346 150   1 -4  0 -9 
346 151  -1 -3  0 -9 
346 153  -1  0  0 -9 
346 154  -1 -3  0 -9 
346 156  -1  0  0 -9 
346 157   1 -1  0 -9 
346 158   1 -4  0 -9 
346 159  -1 -3  0 -9 
346 161  -1  0  0 -9 
346 162   1 -2  0 -9 
346 163   1  1  0 -9 
346 248   1 -4  0 -9 
346 249  -1 -3  0 -9 
346 256   1 -1  0 -9 
346 327  -1 -3  0 -9 
346 328   1 -2  0 -9 
346 329   1  1  0 -9 
346 334  -1  0  0 -9 
346 335  -1  0  0 -9 
346 336   1 -1  0 -9 
346 337   1  1  0 -9 
346 338   1 -4  0 -9 
346 339  -1 -3  0 -9 
346 340  -1 -3  0 -9 
346 341   1 -2  0 -9 
346 342   1  1  0 -9 
346 344  -1  0  0 -9 
346 345   1  1  0 -9 
346 346  -1  2  0 -9 
347 347   1 -8  0 -9 
348 338   1 -5  0 -9 
348 339  -1 -4  0 -9 
348 340  -1 -4  0 -9 
348 347  -1 -4  0 -9 
348 349   1 -3  0 -9 
349 158   1 -6  0 -9 
349 338   1 -6  0 -9 
349 339  -1 -5  0 -9 
349 340  -1 -5  0 -9 
349 347   1 -7  0 -9 
349 348   1 -3  0 -9 
350 159  -1 -3  0 -9 
350 160  -1 -1  0 -9 
350 161   1 -2  0 -9 
350 338   1 -4  0 -9 
350 339  -1 -3  0 -9 
350 340  -1 -3  0 -9 
350 341   1 -2  0 -9 
350 342  -1 -1  0 -9 
350 347  -1 -3  0 -9 
350 348  -1 -1  0 -9 
350 349   1 -2  0 -9 
350 350   1  0  0 -9 
351 347   1 -7  0 -9 
351 351  -1 -6  0 -9 
352 351  -1 -4  0 -9 
352 353   1 -3  0 -9 
353 347   1 -6  0 -9 
353 351  -1 -5  0 -9 
353 352   1 -3  0 -9 
354 338   1 -4  1 -6  0 -9 
354 339  -1 -1 -1 -3 -1 -5  0 -9 
354 340  -1 -3  0 -9 
354 341   1 -2  0 -9 
354 342  -1 -1  0 -9 
354 347  -1 -3  0 -9 
354 348  -1 -1  0 -9 
354 349   1 -2  0 -9 
354 351   1 -2  0 -9 
354 352   1 -2  0 -9 
354 353  -1 -1  0 -9 
354 354   1  0  0 -9 
355 160  -1  0  0 -9 
355 338   1 -3  0 -9 
355 339  -1  0 -1 -2  0 -9 
355 340  -1 -2  0 -9 
355 341   1 -1  0 -9 
355 342  -1  0  0 -9 
355 347  -1 -2  0 -9 
355 348  -1  0  0 -9 
355 349   1 -1  0 -9 
355 350   1  1  0 -9 
355 351   1 -1  0 -9 
355 353  -1  0  0 -9 
355 354   1  1  0 -9 
355 355  -1  2  0 -9 
356 356   1 -8  0 -9 
357 356   1 -7  0 -9 
357 357  -1 -6  0 -9 
358 198   1 -7  0 -9 
358 252   1 -7  0 -9 
358 356   1 -7  0 -9 
358 358  -1 -6  0 -9 
359 198   1 -6  0 -9 
359 199  -1 -5  0 -9 
359 252   1 -6  0 -9 
359 253  -1 -5  0 -9 
359 356   1 -6  0 -9 
359 357  -1 -5  0 -9 
359 358  -1 -5  0 -9 
359 360   1 -3  0 -9 
360 198   1 -5  0 -9 
360 199  -1 -4  0 -9 
360 252   1 -5  0 -9 
360 253  -1 -4  0 -9 
360 356   1 -5  0 -9 
360 357  -1 -4  0 -9 
360 358  -1 -4  0 -9 
360 359   1 -3  0 -9 
361 202  -1 -5  0 -9 
361 256  -1 -5  0 -9 
361 357  -1 -4  0 -9 
361 362   1 -3  0 -9 
362 202  -1 -4  0 -9 
362 256  -1 -4  0 -9 
362 356   1 -6  0 -9 
362 357  -1 -5  0 -9 
362 361   1 -3  0 -9 
363 356   1 -5  0 -9 
363 357  -1 -4  0 -9 
363 361   1 -2  0 -9 
363 362  -1 -1  0 -9 
363 363   1  0  0 -9 
364 198   1 -4  0 -9 
364 199  -1 -3  0 -9 
364 201  -1  0  0 -9 
364 202   1 -2  0 -9 
364 203   1  1  0 -9 
364 252   1 -4  0 -9 
364 253  -1 -3  0 -9 
364 255  -1  0  0 -9 
364 256   1 -2  0 -9 
364 257   1  1  0 -9 
364 356   1 -4  0 -9 
364 357  -1 -3  0 -9 
364 358  -1 -3  0 -9 
364 359   1 -2  0 -9 
364 360   1  1  0 -9 
364 362  -1  0  0 -9 
364 363   1  1  0 -9 
364 364  -1  2  0 -9 
365 365  -1 -6  0 -9 
366 204  -1 -5  0 -9 
366 256  -1 -4  0 -9 
366 339  -1 -4  0 -9 
366 365  -1 -4  0 -9 
366 367   1 -3  0 -9 
367 204  -1 -4  0 -9 
367 256  -1 -5  0 -9 
367 338   1 -6  0 -9 
367 339  -1 -5  0 -9 
367 365  -1 -5  0 -9 
367 366   1 -3  0 -9 
368 256   1 -2  0 -9 
368 338   1 -5  0 -9 
368 339  -1 -4  0 -9 
368 365   1 -2  0 -9 
368 366   1 -2  0 -9 
368 367  -1 -1  0 -9 
368 368   1  0  0 -9 
369 158   1 -4  0 -9 
369 159  -1 -3  0 -9 
369 161  -1  0  0 -9 
369 204   1 -2  0 -9 
369 205   1  1  0 -9 
369 256   1 -1  0 -9 
369 338   1 -4  0 -9 
369 339  -1 -3  0 -9 
369 340  -1 -3  0 -9 
369 341   1 -2  0 -9 
369 342   1  1  0 -9 
369 365   1 -1  0 -9 
369 367  -1  0  0 -9 
369 368   1  1  0 -9 
369 369  -1  2  0 -9 
370 256   1 -3  0 -9 
370 347   1 -5  0 -9 
370 351  -1 -4  0 -9 
370 352   1 -2  0 -9 
370 353  -1 -1  0 -9 
370 365   1 -3  0 -9 
370 370   1  0  0 -9 
371 225   1 -7  0 -9 
371 347   1 -7  0 -9 
371 356   1 -7  0 -9 
371 371  -1 -6  0 -9 
372 356   1 -5  0 -9 
372 357  -1 -4  0 -9 
372 371  -1 -4  0 -9 
372 373   1 -3  0 -9 
373 225   1 -6  0 -9 
373 347   1 -6  0 -9 
373 356   1 -6  0 -9 
373 357  -1 -5  0 -9 
373 371  -1 -5  0 -9 
373 372   1 -3  0 -9 
374 225   1 -6  0 -9 
374 229  -1 -5  0 -9 
374 347   1 -6  0 -9 
374 351  -1 -5  0 -9 
374 356   1 -6  0 -9 
374 357  -1 -5  0 -9 
374 371  -1 -5  0 -9 
374 375   1 -3  0 -9 
375 225   1 -5  0 -9 
375 229  -1 -4  0 -9 
375 347   1 -5  0 -9 
375 351  -1 -4  0 -9 
375 356   1 -5  0 -9 
375 357  -1 -4  0 -9 
375 371  -1 -4  0 -9 
375 374   1 -3  0 -9 
376 356   1 -4  1 -6  0 -9 
376 357  -1 -1 -1 -3 -1 -5  0 -9 
376 371  -1 -3  0 -9 
376 372  -1 -1  0 -9 
376 373   1 -2  0 -9 
376 374   1 -2  0 -9 
376 375  -1 -1  0 -9 
376 376   1  0  0 -9 
377 229  -1 -3  0 -9 
377 230  -1 -1  0 -9 
377 231   1 -2  0 -9 
377 351  -1 -3  0 -9 
377 352  -1 -1  0 -9 
377 353   1 -2  0 -9 
377 356   1 -4  0 -9 
377 357  -1 -3  0 -9 
377 371  -1 -3  0 -9 
377 372  -1 -1  0 -9 
377 373   1 -2  0 -9 
377 374   1 -2  0 -9 
377 375  -1 -1  0 -9 
377 377   1  0  0 -9 
378 230  -1  0  0 -9 
378 352  -1  0  0 -9 
378 356   1 -3  0 -9 
378 357  -1  0 -1 -2  0 -9 
378 371  -1 -2  0 -9 
378 372  -1  0  0 -9 
378 373   1 -1  0 -9 
378 374   1 -1  0 -9 
378 375  -1  0  0 -9 
378 376   1  1  0 -9 
378 377   1  1  0 -9 
378 378  -1  2  0 -9 
379 234  -1 -5  0 -9 
379 365  -1 -5  0 -9 
379 380   1 -3  0 -9 
380 234  -1 -4  0 -9 
380 365  -1 -4  0 -9 
380 379   1 -3  0 -9 
381 379   1 -2  0 -9 
381 380  -1 -1  0 -9 
381 381   1  0  0 -9 
382 202   1 -2  0 -9 
382 225   1 -4  0 -9 
382 229  -1 -3  0 -9 
382 231  -1  0  0 -9 
382 234   1 -2  0 -9 
382 239   1  1  0 -9 
382 256   1 -2  0 -9 
382 347   1 -4  0 -9 
382 351  -1 -3  0 -9 
382 353  -1  0  0 -9 
382 356   1 -4  0 -9 
382 357  -1 -3  0 -9 
382 362  -1  0  0 -9 
382 363   1  1  0 -9 
382 365   1 -2  0 -9 
382 370   1  1  0 -9 
382 371  -1 -3  0 -9 
382 374   1 -2  0 -9 
382 375   1  1  0 -9 
382 380  -1  0  0 -9 
382 381   1  1  0 -9 
382 382  -1  2  0 -9 
383 365  -1 -4  0 -9 
383 384   1 -3  0 -9 
384 365  -1 -5  0 -9 
384 383   1 -3  0 -9 
385 234  -1 -3  0 -9 
385 235  -1 -1  0 -9 
385 236   1 -2  0 -9 
385 365  -1 -3  0 -9 
385 379   1 -2  0 -9 
385 380  -1 -1  0 -9 
385 383  -1 -1  0 -9 
385 384   1 -2  0 -9 
385 385   1  0  0 -9 
386 235  -1  0  0 -9 
386 379   1 -1  0 -9 
386 380  -1  0  0 -9 
386 381   1  1  0 -9 
386 383  -1  0  0 -9 
386 385   1  1  0 -9 
386 386  -1  2  0 -9 
387 365   1 -2  0 -9 
387 383   1 -2  0 -9 
387 384  -1 -1  0 -9 
387 387   1  0  0 -9 
388 365   1 -1  0 -9 
388 384  -1  0  0 -9 
388 387   1  1  0 -9 
388 388  -1  2  0 -9 
389 389   1 -8  0 -9 
390 389   1 -7  0 -9 
390 390  -1 -6  0 -9 
391 290   1 -7  0 -9 
391 389   1 -7  0 -9 
391 391  -1 -6  0 -9 
392 290   1 -6  0 -9 
392 291  -1 -5  0 -9 
392 389   1 -6  0 -9 
392 390  -1 -5  0 -9 
392 391  -1 -5  0 -9 
392 393   1 -3  0 -9 
393 290   1 -5  0 -9 
393 291  -1 -4  0 -9 
393 389   1 -5  0 -9 
393 390  -1 -4  0 -9 
393 391  -1 -4  0 -9 
393 392   1 -3  0 -9 
394 294  -1 -5  0 -9 
394 390  -1 -4  0 -9 
394 395   1 -3  0 -9 
395 294  -1 -4  0 -9 
395 389   1 -6  0 -9 
395 390  -1 -5  0 -9 
395 394   1 -3  0 -9 
396 389   1 -5  0 -9 
396 390  -1 -4  0 -9 
396 394   1 -2  0 -9 
396 395  -1 -1  0 -9 
396 396   1  0  0 -9 
397 290   1 -4  0 -9 
397 291  -1 -3  0 -9 
397 293  -1  0  0 -9 
397 294   1 -2  0 -9 
397 295   1  1  0 -9 
397 389   1 -4  0 -9 
397 390  -1 -3  0 -9 
397 391  -1 -3  0 -9 
397 392   1 -2  0 -9 
397 393   1  1  0 -9 
397 395  -1  0  0 -9 
397 396   1  1  0 -9 
397 397  -1  2  0 -9 
398 398  -1 -6  0 -9 
399 296  -1 -5  0 -9 
399 398  -1 -4  0 -9 
399 400   1 -3  0 -9 
400 296  -1 -4  0 -9 
400 398  -1 -5  0 -9 
400 399   1 -3  0 -9 
401 398   1 -2  0 -9 
401 399   1 -2  0 -9 
401 400  -1 -1  0 -9 
401 401   1  0  0 -9 
402 296   1 -2  0 -9 
402 297   1  1  0 -9 
402 398   1 -1  0 -9 
402 400  -1  0  0 -9 
402 401   1  1  0 -9 
402 402  -1  2  0 -9 
403 398   1 -3  0 -9 
403 403   1  0  0 -9 
404 280  -1 -5  0 -9 
404 317  -1 -5  0 -9 
404 398  -1 -5  0 -9 
404 405   1 -3  0 -9 
405 280  -1 -4  0 -9 
405 317  -1 -4  0 -9 
405 398  -1 -4  0 -9 
405 404   1 -3  0 -9 
406 404   1 -2  0 -9 
406 405  -1 -1  0 -9 
406 406   1  0  0 -9 
407 280   1 -2  0 -9 
407 285   1  1  0 -9 
407 317   1 -2  0 -9 
407 322   1  1  0 -9 
407 398   1 -2  0 -9 
407 403   1  1  0 -9 
407 405  -1  0  0 -9 
407 406   1  1  0 -9 
407 407  -1  2  0 -9 
408 365   1 -3  0 -9 
408 408   1  0  0 -9 
409 234   1 -2  0 -9 
409 323   1  1  0 -9 
409 365   1 -2  0 -9 
409 380  -1  0  0 -9 
409 381   1  1  0 -9 
409 408   1  1  0 -9 
409 409  -1  2  0 -9 
410 410   1 -8  0 -9 
411 410   1 -7  0 -9 
411 411  -1 -6  0 -9 
412 410   1 -7  0 -9 
412 412  -1 -6  0 -9 
413 410   1 -6  0 -9 
413 411  -1 -5  0 -9 
413 412  -1 -5  0 -9 
413 414   1 -3  0 -9 
414 410   1 -5  0 -9 
414 411  -1 -4  0 -9 
414 412  -1 -4  0 -9 
414 413   1 -3  0 -9 
415 294  -1 -4  0 -9 
415 411  -1 -4  0 -9 
415 416   1 -3  0 -9 
416 294  -1 -5  0 -9 
416 410   1 -6  0 -9 
416 411  -1 -5  0 -9 
416 415   1 -3  0 -9 
417 294   1 -2  0 -9 
417 410   1 -5  0 -9 
417 411  -1 -4  0 -9 
417 415   1 -2  0 -9 
417 416  -1 -1  0 -9 
417 417   1  0  0 -9 
418 294   1 -1  0 -9 
418 410   1 -4  0 -9 
418 411  -1 -3  0 -9 
418 412  -1 -3  0 -9 
418 413   1 -2  0 -9 
418 414   1  1  0 -9 
418 416  -1  0  0 -9 
418 417   1  1  0 -9 
418 418  -1  2  0 -9 
419 419   1 -8  0 -9 
420 410   1 -5  0 -9 
420 411  -1 -4  0 -9 
420 412  -1 -4  0 -9 
420 419  -1 -4  0 -9 
420 421   1 -3  0 -9 
421 410   1 -6  0 -9 
421 411  -1 -5  0 -9 
421 412  -1 -5  0 -9 
421 419   1 -7  0 -9 
421 420   1 -3  0 -9 
422 410   1 -4  0 -9 
422 411  -1 -3  0 -9 
422 412  -1 -3  0 -9 
422 413   1 -2  0 -9 
422 414  -1 -1  0 -9 
422 419  -1 -3  0 -9 
422 420  -1 -1  0 -9 
422 421   1 -2  0 -9 
422 422   1  0  0 -9 
423 419   1 -7  0 -9 
423 423  -1 -6  0 -9 
424 423  -1 -4  0 -9 
424 425   1 -3  0 -9 
425 419   1 -6  0 -9 
425 423  -1 -5  0 -9 
425 424   1 -3  0 -9 
426 410   1 -4  1 -6  0 -9 
426 411  -1 -1 -1 -3 -1 -5  0 -9 
426 412  -1 -3  0 -9 
426 413   1 -2  0 -9 
426 414  -1 -1  0 -9 
426 419  -1 -3  0 -9 
426 420  -1 -1  0 -9 
426 421   1 -2  0 -9 
426 423   1 -2  0 -9 
426 424   1 -2  0 -9 
426 425  -1 -1  0 -9 
426 426   1  0  0 -9 
427 410   1 -3  0 -9 
427 411  -1  0 -1 -2  0 -9 
427 412  -1 -2  0 -9 
427 413   1 -1  0 -9 
427 414  -1  0  0 -9 
427 419  -1 -2  0 -9 
427 420  -1  0  0 -9 
427 421   1 -1  0 -9 
427 422   1  1  0 -9 
427 423   1 -1  0 -9 
427 425  -1  0  0 -9 
427 426   1  1  0 -9 
427 427  -1  2  0 -9 
428 428  -1 -6  0 -9 
429 428  -1 -4  0 -9 
429 430   1 -3  0 -9 
430 428  -1 -5  0 -9 
430 429   1 -3  0 -9 
431 428   1 -2  0 -9 
431 429   1 -2  0 -9 
431 430  -1 -1  0 -9 
431 431   1  0  0 -9 
432 428   1 -1  0 -9 
432 430  -1  0  0 -9 
432 431   1  1  0 -9 
432 432  -1  2  0 -9 
433 294   1 -3  0 -9 
433 419   1 -5  0 -9 
433 423  -1 -4  0 -9 
433 424   1 -2  0 -9 
433 425  -1 -1  0 -9 
433 428   1 -3  0 -9 
433 433   1  0  0 -9 
434 389   1 -7  0 -9 
434 419   1 -7  0 -9 
434 434  -1 -6  0 -9 
435 389   1 -5  0 -9 
435 390  -1 -4  0 -9 
435 434  -1 -4  0 -9 
435 436   1 -3  0 -9 
436 389   1 -6  0 -9 
436 390  -1 -5  0 -9 
436 419   1 -6  0 -9 
436 434  -1 -5  0 -9 
436 435   1 -3  0 -9 
437 389   1 -6  0 -9 
437 390  -1 -5  0 -9 
437 419   1 -6  0 -9 
437 423  -1 -5  0 -9 
437 434  -1 -5  0 -9 
437 438   1 -3  0 -9 
438 389   1 -5  0 -9 
438 390  -1 -4  0 -9 
438 419   1 -5  0 -9 
438 423  -1 -4  0 -9 
438 434  -1 -4  0 -9 
438 437   1 -3  0 -9 
439 389   1 -4  1 -6  0 -9 
439 390  -1 -1 -1 -3 -1 -5  0 -9 
439 434  -1 -3  0 -9 
439 435  -1 -1  0 -9 
439 436   1 -2  0 -9 
439 437   1 -2  0 -9 
439 438  -1 -1  0 -9 
439 439   1  0  0 -9 
440 389   1 -4  0 -9 
440 390  -1 -3  0 -9 
440 423  -1 -3  0 -9 
440 424  -1 -1  0 -9 
440 425   1 -2  0 -9 
440 434  -1 -3  0 -9 
440 435  -1 -1  0 -9 
440 436   1 -2  0 -9 
440 437   1 -2  0 -9 
440 438  -1 -1  0 -9 
440 440   1  0  0 -9 
441 389   1 -3  0 -9 
441 390  -1  0 -1 -2  0 -9 
441 424  -1  0  0 -9 
441 434  -1 -2  0 -9 
441 435  -1  0  0 -9 
441 436   1 -1  0 -9 
441 437   1 -1  0 -9 
441 438  -1  0  0 -9 
441 439   1  1  0 -9 
441 440   1  1  0 -9 
441 441  -1  2  0 -9 
442 398  -1 -5  0 -9 
442 428  -1 -5  0 -9 
442 443   1 -3  0 -9 
443 398  -1 -4  0 -9 
443 428  -1 -4  0 -9 
443 442   1 -3  0 -9 
444 442   1 -2  0 -9 
444 443  -1 -1  0 -9 
444 444   1  0  0 -9 
445 294   1 -2  0 -9 
445 389   1 -4  0 -9 
445 390  -1 -3  0 -9 
445 395  -1  0  0 -9 
445 396   1  1  0 -9 
445 398   1 -2  0 -9 
445 403   1  1  0 -9 
445 419   1 -4  0 -9 
445 423  -1 -3  0 -9 
445 425  -1  0  0 -9 
445 428   1 -2  0 -9 
445 433   1  1  0 -9 
445 434  -1 -3  0 -9 
445 437   1 -2  0 -9 
445 438   1  1  0 -9 
445 443  -1  0  0 -9 
445 444   1  1  0 -9 
445 445  -1  2  0 -9 
446 398  -1 -4  0 -9 
446 447   1 -3  0 -9 
447 398  -1 -5  0 -9 
447 446   1 -3  0 -9 
448 398  -1 -3  0 -9 
448 428  -1 -3  0 -9 
448 429  -1 -1  0 -9 
448 430   1 -2  0 -9 
448 442   1 -2  0 -9 
448 443  -1 -1  0 -9 
448 446  -1 -1  0 -9 
448 447   1 -2  0 -9 
448 448   1  0  0 -9 
449 429  -1  0  0 -9 
449 442   1 -1  0 -9 
449 443  -1  0  0 -9 
449 444   1  1  0 -9 
449 446  -1  0  0 -9 
449 448   1  1  0 -9 
449 449  -1  2  0 -9 
450 398   1 -2  0 -9 
450 446   1 -2  0 -9 
450 447  -1 -1  0 -9 
450 450   1  0  0 -9 
451 398   1 -1  0 -9 
451 447  -1  0  0 -9 
451 450   1  1  0 -9 
451 451  -1  2  0 -9 
452 452  -1 -6  0 -9 
453 296  -1 -4  0 -9 
453 452  -1 -4  0 -9 
453 454   1 -3  0 -9 
454 296  -1 -5  0 -9 
454 452  -1 -5  0 -9 
454 453   1 -3  0 -9 
455 296   1 -2  0 -9 
455 452   1 -2  0 -9 
455 453   1 -2  0 -9 
455 454  -1 -1  0 -9 
455 455   1  0  0 -9 
456 296   1 -1  0 -9 
456 452   1 -1  0 -9 
456 454  -1  0  0 -9 
456 455   1  1  0 -9 
456 456  -1  2  0 -9 
457 452   1 -3  0 -9 
457 457   1  0  0 -9 
458 428   1 -3  0 -9 
458 458   1  0  0 -9 
459 452  -1 -5  0 -9 
459 460   1 -3  0 -9 
460 452  -1 -4  0 -9 
460 459   1 -3  0 -9 
461 459   1 -2  0 -9 
461 460  -1 -1  0 -9 
461 461   1  0  0 -9 
462 452   1 -2  0 -9 
462 457   1  1  0 -9 
462 460  -1  0  0 -9 
462 461   1  1  0 -9 
462 462  -1  2  0 -9 
463 463   1  0  0 -9 
464 398   1 -2  0 -9 
464 403   1  1  0 -9 
464 428   1 -2  0 -9 
464 443  -1  0  0 -9 
464 444   1  1  0 -9 
464 458   1  1  0 -9 
464 463   1  1  0 -9 
464 464  -1  2  0 -9 
465 452  -1 -4  0 -9 
465 466   1 -3  0 -9 
466 452  -1 -5  0 -9 
466 465   1 -3  0 -9 
467 452  -1 -3  0 -9 
467 459   1 -2  0 -9 
467 460  -1 -1  0 -9 
467 465  -1 -1  0 -9 
467 466   1 -2  0 -9 
467 467   1  0  0 -9 
468 459   1 -1  0 -9 
468 460  -1  0  0 -9 
468 461   1  1  0 -9 
468 465  -1  0  0 -9 
468 467   1  1  0 -9 
468 468  -1  2  0 -9 
469 452   1 -2  0 -9 
469 465   1 -2  0 -9 
469 466  -1 -1  0 -9 
469 469   1  0  0 -9 
470 452   1 -1  0 -9 
470 466  -1  0  0 -9 
470 469   1  1  0 -9 
470 470  -1  2  0 -9 
471 471   1  0  0 -9 
472 471   1  1  0 -9 
472 472  -1  2  0 -9 
473 463   1  1  0 -9 
473 473  -1  2  0 -9 
9999 9999
