 0  0   1 -8  0 -9 
 1  0   1 -7  0 -9 
 1  1  -1 -6  0 -9 
 2  0   1 -7  0 -9 
 2  2  -1 -6  0 -9 
 3  0   1 -6  0 -9 
 3  1  -1 -5  0 -9 
 3  2  -1 -5  0 -9 
 3  4   1 -3  0 -9 
 4  0   1 -5  0 -9 
 4  1  -1 -4  0 -9 
 4  2  -1 -4  0 -9 
 4  3   1 -3  0 -9 
 5  0   1 -5  0 -9 
 5  1  -1 -4  0 -9 
 5  2  -1 -4  0 -9 
 5  6   1 -3  0 -9 
 6  0   1 -6  0 -9 
 6  1  -1 -5  0 -9 
 6  2  -1 -5  0 -9 
 6  5   1 -3  0 -9 
 7  0   1 -4  0 -9 
 7  1  -1 -3  0 -9 
 7  2  -1 -3  0 -9 
 7  3   1 -2  0 -9 
 7  4  -1 -1  0 -9 
 7  5  -1 -1  0 -9 
 7  6   1 -2  0 -9 
 7  7   1  0  0 -9 
 8  8   1 -8  0 -9 
 9  8   1 -7  0 -9 
 9  9  -1 -6  0 -9 
10  8   1 -7  0 -9 
10 10  -1 -6  0 -9 
11  8   1 -6  0 -9 
11  9  -1 -5  0 -9 
11 10  -1 -5  0 -9 
11 12   1 -3  0 -9 
12  8   1 -5  0 -9 
12  9  -1 -4  0 -9 
12 10  -1 -4  0 -9 
12 11   1 -3  0 -9 
13  0   1 -6  0 -9 
13  2  -1 -5  0 -9 
13  9  -1 -4  0 -9 
13 14   1 -3  0 -9 
14  2  -1 -4  0 -9 
14  8   1 -6  0 -9 
14  9  -1 -5  0 -9 
14 13   1 -3  0 -9 
15  2  -1 -3  0 -9 
15  5  -1 -1  0 -9 
15  6   1 -2  0 -9 
15  8   1 -5  0 -9 
15  9  -1 -4  0 -9 
15 13   1 -2  0 -9 
15 14  -1 -1  0 -9 
15 15   1  0  0 -9 
16  4  -1  0  0 -9 
16  5  -1  0  0 -9 
16  6   1 -1  0 -9 
16  7   1  1  0 -9 
16  8   1 -4  0 -9 
16  9  -1 -3  0 -9 
16 10  -1 -3  0 -9 
16 11   1 -2  0 -9 
16 12   1  1  0 -9 
16 14  -1  0  0 -9 
16 15   1  1  0 -9 
16 16  -1  2  0 -9 
17  2  -1 -4  0 -9 
17 18   1 -3  0 -9 
18  0   1 -6  0 -9 
18  2  -1 -5  0 -9 
18 17   1 -3  0 -9 
19 19  -1 -6  0 -9 
20 10  -1 -4  0 -9 
20 19  -1 -4  0 -9 
20 21   1 -3  0 -9 
21  8   1 -6  0 -9 
21 10  -1 -5  0 -9 
21 19  -1 -5  0 -9 
21 20   1 -3  0 -9 
22 19  -1 -5  0 -9 
22 23   1 -3  0 -9 
23 19  -1 -4  0 -9 
23 22   1 -3  0 -9 
24 10  -1 -3  0 -9 
24 11   1 -2  0 -9 
24 12  -1 -1  0 -9 
24 19  -1 -3  0 -9 
24 20  -1 -1  0 -9 
24 21   1 -2  0 -9 
24 22   1 -2  0 -9 
24 23  -1 -1  0 -9 
24 24   1  0  0 -9 
25  0   1 -5  0 -9 
25  2   1 -2 -1 -4  0 -9 
25  9  -1 -3  0 -9 
25 10  -1 -3  0 -9 
25 11   1 -2  0 -9 
25 12  -1 -1  0 -9 
25 13  -1 -1  0 -9 
25 14   1 -2  0 -9 
25 17   1 -2  0 -9 
25 18  -1 -1  0 -9 
25 19  -1 -3  0 -9 
25 20  -1 -1  0 -9 
25 21   1 -2  0 -9 
25 22   1 -2  0 -9 
25 23  -1 -1  0 -9 
25 25   1  0  0 -9 
26  2   1 -1  0 -9 
26 10  -1 -2  0 -9 
26 11   1 -1  0 -9 
26 12  -1  0  0 -9 
26 13  -1  0  0 -9 
26 18  -1  0  0 -9 
26 19  -1 -2  0 -9 
26 20  -1  0  0 -9 
26 21   1 -1  0 -9 
26 22   1 -1  0 -9 
26 23  -1  0  0 -9 
26 24   1  1  0 -9 
26 25   1  1  0 -9 
26 26  -1  2  0 -9 
27 27   1 -8  0 -9 
28  8   1 -5  0 -9 
28  9  -1 -4  0 -9 
28 10  -1 -4  0 -9 
28 27  -1 -4  0 -9 
28 29   1 -3  0 -9 
29  8   1 -6  0 -9 
29  9  -1 -5  0 -9 
29 10  -1 -5  0 -9 
29 27   1 -7  0 -9 
29 28   1 -3  0 -9 
30  8   1 -4  0 -9 
30  9  -1 -3  0 -9 
30 10  -1 -3  0 -9 
30 11   1 -2  0 -9 
30 12  -1 -1  0 -9 
30 27  -1 -3  0 -9 
30 28  -1 -1  0 -9 
30 29   1 -2  0 -9 
30 30   1  0  0 -9 
31  0   1 -7  0 -9 
31 27   1 -7  0 -9 
31 31  -1 -6  0 -9 
32  0   1 -5  0 -9 
32  2  -1 -4  0 -9 
32 31  -1 -4  0 -9 
32 33   1 -3  0 -9 
33  0   1 -6  0 -9 
33  2  -1 -5  0 -9 
33 27   1 -6  0 -9 
33 31  -1 -5  0 -9 
33 32   1 -3  0 -9 
34  0  -1 -3  0 -9 
34  1   1 -2  0 -9 
34  2   1 -2 -1 -4  0 -9 
34  3  -1 -1  0 -9 
34  4   1 -2  0 -9 
34  8   1 -4  1 -6  0 -9 
34  9  -1 -1 -1 -3 -1 -5  0 -9 
34 10  -1 -3  0 -9 
34 11   1 -2  0 -9 
34 12  -1 -1  0 -9 
34 27  -1 -3  0 -9 
34 28  -1 -1  0 -9 
34 29   1 -2  0 -9 
34 31   1 -2  0 -9 
34 32   1 -2  0 -9 
34 33  -1 -1  0 -9 
34 34   1  0  0 -9 
35  0  -1 -2  0 -9 
35  1   1 -1  0 -9 
35  2   1 -1  0 -9 
35  3  -1  0  0 -9 
35  8   1 -3  0 -9 
35  9  -1  0 -1 -2  0 -9 
35 10  -1 -2  0 -9 
35 11   1 -1  0 -9 
35 12  -1  0  0 -9 
35 27  -1 -2  0 -9 
35 28  -1  0  0 -9 
35 29   1 -1  0 -9 
35 30   1  1  0 -9 
35 31   1 -1  0 -9 
35 33  -1  0  0 -9 
35 34   1  1  0 -9 
35 35  -1  2  0 -9 
36 27   1 -7  0 -9 
36 36  -1 -6  0 -9 
37 36  -1 -4  0 -9 
37 38   1 -3  0 -9 
38 27   1 -6  0 -9 
38 36  -1 -5  0 -9 
38 37   1 -3  0 -9 
39  0   1 -6  0 -9 
39  2  -1 -5  0 -9 
39 27   1 -6  0 -9 
39 31  -1 -5  0 -9 
39 36  -1 -5  0 -9 
39 40   1 -3  0 -9 
40  0   1 -5  0 -9 
40  2  -1 -4  0 -9 
40 27   1 -5  0 -9 
40 31  -1 -4  0 -9 
40 36  -1 -4  0 -9 
40 39   1 -3  0 -9 
41  2  -1 -3  0 -9 
41 17  -1 -1  0 -9 
41 18   1 -2  0 -9 
41 36  -1 -3  0 -9 
41 37  -1 -1  0 -9 
41 38   1 -2  0 -9 
41 39   1 -2  0 -9 
41 40  -1 -1  0 -9 
41 41   1  0  0 -9 
42  0   1 -4  0 -9 
42  2  -1 -3  0 -9 
42 31  -1 -3  0 -9 
42 32  -1 -1  0 -9 
42 33   1 -2  0 -9 
42 36  -1 -3  0 -9 
42 37  -1 -1  0 -9 
42 38   1 -2  0 -9 
42 39   1 -2  0 -9 
42 40  -1 -1  0 -9 
42 42   1  0  0 -9 
43 17  -1  0  0 -9 
43 32  -1  0  0 -9 
43 36  -1 -2  0 -9 
43 37  -1  0  0 -9 
43 38   1 -1  0 -9 
43 39   1 -1  0 -9 
43 40  -1  0  0 -9 
43 41   1  1  0 -9 
43 42   1  1  0 -9 
43 43  -1  2  0 -9 
44 19  -1 -4  0 -9 
44 45   1 -3  0 -9 
45 19  -1 -5  0 -9 
45 44   1 -3  0 -9 
46 19  -1 -3  0 -9 
46 22   1 -2  0 -9 
46 23  -1 -1  0 -9 
46 44  -1 -1  0 -9 
46 45   1 -2  0 -9 
46 46   1  0  0 -9 
47 11   1 -1  0 -9 
47 12  -1  0  0 -9 
47 20  -1  0  0 -9 
47 22   1 -1  0 -9 
47 23  -1  0  0 -9 
47 24   1  1  0 -9 
47 28  -1  0  0 -9 
47 30   1  1  0 -9 
47 36  -1 -3  0 -9 
47 37   1  1  0 -9 
47 38   1 -2  0 -9 
47 44  -1  0  0 -9 
47 46   1  1  0 -9 
47 47  -1  2  0 -9 
48 48   1 -8  0 -9 
49 48   1 -7  0 -9 
49 49  -1 -6  0 -9 
50 48   1 -7  0 -9 
50 50  -1 -6  0 -9 
51 48   1 -6  0 -9 
51 49  -1 -5  0 -9 
51 50  -1 -5  0 -9 
51 52   1 -3  0 -9 
52 48   1 -5  0 -9 
52 49  -1 -4  0 -9 
52 50  -1 -4  0 -9 
52 51   1 -3  0 -9 
53 48   1 -5  0 -9 
53 49  -1 -4  0 -9 
53 50  -1 -4  0 -9 
53 54   1 -3  0 -9 
54 48   1 -6  0 -9 
54 49  -1 -5  0 -9 
54 50  -1 -5  0 -9 
54 53   1 -3  0 -9 
55 48   1 -4  0 -9 
55 49  -1 -3  0 -9 
55 50  -1 -3  0 -9 
55 51   1 -2  0 -9 
55 52  -1 -1  0 -9 
55 53  -1 -1  0 -9 
55 54   1 -2  0 -9 
55 55   1  0  0 -9 
56 56   1 -8  0 -9 
57 56   1 -7  0 -9 
57 57  -1 -6  0 -9 
58 56   1 -7  0 -9 
58 58  -1 -6  0 -9 
59 56   1 -6  0 -9 
59 57  -1 -5  0 -9 
59 58  -1 -5  0 -9 
59 60   1 -3  0 -9 
60 56   1 -5  0 -9 
60 57  -1 -4  0 -9 
60 58  -1 -4  0 -9 
60 59   1 -3  0 -9 
61 48   1 -6  0 -9 
61 50  -1 -5  0 -9 
61 57  -1 -4  0 -9 
61 62   1 -3  0 -9 
62 50  -1 -4  0 -9 
62 56   1 -6  0 -9 
62 57  -1 -5  0 -9 
62 61   1 -3  0 -9 
63 50  -1 -3  0 -9 
63 53  -1 -1  0 -9 
63 54   1 -2  0 -9 
63 56   1 -5  0 -9 
63 57  -1 -4  0 -9 
63 61   1 -2  0 -9 
63 62  -1 -1  0 -9 
63 63   1  0  0 -9 
64 52  -1  0  0 -9 
64 53  -1  0  0 -9 
64 54   1 -1  0 -9 
64 55   1  1  0 -9 
64 56   1 -4  0 -9 
64 57  -1 -3  0 -9 
64 58  -1 -3  0 -9 
64 59   1 -2  0 -9 
64 60   1  1  0 -9 
64 62  -1  0  0 -9 
64 63   1  1  0 -9 
64 64  -1  2  0 -9 
65 50  -1 -4  0 -9 
65 66   1 -3  0 -9 
66 48   1 -6  0 -9 
66 50  -1 -5  0 -9 
66 65   1 -3  0 -9 
67 67  -1 -6  0 -9 
68 58  -1 -4  0 -9 
68 67  -1 -4  0 -9 
68 69   1 -3  0 -9 
69 56   1 -6  0 -9 
69 58  -1 -5  0 -9 
69 67  -1 -5  0 -9 
69 68   1 -3  0 -9 
70 67  -1 -5  0 -9 
70 71   1 -3  0 -9 
71 67  -1 -4  0 -9 
71 70   1 -3  0 -9 
72 58  -1 -3  0 -9 
72 59   1 -2  0 -9 
72 60  -1 -1  0 -9 
72 67  -1 -3  0 -9 
72 68  -1 -1  0 -9 
72 69   1 -2  0 -9 
72 70   1 -2  0 -9 
72 71  -1 -1  0 -9 
72 72   1  0  0 -9 
73 48   1 -5  0 -9 
73 50   1 -2 -1 -4  0 -9 
73 57  -1 -3  0 -9 
73 58  -1 -3  0 -9 
73 59   1 -2  0 -9 
73 60  -1 -1  0 -9 
73 61  -1 -1  0 -9 
73 62   1 -2  0 -9 
73 65   1 -2  0 -9 
73 66  -1 -1  0 -9 
73 67  -1 -3  0 -9 
73 68  -1 -1  0 -9 
73 69   1 -2  0 -9 
73 70   1 -2  0 -9 
73 71  -1 -1  0 -9 
73 73   1  0  0 -9 
74 50   1 -1  0 -9 
74 58  -1 -2  0 -9 
74 59   1 -1  0 -9 
74 60  -1  0  0 -9 
74 61  -1  0  0 -9 
74 66  -1  0  0 -9 
74 67  -1 -2  0 -9 
74 68  -1  0  0 -9 
74 69   1 -1  0 -9 
74 70   1 -1  0 -9 
74 71  -1  0  0 -9 
74 72   1  1  0 -9 
74 73   1  1  0 -9 
74 74  -1  2  0 -9 
75 75   1 -8  0 -9 
76  0   1 -5  0 -9 
76  1  -1 -4  0 -9 
76  2  -1 -4  0 -9 
76 56   1 -5  0 -9 
76 57  -1 -4  0 -9 
76 58  -1 -4  0 -9 
76 75  -1 -4  0 -9 
76 77   1 -3  0 -9 
77  0   1 -6  0 -9 
77  1  -1 -5  0 -9 
77  2  -1 -5  0 -9 
77 56   1 -6  0 -9 
77 57  -1 -5  0 -9 
77 58  -1 -5  0 -9 
77 75   1 -7  0 -9 
77 76   1 -3  0 -9 
78  0   1 -4  0 -9 
78  1  -1 -3  0 -9 
78  2  -1 -3  0 -9 
78  3   1 -2  0 -9 
78  4  -1 -1  0 -9 
78 56   1 -4  0 -9 
78 57  -1 -3  0 -9 
78 58  -1 -3  0 -9 
78 59   1 -2  0 -9 
78 60  -1 -1  0 -9 
78 75  -1 -3  0 -9 
78 76  -1 -1  0 -9 
78 77   1 -2  0 -9 
78 78   1  0  0 -9 
79 75   1 -7  0 -9 
79 79  -1 -6  0 -9 
80  0   1 -6  0 -9 
80  2  -1 -5  0 -9 
80 79  -1 -4  0 -9 
80 81   1 -3  0 -9 
81  2  -1 -4  0 -9 
81 75   1 -6  0 -9 
81 79  -1 -5  0 -9 
81 80   1 -3  0 -9 
82  2  -1 -3  0 -9 
82 56   1 -4  1 -6  0 -9 
82 57  -1 -1 -1 -3 -1 -5  0 -9 
82 58  -1 -3  0 -9 
82 59   1 -2  0 -9 
82 60  -1 -1  0 -9 
82 75  -1 -3  0 -9 
82 76  -1 -1  0 -9 
82 77   1 -2  0 -9 
82 79   1 -2  0 -9 
82 80   1 -2  0 -9 
82 81  -1 -1  0 -9 
82 82   1  0  0 -9 
83  4  -1  0  0 -9 
83 56   1 -3  0 -9 
83 57  -1  0 -1 -2  0 -9 
83 58  -1 -2  0 -9 
83 59   1 -1  0 -9 
83 60  -1  0  0 -9 
83 75  -1 -2  0 -9 
83 76  -1  0  0 -9 
83 77   1 -1  0 -9 
83 78   1  1  0 -9 
83 79   1 -1  0 -9 
83 81  -1  0  0 -9 
83 82   1  1  0 -9 
83 83  -1  2  0 -9 
84 27   1 -7  0 -9 
84 84  -1 -6  0 -9 
85  8   1 -6  0 -9 
85 10  -1 -5  0 -9 
85 57  -1 -4  0 -9 
85 84  -1 -4  0 -9 
85 86   1 -3  0 -9 
86 10  -1 -4  0 -9 
86 27   1 -6  0 -9 
86 56   1 -6  0 -9 
86 57  -1 -5  0 -9 
86 84  -1 -5  0 -9 
86 85   1 -3  0 -9 
87 10  -1 -3  0 -9 
87 27  -1 -3  0 -9 
87 28  -1 -1  0 -9 
87 29   1 -2  0 -9 
87 56   1 -5  0 -9 
87 57  -1 -4  0 -9 
87 84   1 -2  0 -9 
87 85   1 -2  0 -9 
87 86  -1 -1  0 -9 
87 87   1  0  0 -9 
88 12  -1  0  0 -9 
88 27  -1 -2  0 -9 
88 28  -1  0  0 -9 
88 29   1 -1  0 -9 
88 30   1  1  0 -9 
88 56   1 -4  0 -9 
88 57  -1 -3  0 -9 
88 58  -1 -3  0 -9 
88 59   1 -2  0 -9 
88 60   1  1  0 -9 
88 84   1 -1  0 -9 
88 86  -1  0  0 -9 
88 87   1  1  0 -9 
88 88  -1  2  0 -9 
89  2  -1 -3  0 -9 
89 27  -1 -4  0 -9 
89 32  -1 -1  0 -9 
89 33   1 -2  0 -9 
89 75   1 -5  0 -9 
89 79  -1 -4  0 -9 
89 80   1 -2  0 -9 
89 81  -1 -1  0 -9 
89 84   1 -3  0 -9 
89 89   1  0  0 -9 
90 75   1 -7  0 -9 
90 90  -1 -6  0 -9 
91 90  -1 -4  0 -9 
91 92   1 -3  0 -9 
92 75   1 -6  0 -9 
92 90  -1 -5  0 -9 
92 91   1 -3  0 -9 
93 75   1 -6  0 -9 
93 79  -1 -5  0 -9 
93 90  -1 -5  0 -9 
93 94   1 -3  0 -9 
94 75   1 -5  0 -9 
94 79  -1 -4  0 -9 
94 90  -1 -4  0 -9 
94 93   1 -3  0 -9 
95 90  -1 -3  0 -9 
95 91  -1 -1  0 -9 
95 92   1 -2  0 -9 
95 93   1 -2  0 -9 
95 94  -1 -1  0 -9 
95 95   1  0  0 -9 
96  0   1 -5  0 -9 
96  2   1 -2 -1 -4  0 -9 
96 17   1 -2  0 -9 
96 18  -1 -1  0 -9 
96 79  -1 -3  0 -9 
96 80  -1 -1  0 -9 
96 81   1 -2  0 -9 
96 90  -1 -3  0 -9 
96 91  -1 -1  0 -9 
96 92   1 -2  0 -9 
96 93   1 -2  0 -9 
96 94  -1 -1  0 -9 
96 96   1  0  0 -9 
97  2   1 -1  0 -9 
97 18  -1  0  0 -9 
97 80  -1  0  0 -9 
97 90  -1 -2  0 -9 
97 91  -1  0  0 -9 
97 92   1 -1  0 -9 
97 93   1 -1  0 -9 
97 94  -1  0  0 -9 
97 95   1  1  0 -9 
97 96   1  1  0 -9 
97 97  -1  2  0 -9 
98 27   1 -6  0 -9 
98 36  -1 -5  0 -9 
98 84  -1 -5  0 -9 
98 99   1 -3  0 -9 
99 27   1 -5  0 -9 
99 36  -1 -4  0 -9 
99 84  -1 -4  0 -9 
99 98   1 -3  0 -9 
100 36  -1 -3  0 -9 
100 37  -1 -1  0 -9 
100 38   1 -2  0 -9 
100 98   1 -2  0 -9 
100 99  -1 -1  0 -9 
100 100   1  0  0 -9 
101 27  -1 -3  0 -9 
101 32  -1  0  0 -9 
101 33   1 -1  0 -9 
101 37  -1  0  0 -9 
101 38   1 -1  0 -9 
101 40  -1  0  0 -9 
101 42   1  1  0 -9 
101 75   1 -4  0 -9 
101 79  -1 -3  0 -9 
101 81  -1  0  0 -9 
101 84   1 -2  0 -9 
101 89   1  1  0 -9 
101 90  -1 -3  0 -9 
101 93   1 -2  0 -9 
101 94   1  1  0 -9 
101 99  -1  0  0 -9 
101 100   1  1  0 -9 
101 101  -1  2  0 -9 
102 19  -1 -5  0 -9 
102 103   1 -3  0 -9 
103 19  -1 -4  0 -9 
103 102   1 -3  0 -9 
104  8   1 -5  0 -9 
104 10   1 -2 -1 -4  0 -9 
104 19   1 -2 -1 -4  0 -9 
104 20   1 -2  0 -9 
104 21  -1 -1  0 -9 
104 36  -1 -3  0 -9 
104 37  -1 -1  0 -9 
104 38   1 -2  0 -9 
104 57  -1 -3  0 -9 
104 58  -1 -3  0 -9 
104 59   1 -2  0 -9 
104 60  -1 -1  0 -9 
104 67  -1 -3  0 -9 
104 68  -1 -1  0 -9 
104 69   1 -2  0 -9 
104 70   1 -2  0 -9 
104 71  -1 -1  0 -9 
104 84  -1 -3  0 -9 
104 85  -1 -1  0 -9 
104 86   1 -2  0 -9 
104 98   1 -2  0 -9 
104 99  -1 -1  0 -9 
104 102  -1 -1  0 -9 
104 103   1 -2  0 -9 
104 104   1  0  0 -9 
105 10   1 -1  0 -9 
105 19   1 -1  0 -9 
105 21  -1  0  0 -9 
105 36  -1 -2  0 -9 
105 37  -1  0  0 -9 
105 38   1 -1  0 -9 
105 58  -1 -2  0 -9 
105 59   1 -1  0 -9 
105 60  -1  0  0 -9 
105 67  -1 -2  0 -9 
105 68  -1  0  0 -9 
105 69   1 -1  0 -9 
105 70   1 -1  0 -9 
105 71  -1  0  0 -9 
105 72   1  1  0 -9 
105 85  -1  0  0 -9 
105 98   1 -1  0 -9 
105 99  -1  0  0 -9 
105 100   1  1  0 -9 
105 102  -1  0  0 -9 
105 104   1  1  0 -9 
105 105  -1  2  0 -9 
106 19  -1 -3  0 -9 
106 44  -1 -1  0 -9 
106 45   1 -2  0 -9 
106 102   1 -2  0 -9 
106 103  -1 -1  0 -9 
106 106   1  0  0 -9 
107 23  -1  0  0 -9 
107 44  -1  0  0 -9 
107 45   1 -1  0 -9 
107 46   1  1  0 -9 
107 67  -1 -3  0 -9 
107 70   1 -2  0 -9 
107 71   1  1  0 -9 
107 103  -1  0  0 -9 
107 106   1  1  0 -9 
107 107  -1  2  0 -9 
108 108  -1 -6  0 -9 
109 108  -1 -4  0 -9 
109 110   1 -3  0 -9 
110 108  -1 -5  0 -9 
110 109   1 -3  0 -9 
111 108  -1 -5  0 -9 
111 112   1 -3  0 -9 
112 108  -1 -4  0 -9 
112 111   1 -3  0 -9 
113  2  -1 -3  0 -9 
113  3   1 -2  0 -9 
113  4  -1 -1  0 -9 
113 17  -1 -1  0 -9 
113 18   1 -2  0 -9 
113 108  -1 -3  0 -9 
113 109  -1 -1  0 -9 
113 110   1 -2  0 -9 
113 111   1 -2  0 -9 
113 112  -1 -1  0 -9 
113 113   1  0  0 -9 
114 108  -1 -3  0 -9 
114 109  -1 -1  0 -9 
114 110   1 -2  0 -9 
114 111   1 -2  0 -9 
114 112  -1 -1  0 -9 
114 114   1  0  0 -9 
115  3   1 -1  0 -9 
115  4  -1  0  0 -9 
115  5  -1  0  0 -9 
115  7   1  1  0 -9 
115 17  -1  0  0 -9 
115 108  -1 -2  0 -9 
115 109  -1  0  0 -9 
115 110   1 -1  0 -9 
115 111   1 -1  0 -9 
115 112  -1  0  0 -9 
115 113   1  1  0 -9 
115 114   1  1  0 -9 
115 115  -1  2  0 -9 
116 117   1 -3  0 -9 
117 116   1 -3  0 -9 
118 118  -1 -6  0 -9 
119 118  -1 -4  0 -9 
119 120   1 -3  0 -9 
120 118  -1 -5  0 -9 
120 119   1 -3  0 -9 
121 118  -1 -5  0 -9 
121 122   1 -3  0 -9 
122 118  -1 -4  0 -9 
122 121   1 -3  0 -9 
123 50  -1 -3  0 -9 
123 51   1 -2  0 -9 
123 52  -1 -1  0 -9 
123 65  -1 -1  0 -9 
123 66   1 -2  0 -9 
123 116  -1 -1  0 -9 
123 117   1 -2  0 -9 
123 118  -1 -3  0 -9 
123 119  -1 -1  0 -9 
123 120   1 -2  0 -9 
123 121   1 -2  0 -9 
123 122  -1 -1  0 -9 
123 123   1  0  0 -9 
124 118  -1 -3  0 -9 
124 119  -1 -1  0 -9 
124 120   1 -2  0 -9 
124 121   1 -2  0 -9 
124 122  -1 -1  0 -9 
124 124   1  0  0 -9 
125 51   1 -1  0 -9 
125 52  -1  0  0 -9 
125 53  -1  0  0 -9 
125 55   1  1  0 -9 
125 65  -1  0  0 -9 
125 116  -1  0  0 -9 
125 118  -1 -2  0 -9 
125 119  -1  0  0 -9 
125 120   1 -1  0 -9 
125 121   1 -1  0 -9 
125 122  -1  0  0 -9 
125 123   1  1  0 -9 
125 124   1  1  0 -9 
125 125  -1  2  0 -9 
126 126  -1 -6  0 -9 
127 126  -1 -4  0 -9 
127 128   1 -3  0 -9 
128 126  -1 -5  0 -9 
128 127   1 -3  0 -9 
129 126  -1 -5  0 -9 
129 130   1 -3  0 -9 
130 126  -1 -4  0 -9 
130 129   1 -3  0 -9 
131 126  -1 -3  0 -9 
131 127  -1 -1  0 -9 
131 128   1 -2  0 -9 
131 129   1 -2  0 -9 
131 130  -1 -1  0 -9 
131 131   1  0  0 -9 
132 116   1 -2  0 -9 
132 117  -1 -1  0 -9 
132 126  -1 -3  0 -9 
132 127  -1 -1  0 -9 
132 128   1 -2  0 -9 
132 129   1 -2  0 -9 
132 130  -1 -1  0 -9 
132 132   1  0  0 -9 
133 117  -1  0  0 -9 
133 126  -1 -2  0 -9 
133 127  -1  0  0 -9 
133 128   1 -1  0 -9 
133 129   1 -1  0 -9 
133 130  -1  0  0 -9 
133 131   1  1  0 -9 
133 132   1  1  0 -9 
133 133  -1  2  0 -9 
134 118  -1 -5  0 -9 
134 135   1 -3  0 -9 
135 118  -1 -4  0 -9 
135 134   1 -3  0 -9 
136 118  -1 -3  0 -9 
136 119  -1 -1  0 -9 
136 120   1 -2  0 -9 
136 134   1 -2  0 -9 
136 135  -1 -1  0 -9 
136 136   1  0  0 -9 
137 67  -1 -3  0 -9 
137 70   1 -2  0 -9 
137 71   1  1  0 -9 
137 119  -1  0  0 -9 
137 120   1 -1  0 -9 
137 122  -1  0  0 -9 
137 124   1  1  0 -9 
137 126  -1 -3  0 -9 
137 129   1 -2  0 -9 
137 130   1  1  0 -9 
137 135  -1  0  0 -9 
137 136   1  1  0 -9 
137 137  -1  2  0 -9 
138 67  -1 -4  0 -9 
138 108  -1 -4  0 -9 
138 126  -1 -4  0 -9 
138 139   1 -3  0 -9 
139 67  -1 -5  0 -9 
139 108  -1 -5  0 -9 
139 126  -1 -5  0 -9 
139 138   1 -3  0 -9 
140 67  -1 -3  0 -9 
140 70   1 -2  0 -9 
140 71  -1 -1  0 -9 
140 108  -1 -3  0 -9 
140 111   1 -2  0 -9 
140 112  -1 -1  0 -9 
140 126  -1 -3  0 -9 
140 129   1 -2  0 -9 
140 130  -1 -1  0 -9 
140 138  -1 -1  0 -9 
140 139   1 -2  0 -9 
140 140   1  0  0 -9 
141  3   1 -1  0 -9 
141  4  -1  0  0 -9 
141 17  -1  0  0 -9 
141 59   1 -1  0 -9 
141 60  -1  0  0 -9 
141 68  -1  0  0 -9 
141 70   1 -1  0 -9 
141 71  -1  0  0 -9 
141 72   1  1  0 -9 
141 76  -1  0  0 -9 
141 78   1  1  0 -9 
141 90  -1 -3  0 -9 
141 91   1  1  0 -9 
141 92   1 -2  0 -9 
141 109  -1  0  0 -9 
141 111   1 -1  0 -9 
141 112  -1  0  0 -9 
141 113   1  1  0 -9 
141 118  -1 -3  0 -9 
141 119   1  1  0 -9 
141 120   1 -2  0 -9 
141 127  -1  0  0 -9 
141 129   1 -1  0 -9 
141 130  -1  0  0 -9 
141 131   1  1  0 -9 
141 138  -1  0  0 -9 
141 140   1  1  0 -9 
141 141  -1  2  0 -9 
142 108  -1 -5  0 -9 
142 143   1 -3  0 -9 
143 108  -1 -4  0 -9 
143 142   1 -3  0 -9 
144 108   1 -2 -1 -4  0 -9 
144 109   1 -2  0 -9 
144 110  -1 -1  0 -9 
144 118  -1 -3  0 -9 
144 119  -1 -1  0 -9 
144 120   1 -2  0 -9 
144 134   1 -2  0 -9 
144 135  -1 -1  0 -9 
144 142  -1 -1  0 -9 
144 143   1 -2  0 -9 
144 144   1  0  0 -9 
145 108   1 -1  0 -9 
145 110  -1  0  0 -9 
145 118  -1 -2  0 -9 
145 119  -1  0  0 -9 
145 120   1 -1  0 -9 
145 134   1 -1  0 -9 
145 135  -1  0  0 -9 
145 136   1  1  0 -9 
145 142  -1  0  0 -9 
145 144   1  1  0 -9 
145 145  -1  2  0 -9 
146 67  -1 -3  0 -9 
146 70   1 -2  0 -9 
146 71  -1 -1  0 -9 
146 108  -1 -3  0 -9 
146 126  -1 -3  0 -9 
146 129   1 -2  0 -9 
146 130  -1 -1  0 -9 
146 138  -1 -1  0 -9 
146 139   1 -2  0 -9 
146 142   1 -2  0 -9 
146 143  -1 -1  0 -9 
146 146   1  0  0 -9 
147 67  -1 -2  0 -9 
147 70   1 -1  0 -9 
147 71  -1  0  0 -9 
147 112  -1  0  0 -9 
147 126  -1 -2  0 -9 
147 129   1 -1  0 -9 
147 130  -1  0  0 -9 
147 138  -1  0  0 -9 
147 139   1 -1  0 -9 
147 140   1  1  0 -9 
147 143  -1  0  0 -9 
147 146   1  1  0 -9 
147 147  -1  2  0 -9 
148 148   1 -8  0 -9 
149 148   1 -7  0 -9 
149 149  -1 -6  0 -9 
150 148   1 -7  0 -9 
150 150  -1 -6  0 -9 
151 148   1 -6  0 -9 
151 149  -1 -5  0 -9 
151 150  -1 -5  0 -9 
151 152   1 -3  0 -9 
152 148   1 -5  0 -9 
152 149  -1 -4  0 -9 
152 150  -1 -4  0 -9 
152 151   1 -3  0 -9 
153 148   1 -5  0 -9 
153 149  -1 -4  0 -9 
153 150  -1 -4  0 -9 
153 154   1 -3  0 -9 
154 148   1 -6  0 -9 
154 149  -1 -5  0 -9 
154 150  -1 -5  0 -9 
154 153   1 -3  0 -9 
155 148   1 -4  0 -9 
155 149  -1 -3  0 -9 
155 150  -1 -3  0 -9 
155 151   1 -2  0 -9 
155 152  -1 -1  0 -9 
155 153  -1 -1  0 -9 
155 154   1 -2  0 -9 
155 155   1  0  0 -9 
156 156   1 -8  0 -9 
157 56   1 -5  0 -9 
157 57  -1 -4  0 -9 
157 58  -1 -4  0 -9 
157 156  -1 -4  0 -9 
157 158   1 -3  0 -9 
158 56   1 -6  0 -9 
158 57  -1 -5  0 -9 
158 58  -1 -5  0 -9 
158 156   1 -7  0 -9 
158 157   1 -3  0 -9 
159 56   1 -4  0 -9 
159 57  -1 -3  0 -9 
159 58  -1 -3  0 -9 
159 59   1 -2  0 -9 
159 60  -1 -1  0 -9 
159 156  -1 -3  0 -9 
159 157  -1 -1  0 -9 
159 158   1 -2  0 -9 
159 159   1  0  0 -9 
160 48   1 -7  0 -9 
160 156   1 -7  0 -9 
160 160  -1 -6  0 -9 
161 48   1 -5  0 -9 
161 50  -1 -4  0 -9 
161 160  -1 -4  0 -9 
161 162   1 -3  0 -9 
162 48   1 -6  0 -9 
162 50  -1 -5  0 -9 
162 156   1 -6  0 -9 
162 160  -1 -5  0 -9 
162 161   1 -3  0 -9 
163 48  -1 -3  0 -9 
163 49   1 -2  0 -9 
163 50   1 -2 -1 -4  0 -9 
163 51  -1 -1  0 -9 
163 52   1 -2  0 -9 
163 56   1 -4  1 -6  0 -9 
163 57  -1 -1 -1 -3 -1 -5  0 -9 
163 58  -1 -3  0 -9 
163 59   1 -2  0 -9 
163 60  -1 -1  0 -9 
163 148   1 -4  1 -6  0 -9 
163 149  -1 -1 -1 -3 -1 -5  0 -9 
163 150  -1 -3  0 -9 
163 151   1 -2  0 -9 
163 152  -1 -1  0 -9 
163 153  -1 -1  0 -9 
163 154   1 -2  0 -9 
163 156  -1 -3  0 -9 
163 157  -1 -1  0 -9 
163 158   1 -2  0 -9 
163 160   1 -2  0 -9 
163 161   1 -2  0 -9 
163 162  -1 -1  0 -9 
163 163   1  0  0 -9 
164 48  -1 -2  0 -9 
164 49   1 -1  0 -9 
164 50   1 -1  0 -9 
164 51  -1  0  0 -9 
164 56   1 -3  0 -9 
164 57  -1  0 -1 -2  0 -9 
164 58  -1 -2  0 -9 
164 59   1 -1  0 -9 
164 60  -1  0  0 -9 
164 148   1 -3  0 -9 
164 149  -1  0 -1 -2  0 -9 
164 150  -1 -2  0 -9 
164 151   1 -1  0 -9 
164 152  -1  0  0 -9 
164 153  -1  0  0 -9 
164 154   1 -1  0 -9 
164 155   1  1  0 -9 
164 156  -1 -2  0 -9 
164 157  -1  0  0 -9 
164 158   1 -1  0 -9 
164 159   1  1  0 -9 
164 160   1 -1  0 -9 
164 162  -1  0  0 -9 
164 163   1  1  0 -9 
164 164  -1  2  0 -9 
165 156   1 -7  0 -9 
165 165  -1 -6  0 -9 
166 165  -1 -4  0 -9 
166 167   1 -3  0 -9 
167 156   1 -6  0 -9 
167 165  -1 -5  0 -9 
167 166   1 -3  0 -9 
168 48   1 -6  0 -9 
168 50  -1 -5  0 -9 
168 156   1 -6  0 -9 
168 160  -1 -5  0 -9 
168 165  -1 -5  0 -9 
168 169   1 -3  0 -9 
169 48   1 -5  0 -9 
169 50  -1 -4  0 -9 
169 156   1 -5  0 -9 
169 160  -1 -4  0 -9 
169 165  -1 -4  0 -9 
169 168   1 -3  0 -9 
170 50  -1 -3  0 -9 
170 65  -1 -1  0 -9 
170 66   1 -2  0 -9 
170 165  -1 -3  0 -9 
170 166  -1 -1  0 -9 
170 167   1 -2  0 -9 
170 168   1 -2  0 -9 
170 169  -1 -1  0 -9 
170 170   1  0  0 -9 
171 48   1 -4  0 -9 
171 50  -1 -3  0 -9 
171 160  -1 -3  0 -9 
171 161  -1 -1  0 -9 
171 162   1 -2  0 -9 
171 165  -1 -3  0 -9 
171 166  -1 -1  0 -9 
171 167   1 -2  0 -9 
171 168   1 -2  0 -9 
171 169  -1 -1  0 -9 
171 171   1  0  0 -9 
172 65  -1  0  0 -9 
172 161  -1  0  0 -9 
172 165  -1 -2  0 -9 
172 166  -1  0  0 -9 
172 167   1 -1  0 -9 
172 168   1 -1  0 -9 
172 169  -1  0  0 -9 
172 170   1  1  0 -9 
172 171   1  1  0 -9 
172 172  -1  2  0 -9 
173 67  -1 -4  0 -9 
173 174   1 -3  0 -9 
174 67  -1 -5  0 -9 
174 173   1 -3  0 -9 
175 67  -1 -3  0 -9 
175 70   1 -2  0 -9 
175 71  -1 -1  0 -9 
175 173  -1 -1  0 -9 
175 174   1 -2  0 -9 
175 175   1  0  0 -9 
176 59   1 -1  0 -9 
176 60  -1  0  0 -9 
176 68  -1  0  0 -9 
176 70   1 -1  0 -9 
176 71  -1  0  0 -9 
176 72   1  1  0 -9 
176 157  -1  0  0 -9 
176 159   1  1  0 -9 
176 165  -1 -3  0 -9 
176 166   1  1  0 -9 
176 167   1 -2  0 -9 
176 173  -1  0  0 -9 
176 175   1  1  0 -9 
176 176  -1  2  0 -9 
177 177   1 -8  0 -9 
178 177   1 -7  0 -9 
178 178  -1 -6  0 -9 
179 177   1 -7  0 -9 
179 179  -1 -6  0 -9 
180 177   1 -6  0 -9 
180 178  -1 -5  0 -9 
180 179  -1 -5  0 -9 
180 181   1 -3  0 -9 
181 177   1 -5  0 -9 
181 178  -1 -4  0 -9 
181 179  -1 -4  0 -9 
181 180   1 -3  0 -9 
182 148   1 -6  0 -9 
182 150  -1 -5  0 -9 
182 178  -1 -4  0 -9 
182 183   1 -3  0 -9 
183 150  -1 -4  0 -9 
183 177   1 -6  0 -9 
183 178  -1 -5  0 -9 
183 182   1 -3  0 -9 
184 150  -1 -3  0 -9 
184 153  -1 -1  0 -9 
184 154   1 -2  0 -9 
184 177   1 -5  0 -9 
184 178  -1 -4  0 -9 
184 182   1 -2  0 -9 
184 183  -1 -1  0 -9 
184 184   1  0  0 -9 
185 152  -1  0  0 -9 
185 153  -1  0  0 -9 
185 154   1 -1  0 -9 
185 155   1  1  0 -9 
185 177   1 -4  0 -9 
185 178  -1 -3  0 -9 
185 179  -1 -3  0 -9 
185 180   1 -2  0 -9 
185 181   1  1  0 -9 
185 183  -1  0  0 -9 
185 184   1  1  0 -9 
185 185  -1  2  0 -9 
186 186   1 -8  0 -9 
187 177   1 -5  0 -9 
187 178  -1 -4  0 -9 
187 179  -1 -4  0 -9 
187 186  -1 -4  0 -9 
187 188   1 -3  0 -9 
188 177   1 -6  0 -9 
188 178  -1 -5  0 -9 
188 179  -1 -5  0 -9 
188 186   1 -7  0 -9 
188 187   1 -3  0 -9 
189 177   1 -4  0 -9 
189 178  -1 -3  0 -9 
189 179  -1 -3  0 -9 
189 180   1 -2  0 -9 
189 181  -1 -1  0 -9 
189 186  -1 -3  0 -9 
189 187  -1 -1  0 -9 
189 188   1 -2  0 -9 
189 189   1  0  0 -9 
190 186   1 -7  0 -9 
190 190  -1 -6  0 -9 
191 190  -1 -4  0 -9 
191 192   1 -3  0 -9 
192 186   1 -6  0 -9 
192 190  -1 -5  0 -9 
192 191   1 -3  0 -9 
193 177   1 -4  1 -6  0 -9 
193 178  -1 -1 -1 -3 -1 -5  0 -9 
193 179  -1 -3  0 -9 
193 180   1 -2  0 -9 
193 181  -1 -1  0 -9 
193 186  -1 -3  0 -9 
193 187  -1 -1  0 -9 
193 188   1 -2  0 -9 
193 190   1 -2  0 -9 
193 191   1 -2  0 -9 
193 192  -1 -1  0 -9 
193 193   1  0  0 -9 
194 177   1 -3  0 -9 
194 178  -1  0 -1 -2  0 -9 
194 179  -1 -2  0 -9 
194 180   1 -1  0 -9 
194 181  -1  0  0 -9 
194 186  -1 -2  0 -9 
194 187  -1  0  0 -9 
194 188   1 -1  0 -9 
194 189   1  1  0 -9 
194 190   1 -1  0 -9 
194 192  -1  0  0 -9 
194 193   1  1  0 -9 
194 194  -1  2  0 -9 
195 156   1 -7  0 -9 
195 195  -1 -6  0 -9 
196 195  -1 -4  0 -9 
196 197   1 -3  0 -9 
197 156   1 -6  0 -9 
197 195  -1 -5  0 -9 
197 196   1 -3  0 -9 
198 56   1 -4  1 -6  0 -9 
198 57  -1 -1 -1 -3 -1 -5  0 -9 
198 58  -1 -3  0 -9 
198 59   1 -2  0 -9 
198 60  -1 -1  0 -9 
198 156  -1 -3  0 -9 
198 157  -1 -1  0 -9 
198 158   1 -2  0 -9 
198 195   1 -2  0 -9 
198 196   1 -2  0 -9 
198 197  -1 -1  0 -9 
198 198   1  0  0 -9 
199 56   1 -3  0 -9 
199 57  -1  0 -1 -2  0 -9 
199 58  -1 -2  0 -9 
199 59   1 -1  0 -9 
199 60  -1  0  0 -9 
199 156  -1 -2  0 -9 
199 157  -1  0  0 -9 
199 158   1 -1  0 -9 
199 159   1  1  0 -9 
199 195   1 -1  0 -9 
199 197  -1  0  0 -9 
199 198   1  1  0 -9 
199 199  -1  2  0 -9 
200 50  -1 -3  0 -9 
200 56   1 -5  0 -9 
200 57  -1 -4  0 -9 
200 61   1 -2  0 -9 
200 62  -1 -1  0 -9 
200 156  -1 -4  0 -9 
200 161  -1 -1  0 -9 
200 162   1 -2  0 -9 
200 186   1 -5  0 -9 
200 190  -1 -4  0 -9 
200 191   1 -2  0 -9 
200 192  -1 -1  0 -9 
200 195   1 -3  0 -9 
200 200   1  0  0 -9 
201 186   1 -7  0 -9 
201 201  -1 -6  0 -9 
202 201  -1 -4  0 -9 
202 203   1 -3  0 -9 
203 186   1 -6  0 -9 
203 201  -1 -5  0 -9 
203 202   1 -3  0 -9 
204 186   1 -6  0 -9 
204 190  -1 -5  0 -9 
204 201  -1 -5  0 -9 
204 205   1 -3  0 -9 
205 186   1 -5  0 -9 
205 190  -1 -4  0 -9 
205 201  -1 -4  0 -9 
205 204   1 -3  0 -9 
206 201  -1 -3  0 -9 
206 202  -1 -1  0 -9 
206 203   1 -2  0 -9 
206 204   1 -2  0 -9 
206 205  -1 -1  0 -9 
206 206   1  0  0 -9 
207 190  -1 -3  0 -9 
207 191  -1 -1  0 -9 
207 192   1 -2  0 -9 
207 201  -1 -3  0 -9 
207 202  -1 -1  0 -9 
207 203   1 -2  0 -9 
207 204   1 -2  0 -9 
207 205  -1 -1  0 -9 
207 207   1  0  0 -9 
208 191  -1  0  0 -9 
208 201  -1 -2  0 -9 
208 202  -1  0  0 -9 
208 203   1 -1  0 -9 
208 204   1 -1  0 -9 
208 205  -1  0  0 -9 
208 206   1  1  0 -9 
208 207   1  1  0 -9 
208 208  -1  2  0 -9 
209 156   1 -6  0 -9 
209 165  -1 -5  0 -9 
209 195  -1 -5  0 -9 
209 210   1 -3  0 -9 
210 156   1 -5  0 -9 
210 165  -1 -4  0 -9 
210 195  -1 -4  0 -9 
210 209   1 -3  0 -9 
211 165  -1 -3  0 -9 
211 166  -1 -1  0 -9 
211 167   1 -2  0 -9 
211 209   1 -2  0 -9 
211 210  -1 -1  0 -9 
211 211   1  0  0 -9 
212 56   1 -4  0 -9 
212 57  -1 -3  0 -9 
212 58  -1 -3  0 -9 
212 59   1 -2  0 -9 
212 60   1  1  0 -9 
212 62  -1  0  0 -9 
212 67  -1 -3  0 -9 
212 70   1 -2  0 -9 
212 71   1  1  0 -9 
212 156  -1 -3  0 -9 
212 161  -1  0  0 -9 
212 162   1 -1  0 -9 
212 166  -1  0  0 -9 
212 167   1 -1  0 -9 
212 169  -1  0  0 -9 
212 171   1  1  0 -9 
212 186   1 -4  0 -9 
212 190  -1 -3  0 -9 
212 192  -1  0  0 -9 
212 195   1 -2  0 -9 
212 200   1  1  0 -9 
212 201  -1 -3  0 -9 
212 204   1 -2  0 -9 
212 205   1  1  0 -9 
212 210  -1  0  0 -9 
212 211   1  1  0 -9 
212 212  -1  2  0 -9 
213 214   1 -3  0 -9 
214 213   1 -3  0 -9 
215 165  -1 -3  0 -9 
215 166  -1 -1  0 -9 
215 167   1 -2  0 -9 
215 195  -1 -3  0 -9 
215 196  -1 -1  0 -9 
215 197   1 -2  0 -9 
215 209   1 -2  0 -9 
215 210  -1 -1  0 -9 
215 213  -1 -1  0 -9 
215 214   1 -2  0 -9 
215 215   1  0  0 -9 
216 165  -1 -2  0 -9 
216 166  -1  0  0 -9 
216 167   1 -1  0 -9 
216 196  -1  0  0 -9 
216 209   1 -1  0 -9 
216 210  -1  0  0 -9 
216 211   1  1  0 -9 
216 213  -1  0  0 -9 
216 215   1  1  0 -9 
216 216  -1  2  0 -9 
217 67  -1 -3  0 -9 
217 70   1 -2  0 -9 
217 71  -1 -1  0 -9 
217 173  -1 -1  0 -9 
217 174   1 -2  0 -9 
217 213   1 -2  0 -9 
217 214  -1 -1  0 -9 
217 217   1  0  0 -9 
218 67  -1 -2  0 -9 
218 70   1 -1  0 -9 
218 71  -1  0  0 -9 
218 173  -1  0  0 -9 
218 174   1 -1  0 -9 
218 175   1  1  0 -9 
218 214  -1  0  0 -9 
218 217   1  1  0 -9 
218 218  -1  2  0 -9 
219 27  -1 -4  0 -9 
219 75   1 -5  0 -9 
219 79  -1 -4  0 -9 
219 90  -1 -4  0 -9 
219 186  -1 -4  0 -9 
219 220   1 -3  0 -9 
220 27   1 -7  0 -9 
220 75   1 -6  0 -9 
220 79  -1 -5  0 -9 
220 90  -1 -5  0 -9 
220 186   1 -7  0 -9 
220 219   1 -3  0 -9 
221 27  -1 -3  0 -9 
221 75   1 -4  0 -9 
221 79  -1 -3  0 -9 
221 90  -1 -3  0 -9 
221 93   1 -2  0 -9 
221 94  -1 -1  0 -9 
221 186  -1 -3  0 -9 
221 219  -1 -1  0 -9 
221 220   1 -2  0 -9 
221 221   1  0  0 -9 
222 36  -1 -3  0 -9 
222 37   1  1  0 -9 
222 38   1 -2  0 -9 
222 91  -1  0  0 -9 
222 93   1 -1  0 -9 
222 94  -1  0  0 -9 
222 95   1  1  0 -9 
222 201  -1 -3  0 -9 
222 202   1  1  0 -9 
222 203   1 -2  0 -9 
222 219  -1  0  0 -9 
222 221   1  1  0 -9 
222 222  -1  2  0 -9 
223 84  -1 -4  0 -9 
223 224   1 -3  0 -9 
224 27   1 -6  0 -9 
224 84  -1 -5  0 -9 
224 223   1 -3  0 -9 
225 36  -1 -3  0 -9 
225 37  -1 -1  0 -9 
225 38   1 -2  0 -9 
225 84  -1 -3  0 -9 
225 98   1 -2  0 -9 
225 99  -1 -1  0 -9 
225 223  -1 -1  0 -9 
225 224   1 -2  0 -9 
225 225   1  0  0 -9 
226 36  -1 -2  0 -9 
226 37  -1  0  0 -9 
226 38   1 -1  0 -9 
226 98   1 -1  0 -9 
226 99  -1  0  0 -9 
226 100   1  1  0 -9 
226 223  -1  0  0 -9 
226 225   1  1  0 -9 
226 226  -1  2  0 -9 
227 27  -1 -3  0 -9 
227 75   1 -4  1 -6  0 -9 
227 79  -1 -1 -1 -3 -1 -5  0 -9 
227 84   1 -2  0 -9 
227 90  -1 -3  0 -9 
227 93   1 -2  0 -9 
227 94  -1 -1  0 -9 
227 186  -1 -3  0 -9 
227 190   1 -2  0 -9 
227 191   1 -2  0 -9 
227 192  -1 -1  0 -9 
227 219  -1 -1  0 -9 
227 220   1 -2  0 -9 
227 223   1 -2  0 -9 
227 224  -1 -1  0 -9 
227 227   1  0  0 -9 
228 27  -1 -2  0 -9 
228 75   1 -3  0 -9 
228 79  -1  0 -1 -2  0 -9 
228 84   1 -1  0 -9 
228 90  -1 -2  0 -9 
228 93   1 -1  0 -9 
228 94  -1  0  0 -9 
228 186  -1 -2  0 -9 
228 190   1 -1  0 -9 
228 192  -1  0  0 -9 
228 219  -1  0  0 -9 
228 220   1 -1  0 -9 
228 221   1  1  0 -9 
228 224  -1  0  0 -9 
228 227   1  1  0 -9 
228 228  -1  2  0 -9 
229 19  -1 -3  0 -9 
229 44  -1 -1  0 -9 
229 45   1 -2  0 -9 
229 102   1 -2  0 -9 
229 103  -1 -1  0 -9 
229 213  -1 -1  0 -9 
229 214   1 -2  0 -9 
229 229   1  0  0 -9 
230 19  -1 -2  0 -9 
230 44  -1  0  0 -9 
230 45   1 -1  0 -9 
230 102   1 -1  0 -9 
230 103  -1  0  0 -9 
230 106   1  1  0 -9 
230 213  -1  0  0 -9 
230 229   1  1  0 -9 
230 230  -1  2  0 -9 
231 231   1 -8  0 -9 
232 231   1 -7  0 -9 
232 232  -1 -6  0 -9 
233 231   1 -7  0 -9 
233 233  -1 -6  0 -9 
234 231   1 -6  0 -9 
234 232  -1 -5  0 -9 
234 233  -1 -5  0 -9 
234 235   1 -3  0 -9 
235 231   1 -5  0 -9 
235 232  -1 -4  0 -9 
235 233  -1 -4  0 -9 
235 234   1 -3  0 -9 
236 232  -1 -4  0 -9 
236 237   1 -3  0 -9 
237 231   1 -6  0 -9 
237 232  -1 -5  0 -9 
237 236   1 -3  0 -9 
238 231   1 -5  0 -9 
238 232  -1 -4  0 -9 
238 236   1 -2  0 -9 
238 237  -1 -1  0 -9 
238 238   1  0  0 -9 
239 231   1 -4  0 -9 
239 232  -1 -3  0 -9 
239 233  -1 -3  0 -9 
239 234   1 -2  0 -9 
239 235   1  1  0 -9 
239 237  -1  0  0 -9 
239 238   1  1  0 -9 
239 239  -1  2  0 -9 
240 240   1 -8  0 -9 
241 56   1 -5  0 -9 
241 57  -1 -4  0 -9 
241 58  -1 -4  0 -9 
241 231   1 -5  0 -9 
241 232  -1 -4  0 -9 
241 233  -1 -4  0 -9 
241 240  -1 -4  0 -9 
241 242   1 -3  0 -9 
242 56   1 -6  0 -9 
242 57  -1 -5  0 -9 
242 58  -1 -5  0 -9 
242 231   1 -6  0 -9 
242 232  -1 -5  0 -9 
242 233  -1 -5  0 -9 
242 240   1 -7  0 -9 
242 241   1 -3  0 -9 
243 56   1 -4  0 -9 
243 57  -1 -3  0 -9 
243 58  -1 -3  0 -9 
243 59   1 -2  0 -9 
243 60  -1 -1  0 -9 
243 231   1 -4  0 -9 
243 232  -1 -3  0 -9 
243 233  -1 -3  0 -9 
243 234   1 -2  0 -9 
243 235  -1 -1  0 -9 
243 240  -1 -3  0 -9 
243 241  -1 -1  0 -9 
243 242   1 -2  0 -9 
243 243   1  0  0 -9 
244 240   1 -7  0 -9 
244 244  -1 -6  0 -9 
245 244  -1 -4  0 -9 
245 246   1 -3  0 -9 
246 240   1 -6  0 -9 
246 244  -1 -5  0 -9 
246 245   1 -3  0 -9 
247 56   1 -4  1 -6  0 -9 
247 57  -1 -1 -1 -3 -1 -5  0 -9 
247 58  -1 -3  0 -9 
247 59   1 -2  0 -9 
247 60  -1 -1  0 -9 
247 231   1 -4  1 -6  0 -9 
247 232  -1 -1 -1 -3 -1 -5  0 -9 
247 233  -1 -3  0 -9 
247 234   1 -2  0 -9 
247 235  -1 -1  0 -9 
247 240  -1 -3  0 -9 
247 241  -1 -1  0 -9 
247 242   1 -2  0 -9 
247 244   1 -2  0 -9 
247 245   1 -2  0 -9 
247 246  -1 -1  0 -9 
247 247   1  0  0 -9 
248 56   1 -3  0 -9 
248 57  -1  0 -1 -2  0 -9 
248 58  -1 -2  0 -9 
248 59   1 -1  0 -9 
248 60  -1  0  0 -9 
248 231   1 -3  0 -9 
248 232  -1  0 -1 -2  0 -9 
248 233  -1 -2  0 -9 
248 234   1 -1  0 -9 
248 235  -1  0  0 -9 
248 240  -1 -2  0 -9 
248 241  -1  0  0 -9 
248 242   1 -1  0 -9 
248 243   1  1  0 -9 
248 244   1 -1  0 -9 
248 246  -1  0  0 -9 
248 247   1  1  0 -9 
248 248  -1  2  0 -9 
249 249  -1 -6  0 -9 
250 57  -1 -4  0 -9 
250 249  -1 -4  0 -9 
250 251   1 -3  0 -9 
251 56   1 -6  0 -9 
251 57  -1 -5  0 -9 
251 249  -1 -5  0 -9 
251 250   1 -3  0 -9 
252 56   1 -5  0 -9 
252 57  -1 -4  0 -9 
252 249   1 -2  0 -9 
252 250   1 -2  0 -9 
252 251  -1 -1  0 -9 
252 252   1  0  0 -9 
253 56   1 -4  0 -9 
253 57  -1 -3  0 -9 
253 58  -1 -3  0 -9 
253 59   1 -2  0 -9 
253 60   1  1  0 -9 
253 249   1 -1  0 -9 
253 251  -1  0  0 -9 
253 252   1  1  0 -9 
253 253  -1  2  0 -9 
254 240   1 -5  0 -9 
254 244  -1 -4  0 -9 
254 245   1 -2  0 -9 
254 246  -1 -1  0 -9 
254 249   1 -3  0 -9 
254 254   1  0  0 -9 
255 240   1 -7  0 -9 
255 255  -1 -6  0 -9 
256 255  -1 -4  0 -9 
256 257   1 -3  0 -9 
257 240   1 -6  0 -9 
257 255  -1 -5  0 -9 
257 256   1 -3  0 -9 
258 240   1 -6  0 -9 
258 244  -1 -5  0 -9 
258 255  -1 -5  0 -9 
258 259   1 -3  0 -9 
259 240   1 -5  0 -9 
259 244  -1 -4  0 -9 
259 255  -1 -4  0 -9 
259 258   1 -3  0 -9 
260 255  -1 -3  0 -9 
260 256  -1 -1  0 -9 
260 257   1 -2  0 -9 
260 258   1 -2  0 -9 
260 259  -1 -1  0 -9 
260 260   1  0  0 -9 
261 244  -1 -3  0 -9 
261 245  -1 -1  0 -9 
261 246   1 -2  0 -9 
261 255  -1 -3  0 -9 
261 256  -1 -1  0 -9 
261 257   1 -2  0 -9 
261 258   1 -2  0 -9 
261 259  -1 -1  0 -9 
261 261   1  0  0 -9 
262 245  -1  0  0 -9 
262 255  -1 -2  0 -9 
262 256  -1  0  0 -9 
262 257   1 -1  0 -9 
262 258   1 -1  0 -9 
262 259  -1  0  0 -9 
262 260   1  1  0 -9 
262 261   1  1  0 -9 
262 262  -1  2  0 -9 
263 249  -1 -5  0 -9 
263 264   1 -3  0 -9 
264 249  -1 -4  0 -9 
264 263   1 -3  0 -9 
265 263   1 -2  0 -9 
265 264  -1 -1  0 -9 
265 265   1  0  0 -9 
266 240   1 -4  0 -9 
266 244  -1 -3  0 -9 
266 246  -1  0  0 -9 
266 249   1 -2  0 -9 
266 254   1  1  0 -9 
266 255  -1 -3  0 -9 
266 258   1 -2  0 -9 
266 259   1  1  0 -9 
266 264  -1  0  0 -9 
266 265   1  1  0 -9 
266 266  -1  2  0 -9 
267 268   1 -3  0 -9 
268 267   1 -3  0 -9 
269 57  -1 -3  0 -9 
269 58  -1 -3  0 -9 
269 59   1 -2  0 -9 
269 60  -1 -1  0 -9 
269 67  -1 -3  0 -9 
269 68  -1 -1  0 -9 
269 69   1 -2  0 -9 
269 70   1 -2  0 -9 
269 71  -1 -1  0 -9 
269 249  -1 -3  0 -9 
269 250  -1 -1  0 -9 
269 251   1 -2  0 -9 
269 263   1 -2  0 -9 
269 264  -1 -1  0 -9 
269 267  -1 -1  0 -9 
269 268   1 -2  0 -9 
269 269   1  0  0 -9 
270 58  -1 -2  0 -9 
270 59   1 -1  0 -9 
270 60  -1  0  0 -9 
270 67  -1 -2  0 -9 
270 68  -1  0  0 -9 
270 69   1 -1  0 -9 
270 70   1 -1  0 -9 
270 71  -1  0  0 -9 
270 72   1  1  0 -9 
270 250  -1  0  0 -9 
270 263   1 -1  0 -9 
270 264  -1  0  0 -9 
270 265   1  1  0 -9 
270 267  -1  0  0 -9 
270 269   1  1  0 -9 
270 270  -1  2  0 -9 
271 267   1 -2  0 -9 
271 268  -1 -1  0 -9 
271 271   1  0  0 -9 
272 67  -1 -3  0 -9 
272 70   1 -2  0 -9 
272 71   1  1  0 -9 
272 268  -1  0  0 -9 
272 271   1  1  0 -9 
272 272  -1  2  0 -9 
273 273  -1 -6  0 -9 
274 178  -1 -4  0 -9 
274 273  -1 -4  0 -9 
274 275   1 -3  0 -9 
275 177   1 -6  0 -9 
275 178  -1 -5  0 -9 
275 273  -1 -5  0 -9 
275 274   1 -3  0 -9 
276 177   1 -5  0 -9 
276 178  -1 -4  0 -9 
276 273   1 -2  0 -9 
276 274   1 -2  0 -9 
276 275  -1 -1  0 -9 
276 276   1  0  0 -9 
277 177   1 -4  0 -9 
277 178  -1 -3  0 -9 
277 179  -1 -3  0 -9 
277 180   1 -2  0 -9 
277 181   1  1  0 -9 
277 273   1 -1  0 -9 
277 275  -1  0  0 -9 
277 276   1  1  0 -9 
277 277  -1  2  0 -9 
278 186   1 -5  0 -9 
278 190  -1 -4  0 -9 
278 191   1 -2  0 -9 
278 192  -1 -1  0 -9 
278 273   1 -3  0 -9 
278 278   1  0  0 -9 
279 156   1 -5  0 -9 
279 195  -1 -4  0 -9 
279 196   1 -2  0 -9 
279 197  -1 -1  0 -9 
279 249   1 -3  0 -9 
279 279   1  0  0 -9 
280 273  -1 -5  0 -9 
280 281   1 -3  0 -9 
281 273  -1 -4  0 -9 
281 280   1 -3  0 -9 
282 280   1 -2  0 -9 
282 281  -1 -1  0 -9 
282 282   1  0  0 -9 
283 186   1 -4  0 -9 
283 190  -1 -3  0 -9 
283 192  -1  0  0 -9 
283 201  -1 -3  0 -9 
283 204   1 -2  0 -9 
283 205   1  1  0 -9 
283 273   1 -2  0 -9 
283 278   1  1  0 -9 
283 281  -1  0  0 -9 
283 282   1  1  0 -9 
283 283  -1  2  0 -9 
284 213   1 -2  0 -9 
284 214  -1 -1  0 -9 
284 284   1  0  0 -9 
285 156   1 -4  0 -9 
285 165  -1 -3  0 -9 
285 195  -1 -3  0 -9 
285 197  -1  0  0 -9 
285 209   1 -2  0 -9 
285 210   1  1  0 -9 
285 214  -1  0  0 -9 
285 249   1 -2  0 -9 
285 264  -1  0  0 -9 
285 265   1  1  0 -9 
285 279   1  1  0 -9 
285 284   1  1  0 -9 
285 285  -1  2  0 -9 
286 79  -1 -4  0 -9 
286 273  -1 -4  0 -9 
286 287   1 -3  0 -9 
287 75   1 -6  0 -9 
287 79  -1 -5  0 -9 
287 273  -1 -5  0 -9 
287 286   1 -3  0 -9 
288 79  -1 -3  0 -9 
288 90  -1 -3  0 -9 
288 91  -1 -1  0 -9 
288 92   1 -2  0 -9 
288 93   1 -2  0 -9 
288 94  -1 -1  0 -9 
288 273  -1 -3  0 -9 
288 280   1 -2  0 -9 
288 281  -1 -1  0 -9 
288 286  -1 -1  0 -9 
288 287   1 -2  0 -9 
288 288   1  0  0 -9 
289 90  -1 -2  0 -9 
289 91  -1  0  0 -9 
289 92   1 -1  0 -9 
289 93   1 -1  0 -9 
289 94  -1  0  0 -9 
289 95   1  1  0 -9 
289 280   1 -1  0 -9 
289 281  -1  0  0 -9 
289 282   1  1  0 -9 
289 286  -1  0  0 -9 
289 288   1  1  0 -9 
289 289  -1  2  0 -9 
290 75   1 -5  0 -9 
290 79  -1 -4  0 -9 
290 273   1 -2  0 -9 
290 286   1 -2  0 -9 
290 287  -1 -1  0 -9 
290 290   1  0  0 -9 
291 75   1 -4  0 -9 
291 79  -1 -3  0 -9 
291 90  -1 -3  0 -9 
291 93   1 -2  0 -9 
291 94   1  1  0 -9 
291 273   1 -1  0 -9 
291 287  -1  0  0 -9 
291 290   1  1  0 -9 
291 291  -1  2  0 -9 
292 27   1 -5  0 -9 
292 84  -1 -4  0 -9 
292 223   1 -2  0 -9 
292 224  -1 -1  0 -9 
292 292   1  0  0 -9 
293 27   1 -4  0 -9 
293 36  -1 -3  0 -9 
293 84  -1 -3  0 -9 
293 98   1 -2  0 -9 
293 99   1  1  0 -9 
293 224  -1  0  0 -9 
293 292   1  1  0 -9 
293 293  -1  2  0 -9 
294 19  -1 -3  0 -9 
294 102   1 -2  0 -9 
294 103   1  1  0 -9 
294 214  -1  0  0 -9 
294 284   1  1  0 -9 
294 294  -1  2  0 -9 
295 150  -1 -4  0 -9 
295 296   1 -3  0 -9 
296 148   1 -6  0 -9 
296 150  -1 -5  0 -9 
296 295   1 -3  0 -9 
297 297  -1 -6  0 -9 
298 297  -1 -4  0 -9 
298 299   1 -3  0 -9 
299 297  -1 -5  0 -9 
299 298   1 -3  0 -9 
300 297  -1 -5  0 -9 
300 301   1 -3  0 -9 
301 297  -1 -4  0 -9 
301 300   1 -3  0 -9 
302 150  -1 -3  0 -9 
302 151   1 -2  0 -9 
302 152  -1 -1  0 -9 
302 295  -1 -1  0 -9 
302 296   1 -2  0 -9 
302 297  -1 -3  0 -9 
302 298  -1 -1  0 -9 
302 299   1 -2  0 -9 
302 300   1 -2  0 -9 
302 301  -1 -1  0 -9 
302 302   1  0  0 -9 
303 297  -1 -3  0 -9 
303 298  -1 -1  0 -9 
303 299   1 -2  0 -9 
303 300   1 -2  0 -9 
303 301  -1 -1  0 -9 
303 303   1  0  0 -9 
304 151   1 -1  0 -9 
304 152  -1  0  0 -9 
304 153  -1  0  0 -9 
304 155   1  1  0 -9 
304 295  -1  0  0 -9 
304 297  -1 -2  0 -9 
304 298  -1  0  0 -9 
304 299   1 -1  0 -9 
304 300   1 -1  0 -9 
304 301  -1  0  0 -9 
304 302   1  1  0 -9 
304 303   1  1  0 -9 
304 304  -1  2  0 -9 
305 305  -1 -6  0 -9 
306 179  -1 -4  0 -9 
306 305  -1 -4  0 -9 
306 307   1 -3  0 -9 
307 177   1 -6  0 -9 
307 179  -1 -5  0 -9 
307 305  -1 -5  0 -9 
307 306   1 -3  0 -9 
308 305  -1 -5  0 -9 
308 309   1 -3  0 -9 
309 305  -1 -4  0 -9 
309 308   1 -3  0 -9 
310 179  -1 -3  0 -9 
310 180   1 -2  0 -9 
310 181  -1 -1  0 -9 
310 305  -1 -3  0 -9 
310 306  -1 -1  0 -9 
310 307   1 -2  0 -9 
310 308   1 -2  0 -9 
310 309  -1 -1  0 -9 
310 310   1  0  0 -9 
311 148   1 -5  0 -9 
311 150   1 -2 -1 -4  0 -9 
311 178  -1 -3  0 -9 
311 179  -1 -3  0 -9 
311 180   1 -2  0 -9 
311 181  -1 -1  0 -9 
311 182  -1 -1  0 -9 
311 183   1 -2  0 -9 
311 295   1 -2  0 -9 
311 296  -1 -1  0 -9 
311 305  -1 -3  0 -9 
311 306  -1 -1  0 -9 
311 307   1 -2  0 -9 
311 308   1 -2  0 -9 
311 309  -1 -1  0 -9 
311 311   1  0  0 -9 
312 150   1 -1  0 -9 
312 179  -1 -2  0 -9 
312 180   1 -1  0 -9 
312 181  -1  0  0 -9 
312 182  -1  0  0 -9 
312 296  -1  0  0 -9 
312 305  -1 -2  0 -9 
312 306  -1  0  0 -9 
312 307   1 -1  0 -9 
312 308   1 -1  0 -9 
312 309  -1  0  0 -9 
312 310   1  1  0 -9 
312 311   1  1  0 -9 
312 312  -1  2  0 -9 
313 297  -1 -5  0 -9 
313 314   1 -3  0 -9 
314 297  -1 -4  0 -9 
314 313   1 -3  0 -9 
315 297  -1 -3  0 -9 
315 298  -1 -1  0 -9 
315 299   1 -2  0 -9 
315 313   1 -2  0 -9 
315 314  -1 -1  0 -9 
315 315   1  0  0 -9 
316 298  -1  0  0 -9 
316 299   1 -1  0 -9 
316 301  -1  0  0 -9 
316 303   1  1  0 -9 
316 305  -1 -3  0 -9 
316 308   1 -2  0 -9 
316 309   1  1  0 -9 
316 314  -1  0  0 -9 
316 315   1  1  0 -9 
316 316  -1  2  0 -9 
317 305  -1 -4  0 -9 
317 318   1 -3  0 -9 
318 305  -1 -5  0 -9 
318 317   1 -3  0 -9 
319 305  -1 -3  0 -9 
319 308   1 -2  0 -9 
319 309  -1 -1  0 -9 
319 317  -1 -1  0 -9 
319 318   1 -2  0 -9 
319 319   1  0  0 -9 
320 180   1 -1  0 -9 
320 181  -1  0  0 -9 
320 187  -1  0  0 -9 
320 189   1  1  0 -9 
320 201  -1 -3  0 -9 
320 202   1  1  0 -9 
320 203   1 -2  0 -9 
320 297  -1 -3  0 -9 
320 298   1  1  0 -9 
320 299   1 -2  0 -9 
320 306  -1  0  0 -9 
320 308   1 -1  0 -9 
320 309  -1  0  0 -9 
320 310   1  1  0 -9 
320 317  -1  0  0 -9 
320 319   1  1  0 -9 
320 320  -1  2  0 -9 
321 322   1 -3  0 -9 
322 321   1 -3  0 -9 
323 297  -1 -3  0 -9 
323 298  -1 -1  0 -9 
323 299   1 -2  0 -9 
323 313   1 -2  0 -9 
323 314  -1 -1  0 -9 
323 321  -1 -1  0 -9 
323 322   1 -2  0 -9 
323 323   1  0  0 -9 
324 297  -1 -2  0 -9 
324 298  -1  0  0 -9 
324 299   1 -1  0 -9 
324 313   1 -1  0 -9 
324 314  -1  0  0 -9 
324 315   1  1  0 -9 
324 321  -1  0  0 -9 
324 323   1  1  0 -9 
324 324  -1  2  0 -9 
325 305  -1 -3  0 -9 
325 308   1 -2  0 -9 
325 309  -1 -1  0 -9 
325 317  -1 -1  0 -9 
325 318   1 -2  0 -9 
325 321   1 -2  0 -9 
325 322  -1 -1  0 -9 
325 325   1  0  0 -9 
326 305  -1 -2  0 -9 
326 308   1 -1  0 -9 
326 309  -1  0  0 -9 
326 317  -1  0  0 -9 
326 318   1 -1  0 -9 
326 319   1  1  0 -9 
326 322  -1  0  0 -9 
326 325   1  1  0 -9 
326 326  -1  2  0 -9 
327 327  -1 -6  0 -9 
328 233  -1 -4  0 -9 
328 327  -1 -4  0 -9 
328 329   1 -3  0 -9 
329 231   1 -6  0 -9 
329 233  -1 -5  0 -9 
329 327  -1 -5  0 -9 
329 328   1 -3  0 -9 
330 327  -1 -5  0 -9 
330 331   1 -3  0 -9 
331 327  -1 -4  0 -9 
331 330   1 -3  0 -9 
332 233  -1 -3  0 -9 
332 234   1 -2  0 -9 
332 235  -1 -1  0 -9 
332 327  -1 -3  0 -9 
332 328  -1 -1  0 -9 
332 329   1 -2  0 -9 
332 330   1 -2  0 -9 
332 331  -1 -1  0 -9 
332 332   1  0  0 -9 
333 232  -1 -3  0 -9 
333 233  -1 -3  0 -9 
333 234   1 -2  0 -9 
333 235  -1 -1  0 -9 
333 236  -1 -1  0 -9 
333 237   1 -2  0 -9 
333 327  -1 -3  0 -9 
333 328  -1 -1  0 -9 
333 329   1 -2  0 -9 
333 330   1 -2  0 -9 
333 331  -1 -1  0 -9 
333 333   1  0  0 -9 
334 233  -1 -2  0 -9 
334 234   1 -1  0 -9 
334 235  -1  0  0 -9 
334 236  -1  0  0 -9 
334 327  -1 -2  0 -9 
334 328  -1  0  0 -9 
334 329   1 -1  0 -9 
334 330   1 -1  0 -9 
334 331  -1  0  0 -9 
334 332   1  1  0 -9 
334 333   1  1  0 -9 
334 334  -1  2  0 -9 
335 336   1 -3  0 -9 
336 335   1 -3  0 -9 
337 335   1 -2  0 -9 
337 336  -1 -1  0 -9 
337 337   1  0  0 -9 
338 327  -1 -3  0 -9 
338 330   1 -2  0 -9 
338 331   1  1  0 -9 
338 336  -1  0  0 -9 
338 337   1  1  0 -9 
338 338  -1  2  0 -9 
339 340   1 -3  0 -9 
340 339   1 -3  0 -9 
341 178  -1 -3  0 -9 
341 179  -1 -3  0 -9 
341 180   1 -2  0 -9 
341 181  -1 -1  0 -9 
341 273  -1 -3  0 -9 
341 274  -1 -1  0 -9 
341 275   1 -2  0 -9 
341 280   1 -2  0 -9 
341 281  -1 -1  0 -9 
341 305  -1 -3  0 -9 
341 306  -1 -1  0 -9 
341 307   1 -2  0 -9 
341 308   1 -2  0 -9 
341 309  -1 -1  0 -9 
341 335   1 -2  0 -9 
341 336  -1 -1  0 -9 
341 339  -1 -1  0 -9 
341 340   1 -2  0 -9 
341 341   1  0  0 -9 
342 179  -1 -2  0 -9 
342 180   1 -1  0 -9 
342 181  -1  0  0 -9 
342 274  -1  0  0 -9 
342 280   1 -1  0 -9 
342 281  -1  0  0 -9 
342 282   1  1  0 -9 
342 305  -1 -2  0 -9 
342 306  -1  0  0 -9 
342 307   1 -1  0 -9 
342 308   1 -1  0 -9 
342 309  -1  0  0 -9 
342 310   1  1  0 -9 
342 335   1 -1  0 -9 
342 336  -1  0  0 -9 
342 337   1  1  0 -9 
342 339  -1  0  0 -9 
342 341   1  1  0 -9 
342 342  -1  2  0 -9 
343 339   1 -2  0 -9 
343 340  -1 -1  0 -9 
343 343   1  0  0 -9 
344 305  -1 -3  0 -9 
344 308   1 -2  0 -9 
344 309   1  1  0 -9 
344 340  -1  0  0 -9 
344 343   1  1  0 -9 
344 344  -1  2  0 -9 
345 321   1 -2  0 -9 
345 322  -1 -1  0 -9 
345 345   1  0  0 -9 
346 297  -1 -3  0 -9 
346 313   1 -2  0 -9 
346 314   1  1  0 -9 
346 322  -1  0  0 -9 
346 336  -1  0  0 -9 
346 337   1  1  0 -9 
346 345   1  1  0 -9 
346 346  -1  2  0 -9 
347 347  -1 -6  0 -9 
348 347  -1 -4  0 -9 
348 349   1 -3  0 -9 
349 347  -1 -5  0 -9 
349 348   1 -3  0 -9 
350 347  -1 -5  0 -9 
350 351   1 -3  0 -9 
351 347  -1 -4  0 -9 
351 350   1 -3  0 -9 
352 347  -1 -3  0 -9 
352 348  -1 -1  0 -9 
352 349   1 -2  0 -9 
352 350   1 -2  0 -9 
352 351  -1 -1  0 -9 
352 352   1  0  0 -9 
353 347  -1 -3  0 -9 
353 348  -1 -1  0 -9 
353 349   1 -2  0 -9 
353 350   1 -2  0 -9 
353 351  -1 -1  0 -9 
353 353   1  0  0 -9 
354 347  -1 -2  0 -9 
354 348  -1  0  0 -9 
354 349   1 -1  0 -9 
354 350   1 -1  0 -9 
354 351  -1  0  0 -9 
354 352   1  1  0 -9 
354 353   1  1  0 -9 
354 354  -1  2  0 -9 
355 67  -1 -4  0 -9 
355 126  -1 -4  0 -9 
355 327  -1 -4  0 -9 
355 356   1 -3  0 -9 
356 67  -1 -5  0 -9 
356 126  -1 -5  0 -9 
356 327  -1 -5  0 -9 
356 355   1 -3  0 -9 
357 67  -1 -3  0 -9 
357 70   1 -2  0 -9 
357 71  -1 -1  0 -9 
357 126  -1 -3  0 -9 
357 129   1 -2  0 -9 
357 130  -1 -1  0 -9 
357 327  -1 -3  0 -9 
357 330   1 -2  0 -9 
357 331  -1 -1  0 -9 
357 355  -1 -1  0 -9 
357 356   1 -2  0 -9 
357 357   1  0  0 -9 
358 59   1 -1  0 -9 
358 60  -1  0  0 -9 
358 68  -1  0  0 -9 
358 70   1 -1  0 -9 
358 71  -1  0  0 -9 
358 72   1  1  0 -9 
358 118  -1 -3  0 -9 
358 119   1  1  0 -9 
358 120   1 -2  0 -9 
358 127  -1  0  0 -9 
358 129   1 -1  0 -9 
358 130  -1  0  0 -9 
358 131   1  1  0 -9 
358 234   1 -1  0 -9 
358 235  -1  0  0 -9 
358 241  -1  0  0 -9 
358 243   1  1  0 -9 
358 255  -1 -3  0 -9 
358 256   1  1  0 -9 
358 257   1 -2  0 -9 
358 328  -1  0  0 -9 
358 330   1 -1  0 -9 
358 331  -1  0  0 -9 
358 332   1  1  0 -9 
358 347  -1 -3  0 -9 
358 348   1  1  0 -9 
358 349   1 -2  0 -9 
358 355  -1  0  0 -9 
358 357   1  1  0 -9 
358 358  -1  2  0 -9 
359 360   1 -3  0 -9 
360 359   1 -3  0 -9 
361 118  -1 -3  0 -9 
361 119  -1 -1  0 -9 
361 120   1 -2  0 -9 
361 134   1 -2  0 -9 
361 135  -1 -1  0 -9 
361 335   1 -2  0 -9 
361 336  -1 -1  0 -9 
361 359  -1 -1  0 -9 
361 360   1 -2  0 -9 
361 361   1  0  0 -9 
362 118  -1 -2  0 -9 
362 119  -1  0  0 -9 
362 120   1 -1  0 -9 
362 134   1 -1  0 -9 
362 135  -1  0  0 -9 
362 136   1  1  0 -9 
362 335   1 -1  0 -9 
362 336  -1  0  0 -9 
362 337   1  1  0 -9 
362 359  -1  0  0 -9 
362 361   1  1  0 -9 
362 362  -1  2  0 -9 
363 67  -1 -3  0 -9 
363 70   1 -2  0 -9 
363 71  -1 -1  0 -9 
363 126  -1 -3  0 -9 
363 129   1 -2  0 -9 
363 130  -1 -1  0 -9 
363 327  -1 -3  0 -9 
363 330   1 -2  0 -9 
363 331  -1 -1  0 -9 
363 355  -1 -1  0 -9 
363 356   1 -2  0 -9 
363 359   1 -2  0 -9 
363 360  -1 -1  0 -9 
363 363   1  0  0 -9 
364 67  -1 -2  0 -9 
364 70   1 -1  0 -9 
364 71  -1  0  0 -9 
364 126  -1 -2  0 -9 
364 129   1 -1  0 -9 
364 130  -1  0  0 -9 
364 327  -1 -2  0 -9 
364 330   1 -1  0 -9 
364 331  -1  0  0 -9 
364 355  -1  0  0 -9 
364 356   1 -1  0 -9 
364 357   1  1  0 -9 
364 360  -1  0  0 -9 
364 363   1  1  0 -9 
364 364  -1  2  0 -9 
365 366   1 -3  0 -9 
366 365   1 -3  0 -9 
367 365   1 -2  0 -9 
367 366  -1 -1  0 -9 
367 367   1  0  0 -9 
368 347  -1 -3  0 -9 
368 350   1 -2  0 -9 
368 351   1  1  0 -9 
368 366  -1  0  0 -9 
368 367   1  1  0 -9 
368 368  -1  2  0 -9 
369 370   1 -3  0 -9 
370 369   1 -3  0 -9 
371 126  -1 -3  0 -9 
371 127  -1 -1  0 -9 
371 128   1 -2  0 -9 
371 129   1 -2  0 -9 
371 130  -1 -1  0 -9 
371 365   1 -2  0 -9 
371 366  -1 -1  0 -9 
371 369  -1 -1  0 -9 
371 370   1 -2  0 -9 
371 371   1  0  0 -9 
372 126  -1 -2  0 -9 
372 127  -1  0  0 -9 
372 128   1 -1  0 -9 
372 129   1 -1  0 -9 
372 130  -1  0  0 -9 
372 131   1  1  0 -9 
372 365   1 -1  0 -9 
372 366  -1  0  0 -9 
372 367   1  1  0 -9 
372 369  -1  0  0 -9 
372 371   1  1  0 -9 
372 372  -1  2  0 -9 
373 369   1 -2  0 -9 
373 370  -1 -1  0 -9 
373 373   1  0  0 -9 
374 126  -1 -3  0 -9 
374 129   1 -2  0 -9 
374 130   1  1  0 -9 
374 370  -1  0  0 -9 
374 373   1  1  0 -9 
374 374  -1  2  0 -9 
375 359   1 -2  0 -9 
375 360  -1 -1  0 -9 
375 375   1  0  0 -9 
376 118  -1 -3  0 -9 
376 134   1 -2  0 -9 
376 135   1  1  0 -9 
376 360  -1  0  0 -9 
376 375   1  1  0 -9 
376 376  -1  2  0 -9 
377 67  -1 -3  0 -9 
377 70   1 -2  0 -9 
377 71  -1 -1  0 -9 
377 108  -1 -3  0 -9 
377 126  -1 -3  0 -9 
377 129   1 -2  0 -9 
377 130  -1 -1  0 -9 
377 138  -1 -1  0 -9 
377 139   1 -2  0 -9 
377 142   1 -2  0 -9 
377 143  -1 -1  0 -9 
377 267  -1 -1  0 -9 
377 268   1 -2  0 -9 
377 321  -1 -1  0 -9 
377 322   1 -2  0 -9 
377 339   1 -2  0 -9 
377 340  -1 -1  0 -9 
377 369  -1 -1  0 -9 
377 370   1 -2  0 -9 
377 377   1  0  0 -9 
378 67  -1 -2  0 -9 
378 70   1 -1  0 -9 
378 71  -1  0  0 -9 
378 108  -1 -2  0 -9 
378 126  -1 -2  0 -9 
378 129   1 -1  0 -9 
378 130  -1  0  0 -9 
378 138  -1  0  0 -9 
378 139   1 -1  0 -9 
378 142   1 -1  0 -9 
378 143  -1  0  0 -9 
378 146   1  1  0 -9 
378 267  -1  0  0 -9 
378 321  -1  0  0 -9 
378 339   1 -1  0 -9 
378 340  -1  0  0 -9 
378 343   1  1  0 -9 
378 369  -1  0  0 -9 
378 377   1  1  0 -9 
378 378  -1  2  0 -9 
379 108  -1 -3  0 -9 
379 142   1 -2  0 -9 
379 143   1  1  0 -9 
379 322  -1  0  0 -9 
379 345   1  1  0 -9 
379 379  -1  2  0 -9 
9999 9999
