 0 20   1 -3  0 -9 
 0 216  -1 -4  0 -9 
 1 21   1 -3  0 -9 
 1 217  -1 -4  0 -9 
 2  0  -1 -1  0 -9 
 2  2   1  0  0 -9 
 2 20   1 -2  0 -9 
 2 22  -1 -1  0 -9 
 2 41  -1 -1  0 -9 
 2 75   1 -2  0 -9 
 2 97  -1 -3  0 -9 
 2 156  -1 -3  0 -9 
 2 216  -1 -3  0 -9 
 2 218  -1 -3  0 -9 
 2 240   1 -2  0 -9 
 2 299   1 -4  0 -9 
 3  1  -1 -1  0 -9 
 3  3   1  0  0 -9 
 3 21   1 -2  0 -9 
 3 23  -1 -1  0 -9 
 3 42  -1 -1  0 -9 
 3 76   1 -2  0 -9 
 3 98  -1 -3  0 -9 
 3 157  -1 -3  0 -9 
 3 217  -1 -3  0 -9 
 3 219  -1 -3  0 -9 
 3 241   1 -2  0 -9 
 3 300   1 -4  0 -9 
 4  4   1  0  0 -9 
 4 24  -1 -1  0 -9 
 4 43  -1 -1  0 -9 
 4 73  -1 -3  0 -9 
 4 77   1 -2  0 -9 
 4 99  -1 -3  0 -9 
 4 158  -1 -3  0 -9 
 4 220  -1 -3  0 -9 
 4 242   1 -2  0 -9 
 4 301   1 -4  0 -9 
 5  5   1  0  0 -9 
 5 25  -1 -1  0 -9 
 5 44  -1 -1  0 -9 
 5 78   1 -2  0 -9 
 5 100  -1 -3  0 -9 
 5 159  -1 -3  0 -9 
 5 221  -1 -3  0 -9 
 5 243   1 -2  0 -9 
 5 302   1 -4  0 -9 
 6  6   1  0  0 -9 
 6 26  -1 -1  0 -9 
 6 45  -1 -1  0 -9 
 6 74  -1 -3  0 -9 
 6 79   1 -2  0 -9 
 6 101  -1 -3  0 -9 
 6 160  -1 -3  0 -9 
 6 222  -1 -3  0 -9 
 6 244   1 -2  0 -9 
 6 303   1 -4  0 -9 
 7  7   1  0  0 -9 
 7 27  -1 -1  0 -9 
 7 46  -1 -1  0 -9 
 7 80   1 -2  0 -9 
 7 102  -1 -3  0 -9 
 7 161  -1 -3  0 -9 
 7 223  -1 -3  0 -9 
 7 245   1 -2  0 -9 
 7 304   1 -4  0 -9 
 8  0  -1  0  0 -9 
 8  2   1  1  0 -9 
 8  8  -1  2  0 -9 
 8 20   1 -1  0 -9 
 8 22  -1  0  0 -9 
 8 28   1  1  0 -9 
 8 41  -1  0  0 -9 
 8 51   1  1  0 -9 
 8 85   1 -2  0 -9 
 8 109  -1 -3  0 -9 
 8 216  -1 -2  0 -9 
 8 240   1 -1  0 -9 
 8 252  -1  0  0 -9 
 8 362  -1 -3  0 -9 
 8 410   1 -4  0 -9 
 9  0   1  1  0 -9 
 9  1  -1  0  0 -9 
 9  3   1  1  0 -9 
 9  4   1  1  0 -9 
 9  9  -1  2  0 -9 
 9 20   1 -2  0 -9 
 9 23  -1  0  0 -9 
 9 24  -1  0  0 -9 
 9 29   1  1  0 -9 
 9 42  -1  0  0 -9 
 9 43  -1  0  0 -9 
 9 52   1  1  0 -9 
 9 74  -1 -3  0 -9 
 9 86   1 -2  0 -9 
 9 110  -1 -3  0 -9 
 9 216  -1 -3  0 -9 
 9 241   1 -1  0 -9 
 9 242   1 -1  0 -9 
 9 253  -1  0  0 -9 
 9 363  -1 -3  0 -9 
 9 411   1 -4  0 -9 
10  5   1  1  0 -9 
10  6   1  1  0 -9 
10 10  -1  2  0 -9 
10 25  -1  0  0 -9 
10 26  -1  0  0 -9 
10 30   1  1  0 -9 
10 44  -1  0  0 -9 
10 45  -1  0  0 -9 
10 53   1  1  0 -9 
10 87   1 -2  0 -9 
10 111  -1 -3  0 -9 
10 243   1 -1  0 -9 
10 244   1 -1  0 -9 
10 254  -1  0  0 -9 
10 364  -1 -3  0 -9 
10 412   1 -4  0 -9 
11  7   1  1  0 -9 
11 11  -1  2  0 -9 
11 27  -1  0  0 -9 
11 31   1  1  0 -9 
11 46  -1  0  0 -9 
11 54   1  1  0 -9 
11 88   1 -2  0 -9 
11 112  -1 -3  0 -9 
11 245   1 -1  0 -9 
11 255  -1  0  0 -9 
11 365  -1 -3  0 -9 
11 413   1 -4  0 -9 
12  4   1  1  0 -9 
12 12  -1  2  0 -9 
12 24  -1  0  0 -9 
12 43  -1  0  0 -9 
12 51  -1  0  0 -9 
12 55   1  1  0 -9 
12 63  -1  0  0 -9 
12 73  -1 -2  0 -9 
12 75  -1  0  0 -9 
12 77   1 -1  0 -9 
12 81  -1  0  0 -9 
12 85   1 -1  0 -9 
12 89  -1  0  0 -9 
12 97   1 -1  0 -9 
12 99  -1  0 -1 -2  0 -9 
12 109  -1  0 -1 -2  0 -9 
12 122   1  1  0 -9 
12 156   1 -1  0 -9 
12 158  -1 -2  0 -9 
12 162   1 -1  0 -9 
12 172   1 -1  0 -9 
12 182  -1  0 -1 -2  0 -9 
12 218   1 -1  0 -9 
12 220  -1 -2  0 -9 
12 224   1 -1  0 -9 
12 242   1 -1  0 -9 
12 265  -1  0  0 -9 
12 299  -1 -2  0 -9 
12 301   1 -3  0 -9 
12 305  -1 -2  0 -9 
12 315   1 -1  0 -9 
12 362  -1 -2  0 -9 
12 366  -1 -2  0 -9 
12 374   1 -1  0 -9 
12 410   1 -3  0 -9 
12 414  -1 -2  0 -9 
12 452   1 -3  0 -9 
13  5   1  1  0 -9 
13 13  -1  2  0 -9 
13 25  -1  0  0 -9 
13 44  -1  0  0 -9 
13 56   1  1  0 -9 
13 64  -1  0  0 -9 
13 78   1 -1  0 -9 
13 82  -1  0  0 -9 
13 90  -1  0  0 -9 
13 100  -1  0 -1 -2  0 -9 
13 123   1  1  0 -9 
13 156  -1 -2  0 -9 
13 159  -1 -2  0 -9 
13 163   1 -1  0 -9 
13 173   1 -1  0 -9 
13 183  -1  0 -1 -2  0 -9 
13 221  -1 -2  0 -9 
13 225   1 -1  0 -9 
13 243   1 -1  0 -9 
13 266  -1  0  0 -9 
13 302   1 -3  0 -9 
13 306  -1 -2  0 -9 
13 316   1 -1  0 -9 
13 367  -1 -2  0 -9 
13 375   1 -1  0 -9 
13 415  -1 -2  0 -9 
13 453   1 -3  0 -9 
14 14  -1  2  0 -9 
14 47  -1  0  0 -9 
14 52  -1  0  0 -9 
14 57   1  1  0 -9 
14 65  -1  0  0 -9 
14 74  -1 -2  0 -9 
14 76  -1  0  0 -9 
14 86   1 -1  0 -9 
14 91  -1  0  0 -9 
14 98   1 -1  0 -9 
14 110  -1  0 -1 -2  0 -9 
14 124   1  1  0 -9 
14 157   1 -1  0 -9 
14 164   1 -1  0 -9 
14 184  -1  0 -1 -2  0 -9 
14 219   1 -1  0 -9 
14 267  -1  0  0 -9 
14 300  -1 -2  0 -9 
14 317   1 -1  0 -9 
14 363  -1 -2  0 -9 
14 368  -1 -2  0 -9 
14 376   1 -1  0 -9 
14 411   1 -3  0 -9 
14 416  -1 -2  0 -9 
14 454   1 -3  0 -9 
15 15  -1  2  0 -9 
15 42  -1  0  0 -9 
15 48  -1  0  0 -9 
15 49  -1  0  0 -9 
15 51  -1  0  0 -9 
15 53  -1  0  0 -9 
15 58   1  1  0 -9 
15 66  -1  0  0 -9 
15 85   1 -1  0 -9 
15 87   1 -1  0 -9 
15 92  -1  0  0 -9 
15 109  -1  0 -1 -2  0 -9 
15 111  -1  0 -1 -2  0 -9 
15 125   1  1  0 -9 
15 157  -1 -2  0 -9 
15 165   1 -1  0 -9 
15 185  -1  0 -1 -2  0 -9 
15 268  -1  0  0 -9 
15 318   1 -1  0 -9 
15 362  -1 -2  0 -9 
15 364  -1 -2  0 -9 
15 369  -1 -2  0 -9 
15 377   1 -1  0 -9 
15 410   1 -3  0 -9 
15 412   1 -3  0 -9 
15 417  -1 -2  0 -9 
15 455   1 -3  0 -9 
16 16  -1  2  0 -9 
16 50  -1  0  0 -9 
16 54  -1  0  0 -9 
16 59   1  1  0 -9 
16 67  -1  0  0 -9 
16 88   1 -1  0 -9 
16 93  -1  0  0 -9 
16 112  -1  0 -1 -2  0 -9 
16 126   1  1  0 -9 
16 166   1 -1  0 -9 
16 186  -1  0 -1 -2  0 -9 
16 269  -1  0  0 -9 
16 319   1 -1  0 -9 
16 365  -1 -2  0 -9 
16 370  -1 -2  0 -9 
16 378   1 -1  0 -9 
16 413   1 -3  0 -9 
16 418  -1 -2  0 -9 
16 456   1 -3  0 -9 
17 17  -1  2  0 -9 
17 60   1  1  0 -9 
17 68  -1  0  0 -9 
17 83  -1  0  0 -9 
17 94  -1  0  0 -9 
17 127   1  1  0 -9 
17 160  -1 -2  0 -9 
17 167   1 -1  0 -9 
17 174   1 -1  0 -9 
17 187  -1  0 -1 -2  0 -9 
17 226   1 -1  0 -9 
17 270  -1  0  0 -9 
17 307  -1 -2  0 -9 
17 320   1 -1  0 -9 
17 371  -1 -2  0 -9 
17 379   1 -1  0 -9 
17 419  -1 -2  0 -9 
17 457   1 -3  0 -9 
18 18  -1  2  0 -9 
18 61   1  1  0 -9 
18 69  -1  0  0 -9 
18 81  -1  0  0 -9 
18 84  -1  0  0 -9 
18 95  -1  0  0 -9 
18 128   1  1  0 -9 
18 157  -1 -2  0 -9 
18 158  -1 -2  0 -9 
18 161  -1 -2  0 -9 
18 168   1 -1  0 -9 
18 172   1 -1  0 -9 
18 175   1 -1  0 -9 
18 188  -1  0 -1 -2  0 -9 
18 224   1 -1  0 -9 
18 227   1 -1  0 -9 
18 271  -1  0  0 -9 
18 305  -1 -2  0 -9 
18 308  -1 -2  0 -9 
18 321   1 -1  0 -9 
18 372  -1 -2  0 -9 
18 380   1 -1  0 -9 
18 420  -1 -2  0 -9 
18 458   1 -3  0 -9 
19 19  -1  2  0 -9 
19 49  -1  0  0 -9 
19 62   1  1  0 -9 
19 70  -1  0  0 -9 
19 96  -1  0  0 -9 
19 129   1  1  0 -9 
19 169   1 -1  0 -9 
19 189  -1  0 -1 -2  0 -9 
19 272  -1  0  0 -9 
19 322   1 -1  0 -9 
19 373  -1 -2  0 -9 
19 381   1 -1  0 -9 
19 421  -1 -2  0 -9 
19 459   1 -3  0 -9 
20  0   1 -3  0 -9 
20 73   1 -6  0 -9 
20 216  -1 -5  0 -9 
21  1   1 -3  0 -9 
21 74   1 -6  0 -9 
21 217  -1 -5  0 -9 
22 73   1 -5  0 -9 
22 97  -1 -4  0 -9 
22 216  -1 -4  0 -9 
22 218  -1 -4  0 -9 
22 240   1 -3  0 -9 
22 299   1 -5  0 -9 
23 74   1 -5  0 -9 
23 98  -1 -4  0 -9 
23 217  -1 -4  0 -9 
23 219  -1 -4  0 -9 
23 241   1 -3  0 -9 
23 300   1 -5  0 -9 
24 99  -1 -4  0 -9 
24 220  -1 -4  0 -9 
24 242   1 -3  0 -9 
24 301   1 -5  0 -9 
25 100  -1 -4  0 -9 
25 221  -1 -4  0 -9 
25 243   1 -3  0 -9 
25 302   1 -5  0 -9 
26 101  -1 -4  0 -9 
26 222  -1 -4  0 -9 
26 244   1 -3  0 -9 
26 303   1 -5  0 -9 
27 102  -1 -4  0 -9 
27 223  -1 -4  0 -9 
27 245   1 -3  0 -9 
27 304   1 -5  0 -9 
28  0  -1 -1  0 -9 
28 20   1 -2  0 -9 
28 22  -1 -1  0 -9 
28 28   1  0  0 -9 
28 109  -1 -4  0 -9 
28 216  -1 -3  0 -9 
28 218  -1 -3  0 -9 
28 228   1 -2  0 -9 
28 240   1 -2  0 -9 
28 252  -1 -1  0 -9 
28 410   1 -5  0 -9 
29 23  -1 -1  0 -9 
29 24  -1 -1  0 -9 
29 29   1  0  0 -9 
29 110  -1 -4  0 -9 
29 217  -1 -3  0 -9 
29 219  -1 -3  0 -9 
29 220  -1 -3  0 -9 
29 229   1 -2  0 -9 
29 241   1 -2  0 -9 
29 242   1 -2  0 -9 
29 253  -1 -1  0 -9 
29 411   1 -5  0 -9 
30 25  -1 -1  0 -9 
30 26  -1 -1  0 -9 
30 30   1  0  0 -9 
30 111  -1 -4  0 -9 
30 221  -1 -3  0 -9 
30 222  -1 -3  0 -9 
30 230   1 -2  0 -9 
30 243   1 -2  0 -9 
30 244   1 -2  0 -9 
30 254  -1 -1  0 -9 
30 412   1 -5  0 -9 
31 27  -1 -1  0 -9 
31 31   1  0  0 -9 
31 112  -1 -4  0 -9 
31 223  -1 -3  0 -9 
31 231   1 -2  0 -9 
31 245   1 -2  0 -9 
31 255  -1 -1  0 -9 
31 413   1 -5  0 -9 
32 24   1  1  0 -9 
32 32  -1  2  0 -9 
32 99  -1 -3  0 -9 
32 103  -1  0  0 -9 
32 113  -1  0  0 -9 
32 130   1  1  0 -9 
32 156  -1 -2  0 -9 
32 176   1 -1  0 -9 
32 190  -1  0 -1 -2  0 -9 
32 220  -1 -3  0 -9 
32 232  -1  0  0 -9 
32 242   1 -2  0 -9 
32 256   1  1  0 -9 
32 273  -1  0  0 -9 
32 301   1 -4  0 -9 
32 309  -1 -2  0 -9 
32 323   1 -1  0 -9 
32 382   1 -1  0 -9 
32 422  -1 -2  0 -9 
32 460   1 -3  0 -9 
33 25   1  1  0 -9 
33 33  -1  2  0 -9 
33 100  -1 -3  0 -9 
33 104  -1  0  0 -9 
33 114  -1  0  0 -9 
33 131   1  1  0 -9 
33 177   1 -1  0 -9 
33 191  -1  0 -1 -2  0 -9 
33 221  -1 -3  0 -9 
33 233  -1  0  0 -9 
33 243   1 -2  0 -9 
33 257   1  1  0 -9 
33 274  -1  0  0 -9 
33 302   1 -4  0 -9 
33 310  -1 -2  0 -9 
33 324   1 -1  0 -9 
33 383   1 -1  0 -9 
33 423  -1 -2  0 -9 
33 461   1 -3  0 -9 
34 23  -1  0  0 -9 
34 24  -1  0  0 -9 
34 29   1  1  0 -9 
34 34  -1  2  0 -9 
34 42  -1  0  0 -9 
34 51  -1  0  0 -9 
34 85   1 -1  0 -9 
34 110  -1 -3  0 -9 
34 115  -1  0  0 -9 
34 132   1  1  0 -9 
34 157  -1 -2  0 -9 
34 192  -1  0 -1 -2  0 -9 
34 217  -1 -2  0 -9 
34 218   1 -1  0 -9 
34 219  -1  0 -1 -2  0 -9 
34 220  -1 -2  0 -9 
34 224   1 -1  0 -9 
34 228  -1  0  0 -9 
34 229   1 -1  0 -9 
34 234  -1  0  0 -9 
34 241   1 -1  0 -9 
34 242   1 -1  0 -9 
34 246  -1  0  0 -9 
34 253  -1  0  0 -9 
34 258   1  1  0 -9 
34 275  -1  0  0 -9 
34 325   1 -1  0 -9 
34 362  -1 -2  0 -9 
34 384   1 -1  0 -9 
34 411   1 -4  0 -9 
34 424  -1 -2  0 -9 
34 462   1 -3  0 -9 
35 25  -1  0  0 -9 
35 26  -1  0  0 -9 
35 30   1  1  0 -9 
35 35  -1  2  0 -9 
35 111  -1 -3  0 -9 
35 116  -1  0  0 -9 
35 133   1  1  0 -9 
35 193  -1  0 -1 -2  0 -9 
35 219   1 -1  0 -9 
35 221  -1 -2  0 -9 
35 222  -1 -2  0 -9 
35 225   1 -1  0 -9 
35 226   1 -1  0 -9 
35 230   1 -1  0 -9 
35 235  -1  0  0 -9 
35 243   1 -1  0 -9 
35 244   1 -1  0 -9 
35 247  -1  0  0 -9 
35 248  -1  0  0 -9 
35 254  -1  0  0 -9 
35 259   1  1  0 -9 
35 276  -1  0  0 -9 
35 326   1 -1  0 -9 
35 385   1 -1  0 -9 
35 412   1 -4  0 -9 
35 425  -1 -2  0 -9 
35 463   1 -3  0 -9 
36 27  -1  0  0 -9 
36 31   1  1  0 -9 
36 36  -1  2  0 -9 
36 112  -1 -3  0 -9 
36 117  -1  0  0 -9 
36 134   1  1  0 -9 
36 194  -1  0 -1 -2  0 -9 
36 223  -1 -2  0 -9 
36 227   1 -1  0 -9 
36 231   1 -1  0 -9 
36 236  -1  0  0 -9 
36 245   1 -1  0 -9 
36 249  -1  0  0 -9 
36 255  -1  0  0 -9 
36 260   1  1  0 -9 
36 277  -1  0  0 -9 
36 327   1 -1  0 -9 
36 386   1 -1  0 -9 
36 413   1 -4  0 -9 
36 426  -1 -2  0 -9 
36 464   1 -3  0 -9 
37 37  -1  2  0 -9 
37 101   1 -1  0 -9 
37 105  -1  0  0 -9 
37 111  -1  0 -1 -2  0 -9 
37 118  -1  0  0 -9 
37 135   1  1  0 -9 
37 157  -1 -2  0 -9 
37 178   1 -1  0 -9 
37 195  -1  0 -1 -2  0 -9 
37 224   1 -1  0 -9 
37 234  -1  0  0 -9 
37 237  -1  0  0 -9 
37 250  -1  0  0 -9 
37 261   1  1  0 -9 
37 278  -1  0  0 -9 
37 303  -1 -2  0 -9 
37 311  -1 -2  0 -9 
37 328   1 -1  0 -9 
37 387   1 -1  0 -9 
37 412   1 -3  0 -9 
37 427  -1 -2  0 -9 
37 465   1 -3  0 -9 
38 25  -1  0  0 -9 
38 38  -1  2  0 -9 
38 100  -1  0 -1 -2  0 -9 
38 102   1 -1  0 -9 
38 106  -1  0  0 -9 
38 107  -1  0  0 -9 
38 112  -1  0 -1 -2  0 -9 
38 119  -1  0  0 -9 
38 136   1  1  0 -9 
38 179   1 -1  0 -9 
38 180   1 -1  0 -9 
38 196  -1  0 -1 -2  0 -9 
38 221  -1 -2  0 -9 
38 238  -1  0  0 -9 
38 243   1 -1  0 -9 
38 262   1  1  0 -9 
38 279  -1  0  0 -9 
38 302   1 -3  0 -9 
38 304  -1 -2  0 -9 
38 312  -1 -2  0 -9 
38 313  -1 -2  0 -9 
38 329   1 -1  0 -9 
38 388   1 -1  0 -9 
38 413   1 -3  0 -9 
38 428  -1 -2  0 -9 
38 466   1 -3  0 -9 
39 39  -1  2  0 -9 
39 108  -1  0  0 -9 
39 120  -1  0  0 -9 
39 137   1  1  0 -9 
39 181   1 -1  0 -9 
39 197  -1  0 -1 -2  0 -9 
39 237  -1  0  0 -9 
39 263   1  1  0 -9 
39 280  -1  0  0 -9 
39 314  -1 -2  0 -9 
39 330   1 -1  0 -9 
39 389   1 -1  0 -9 
39 429  -1 -2  0 -9 
39 467   1 -3  0 -9 
40 40  -1  2  0 -9 
40 112  -1  0 -1 -2  0 -9 
40 121  -1  0  0 -9 
40 138   1  1  0 -9 
40 198  -1  0 -1 -2  0 -9 
40 226   1 -1  0 -9 
40 239  -1  0  0 -9 
40 251  -1  0  0 -9 
40 264   1  1  0 -9 
40 281  -1  0  0 -9 
40 331   1 -1  0 -9 
40 390   1 -1  0 -9 
40 413   1 -3  0 -9 
40 430  -1 -2  0 -9 
40 468   1 -3  0 -9 
41 75   1 -3  0 -9 
41 97  -1 -4  0 -9 
41 156  -1 -4  0 -9 
41 218  -1 -4  0 -9 
41 299   1 -5  0 -9 
42 76   1 -3  0 -9 
42 98  -1 -4  0 -9 
42 157  -1 -4  0 -9 
42 219  -1 -4  0 -9 
42 300   1 -5  0 -9 
43 73  -1 -4  0 -9 
43 77   1 -3  0 -9 
43 99  -1 -4  0 -9 
43 158  -1 -4  0 -9 
43 220  -1 -4  0 -9 
43 301   1 -5  0 -9 
44 78   1 -3  0 -9 
44 100  -1 -4  0 -9 
44 159  -1 -4  0 -9 
44 221  -1 -4  0 -9 
44 302   1 -5  0 -9 
45 74  -1 -4  0 -9 
45 79   1 -3  0 -9 
45 101  -1 -4  0 -9 
45 160  -1 -4  0 -9 
45 222  -1 -4  0 -9 
45 303   1 -5  0 -9 
46 80   1 -3  0 -9 
46 102  -1 -4  0 -9 
46 161  -1 -4  0 -9 
46 223  -1 -4  0 -9 
46 304   1 -5  0 -9 
47 81   1 -3  0 -9 
47 172  -1 -4  0 -9 
47 224  -1 -4  0 -9 
47 305   1 -5  0 -9 
48 82   1 -3  0 -9 
48 173  -1 -4  0 -9 
48 225  -1 -4  0 -9 
48 306   1 -5  0 -9 
49 83   1 -3  0 -9 
49 174  -1 -4  0 -9 
49 226  -1 -4  0 -9 
49 307   1 -5  0 -9 
50 84   1 -3  0 -9 
50 175  -1 -4  0 -9 
50 227  -1 -4  0 -9 
50 308   1 -5  0 -9 
51 85   1 -3  0 -9 
51 109  -1 -4  0 -9 
51 362  -1 -4  0 -9 
51 410   1 -5  0 -9 
52 74  -1 -4  0 -9 
52 86   1 -3  0 -9 
52 110  -1 -4  0 -9 
52 363  -1 -4  0 -9 
52 411   1 -5  0 -9 
53 87   1 -3  0 -9 
53 111  -1 -4  0 -9 
53 364  -1 -4  0 -9 
53 412   1 -5  0 -9 
54 88   1 -3  0 -9 
54 112  -1 -4  0 -9 
54 365  -1 -4  0 -9 
54 413   1 -5  0 -9 
55 51  -1 -1  0 -9 
55 55   1  0  0 -9 
55 63  -1 -1  0 -9 
55 85   1 -2  0 -9 
55 89  -1 -1  0 -9 
55 109  -1 -3  0 -9 
55 162   1 -2  0 -9 
55 182  -1 -3  0 -9 
55 362  -1 -3  0 -9 
55 366  -1 -3  0 -9 
55 374   1 -2  0 -9 
55 410   1 -4  0 -9 
55 414  -1 -3  0 -9 
55 452   1 -4  0 -9 
56 56   1  0  0 -9 
56 64  -1 -1  0 -9 
56 90  -1 -1  0 -9 
56 156  -1 -3  0 -9 
56 163   1 -2  0 -9 
56 183  -1 -3  0 -9 
56 367  -1 -3  0 -9 
56 375   1 -2  0 -9 
56 415  -1 -3  0 -9 
56 453   1 -4  0 -9 
57 47  -1 -1  0 -9 
57 52  -1 -1  0 -9 
57 57   1  0  0 -9 
57 65  -1 -1  0 -9 
57 74  -1 -3  0 -9 
57 81   1 -2  0 -9 
57 86   1 -2  0 -9 
57 91  -1 -1  0 -9 
57 110  -1 -3  0 -9 
57 164   1 -2  0 -9 
57 172  -1 -3  0 -9 
57 184  -1 -3  0 -9 
57 224  -1 -3  0 -9 
57 305   1 -4  0 -9 
57 363  -1 -3  0 -9 
57 368  -1 -3  0 -9 
57 376   1 -2  0 -9 
57 411   1 -4  0 -9 
57 416  -1 -3  0 -9 
57 454   1 -4  0 -9 
58 42  -1 -1  0 -9 
58 48  -1 -1  0 -9 
58 49  -1 -1  0 -9 
58 51  -1 -1  0 -9 
58 53  -1 -1  0 -9 
58 58   1  0  0 -9 
58 66  -1 -1  0 -9 
58 76   1 -2  0 -9 
58 82   1 -2  0 -9 
58 83   1 -2  0 -9 
58 85   1 -2  0 -9 
58 87   1 -2  0 -9 
58 92  -1 -1  0 -9 
58 98  -1 -3  0 -9 
58 109  -1 -3  0 -9 
58 111  -1 -3  0 -9 
58 157  -2 -3  0 -9 
58 165   1 -2  0 -9 
58 173  -1 -3  0 -9 
58 174  -1 -3  0 -9 
58 185  -1 -3  0 -9 
58 219  -1 -3  0 -9 
58 225  -1 -3  0 -9 
58 226  -1 -3  0 -9 
58 300   1 -4  0 -9 
58 306   1 -4  0 -9 
58 307   1 -4  0 -9 
58 362  -1 -3  0 -9 
58 364  -1 -3  0 -9 
58 369  -1 -3  0 -9 
58 377   1 -2  0 -9 
58 410   1 -4  0 -9 
58 412   1 -4  0 -9 
58 417  -1 -3  0 -9 
58 455   1 -4  0 -9 
59 50  -1 -1  0 -9 
59 54  -1 -1  0 -9 
59 59   1  0  0 -9 
59 67  -1 -1  0 -9 
59 84   1 -2  0 -9 
59 88   1 -2  0 -9 
59 93  -1 -1  0 -9 
59 112  -1 -3  0 -9 
59 166   1 -2  0 -9 
59 175  -1 -3  0 -9 
59 186  -1 -3  0 -9 
59 227  -1 -3  0 -9 
59 308   1 -4  0 -9 
59 365  -1 -3  0 -9 
59 370  -1 -3  0 -9 
59 378   1 -2  0 -9 
59 413   1 -4  0 -9 
59 418  -1 -3  0 -9 
59 456   1 -4  0 -9 
60 60   1  0  0 -9 
60 68  -1 -1  0 -9 
60 94  -1 -1  0 -9 
60 160  -1 -3  0 -9 
60 167   1 -2  0 -9 
60 187  -1 -3  0 -9 
60 371  -1 -3  0 -9 
60 379   1 -2  0 -9 
60 419  -1 -3  0 -9 
60 457   1 -4  0 -9 
61 61   1  0  0 -9 
61 69  -1 -1  0 -9 
61 95  -1 -1  0 -9 
61 157  -1 -3  0 -9 
61 158  -1 -3  0 -9 
61 161  -1 -3  0 -9 
61 168   1 -2  0 -9 
61 188  -1 -3  0 -9 
61 372  -1 -3  0 -9 
61 380   1 -2  0 -9 
61 420  -1 -3  0 -9 
61 458   1 -4  0 -9 
62 49  -1 -1  0 -9 
62 62   1  0  0 -9 
62 70  -1 -1  0 -9 
62 83   1 -2  0 -9 
62 96  -1 -1  0 -9 
62 169   1 -2  0 -9 
62 174  -1 -3  0 -9 
62 189  -1 -3  0 -9 
62 226  -1 -3  0 -9 
62 307   1 -4  0 -9 
62 373  -1 -3  0 -9 
62 381   1 -2  0 -9 
62 421  -1 -3  0 -9 
62 459   1 -4  0 -9 
63 162   1 -3  0 -9 
63 182  -1 -4  0 -9 
63 366  -1 -4  0 -9 
63 452   1 -5  0 -9 
64 156  -1 -4  0 -9 
64 163   1 -3  0 -9 
64 183  -1 -4  0 -9 
64 367  -1 -4  0 -9 
64 453   1 -5  0 -9 
65 164   1 -3  0 -9 
65 184  -1 -4  0 -9 
65 368  -1 -4  0 -9 
65 454   1 -5  0 -9 
66 157  -1 -4  0 -9 
66 165   1 -3  0 -9 
66 185  -1 -4  0 -9 
66 369  -1 -4  0 -9 
66 455   1 -5  0 -9 
67 166   1 -3  0 -9 
67 186  -1 -4  0 -9 
67 370  -1 -4  0 -9 
67 456   1 -5  0 -9 
68 160  -1 -4  0 -9 
68 167   1 -3  0 -9 
68 187  -1 -4  0 -9 
68 371  -1 -4  0 -9 
68 457   1 -5  0 -9 
69 157  -1 -4  0 -9 
69 158  -1 -4  0 -9 
69 161  -1 -4  0 -9 
69 168   1 -3  0 -9 
69 188  -1 -4  0 -9 
69 372  -1 -4  0 -9 
69 458   1 -5  0 -9 
70 169   1 -3  0 -9 
70 189  -1 -4  0 -9 
70 373  -1 -4  0 -9 
70 459   1 -5  0 -9 
71 66  -1 -1  0 -9 
71 71   1  0  0 -9 
71 157  -1 -3  0 -9 
71 165   1 -2  0 -9 
71 170  -1 -1  0 -9 
71 185  -1 -3  0 -9 
71 369  -1 -3  0 -9 
71 400   1 -2  0 -9 
71 455   1 -4  0 -9 
71 469  -1 -3  0 -9 
72 65  -1 -1  0 -9 
72 67  -1 -1  0 -9 
72 72   1  0  0 -9 
72 164   1 -2  0 -9 
72 166   1 -2  0 -9 
72 171  -1 -1  0 -9 
72 184  -1 -3  0 -9 
72 186  -1 -3  0 -9 
72 368  -1 -3  0 -9 
72 370  -1 -3  0 -9 
72 401   1 -2  0 -9 
72 454   1 -4  0 -9 
72 456   1 -4  0 -9 
72 470  -1 -3  0 -9 
73 73   1 -8  0 -9 
74 74   1 -8  0 -9 
75 41   1 -3  0 -9 
75 73   1 -6  0 -9 
75 97  -1 -5  0 -9 
75 156   1 -7  0 -9 
75 218  -1 -5  0 -9 
75 299   1 -6  0 -9 
76 42   1 -3  0 -9 
76 74   1 -6  0 -9 
76 98  -1 -5  0 -9 
76 157   1 -7  0 -9 
76 219  -1 -5  0 -9 
76 300   1 -6  0 -9 
77 43   1 -3  0 -9 
77 73   1 -7  0 -9 
77 99  -1 -5  0 -9 
77 158   1 -7  0 -9 
77 220  -1 -5  0 -9 
77 301   1 -6  0 -9 
78 44   1 -3  0 -9 
78 100  -1 -5  0 -9 
78 159   1 -7  0 -9 
78 221  -1 -5  0 -9 
78 302   1 -6  0 -9 
79 45   1 -3  0 -9 
79 74   1 -7  0 -9 
79 101  -1 -5  0 -9 
79 160   1 -7  0 -9 
79 222  -1 -5  0 -9 
79 303   1 -6  0 -9 
80 46   1 -3  0 -9 
80 102  -1 -5  0 -9 
80 161   1 -7  0 -9 
80 223  -1 -5  0 -9 
80 304   1 -6  0 -9 
81 47   1 -3  0 -9 
81 158   1 -6  0 -9 
81 172  -1 -5  0 -9 
81 224  -1 -5  0 -9 
81 305   1 -6  0 -9 
82 48   1 -3  0 -9 
82 156   1 -6  0 -9 
82 159   1 -6  0 -9 
82 173  -1 -5  0 -9 
82 225  -1 -5  0 -9 
82 306   1 -6  0 -9 
83 49   1 -3  0 -9 
83 160   1 -6  0 -9 
83 174  -1 -5  0 -9 
83 226  -1 -5  0 -9 
83 307   1 -6  0 -9 
84 50   1 -3  0 -9 
84 157   1 -6  0 -9 
84 161   1 -6  0 -9 
84 175  -1 -5  0 -9 
84 227  -1 -5  0 -9 
84 308   1 -6  0 -9 
85 51   1 -3  0 -9 
85 109  -1 -5  0 -9 
85 156   1 -6  0 -9 
85 362  -1 -5  0 -9 
85 410   1 -6  0 -9 
86 52   1 -3  0 -9 
86 74   1 -7  0 -9 
86 110  -1 -5  0 -9 
86 157   1 -6  0 -9 
86 158   1 -6  0 -9 
86 363  -1 -5  0 -9 
86 411   1 -6  0 -9 
87 53   1 -3  0 -9 
87 74   1 -6  0 -9 
87 111  -1 -5  0 -9 
87 159   1 -6  0 -9 
87 160   1 -6  0 -9 
87 364  -1 -5  0 -9 
87 412   1 -6  0 -9 
88 54   1 -3  0 -9 
88 112  -1 -5  0 -9 
88 161   1 -6  0 -9 
88 365  -1 -5  0 -9 
88 413   1 -6  0 -9 
89 109  -1 -4  0 -9 
89 156   1 -5  0 -9 
89 182  -1 -4  0 -9 
89 362  -1 -4  0 -9 
89 366  -1 -4  0 -9 
89 374   1 -3  0 -9 
89 410   1 -5  0 -9 
89 414  -1 -4  0 -9 
89 452   1 -5  0 -9 
90 183  -1 -4  0 -9 
90 367  -1 -4  0 -9 
90 375   1 -3  0 -9 
90 415  -1 -4  0 -9 
90 453   1 -5  0 -9 
91 110  -1 -4  0 -9 
91 157   1 -5  0 -9 
91 158   1 -5  0 -9 
91 172  -1 -4  0 -9 
91 184  -1 -4  0 -9 
91 224  -1 -4  0 -9 
91 305   1 -5  0 -9 
91 363  -1 -4  0 -9 
91 368  -1 -4  0 -9 
91 376   1 -3  0 -9 
91 411   1 -5  0 -9 
91 416  -1 -4  0 -9 
91 454   1 -5  0 -9 
92 74   1 -5  0 -9 
92 98  -1 -4  0 -9 
92 109  -1 -4  0 -9 
92 111  -1 -4  0 -9 
92 156   1 -5  0 -9 
92 157  -1 -4  1 -6  0 -9 
92 159   1 -5  0 -9 
92 160   1 -5  0 -9 
92 173  -1 -4  0 -9 
92 174  -1 -4  0 -9 
92 185  -1 -4  0 -9 
92 219  -1 -4  0 -9 
92 225  -1 -4  0 -9 
92 226  -1 -4  0 -9 
92 300   1 -5  0 -9 
92 306   1 -5  0 -9 
92 307   1 -5  0 -9 
92 362  -1 -4  0 -9 
92 364  -1 -4  0 -9 
92 369  -1 -4  0 -9 
92 377   1 -3  0 -9 
92 410   1 -5  0 -9 
92 412   1 -5  0 -9 
92 417  -1 -4  0 -9 
92 455   1 -5  0 -9 
93 112  -1 -4  0 -9 
93 157   1 -5  0 -9 
93 161   1 -5  0 -9 
93 175  -1 -4  0 -9 
93 186  -1 -4  0 -9 
93 227  -1 -4  0 -9 
93 308   1 -5  0 -9 
93 365  -1 -4  0 -9 
93 370  -1 -4  0 -9 
93 378   1 -3  0 -9 
93 413   1 -5  0 -9 
93 418  -1 -4  0 -9 
93 456   1 -5  0 -9 
94 187  -1 -4  0 -9 
94 371  -1 -4  0 -9 
94 379   1 -3  0 -9 
94 419  -1 -4  0 -9 
94 457   1 -5  0 -9 
95 188  -1 -4  0 -9 
95 372  -1 -4  0 -9 
95 380   1 -3  0 -9 
95 420  -1 -4  0 -9 
95 458   1 -5  0 -9 
96 160   1 -5  0 -9 
96 174  -1 -4  0 -9 
96 189  -1 -4  0 -9 
96 226  -1 -4  0 -9 
96 307   1 -5  0 -9 
96 373  -1 -4  0 -9 
96 381   1 -3  0 -9 
96 421  -1 -4  0 -9 
96 459   1 -5  0 -9 
97 73   1 -7  0 -9 
97 97  -1 -6  0 -9 
97 299   1 -7  0 -9 
98 74   1 -7  0 -9 
98 98  -1 -6  0 -9 
98 300   1 -7  0 -9 
99 99  -1 -6  0 -9 
99 301   1 -7  0 -9 
100 100  -1 -6  0 -9 
100 302   1 -7  0 -9 
101 101  -1 -6  0 -9 
101 303   1 -7  0 -9 
102 102  -1 -6  0 -9 
102 304   1 -7  0 -9 
103 99  -1 -5  0 -9 
103 156   1 -6  0 -9 
103 176  -1 -5  0 -9 
103 218  -1 -4  0 -9 
103 224  -1 -4  0 -9 
103 246   1 -3  0 -9 
103 301   1 -6  0 -9 
103 309   1 -6  0 -9 
104 100  -1 -5  0 -9 
104 177  -1 -5  0 -9 
104 225  -1 -4  0 -9 
104 247   1 -3  0 -9 
104 302   1 -6  0 -9 
104 310   1 -6  0 -9 
105 101  -1 -5  0 -9 
105 157   1 -6  0 -9 
105 178  -1 -5  0 -9 
105 219  -1 -4  0 -9 
105 226  -1 -4  0 -9 
105 248   1 -3  0 -9 
105 303   1 -6  0 -9 
105 311   1 -6  0 -9 
106 102  -1 -5  0 -9 
106 179  -1 -5  0 -9 
106 227  -1 -4  0 -9 
106 249   1 -3  0 -9 
106 304   1 -6  0 -9 
106 312   1 -6  0 -9 
107 180  -1 -5  0 -9 
107 224  -1 -4  0 -9 
107 250   1 -3  0 -9 
107 313   1 -6  0 -9 
108 181  -1 -5  0 -9 
108 226  -1 -4  0 -9 
108 251   1 -3  0 -9 
108 314   1 -6  0 -9 
109 109  -1 -6  0 -9 
109 410   1 -7  0 -9 
110 110  -1 -6  0 -9 
110 411   1 -7  0 -9 
111 111  -1 -6  0 -9 
111 412   1 -7  0 -9 
112 112  -1 -6  0 -9 
112 413   1 -7  0 -9 
113 190  -1 -4  0 -9 
113 382   1 -3  0 -9 
113 422  -1 -4  0 -9 
113 460   1 -5  0 -9 
114 191  -1 -4  0 -9 
114 383   1 -3  0 -9 
114 423  -1 -4  0 -9 
114 461   1 -5  0 -9 
115 110  -1 -5  0 -9 
115 156   1 -5  0 -9 
115 157  -1 -4  1 -6  0 -9 
115 176  -1 -4  0 -9 
115 192  -1 -4  0 -9 
115 219  -1 -4  0 -9 
115 309   1 -5  0 -9 
115 362  -1 -4  0 -9 
115 384   1 -3  0 -9 
115 411   1 -6  0 -9 
115 424  -1 -4  0 -9 
115 462   1 -5  0 -9 
116 111  -1 -5  0 -9 
116 157   1 -5  0 -9 
116 177  -1 -4  0 -9 
116 178  -1 -4  0 -9 
116 193  -1 -4  0 -9 
116 310   1 -5  0 -9 
116 311   1 -5  0 -9 
116 385   1 -3  0 -9 
116 412   1 -6  0 -9 
116 425  -1 -4  0 -9 
116 463   1 -5  0 -9 
117 112  -1 -5  0 -9 
117 179  -1 -4  0 -9 
117 194  -1 -4  0 -9 
117 312   1 -5  0 -9 
117 386   1 -3  0 -9 
117 413   1 -6  0 -9 
117 426  -1 -4  0 -9 
117 464   1 -5  0 -9 
118 111  -1 -4  0 -9 
118 180  -1 -4  0 -9 
118 195  -1 -4  0 -9 
118 313   1 -5  0 -9 
118 387   1 -3  0 -9 
118 412   1 -5  0 -9 
118 427  -1 -4  0 -9 
118 465   1 -5  0 -9 
119 112  -1 -4  0 -9 
119 196  -1 -4  0 -9 
119 388   1 -3  0 -9 
119 413   1 -5  0 -9 
119 428  -1 -4  0 -9 
119 466   1 -5  0 -9 
120 197  -1 -4  0 -9 
120 389   1 -3  0 -9 
120 429  -1 -4  0 -9 
120 467   1 -5  0 -9 
121 112  -1 -4  0 -9 
121 181  -1 -4  0 -9 
121 198  -1 -4  0 -9 
121 314   1 -5  0 -9 
121 390   1 -3  0 -9 
121 413   1 -5  0 -9 
121 430  -1 -4  0 -9 
121 468   1 -5  0 -9 
122 24  -1 -1  0 -9 
122 41   1 -2  0 -9 
122 43  -1 -1  0 -9 
122 47   1 -2  0 -9 
122 51  -1 -1  0 -9 
122 63  -1 -1  0 -9 
122 73  -1 -3  0 -9 
122 75  -1 -1  0 -9 
122 77   1 -2  0 -9 
122 81  -1 -1  0 -9 
122 85   1 -2  0 -9 
122 89  -1 -1  0 -9 
122 97   1 -2  0 -9 
122 99  -1 -1 -1 -3 -1 -5  0 -9 
122 109  -1 -1 -1 -3 -1 -5  0 -9 
122 122   1  0  0 -9 
122 156   1 -2  1 -6  0 -9 
122 158  -1 -3  0 -9 
122 162   1 -2  0 -9 
122 172   1 -2  0 -9 
122 182  -1 -1 -1 -3 -1 -5  0 -9 
122 218   1 -2 -1 -4  0 -9 
122 220  -1 -3  0 -9 
122 224   1 -2 -1 -4  0 -9 
122 232   1 -2  0 -9 
122 242   1 -2  0 -9 
122 265  -1 -1  0 -9 
122 299  -1 -3  0 -9 
122 301   1 -4  1 -6  0 -9 
122 305  -1 -3  0 -9 
122 315   1 -2  0 -9 
122 362  -1 -3  0 -9 
122 366  -1 -3  0 -9 
122 374   1 -2  0 -9 
122 410   1 -4  1 -6  0 -9 
122 414  -1 -3  0 -9 
122 452   1 -4  1 -6  0 -9 
123 25  -1 -1  0 -9 
123 44  -1 -1  0 -9 
123 48   1 -2  0 -9 
123 64  -1 -1  0 -9 
123 78   1 -2  0 -9 
123 82  -1 -1  0 -9 
123 90  -1 -1  0 -9 
123 100  -1 -1 -1 -3 -1 -5  0 -9 
123 123   1  0  0 -9 
123 156  -1 -3  0 -9 
123 159  -1 -3  0 -9 
123 163   1 -2  0 -9 
123 173   1 -2  0 -9 
123 183  -1 -1 -1 -3 -1 -5  0 -9 
123 221  -1 -3  0 -9 
123 225   1 -2 -1 -4  0 -9 
123 233   1 -2  0 -9 
123 243   1 -2  0 -9 
123 266  -1 -1  0 -9 
123 302   1 -4  1 -6  0 -9 
123 306  -1 -3  0 -9 
123 316   1 -2  0 -9 
123 367  -1 -3  0 -9 
123 375   1 -2  0 -9 
123 415  -1 -3  0 -9 
123 453   1 -4  1 -6  0 -9 
124 42   1 -2  0 -9 
124 52  -1 -1  0 -9 
124 65  -1 -1  0 -9 
124 74  -1 -3  0 -9 
124 76  -1 -1  0 -9 
124 86   1 -2  0 -9 
124 91  -1 -1  0 -9 
124 98   1 -2  0 -9 
124 110  -1 -1 -1 -3 -1 -5  0 -9 
124 124   1  0  0 -9 
124 157   1 -2  1 -6  0 -9 
124 164   1 -2  0 -9 
124 184  -1 -1 -1 -3 -1 -5  0 -9 
124 219   1 -2 -1 -4  0 -9 
124 224  -1 -3  0 -9 
124 234   1 -2  0 -9 
124 267  -1 -1  0 -9 
124 300  -1 -3  0 -9 
124 317   1 -2  0 -9 
124 363  -1 -3  0 -9 
124 368  -1 -3  0 -9 
124 376   1 -2  0 -9 
124 411   1 -4  1 -6  0 -9 
124 416  -1 -3  0 -9 
124 454   1 -4  1 -6  0 -9 
125 51  -1 -1  0 -9 
125 53  -1 -1  0 -9 
125 66  -1 -1  0 -9 
125 85   1 -2  0 -9 
125 87   1 -2  0 -9 
125 92  -1 -1  0 -9 
125 109  -1 -1 -1 -3 -1 -5  0 -9 
125 111  -1 -1 -1 -3 -1 -5  0 -9 
125 125   1  0  0 -9 
125 157  -1 -3  0 -9 
125 165   1 -2  0 -9 
125 185  -1 -1 -1 -3 -1 -5  0 -9 
125 219  -1 -3  0 -9 
125 225  -1 -3  0 -9 
125 226  -1 -3  0 -9 
125 235   1 -2  0 -9 
125 268  -1 -1  0 -9 
125 318   1 -2  0 -9 
125 362  -1 -3  0 -9 
125 364  -1 -3  0 -9 
125 369  -1 -3  0 -9 
125 377   1 -2  0 -9 
125 410   1 -4  1 -6  0 -9 
125 412   1 -4  1 -6  0 -9 
125 417  -1 -3  0 -9 
125 455   1 -4  1 -6  0 -9 
126 54  -1 -1  0 -9 
126 67  -1 -1  0 -9 
126 88   1 -2  0 -9 
126 93  -1 -1  0 -9 
126 112  -1 -1 -1 -3 -1 -5  0 -9 
126 126   1  0  0 -9 
126 166   1 -2  0 -9 
126 186  -1 -1 -1 -3 -1 -5  0 -9 
126 227  -1 -3  0 -9 
126 236   1 -2  0 -9 
126 269  -1 -1  0 -9 
126 319   1 -2  0 -9 
126 365  -1 -3  0 -9 
126 370  -1 -3  0 -9 
126 378   1 -2  0 -9 
126 413   1 -4  1 -6  0 -9 
126 418  -1 -3  0 -9 
126 456   1 -4  1 -6  0 -9 
127 49   1 -2  0 -9 
127 68  -1 -1  0 -9 
127 83  -1 -1  0 -9 
127 94  -1 -1  0 -9 
127 127   1  0  0 -9 
127 160  -1 -3  0 -9 
127 167   1 -2  0 -9 
127 174   1 -2  0 -9 
127 187  -1 -1 -1 -3 -1 -5  0 -9 
127 226   1 -2 -1 -4  0 -9 
127 237   1 -2  0 -9 
127 270  -1 -1  0 -9 
127 307  -1 -3  0 -9 
127 320   1 -2  0 -9 
127 371  -1 -3  0 -9 
127 379   1 -2  0 -9 
127 419  -1 -3  0 -9 
127 457   1 -4  1 -6  0 -9 
128 47   1 -2  0 -9 
128 50   1 -2  0 -9 
128 69  -1 -1  0 -9 
128 81  -1 -1  0 -9 
128 84  -1 -1  0 -9 
128 95  -1 -1  0 -9 
128 128   1  0  0 -9 
128 157  -1 -3  0 -9 
128 158  -1 -3  0 -9 
128 161  -1 -3  0 -9 
128 168   1 -2  0 -9 
128 172   1 -2  0 -9 
128 175   1 -2  0 -9 
128 188  -1 -1 -1 -3 -1 -5  0 -9 
128 224   1 -2 -1 -4  0 -9 
128 227   1 -2 -1 -4  0 -9 
128 238   1 -2  0 -9 
128 271  -1 -1  0 -9 
128 305  -1 -3  0 -9 
128 308  -1 -3  0 -9 
128 321   1 -2  0 -9 
128 372  -1 -3  0 -9 
128 380   1 -2  0 -9 
128 420  -1 -3  0 -9 
128 458   1 -4  1 -6  0 -9 
129 70  -1 -1  0 -9 
129 96  -1 -1  0 -9 
129 129   1  0  0 -9 
129 169   1 -2  0 -9 
129 189  -1 -1 -1 -3 -1 -5  0 -9 
129 226  -1 -3  0 -9 
129 239   1 -2  0 -9 
129 272  -1 -1  0 -9 
129 322   1 -2  0 -9 
129 373  -1 -3  0 -9 
129 381   1 -2  0 -9 
129 421  -1 -3  0 -9 
129 459   1 -4  1 -6  0 -9 
130 99  -1 -4  0 -9 
130 103  -1 -1  0 -9 
130 113  -1 -1  0 -9 
130 130   1  0  0 -9 
130 156  -1 -3  0 -9 
130 176   1 -2  0 -9 
130 190  -1 -1 -1 -3 -1 -5  0 -9 
130 218  -1 -3  0 -9 
130 224  -1 -3  0 -9 
130 246   1 -2  0 -9 
130 273  -1 -1  0 -9 
130 301   1 -5  0 -9 
130 309  -1 -3  0 -9 
130 323   1 -2  0 -9 
130 382   1 -2  0 -9 
130 422  -1 -3  0 -9 
130 460   1 -4  1 -6  0 -9 
131 100  -1 -4  0 -9 
131 104  -1 -1  0 -9 
131 114  -1 -1  0 -9 
131 131   1  0  0 -9 
131 177   1 -2  0 -9 
131 191  -1 -1 -1 -3 -1 -5  0 -9 
131 225  -1 -3  0 -9 
131 247   1 -2  0 -9 
131 274  -1 -1  0 -9 
131 302   1 -5  0 -9 
131 310  -1 -3  0 -9 
131 324   1 -2  0 -9 
131 383   1 -2  0 -9 
131 423  -1 -3  0 -9 
131 461   1 -4  1 -6  0 -9 
132 51  -1 -1  0 -9 
132 85   1 -2  0 -9 
132 110  -1 -4  0 -9 
132 115  -1 -1  0 -9 
132 132   1  0  0 -9 
132 157  -1 -3  0 -9 
132 192  -1 -1 -1 -3 -1 -5  0 -9 
132 219  -1 -3  0 -9 
132 275  -1 -1  0 -9 
132 325   1 -2  0 -9 
132 362  -1 -3  0 -9 
132 384   1 -2  0 -9 
132 411   1 -5  0 -9 
132 424  -1 -3  0 -9 
132 462   1 -4  1 -6  0 -9 
133 111  -1 -4  0 -9 
133 116  -1 -1  0 -9 
133 133   1  0  0 -9 
133 193  -1 -1 -1 -3 -1 -5  0 -9 
133 276  -1 -1  0 -9 
133 326   1 -2  0 -9 
133 385   1 -2  0 -9 
133 412   1 -5  0 -9 
133 425  -1 -3  0 -9 
133 463   1 -4  1 -6  0 -9 
134 112  -1 -4  0 -9 
134 117  -1 -1  0 -9 
134 134   1  0  0 -9 
134 194  -1 -1 -1 -3 -1 -5  0 -9 
134 277  -1 -1  0 -9 
134 327   1 -2  0 -9 
134 386   1 -2  0 -9 
134 413   1 -5  0 -9 
134 426  -1 -3  0 -9 
134 464   1 -4  1 -6  0 -9 
135 101   1 -2  0 -9 
135 105  -1 -1  0 -9 
135 111  -1 -1 -1 -3 -1 -5  0 -9 
135 118  -1 -1  0 -9 
135 135   1  0  0 -9 
135 157  -1 -3  0 -9 
135 178   1 -2  0 -9 
135 195  -1 -1 -1 -3 -1 -5  0 -9 
135 219  -1 -3  0 -9 
135 226  -1 -3  0 -9 
135 248   1 -2  0 -9 
135 278  -1 -1  0 -9 
135 303  -1 -3  0 -9 
135 311  -1 -3  0 -9 
135 328   1 -2  0 -9 
135 387   1 -2  0 -9 
135 412   1 -4  1 -6  0 -9 
135 427  -1 -3  0 -9 
135 465   1 -4  1 -6  0 -9 
136 25  -1 -1  0 -9 
136 100  -1 -1 -1 -3 -1 -5  0 -9 
136 102   1 -2  0 -9 
136 106  -1 -1  0 -9 
136 107  -1 -1  0 -9 
136 112  -1 -1 -1 -3 -1 -5  0 -9 
136 119  -1 -1  0 -9 
136 136   1  0  0 -9 
136 179   1 -2  0 -9 
136 180   1 -2  0 -9 
136 196  -1 -1 -1 -3 -1 -5  0 -9 
136 221  -1 -3  0 -9 
136 224  -1 -3  0 -9 
136 227  -1 -3  0 -9 
136 243   1 -2  0 -9 
136 249   1 -2  0 -9 
136 250   1 -2  0 -9 
136 279  -1 -1  0 -9 
136 302   1 -4  1 -6  0 -9 
136 304  -1 -3  0 -9 
136 312  -1 -3  0 -9 
136 313  -1 -3  0 -9 
136 329   1 -2  0 -9 
136 388   1 -2  0 -9 
136 413   1 -4  1 -6  0 -9 
136 428  -1 -3  0 -9 
136 466   1 -4  1 -6  0 -9 
137 108  -1 -1  0 -9 
137 120  -1 -1  0 -9 
137 137   1  0  0 -9 
137 181   1 -2  0 -9 
137 197  -1 -1 -1 -3 -1 -5  0 -9 
137 226  -1 -3  0 -9 
137 251   1 -2  0 -9 
137 280  -1 -1  0 -9 
137 314  -1 -3  0 -9 
137 330   1 -2  0 -9 
137 389   1 -2  0 -9 
137 429  -1 -3  0 -9 
137 467   1 -4  1 -6  0 -9 
138 112  -1 -1 -1 -3 -1 -5  0 -9 
138 121  -1 -1  0 -9 
138 138   1  0  0 -9 
138 198  -1 -1 -1 -3 -1 -5  0 -9 
138 281  -1 -1  0 -9 
138 331   1 -2  0 -9 
138 390   1 -2  0 -9 
138 413   1 -4  1 -6  0 -9 
138 430  -1 -3  0 -9 
138 468   1 -4  1 -6  0 -9 
139 47   1 -2  0 -9 
139 63  -1 -1  0 -9 
139 81  -1 -1  0 -9 
139 139   1  0  0 -9 
139 156  -1 -4  0 -9 
139 158   1 -5  0 -9 
139 162   1 -2  0 -9 
139 172  -1 -4  0 -9 
139 176   1 -3  0 -9 
139 190  -1 -4  0 -9 
139 199  -1 -1  0 -9 
139 224   1 -2 -1 -4  0 -9 
139 282  -1 -1  0 -9 
139 305   1 -5  0 -9 
139 309  -1 -4  0 -9 
139 332   1 -2  0 -9 
139 366  -1 -3  0 -9 
139 391   1 -2  0 -9 
139 431  -1 -3  0 -9 
139 460   1 -5  0 -9 
140 66  -1 -1  0 -9 
140 140   1  0  0 -9 
140 157  -1 -3  0 -9 
140 165   1 -2  0 -9 
140 178   1 -2  0 -9 
140 187  -1 -4  0 -9 
140 193  -1 -4  0 -9 
140 200  -1 -1  0 -9 
140 226  -1 -3  0 -9 
140 283  -1 -1  0 -9 
140 311  -1 -3  0 -9 
140 333   1 -2  0 -9 
140 369  -1 -3  0 -9 
140 392   1 -2  0 -9 
140 432  -1 -3  0 -9 
140 457   1 -5  0 -9 
140 463   1 -5  0 -9 
141 64  -1 -1  0 -9 
141 65  -1 -1  0 -9 
141 67  -1 -1  0 -9 
141 141   1  0  0 -9 
141 156  -1 -3  0 -9 
141 157   1 -2 -1 -4  0 -9 
141 163   1 -2  0 -9 
141 164   1 -2  0 -9 
141 166   1 -2  0 -9 
141 176   1 -2  0 -9 
141 179   1 -2  0 -9 
141 188  -1 -4  0 -9 
141 191  -1 -4  0 -9 
141 192  -1 -4  0 -9 
141 194  -1 -4  0 -9 
141 201  -1 -1  0 -9 
141 224  -1 -3  0 -9 
141 227  -1 -3  0 -9 
141 284  -1 -1  0 -9 
141 309  -1 -3  0 -9 
141 312  -1 -3  0 -9 
141 334   1 -2  0 -9 
141 367  -1 -3  0 -9 
141 368  -1 -3  0 -9 
141 370  -1 -3  0 -9 
141 393   1 -2  0 -9 
141 433  -1 -3  0 -9 
141 458   1 -5  0 -9 
141 461   1 -5  0 -9 
141 462   1 -5  0 -9 
141 464   1 -5  0 -9 
142 67  -1 -1  0 -9 
142 142   1  0  0 -9 
142 166   1 -2  0 -9 
142 189  -1 -4  0 -9 
142 194  -1 -4  0 -9 
142 202  -1 -1  0 -9 
142 285  -1 -1  0 -9 
142 335   1 -2  0 -9 
142 370  -1 -3  0 -9 
142 394   1 -2  0 -9 
142 434  -1 -3  0 -9 
142 459   1 -5  0 -9 
142 464   1 -5  0 -9 
143 107  -1 -1  0 -9 
143 143   1  0  0 -9 
143 177   1 -3  0 -9 
143 180  -1 -4  0 -9 
143 191  -1 -4  0 -9 
143 203  -1 -1  0 -9 
143 224  -1 -3  0 -9 
143 250   1 -2  0 -9 
143 286  -1 -1  0 -9 
143 310  -1 -4  0 -9 
143 313   1 -5  0 -9 
143 336   1 -2  0 -9 
143 395   1 -2  0 -9 
143 435  -1 -3  0 -9 
143 461   1 -5  0 -9 
144 65  -1 -1  0 -9 
144 144   1  0  0 -9 
144 157  -1 -4  0 -9 
144 164   1 -2  0 -9 
144 178   1 -3  0 -9 
144 195  -1 -4  0 -9 
144 204  -1 -1  0 -9 
144 287  -1 -1  0 -9 
144 311  -1 -4  0 -9 
144 337   1 -2  0 -9 
144 368  -1 -3  0 -9 
144 396   1 -2  0 -9 
144 436  -1 -3  0 -9 
144 465   1 -5  0 -9 
145 145   1  0  0 -9 
145 179   1 -3  0 -9 
145 196  -1 -4  0 -9 
145 205  -1 -1  0 -9 
145 288  -1 -1  0 -9 
145 312  -1 -4  0 -9 
145 338   1 -2  0 -9 
145 397   1 -2  0 -9 
145 437  -1 -3  0 -9 
145 466   1 -5  0 -9 
146 146   1  0  0 -9 
146 179   1 -2  0 -9 
146 191  -1 -4  0 -9 
146 194  -1 -4  0 -9 
146 197  -1 -4  0 -9 
146 206  -1 -1  0 -9 
146 289  -1 -1  0 -9 
146 312  -1 -3  0 -9 
146 339   1 -2  0 -9 
146 398   1 -2  0 -9 
146 438  -1 -3  0 -9 
146 461   1 -5  0 -9 
146 464   1 -5  0 -9 
146 467   1 -5  0 -9 
147 147   1  0  0 -9 
147 198  -1 -4  0 -9 
147 207  -1 -1  0 -9 
147 290  -1 -1  0 -9 
147 340   1 -2  0 -9 
147 399   1 -2  0 -9 
147 439  -1 -3  0 -9 
147 468   1 -5  0 -9 
148 51  -1  0  0 -9 
148 55   1  1  0 -9 
148 63  -1  0  0 -9 
148 65   1  1 -1 -1  0 -9 
148 81  -1  0  0 -9 
148 85   1 -1  0 -9 
148 89  -1  0  0 -9 
148 91   1  1  0 -9 
148 110  -1 -3  0 -9 
148 113   1  1  0 -9 
148 115  -1  0  0 -9 
148 132   1  1  0 -9 
148 139   1  1  0 -9 
148 148  -1  2  0 -9 
148 156  -1 -3  0 -9 
148 158   1 -4  0 -9 
148 162   1 -1  0 -9 
148 164  -1  0  1 -2  0 -9 
148 172  -1 -3  0 -9 
148 176   1 -2  0 -9 
148 184  -1 -3  0 -9 
148 190  -1 -3  0 -9 
148 192  -1  0 -1 -4  0 -9 
148 199  -1  0  0 -9 
148 208   1  1  0 -9 
148 224   1 -1 -1 -3  0 -9 
148 234  -1  0  0 -9 
148 275  -1  0  0 -9 
148 282  -1  0  0 -9 
148 291   1  1  0 -9 
148 305   1 -4  0 -9 
148 309  -1 -3  0 -9 
148 325   1 -1  0 -9 
148 332   1 -1  0 -9 
148 341  -1  0  0 -9 
148 363  -1 -3  0 -9 
148 368  -2 -3  0 -9 
148 376   1 -2  0 -9 
148 382   1 -2  0 -9 
148 402   1 -2  0 -9 
148 411   1 -4  0 -9 
148 416  -1 -3  0 -9 
148 422  -1 -3  0 -9 
148 454   1 -4  0 -9 
148 460   1 -4  0 -9 
148 462   1 -5  0 -9 
148 471  -1 -3  0 -9 
149 66  -1  0  0 -9 
149 71   1  1  0 -9 
149 94   1  1  0 -9 
149 140   1  1  0 -9 
149 149  -1  2  0 -9 
149 157  -1 -2  0 -9 
149 165   1 -1  0 -9 
149 170  -1  0  0 -9 
149 178   1 -1  0 -9 
149 187  -1 -3  0 -9 
149 193  -1 -3  0 -9 
149 200  -1  0  0 -9 
149 209   1  1  0 -9 
149 237  -1  0  0 -9 
149 283  -1  0  0 -9 
149 292   1  1  0 -9 
149 311  -1 -2  0 -9 
149 333   1 -1  0 -9 
149 342  -1  0  0 -9 
149 371  -1 -3  0 -9 
149 379   1 -2  0 -9 
149 403   1 -2  0 -9 
149 419  -1 -3  0 -9 
149 457   1 -4  0 -9 
149 463   1 -4  0 -9 
149 472  -1 -3  0 -9 
150 56   1  1  0 -9 
150 64  -1  0  0 -9 
150 65  -1  0  0 -9 
150 67  -1  0  0 -9 
150 72   1  1  0 -9 
150 90  -1  0  0 -9 
150 95   1  1  0 -9 
150 114   1  1  0 -9 
150 141   1  1  0 -9 
150 150  -1  2  0 -9 
150 156  -1 -2  0 -9 
150 157   1 -1 -1 -3  0 -9 
150 163   1 -1  0 -9 
150 164   1 -1  0 -9 
150 166   1 -1  0 -9 
150 171  -1  0  0 -9 
150 176   1 -1  0 -9 
150 179   1 -1  0 -9 
150 188  -1 -3  0 -9 
150 191  -1 -3  0 -9 
150 192  -1 -3  0 -9 
150 194  -1 -3  0 -9 
150 201  -1  0  0 -9 
150 210   1  1  0 -9 
150 238  -1  0  0 -9 
150 284  -1  0  0 -9 
150 293   1  1  0 -9 
150 309  -1 -2  0 -9 
150 312  -1 -2  0 -9 
150 334   1 -1  0 -9 
150 343  -1  0  0 -9 
150 372  -1 -3  0 -9 
150 380   1 -2  0 -9 
150 383   1 -2  0 -9 
150 404   1 -2  0 -9 
150 420  -1 -3  0 -9 
150 423  -1 -3  0 -9 
150 458   1 -4  0 -9 
150 461   1 -4  0 -9 
150 462   1 -4  0 -9 
150 464   1 -4  0 -9 
150 473  -1 -3  0 -9 
151 65  -1  0  0 -9 
151 107  -1  0  0 -9 
151 111  -1 -3  0 -9 
151 114   1  1  0 -9 
151 116  -1  0  0 -9 
151 118   1  1  0 -9 
151 133   1  1  0 -9 
151 143   1  1  0 -9 
151 144   1  1  0 -9 
151 151  -1  2  0 -9 
151 157  -1 -3  0 -9 
151 164   1 -1  0 -9 
151 177   1 -2  0 -9 
151 178   1 -2  0 -9 
151 180  -1 -3  0 -9 
151 191  -1 -3  0 -9 
151 193  -1  0 -1 -4  0 -9 
151 195  -1 -3  0 -9 
151 203  -1  0  0 -9 
151 204  -1  0  0 -9 
151 211   1  1  0 -9 
151 276  -1  0  0 -9 
151 286  -1  0  0 -9 
151 287  -1  0  0 -9 
151 294   1  1  0 -9 
151 310  -1 -3  0 -9 
151 311  -1 -3  0 -9 
151 313   1 -4  0 -9 
151 326   1 -1  0 -9 
151 336   1 -1  0 -9 
151 337   1 -1  0 -9 
151 344  -1  0  0 -9 
151 383   1 -2  0 -9 
151 387   1 -2  0 -9 
151 405   1 -2  0 -9 
151 412   1 -4  0 -9 
151 423  -1 -3  0 -9 
151 427  -1 -3  0 -9 
151 461   1 -4  0 -9 
151 463   1 -5  0 -9 
151 465   1 -4  0 -9 
151 474  -1 -3  0 -9 
152 112  -1 -3  0 -9 
152 117  -1  0  0 -9 
152 119   1  1  0 -9 
152 134   1  1  0 -9 
152 145   1  1  0 -9 
152 152  -1  2  0 -9 
152 179   1 -2  0 -9 
152 194  -1  0 -1 -4  0 -9 
152 196  -1 -3  0 -9 
152 205  -1  0  0 -9 
152 212   1  1  0 -9 
152 277  -1  0  0 -9 
152 288  -1  0  0 -9 
152 295   1  1  0 -9 
152 312  -1 -3  0 -9 
152 327   1 -1  0 -9 
152 338   1 -1  0 -9 
152 345  -1  0  0 -9 
152 388   1 -2  0 -9 
152 406   1 -2  0 -9 
152 413   1 -4  0 -9 
152 428  -1 -3  0 -9 
152 464   1 -5  0 -9 
152 466   1 -4  0 -9 
152 475  -1 -3  0 -9 
153 114   1  1  0 -9 
153 120   1  1  0 -9 
153 146   1  1  0 -9 
153 153  -1  2  0 -9 
153 179   1 -1  0 -9 
153 191  -1 -3  0 -9 
153 194  -1 -3  0 -9 
153 197  -1 -3  0 -9 
153 206  -1  0  0 -9 
153 213   1  1  0 -9 
153 289  -1  0  0 -9 
153 296   1  1  0 -9 
153 312  -1 -2  0 -9 
153 339   1 -1  0 -9 
153 346  -1  0  0 -9 
153 383   1 -2  0 -9 
153 389   1 -2  0 -9 
153 407   1 -2  0 -9 
153 423  -1 -3  0 -9 
153 429  -1 -3  0 -9 
153 461   1 -4  0 -9 
153 464   1 -4  0 -9 
153 467   1 -4  0 -9 
153 476  -1 -3  0 -9 
154 65  -1  0  0 -9 
154 67  -1  0  0 -9 
154 72   1  1  0 -9 
154 142   1  1  0 -9 
154 144   1  1  0 -9 
154 154  -1  2  0 -9 
154 157  -1 -3  0 -9 
154 164   1 -1  0 -9 
154 166   1 -1  0 -9 
154 171  -1  0  0 -9 
154 178   1 -2  0 -9 
154 189  -1 -3  0 -9 
154 194  -1 -3  0 -9 
154 195  -1 -3  0 -9 
154 202  -1  0  0 -9 
154 204  -1  0  0 -9 
154 214   1  1  0 -9 
154 285  -1  0  0 -9 
154 287  -1  0  0 -9 
154 297   1  1  0 -9 
154 311  -1 -3  0 -9 
154 335   1 -1  0 -9 
154 337   1 -1  0 -9 
154 347  -1  0  0 -9 
154 408   1 -2  0 -9 
154 459   1 -4  0 -9 
154 464   1 -4  0 -9 
154 465   1 -4  0 -9 
154 477  -1 -3  0 -9 
155 147   1  1  0 -9 
155 155  -1  2  0 -9 
155 198  -1 -3  0 -9 
155 207  -1  0  0 -9 
155 215   1  1  0 -9 
155 290  -1  0  0 -9 
155 298   1  1  0 -9 
155 340   1 -1  0 -9 
155 348  -1  0  0 -9 
155 409   1 -2  0 -9 
155 468   1 -4  0 -9 
155 478  -1 -3  0 -9 
156 156   1 -8  0 -9 
157 157   1 -8  0 -9 
158 158   1 -8  0 -9 
159 159   1 -8  0 -9 
160 160   1 -8  0 -9 
161 161   1 -8  0 -9 
162 63   1 -3  0 -9 
162 156   1 -6  0 -9 
162 182  -1 -5  0 -9 
162 366  -1 -5  0 -9 
162 452   1 -6  0 -9 
163 64   1 -3  0 -9 
163 156   1 -7  0 -9 
163 183  -1 -5  0 -9 
163 367  -1 -5  0 -9 
163 453   1 -6  0 -9 
164 65   1 -3  0 -9 
164 157   1 -6  0 -9 
164 184  -1 -5  0 -9 
164 368  -1 -5  0 -9 
164 454   1 -6  0 -9 
165 66   1 -3  0 -9 
165 157   1 -7  0 -9 
165 185  -1 -5  0 -9 
165 369  -1 -5  0 -9 
165 455   1 -6  0 -9 
166 67   1 -3  0 -9 
166 157   1 -6  0 -9 
166 186  -1 -5  0 -9 
166 370  -1 -5  0 -9 
166 456   1 -6  0 -9 
167 68   1 -3  0 -9 
167 160   1 -7  0 -9 
167 187  -1 -5  0 -9 
167 371  -1 -5  0 -9 
167 457   1 -6  0 -9 
168 69   1 -3  0 -9 
168 157   1 -7  0 -9 
168 158   1 -7  0 -9 
168 161   1 -7  0 -9 
168 188  -1 -5  0 -9 
168 372  -1 -5  0 -9 
168 458   1 -6  0 -9 
169 70   1 -3  0 -9 
169 160   1 -6  0 -9 
169 189  -1 -5  0 -9 
169 373  -1 -5  0 -9 
169 459   1 -6  0 -9 
170 185  -1 -4  0 -9 
170 369  -1 -4  0 -9 
170 400   1 -3  0 -9 
170 455   1 -5  0 -9 
170 469  -1 -4  0 -9 
171 157   1 -5  0 -9 
171 184  -1 -4  0 -9 
171 186  -1 -4  0 -9 
171 368  -1 -4  0 -9 
171 370  -1 -4  0 -9 
171 401   1 -3  0 -9 
171 454   1 -5  0 -9 
171 456   1 -5  0 -9 
171 470  -1 -4  0 -9 
172 158   1 -7  0 -9 
172 172  -1 -6  0 -9 
172 305   1 -7  0 -9 
173 156   1 -7  0 -9 
173 159   1 -7  0 -9 
173 173  -1 -6  0 -9 
173 306   1 -7  0 -9 
174 160   1 -7  0 -9 
174 174  -1 -6  0 -9 
174 307   1 -7  0 -9 
175 157   1 -7  0 -9 
175 161   1 -7  0 -9 
175 175  -1 -6  0 -9 
175 308   1 -7  0 -9 
176 156   1 -7  0 -9 
176 176  -1 -6  0 -9 
176 309   1 -7  0 -9 
177 177  -1 -6  0 -9 
177 310   1 -7  0 -9 
178 157   1 -7  0 -9 
178 178  -1 -6  0 -9 
178 311   1 -7  0 -9 
179 179  -1 -6  0 -9 
179 312   1 -7  0 -9 
180 180  -1 -6  0 -9 
180 313   1 -7  0 -9 
181 181  -1 -6  0 -9 
181 314   1 -7  0 -9 
182 156   1 -7  0 -9 
182 182  -1 -6  0 -9 
182 452   1 -7  0 -9 
183 183  -1 -6  0 -9 
183 453   1 -7  0 -9 
184 157   1 -7  0 -9 
184 184  -1 -6  0 -9 
184 454   1 -7  0 -9 
185 185  -1 -6  0 -9 
185 455   1 -7  0 -9 
186 186  -1 -6  0 -9 
186 456   1 -7  0 -9 
187 187  -1 -6  0 -9 
187 457   1 -7  0 -9 
188 188  -1 -6  0 -9 
188 458   1 -7  0 -9 
189 189  -1 -6  0 -9 
189 459   1 -7  0 -9 
190 190  -1 -6  0 -9 
190 460   1 -7  0 -9 
191 191  -1 -6  0 -9 
191 461   1 -7  0 -9 
192 192  -1 -6  0 -9 
192 462   1 -7  0 -9 
193 193  -1 -6  0 -9 
193 463   1 -7  0 -9 
194 194  -1 -6  0 -9 
194 464   1 -7  0 -9 
195 195  -1 -6  0 -9 
195 465   1 -7  0 -9 
196 196  -1 -6  0 -9 
196 466   1 -7  0 -9 
197 197  -1 -6  0 -9 
197 467   1 -7  0 -9 
198 198  -1 -6  0 -9 
198 468   1 -7  0 -9 
199 190  -1 -5  0 -9 
199 366  -1 -4  0 -9 
199 391   1 -3  0 -9 
199 431  -1 -4  0 -9 
199 460   1 -6  0 -9 
200 157   1 -6  0 -9 
200 178  -1 -5  0 -9 
200 187  -1 -5  0 -9 
200 193  -1 -5  0 -9 
200 226  -1 -4  0 -9 
200 311   1 -6  0 -9 
200 369  -1 -4  0 -9 
200 392   1 -3  0 -9 
200 432  -1 -4  0 -9 
200 457   1 -6  0 -9 
200 463   1 -6  0 -9 
201 156   1 -6  0 -9 
201 157   1 -7  0 -9 
201 176  -1 -5  0 -9 
201 179  -1 -5  0 -9 
201 188  -1 -5  0 -9 
201 191  -1 -5  0 -9 
201 192  -1 -5  0 -9 
201 194  -1 -5  0 -9 
201 224  -1 -4  0 -9 
201 227  -1 -4  0 -9 
201 309   1 -6  0 -9 
201 312   1 -6  0 -9 
201 367  -1 -4  0 -9 
201 368  -1 -4  0 -9 
201 370  -1 -4  0 -9 
201 393   1 -3  0 -9 
201 433  -1 -4  0 -9 
201 458   1 -6  0 -9 
201 461   1 -6  0 -9 
201 462   1 -6  0 -9 
201 464   1 -6  0 -9 
202 157   1 -5  0 -9 
202 178  -1 -4  0 -9 
202 189  -1 -5  0 -9 
202 194  -1 -5  0 -9 
202 311   1 -5  0 -9 
202 370  -1 -4  0 -9 
202 394   1 -3  0 -9 
202 434  -1 -4  0 -9 
202 459   1 -6  0 -9 
202 464   1 -6  0 -9 
203 191  -1 -5  0 -9 
203 395   1 -3  0 -9 
203 435  -1 -4  0 -9 
203 461   1 -6  0 -9 
204 195  -1 -5  0 -9 
204 368  -1 -4  0 -9 
204 396   1 -3  0 -9 
204 436  -1 -4  0 -9 
204 465   1 -6  0 -9 
205 196  -1 -5  0 -9 
205 397   1 -3  0 -9 
205 437  -1 -4  0 -9 
205 466   1 -6  0 -9 
206 179  -1 -5  0 -9 
206 191  -1 -5  0 -9 
206 194  -1 -5  0 -9 
206 197  -1 -5  0 -9 
206 312   1 -6  0 -9 
206 398   1 -3  0 -9 
206 438  -1 -4  0 -9 
206 461   1 -6  0 -9 
206 464   1 -6  0 -9 
206 467   1 -6  0 -9 
207 198  -1 -5  0 -9 
207 399   1 -3  0 -9 
207 439  -1 -4  0 -9 
207 468   1 -6  0 -9 
208 192  -1 -5  0 -9 
208 368  -1 -4  0 -9 
208 402   1 -3  0 -9 
208 462   1 -6  0 -9 
208 471  -1 -4  0 -9 
209 193  -1 -4  0 -9 
209 403   1 -3  0 -9 
209 463   1 -5  0 -9 
209 472  -1 -4  0 -9 
210 192  -1 -4  0 -9 
210 194  -1 -4  0 -9 
210 404   1 -3  0 -9 
210 462   1 -5  0 -9 
210 464   1 -5  0 -9 
210 473  -1 -4  0 -9 
211 193  -1 -5  0 -9 
211 405   1 -3  0 -9 
211 463   1 -6  0 -9 
211 474  -1 -4  0 -9 
212 194  -1 -5  0 -9 
212 406   1 -3  0 -9 
212 464   1 -6  0 -9 
212 475  -1 -4  0 -9 
213 194  -1 -4  0 -9 
213 407   1 -3  0 -9 
213 464   1 -5  0 -9 
213 476  -1 -4  0 -9 
214 189  -1 -4  0 -9 
214 194  -1 -4  0 -9 
214 195  -1 -4  0 -9 
214 408   1 -3  0 -9 
214 459   1 -5  0 -9 
214 464   1 -5  0 -9 
214 465   1 -5  0 -9 
214 477  -1 -4  0 -9 
215 198  -1 -4  0 -9 
215 409   1 -3  0 -9 
215 468   1 -5  0 -9 
215 478  -1 -4  0 -9 
216 73   1 -7  0 -9 
216 216  -1 -6  0 -9 
217 74   1 -7  0 -9 
217 217  -1 -6  0 -9 
218 218  -1 -6  0 -9 
218 299   1 -7  0 -9 
219 219  -1 -6  0 -9 
219 300   1 -7  0 -9 
220 220  -1 -6  0 -9 
220 301   1 -7  0 -9 
221 221  -1 -6  0 -9 
221 302   1 -7  0 -9 
222 222  -1 -6  0 -9 
222 303   1 -7  0 -9 
223 223  -1 -6  0 -9 
223 304   1 -7  0 -9 
224 224  -1 -6  0 -9 
224 305   1 -7  0 -9 
225 225  -1 -6  0 -9 
225 306   1 -7  0 -9 
226 226  -1 -6  0 -9 
226 307   1 -7  0 -9 
227 227  -1 -6  0 -9 
227 308   1 -7  0 -9 
228 109  -1 -4  0 -9 
228 218  -1 -5  0 -9 
228 252   1 -3  0 -9 
228 299   1 -6  0 -9 
229 74   1 -6  0 -9 
229 110  -1 -4  0 -9 
229 217  -1 -5  0 -9 
229 219  -1 -5  0 -9 
229 220  -1 -5  0 -9 
229 253   1 -3  0 -9 
229 300   1 -6  0 -9 
229 301   1 -6  0 -9 
230 111  -1 -4  0 -9 
230 221  -1 -5  0 -9 
230 222  -1 -5  0 -9 
230 254   1 -3  0 -9 
230 302   1 -6  0 -9 
230 303   1 -6  0 -9 
231 112  -1 -4  0 -9 
231 223  -1 -5  0 -9 
231 255   1 -3  0 -9 
231 304   1 -6  0 -9 
232 218  -1 -4  0 -9 
232 224  -1 -4  0 -9 
232 265   1 -3  0 -9 
232 299   1 -5  0 -9 
232 305   1 -5  0 -9 
232 315  -1 -4  0 -9 
233 225  -1 -4  0 -9 
233 266   1 -3  0 -9 
233 306   1 -5  0 -9 
233 316  -1 -4  0 -9 
234 219  -1 -4  0 -9 
234 224  -1 -5  0 -9 
234 267   1 -3  0 -9 
234 300   1 -5  0 -9 
234 305   1 -6  0 -9 
234 317  -1 -4  0 -9 
235 219  -1 -5  0 -9 
235 225  -1 -5  0 -9 
235 226  -1 -5  0 -9 
235 268   1 -3  0 -9 
235 300   1 -6  0 -9 
235 306   1 -6  0 -9 
235 307   1 -6  0 -9 
235 318  -1 -4  0 -9 
236 227  -1 -5  0 -9 
236 269   1 -3  0 -9 
236 308   1 -6  0 -9 
236 319  -1 -4  0 -9 
237 226  -1 -4  0 -9 
237 270   1 -3  0 -9 
237 307   1 -5  0 -9 
237 320  -1 -4  0 -9 
238 224  -1 -4  0 -9 
238 227  -1 -4  0 -9 
238 271   1 -3  0 -9 
238 305   1 -5  0 -9 
238 308   1 -5  0 -9 
238 321  -1 -4  0 -9 
239 226  -1 -5  0 -9 
239 272   1 -3  0 -9 
239 307   1 -6  0 -9 
239 322  -1 -4  0 -9 
240 22   1 -3  0 -9 
240 73   1 -6  0 -9 
240 97  -1 -5  0 -9 
240 216  -1 -5  0 -9 
240 218  -1 -5  0 -9 
240 299   1 -6  0 -9 
241 23   1 -3  0 -9 
241 74   1 -6  0 -9 
241 98  -1 -5  0 -9 
241 217  -1 -5  0 -9 
241 219  -1 -5  0 -9 
241 300   1 -6  0 -9 
242 24   1 -3  0 -9 
242 99  -1 -5  0 -9 
242 220  -1 -5  0 -9 
242 301   1 -6  0 -9 
243 25   1 -3  0 -9 
243 100  -1 -5  0 -9 
243 221  -1 -5  0 -9 
243 302   1 -6  0 -9 
244 26   1 -3  0 -9 
244 101  -1 -5  0 -9 
244 222  -1 -5  0 -9 
244 303   1 -6  0 -9 
245 27   1 -3  0 -9 
245 102  -1 -5  0 -9 
245 223  -1 -5  0 -9 
245 304   1 -6  0 -9 
246 99  -1 -4  0 -9 
246 103   1 -3  0 -9 
246 176  -1 -4  0 -9 
246 218  -1 -5  0 -9 
246 224  -1 -5  0 -9 
246 299   1 -6  0 -9 
246 305   1 -6  0 -9 
247 100  -1 -4  0 -9 
247 104   1 -3  0 -9 
247 177  -1 -4  0 -9 
247 225  -1 -5  0 -9 
247 306   1 -6  0 -9 
248 101  -1 -4  0 -9 
248 105   1 -3  0 -9 
248 178  -1 -4  0 -9 
248 219  -1 -5  0 -9 
248 226  -1 -5  0 -9 
248 300   1 -6  0 -9 
248 307   1 -6  0 -9 
249 102  -1 -4  0 -9 
249 106   1 -3  0 -9 
249 179  -1 -4  0 -9 
249 227  -1 -5  0 -9 
249 308   1 -6  0 -9 
250 107   1 -3  0 -9 
250 180  -1 -4  0 -9 
250 224  -1 -5  0 -9 
250 305   1 -6  0 -9 
251 108   1 -3  0 -9 
251 181  -1 -4  0 -9 
251 226  -1 -5  0 -9 
251 307   1 -6  0 -9 
252 109  -1 -5  0 -9 
252 218  -1 -4  0 -9 
252 228   1 -3  0 -9 
252 410   1 -6  0 -9 
253 110  -1 -5  0 -9 
253 217  -1 -4  0 -9 
253 219  -1 -4  0 -9 
253 220  -1 -4  0 -9 
253 229   1 -3  0 -9 
253 411   1 -6  0 -9 
254 111  -1 -5  0 -9 
254 221  -1 -4  0 -9 
254 222  -1 -4  0 -9 
254 230   1 -3  0 -9 
254 412   1 -6  0 -9 
255 112  -1 -5  0 -9 
255 223  -1 -4  0 -9 
255 231   1 -3  0 -9 
255 413   1 -6  0 -9 
256 113  -1 -1  0 -9 
256 156  -1 -3  0 -9 
256 190  -1 -3  0 -9 
256 218  -1 -3  0 -9 
256 224  -1 -3  0 -9 
256 232  -1 -1  0 -9 
256 256   1  0  0 -9 
256 265   1 -2  0 -9 
256 273  -1 -1  0 -9 
256 299   1 -4  0 -9 
256 305   1 -4  0 -9 
256 309  -1 -3  0 -9 
256 315  -1 -3  0 -9 
256 323   1 -2  0 -9 
256 382   1 -2  0 -9 
256 422  -1 -3  0 -9 
256 460   1 -4  0 -9 
257 114  -1 -1  0 -9 
257 191  -1 -3  0 -9 
257 225  -1 -3  0 -9 
257 233  -1 -1  0 -9 
257 257   1  0  0 -9 
257 266   1 -2  0 -9 
257 274  -1 -1  0 -9 
257 306   1 -4  0 -9 
257 310  -1 -3  0 -9 
257 316  -1 -3  0 -9 
257 324   1 -2  0 -9 
257 383   1 -2  0 -9 
257 423  -1 -3  0 -9 
257 461   1 -4  0 -9 
258 23  -1 -1  0 -9 
258 24  -1 -1  0 -9 
258 42  -1 -1  0 -9 
258 51  -1 -1  0 -9 
258 76   1 -2  0 -9 
258 85   1 -2  0 -9 
258 98  -1 -3  0 -9 
258 99  -1 -3  0 -9 
258 103   1 -2  0 -9 
258 109  -1 -3  0 -9 
258 110   1 -2 -1 -4  0 -9 
258 115  -1 -1  0 -9 
258 157  -2 -3  0 -9 
258 176  -1 -3  0 -9 
258 192  -1 -3  0 -9 
258 217  -1 -3  0 -9 
258 218   1 -2 -1 -4  0 -9 
258 219  -1 -1 -2 -3 -1 -5  0 -9 
258 220  -1 -3  0 -9 
258 224   1 -2 -1 -4  0 -9 
258 228  -1 -1  0 -9 
258 229   1 -2  0 -9 
258 234  -1 -1  0 -9 
258 241   1 -2  0 -9 
258 242   1 -2  0 -9 
258 246  -1 -1  0 -9 
258 252   1 -2  0 -9 
258 253  -1 -1  0 -9 
258 258   1  0  0 -9 
258 267   1 -2  0 -9 
258 275  -1 -1  0 -9 
258 299   1 -5  0 -9 
258 300   1 -4  1 -6  0 -9 
258 305   1 -5  0 -9 
258 317  -1 -3  0 -9 
258 325   1 -2  0 -9 
258 362  -1 -3  0 -9 
258 384   1 -2  0 -9 
258 411   1 -5  0 -9 
258 424  -1 -3  0 -9 
258 462   1 -4  0 -9 
259 25  -1 -1  0 -9 
259 26  -1 -1  0 -9 
259 100  -1 -3  0 -9 
259 101  -1 -3  0 -9 
259 104   1 -2  0 -9 
259 105   1 -2  0 -9 
259 111   1 -2 -1 -4  0 -9 
259 116  -1 -1  0 -9 
259 177  -1 -3  0 -9 
259 178  -1 -3  0 -9 
259 193  -1 -3  0 -9 
259 219   1 -2 -1 -4  0 -9 
259 221  -1 -3  0 -9 
259 222  -1 -3  0 -9 
259 225   1 -2 -1 -4  0 -9 
259 226   1 -2 -1 -4  0 -9 
259 230   1 -2  0 -9 
259 235  -1 -1  0 -9 
259 243   1 -2  0 -9 
259 244   1 -2  0 -9 
259 247  -1 -1  0 -9 
259 248  -1 -1  0 -9 
259 254  -1 -1  0 -9 
259 259   1  0  0 -9 
259 268   1 -2  0 -9 
259 276  -1 -1  0 -9 
259 300   1 -5  0 -9 
259 306   1 -5  0 -9 
259 307   1 -5  0 -9 
259 318  -1 -3  0 -9 
259 326   1 -2  0 -9 
259 385   1 -2  0 -9 
259 412   1 -5  0 -9 
259 425  -1 -3  0 -9 
259 463   1 -4  0 -9 
260 27  -1 -1  0 -9 
260 102  -1 -3  0 -9 
260 106   1 -2  0 -9 
260 112   1 -2 -1 -4  0 -9 
260 117  -1 -1  0 -9 
260 179  -1 -3  0 -9 
260 194  -1 -3  0 -9 
260 223  -1 -3  0 -9 
260 227   1 -2 -1 -4  0 -9 
260 231   1 -2  0 -9 
260 236  -1 -1  0 -9 
260 245   1 -2  0 -9 
260 249  -1 -1  0 -9 
260 255  -1 -1  0 -9 
260 260   1  0  0 -9 
260 269   1 -2  0 -9 
260 277  -1 -1  0 -9 
260 308   1 -5  0 -9 
260 319  -1 -3  0 -9 
260 327   1 -2  0 -9 
260 386   1 -2  0 -9 
260 413   1 -5  0 -9 
260 426  -1 -3  0 -9 
260 464   1 -4  0 -9 
261 107   1 -2  0 -9 
261 111  -1 -3  0 -9 
261 118  -1 -1  0 -9 
261 157  -1 -3  0 -9 
261 180  -1 -3  0 -9 
261 195  -1 -3  0 -9 
261 219  -1 -3  0 -9 
261 224   1 -2 -1 -4  0 -9 
261 226  -1 -3  0 -9 
261 234  -1 -1  0 -9 
261 237  -1 -1  0 -9 
261 250  -1 -1  0 -9 
261 261   1  0  0 -9 
261 267   1 -2  0 -9 
261 270   1 -2  0 -9 
261 278  -1 -1  0 -9 
261 300   1 -4  0 -9 
261 303  -1 -3  0 -9 
261 305   1 -5  0 -9 
261 307   1 -4  0 -9 
261 311  -1 -3  0 -9 
261 317  -1 -3  0 -9 
261 320  -1 -3  0 -9 
261 328   1 -2  0 -9 
261 387   1 -2  0 -9 
261 412   1 -4  0 -9 
261 427  -1 -3  0 -9 
261 465   1 -4  0 -9 
262 25  -1 -1  0 -9 
262 100  -1 -3  0 -9 
262 112  -1 -3  0 -9 
262 119  -1 -1  0 -9 
262 196  -1 -3  0 -9 
262 221  -1 -3  0 -9 
262 224  -1 -3  0 -9 
262 227  -1 -3  0 -9 
262 238  -1 -1  0 -9 
262 243   1 -2  0 -9 
262 262   1  0  0 -9 
262 271   1 -2  0 -9 
262 279  -1 -1  0 -9 
262 302   1 -4  0 -9 
262 304  -1 -3  0 -9 
262 305   1 -4  0 -9 
262 308   1 -4  0 -9 
262 312  -1 -3  0 -9 
262 313  -1 -3  0 -9 
262 321  -1 -3  0 -9 
262 329   1 -2  0 -9 
262 388   1 -2  0 -9 
262 413   1 -4  0 -9 
262 428  -1 -3  0 -9 
262 466   1 -4  0 -9 
263 120  -1 -1  0 -9 
263 197  -1 -3  0 -9 
263 226  -1 -3  0 -9 
263 237  -1 -1  0 -9 
263 263   1  0  0 -9 
263 270   1 -2  0 -9 
263 280  -1 -1  0 -9 
263 307   1 -4  0 -9 
263 314  -1 -3  0 -9 
263 320  -1 -3  0 -9 
263 330   1 -2  0 -9 
263 389   1 -2  0 -9 
263 429  -1 -3  0 -9 
263 467   1 -4  0 -9 
264 108   1 -2  0 -9 
264 112  -1 -3  0 -9 
264 121  -1 -1  0 -9 
264 181  -1 -3  0 -9 
264 198  -1 -3  0 -9 
264 226   1 -2 -1 -4  0 -9 
264 239  -1 -1  0 -9 
264 251  -1 -1  0 -9 
264 264   1  0  0 -9 
264 272   1 -2  0 -9 
264 281  -1 -1  0 -9 
264 307   1 -5  0 -9 
264 322  -1 -3  0 -9 
264 331   1 -2  0 -9 
264 390   1 -2  0 -9 
264 413   1 -4  0 -9 
264 430  -1 -3  0 -9 
264 468   1 -4  0 -9 
265 218  -1 -5  0 -9 
265 224  -1 -5  0 -9 
265 232   1 -3  0 -9 
265 299   1 -6  0 -9 
265 305   1 -6  0 -9 
265 315  -1 -5  0 -9 
265 414   1 -6  0 -9 
266 225  -1 -5  0 -9 
266 233   1 -3  0 -9 
266 306   1 -6  0 -9 
266 316  -1 -5  0 -9 
266 415   1 -6  0 -9 
267 219  -1 -5  0 -9 
267 224  -1 -4  0 -9 
267 234   1 -3  0 -9 
267 300   1 -6  0 -9 
267 317  -1 -5  0 -9 
267 416   1 -6  0 -9 
268 219  -1 -4  0 -9 
268 225  -1 -4  0 -9 
268 226  -1 -4  0 -9 
268 235   1 -3  0 -9 
268 318  -1 -5  0 -9 
268 417   1 -6  0 -9 
269 227  -1 -4  0 -9 
269 236   1 -3  0 -9 
269 319  -1 -5  0 -9 
269 418   1 -6  0 -9 
270 226  -1 -5  0 -9 
270 237   1 -3  0 -9 
270 307   1 -6  0 -9 
270 320  -1 -5  0 -9 
270 419   1 -6  0 -9 
271 224  -1 -5  0 -9 
271 227  -1 -5  0 -9 
271 238   1 -3  0 -9 
271 305   1 -6  0 -9 
271 308   1 -6  0 -9 
271 321  -1 -5  0 -9 
271 420   1 -6  0 -9 
272 226  -1 -4  0 -9 
272 239   1 -3  0 -9 
272 322  -1 -5  0 -9 
272 421   1 -6  0 -9 
273 156  -1 -4  0 -9 
273 190  -1 -4  0 -9 
273 218  -1 -4  0 -9 
273 224  -1 -4  0 -9 
273 299   1 -5  0 -9 
273 305   1 -5  0 -9 
273 309  -1 -4  0 -9 
273 315  -1 -4  0 -9 
273 323   1 -3  0 -9 
273 414   1 -5  0 -9 
273 422  -1 -4  0 -9 
273 460   1 -5  0 -9 
274 191  -1 -4  0 -9 
274 225  -1 -4  0 -9 
274 306   1 -5  0 -9 
274 310  -1 -4  0 -9 
274 316  -1 -4  0 -9 
274 324   1 -3  0 -9 
274 415   1 -5  0 -9 
274 423  -1 -4  0 -9 
274 461   1 -5  0 -9 
275 157  -1 -4  0 -9 
275 192  -1 -4  0 -9 
275 219  -1 -4  0 -9 
275 300   1 -5  0 -9 
275 317  -1 -4  0 -9 
275 325   1 -3  0 -9 
275 416   1 -5  0 -9 
275 424  -1 -4  0 -9 
275 462   1 -5  0 -9 
276 193  -1 -4  0 -9 
276 318  -1 -4  0 -9 
276 326   1 -3  0 -9 
276 417   1 -5  0 -9 
276 425  -1 -4  0 -9 
276 463   1 -5  0 -9 
277 194  -1 -4  0 -9 
277 319  -1 -4  0 -9 
277 327   1 -3  0 -9 
277 418   1 -5  0 -9 
277 426  -1 -4  0 -9 
277 464   1 -5  0 -9 
278 111  -1 -4  0 -9 
278 157  -1 -4  0 -9 
278 195  -1 -4  0 -9 
278 219  -1 -4  0 -9 
278 226  -1 -4  0 -9 
278 300   1 -5  0 -9 
278 303  -1 -4  0 -9 
278 307   1 -5  0 -9 
278 311  -1 -4  0 -9 
278 317  -1 -4  0 -9 
278 320  -1 -4  0 -9 
278 328   1 -3  0 -9 
278 412   1 -5  0 -9 
278 416   1 -5  0 -9 
278 419   1 -5  0 -9 
278 427  -1 -4  0 -9 
278 465   1 -5  0 -9 
279 100  -1 -4  0 -9 
279 112  -1 -4  0 -9 
279 196  -1 -4  0 -9 
279 221  -1 -4  0 -9 
279 224  -1 -4  0 -9 
279 227  -1 -4  0 -9 
279 302   1 -5  0 -9 
279 304  -1 -4  0 -9 
279 305   1 -5  0 -9 
279 308   1 -5  0 -9 
279 312  -1 -4  0 -9 
279 313  -1 -4  0 -9 
279 321  -1 -4  0 -9 
279 329   1 -3  0 -9 
279 413   1 -5  0 -9 
279 420   1 -5  0 -9 
279 428  -1 -4  0 -9 
279 466   1 -5  0 -9 
280 197  -1 -4  0 -9 
280 226  -1 -4  0 -9 
280 307   1 -5  0 -9 
280 314  -1 -4  0 -9 
280 320  -1 -4  0 -9 
280 330   1 -3  0 -9 
280 419   1 -5  0 -9 
280 429  -1 -4  0 -9 
280 467   1 -5  0 -9 
281 112  -1 -4  0 -9 
281 198  -1 -4  0 -9 
281 322  -1 -4  0 -9 
281 331   1 -3  0 -9 
281 413   1 -5  0 -9 
281 421   1 -5  0 -9 
281 430  -1 -4  0 -9 
281 468   1 -5  0 -9 
282 224  -1 -5  0 -9 
282 305   1 -6  0 -9 
282 332   1 -3  0 -9 
282 349  -1 -4  0 -9 
282 431  -1 -4  0 -9 
282 479   1 -5  0 -9 
283 226  -1 -4  0 -9 
283 307   1 -5  0 -9 
283 311  -1 -4  0 -9 
283 320  -1 -4  0 -9 
283 333   1 -3  0 -9 
283 350  -1 -4  0 -9 
283 419   1 -5  0 -9 
283 432  -1 -4  0 -9 
283 480   1 -5  0 -9 
284 224  -1 -4  0 -9 
284 227  -1 -4  0 -9 
284 305   1 -5  0 -9 
284 308   1 -5  0 -9 
284 309  -1 -4  0 -9 
284 312  -1 -4  0 -9 
284 321  -1 -4  0 -9 
284 334   1 -3  0 -9 
284 351  -1 -4  0 -9 
284 420   1 -5  0 -9 
284 433  -1 -4  0 -9 
284 481   1 -5  0 -9 
285 322  -1 -4  0 -9 
285 335   1 -3  0 -9 
285 352  -1 -4  0 -9 
285 421   1 -5  0 -9 
285 434  -1 -4  0 -9 
285 482   1 -5  0 -9 
286 224  -1 -4  0 -9 
286 305   1 -5  0 -9 
286 336   1 -3  0 -9 
286 353  -1 -4  0 -9 
286 435  -1 -4  0 -9 
286 483   1 -5  0 -9 
287 337   1 -3  0 -9 
287 354  -1 -4  0 -9 
287 436  -1 -4  0 -9 
287 484   1 -5  0 -9 
288 338   1 -3  0 -9 
288 355  -1 -4  0 -9 
288 437  -1 -4  0 -9 
288 485   1 -5  0 -9 
289 312  -1 -4  0 -9 
289 339   1 -3  0 -9 
289 356  -1 -4  0 -9 
289 438  -1 -4  0 -9 
289 486   1 -5  0 -9 
290 340   1 -3  0 -9 
290 357  -1 -4  0 -9 
290 439  -1 -4  0 -9 
290 487   1 -5  0 -9 
291 157  -1 -3  0 -9 
291 192  -1 -3  0 -9 
291 219  -1 -3  0 -9 
291 224   1 -2 -1 -4  0 -9 
291 234  -1 -1  0 -9 
291 267   1 -2  0 -9 
291 275  -1 -1  0 -9 
291 282  -1 -1  0 -9 
291 291   1  0  0 -9 
291 300   1 -4  0 -9 
291 305   1 -5  0 -9 
291 317  -1 -3  0 -9 
291 325   1 -2  0 -9 
291 332   1 -2  0 -9 
291 341  -1 -1  0 -9 
291 349  -1 -3  0 -9 
291 424  -1 -3  0 -9 
291 431  -1 -3  0 -9 
291 440   1 -2  0 -9 
291 462   1 -4  0 -9 
291 479   1 -4  0 -9 
291 488  -1 -3  0 -9 
292 226  -1 -3  0 -9 
292 237  -1 -1  0 -9 
292 270   1 -2  0 -9 
292 283  -1 -1  0 -9 
292 292   1  0  0 -9 
292 307   1 -4  0 -9 
292 311  -1 -3  0 -9 
292 320  -1 -3  0 -9 
292 333   1 -2  0 -9 
292 342  -1 -1  0 -9 
292 350  -1 -3  0 -9 
292 432  -1 -3  0 -9 
292 441   1 -2  0 -9 
292 480   1 -4  0 -9 
292 489  -1 -3  0 -9 
293 224  -1 -3  0 -9 
293 227  -1 -3  0 -9 
293 238  -1 -1  0 -9 
293 271   1 -2  0 -9 
293 284  -1 -1  0 -9 
293 293   1  0  0 -9 
293 305   1 -4  0 -9 
293 308   1 -4  0 -9 
293 309  -1 -3  0 -9 
293 312  -1 -3  0 -9 
293 321  -1 -3  0 -9 
293 334   1 -2  0 -9 
293 343  -1 -1  0 -9 
293 351  -1 -3  0 -9 
293 433  -1 -3  0 -9 
293 442   1 -2  0 -9 
293 481   1 -4  0 -9 
293 490  -1 -3  0 -9 
294 65  -1 -1  0 -9 
294 164   1 -2  0 -9 
294 184  -1 -3  0 -9 
294 193  -1 -3  0 -9 
294 224  -1 -3  0 -9 
294 276  -1 -1  0 -9 
294 286  -1 -1  0 -9 
294 287  -1 -1  0 -9 
294 294   1  0  0 -9 
294 305   1 -4  0 -9 
294 318  -1 -3  0 -9 
294 326   1 -2  0 -9 
294 336   1 -2  0 -9 
294 337   1 -2  0 -9 
294 344  -1 -1  0 -9 
294 353  -1 -3  0 -9 
294 354  -1 -3  0 -9 
294 368  -1 -3  0 -9 
294 415  -1 -3  0 -9 
294 416  -1 -3  0 -9 
294 417   1 -4  0 -9 
294 419  -1 -3  0 -9 
294 425  -1 -3  0 -9 
294 435  -1 -3  0 -9 
294 436  -1 -3  0 -9 
294 443   1 -2  0 -9 
294 454   1 -4  0 -9 
294 463   1 -4  0 -9 
294 483   1 -4  0 -9 
294 484   1 -4  0 -9 
294 491  -1 -3  0 -9 
295 194  -1 -3  0 -9 
295 277  -1 -1  0 -9 
295 288  -1 -1  0 -9 
295 295   1  0  0 -9 
295 319  -1 -3  0 -9 
295 327   1 -2  0 -9 
295 338   1 -2  0 -9 
295 345  -1 -1  0 -9 
295 355  -1 -3  0 -9 
295 418   1 -4  0 -9 
295 420  -1 -3  0 -9 
295 426  -1 -3  0 -9 
295 437  -1 -3  0 -9 
295 444   1 -2  0 -9 
295 464   1 -4  0 -9 
295 485   1 -4  0 -9 
295 492  -1 -3  0 -9 
296 289  -1 -1  0 -9 
296 296   1  0  0 -9 
296 312  -1 -3  0 -9 
296 339   1 -2  0 -9 
296 346  -1 -1  0 -9 
296 356  -1 -3  0 -9 
296 415  -1 -3  0 -9 
296 419  -1 -3  0 -9 
296 438  -1 -3  0 -9 
296 445   1 -2  0 -9 
296 486   1 -4  0 -9 
296 493  -1 -3  0 -9 
297 285  -1 -1  0 -9 
297 287  -1 -1  0 -9 
297 297   1  0  0 -9 
297 322  -1 -3  0 -9 
297 335   1 -2  0 -9 
297 337   1 -2  0 -9 
297 347  -1 -1  0 -9 
297 352  -1 -3  0 -9 
297 354  -1 -3  0 -9 
297 419  -1 -3  0 -9 
297 421   1 -4  0 -9 
297 434  -1 -3  0 -9 
297 436  -1 -3  0 -9 
297 446   1 -2  0 -9 
297 482   1 -4  0 -9 
297 484   1 -4  0 -9 
297 494  -1 -3  0 -9 
298 290  -1 -1  0 -9 
298 298   1  0  0 -9 
298 340   1 -2  0 -9 
298 348  -1 -1  0 -9 
298 357  -1 -3  0 -9 
298 439  -1 -3  0 -9 
298 447   1 -2  0 -9 
298 487   1 -4  0 -9 
298 495  -1 -3  0 -9 
299 299   1 -8  0 -9 
300 300   1 -8  0 -9 
301 301   1 -8  0 -9 
302 302   1 -8  0 -9 
303 303   1 -8  0 -9 
304 304   1 -8  0 -9 
305 305   1 -8  0 -9 
306 306   1 -8  0 -9 
307 307   1 -8  0 -9 
308 308   1 -8  0 -9 
309 309   1 -8  0 -9 
310 310   1 -8  0 -9 
311 311   1 -8  0 -9 
312 312   1 -8  0 -9 
313 313   1 -8  0 -9 
314 314   1 -8  0 -9 
315 299   1 -7  0 -9 
315 305   1 -7  0 -9 
315 315  -1 -6  0 -9 
315 414   1 -7  0 -9 
316 306   1 -7  0 -9 
316 316  -1 -6  0 -9 
316 415   1 -7  0 -9 
317 300   1 -7  0 -9 
317 317  -1 -6  0 -9 
317 416   1 -7  0 -9 
318 318  -1 -6  0 -9 
318 417   1 -7  0 -9 
319 319  -1 -6  0 -9 
319 418   1 -7  0 -9 
320 307   1 -7  0 -9 
320 320  -1 -6  0 -9 
320 419   1 -7  0 -9 
321 305   1 -7  0 -9 
321 308   1 -7  0 -9 
321 321  -1 -6  0 -9 
321 420   1 -7  0 -9 
322 322  -1 -6  0 -9 
322 421   1 -7  0 -9 
323 156   1 -7  0 -9 
323 190  -1 -5  0 -9 
323 218  -1 -5  0 -9 
323 224  -1 -5  0 -9 
323 273   1 -3  0 -9 
323 299   1 -6  0 -9 
323 305   1 -6  0 -9 
323 309   1 -7  0 -9 
323 315  -1 -5  0 -9 
323 414   1 -6  0 -9 
323 422  -1 -5  0 -9 
323 460   1 -6  0 -9 
324 191  -1 -5  0 -9 
324 225  -1 -5  0 -9 
324 274   1 -3  0 -9 
324 306   1 -6  0 -9 
324 310   1 -7  0 -9 
324 316  -1 -5  0 -9 
324 415   1 -6  0 -9 
324 423  -1 -5  0 -9 
324 461   1 -6  0 -9 
325 157   1 -7  0 -9 
325 192  -1 -5  0 -9 
325 219  -1 -5  0 -9 
325 275   1 -3  0 -9 
325 300   1 -6  0 -9 
325 309   1 -6  0 -9 
325 317  -1 -5  0 -9 
325 416   1 -6  0 -9 
325 424  -1 -5  0 -9 
325 462   1 -6  0 -9 
326 157   1 -6  0 -9 
326 193  -1 -5  0 -9 
326 276   1 -3  0 -9 
326 310   1 -6  0 -9 
326 311   1 -6  0 -9 
326 318  -1 -5  0 -9 
326 417   1 -6  0 -9 
326 425  -1 -5  0 -9 
326 463   1 -6  0 -9 
327 194  -1 -5  0 -9 
327 277   1 -3  0 -9 
327 312   1 -6  0 -9 
327 319  -1 -5  0 -9 
327 418   1 -6  0 -9 
327 426  -1 -5  0 -9 
327 464   1 -6  0 -9 
328 111  -1 -5  0 -9 
328 157   1 -7  0 -9 
328 195  -1 -5  0 -9 
328 219  -1 -5  0 -9 
328 226  -1 -5  0 -9 
328 278   1 -3  0 -9 
328 300   1 -6  0 -9 
328 303   1 -7  0 -9 
328 307   1 -6  0 -9 
328 311   1 -7  0 -9 
328 313   1 -6  0 -9 
328 317  -1 -5  0 -9 
328 320  -1 -5  0 -9 
328 412   1 -6  0 -9 
328 416   1 -6  0 -9 
328 419   1 -6  0 -9 
328 427  -1 -5  0 -9 
328 465   1 -6  0 -9 
329 100  -1 -5  0 -9 
329 112  -1 -5  0 -9 
329 196  -1 -5  0 -9 
329 221  -1 -5  0 -9 
329 224  -1 -5  0 -9 
329 227  -1 -5  0 -9 
329 279   1 -3  0 -9 
329 302   1 -6  0 -9 
329 304   1 -7  0 -9 
329 305   1 -6  0 -9 
329 308   1 -6  0 -9 
329 312   1 -7  0 -9 
329 313   1 -7  0 -9 
329 321  -1 -5  0 -9 
329 413   1 -6  0 -9 
329 420   1 -6  0 -9 
329 428  -1 -5  0 -9 
329 466   1 -6  0 -9 
330 197  -1 -5  0 -9 
330 226  -1 -5  0 -9 
330 280   1 -3  0 -9 
330 307   1 -6  0 -9 
330 314   1 -7  0 -9 
330 320  -1 -5  0 -9 
330 419   1 -6  0 -9 
330 429  -1 -5  0 -9 
330 467   1 -6  0 -9 
331 112  -1 -5  0 -9 
331 198  -1 -5  0 -9 
331 281   1 -3  0 -9 
331 314   1 -6  0 -9 
331 322  -1 -5  0 -9 
331 413   1 -6  0 -9 
331 421   1 -6  0 -9 
331 430  -1 -5  0 -9 
331 468   1 -6  0 -9 
332 224  -1 -4  0 -9 
332 282   1 -3  0 -9 
332 309   1 -6  0 -9 
332 349  -1 -5  0 -9 
332 431  -1 -5  0 -9 
332 479   1 -6  0 -9 
333 226  -1 -5  0 -9 
333 283   1 -3  0 -9 
333 307   1 -6  0 -9 
333 311   1 -7  0 -9 
333 320  -1 -5  0 -9 
333 350  -1 -5  0 -9 
333 419   1 -6  0 -9 
333 432  -1 -5  0 -9 
333 480   1 -6  0 -9 
334 224  -1 -5  0 -9 
334 227  -1 -5  0 -9 
334 284   1 -3  0 -9 
334 305   1 -6  0 -9 
334 308   1 -6  0 -9 
334 309   1 -7  0 -9 
334 312   1 -7  0 -9 
334 321  -1 -5  0 -9 
334 351  -1 -5  0 -9 
334 420   1 -6  0 -9 
334 433  -1 -5  0 -9 
334 481   1 -6  0 -9 
335 285   1 -3  0 -9 
335 311   1 -6  0 -9 
335 322  -1 -5  0 -9 
335 352  -1 -5  0 -9 
335 421   1 -6  0 -9 
335 434  -1 -5  0 -9 
335 482   1 -6  0 -9 
336 224  -1 -5  0 -9 
336 286   1 -3  0 -9 
336 305   1 -6  0 -9 
336 310   1 -6  0 -9 
336 353  -1 -5  0 -9 
336 435  -1 -5  0 -9 
336 483   1 -6  0 -9 
337 287   1 -3  0 -9 
337 311   1 -6  0 -9 
337 354  -1 -5  0 -9 
337 436  -1 -5  0 -9 
337 484   1 -6  0 -9 
338 288   1 -3  0 -9 
338 312   1 -6  0 -9 
338 355  -1 -5  0 -9 
338 437  -1 -5  0 -9 
338 485   1 -6  0 -9 
339 289   1 -3  0 -9 
339 312   1 -7  0 -9 
339 356  -1 -5  0 -9 
339 438  -1 -5  0 -9 
339 486   1 -6  0 -9 
340 290   1 -3  0 -9 
340 357  -1 -5  0 -9 
340 439  -1 -5  0 -9 
340 487   1 -6  0 -9 
341 192  -1 -4  0 -9 
341 309   1 -5  0 -9 
341 349  -1 -4  0 -9 
341 424  -1 -4  0 -9 
341 431  -1 -4  0 -9 
341 440   1 -3  0 -9 
341 462   1 -5  0 -9 
341 479   1 -5  0 -9 
341 488  -1 -4  0 -9 
342 350  -1 -4  0 -9 
342 432  -1 -4  0 -9 
342 441   1 -3  0 -9 
342 480   1 -5  0 -9 
342 489  -1 -4  0 -9 
343 351  -1 -4  0 -9 
343 433  -1 -4  0 -9 
343 442   1 -3  0 -9 
343 481   1 -5  0 -9 
343 490  -1 -4  0 -9 
344 157   1 -5  0 -9 
344 184  -1 -4  0 -9 
344 193  -1 -4  0 -9 
344 224  -1 -4  0 -9 
344 305   1 -5  0 -9 
344 310   1 -5  0 -9 
344 311   1 -5  0 -9 
344 318  -1 -4  0 -9 
344 353  -1 -4  0 -9 
344 354  -1 -4  0 -9 
344 368  -1 -4  0 -9 
344 415  -1 -4  0 -9 
344 416  -1 -4  0 -9 
344 417   1 -5  0 -9 
344 419  -1 -4  0 -9 
344 425  -1 -4  0 -9 
344 435  -1 -4  0 -9 
344 436  -1 -4  0 -9 
344 443   1 -3  0 -9 
344 454   1 -5  0 -9 
344 463   1 -5  0 -9 
344 483   1 -5  0 -9 
344 484   1 -5  0 -9 
344 491  -1 -4  0 -9 
345 194  -1 -4  0 -9 
345 312   1 -5  0 -9 
345 319  -1 -4  0 -9 
345 355  -1 -4  0 -9 
345 418   1 -5  0 -9 
345 420  -1 -4  0 -9 
345 426  -1 -4  0 -9 
345 437  -1 -4  0 -9 
345 444   1 -3  0 -9 
345 464   1 -5  0 -9 
345 485   1 -5  0 -9 
345 492  -1 -4  0 -9 
346 356  -1 -4  0 -9 
346 415  -1 -4  0 -9 
346 419  -1 -4  0 -9 
346 438  -1 -4  0 -9 
346 445   1 -3  0 -9 
346 486   1 -5  0 -9 
346 493  -1 -4  0 -9 
347 311   1 -5  0 -9 
347 322  -1 -4  0 -9 
347 352  -1 -4  0 -9 
347 354  -1 -4  0 -9 
347 419  -1 -4  0 -9 
347 421   1 -5  0 -9 
347 434  -1 -4  0 -9 
347 436  -1 -4  0 -9 
347 446   1 -3  0 -9 
347 482   1 -5  0 -9 
347 484   1 -5  0 -9 
347 494  -1 -4  0 -9 
348 357  -1 -4  0 -9 
348 439  -1 -4  0 -9 
348 447   1 -3  0 -9 
348 487   1 -5  0 -9 
348 495  -1 -4  0 -9 
349 309   1 -7  0 -9 
349 349  -1 -6  0 -9 
349 479   1 -7  0 -9 
350 350  -1 -6  0 -9 
350 480   1 -7  0 -9 
351 351  -1 -6  0 -9 
351 481   1 -7  0 -9 
352 352  -1 -6  0 -9 
352 482   1 -7  0 -9 
353 305   1 -7  0 -9 
353 310   1 -7  0 -9 
353 353  -1 -6  0 -9 
353 483   1 -7  0 -9 
354 311   1 -7  0 -9 
354 354  -1 -6  0 -9 
354 484   1 -7  0 -9 
355 312   1 -7  0 -9 
355 355  -1 -6  0 -9 
355 485   1 -7  0 -9 
356 356  -1 -6  0 -9 
356 486   1 -7  0 -9 
357 357  -1 -6  0 -9 
357 487   1 -7  0 -9 
358 350  -1 -5  0 -9 
358 436  -1 -4  0 -9 
358 448   1 -3  0 -9 
358 480   1 -6  0 -9 
358 496  -1 -4  0 -9 
359 351  -1 -5  0 -9 
359 431  -1 -4  0 -9 
359 437  -1 -4  0 -9 
359 449   1 -3  0 -9 
359 481   1 -6  0 -9 
359 497  -1 -4  0 -9 
360 352  -1 -5  0 -9 
360 450   1 -3  0 -9 
360 482   1 -6  0 -9 
360 498  -1 -4  0 -9 
361 352  -1 -4  0 -9 
361 451   1 -3  0 -9 
361 482   1 -5  0 -9 
361 499  -1 -4  0 -9 
362 156   1 -7  0 -9 
362 362  -1 -6  0 -9 
362 410   1 -7  0 -9 
363 157   1 -7  0 -9 
363 158   1 -7  0 -9 
363 363  -1 -6  0 -9 
363 411   1 -7  0 -9 
364 74   1 -7  0 -9 
364 159   1 -7  0 -9 
364 160   1 -7  0 -9 
364 364  -1 -6  0 -9 
364 412   1 -7  0 -9 
365 161   1 -7  0 -9 
365 365  -1 -6  0 -9 
365 413   1 -7  0 -9 
366 366  -1 -6  0 -9 
366 452   1 -7  0 -9 
367 367  -1 -6  0 -9 
367 453   1 -7  0 -9 
368 368  -1 -6  0 -9 
368 454   1 -7  0 -9 
369 369  -1 -6  0 -9 
369 455   1 -7  0 -9 
370 157   1 -7  0 -9 
370 370  -1 -6  0 -9 
370 456   1 -7  0 -9 
371 371  -1 -6  0 -9 
371 457   1 -7  0 -9 
372 372  -1 -6  0 -9 
372 458   1 -7  0 -9 
373 160   1 -7  0 -9 
373 373  -1 -6  0 -9 
373 459   1 -7  0 -9 
374 89   1 -3  0 -9 
374 109  -1 -5  0 -9 
374 156   1 -6  0 -9 
374 182  -1 -5  0 -9 
374 362  -1 -5  0 -9 
374 366  -1 -5  0 -9 
374 410   1 -6  0 -9 
374 414   1 -7  0 -9 
374 452   1 -6  0 -9 
375 90   1 -3  0 -9 
375 183  -1 -5  0 -9 
375 367  -1 -5  0 -9 
375 415   1 -7  0 -9 
375 453   1 -6  0 -9 
376 91   1 -3  0 -9 
376 110  -1 -5  0 -9 
376 157   1 -6  0 -9 
376 158   1 -6  0 -9 
376 172  -1 -5  0 -9 
376 184  -1 -5  0 -9 
376 224  -1 -5  0 -9 
376 305   1 -6  0 -9 
376 363  -1 -5  0 -9 
376 368  -1 -5  0 -9 
376 411   1 -6  0 -9 
376 416   1 -7  0 -9 
376 454   1 -6  0 -9 
377 74   1 -6  0 -9 
377 92   1 -3  0 -9 
377 98  -1 -5  0 -9 
377 109  -1 -5  0 -9 
377 111  -1 -5  0 -9 
377 156   1 -6  0 -9 
377 157  -1 -5  1 -7  0 -9 
377 159   1 -6  0 -9 
377 160   1 -6  0 -9 
377 173  -1 -5  0 -9 
377 174  -1 -5  0 -9 
377 185  -1 -5  0 -9 
377 219  -1 -5  0 -9 
377 225  -1 -5  0 -9 
377 226  -1 -5  0 -9 
377 300   1 -6  0 -9 
377 306   1 -6  0 -9 
377 307   1 -6  0 -9 
377 362  -1 -5  0 -9 
377 364  -1 -5  0 -9 
377 369  -1 -5  0 -9 
377 410   1 -6  0 -9 
377 412   1 -6  0 -9 
377 417   1 -7  0 -9 
377 455   1 -6  0 -9 
378 93   1 -3  0 -9 
378 112  -1 -5  0 -9 
378 157   1 -6  0 -9 
378 161   1 -6  0 -9 
378 175  -1 -5  0 -9 
378 186  -1 -5  0 -9 
378 227  -1 -5  0 -9 
378 308   1 -6  0 -9 
378 365  -1 -5  0 -9 
378 370  -1 -5  0 -9 
378 413   1 -6  0 -9 
378 418   1 -7  0 -9 
378 456   1 -6  0 -9 
379 94   1 -3  0 -9 
379 187  -1 -5  0 -9 
379 371  -1 -5  0 -9 
379 419   1 -7  0 -9 
379 457   1 -6  0 -9 
380 95   1 -3  0 -9 
380 188  -1 -5  0 -9 
380 372  -1 -5  0 -9 
380 420   1 -7  0 -9 
380 458   1 -6  0 -9 
381 96   1 -3  0 -9 
381 160   1 -6  0 -9 
381 174  -1 -5  0 -9 
381 189  -1 -5  0 -9 
381 226  -1 -5  0 -9 
381 307   1 -6  0 -9 
381 373  -1 -5  0 -9 
381 421   1 -7  0 -9 
381 459   1 -6  0 -9 
382 113   1 -3  0 -9 
382 190  -1 -5  0 -9 
382 414   1 -6  0 -9 
382 422  -1 -5  0 -9 
382 460   1 -6  0 -9 
383 114   1 -3  0 -9 
383 191  -1 -5  0 -9 
383 415   1 -6  0 -9 
383 423  -1 -5  0 -9 
383 461   1 -6  0 -9 
384 110  -1 -4  0 -9 
384 115   1 -3  0 -9 
384 156   1 -6  0 -9 
384 157  -1 -5  1 -7  0 -9 
384 176  -1 -5  0 -9 
384 192  -1 -5  0 -9 
384 219  -1 -5  0 -9 
384 300   1 -6  0 -9 
384 309   1 -6  0 -9 
384 362  -1 -5  0 -9 
384 410   1 -6  0 -9 
384 416   1 -6  0 -9 
384 424  -1 -5  0 -9 
384 462   1 -6  0 -9 
385 111  -1 -4  0 -9 
385 116   1 -3  0 -9 
385 157   1 -6  0 -9 
385 177  -1 -5  0 -9 
385 178  -1 -5  0 -9 
385 193  -1 -5  0 -9 
385 310   1 -6  0 -9 
385 311   1 -6  0 -9 
385 417   1 -6  0 -9 
385 425  -1 -5  0 -9 
385 463   1 -6  0 -9 
386 112  -1 -4  0 -9 
386 117   1 -3  0 -9 
386 179  -1 -5  0 -9 
386 194  -1 -5  0 -9 
386 312   1 -6  0 -9 
386 418   1 -6  0 -9 
386 426  -1 -5  0 -9 
386 464   1 -6  0 -9 
387 111  -1 -5  0 -9 
387 118   1 -3  0 -9 
387 180  -1 -5  0 -9 
387 195  -1 -5  0 -9 
387 313   1 -6  0 -9 
387 412   1 -6  0 -9 
387 416   1 -6  0 -9 
387 419   1 -6  0 -9 
387 427  -1 -5  0 -9 
387 465   1 -6  0 -9 
388 112  -1 -5  0 -9 
388 119   1 -3  0 -9 
388 196  -1 -5  0 -9 
388 413   1 -6  0 -9 
388 420   1 -6  0 -9 
388 428  -1 -5  0 -9 
388 466   1 -6  0 -9 
389 120   1 -3  0 -9 
389 197  -1 -5  0 -9 
389 419   1 -6  0 -9 
389 429  -1 -5  0 -9 
389 467   1 -6  0 -9 
390 112  -1 -5  0 -9 
390 121   1 -3  0 -9 
390 181  -1 -5  0 -9 
390 198  -1 -5  0 -9 
390 314   1 -6  0 -9 
390 413   1 -6  0 -9 
390 421   1 -6  0 -9 
390 430  -1 -5  0 -9 
390 468   1 -6  0 -9 
391 190  -1 -4  0 -9 
391 199   1 -3  0 -9 
391 366  -1 -5  0 -9 
391 431  -1 -5  0 -9 
391 452   1 -6  0 -9 
391 479   1 -6  0 -9 
392 178  -1 -4  0 -9 
392 187  -1 -4  0 -9 
392 193  -1 -4  0 -9 
392 200   1 -3  0 -9 
392 226  -1 -5  0 -9 
392 307   1 -6  0 -9 
392 369  -1 -5  0 -9 
392 419   1 -6  0 -9 
392 432  -1 -5  0 -9 
392 455   1 -6  0 -9 
392 480   1 -6  0 -9 
393 157  -1 -4  1 -6  0 -9 
393 176  -1 -4  0 -9 
393 179  -1 -4  0 -9 
393 188  -1 -4  0 -9 
393 191  -1 -4  0 -9 
393 192  -1 -4  0 -9 
393 194  -1 -4  0 -9 
393 201   1 -3  0 -9 
393 224  -1 -5  0 -9 
393 227  -1 -5  0 -9 
393 305   1 -6  0 -9 
393 308   1 -6  0 -9 
393 367  -1 -5  0 -9 
393 368  -1 -5  0 -9 
393 370  -1 -5  0 -9 
393 420   1 -6  0 -9 
393 433  -1 -5  0 -9 
393 453   1 -6  0 -9 
393 454   1 -6  0 -9 
393 456   1 -6  0 -9 
393 481   1 -6  0 -9 
394 157   1 -6  0 -9 
394 178  -1 -5  0 -9 
394 189  -1 -4  0 -9 
394 194  -1 -4  0 -9 
394 202   1 -3  0 -9 
394 311   1 -6  0 -9 
394 370  -1 -5  0 -9 
394 421   1 -6  0 -9 
394 434  -1 -5  0 -9 
394 456   1 -6  0 -9 
394 482   1 -6  0 -9 
395 191  -1 -4  0 -9 
395 203   1 -3  0 -9 
395 435  -1 -5  0 -9 
395 483   1 -6  0 -9 
396 195  -1 -4  0 -9 
396 204   1 -3  0 -9 
396 368  -1 -5  0 -9 
396 436  -1 -5  0 -9 
396 454   1 -6  0 -9 
396 484   1 -6  0 -9 
397 196  -1 -4  0 -9 
397 205   1 -3  0 -9 
397 437  -1 -5  0 -9 
397 485   1 -6  0 -9 
398 179  -1 -4  0 -9 
398 191  -1 -4  0 -9 
398 194  -1 -4  0 -9 
398 197  -1 -4  0 -9 
398 206   1 -3  0 -9 
398 438  -1 -5  0 -9 
398 486   1 -6  0 -9 
399 198  -1 -4  0 -9 
399 207   1 -3  0 -9 
399 439  -1 -5  0 -9 
399 487   1 -6  0 -9 
400 170   1 -3  0 -9 
400 185  -1 -5  0 -9 
400 369  -1 -5  0 -9 
400 455   1 -6  0 -9 
400 469   1 -7  0 -9 
401 157   1 -6  0 -9 
401 171   1 -3  0 -9 
401 184  -1 -5  0 -9 
401 186  -1 -5  0 -9 
401 368  -1 -5  0 -9 
401 370  -1 -5  0 -9 
401 454   1 -6  0 -9 
401 456   1 -6  0 -9 
401 470   1 -7  0 -9 
402 192  -1 -4  0 -9 
402 208   1 -3  0 -9 
402 368  -1 -5  0 -9 
402 454   1 -6  0 -9 
402 471  -1 -5  0 -9 
402 488   1 -6  0 -9 
403 193  -1 -5  0 -9 
403 209   1 -3  0 -9 
403 463   1 -6  0 -9 
403 469   1 -6  0 -9 
403 472  -1 -5  0 -9 
403 489   1 -6  0 -9 
404 192  -1 -5  0 -9 
404 194  -1 -5  0 -9 
404 210   1 -3  0 -9 
404 462   1 -6  0 -9 
404 464   1 -6  0 -9 
404 470   1 -6  0 -9 
404 473  -1 -5  0 -9 
404 490   1 -6  0 -9 
405 193  -1 -4  0 -9 
405 211   1 -3  0 -9 
405 474  -1 -5  0 -9 
405 491   1 -6  0 -9 
406 194  -1 -4  0 -9 
406 212   1 -3  0 -9 
406 475  -1 -5  0 -9 
406 492   1 -6  0 -9 
407 194  -1 -5  0 -9 
407 213   1 -3  0 -9 
407 464   1 -6  0 -9 
407 476  -1 -5  0 -9 
407 493   1 -6  0 -9 
408 189  -1 -5  0 -9 
408 194  -1 -5  0 -9 
408 195  -1 -5  0 -9 
408 214   1 -3  0 -9 
408 419   1 -6  0 -9 
408 459   1 -6  0 -9 
408 464   1 -6  0 -9 
408 465   1 -6  0 -9 
408 470   1 -6  0 -9 
408 477  -1 -5  0 -9 
408 494   1 -6  0 -9 
409 198  -1 -5  0 -9 
409 215   1 -3  0 -9 
409 468   1 -6  0 -9 
409 478  -1 -5  0 -9 
409 495   1 -6  0 -9 
410 410   1 -8  0 -9 
411 411   1 -8  0 -9 
412 412   1 -8  0 -9 
413 413   1 -8  0 -9 
414 414   1 -8  0 -9 
415 415   1 -8  0 -9 
416 416   1 -8  0 -9 
417 417   1 -8  0 -9 
418 418   1 -8  0 -9 
419 419   1 -8  0 -9 
420 420   1 -8  0 -9 
421 421   1 -8  0 -9 
422 414   1 -7  0 -9 
422 422  -1 -6  0 -9 
422 460   1 -7  0 -9 
423 415   1 -7  0 -9 
423 423  -1 -6  0 -9 
423 461   1 -7  0 -9 
424 309   1 -7  0 -9 
424 416   1 -7  0 -9 
424 424  -1 -6  0 -9 
424 462   1 -7  0 -9 
425 157   1 -7  0 -9 
425 310   1 -7  0 -9 
425 311   1 -7  0 -9 
425 417   1 -7  0 -9 
425 425  -1 -6  0 -9 
425 463   1 -7  0 -9 
426 312   1 -7  0 -9 
426 418   1 -7  0 -9 
426 426  -1 -6  0 -9 
426 464   1 -7  0 -9 
427 313   1 -7  0 -9 
427 412   1 -7  0 -9 
427 416   1 -7  0 -9 
427 419   1 -7  0 -9 
427 427  -1 -6  0 -9 
427 465   1 -7  0 -9 
428 413   1 -7  0 -9 
428 420   1 -7  0 -9 
428 428  -1 -6  0 -9 
428 466   1 -7  0 -9 
429 419   1 -7  0 -9 
429 429  -1 -6  0 -9 
429 467   1 -7  0 -9 
430 314   1 -7  0 -9 
430 413   1 -7  0 -9 
430 421   1 -7  0 -9 
430 430  -1 -6  0 -9 
430 468   1 -7  0 -9 
431 431  -1 -6  0 -9 
431 479   1 -7  0 -9 
432 419   1 -7  0 -9 
432 432  -1 -6  0 -9 
432 480   1 -7  0 -9 
433 420   1 -7  0 -9 
433 433  -1 -6  0 -9 
433 481   1 -7  0 -9 
434 311   1 -7  0 -9 
434 421   1 -7  0 -9 
434 434  -1 -6  0 -9 
434 482   1 -7  0 -9 
435 435  -1 -6  0 -9 
435 483   1 -7  0 -9 
436 436  -1 -6  0 -9 
436 484   1 -7  0 -9 
437 437  -1 -6  0 -9 
437 485   1 -7  0 -9 
438 438  -1 -6  0 -9 
438 486   1 -7  0 -9 
439 439  -1 -6  0 -9 
439 487   1 -7  0 -9 
440 192  -1 -5  0 -9 
440 309   1 -6  0 -9 
440 341   1 -3  0 -9 
440 349  -1 -5  0 -9 
440 416   1 -6  0 -9 
440 424  -1 -5  0 -9 
440 431  -1 -5  0 -9 
440 462   1 -6  0 -9 
440 479   1 -6  0 -9 
440 488   1 -7  0 -9 
441 342   1 -3  0 -9 
441 350  -1 -5  0 -9 
441 419   1 -6  0 -9 
441 432  -1 -5  0 -9 
441 480   1 -6  0 -9 
441 489   1 -7  0 -9 
442 343   1 -3  0 -9 
442 351  -1 -5  0 -9 
442 420   1 -6  0 -9 
442 433  -1 -5  0 -9 
442 481   1 -6  0 -9 
442 490   1 -7  0 -9 
443 157   1 -6  0 -9 
443 184  -1 -5  0 -9 
443 193  -1 -5  0 -9 
443 224  -1 -5  0 -9 
443 305   1 -6  0 -9 
443 310   1 -6  0 -9 
443 311   1 -6  0 -9 
443 318  -1 -5  0 -9 
443 344   1 -3  0 -9 
443 353  -1 -5  0 -9 
443 354  -1 -5  0 -9 
443 368  -1 -5  0 -9 
443 415   1 -7  0 -9 
443 416   1 -7  0 -9 
443 417   1 -6  0 -9 
443 419   1 -7  0 -9 
443 425  -1 -5  0 -9 
443 435  -1 -5  0 -9 
443 436  -1 -5  0 -9 
443 454   1 -6  0 -9 
443 463   1 -6  0 -9 
443 483   1 -6  0 -9 
443 484   1 -6  0 -9 
443 491   1 -7  0 -9 
444 194  -1 -5  0 -9 
444 312   1 -6  0 -9 
444 319  -1 -5  0 -9 
444 345   1 -3  0 -9 
444 355  -1 -5  0 -9 
444 418   1 -6  0 -9 
444 420   1 -7  0 -9 
444 426  -1 -5  0 -9 
444 437  -1 -5  0 -9 
444 464   1 -6  0 -9 
444 485   1 -6  0 -9 
444 492   1 -7  0 -9 
445 346   1 -3  0 -9 
445 356  -1 -5  0 -9 
445 415   1 -7  0 -9 
445 419   1 -7  0 -9 
445 438  -1 -5  0 -9 
445 486   1 -6  0 -9 
445 493   1 -7  0 -9 
446 311   1 -6  0 -9 
446 322  -1 -5  0 -9 
446 347   1 -3  0 -9 
446 352  -1 -5  0 -9 
446 354  -1 -5  0 -9 
446 419   1 -7  0 -9 
446 421   1 -6  0 -9 
446 434  -1 -5  0 -9 
446 436  -1 -5  0 -9 
446 482   1 -6  0 -9 
446 484   1 -6  0 -9 
446 494   1 -7  0 -9 
447 348   1 -3  0 -9 
447 357  -1 -5  0 -9 
447 439  -1 -5  0 -9 
447 487   1 -6  0 -9 
447 495   1 -7  0 -9 
448 350  -1 -4  0 -9 
448 358   1 -3  0 -9 
448 436  -1 -5  0 -9 
448 484   1 -6  0 -9 
448 489   1 -6  0 -9 
448 496  -1 -5  0 -9 
449 351  -1 -4  0 -9 
449 359   1 -3  0 -9 
449 431  -1 -5  0 -9 
449 437  -1 -5  0 -9 
449 479   1 -6  0 -9 
449 485   1 -6  0 -9 
449 490   1 -6  0 -9 
449 497  -1 -5  0 -9 
450 352  -1 -4  0 -9 
450 360   1 -3  0 -9 
450 494   1 -6  0 -9 
450 498  -1 -5  0 -9 
451 352  -1 -5  0 -9 
451 361   1 -3  0 -9 
451 482   1 -6  0 -9 
451 489   1 -6  0 -9 
451 495   1 -6  0 -9 
451 499  -1 -5  0 -9 
452 452   1 -8  0 -9 
453 453   1 -8  0 -9 
454 454   1 -8  0 -9 
455 455   1 -8  0 -9 
456 456   1 -8  0 -9 
457 457   1 -8  0 -9 
458 458   1 -8  0 -9 
459 459   1 -8  0 -9 
460 460   1 -8  0 -9 
461 461   1 -8  0 -9 
462 462   1 -8  0 -9 
463 463   1 -8  0 -9 
464 464   1 -8  0 -9 
465 465   1 -8  0 -9 
466 466   1 -8  0 -9 
467 467   1 -8  0 -9 
468 468   1 -8  0 -9 
469 469   1 -8  0 -9 
470 470   1 -8  0 -9 
471 471  -1 -6  0 -9 
471 488   1 -7  0 -9 
472 463   1 -7  0 -9 
472 469   1 -7  0 -9 
472 472  -1 -6  0 -9 
472 489   1 -7  0 -9 
473 462   1 -7  0 -9 
473 464   1 -7  0 -9 
473 470   1 -7  0 -9 
473 473  -1 -6  0 -9 
473 490   1 -7  0 -9 
474 474  -1 -6  0 -9 
474 491   1 -7  0 -9 
475 475  -1 -6  0 -9 
475 492   1 -7  0 -9 
476 464   1 -7  0 -9 
476 476  -1 -6  0 -9 
476 493   1 -7  0 -9 
477 419   1 -7  0 -9 
477 459   1 -7  0 -9 
477 464   1 -7  0 -9 
477 465   1 -7  0 -9 
477 470   1 -7  0 -9 
477 477  -1 -6  0 -9 
477 494   1 -7  0 -9 
478 468   1 -7  0 -9 
478 478  -1 -6  0 -9 
478 495   1 -7  0 -9 
479 479   1 -8  0 -9 
480 480   1 -8  0 -9 
481 481   1 -8  0 -9 
482 482   1 -8  0 -9 
483 483   1 -8  0 -9 
484 484   1 -8  0 -9 
485 485   1 -8  0 -9 
486 486   1 -8  0 -9 
487 487   1 -8  0 -9 
488 488   1 -8  0 -9 
489 489   1 -8  0 -9 
490 490   1 -8  0 -9 
491 491   1 -8  0 -9 
492 492   1 -8  0 -9 
493 493   1 -8  0 -9 
494 494   1 -8  0 -9 
495 495   1 -8  0 -9 
496 489   1 -7  0 -9 
496 496  -1 -6  0 -9 
497 490   1 -7  0 -9 
497 497  -1 -6  0 -9 
498 494   1 -7  0 -9 
498 498  -1 -6  0 -9 
499 482   1 -7  0 -9 
499 489   1 -7  0 -9 
499 495   1 -7  0 -9 
499 499  -1 -6  0 -9 
9999 9999
