 0  0   1  0  0 -9 
 1  1  -1  2  0 -9 
 1  7   1  1  0 -9 
 2  0   1  1  0 -9 
 2  2  -1  2  0 -9 
 2  8   1  1  0 -9 
 3  3  -1  2  0 -9 
 3  5   1  1  0 -9 
 3  6  -1  0  0 -9 
 3  9   1  1  0 -9 
 3 11   1 -2  0 -9 
 4  4  -1  2  0 -9 
 4 10   1  1  0 -9 
 4 11   1 -1  0 -9 
 4 12  -1  0  0 -9 
 5  5   1  0  0 -9 
 5  6  -1 -1  0 -9 
 5 13   1 -2  0 -9 
 6 11  -1 -4  0 -9 
 6 13   1 -3  0 -9 
 7  7   1  0  0 -9 
 8  8   1  0  0 -9 
 9  9   1  0  0 -9 
 9 11   1 -3  0 -9 
10 10   1  0  0 -9 
10 11   1 -2  0 -9 
10 12  -1 -1  0 -9 
10 14   1 -2  0 -9 
11 11  -1 -6  0 -9 
12 11  -1 -5  0 -9 
12 14   1 -3  0 -9 
13  6   1 -3  0 -9 
13 11  -1 -5  0 -9 
14 11  -1 -4  0 -9 
14 12   1 -3  0 -9 
15 11   1 -1  0 -9 
15 13  -1  0  0 -9 
15 15  -1  2  0 -9 
15 16   1  1  0 -9 
16  6   1 -2  0 -9 
16 11   1 -2  0 -9 
16 13  -1 -1  0 -9 
16 16   1  0  0 -9 
17 12   1 -2  0 -9 
17 14  -1 -1  0 -9 
17 17   1  0  0 -9 
18 11   1 -3  0 -9 
18 18   1  0  0 -9 
19 11   1 -2  0 -9 
19 14  -1  0  0 -9 
19 17   1  1  0 -9 
19 18   1  1  0 -9 
19 19  -1  2  0 -9 
9999 9999
