 0  0   1  0  0 -9 
 0  8  -1 -1  0 -9 
 0 27   1 -2  0 -9 
 1  0   1  1  0 -9 
 1  1  -1  2  0 -9 
 1  8  -1  0  0 -9 
 1  9   1  1  0 -9 
 1 31   1 -2  0 -9 
 1 36  -1 -3  0 -9 
 2  2   1  0  0 -9 
 2 10  -1 -1  0 -9 
 2 42   1 -2  0 -9 
 3  2   1  1  0 -9 
 3  3  -1  2  0 -9 
 3 10  -1  0  0 -9 
 3 11   1  1  0 -9 
 3 17   1  1  0 -9 
 3 19   1 -2  0 -9 
 3 20  -1  0  0 -9 
 3 22  -1 -3  0 -9 
 3 45   1 -2  0 -9 
 3 50  -1 -3  0 -9 
 3 54   1 -4  0 -9 
 4  4  -1  2  0 -9 
 4 12   1  1  0 -9 
 4 18   1  1  0 -9 
 4 19   1 -1  0 -9 
 4 21  -1  0  0 -9 
 4 23  -1 -3  0 -9 
 4 46   1 -2  0 -9 
 4 51  -1 -3  0 -9 
 4 55   1 -4  0 -9 
 5  5  -1  2  0 -9 
 5 11  -1  0  0 -9 
 5 13   1  1  0 -9 
 5 28   1  1  0 -9 
 5 32  -1  0  0 -9 
 5 37   1 -1  0 -9 
 5 43  -1  0  0 -9 
 5 45   1 -1  0 -9 
 5 50  -1 -2  0 -9 
 6  2   1  1  0 -9 
 6  6  -1  2  0 -9 
 6  9  -1  0  0 -9 
 6 10  -1  0  0 -9 
 6 12  -1  0  0 -9 
 6 14   1  1  0 -9 
 6 27  -1  0  0 -9 
 6 29   1  1  0 -9 
 6 31   1 -1  0 -9 
 6 33  -1  0  0 -9 
 6 36  -1 -2  0 -9 
 6 38   1 -1  0 -9 
 6 42   1 -1  0 -9 
 6 44  -1  0  0 -9 
 6 46   1 -1  0 -9 
 6 51  -1 -2  0 -9 
 7  7  -1  2  0 -9 
 7 12  -1  0  0 -9 
 7 20  -1  0  0 -9 
 7 22   1 -1  0 -9 
 7 23  -1  0 -1 -2  0 -9 
 7 25   1  1  0 -9 
 7 30   1  1  0 -9 
 7 46   1 -1  0 -9 
 7 48  -1  0  0 -9 
 7 51  -1 -2  0 -9 
 7 54  -1 -2  0 -9 
 7 55   1 -3  0 -9 
 7 56   1 -1  0 -9 
 8 27   1 -3  0 -9 
 9 31   1 -3  0 -9 
 9 36  -1 -4  0 -9 
10 19  -1 -4  0 -9 
10 42   1 -3  0 -9 
11 22  -1 -4  0 -9 
11 45   1 -3  0 -9 
11 50  -1 -4  0 -9 
11 54   1 -5  0 -9 
12 23  -1 -4  0 -9 
12 46   1 -3  0 -9 
12 51  -1 -4  0 -9 
12 55   1 -5  0 -9 
13 11  -1 -1  0 -9 
13 13   1  0  0 -9 
13 32  -1 -1  0 -9 
13 37   1 -2  0 -9 
13 45   1 -2  0 -9 
13 50  -1 -3  0 -9 
14  9  -1 -1  0 -9 
14 12  -1 -1  0 -9 
14 14   1  0  0 -9 
14 31   1 -2  0 -9 
14 33  -1 -1  0 -9 
14 36  -1 -3  0 -9 
14 38   1 -2  0 -9 
14 46   1 -2  0 -9 
14 51  -1 -3  0 -9 
15  9  -1  0  0 -9 
15 12  -1  0  0 -9 
15 14   1  1  0 -9 
15 15  -1  2  0 -9 
15 31   1 -1  0 -9 
15 33  -1  0  0 -9 
15 34   1  1  0 -9 
15 36  -1 -2  0 -9 
15 38   1 -1  0 -9 
15 39  -1  0  0 -9 
15 46   1 -1  0 -9 
15 47  -1  0  0 -9 
15 51  -1 -2  0 -9 
15 52   1 -1  0 -9 
16 12   1  1  0 -9 
16 16  -1  2  0 -9 
16 23  -1 -3  0 -9 
16 24  -1  0  0 -9 
16 26   1  1  0 -9 
16 35   1  1  0 -9 
16 40  -1  0  0 -9 
16 46   1 -2  0 -9 
16 49  -1  0  0 -9 
16 51  -1 -3  0 -9 
16 55   1 -4  0 -9 
16 57   1 -1  0 -9 
17 17   1  0  0 -9 
17 19   1 -3  0 -9 
17 20  -1 -1  0 -9 
17 22  -1 -4  0 -9 
17 43   1 -2  0 -9 
17 54   1 -5  0 -9 
18 18   1  0  0 -9 
18 19   1 -2  0 -9 
18 21  -1 -1  0 -9 
18 23  -1 -4  0 -9 
18 44   1 -2  0 -9 
18 55   1 -5  0 -9 
19 19  -1 -6  0 -9 
20 22  -1 -5  0 -9 
20 43   1 -3  0 -9 
20 54   1 -6  0 -9 
21 19  -1 -5  0 -9 
21 23  -1 -5  0 -9 
21 44   1 -3  0 -9 
21 55   1 -6  0 -9 
22 22  -1 -6  0 -9 
22 54   1 -7  0 -9 
23 23  -1 -6  0 -9 
23 55   1 -7  0 -9 
24 23  -1 -5  0 -9 
24 47   1 -3  0 -9 
24 52  -1 -4  0 -9 
24 55   1 -6  0 -9 
25 12  -1 -1  0 -9 
25 20  -1 -1  0 -9 
25 22   1 -2  0 -9 
25 23  -1 -1 -1 -3 -1 -5  0 -9 
25 25   1  0  0 -9 
25 43   1 -2  0 -9 
25 46   1 -2  0 -9 
25 48  -1 -1  0 -9 
25 51  -1 -3  0 -9 
25 54  -1 -3  0 -9 
25 55   1 -4  1 -6  0 -9 
25 56   1 -2  0 -9 
26 23  -1 -4  0 -9 
26 24  -1 -1  0 -9 
26 26   1  0  0 -9 
26 47   1 -2  0 -9 
26 49  -1 -1  0 -9 
26 52  -1 -3  0 -9 
26 55   1 -5  0 -9 
26 57   1 -2  0 -9 
27  8   1 -3  0 -9 
28 11  -1 -1  0 -9 
28 20   1 -2  0 -9 
28 22  -1 -3  0 -9 
28 28   1  0  0 -9 
28 32  -1 -1  0 -9 
28 37   1 -2  0 -9 
28 43  -1 -1  0 -9 
28 45   1 -2  0 -9 
28 50  -1 -3  0 -9 
29  8   1 -2  0 -9 
29  9  -1 -1  0 -9 
29 10  -1 -1  0 -9 
29 12  -1 -1  0 -9 
29 19  -1 -3  0 -9 
29 21   1 -2  0 -9 
29 23  -1 -3  0 -9 
29 27  -1 -1  0 -9 
29 29   1  0  0 -9 
29 31   1 -2  0 -9 
29 33  -1 -1  0 -9 
29 36  -1 -3  0 -9 
29 38   1 -2  0 -9 
29 42   1 -2  0 -9 
29 44  -1 -1  0 -9 
29 46   1 -2  0 -9 
29 51  -1 -3  0 -9 
30 12  -1 -1  0 -9 
30 23  -1 -3  0 -9 
30 30   1  0  0 -9 
30 46   1 -2  0 -9 
30 48  -1 -1  0 -9 
30 51  -1 -3  0 -9 
30 54  -1 -3  0 -9 
30 55   1 -4  0 -9 
30 56   1 -2  0 -9 
31  9   1 -3  0 -9 
31 36  -1 -5  0 -9 
32 37   1 -3  0 -9 
32 50  -1 -4  0 -9 
33 36  -1 -4  0 -9 
33 38   1 -3  0 -9 
33 51  -1 -4  0 -9 
34  9  -1 -1  0 -9 
34 12  -1 -1  0 -9 
34 23  -1 -3  0 -9 
34 24   1 -2  0 -9 
34 31   1 -2  0 -9 
34 33  -1 -1  0 -9 
34 34   1  0  0 -9 
34 36  -1 -3  0 -9 
34 38   1 -2  0 -9 
34 39  -1 -1  0 -9 
34 41   1 -2  0 -9 
34 46   1 -2  0 -9 
34 47  -1 -1  0 -9 
34 51  -1 -3  0 -9 
34 52   1 -2 -1 -4  0 -9 
34 58   1 -5  0 -9 
35 35   1  0  0 -9 
35 40  -1 -1  0 -9 
35 49  -1 -1  0 -9 
35 52  -1 -3  0 -9 
35 53   1 -2  0 -9 
35 57   1 -2  0 -9 
35 58   1 -4  0 -9 
35 59  -1 -3  0 -9 
36 36  -1 -6  0 -9 
37 32   1 -3  0 -9 
37 50  -1 -5  0 -9 
37 54   1 -6  0 -9 
38 33   1 -3  0 -9 
38 36  -1 -5  0 -9 
38 51  -1 -5  0 -9 
38 55   1 -6  0 -9 
39 41   1 -3  0 -9 
39 52  -1 -5  0 -9 
39 58   1 -6  0 -9 
40 52  -1 -4  0 -9 
40 53   1 -3  0 -9 
40 58   1 -5  0 -9 
40 59  -1 -4  0 -9 
41 39   1 -3  0 -9 
41 52  -1 -4  0 -9 
42 10   1 -3  0 -9 
42 19  -1 -5  0 -9 
43 20   1 -3  0 -9 
43 22  -1 -4  0 -9 
44 19  -1 -4  0 -9 
44 21   1 -3  0 -9 
44 23  -1 -4  0 -9 
45 11   1 -3  0 -9 
45 22  -1 -5  0 -9 
45 50  -1 -5  0 -9 
45 54   1 -6  0 -9 
46 12   1 -3  0 -9 
46 23  -1 -5  0 -9 
46 51  -1 -5  0 -9 
46 55   1 -6  0 -9 
47 23  -1 -4  0 -9 
47 24   1 -3  0 -9 
47 52  -1 -5  0 -9 
47 58   1 -6  0 -9 
48 23  -1 -4  0 -9 
48 51  -1 -4  0 -9 
48 54  -1 -4  0 -9 
48 55   1 -5  0 -9 
48 56   1 -3  0 -9 
49 52  -1 -4  0 -9 
49 57   1 -3  0 -9 
49 58   1 -5  0 -9 
49 59  -1 -4  0 -9 
50 50  -1 -6  0 -9 
50 54   1 -7  0 -9 
51 51  -1 -6  0 -9 
51 55   1 -7  0 -9 
52 52  -1 -6  0 -9 
52 58   1 -7  0 -9 
53 40   1 -3  0 -9 
53 52  -1 -5  0 -9 
53 58   1 -6  0 -9 
53 59  -1 -5  0 -9 
54 54   1 -8  0 -9 
55 55   1 -8  0 -9 
56 23  -1 -5  0 -9 
56 48   1 -3  0 -9 
56 51  -1 -5  0 -9 
56 54   1 -7  0 -9 
56 55   1 -6  0 -9 
57 49   1 -3  0 -9 
57 52  -1 -5  0 -9 
57 58   1 -6  0 -9 
57 59  -1 -5  0 -9 
58 58   1 -8  0 -9 
59 58   1 -7  0 -9 
59 59  -1 -6  0 -9 
60  0   1  1  0 -9 
60  8  -1  0  0 -9 
60 27   1 -1  0 -9 
60 60  -1  2  0 -9 
60 89   1  1  0 -9 
60 98  -1  0  0 -9 
61  9  -1  0  0 -9 
61 31   1 -1  0 -9 
61 36  -1 -2  0 -9 
61 61  -1  2  0 -9 
61 68  -1  0  0 -9 
61 72   1  1  0 -9 
61 90   1  1  0 -9 
61 102  -1  0  0 -9 
61 107   1 -1  0 -9 
62  2   1  1  0 -9 
62 10  -1  0  0 -9 
62 42   1 -1  0 -9 
62 62  -1  2  0 -9 
62 91   1  1  0 -9 
62 113  -1  0  0 -9 
63 11  -1  0  0 -9 
63 19   1 -1  0 -9 
63 22  -1  0 -1 -2  0 -9 
63 45   1 -1  0 -9 
63 50  -1 -2  0 -9 
63 54   1 -3  0 -9 
63 63  -1  2  0 -9 
63 77  -1  0  0 -9 
63 78  -1  0  0 -9 
63 80   1  1  0 -9 
63 85   1 -1  0 -9 
63 92   1  1  0 -9 
63 116  -1  0  0 -9 
63 121   1 -1  0 -9 
63 125  -1 -2  0 -9 
64 12  -1  0  0 -9 
64 23  -1  0 -1 -2  0 -9 
64 46   1 -1  0 -9 
64 51  -1 -2  0 -9 
64 55   1 -3  0 -9 
64 64  -1  2  0 -9 
64 79  -1  0  0 -9 
64 81   1  1  0 -9 
64 86   1 -1  0 -9 
64 93   1  1  0 -9 
64 117  -1  0  0 -9 
64 122   1 -1  0 -9 
64 126  -1 -2  0 -9 
65 65  -1  2  0 -9 
65 69  -1  0  0 -9 
65 73   1  1  0 -9 
65 99   1  1  0 -9 
65 103  -1  0  0 -9 
65 108   1 -1  0 -9 
65 114  -1  0  0 -9 
65 131   1 -1  0 -9 
65 135  -1 -2  0 -9 
66 66  -1  2  0 -9 
66 70  -1  0  0 -9 
66 74   1  1  0 -9 
66 98  -1  0  0 -9 
66 100   1  1  0 -9 
66 104  -1  0  0 -9 
66 109   1 -1  0 -9 
66 115  -1  0  0 -9 
66 132   1 -1  0 -9 
66 136  -1 -2  0 -9 
67 67  -1  2  0 -9 
67 71  -1  0  0 -9 
67 78  -1  0  0 -9 
67 83   1  1  0 -9 
67 85   1 -1  0 -9 
67 87  -1  0 -1 -2  0 -9 
67 101   1  1  0 -9 
67 119  -1  0  0 -9 
67 125  -1 -2  0 -9 
67 127   1 -1  0 -9 
67 133   1 -1  0 -9 
67 137  -1 -2  0 -9 
67 141   1 -3  0 -9 
68 98   1 -3  0 -9 
69 85  -1 -4  0 -9 
69 125   1 -5  0 -9 
69 131   1 -3  0 -9 
69 135  -1 -4  0 -9 
70 86  -1 -4  0 -9 
70 126   1 -5  0 -9 
70 132   1 -3  0 -9 
70 136  -1 -4  0 -9 
71 87  -1 -4  0 -9 
71 133   1 -3  0 -9 
71 137  -1 -4  0 -9 
71 141   1 -5  0 -9 
72  9  -1 -1  0 -9 
72 31   1 -2  0 -9 
72 36  -1 -3  0 -9 
72 68  -1 -1  0 -9 
72 72   1  0  0 -9 
72 98   1 -2  0 -9 
72 102  -1 -1  0 -9 
72 107   1 -2  0 -9 
73 69  -1 -1  0 -9 
73 73   1  0  0 -9 
73 103  -1 -1  0 -9 
73 108   1 -2  0 -9 
73 131   1 -2  0 -9 
73 135  -1 -3  0 -9 
74 70  -1 -1  0 -9 
74 74   1  0  0 -9 
74 104  -1 -1  0 -9 
74 109   1 -2  0 -9 
74 132   1 -2  0 -9 
74 136  -1 -3  0 -9 
75  9   1  1  0 -9 
75 12   1  1  0 -9 
75 23  -1 -3  0 -9 
75 24  -1  0  0 -9 
75 31   1 -2  0 -9 
75 36  -1 -3  0 -9 
75 46   1 -2  0 -9 
75 51  -1 -3  0 -9 
75 55   1 -4  0 -9 
75 69   1  1  0 -9 
75 70  -1  0  0 -9 
75 74   1  1  0 -9 
75 75  -1  2  0 -9 
75 78  -1  0  0 -9 
75 82   1  1  0 -9 
75 85  -1 -3  0 -9 
75 86   1 -2  0 -9 
75 104  -1  0  0 -9 
75 105   1  1  0 -9 
75 109   1 -1  0 -9 
75 110  -1  0  0 -9 
75 118  -1  0  0 -9 
75 123   1 -1  0 -9 
75 125   1 -4  0 -9 
75 126  -1 -3  0 -9 
75 131   1 -2  0 -9 
75 135  -1 -3  0 -9 
76 71   1  1  0 -9 
76 76  -1  2  0 -9 
76 84   1  1  0 -9 
76 87  -1 -3  0 -9 
76 88  -1  0  0 -9 
76 106   1  1  0 -9 
76 111  -1  0  0 -9 
76 120  -1  0  0 -9 
76 128   1 -1  0 -9 
76 133   1 -2  0 -9 
76 137  -1 -3  0 -9 
76 141   1 -4  0 -9 
77 19  -1 -5  0 -9 
77 113   1 -3  0 -9 
78 85  -1 -5  0 -9 
78 114   1 -3  0 -9 
78 125   1 -6  0 -9 
79 86  -1 -5  0 -9 
79 115   1 -3  0 -9 
79 126   1 -6  0 -9 
80 11  -1 -1  0 -9 
80 19   1 -2  0 -9 
80 22  -1 -1 -1 -3 -1 -5  0 -9 
80 45   1 -2  0 -9 
80 50  -1 -3  0 -9 
80 54   1 -4  1 -6  0 -9 
80 77  -1 -1  0 -9 
80 78  -1 -1  0 -9 
80 80   1  0  0 -9 
80 85   1 -2  0 -9 
80 113   1 -2  0 -9 
80 114   1 -2  0 -9 
80 116  -1 -1  0 -9 
80 121   1 -2  0 -9 
80 125  -1 -3  0 -9 
81 12  -1 -1  0 -9 
81 23  -1 -1 -1 -3 -1 -5  0 -9 
81 46   1 -2  0 -9 
81 51  -1 -3  0 -9 
81 55   1 -4  1 -6  0 -9 
81 79  -1 -1  0 -9 
81 81   1  0  0 -9 
81 86   1 -2  0 -9 
81 115   1 -2  0 -9 
81 117  -1 -1  0 -9 
81 122   1 -2  0 -9 
81 126  -1 -3  0 -9 
82 23  -1 -4  0 -9 
82 24  -1 -1  0 -9 
82 47   1 -2  0 -9 
82 52  -1 -3  0 -9 
82 55   1 -5  0 -9 
82 78  -1 -1  0 -9 
82 82   1  0  0 -9 
82 85  -1 -4  0 -9 
82 86   1 -3  0 -9 
82 114   1 -2  0 -9 
82 118  -1 -1  0 -9 
82 123   1 -2  0 -9 
82 125   1 -5  0 -9 
82 126  -1 -4  0 -9 
83 71  -1 -1  0 -9 
83 78  -1 -1  0 -9 
83 83   1  0  0 -9 
83 85   1 -2  0 -9 
83 87  -1 -1 -1 -3 -1 -5  0 -9 
83 114   1 -2  0 -9 
83 119  -1 -1  0 -9 
83 125  -1 -3  0 -9 
83 127   1 -2  0 -9 
83 133   1 -2  0 -9 
83 137  -1 -3  0 -9 
83 141   1 -4  1 -6  0 -9 
84 84   1  0  0 -9 
84 87  -1 -4  0 -9 
84 88  -1 -1  0 -9 
84 120  -1 -1  0 -9 
84 128   1 -2  0 -9 
84 134   1 -2  0 -9 
84 138  -1 -3  0 -9 
84 141   1 -5  0 -9 
85 85  -1 -6  0 -9 
85 125   1 -7  0 -9 
86 86  -1 -6  0 -9 
86 126   1 -7  0 -9 
87 87  -1 -6  0 -9 
87 141   1 -7  0 -9 
88 87  -1 -5  0 -9 
88 134   1 -3  0 -9 
88 138  -1 -4  0 -9 
88 141   1 -6  0 -9 
89  8  -1 -1  0 -9 
89 27   1 -2  0 -9 
89 68   1 -2  0 -9 
89 89   1  0  0 -9 
89 98  -1 -1  0 -9 
90  9  -1 -1  0 -9 
90 31   1 -2  0 -9 
90 36  -1 -3  0 -9 
90 90   1  0  0 -9 
90 102  -1 -1  0 -9 
90 107   1 -2  0 -9 
91 10  -1 -1  0 -9 
91 19  -1 -3  0 -9 
91 42   1 -2  0 -9 
91 77   1 -2  0 -9 
91 91   1  0  0 -9 
91 113  -1 -1  0 -9 
92 11  -1 -1  0 -9 
92 22  -1 -3  0 -9 
92 45   1 -2  0 -9 
92 50  -1 -3  0 -9 
92 54   1 -4  0 -9 
92 92   1  0  0 -9 
92 116  -1 -1  0 -9 
92 121   1 -2  0 -9 
92 125  -1 -3  0 -9 
93 12  -1 -1  0 -9 
93 23  -1 -3  0 -9 
93 46   1 -2  0 -9 
93 51  -1 -3  0 -9 
93 55   1 -4  0 -9 
93 93   1  0  0 -9 
93 117  -1 -1  0 -9 
93 122   1 -2  0 -9 
93 126  -1 -3  0 -9 
94 11  -1  0  0 -9 
94 13   1  1  0 -9 
94 32  -1  0  0 -9 
94 45   1 -1  0 -9 
94 92   1  1  0 -9 
94 94  -1  2  0 -9 
94 103   1  1  0 -9 
94 108   1 -2  0 -9 
94 116  -1  0  0 -9 
94 135  -1 -3  0 -9 
95  9  -1  0  0 -9 
95 12  -1  0  0 -9 
95 14   1  1  0 -9 
95 31   1 -1  0 -9 
95 33  -1  0  0 -9 
95 46   1 -1  0 -9 
95 90   1  1  0 -9 
95 93   1  1  0 -9 
95 95  -1  2  0 -9 
95 102  -1  0  0 -9 
95 104   1  1  0 -9 
95 109   1 -2  0 -9 
95 117  -1  0  0 -9 
95 136  -1 -3  0 -9 
96 41  -1  0  0 -9 
96 96  -1  2  0 -9 
96 104  -1  0  0 -9 
96 105   1  1  0 -9 
96 109   1 -1  0 -9 
96 110  -1  0  0 -9 
96 112   1  1  0 -9 
96 118  -1  0  0 -9 
96 136  -1 -2  0 -9 
96 139   1 -1  0 -9 
97 12  -1  0  0 -9 
97 23  -1  0 -1 -2  0 -9 
97 46   1 -1  0 -9 
97 51  -1 -2  0 -9 
97 52   1 -1  0 -9 
97 53  -1  0  0 -9 
97 55   1 -3  0 -9 
97 58  -1 -2  0 -9 
97 59   1 -1  0 -9 
97 93   1  1  0 -9 
97 97  -1  2  0 -9 
97 106   1  1  0 -9 
97 111  -1  0  0 -9 
97 117  -1  0  0 -9 
97 120  -1  0  0 -9 
97 122   1 -1  0 -9 
97 123  -1  0  0 -9 
97 124   1  1  0 -9 
97 126  -1 -2  0 -9 
97 128   1 -1  0 -9 
97 129   1 -1  0 -9 
97 130  -1  0 -1 -2  0 -9 
97 138  -1 -2  0 -9 
97 140   1 -1  0 -9 
97 142   1 -3  0 -9 
98 68   1 -3  0 -9 
99 69  -1 -1  0 -9 
99 78   1 -2  0 -9 
99 85  -1 -3  0 -9 
99 99   1  0  0 -9 
99 103  -1 -1  0 -9 
99 108   1 -2  0 -9 
99 114  -1 -1  0 -9 
99 131   1 -2  0 -9 
99 135  -1 -3  0 -9 
100 68   1 -2  0 -9 
100 70  -1 -1  0 -9 
100 79   1 -2  0 -9 
100 86  -1 -3  0 -9 
100 98  -1 -1  0 -9 
100 100   1  0  0 -9 
100 104  -1 -1  0 -9 
100 109   1 -2  0 -9 
100 115  -1 -1  0 -9 
100 132   1 -2  0 -9 
100 136  -1 -3  0 -9 
101 71  -1 -1  0 -9 
101 87  -1 -3  0 -9 
101 101   1  0  0 -9 
101 119  -1 -1  0 -9 
101 125  -1 -3  0 -9 
101 127   1 -2  0 -9 
101 133   1 -2  0 -9 
101 137  -1 -3  0 -9 
101 141   1 -4  0 -9 
102 36  -1 -4  0 -9 
102 107   1 -3  0 -9 
103 108   1 -3  0 -9 
103 135  -1 -4  0 -9 
104 109   1 -3  0 -9 
104 136  -1 -4  0 -9 
105 52  -1 -3  0 -9 
105 58   1 -4  0 -9 
105 104  -1 -1  0 -9 
105 105   1  0  0 -9 
105 109   1 -2  0 -9 
105 110  -1 -1  0 -9 
105 118  -1 -1  0 -9 
105 123   1 -2  0 -9 
105 129  -1 -3  0 -9 
105 136  -1 -3  0 -9 
105 139   1 -2  0 -9 
106 106   1  0  0 -9 
106 111  -1 -1  0 -9 
106 120  -1 -1  0 -9 
106 128   1 -2  0 -9 
106 130  -1 -3  0 -9 
106 138  -1 -3  0 -9 
106 140   1 -2  0 -9 
106 142   1 -4  0 -9 
107 36  -1 -5  0 -9 
107 102   1 -3  0 -9 
108 103   1 -3  0 -9 
108 125   1 -6  0 -9 
108 135  -1 -5  0 -9 
109 104   1 -3  0 -9 
109 126   1 -6  0 -9 
109 136  -1 -5  0 -9 
110 52  -1 -4  0 -9 
110 58   1 -5  0 -9 
110 126   1 -5  0 -9 
110 129  -1 -4  0 -9 
110 136  -1 -4  0 -9 
110 139   1 -3  0 -9 
111 130  -1 -4  0 -9 
111 138  -1 -4  0 -9 
111 140   1 -3  0 -9 
111 142   1 -5  0 -9 
112 39   1 -2  0 -9 
112 41  -1 -1  0 -9 
112 52  -1 -3  0 -9 
112 104  -1 -1  0 -9 
112 109   1 -2  0 -9 
112 110  -1 -1  0 -9 
112 112   1  0  0 -9 
112 136  -1 -3  0 -9 
112 139   1 -2  0 -9 
113 19  -1 -4  0 -9 
113 77   1 -3  0 -9 
114 78   1 -3  0 -9 
114 85  -1 -4  0 -9 
115 79   1 -3  0 -9 
115 86  -1 -4  0 -9 
116 22  -1 -4  0 -9 
116 50  -1 -4  0 -9 
116 54   1 -5  0 -9 
116 121   1 -3  0 -9 
116 125  -1 -4  0 -9 
117 23  -1 -4  0 -9 
117 51  -1 -4  0 -9 
117 55   1 -5  0 -9 
117 122   1 -3  0 -9 
117 126  -1 -4  0 -9 
118 52  -1 -4  0 -9 
118 58   1 -5  0 -9 
118 123   1 -3  0 -9 
118 129  -1 -4  0 -9 
119 87  -1 -4  0 -9 
119 125  -1 -4  0 -9 
119 127   1 -3  0 -9 
119 137  -1 -4  0 -9 
119 141   1 -5  0 -9 
120 128   1 -3  0 -9 
120 130  -1 -4  0 -9 
120 138  -1 -4  0 -9 
120 142   1 -5  0 -9 
121 22  -1 -5  0 -9 
121 50  -1 -5  0 -9 
121 54   1 -6  0 -9 
121 116   1 -3  0 -9 
121 125   1 -7  0 -9 
122 23  -1 -5  0 -9 
122 51  -1 -5  0 -9 
122 55   1 -6  0 -9 
122 117   1 -3  0 -9 
122 126   1 -7  0 -9 
123 52  -1 -5  0 -9 
123 58   1 -6  0 -9 
123 118   1 -3  0 -9 
123 126   1 -6  0 -9 
123 129  -1 -5  0 -9 
124 12  -1 -1  0 -9 
124 23  -1 -1 -1 -3 -1 -5  0 -9 
124 40   1 -2  0 -9 
124 46   1 -2  0 -9 
124 51  -1 -3  0 -9 
124 52   1 -2 -1 -4  0 -9 
124 53  -1 -1  0 -9 
124 55   1 -4  1 -6  0 -9 
124 58  -1 -3  0 -9 
124 59   1 -2  0 -9 
124 111  -1 -1  0 -9 
124 117  -1 -1  0 -9 
124 118   1 -2  0 -9 
124 120  -1 -1  0 -9 
124 122   1 -2  0 -9 
124 123  -1 -1  0 -9 
124 124   1  0  0 -9 
124 126  -1 -3  0 -9 
124 128   1 -2  0 -9 
124 129   1 -2  0 -9 
124 130  -1 -1 -1 -3 -1 -5  0 -9 
124 138  -1 -3  0 -9 
124 140   1 -2  0 -9 
124 142   1 -4  1 -6  0 -9 
125 125   1 -8  0 -9 
126 126   1 -8  0 -9 
127 87  -1 -5  0 -9 
127 119   1 -3  0 -9 
127 125   1 -7  0 -9 
127 137  -1 -5  0 -9 
127 141   1 -6  0 -9 
128 120   1 -3  0 -9 
128 130  -1 -5  0 -9 
128 138  -1 -5  0 -9 
128 142   1 -6  0 -9 
129 58   1 -7  0 -9 
129 126   1 -7  0 -9 
129 129  -1 -6  0 -9 
130 130  -1 -6  0 -9 
130 142   1 -7  0 -9 
131 69   1 -3  0 -9 
131 85  -1 -5  0 -9 
131 125   1 -6  0 -9 
131 135  -1 -5  0 -9 
132 70   1 -3  0 -9 
132 86  -1 -5  0 -9 
132 126   1 -6  0 -9 
132 136  -1 -5  0 -9 
133 71   1 -3  0 -9 
133 87  -1 -5  0 -9 
133 137  -1 -5  0 -9 
133 141   1 -6  0 -9 
134 87  -1 -4  0 -9 
134 88   1 -3  0 -9 
134 138  -1 -5  0 -9 
134 142   1 -6  0 -9 
135 125   1 -7  0 -9 
135 135  -1 -6  0 -9 
136 126   1 -7  0 -9 
136 136  -1 -6  0 -9 
137 137  -1 -6  0 -9 
137 141   1 -7  0 -9 
138 138  -1 -6  0 -9 
138 142   1 -7  0 -9 
139 52  -1 -5  0 -9 
139 58   1 -6  0 -9 
139 110   1 -3  0 -9 
139 126   1 -6  0 -9 
139 129  -1 -5  0 -9 
139 136  -1 -5  0 -9 
140 111   1 -3  0 -9 
140 130  -1 -5  0 -9 
140 138  -1 -5  0 -9 
140 142   1 -6  0 -9 
141 141   1 -8  0 -9 
142 142   1 -8  0 -9 
143  8  -1  0  0 -9 
143 68   1 -1  0 -9 
143 89   1  1  0 -9 
143 98  -1  0  0 -9 
143 143  -1  2  0 -9 
143 152   1  1  0 -9 
144  9  -1  0  0 -9 
144 90   1  1  0 -9 
144 102  -1  0  0 -9 
144 107   1 -1  0 -9 
144 144  -1  2  0 -9 
144 156   1  1  0 -9 
144 161  -1  0  0 -9 
145 10  -1  0  0 -9 
145 77   1 -1  0 -9 
145 91   1  1  0 -9 
145 113  -1  0  0 -9 
145 145  -1  2  0 -9 
145 167   1  1  0 -9 
146 11  -1  0  0 -9 
146 92   1  1  0 -9 
146 116  -1  0  0 -9 
146 121   1 -1  0 -9 
146 125  -1 -2  0 -9 
146 146  -1  2  0 -9 
146 170   1  1  0 -9 
146 175  -1  0  0 -9 
146 179   1 -1  0 -9 
147 12  -1  0  0 -9 
147 93   1  1  0 -9 
147 117  -1  0  0 -9 
147 122   1 -1  0 -9 
147 126  -1 -2  0 -9 
147 147  -1  2  0 -9 
147 171   1  1  0 -9 
147 176  -1  0  0 -9 
147 180   1 -1  0 -9 
148 37  -1  0  0 -9 
148 50   1 -1  0 -9 
148 103  -1  0  0 -9 
148 108   1 -1  0 -9 
148 135  -1 -2  0 -9 
148 148  -1  2  0 -9 
148 157   1  1  0 -9 
148 162  -1  0  0 -9 
148 186   1  1  0 -9 
148 192  -1  0  0 -9 
148 198   1 -1  0 -9 
149 36   1 -1  0 -9 
149 38  -1  0  0 -9 
149 51   1 -1  0 -9 
149 104  -1  0  0 -9 
149 109   1 -1  0 -9 
149 136  -1 -2  0 -9 
149 149  -1  2  0 -9 
149 158   1  1  0 -9 
149 163  -1  0  0 -9 
149 185  -1  0  0 -9 
149 187   1  1  0 -9 
149 193  -1  0  0 -9 
149 199   1 -1  0 -9 
150 39  -1  0  0 -9 
150 52   1 -1  0 -9 
150 150  -1  2  0 -9 
150 164  -1  0  0 -9 
150 166   1  1  0 -9 
150 188   1  1  0 -9 
150 190  -1  0  0 -9 
150 191   1 -1  0 -9 
150 194  -1  0  0 -9 
150 202   1 -1  0 -9 
150 204  -1 -2  0 -9 
151 40  -1  0  0 -9 
151 151  -1  2  0 -9 
151 165  -1  0  0 -9 
151 177  -1  0  0 -9 
151 178   1  1  0 -9 
151 183   1 -1  0 -9 
151 184  -1  0 -1 -2  0 -9 
151 189   1  1  0 -9 
151 195  -1  0  0 -9 
151 196  -1 -2  0 -9 
151 197   1 -1  0 -9 
151 203   1 -1  0 -9 
151 205  -1 -2  0 -9 
151 206   1 -3  0 -9 
152 68   1 -2  0 -9 
152 98  -1 -1  0 -9 
152 152   1  0  0 -9 
153 69  -1  0  0 -9 
153 78   1 -1  0 -9 
153 99   1  1  0 -9 
153 103  -1  0  0 -9 
153 108   1 -1  0 -9 
153 114  -1  0  0 -9 
153 125  -1 -3  0 -9 
153 153  -1  2  0 -9 
153 157   1  1  0 -9 
153 162  -1  0  0 -9 
153 168   1  1  0 -9 
153 179   1 -2  0 -9 
154 68   1 -1  0 -9 
154 70  -1  0  0 -9 
154 79   1 -1  0 -9 
154 98  -1  0  0 -9 
154 100   1  1  0 -9 
154 104  -1  0  0 -9 
154 109   1 -1  0 -9 
154 115  -1  0  0 -9 
154 126  -1 -3  0 -9 
154 152   1  1  0 -9 
154 154  -1  2  0 -9 
154 158   1  1  0 -9 
154 163  -1  0  0 -9 
154 169   1  1  0 -9 
154 180   1 -2  0 -9 
155 71  -1  0  0 -9 
155 101   1  1  0 -9 
155 119  -1  0  0 -9 
155 125  -1 -2  0 -9 
155 127   1 -1  0 -9 
155 155  -1  2  0 -9 
155 173   1  1  0 -9 
155 179   1 -1  0 -9 
155 181  -1  0  0 -9 
156 36  -1 -3  0 -9 
156 102  -1 -1  0 -9 
156 107   1 -2  0 -9 
156 156   1  0  0 -9 
156 161  -1 -1  0 -9 
156 185   1 -2  0 -9 
157 103  -1 -1  0 -9 
157 108   1 -2  0 -9 
157 135  -1 -3  0 -9 
157 157   1  0  0 -9 
157 162  -1 -1  0 -9 
157 198   1 -2  0 -9 
158 104  -1 -1  0 -9 
158 109   1 -2  0 -9 
158 136  -1 -3  0 -9 
158 158   1  0  0 -9 
158 163  -1 -1  0 -9 
158 199   1 -2  0 -9 
159 104  -1  0  0 -9 
159 105   1  1  0 -9 
159 109   1 -1  0 -9 
159 110  -1  0  0 -9 
159 118  -1  0  0 -9 
159 123   1 -1  0 -9 
159 126  -1 -3  0 -9 
159 158   1  1  0 -9 
159 159  -1  2  0 -9 
159 163  -1  0  0 -9 
159 164   1  1  0 -9 
159 172   1  1  0 -9 
159 177  -1  0  0 -9 
159 180   1 -2  0 -9 
159 183  -1 -3  0 -9 
159 196   1 -4  0 -9 
159 202   1 -2  0 -9 
159 204  -1 -3  0 -9 
160 106   1  1  0 -9 
160 111  -1  0  0 -9 
160 120  -1  0  0 -9 
160 128   1 -1  0 -9 
160 160  -1  2  0 -9 
160 165   1  1  0 -9 
160 174   1  1  0 -9 
160 182  -1  0  0 -9 
160 184  -1 -3  0 -9 
160 203   1 -2  0 -9 
160 205  -1 -3  0 -9 
160 206   1 -4  0 -9 
161 36  -1 -4  0 -9 
161 185   1 -3  0 -9 
162 125   1 -5  0 -9 
162 135  -1 -4  0 -9 
162 179  -1 -4  0 -9 
162 198   1 -3  0 -9 
163 126   1 -5  0 -9 
163 136  -1 -4  0 -9 
163 180  -1 -4  0 -9 
163 199   1 -3  0 -9 
164 183  -1 -4  0 -9 
164 196   1 -5  0 -9 
164 202   1 -3  0 -9 
164 204  -1 -4  0 -9 
165 184  -1 -4  0 -9 
165 203   1 -3  0 -9 
165 205  -1 -4  0 -9 
165 206   1 -5  0 -9 
166 164  -1 -1  0 -9 
166 166   1  0  0 -9 
166 190  -1 -1  0 -9 
166 191   1 -2  0 -9 
166 202   1 -2  0 -9 
166 204  -1 -3  0 -9 
167 77   1 -2  0 -9 
167 113  -1 -1  0 -9 
167 167   1  0  0 -9 
168 78   1 -2  0 -9 
168 114  -1 -1  0 -9 
168 125  -1 -4  0 -9 
168 168   1  0  0 -9 
168 179   1 -3  0 -9 
169 79   1 -2  0 -9 
169 115  -1 -1  0 -9 
169 126  -1 -4  0 -9 
169 169   1  0  0 -9 
169 180   1 -3  0 -9 
170 50  -1 -3  0 -9 
170 116  -1 -1  0 -9 
170 121   1 -2  0 -9 
170 125  -1 -3  0 -9 
170 170   1  0  0 -9 
170 175  -1 -1  0 -9 
170 179   1 -2  0 -9 
170 192   1 -2  0 -9 
171 51  -1 -3  0 -9 
171 117  -1 -1  0 -9 
171 122   1 -2  0 -9 
171 126  -1 -3  0 -9 
171 171   1  0  0 -9 
171 176  -1 -1  0 -9 
171 180   1 -2  0 -9 
171 193   1 -2  0 -9 
172 52  -1 -3  0 -9 
172 118  -1 -1  0 -9 
172 123   1 -2  0 -9 
172 126  -1 -4  0 -9 
172 172   1  0  0 -9 
172 177  -1 -1  0 -9 
172 180   1 -3  0 -9 
172 183  -1 -4  0 -9 
172 194   1 -2  0 -9 
172 196   1 -5  0 -9 
173 119  -1 -1  0 -9 
173 125  -1 -3  0 -9 
173 127   1 -2  0 -9 
173 137  -1 -3  0 -9 
173 173   1  0  0 -9 
173 179   1 -2  0 -9 
173 181  -1 -1  0 -9 
173 200   1 -2  0 -9 
174 120  -1 -1  0 -9 
174 128   1 -2  0 -9 
174 138  -1 -3  0 -9 
174 174   1  0  0 -9 
174 182  -1 -1  0 -9 
174 184  -1 -4  0 -9 
174 201   1 -2  0 -9 
174 206   1 -5  0 -9 
175 50  -1 -4  0 -9 
175 125   1 -6  0 -9 
175 179  -1 -5  0 -9 
175 192   1 -3  0 -9 
176 51  -1 -4  0 -9 
176 126   1 -6  0 -9 
176 180  -1 -5  0 -9 
176 193   1 -3  0 -9 
177 52  -1 -4  0 -9 
177 183  -1 -5  0 -9 
177 194   1 -3  0 -9 
177 196   1 -6  0 -9 
178 52  -1 -3  0 -9 
178 165  -1 -1  0 -9 
178 177  -1 -1  0 -9 
178 178   1  0  0 -9 
178 183   1 -2  0 -9 
178 184  -1 -1 -1 -3 -1 -5  0 -9 
178 194   1 -2  0 -9 
178 195  -1 -1  0 -9 
178 196  -1 -3  0 -9 
178 197   1 -2  0 -9 
178 203   1 -2  0 -9 
178 205  -1 -3  0 -9 
178 206   1 -4  1 -6  0 -9 
179 125   1 -7  0 -9 
179 179  -1 -6  0 -9 
180 126   1 -7  0 -9 
180 180  -1 -6  0 -9 
181 125   1 -6  0 -9 
181 137  -1 -4  0 -9 
181 179  -1 -5  0 -9 
181 200   1 -3  0 -9 
182 138  -1 -4  0 -9 
182 184  -1 -5  0 -9 
182 201   1 -3  0 -9 
182 206   1 -6  0 -9 
183 183  -1 -6  0 -9 
183 196   1 -7  0 -9 
184 184  -1 -6  0 -9 
184 206   1 -7  0 -9 
185 36  -1 -5  0 -9 
185 161   1 -3  0 -9 
186 32   1 -2  0 -9 
186 37  -1 -1  0 -9 
186 50   1 -2 -1 -4  0 -9 
186 54   1 -5  0 -9 
186 103  -1 -1  0 -9 
186 108   1 -2  0 -9 
186 135  -1 -3  0 -9 
186 162  -1 -1  0 -9 
186 175   1 -2  0 -9 
186 179  -1 -3  0 -9 
186 186   1  0  0 -9 
186 192  -1 -1  0 -9 
186 198   1 -2  0 -9 
187 33   1 -2  0 -9 
187 36   1 -2 -1 -4  0 -9 
187 38  -1 -1  0 -9 
187 51   1 -2 -1 -4  0 -9 
187 55   1 -5  0 -9 
187 104  -1 -1  0 -9 
187 109   1 -2  0 -9 
187 136  -1 -3  0 -9 
187 161   1 -2  0 -9 
187 163  -1 -1  0 -9 
187 176   1 -2  0 -9 
187 180  -1 -3  0 -9 
187 185  -1 -1  0 -9 
187 187   1  0  0 -9 
187 193  -1 -1  0 -9 
187 199   1 -2  0 -9 
188 39  -1 -1  0 -9 
188 41   1 -2  0 -9 
188 52   1 -2 -1 -4  0 -9 
188 58   1 -5  0 -9 
188 164  -1 -1  0 -9 
188 177   1 -2  0 -9 
188 183  -1 -3  0 -9 
188 188   1  0  0 -9 
188 190  -1 -1  0 -9 
188 191   1 -2  0 -9 
188 194  -1 -1  0 -9 
188 202   1 -2  0 -9 
188 204  -1 -3  0 -9 
189 40  -1 -1  0 -9 
189 52  -1 -3  0 -9 
189 53   1 -2  0 -9 
189 58   1 -4  0 -9 
189 59  -1 -3  0 -9 
189 165  -1 -1  0 -9 
189 184  -1 -3  0 -9 
189 189   1  0  0 -9 
189 195  -1 -1  0 -9 
189 196  -1 -3  0 -9 
189 197   1 -2  0 -9 
189 203   1 -2  0 -9 
189 205  -1 -3  0 -9 
189 206   1 -4  0 -9 
190 191   1 -3  0 -9 
190 204  -1 -4  0 -9 
191 190   1 -3  0 -9 
191 196   1 -6  0 -9 
191 204  -1 -5  0 -9 
192 50  -1 -5  0 -9 
192 54   1 -6  0 -9 
192 175   1 -3  0 -9 
192 179  -1 -4  0 -9 
193 51  -1 -5  0 -9 
193 55   1 -6  0 -9 
193 176   1 -3  0 -9 
193 180  -1 -4  0 -9 
194 52  -1 -5  0 -9 
194 58   1 -6  0 -9 
194 177   1 -3  0 -9 
194 183  -1 -4  0 -9 
195 52  -1 -4  0 -9 
195 58   1 -5  0 -9 
195 59  -1 -4  0 -9 
195 184  -1 -4  0 -9 
195 196  -1 -4  0 -9 
195 197   1 -3  0 -9 
195 205  -1 -4  0 -9 
195 206   1 -5  0 -9 
196 196   1 -8  0 -9 
197 52  -1 -5  0 -9 
197 58   1 -6  0 -9 
197 59  -1 -5  0 -9 
197 184  -1 -5  0 -9 
197 195   1 -3  0 -9 
197 196   1 -7  0 -9 
197 205  -1 -5  0 -9 
197 206   1 -6  0 -9 
198 125   1 -6  0 -9 
198 135  -1 -5  0 -9 
198 162   1 -3  0 -9 
198 179  -1 -5  0 -9 
199 126   1 -6  0 -9 
199 136  -1 -5  0 -9 
199 163   1 -3  0 -9 
199 180  -1 -5  0 -9 
200 137  -1 -5  0 -9 
200 141   1 -6  0 -9 
200 179  -1 -4  0 -9 
200 181   1 -3  0 -9 
201 138  -1 -5  0 -9 
201 142   1 -6  0 -9 
201 182   1 -3  0 -9 
201 184  -1 -4  0 -9 
202 164   1 -3  0 -9 
202 183  -1 -5  0 -9 
202 196   1 -6  0 -9 
202 204  -1 -5  0 -9 
203 165   1 -3  0 -9 
203 184  -1 -5  0 -9 
203 205  -1 -5  0 -9 
203 206   1 -6  0 -9 
204 196   1 -7  0 -9 
204 204  -1 -6  0 -9 
205 205  -1 -6  0 -9 
205 206   1 -7  0 -9 
206 206   1 -8  0 -9 
207 17   1  1  0 -9 
207 19   1 -2  0 -9 
207 20  -1  0  0 -9 
207 22  -1 -3  0 -9 
207 43   1 -1  0 -9 
207 54   1 -4  0 -9 
207 114  -1  0  0 -9 
207 207  -1  2  0 -9 
207 209  -1  0  0 -9 
207 210  -1  0  0 -9 
207 212   1  1  0 -9 
207 218   1  1  0 -9 
207 220  -1  0  0 -9 
207 225   1 -1  0 -9 
207 229   1 -1  0 -9 
207 233  -1 -2  0 -9 
208 18   1  1  0 -9 
208 19   1 -1  0 -9 
208 21  -1  0  0 -9 
208 23  -1 -3  0 -9 
208 44   1 -1  0 -9 
208 55   1 -4  0 -9 
208 115  -1  0  0 -9 
208 208  -1  2  0 -9 
208 211  -1  0  0 -9 
208 213   1  1  0 -9 
208 217  -1  0  0 -9 
208 219   1  1  0 -9 
208 221  -1  0  0 -9 
208 226   1 -1  0 -9 
208 230   1 -1  0 -9 
208 234  -1 -2  0 -9 
209 19  -1 -4  0 -9 
209 217   1 -3  0 -9 
210 85  -1 -4  0 -9 
210 125   1 -5  0 -9 
210 229   1 -3  0 -9 
210 233  -1 -4  0 -9 
211 86  -1 -4  0 -9 
211 126   1 -5  0 -9 
211 230   1 -3  0 -9 
211 234  -1 -4  0 -9 
212 22  -1 -4  0 -9 
212 54   1 -5  0 -9 
212 209  -1 -1  0 -9 
212 210  -1 -1  0 -9 
212 212   1  0  0 -9 
212 217   1 -2  0 -9 
212 220  -1 -1  0 -9 
212 225   1 -2  0 -9 
212 229   1 -2  0 -9 
212 233  -1 -3  0 -9 
213 23  -1 -4  0 -9 
213 55   1 -5  0 -9 
213 211  -1 -1  0 -9 
213 213   1  0  0 -9 
213 221  -1 -1  0 -9 
213 226   1 -2  0 -9 
213 230   1 -2  0 -9 
213 234  -1 -3  0 -9 
214 23  -1 -3  0 -9 
214 24  -1  0  0 -9 
214 47   1 -1  0 -9 
214 52  -1 -2  0 -9 
214 55   1 -4  0 -9 
214 78  -1  0  0 -9 
214 82   1  1  0 -9 
214 85  -1 -3  0 -9 
214 86   1 -2  0 -9 
214 118  -1  0  0 -9 
214 123   1 -1  0 -9 
214 125   1 -4  0 -9 
214 126  -1 -3  0 -9 
214 210   1  1  0 -9 
214 211  -1  0  0 -9 
214 213   1  1  0 -9 
214 214  -1  2  0 -9 
214 221  -1  0  0 -9 
214 222   1  1  0 -9 
214 226   1 -1  0 -9 
214 227  -1  0  0 -9 
214 229   1 -2  0 -9 
214 233  -1 -3  0 -9 
215 87  -1 -4  0 -9 
215 141   1 -5  0 -9 
215 210  -1 -1  0 -9 
215 215   1  0  0 -9 
215 229   1 -2  0 -9 
215 231  -1 -1  0 -9 
215 233  -1 -3  0 -9 
215 235   1 -2  0 -9 
216 84   1  1  0 -9 
216 87  -1 -3  0 -9 
216 88  -1  0  0 -9 
216 114  -1  0  0 -9 
216 120  -1  0  0 -9 
216 128   1 -1  0 -9 
216 134   1 -1  0 -9 
216 138  -1 -2  0 -9 
216 141   1 -4  0 -9 
216 210  -1  0  0 -9 
216 215   1  1  0 -9 
216 216  -1  2  0 -9 
216 229   1 -1  0 -9 
216 231  -1  0  0 -9 
216 232   1  1  0 -9 
216 233  -1 -2  0 -9 
216 235   1 -1  0 -9 
216 236  -1  0  0 -9 
217 19  -1 -5  0 -9 
217 209   1 -3  0 -9 
218 20  -1 -1  0 -9 
218 22   1 -2 -1 -4  0 -9 
218 43   1 -2  0 -9 
218 54   1 -5  0 -9 
218 78   1 -2  0 -9 
218 85  -1 -3  0 -9 
218 114  -1 -1  0 -9 
218 210  -1 -1  0 -9 
218 218   1  0  0 -9 
218 220  -1 -1  0 -9 
218 225   1 -2  0 -9 
218 229   1 -2  0 -9 
218 233  -1 -3  0 -9 
219 19   1 -2 -1 -4  0 -9 
219 21  -1 -1  0 -9 
219 23   1 -2 -1 -4  0 -9 
219 44   1 -2  0 -9 
219 55   1 -5  0 -9 
219 79   1 -2  0 -9 
219 86  -1 -3  0 -9 
219 115  -1 -1  0 -9 
219 209   1 -2  0 -9 
219 211  -1 -1  0 -9 
219 217  -1 -1  0 -9 
219 219   1  0  0 -9 
219 221  -1 -1  0 -9 
219 226   1 -2  0 -9 
219 230   1 -2  0 -9 
219 234  -1 -3  0 -9 
220 22  -1 -5  0 -9 
220 54   1 -6  0 -9 
220 225   1 -3  0 -9 
220 233  -1 -4  0 -9 
221 23  -1 -5  0 -9 
221 55   1 -6  0 -9 
221 226   1 -3  0 -9 
221 234  -1 -4  0 -9 
222 23   1 -2 -1 -4  0 -9 
222 24  -1 -1  0 -9 
222 47   1 -2  0 -9 
222 52  -1 -3  0 -9 
222 55   1 -5  0 -9 
222 118  -1 -1  0 -9 
222 123   1 -2  0 -9 
222 129  -1 -3  0 -9 
222 221  -1 -1  0 -9 
222 222   1  0  0 -9 
222 226   1 -2  0 -9 
222 227  -1 -1  0 -9 
222 234  -1 -3  0 -9 
222 237   1 -2  0 -9 
223 12  -1  0  0 -9 
223 20  -1  0  0 -9 
223 22   1 -1  0 -9 
223 23  -1  0 -1 -4  0 -9 
223 25   1  1  0 -9 
223 43   1 -1  0 -9 
223 46   1 -1  0 -9 
223 48  -1  0  0 -9 
223 55   1 -5  0 -9 
223 87  -1 -3  0 -9 
223 93   1  1  0 -9 
223 114  -1  0  0 -9 
223 117  -1  0  0 -9 
223 119   1  1  0 -9 
223 125  -1 -3  0 -9 
223 127   1 -2  0 -9 
223 137  -1 -3  0 -9 
223 141   1 -4  0 -9 
223 210  -1  0  0 -9 
223 215   1  1  0 -9 
223 218   1  1  0 -9 
223 220  -1  0  0 -9 
223 221   1  1  0 -9 
223 223  -1  2  0 -9 
223 226   1 -2  0 -9 
223 229   1 -1  0 -9 
223 231  -1  0  0 -9 
223 234  -1 -3  0 -9 
224 23  -1 -3  0 -9 
224 24  -1  0  0 -9 
224 26   1  1  0 -9 
224 47   1 -1  0 -9 
224 49  -1  0  0 -9 
224 55   1 -4  0 -9 
224 58  -1 -3  0 -9 
224 59   1 -2  0 -9 
224 118  -1  0  0 -9 
224 120   1  1  0 -9 
224 128   1 -2  0 -9 
224 130  -1 -3  0 -9 
224 138  -1 -3  0 -9 
224 142   1 -4  0 -9 
224 221  -1  0  0 -9 
224 222   1  1  0 -9 
224 224  -1  2  0 -9 
224 226   1 -1  0 -9 
224 227  -1  0  0 -9 
224 228   1  1  0 -9 
224 234  -1 -2  0 -9 
224 237   1 -1  0 -9 
224 238  -1  0  0 -9 
225 22  -1 -4  0 -9 
225 125   1 -6  0 -9 
225 220   1 -3  0 -9 
225 233  -1 -5  0 -9 
226 23  -1 -4  0 -9 
226 126   1 -6  0 -9 
226 221   1 -3  0 -9 
226 234  -1 -5  0 -9 
227 126   1 -5  0 -9 
227 129  -1 -4  0 -9 
227 234  -1 -4  0 -9 
227 237   1 -3  0 -9 
228 23  -1 -4  0 -9 
228 55   1 -5  0 -9 
228 58  -1 -4  0 -9 
228 59   1 -3  0 -9 
228 130  -1 -4  0 -9 
228 142   1 -5  0 -9 
228 221  -1 -1  0 -9 
228 226   1 -2  0 -9 
228 227  -1 -1  0 -9 
228 228   1  0  0 -9 
228 234  -1 -3  0 -9 
228 236   1 -2  0 -9 
228 237   1 -2  0 -9 
228 238  -1 -1  0 -9 
229 85  -1 -5  0 -9 
229 125   1 -6  0 -9 
229 210   1 -3  0 -9 
229 233  -1 -5  0 -9 
230 86  -1 -5  0 -9 
230 126   1 -6  0 -9 
230 211   1 -3  0 -9 
230 234  -1 -5  0 -9 
231 87  -1 -5  0 -9 
231 141   1 -6  0 -9 
231 233  -1 -4  0 -9 
231 235   1 -3  0 -9 
232 78   1 -2  0 -9 
232 85  -1 -3  0 -9 
232 87   1 -2 -1 -4  0 -9 
232 88  -1 -1  0 -9 
232 114  -1 -1  0 -9 
232 120  -1 -1  0 -9 
232 128   1 -2  0 -9 
232 130  -1 -3  0 -9 
232 134   1 -2  0 -9 
232 138  -1 -3  0 -9 
232 141   1 -5  0 -9 
232 210  -1 -1  0 -9 
232 229   1 -2  0 -9 
232 231  -1 -1  0 -9 
232 232   1  0  0 -9 
232 233  -1 -3  0 -9 
232 235   1 -2  0 -9 
232 236  -1 -1  0 -9 
232 238   1 -2  0 -9 
233 125   1 -7  0 -9 
233 233  -1 -6  0 -9 
234 126   1 -7  0 -9 
234 234  -1 -6  0 -9 
235 87  -1 -4  0 -9 
235 125   1 -6  0 -9 
235 231   1 -3  0 -9 
235 233  -1 -5  0 -9 
236 130  -1 -4  0 -9 
236 238   1 -3  0 -9 
237 58   1 -6  0 -9 
237 126   1 -6  0 -9 
237 129  -1 -5  0 -9 
237 227   1 -3  0 -9 
237 234  -1 -5  0 -9 
238 130  -1 -5  0 -9 
238 142   1 -6  0 -9 
238 236   1 -3  0 -9 
239 19   1 -2  0 -9 
239 209   1 -2  0 -9 
239 217  -1 -1  0 -9 
239 239   1  0  0 -9 
240 20  -1  0  0 -9 
240 22   1 -1  0 -9 
240 78   1 -1  0 -9 
240 114  -1  0  0 -9 
240 125  -1 -3  0 -9 
240 168   1  1  0 -9 
240 179   1 -2  0 -9 
240 210  -1  0  0 -9 
240 218   1  1  0 -9 
240 220  -1  0  0 -9 
240 225   1 -1  0 -9 
240 240  -1  2  0 -9 
240 242   1  1  0 -9 
240 247  -1  0  0 -9 
241 19   1 -1  0 -9 
241 21  -1  0  0 -9 
241 23   1 -1  0 -9 
241 79   1 -1  0 -9 
241 115  -1  0  0 -9 
241 126  -1 -3  0 -9 
241 169   1  1  0 -9 
241 180   1 -2  0 -9 
241 209   1 -1  0 -9 
241 211  -1  0  0 -9 
241 217  -1  0  0 -9 
241 219   1  1  0 -9 
241 221  -1  0  0 -9 
241 226   1 -1  0 -9 
241 239   1  1  0 -9 
241 241  -1  2  0 -9 
241 243   1  1  0 -9 
241 248  -1  0  0 -9 
242 22   1 -2  0 -9 
242 54  -1 -3  0 -9 
242 220  -1 -1  0 -9 
242 225   1 -2  0 -9 
242 233  -1 -3  0 -9 
242 242   1  0  0 -9 
242 247  -1 -1  0 -9 
242 251   1 -2  0 -9 
243 23   1 -2  0 -9 
243 55  -1 -3  0 -9 
243 221  -1 -1  0 -9 
243 226   1 -2  0 -9 
243 234  -1 -3  0 -9 
243 243   1  0  0 -9 
243 248  -1 -1  0 -9 
243 252   1 -2  0 -9 
244 23   1 -1  0 -9 
244 24  -1  0  0 -9 
244 58  -1 -3  0 -9 
244 118  -1  0  0 -9 
244 123   1 -1  0 -9 
244 126  -1 -3  0 -9 
244 172   1  1  0 -9 
244 177  -1  0  0 -9 
244 180   1 -2  0 -9 
244 183  -1 -3  0 -9 
244 196   1 -4  0 -9 
244 221  -1  0  0 -9 
244 222   1  1  0 -9 
244 226   1 -1  0 -9 
244 227  -1  0  0 -9 
244 243   1  1  0 -9 
244 244  -1  2  0 -9 
244 248  -1  0  0 -9 
244 249   1  1  0 -9 
244 255   1 -2  0 -9 
244 257  -1 -3  0 -9 
245 23   1 -1  0 -9 
245 51   1 -1  0 -9 
245 54   1 -1  0 -9 
245 55  -1 -2  0 -9 
245 56  -1  0  0 -9 
245 119  -1  0  0 -9 
245 125  -1 -2  0 -9 
245 127   1 -1  0 -9 
245 137  -1 -2  0 -9 
245 173   1  1  0 -9 
245 179   1 -1  0 -9 
245 181  -1  0  0 -9 
245 193  -1  0  0 -9 
245 200   1 -1  0 -9 
245 221  -1  0  0 -9 
245 226   1 -1  0 -9 
245 233   1 -1  0 -9 
245 234  -1 -2  0 -9 
245 235  -1  0  0 -9 
245 243   1  1  0 -9 
245 245  -1  2  0 -9 
245 248  -1  0  0 -9 
245 251  -1  0  0 -9 
245 252   1 -1  0 -9 
245 253   1  1  0 -9 
246 52   1 -1  0 -9 
246 57  -1  0  0 -9 
246 58  -1 -2  0 -9 
246 59   1 -1  0 -9 
246 120  -1  0  0 -9 
246 128   1 -1  0 -9 
246 138  -1 -2  0 -9 
246 174   1  1  0 -9 
246 182  -1  0  0 -9 
246 184  -1 -3  0 -9 
246 194  -1  0  0 -9 
246 201   1 -1  0 -9 
246 206   1 -4  0 -9 
246 236  -1  0  0 -9 
246 246  -1  2  0 -9 
246 249  -1  0  0 -9 
246 250   1  1  0 -9 
246 254   1  1  0 -9 
246 255   1 -1  0 -9 
246 256  -1  0  0 -9 
246 257  -1 -2  0 -9 
246 258   1 -1  0 -9 
247 54  -1 -4  0 -9 
247 125   1 -5  0 -9 
247 179  -1 -4  0 -9 
247 233  -1 -4  0 -9 
247 251   1 -3  0 -9 
248 55  -1 -4  0 -9 
248 126   1 -5  0 -9 
248 180  -1 -4  0 -9 
248 234  -1 -4  0 -9 
248 252   1 -3  0 -9 
249 58  -1 -4  0 -9 
249 183  -1 -4  0 -9 
249 196   1 -5  0 -9 
249 255   1 -3  0 -9 
249 257  -1 -4  0 -9 
250 58  -1 -3  0 -9 
250 59   1 -2  0 -9 
250 184  -1 -4  0 -9 
250 206   1 -5  0 -9 
250 249  -1 -1  0 -9 
250 250   1  0  0 -9 
250 255   1 -2  0 -9 
250 256  -1 -1  0 -9 
250 257  -1 -3  0 -9 
250 258   1 -2  0 -9 
251 54   1 -7  0 -9 
251 125   1 -6  0 -9 
251 179  -1 -5  0 -9 
251 233  -1 -5  0 -9 
251 247   1 -3  0 -9 
252 55   1 -7  0 -9 
252 126   1 -6  0 -9 
252 180  -1 -5  0 -9 
252 234  -1 -5  0 -9 
252 248   1 -3  0 -9 
253 23   1 -2 -1 -4  0 -9 
253 48   1 -2  0 -9 
253 51   1 -2 -1 -4  0 -9 
253 54   1 -2  1 -6  0 -9 
253 55  -1 -3  1 -5  0 -9 
253 56  -1 -1  0 -9 
253 87  -1 -3  0 -9 
253 119  -1 -1  0 -9 
253 125  -1 -3  1 -5  0 -9 
253 127   1 -2  0 -9 
253 137  -1 -3  0 -9 
253 176   1 -2  0 -9 
253 179   1 -2 -1 -4  0 -9 
253 180  -1 -3  0 -9 
253 181  -1 -1  0 -9 
253 193  -1 -1  0 -9 
253 200   1 -2  0 -9 
253 221  -1 -1  0 -9 
253 226   1 -2  0 -9 
253 231   1 -2  0 -9 
253 233   1 -2 -1 -4  0 -9 
253 234  -1 -3  0 -9 
253 235  -1 -1  0 -9 
253 247   1 -2  0 -9 
253 248  -1 -1  0 -9 
253 251  -1 -1  0 -9 
253 252   1 -2  0 -9 
253 253   1  0  0 -9 
254 49   1 -2  0 -9 
254 52   1 -2 -1 -4  0 -9 
254 57  -1 -1  0 -9 
254 58  -1 -3  1 -5  0 -9 
254 59   1 -2 -1 -4  0 -9 
254 120  -1 -1  0 -9 
254 128   1 -2  0 -9 
254 130  -1 -3  0 -9 
254 138  -1 -3  0 -9 
254 177   1 -2  0 -9 
254 182  -1 -1  0 -9 
254 183  -1 -3  0 -9 
254 184   1 -2 -1 -4  0 -9 
254 194  -1 -1  0 -9 
254 201   1 -2  0 -9 
254 206   1 -5  0 -9 
254 236  -1 -1  0 -9 
254 238   1 -2  0 -9 
254 249  -1 -1  0 -9 
254 254   1  0  0 -9 
254 255   1 -2  0 -9 
254 256  -1 -1  0 -9 
254 257  -1 -3  0 -9 
254 258   1 -2  0 -9 
255 58   1 -7  0 -9 
255 183  -1 -5  0 -9 
255 196   1 -6  0 -9 
255 249   1 -3  0 -9 
255 257  -1 -5  0 -9 
256 58   1 -6  0 -9 
256 59  -1 -5  0 -9 
256 184  -1 -5  0 -9 
256 206   1 -6  0 -9 
256 257  -1 -4  0 -9 
256 258   1 -3  0 -9 
257 196   1 -7  0 -9 
257 257  -1 -6  0 -9 
258 59  -1 -4  0 -9 
258 184  -1 -4  0 -9 
258 196   1 -6  0 -9 
258 256   1 -3  0 -9 
258 257  -1 -5  0 -9 
259 19   1 -1  0 -9 
259 217  -1  0  0 -9 
259 239   1  1  0 -9 
259 259  -1  2  0 -9 
260 85   1 -1  0 -9 
260 125  -1 -2  0 -9 
260 179   1 -1  0 -9 
260 229  -1  0  0 -9 
260 233   1 -1  0 -9 
260 260  -1  2  0 -9 
260 267   1  1  0 -9 
260 271  -1  0  0 -9 
261 86   1 -1  0 -9 
261 126  -1 -2  0 -9 
261 180   1 -1  0 -9 
261 230  -1  0  0 -9 
261 234   1 -1  0 -9 
261 261  -1  2  0 -9 
261 268   1  1  0 -9 
261 272  -1  0  0 -9 
262 22   1 -1  0 -9 
262 54  -1 -2  0 -9 
262 220  -1  0  0 -9 
262 242   1  1  0 -9 
262 247  -1  0  0 -9 
262 251   1 -1  0 -9 
262 262  -1  2  0 -9 
262 277   1  1  0 -9 
262 281  -1  0  0 -9 
263 23   1 -1  0 -9 
263 55  -1 -2  0 -9 
263 221  -1  0  0 -9 
263 243   1  1  0 -9 
263 248  -1  0  0 -9 
263 252   1 -1  0 -9 
263 263  -1  2  0 -9 
263 278   1  1  0 -9 
263 282  -1  0  0 -9 
264 58  -1 -2  0 -9 
264 126  -1 -2  0 -9 
264 129   1 -1  0 -9 
264 180   1 -1  0 -9 
264 183  -1  0 -1 -2  0 -9 
264 196   1 -3  0 -9 
264 234   1 -1  0 -9 
264 237  -1  0  0 -9 
264 249  -1  0  0 -9 
264 255   1 -1  0 -9 
264 257  -1 -2  0 -9 
264 264  -1  2  0 -9 
264 272  -1  0  0 -9 
264 275   1  1  0 -9 
264 279   1  1  0 -9 
264 285  -1  0  0 -9 
264 287   1 -1  0 -9 
265 87   1 -1  0 -9 
265 141  -1 -2  0 -9 
265 231  -1  0  0 -9 
265 265  -1  2  0 -9 
265 269   1  1  0 -9 
265 273  -1  0  0 -9 
265 281  -1  0  0 -9 
265 283   1  1  0 -9 
265 289   1 -1  0 -9 
266 130   1 -1  0 -9 
266 142  -1 -2  0 -9 
266 184  -1  0 -1 -2  0 -9 
266 206   1 -3  0 -9 
266 238  -1  0  0 -9 
266 266  -1  2  0 -9 
266 274  -1  0  0 -9 
266 276   1  1  0 -9 
266 284   1  1  0 -9 
266 286  -1  0  0 -9 
266 288   1 -1  0 -9 
266 290   1 -1  0 -9 
266 291  -1 -2  0 -9 
267 85   1 -2  0 -9 
267 125  -1 -3  0 -9 
267 179   1 -2  0 -9 
267 210   1 -2  0 -9 
267 229  -1 -1  0 -9 
267 233   1 -2 -1 -4  0 -9 
267 267   1  0  0 -9 
267 271  -1 -1  0 -9 
267 281   1 -2  0 -9 
268 86   1 -2  0 -9 
268 126  -1 -3  0 -9 
268 180   1 -2  0 -9 
268 211   1 -2  0 -9 
268 230  -1 -1  0 -9 
268 234   1 -2 -1 -4  0 -9 
268 268   1  0  0 -9 
268 272  -1 -1  0 -9 
268 282   1 -2  0 -9 
269 87   1 -2  0 -9 
269 141  -1 -3  0 -9 
269 231  -1 -1  0 -9 
269 233  -1 -3  0 -9 
269 235   1 -2  0 -9 
269 269   1  0  0 -9 
269 273  -1 -1  0 -9 
269 289   1 -2  0 -9 
270 78   1 -1  0 -9 
270 87   1 -1  0 -9 
270 88  -1  0  0 -9 
270 114  -1  0  0 -9 
270 120  -1  0  0 -9 
270 125  -1 -3  0 -9 
270 128   1 -1  0 -9 
270 142  -1 -3  0 -9 
270 168   1  1  0 -9 
270 174   1  1  0 -9 
270 179   1 -2  0 -9 
270 182  -1  0  0 -9 
270 184  -1 -3  0 -9 
270 206   1 -4  0 -9 
270 210  -1  0  0 -9 
270 231  -1  0  0 -9 
270 232   1  1  0 -9 
270 235   1 -1  0 -9 
270 236  -1  0  0 -9 
270 269   1  1  0 -9 
270 270  -1  2  0 -9 
270 273  -1  0  0 -9 
270 274   1  1  0 -9 
270 290   1 -2  0 -9 
270 291  -1 -3  0 -9 
271 125   1 -6  0 -9 
271 179  -1 -5  0 -9 
271 233  -1 -5  0 -9 
271 281   1 -3  0 -9 
272 126   1 -6  0 -9 
272 180  -1 -5  0 -9 
272 234  -1 -5  0 -9 
272 282   1 -3  0 -9 
273 125   1 -5  0 -9 
273 141  -1 -4  0 -9 
273 179  -1 -4  0 -9 
273 233  -1 -4  0 -9 
273 289   1 -3  0 -9 
274 142  -1 -4  0 -9 
274 184  -1 -4  0 -9 
274 206   1 -5  0 -9 
274 290   1 -3  0 -9 
274 291  -1 -4  0 -9 
275 58  -1 -3  0 -9 
275 126  -1 -3  0 -9 
275 129   1 -2  0 -9 
275 180   1 -2  0 -9 
275 183  -1 -1 -1 -3 -1 -5  0 -9 
275 196   1 -4  1 -6  0 -9 
275 227   1 -2  0 -9 
275 234   1 -2 -1 -4  0 -9 
275 237  -1 -1  0 -9 
275 249  -1 -1  0 -9 
275 255   1 -2  0 -9 
275 257  -1 -3  0 -9 
275 272  -1 -1  0 -9 
275 275   1  0  0 -9 
275 282   1 -2  0 -9 
275 285  -1 -1  0 -9 
275 287   1 -2  0 -9 
276 130   1 -2  0 -9 
276 142  -1 -3  0 -9 
276 184  -1 -1 -1 -3 -1 -5  0 -9 
276 206   1 -4  1 -6  0 -9 
276 236   1 -2  0 -9 
276 238  -1 -1  0 -9 
276 274  -1 -1  0 -9 
276 276   1  0  0 -9 
276 286  -1 -1  0 -9 
276 288   1 -2  0 -9 
276 290   1 -2  0 -9 
276 291  -1 -3  0 -9 
277 54  -1 -3  0 -9 
277 125   1 -4  0 -9 
277 179  -1 -3  0 -9 
277 233  -1 -3  0 -9 
277 247  -1 -1  0 -9 
277 251   1 -2  0 -9 
277 271   1 -2  0 -9 
277 277   1  0  0 -9 
277 281  -1 -1  0 -9 
278 55  -1 -3  0 -9 
278 126   1 -4  0 -9 
278 180  -1 -3  0 -9 
278 234  -1 -3  0 -9 
278 248  -1 -1  0 -9 
278 252   1 -2  0 -9 
278 272   1 -2  0 -9 
278 278   1  0  0 -9 
278 282  -1 -1  0 -9 
279 58  -1 -3  0 -9 
279 183  -1 -3  0 -9 
279 196   1 -4  0 -9 
279 249  -1 -1  0 -9 
279 255   1 -2  0 -9 
279 257  -1 -3  0 -9 
279 279   1  0  0 -9 
279 285  -1 -1  0 -9 
279 287   1 -2  0 -9 
280 58  -1 -2  0 -9 
280 59   1 -1  0 -9 
280 184  -1 -3  0 -9 
280 206   1 -4  0 -9 
280 249  -1  0  0 -9 
280 250   1  1  0 -9 
280 255   1 -1  0 -9 
280 256  -1  0  0 -9 
280 279   1  1  0 -9 
280 280  -1  2  0 -9 
280 285  -1  0  0 -9 
280 286   1  1  0 -9 
280 288   1 -2  0 -9 
280 291  -1 -3  0 -9 
281 125   1 -5  0 -9 
281 179  -1 -4  0 -9 
281 233  -1 -4  0 -9 
281 271   1 -3  0 -9 
282 126   1 -5  0 -9 
282 180  -1 -4  0 -9 
282 234  -1 -4  0 -9 
282 272   1 -3  0 -9 
283 125   1 -4  0 -9 
283 141  -1 -3  0 -9 
283 179  -1 -3  0 -9 
283 233  -1 -3  0 -9 
283 271   1 -2  0 -9 
283 273  -1 -1  0 -9 
283 281  -1 -1  0 -9 
283 283   1  0  0 -9 
283 289   1 -2  0 -9 
284 142  -1 -3  0 -9 
284 184  -1 -3  0 -9 
284 206   1 -4  0 -9 
284 274  -1 -1  0 -9 
284 284   1  0  0 -9 
284 286  -1 -1  0 -9 
284 288   1 -2  0 -9 
284 290   1 -2  0 -9 
284 291  -1 -3  0 -9 
285 183  -1 -4  0 -9 
285 196   1 -5  0 -9 
285 257  -1 -4  0 -9 
285 287   1 -3  0 -9 
286 184  -1 -4  0 -9 
286 206   1 -5  0 -9 
286 288   1 -3  0 -9 
286 291  -1 -4  0 -9 
287 183  -1 -5  0 -9 
287 196   1 -6  0 -9 
287 257  -1 -5  0 -9 
287 285   1 -3  0 -9 
288 184  -1 -5  0 -9 
288 206   1 -6  0 -9 
288 286   1 -3  0 -9 
288 291  -1 -5  0 -9 
289 125   1 -6  0 -9 
289 141   1 -7  0 -9 
289 179  -1 -5  0 -9 
289 233  -1 -5  0 -9 
289 273   1 -3  0 -9 
290 142   1 -7  0 -9 
290 184  -1 -5  0 -9 
290 206   1 -6  0 -9 
290 274   1 -3  0 -9 
290 291  -1 -5  0 -9 
291 206   1 -7  0 -9 
291 291  -1 -6  0 -9 
292 27  -1  0  0 -9 
292 292  -1  2  0 -9 
292 301   1  1  0 -9 
293 31  -1  0  0 -9 
293 36   1 -1  0 -9 
293 293  -1  2  0 -9 
293 305   1  1  0 -9 
293 310  -1  0  0 -9 
294 19   1 -1  0 -9 
294 42  -1  0  0 -9 
294 294  -1  2  0 -9 
294 316   1  1  0 -9 
295 22   1 -1  0 -9 
295 45  -1  0  0 -9 
295 50   1 -1  0 -9 
295 54  -1 -2  0 -9 
295 295  -1  2  0 -9 
295 319   1  1  0 -9 
295 324  -1  0  0 -9 
295 328   1 -1  0 -9 
296 23   1 -1  0 -9 
296 46  -1  0  0 -9 
296 51   1 -1  0 -9 
296 55  -1 -2  0 -9 
296 296  -1  2  0 -9 
296 320   1  1  0 -9 
296 325  -1  0  0 -9 
296 329   1 -1  0 -9 
297 32  -1  0  0 -9 
297 297  -1  2  0 -9 
297 306   1  1  0 -9 
297 311  -1  0  0 -9 
297 335   1  1  0 -9 
297 341  -1  0  0 -9 
297 347   1 -1  0 -9 
298 33  -1  0  0 -9 
298 298  -1  2  0 -9 
298 307   1  1  0 -9 
298 312  -1  0  0 -9 
298 334  -1  0  0 -9 
298 336   1  1  0 -9 
298 342  -1  0  0 -9 
298 348   1 -1  0 -9 
299 41  -1  0  0 -9 
299 299  -1  2  0 -9 
299 313  -1  0  0 -9 
299 315   1  1  0 -9 
299 337   1  1  0 -9 
299 339  -1  0  0 -9 
299 340   1 -1  0 -9 
299 343  -1  0  0 -9 
299 351   1 -1  0 -9 
299 353  -1 -2  0 -9 
300 52   1 -1  0 -9 
300 53  -1  0  0 -9 
300 58  -1 -2  0 -9 
300 59   1 -1  0 -9 
300 300  -1  2  0 -9 
300 314  -1  0  0 -9 
300 326  -1  0  0 -9 
300 327   1  1  0 -9 
300 332   1 -1  0 -9 
300 333  -1  0 -1 -2  0 -9 
300 338   1  1  0 -9 
300 344  -1  0  0 -9 
300 345  -1 -2  0 -9 
300 346   1 -1  0 -9 
300 352   1 -1  0 -9 
300 354  -1 -2  0 -9 
300 355   1 -3  0 -9 
301  8   1 -2  0 -9 
301 27  -1 -1  0 -9 
301 301   1  0  0 -9 
302 11  -1  0  0 -9 
302 20   1 -1  0 -9 
302 28   1  1  0 -9 
302 32  -1  0  0 -9 
302 37   1 -1  0 -9 
302 43  -1  0  0 -9 
302 54  -1 -3  0 -9 
302 302  -1  2  0 -9 
302 306   1  1  0 -9 
302 311  -1  0  0 -9 
302 317   1  1  0 -9 
302 328   1 -2  0 -9 
303  8   1 -1  0 -9 
303  9  -1  0  0 -9 
303 10  -1  0  0 -9 
303 12  -1  0  0 -9 
303 21   1 -1  0 -9 
303 27  -1  0  0 -9 
303 29   1  1  0 -9 
303 33  -1  0  0 -9 
303 38   1 -1  0 -9 
303 44  -1  0  0 -9 
303 55  -1 -3  0 -9 
303 301   1  1  0 -9 
303 303  -1  2  0 -9 
303 307   1  1  0 -9 
303 312  -1  0  0 -9 
303 318   1  1  0 -9 
303 329   1 -2  0 -9 
304 12  -1  0  0 -9 
304 30   1  1  0 -9 
304 48  -1  0  0 -9 
304 54  -1 -2  0 -9 
304 56   1 -1  0 -9 
304 304  -1  2  0 -9 
304 322   1  1  0 -9 
304 328   1 -1  0 -9 
304 330  -1  0  0 -9 
305  9   1 -2  0 -9 
305 31  -1 -1  0 -9 
305 36   1 -2 -1 -4  0 -9 
305 305   1  0  0 -9 
305 310  -1 -1  0 -9 
305 334   1 -2  0 -9 
306 32  -1 -1  0 -9 
306 37   1 -2  0 -9 
306 50  -1 -3  0 -9 
306 306   1  0  0 -9 
306 311  -1 -1  0 -9 
306 347   1 -2  0 -9 
307 33  -1 -1  0 -9 
307 36  -1 -3  0 -9 
307 38   1 -2  0 -9 
307 51  -1 -3  0 -9 
307 307   1  0  0 -9 
307 312  -1 -1  0 -9 
307 348   1 -2  0 -9 
308  9  -1  0  0 -9 
308 12  -1  0  0 -9 
308 24   1 -1  0 -9 
308 33  -1  0  0 -9 
308 34   1  1  0 -9 
308 38   1 -1  0 -9 
308 39  -1  0  0 -9 
308 47  -1  0  0 -9 
308 52   1 -1 -1 -3  0 -9 
308 55  -1 -3  0 -9 
308 58   1 -4  0 -9 
308 307   1  1  0 -9 
308 308  -1  2  0 -9 
308 312  -1  0  0 -9 
308 313   1  1  0 -9 
308 321   1  1  0 -9 
308 326  -1  0  0 -9 
308 329   1 -2  0 -9 
308 332  -1 -3  0 -9 
308 345   1 -4  0 -9 
308 351   1 -2  0 -9 
308 353  -1 -3  0 -9 
309 35   1  1  0 -9 
309 40  -1  0  0 -9 
309 49  -1  0  0 -9 
309 57   1 -1  0 -9 
309 309  -1  2  0 -9 
309 314   1  1  0 -9 
309 323   1  1  0 -9 
309 331  -1  0  0 -9 
309 333  -1 -3  0 -9 
309 352   1 -2  0 -9 
309 354  -1 -3  0 -9 
309 355   1 -4  0 -9 
310 36  -1 -5  0 -9 
310 334   1 -3  0 -9 
311 50  -1 -4  0 -9 
311 54   1 -5  0 -9 
311 328  -1 -4  0 -9 
311 347   1 -3  0 -9 
312 36  -1 -4  0 -9 
312 51  -1 -4  0 -9 
312 55   1 -5  0 -9 
312 329  -1 -4  0 -9 
312 348   1 -3  0 -9 
313 52  -1 -4  0 -9 
313 58   1 -5  0 -9 
313 332  -1 -4  0 -9 
313 345   1 -5  0 -9 
313 351   1 -3  0 -9 
313 353  -1 -4  0 -9 
314 333  -1 -4  0 -9 
314 352   1 -3  0 -9 
314 354  -1 -4  0 -9 
314 355   1 -5  0 -9 
315 39   1 -2  0 -9 
315 41  -1 -1  0 -9 
315 52  -1 -3  0 -9 
315 313  -1 -1  0 -9 
315 315   1  0  0 -9 
315 339  -1 -1  0 -9 
315 340   1 -2  0 -9 
315 351   1 -2  0 -9 
315 353  -1 -3  0 -9 
316 10   1 -2  0 -9 
316 19   1 -2  0 -9 
316 42  -1 -1  0 -9 
316 316   1  0  0 -9 
317 20   1 -2  0 -9 
317 43  -1 -1  0 -9 
317 54  -1 -4  0 -9 
317 317   1  0  0 -9 
317 328   1 -3  0 -9 
318 21   1 -2  0 -9 
318 44  -1 -1  0 -9 
318 55  -1 -4  0 -9 
318 318   1  0  0 -9 
318 329   1 -3  0 -9 
319 11   1 -2  0 -9 
319 22   1 -2  0 -9 
319 45  -1 -1  0 -9 
319 50   1 -2 -1 -4  0 -9 
319 54  -1 -3  0 -9 
319 319   1  0  0 -9 
319 324  -1 -1  0 -9 
319 328   1 -2  0 -9 
319 341   1 -2  0 -9 
320 12   1 -2  0 -9 
320 23   1 -2  0 -9 
320 46  -1 -1  0 -9 
320 51   1 -2 -1 -4  0 -9 
320 55  -1 -3  0 -9 
320 320   1  0  0 -9 
320 325  -1 -1  0 -9 
320 329   1 -2  0 -9 
320 342   1 -2  0 -9 
321 24   1 -2  0 -9 
321 47  -1 -1  0 -9 
321 52   1 -2 -1 -4  0 -9 
321 55  -1 -4  0 -9 
321 58   1 -5  0 -9 
321 321   1  0  0 -9 
321 326  -1 -1  0 -9 
321 329   1 -3  0 -9 
321 332  -1 -4  0 -9 
321 343   1 -2  0 -9 
321 345   1 -5  0 -9 
322 48  -1 -1  0 -9 
322 51  -1 -3  0 -9 
322 54  -1 -3  0 -9 
322 56   1 -2  0 -9 
322 322   1  0  0 -9 
322 328   1 -2  0 -9 
322 330  -1 -1  0 -9 
322 349   1 -2  0 -9 
323 49  -1 -1  0 -9 
323 52  -1 -3  0 -9 
323 57   1 -2  0 -9 
323 323   1  0  0 -9 
323 331  -1 -1  0 -9 
323 333  -1 -4  0 -9 
323 350   1 -2  0 -9 
323 355   1 -5  0 -9 
324 50  -1 -5  0 -9 
324 54   1 -6  0 -9 
324 328  -1 -5  0 -9 
324 341   1 -3  0 -9 
325 51  -1 -5  0 -9 
325 55   1 -6  0 -9 
325 329  -1 -5  0 -9 
325 342   1 -3  0 -9 
326 52  -1 -5  0 -9 
326 58   1 -6  0 -9 
326 332  -1 -5  0 -9 
326 343   1 -3  0 -9 
326 345   1 -6  0 -9 
327 40   1 -2  0 -9 
327 52   1 -2 -1 -4  0 -9 
327 53  -1 -1  0 -9 
327 58  -1 -3  0 -9 
327 59   1 -2  0 -9 
327 314  -1 -1  0 -9 
327 326  -1 -1  0 -9 
327 327   1  0  0 -9 
327 332   1 -2  0 -9 
327 333  -1 -1 -1 -3 -1 -5  0 -9 
327 343   1 -2  0 -9 
327 344  -1 -1  0 -9 
327 345  -1 -3  0 -9 
327 346   1 -2  0 -9 
327 352   1 -2  0 -9 
327 354  -1 -3  0 -9 
327 355   1 -4  1 -6  0 -9 
328 54   1 -7  0 -9 
328 328  -1 -6  0 -9 
329 55   1 -7  0 -9 
329 329  -1 -6  0 -9 
330 51  -1 -4  0 -9 
330 54   1 -6  0 -9 
330 328  -1 -5  0 -9 
330 349   1 -3  0 -9 
331 52  -1 -4  0 -9 
331 333  -1 -5  0 -9 
331 350   1 -3  0 -9 
331 355   1 -6  0 -9 
332 58   1 -7  0 -9 
332 332  -1 -6  0 -9 
332 345   1 -7  0 -9 
333 333  -1 -6  0 -9 
333 355   1 -7  0 -9 
334 36  -1 -4  0 -9 
334 310   1 -3  0 -9 
335 50  -1 -3  0 -9 
335 54   1 -4  0 -9 
335 311  -1 -1  0 -9 
335 324   1 -2  0 -9 
335 328  -1 -3  0 -9 
335 335   1  0  0 -9 
335 341  -1 -1  0 -9 
335 347   1 -2  0 -9 
336 36  -1 -3  0 -9 
336 51  -1 -3  0 -9 
336 55   1 -4  0 -9 
336 310   1 -2  0 -9 
336 312  -1 -1  0 -9 
336 325   1 -2  0 -9 
336 329  -1 -3  0 -9 
336 334  -1 -1  0 -9 
336 336   1  0  0 -9 
336 342  -1 -1  0 -9 
336 348   1 -2  0 -9 
337 52  -1 -3  0 -9 
337 58   1 -4  0 -9 
337 313  -1 -1  0 -9 
337 326   1 -2  0 -9 
337 332  -1 -3  0 -9 
337 337   1  0  0 -9 
337 339  -1 -1  0 -9 
337 340   1 -2  0 -9 
337 343  -1 -1  0 -9 
337 351   1 -2  0 -9 
337 353  -1 -3  0 -9 
338 314  -1 -1  0 -9 
338 333  -1 -3  0 -9 
338 338   1  0  0 -9 
338 344  -1 -1  0 -9 
338 345  -1 -3  0 -9 
338 346   1 -2  0 -9 
338 352   1 -2  0 -9 
338 354  -1 -3  0 -9 
338 355   1 -4  0 -9 
339 340   1 -3  0 -9 
339 353  -1 -4  0 -9 
340 339   1 -3  0 -9 
340 345   1 -6  0 -9 
340 353  -1 -5  0 -9 
341 50  -1 -4  0 -9 
341 54   1 -5  0 -9 
341 324   1 -3  0 -9 
341 328  -1 -4  0 -9 
342 51  -1 -4  0 -9 
342 55   1 -5  0 -9 
342 325   1 -3  0 -9 
342 329  -1 -4  0 -9 
343 52  -1 -4  0 -9 
343 58   1 -5  0 -9 
343 326   1 -3  0 -9 
343 332  -1 -4  0 -9 
344 333  -1 -4  0 -9 
344 345  -1 -4  0 -9 
344 346   1 -3  0 -9 
344 354  -1 -4  0 -9 
344 355   1 -5  0 -9 
345 345   1 -8  0 -9 
346 333  -1 -5  0 -9 
346 344   1 -3  0 -9 
346 345   1 -7  0 -9 
346 354  -1 -5  0 -9 
346 355   1 -6  0 -9 
347 50  -1 -5  0 -9 
347 54   1 -6  0 -9 
347 311   1 -3  0 -9 
347 328  -1 -5  0 -9 
348 36  -1 -5  0 -9 
348 51  -1 -5  0 -9 
348 55   1 -6  0 -9 
348 312   1 -3  0 -9 
348 329  -1 -5  0 -9 
349 51  -1 -5  0 -9 
349 55   1 -6  0 -9 
349 328  -1 -4  0 -9 
349 330   1 -3  0 -9 
350 52  -1 -5  0 -9 
350 58   1 -6  0 -9 
350 331   1 -3  0 -9 
350 333  -1 -4  0 -9 
351 52  -1 -5  0 -9 
351 58   1 -6  0 -9 
351 313   1 -3  0 -9 
351 332  -1 -5  0 -9 
351 345   1 -6  0 -9 
351 353  -1 -5  0 -9 
352 314   1 -3  0 -9 
352 333  -1 -5  0 -9 
352 354  -1 -5  0 -9 
352 355   1 -6  0 -9 
353 345   1 -7  0 -9 
353 353  -1 -6  0 -9 
354 354  -1 -6  0 -9 
354 355   1 -7  0 -9 
355 355   1 -8  0 -9 
356 36  -1 -3  0 -9 
356 161  -1 -1  0 -9 
356 185   1 -2  0 -9 
356 310   1 -2  0 -9 
356 334  -1 -1  0 -9 
356 356   1  0  0 -9 
357 125   1 -4  0 -9 
357 135  -1 -3  0 -9 
357 162   1  1  0 -9 
357 175  -1  0  0 -9 
357 179  -1 -3  0 -9 
357 198   1 -2  0 -9 
357 311  -1  0  0 -9 
357 324   1 -1  0 -9 
357 335   1  1  0 -9 
357 341  -1  0  0 -9 
357 357  -1  2  0 -9 
357 363   1  1  0 -9 
358 126   1 -4  0 -9 
358 136  -1 -3  0 -9 
358 161  -1  0  0 -9 
358 163   1  1  0 -9 
358 176  -1  0  0 -9 
358 180  -1 -3  0 -9 
358 199   1 -2  0 -9 
358 310   1 -1  0 -9 
358 312  -1  0  0 -9 
358 325   1 -1  0 -9 
358 334  -1  0  0 -9 
358 336   1  1  0 -9 
358 342  -1  0  0 -9 
358 356   1  1  0 -9 
358 358  -1  2  0 -9 
358 364   1  1  0 -9 
359 164   1  1  0 -9 
359 177  -1  0  0 -9 
359 183  -1 -3  0 -9 
359 196   1 -4  0 -9 
359 202   1 -2  0 -9 
359 204  -1 -3  0 -9 
359 313  -1  0  0 -9 
359 326   1 -1  0 -9 
359 337   1  1  0 -9 
359 339  -1  0  0 -9 
359 340   1 -1  0 -9 
359 343  -1  0  0 -9 
359 345  -1 -3  0 -9 
359 359  -1  2  0 -9 
359 361   1  1  0 -9 
359 362  -1  0  0 -9 
359 365   1  1  0 -9 
359 367   1 -2  0 -9 
360 165   1  1  0 -9 
360 184  -1 -3  0 -9 
360 203   1 -2  0 -9 
360 205  -1 -3  0 -9 
360 206   1 -4  0 -9 
360 314  -1  0  0 -9 
360 338   1  1  0 -9 
360 344  -1  0  0 -9 
360 345  -1 -2  0 -9 
360 346   1 -1  0 -9 
360 360  -1  2  0 -9 
360 366   1  1  0 -9 
360 367   1 -1  0 -9 
360 368  -1  0  0 -9 
361 339  -1 -1  0 -9 
361 340   1 -2  0 -9 
361 353  -1 -3  0 -9 
361 361   1  0  0 -9 
361 362  -1 -1  0 -9 
361 369   1 -2  0 -9 
362 345   1 -5  0 -9 
362 353  -1 -4  0 -9 
362 367  -1 -4  0 -9 
362 369   1 -3  0 -9 
363 50  -1 -3  0 -9 
363 125   1 -5  0 -9 
363 175  -1 -1  0 -9 
363 179  -1 -4  0 -9 
363 192   1 -2  0 -9 
363 324   1 -2  0 -9 
363 341  -1 -1  0 -9 
363 363   1  0  0 -9 
364 51  -1 -3  0 -9 
364 126   1 -5  0 -9 
364 176  -1 -1  0 -9 
364 180  -1 -4  0 -9 
364 193   1 -2  0 -9 
364 325   1 -2  0 -9 
364 342  -1 -1  0 -9 
364 364   1  0  0 -9 
365 52  -1 -3  0 -9 
365 177  -1 -1  0 -9 
365 183  -1 -4  0 -9 
365 194   1 -2  0 -9 
365 196   1 -5  0 -9 
365 326   1 -2  0 -9 
365 343  -1 -1  0 -9 
365 345  -1 -4  0 -9 
365 365   1  0  0 -9 
365 367   1 -3  0 -9 
366 184  -1 -4  0 -9 
366 206   1 -5  0 -9 
366 344  -1 -1  0 -9 
366 345  -1 -3  0 -9 
366 346   1 -2  0 -9 
366 354  -1 -3  0 -9 
366 366   1  0  0 -9 
366 367   1 -2  0 -9 
366 368  -1 -1  0 -9 
366 370   1 -2  0 -9 
367 345   1 -7  0 -9 
367 367  -1 -6  0 -9 
368 184  -1 -5  0 -9 
368 206   1 -6  0 -9 
368 345   1 -6  0 -9 
368 354  -1 -4  0 -9 
368 367  -1 -5  0 -9 
368 370   1 -3  0 -9 
369 345   1 -6  0 -9 
369 353  -1 -5  0 -9 
369 362   1 -3  0 -9 
369 367  -1 -5  0 -9 
370 184  -1 -4  0 -9 
370 354  -1 -5  0 -9 
370 355   1 -6  0 -9 
370 367  -1 -4  0 -9 
370 368   1 -3  0 -9 
371 19   1 -3  0 -9 
371 371   1  0  0 -9 
372 22   1 -2  0 -9 
372 43  -1  0  0 -9 
372 54  -1 -3  0 -9 
372 317   1  1  0 -9 
372 328   1 -2  0 -9 
372 372  -1  2  0 -9 
372 374   1  1  0 -9 
372 379  -1  0  0 -9 
373 19   1 -2  0 -9 
373 23   1 -2  0 -9 
373 44  -1  0  0 -9 
373 55  -1 -3  0 -9 
373 318   1  1  0 -9 
373 329   1 -2  0 -9 
373 371   1  1  0 -9 
373 373  -1  2  0 -9 
373 375   1  1  0 -9 
373 380  -1  0  0 -9 
374 22   1 -3  0 -9 
374 54  -1 -4  0 -9 
374 374   1  0  0 -9 
374 379  -1 -1  0 -9 
374 383   1 -2  0 -9 
375 23   1 -3  0 -9 
375 55  -1 -4  0 -9 
375 375   1  0  0 -9 
375 380  -1 -1  0 -9 
375 384   1 -2  0 -9 
376 23   1 -2  0 -9 
376 47  -1  0  0 -9 
376 52   1 -1  0 -9 
376 55  -1 -3  0 -9 
376 321   1  1  0 -9 
376 326  -1  0  0 -9 
376 329   1 -2  0 -9 
376 332  -1 -3  0 -9 
376 345   1 -4  0 -9 
376 375   1  1  0 -9 
376 376  -1  2  0 -9 
376 380  -1  0  0 -9 
376 381   1  1  0 -9 
376 387   1 -2  0 -9 
376 389  -1 -3  0 -9 
377 23   1 -2  0 -9 
377 48  -1  0  0 -9 
377 55  -1 -3  0 -9 
377 322   1  1  0 -9 
377 328   1 -1  0 -9 
377 330  -1  0  0 -9 
377 342  -1  0  0 -9 
377 349   1 -1  0 -9 
377 375   1  1  0 -9 
377 377  -1  2  0 -9 
377 380  -1  0  0 -9 
377 383  -1  0  0 -9 
377 384   1 -1  0 -9 
377 385   1  1  0 -9 
378 49  -1  0  0 -9 
378 58  -1 -3  0 -9 
378 59   1 -2  0 -9 
378 323   1  1  0 -9 
378 331  -1  0  0 -9 
378 333  -1 -3  0 -9 
378 343  -1  0  0 -9 
378 350   1 -1  0 -9 
378 355   1 -4  0 -9 
378 378  -1  2  0 -9 
378 381  -1  0  0 -9 
378 382   1  1  0 -9 
378 386   1  1  0 -9 
378 387   1 -1  0 -9 
378 388  -1  0  0 -9 
378 389  -1 -2  0 -9 
378 390   1 -1  0 -9 
379 328  -1 -4  0 -9 
379 383   1 -3  0 -9 
380 329  -1 -4  0 -9 
380 384   1 -3  0 -9 
381 332  -1 -4  0 -9 
381 345   1 -5  0 -9 
381 387   1 -3  0 -9 
381 389  -1 -4  0 -9 
382 58  -1 -4  0 -9 
382 59   1 -3  0 -9 
382 333  -1 -4  0 -9 
382 355   1 -5  0 -9 
382 381  -1 -1  0 -9 
382 382   1  0  0 -9 
382 387   1 -2  0 -9 
382 388  -1 -1  0 -9 
382 389  -1 -3  0 -9 
382 390   1 -2  0 -9 
383 54   1 -6  0 -9 
383 328  -1 -5  0 -9 
383 379   1 -3  0 -9 
384 55   1 -6  0 -9 
384 329  -1 -5  0 -9 
384 380   1 -3  0 -9 
385 51  -1 -3  0 -9 
385 54   1 -5  0 -9 
385 325   1 -2  0 -9 
385 328   1 -2 -1 -4  0 -9 
385 329  -1 -3  0 -9 
385 330  -1 -1  0 -9 
385 342  -1 -1  0 -9 
385 349   1 -2  0 -9 
385 379   1 -2  0 -9 
385 380  -1 -1  0 -9 
385 383  -1 -1  0 -9 
385 384   1 -2  0 -9 
385 385   1  0  0 -9 
386 52  -1 -3  0 -9 
386 326   1 -2  0 -9 
386 331  -1 -1  0 -9 
386 332  -1 -3  0 -9 
386 333   1 -2 -1 -4  0 -9 
386 343  -1 -1  0 -9 
386 350   1 -2  0 -9 
386 355   1 -5  0 -9 
386 381  -1 -1  0 -9 
386 386   1  0  0 -9 
386 387   1 -2  0 -9 
386 388  -1 -1  0 -9 
386 389  -1 -3  0 -9 
386 390   1 -2  0 -9 
387 58   1 -6  0 -9 
387 332  -1 -5  0 -9 
387 345   1 -6  0 -9 
387 381   1 -3  0 -9 
387 389  -1 -5  0 -9 
388 333  -1 -5  0 -9 
388 355   1 -6  0 -9 
388 389  -1 -4  0 -9 
388 390   1 -3  0 -9 
389 345   1 -7  0 -9 
389 389  -1 -6  0 -9 
390 333  -1 -4  0 -9 
390 345   1 -6  0 -9 
390 388   1 -3  0 -9 
390 389  -1 -5  0 -9 
391 54  -1 -2  0 -9 
391 125   1 -3  0 -9 
391 179  -1  0 -1 -2  0 -9 
391 233  -1 -2  0 -9 
391 247  -1  0  0 -9 
391 251   1 -1  0 -9 
391 271   1 -1  0 -9 
391 277   1  1  0 -9 
391 281  -1  0  0 -9 
391 328   1 -1  0 -9 
391 383  -1  0  0 -9 
391 391  -1  2  0 -9 
391 395   1  1  0 -9 
392 55  -1 -2  0 -9 
392 126   1 -3  0 -9 
392 180  -1  0 -1 -2  0 -9 
392 234  -1 -2  0 -9 
392 248  -1  0  0 -9 
392 252   1 -1  0 -9 
392 272   1 -1  0 -9 
392 278   1  1  0 -9 
392 282  -1  0  0 -9 
392 329   1 -1  0 -9 
392 384  -1  0  0 -9 
392 392  -1  2  0 -9 
392 396   1  1  0 -9 
393 58  -1 -2  0 -9 
393 183  -1  0 -1 -2  0 -9 
393 196   1 -3  0 -9 
393 249  -1  0  0 -9 
393 255   1 -1  0 -9 
393 257  -1 -2  0 -9 
393 279   1  1  0 -9 
393 285  -1  0  0 -9 
393 287   1 -1  0 -9 
393 332   1 -1  0 -9 
393 345  -1 -2  0 -9 
393 367   1 -1  0 -9 
393 387  -1  0  0 -9 
393 389   1 -1  0 -9 
393 393  -1  2  0 -9 
393 399   1  1  0 -9 
393 401  -1  0  0 -9 
394 184  -1  0 -1 -2  0 -9 
394 206   1 -3  0 -9 
394 286  -1  0  0 -9 
394 288   1 -1  0 -9 
394 291  -1 -2  0 -9 
394 333   1 -1  0 -9 
394 355  -1 -2  0 -9 
394 388  -1  0  0 -9 
394 394  -1  2  0 -9 
394 400   1  1  0 -9 
394 402  -1  0  0 -9 
394 403  -1  0  0 -9 
394 404   1  1  0 -9 
394 405   1 -1  0 -9 
395 54  -1 -3  0 -9 
395 125   1 -4  1 -6  0 -9 
395 179  -1 -1 -1 -3 -1 -5  0 -9 
395 233  -1 -3  0 -9 
395 247  -1 -1  0 -9 
395 251   1 -2  0 -9 
395 271   1 -2  0 -9 
395 281  -1 -1  0 -9 
395 328   1 -2  0 -9 
395 379   1 -2  0 -9 
395 383  -1 -1  0 -9 
395 395   1  0  0 -9 
396 55  -1 -3  0 -9 
396 126   1 -4  1 -6  0 -9 
396 180  -1 -1 -1 -3 -1 -5  0 -9 
396 234  -1 -3  0 -9 
396 248  -1 -1  0 -9 
396 252   1 -2  0 -9 
396 272   1 -2  0 -9 
396 282  -1 -1  0 -9 
396 329   1 -2  0 -9 
396 380   1 -2  0 -9 
396 384  -1 -1  0 -9 
396 396   1  0  0 -9 
397 55  -1 -3  0 -9 
397 125   1 -5  0 -9 
397 126   1 -4  0 -9 
397 137  -1 -3  0 -9 
397 176  -1  0  0 -9 
397 179  -1  0 -1 -4  0 -9 
397 180  -1 -3  0 -9 
397 181   1  1  0 -9 
397 200   1 -2  0 -9 
397 234  -1 -3  0 -9 
397 247  -1  0  0 -9 
397 248   1  1  0 -9 
397 252   1 -2  0 -9 
397 271   1 -1  0 -9 
397 273  -1  0  0 -9 
397 281  -1  0  0 -9 
397 283   1  1  0 -9 
397 325   1 -1  0 -9 
397 328   1 -1  0 -9 
397 330  -1  0  0 -9 
397 342  -1  0  0 -9 
397 364   1  1  0 -9 
397 379   1 -1  0 -9 
397 380  -1  0  0 -9 
397 383  -1  0  0 -9 
397 385   1  1  0 -9 
397 395   1  1  0 -9 
397 397  -1  2  0 -9 
398 58  -1 -3  0 -9 
398 138  -1 -3  0 -9 
398 177  -1  0  0 -9 
398 182   1  1  0 -9 
398 183  -1 -3  0 -9 
398 184  -1  0 -1 -4  0 -9 
398 196   1 -4  0 -9 
398 201   1 -2  0 -9 
398 206   1 -5  0 -9 
398 249   1  1  0 -9 
398 255   1 -2  0 -9 
398 257  -1 -3  0 -9 
398 274  -1  0  0 -9 
398 284   1  1  0 -9 
398 286  -1  0  0 -9 
398 288   1 -1  0 -9 
398 326   1 -1  0 -9 
398 331  -1  0  0 -9 
398 333   1 -1  0 -9 
398 343  -1  0  0 -9 
398 345  -1 -3  0 -9 
398 365   1  1  0 -9 
398 367   1 -2  0 -9 
398 381  -1  0  0 -9 
398 386   1  1  0 -9 
398 388  -1  0  0 -9 
398 390   1 -1  0 -9 
398 398  -1  2  0 -9 
398 400   1  1  0 -9 
398 402  -1  0  0 -9 
399 58  -1 -3  0 -9 
399 183  -1 -1 -1 -3 -1 -5  0 -9 
399 196   1 -4  1 -6  0 -9 
399 249  -1 -1  0 -9 
399 255   1 -2  0 -9 
399 257  -1 -3  0 -9 
399 285  -1 -1  0 -9 
399 287   1 -2  0 -9 
399 332   1 -2  0 -9 
399 345  -1 -3  0 -9 
399 367   1 -2  0 -9 
399 381   1 -2  0 -9 
399 387  -1 -1  0 -9 
399 389   1 -2 -1 -4  0 -9 
399 399   1  0  0 -9 
399 401  -1 -1  0 -9 
399 403   1 -2  0 -9 
400 184  -1 -1 -1 -3 -1 -5  0 -9 
400 206   1 -4  1 -6  0 -9 
400 286  -1 -1  0 -9 
400 288   1 -2  0 -9 
400 291  -1 -3  0 -9 
400 333   1 -2  0 -9 
400 355  -1 -3  0 -9 
400 388  -1 -1  0 -9 
400 389  -1 -3  0 -9 
400 390   1 -2  0 -9 
400 400   1  0  0 -9 
400 402  -1 -1  0 -9 
400 405   1 -2  0 -9 
401 345   1 -6  0 -9 
401 367  -1 -5  0 -9 
401 389  -1 -5  0 -9 
401 403   1 -3  0 -9 
402 184  -1 -4  0 -9 
402 206   1 -5  0 -9 
402 291  -1 -4  0 -9 
402 345   1 -5  0 -9 
402 355  -1 -4  0 -9 
402 367  -1 -4  0 -9 
402 389  -1 -4  0 -9 
402 405   1 -3  0 -9 
403 345   1 -5  0 -9 
403 367  -1 -4  0 -9 
403 389  -1 -4  0 -9 
403 401   1 -3  0 -9 
404 184  -1 -3  0 -9 
404 206   1 -4  0 -9 
404 286  -1 -1  0 -9 
404 288   1 -2  0 -9 
404 291  -1 -3  0 -9 
404 345   1 -4  0 -9 
404 355  -1 -3  0 -9 
404 367  -1 -3  0 -9 
404 389  -1 -3  0 -9 
404 401   1 -2  0 -9 
404 402  -1 -1  0 -9 
404 403  -1 -1  0 -9 
404 404   1  0  0 -9 
404 405   1 -2  0 -9 
405 184  -1 -5  0 -9 
405 206   1 -6  0 -9 
405 291  -1 -5  0 -9 
405 345   1 -6  0 -9 
405 355   1 -7  0 -9 
405 367  -1 -5  0 -9 
405 389  -1 -5  0 -9 
405 402   1 -3  0 -9 
406 98  -1  0  0 -9 
406 152   1  1  0 -9 
406 406  -1  2  0 -9 
407 85   1 -1  0 -9 
407 125  -1 -2  0 -9 
407 131  -1  0  0 -9 
407 135   1 -1  0 -9 
407 179   1 -1  0 -9 
407 407  -1  2  0 -9 
407 415   1  1  0 -9 
407 419  -1  0  0 -9 
408 86   1 -1  0 -9 
408 126  -1 -2  0 -9 
408 132  -1  0  0 -9 
408 136   1 -1  0 -9 
408 180   1 -1  0 -9 
408 408  -1  2  0 -9 
408 416   1  1  0 -9 
408 420  -1  0  0 -9 
409 87   1 -1  0 -9 
409 133  -1  0  0 -9 
409 137   1 -1  0 -9 
409 141  -1 -2  0 -9 
409 409  -1  2  0 -9 
409 417   1  1  0 -9 
409 421  -1  0  0 -9 
409 425   1 -1  0 -9 
410 102  -1  0  0 -9 
410 156   1  1  0 -9 
410 161  -1  0  0 -9 
410 185   1 -1  0 -9 
410 334  -1  0  0 -9 
410 410  -1  2  0 -9 
410 427   1  1  0 -9 
411 103  -1  0  0 -9 
411 157   1  1  0 -9 
411 162  -1  0  0 -9 
411 198   1 -1  0 -9 
411 411  -1  2  0 -9 
411 428   1  1  0 -9 
411 433  -1  0  0 -9 
412 104  -1  0  0 -9 
412 158   1  1  0 -9 
412 163  -1  0  0 -9 
412 199   1 -1  0 -9 
412 412  -1  2  0 -9 
412 429   1  1  0 -9 
412 434  -1  0  0 -9 
413 52   1 -1  0 -9 
413 58  -1 -2  0 -9 
413 126  -1 -2  0 -9 
413 129   1 -1  0 -9 
413 136   1 -1  0 -9 
413 139  -1  0  0 -9 
413 164  -1  0  0 -9 
413 180   1 -1  0 -9 
413 183  -1  0 -1 -2  0 -9 
413 196   1 -3  0 -9 
413 202   1 -1  0 -9 
413 204  -1 -2  0 -9 
413 326  -1  0  0 -9 
413 332   1 -1  0 -9 
413 345  -1 -2  0 -9 
413 413  -1  2  0 -9 
413 420  -1  0  0 -9 
413 423   1  1  0 -9 
413 430   1  1  0 -9 
413 437  -1  0  0 -9 
413 439   1 -1  0 -9 
414 130   1 -1  0 -9 
414 138   1 -1  0 -9 
414 140  -1  0  0 -9 
414 142  -1 -2  0 -9 
414 165  -1  0  0 -9 
414 184  -1  0 -1 -2  0 -9 
414 203   1 -1  0 -9 
414 205  -1 -2  0 -9 
414 206   1 -3  0 -9 
414 414  -1  2  0 -9 
414 422  -1  0  0 -9 
414 424   1  1  0 -9 
414 426   1 -1  0 -9 
414 431   1  1  0 -9 
414 438  -1  0  0 -9 
414 440   1 -1  0 -9 
414 441  -1 -2  0 -9 
415 69   1 -2  0 -9 
415 85   1 -2  0 -9 
415 125  -1 -3  0 -9 
415 131  -1 -1  0 -9 
415 135   1 -2 -1 -4  0 -9 
415 179   1 -2  0 -9 
415 415   1  0  0 -9 
415 419  -1 -1  0 -9 
415 433   1 -2  0 -9 
416 70   1 -2  0 -9 
416 86   1 -2  0 -9 
416 126  -1 -3  0 -9 
416 132  -1 -1  0 -9 
416 136   1 -2 -1 -4  0 -9 
416 180   1 -2  0 -9 
416 416   1  0  0 -9 
416 420  -1 -1  0 -9 
416 434   1 -2  0 -9 
417 71   1 -2  0 -9 
417 87   1 -2  0 -9 
417 133  -1 -1  0 -9 
417 137   1 -2 -1 -4  0 -9 
417 141  -1 -3  0 -9 
417 417   1  0  0 -9 
417 421  -1 -1  0 -9 
417 425   1 -2  0 -9 
417 435   1 -2  0 -9 
418 88   1 -2  0 -9 
418 134  -1 -1  0 -9 
418 138   1 -2 -1 -4  0 -9 
418 141  -1 -4  0 -9 
418 142   1 -5  0 -9 
418 418   1  0  0 -9 
418 422  -1 -1  0 -9 
418 425   1 -3  0 -9 
418 426  -1 -4  0 -9 
418 436   1 -2  0 -9 
418 441   1 -5  0 -9 
419 125   1 -6  0 -9 
419 135  -1 -5  0 -9 
419 179  -1 -5  0 -9 
419 433   1 -3  0 -9 
420 126   1 -6  0 -9 
420 136  -1 -5  0 -9 
420 180  -1 -5  0 -9 
420 434   1 -3  0 -9 
421 137  -1 -5  0 -9 
421 141   1 -6  0 -9 
421 425  -1 -5  0 -9 
421 435   1 -3  0 -9 
422 138  -1 -5  0 -9 
422 142   1 -6  0 -9 
422 426  -1 -5  0 -9 
422 436   1 -3  0 -9 
422 441   1 -6  0 -9 
423 52   1 -2 -1 -4  0 -9 
423 58  -1 -3  0 -9 
423 110   1 -2  0 -9 
423 126  -1 -3  0 -9 
423 129   1 -2  0 -9 
423 136   1 -2 -1 -4  0 -9 
423 139  -1 -1  0 -9 
423 164  -1 -1  0 -9 
423 180   1 -2  0 -9 
423 183  -1 -1 -1 -3 -1 -5  0 -9 
423 196   1 -4  1 -6  0 -9 
423 202   1 -2  0 -9 
423 204  -1 -3  0 -9 
423 326  -1 -1  0 -9 
423 332   1 -2  0 -9 
423 343   1 -2  0 -9 
423 345  -1 -3  0 -9 
423 420  -1 -1  0 -9 
423 423   1  0  0 -9 
423 434   1 -2  0 -9 
423 437  -1 -1  0 -9 
423 439   1 -2  0 -9 
424 111   1 -2  0 -9 
424 130   1 -2  0 -9 
424 138   1 -2 -1 -4  0 -9 
424 140  -1 -1  0 -9 
424 142  -1 -3  0 -9 
424 165  -1 -1  0 -9 
424 184  -1 -1 -1 -3 -1 -5  0 -9 
424 203   1 -2  0 -9 
424 205  -1 -3  0 -9 
424 206   1 -4  1 -6  0 -9 
424 422  -1 -1  0 -9 
424 424   1  0  0 -9 
424 426   1 -2  0 -9 
424 436   1 -2  0 -9 
424 438  -1 -1  0 -9 
424 440   1 -2  0 -9 
424 441  -1 -3  0 -9 
425 141   1 -7  0 -9 
425 425  -1 -6  0 -9 
426 142   1 -7  0 -9 
426 426  -1 -6  0 -9 
426 441   1 -7  0 -9 
427 36  -1 -3  0 -9 
427 161  -1 -1  0 -9 
427 185   1 -2  0 -9 
427 310   1 -2  0 -9 
427 334  -1 -1  0 -9 
427 427   1  0  0 -9 
428 125   1 -4  0 -9 
428 135  -1 -3  0 -9 
428 162  -1 -1  0 -9 
428 179  -1 -3  0 -9 
428 198   1 -2  0 -9 
428 419   1 -2  0 -9 
428 428   1  0  0 -9 
428 433  -1 -1  0 -9 
429 126   1 -4  0 -9 
429 136  -1 -3  0 -9 
429 163  -1 -1  0 -9 
429 180  -1 -3  0 -9 
429 199   1 -2  0 -9 
429 420   1 -2  0 -9 
429 429   1  0  0 -9 
429 434  -1 -1  0 -9 
430 164  -1 -1  0 -9 
430 183  -1 -3  0 -9 
430 196   1 -4  0 -9 
430 202   1 -2  0 -9 
430 204  -1 -3  0 -9 
430 345  -1 -3  0 -9 
430 430   1  0  0 -9 
430 437  -1 -1  0 -9 
430 439   1 -2  0 -9 
431 165  -1 -1  0 -9 
431 184  -1 -3  0 -9 
431 203   1 -2  0 -9 
431 205  -1 -3  0 -9 
431 206   1 -4  0 -9 
431 431   1  0  0 -9 
431 438  -1 -1  0 -9 
431 440   1 -2  0 -9 
431 441  -1 -3  0 -9 
432 164  -1  0  0 -9 
432 166   1  1  0 -9 
432 190  -1  0  0 -9 
432 202   1 -1  0 -9 
432 339   1  1  0 -9 
432 340   1 -2  0 -9 
432 353  -1 -3  0 -9 
432 430   1  1  0 -9 
432 432  -1  2  0 -9 
432 437  -1  0  0 -9 
433 125   1 -5  0 -9 
433 135  -1 -4  0 -9 
433 179  -1 -4  0 -9 
433 419   1 -3  0 -9 
434 126   1 -5  0 -9 
434 136  -1 -4  0 -9 
434 180  -1 -4  0 -9 
434 420   1 -3  0 -9 
435 137  -1 -4  0 -9 
435 141   1 -5  0 -9 
435 421   1 -3  0 -9 
435 425  -1 -4  0 -9 
436 138  -1 -4  0 -9 
436 142   1 -5  0 -9 
436 422   1 -3  0 -9 
436 426  -1 -4  0 -9 
437 183  -1 -4  0 -9 
437 196   1 -5  0 -9 
437 204  -1 -4  0 -9 
437 345  -1 -4  0 -9 
437 439   1 -3  0 -9 
438 184  -1 -4  0 -9 
438 205  -1 -4  0 -9 
438 206   1 -5  0 -9 
438 440   1 -3  0 -9 
438 441  -1 -4  0 -9 
439 183  -1 -5  0 -9 
439 196   1 -6  0 -9 
439 204  -1 -5  0 -9 
439 345   1 -7  0 -9 
439 437   1 -3  0 -9 
440 184  -1 -5  0 -9 
440 205  -1 -5  0 -9 
440 206   1 -6  0 -9 
440 438   1 -3  0 -9 
440 441   1 -7  0 -9 
441 441   1 -8  0 -9 
442 36  -1 -2  0 -9 
442 161  -1  0  0 -9 
442 185   1 -1  0 -9 
442 310   1 -1  0 -9 
442 334  -1  0  0 -9 
442 356   1  1  0 -9 
442 427   1  1  0 -9 
442 442  -1  2  0 -9 
443 125   1 -3  0 -9 
443 135  -1 -2  0 -9 
443 162  -1  0  0 -9 
443 179  -1  0 -1 -2  0 -9 
443 198   1 -1  0 -9 
443 419   1 -1  0 -9 
443 428   1  1  0 -9 
443 433  -1  0  0 -9 
443 443  -1  2  0 -9 
443 448   1  1  0 -9 
444 126   1 -3  0 -9 
444 136  -1 -2  0 -9 
444 163  -1  0  0 -9 
444 180  -1  0 -1 -2  0 -9 
444 199   1 -1  0 -9 
444 420   1 -1  0 -9 
444 429   1  1  0 -9 
444 434  -1  0  0 -9 
444 444  -1  2  0 -9 
444 449   1  1  0 -9 
445 164  -1  0  0 -9 
445 183  -1  0 -1 -2  0 -9 
445 196   1 -3  0 -9 
445 202   1 -1  0 -9 
445 204  -1 -2  0 -9 
445 345  -1 -2  0 -9 
445 367   1 -1  0 -9 
445 430   1  1  0 -9 
445 437  -1  0  0 -9 
445 439   1 -1  0 -9 
445 445  -1  2  0 -9 
445 452   1  1  0 -9 
445 454  -1  0  0 -9 
446 165  -1  0  0 -9 
446 184  -1  0 -1 -2  0 -9 
446 203   1 -1  0 -9 
446 205  -1 -2  0 -9 
446 206   1 -3  0 -9 
446 431   1  1  0 -9 
446 438  -1  0  0 -9 
446 440   1 -1  0 -9 
446 441  -1 -2  0 -9 
446 446  -1  2  0 -9 
446 453   1  1  0 -9 
446 455  -1  0  0 -9 
446 456   1 -1  0 -9 
447 339  -1  0  0 -9 
447 340   1 -1  0 -9 
447 353  -1 -2  0 -9 
447 361   1  1  0 -9 
447 362  -1  0  0 -9 
447 369   1 -1  0 -9 
447 447  -1  2  0 -9 
447 457   1  1  0 -9 
447 458  -1  0  0 -9 
448 125   1 -4  1 -6  0 -9 
448 135  -1 -3  0 -9 
448 162  -1 -1  0 -9 
448 179  -1 -1 -1 -3 -1 -5  0 -9 
448 198   1 -2  0 -9 
448 419   1 -2  0 -9 
448 433  -1 -1  0 -9 
448 448   1  0  0 -9 
449 126   1 -4  1 -6  0 -9 
449 136  -1 -3  0 -9 
449 163  -1 -1  0 -9 
449 180  -1 -1 -1 -3 -1 -5  0 -9 
449 199   1 -2  0 -9 
449 420   1 -2  0 -9 
449 434  -1 -1  0 -9 
449 449   1  0  0 -9 
450 125   1 -5  0 -9 
450 137  -1 -3  0 -9 
450 179  -1 -4  0 -9 
450 181  -1 -1  0 -9 
450 200   1 -2  0 -9 
450 421   1 -2  0 -9 
450 435  -1 -1  0 -9 
450 450   1  0  0 -9 
451 138  -1 -3  0 -9 
451 182  -1 -1  0 -9 
451 184  -1 -4  0 -9 
451 201   1 -2  0 -9 
451 206   1 -5  0 -9 
451 422   1 -2  0 -9 
451 436  -1 -1  0 -9 
451 441  -1 -4  0 -9 
451 451   1  0  0 -9 
451 456   1 -3  0 -9 
452 164  -1 -1  0 -9 
452 183  -1 -1 -1 -3 -1 -5  0 -9 
452 196   1 -4  1 -6  0 -9 
452 202   1 -2  0 -9 
452 204  -1 -3  0 -9 
452 345  -1 -3  0 -9 
452 367   1 -2  0 -9 
452 437  -1 -1  0 -9 
452 439   1 -2  0 -9 
452 452   1  0  0 -9 
452 454  -1 -1  0 -9 
452 458   1 -2  0 -9 
453 165  -1 -1  0 -9 
453 184  -1 -1 -1 -3 -1 -5  0 -9 
453 203   1 -2  0 -9 
453 205  -1 -3  0 -9 
453 206   1 -4  1 -6  0 -9 
453 438  -1 -1  0 -9 
453 440   1 -2  0 -9 
453 441  -1 -3  0 -9 
453 453   1  0  0 -9 
453 455  -1 -1  0 -9 
453 456   1 -2  0 -9 
453 459   1 -2  0 -9 
454 345   1 -6  0 -9 
454 367  -1 -5  0 -9 
454 458   1 -3  0 -9 
455 441   1 -6  0 -9 
455 456  -1 -5  0 -9 
455 459   1 -3  0 -9 
456 441   1 -7  0 -9 
456 456  -1 -6  0 -9 
457 339  -1 -1  0 -9 
457 340   1 -2  0 -9 
457 353  -1 -3  0 -9 
457 362  -1 -1  0 -9 
457 367  -1 -3  0 -9 
457 369   1 -2  0 -9 
457 454   1 -2  0 -9 
457 457   1  0  0 -9 
457 458  -1 -1  0 -9 
458 367  -1 -4  0 -9 
458 454   1 -3  0 -9 
459 455   1 -3  0 -9 
459 456  -1 -4  0 -9 
460 19   1 -2  0 -9 
460 113  -1  0  0 -9 
460 167   1  1  0 -9 
460 371   1  1  0 -9 
460 460  -1  2  0 -9 
461 85   1 -2  0 -9 
461 114  -1  0  0 -9 
461 125  -1 -3  0 -9 
461 168   1  1  0 -9 
461 179   1 -2  0 -9 
461 461  -1  2  0 -9 
461 468   1  1  0 -9 
461 472  -1  0  0 -9 
462 86   1 -2  0 -9 
462 115  -1  0  0 -9 
462 126  -1 -3  0 -9 
462 169   1  1  0 -9 
462 180   1 -2  0 -9 
462 462  -1  2  0 -9 
462 469   1  1  0 -9 
462 473  -1  0  0 -9 
463 22   1 -2  0 -9 
463 54  -1 -3  0 -9 
463 116  -1  0  0 -9 
463 170   1  1  0 -9 
463 175  -1  0  0 -9 
463 179   1 -1  0 -9 
463 192   1 -1  0 -9 
463 341  -1  0  0 -9 
463 374   1  1  0 -9 
463 379  -1  0  0 -9 
463 383   1 -1  0 -9 
463 463  -1  2  0 -9 
463 478   1  1  0 -9 
463 482  -1  0  0 -9 
464 23   1 -2  0 -9 
464 55  -1 -3  0 -9 
464 117  -1  0  0 -9 
464 171   1  1  0 -9 
464 176  -1  0  0 -9 
464 180   1 -1  0 -9 
464 193   1 -1  0 -9 
464 342  -1  0  0 -9 
464 375   1  1  0 -9 
464 380  -1  0  0 -9 
464 384   1 -1  0 -9 
464 464  -1  2  0 -9 
464 479   1  1  0 -9 
464 483  -1  0  0 -9 
465 58  -1 -3  0 -9 
465 118  -1  0  0 -9 
465 126  -1 -3  0 -9 
465 129   1 -2  0 -9 
465 172   1  1  0 -9 
465 177  -1  0  0 -9 
465 180   1 -2  0 -9 
465 183  -1 -3  0 -9 
465 194   1 -1  0 -9 
465 196   1 -4  0 -9 
465 343  -1  0  0 -9 
465 381  -1  0  0 -9 
465 387   1 -1  0 -9 
465 389  -1 -2  0 -9 
465 465  -1  2  0 -9 
465 473  -1  0  0 -9 
465 476   1  1  0 -9 
465 480   1  1  0 -9 
465 486  -1  0  0 -9 
465 488   1 -1  0 -9 
466 87   1 -2  0 -9 
466 119  -1  0  0 -9 
466 141  -1 -3  0 -9 
466 173   1  1  0 -9 
466 179   1 -1  0 -9 
466 181  -1  0  0 -9 
466 200   1 -1  0 -9 
466 435  -1  0  0 -9 
466 466  -1  2  0 -9 
466 470   1  1  0 -9 
466 474  -1  0  0 -9 
466 482  -1  0  0 -9 
466 484   1  1  0 -9 
466 490   1 -1  0 -9 
467 120  -1  0  0 -9 
467 130   1 -2  0 -9 
467 142  -1 -3  0 -9 
467 174   1  1  0 -9 
467 182  -1  0  0 -9 
467 184  -1 -3  0 -9 
467 201   1 -1  0 -9 
467 206   1 -4  0 -9 
467 436  -1  0  0 -9 
467 467  -1  2  0 -9 
467 475  -1  0  0 -9 
467 477   1  1  0 -9 
467 485   1  1  0 -9 
467 487  -1  0  0 -9 
467 489   1 -1  0 -9 
467 491   1 -1  0 -9 
467 492  -1 -2  0 -9 
468 85   1 -3  0 -9 
468 125  -1 -4  0 -9 
468 468   1  0  0 -9 
468 472  -1 -1  0 -9 
468 482   1 -2  0 -9 
469 86   1 -3  0 -9 
469 126  -1 -4  0 -9 
469 469   1  0  0 -9 
469 473  -1 -1  0 -9 
469 483   1 -2  0 -9 
470 87   1 -3  0 -9 
470 141  -1 -4  0 -9 
470 470   1  0  0 -9 
470 474  -1 -1  0 -9 
470 490   1 -2  0 -9 
471 87   1 -2  0 -9 
471 134  -1  0  0 -9 
471 138   1 -1  0 -9 
471 141  -1 -3  0 -9 
471 418   1  1  0 -9 
471 422  -1  0  0 -9 
471 425   1 -2  0 -9 
471 426  -1 -3  0 -9 
471 441   1 -4  0 -9 
471 470   1  1  0 -9 
471 471  -1  2  0 -9 
471 474  -1  0  0 -9 
471 475   1  1  0 -9 
471 491   1 -2  0 -9 
471 492  -1 -3  0 -9 
472 179  -1 -4  0 -9 
472 482   1 -3  0 -9 
473 180  -1 -4  0 -9 
473 483   1 -3  0 -9 
474 425  -1 -4  0 -9 
474 490   1 -3  0 -9 
475 426  -1 -4  0 -9 
475 441   1 -5  0 -9 
475 491   1 -3  0 -9 
475 492  -1 -4  0 -9 
476 58  -1 -4  0 -9 
476 126  -1 -4  0 -9 
476 129   1 -3  0 -9 
476 183  -1 -4  0 -9 
476 196   1 -5  0 -9 
476 381  -1 -1  0 -9 
476 387   1 -2  0 -9 
476 389  -1 -3  0 -9 
476 473  -1 -1  0 -9 
476 476   1  0  0 -9 
476 483   1 -2  0 -9 
476 486  -1 -1  0 -9 
476 488   1 -2  0 -9 
477 130   1 -3  0 -9 
477 142  -1 -4  0 -9 
477 184  -1 -4  0 -9 
477 206   1 -5  0 -9 
477 475  -1 -1  0 -9 
477 477   1  0  0 -9 
477 487  -1 -1  0 -9 
477 489   1 -2  0 -9 
477 491   1 -2  0 -9 
477 492  -1 -3  0 -9 
478 50  -1 -3  0 -9 
478 125   1 -5  0 -9 
478 175  -1 -1  0 -9 
478 179   1 -2 -1 -4  0 -9 
478 192   1 -2  0 -9 
478 324   1 -2  0 -9 
478 328  -1 -3  0 -9 
478 341  -1 -1  0 -9 
478 379  -1 -1  0 -9 
478 383   1 -2  0 -9 
478 472   1 -2  0 -9 
478 478   1  0  0 -9 
478 482  -1 -1  0 -9 
479 51  -1 -3  0 -9 
479 126   1 -5  0 -9 
479 176  -1 -1  0 -9 
479 180   1 -2 -1 -4  0 -9 
479 193   1 -2  0 -9 
479 325   1 -2  0 -9 
479 329  -1 -3  0 -9 
479 342  -1 -1  0 -9 
479 380  -1 -1  0 -9 
479 384   1 -2  0 -9 
479 473   1 -2  0 -9 
479 479   1  0  0 -9 
479 483  -1 -1  0 -9 
480 52  -1 -3  0 -9 
480 177  -1 -1  0 -9 
480 183   1 -2 -1 -4  0 -9 
480 194   1 -2  0 -9 
480 196   1 -5  0 -9 
480 326   1 -2  0 -9 
480 332  -1 -3  0 -9 
480 343  -1 -1  0 -9 
480 381  -1 -1  0 -9 
480 387   1 -2  0 -9 
480 389  -1 -3  0 -9 
480 480   1  0  0 -9 
480 486  -1 -1  0 -9 
480 488   1 -2  0 -9 
481 58  -1 -3  0 -9 
481 59   1 -2  0 -9 
481 165  -1  0  0 -9 
481 177  -1  0  0 -9 
481 178   1  1  0 -9 
481 183   1 -1  0 -9 
481 184  -1  0 -1 -4  0 -9 
481 194   1 -1  0 -9 
481 195  -1  0  0 -9 
481 203   1 -1  0 -9 
481 206   1 -5  0 -9 
481 333  -1 -3  0 -9 
481 343  -1  0  0 -9 
481 344   1  1  0 -9 
481 345  -1 -3  0 -9 
481 346   1 -2  0 -9 
481 354  -1 -3  0 -9 
481 355   1 -4  0 -9 
481 381  -1  0  0 -9 
481 382   1  1  0 -9 
481 387   1 -1  0 -9 
481 388  -1  0  0 -9 
481 431   1  1  0 -9 
481 438  -1  0  0 -9 
481 480   1  1  0 -9 
481 481  -1  2  0 -9 
481 486  -1  0  0 -9 
481 487   1  1  0 -9 
481 489   1 -2  0 -9 
481 492  -1 -3  0 -9 
482 125   1 -6  0 -9 
482 179  -1 -5  0 -9 
482 472   1 -3  0 -9 
483 126   1 -6  0 -9 
483 180  -1 -5  0 -9 
483 473   1 -3  0 -9 
484 125   1 -5  0 -9 
484 137  -1 -3  0 -9 
484 179   1 -2 -1 -4  0 -9 
484 181  -1 -1  0 -9 
484 200   1 -2  0 -9 
484 421   1 -2  0 -9 
484 425  -1 -3  0 -9 
484 435  -1 -1  0 -9 
484 472   1 -2  0 -9 
484 474  -1 -1  0 -9 
484 482  -1 -1  0 -9 
484 484   1  0  0 -9 
484 490   1 -2  0 -9 
485 138  -1 -3  0 -9 
485 182  -1 -1  0 -9 
485 184   1 -2 -1 -4  0 -9 
485 201   1 -2  0 -9 
485 206   1 -5  0 -9 
485 422   1 -2  0 -9 
485 426  -1 -3  0 -9 
485 436  -1 -1  0 -9 
485 475  -1 -1  0 -9 
485 485   1  0  0 -9 
485 487  -1 -1  0 -9 
485 489   1 -2  0 -9 
485 491   1 -2  0 -9 
485 492  -1 -3  0 -9 
486 183  -1 -5  0 -9 
486 196   1 -6  0 -9 
486 389  -1 -4  0 -9 
486 488   1 -3  0 -9 
487 184  -1 -5  0 -9 
487 206   1 -6  0 -9 
487 489   1 -3  0 -9 
487 492  -1 -4  0 -9 
488 183  -1 -4  0 -9 
488 345   1 -6  0 -9 
488 389  -1 -5  0 -9 
488 486   1 -3  0 -9 
489 184  -1 -4  0 -9 
489 441   1 -6  0 -9 
489 487   1 -3  0 -9 
489 492  -1 -5  0 -9 
490 141   1 -6  0 -9 
490 425  -1 -5  0 -9 
490 474   1 -3  0 -9 
491 142   1 -6  0 -9 
491 426  -1 -5  0 -9 
491 441   1 -6  0 -9 
491 475   1 -3  0 -9 
491 492  -1 -5  0 -9 
492 441   1 -7  0 -9 
492 492  -1 -6  0 -9 
493 50  -1 -2  0 -9 
493 125   1 -4  0 -9 
493 175  -1  0  0 -9 
493 179  -1 -3  0 -9 
493 192   1 -1  0 -9 
493 324   1 -1  0 -9 
493 341  -1  0  0 -9 
493 363   1  1  0 -9 
493 379  -1  0  0 -9 
493 472   1 -1  0 -9 
493 478   1  1  0 -9 
493 482  -1  0  0 -9 
493 493  -1  2  0 -9 
493 497   1  1  0 -9 
494 51  -1 -2  0 -9 
494 126   1 -4  0 -9 
494 176  -1  0  0 -9 
494 180  -1 -3  0 -9 
494 193   1 -1  0 -9 
494 325   1 -1  0 -9 
494 342  -1  0  0 -9 
494 364   1  1  0 -9 
494 380  -1  0  0 -9 
494 473   1 -1  0 -9 
494 479   1  1  0 -9 
494 483  -1  0  0 -9 
494 494  -1  2  0 -9 
494 498   1  1  0 -9 
495 52  -1 -2  0 -9 
495 177  -1  0  0 -9 
495 183  -1 -3  0 -9 
495 194   1 -1  0 -9 
495 196   1 -4  0 -9 
495 326   1 -1  0 -9 
495 343  -1  0  0 -9 
495 345  -1 -3  0 -9 
495 365   1  1  0 -9 
495 367   1 -2  0 -9 
495 381  -1  0  0 -9 
495 480   1  1  0 -9 
495 486  -1  0  0 -9 
495 488   1 -1  0 -9 
495 495  -1  2  0 -9 
495 501   1  1  0 -9 
495 503  -1  0  0 -9 
496 184  -1 -3  0 -9 
496 206   1 -4  0 -9 
496 344  -1  0  0 -9 
496 345  -1 -2  0 -9 
496 346   1 -1  0 -9 
496 354  -1 -2  0 -9 
496 366   1  1  0 -9 
496 367   1 -1  0 -9 
496 368  -1  0  0 -9 
496 370   1 -1  0 -9 
496 389   1 -1  0 -9 
496 390  -1  0  0 -9 
496 459  -1  0  0 -9 
496 487  -1  0  0 -9 
496 489   1 -1  0 -9 
496 492  -1 -2  0 -9 
496 496  -1  2  0 -9 
496 502   1  1  0 -9 
496 504  -1  0  0 -9 
496 505  -1  0  0 -9 
496 506   1  1  0 -9 
496 507   1 -1  0 -9 
497 125   1 -5  0 -9 
497 179  -1 -4  0 -9 
497 472   1 -2  0 -9 
497 482  -1 -1  0 -9 
497 497   1  0  0 -9 
498 126   1 -5  0 -9 
498 180  -1 -4  0 -9 
498 473   1 -2  0 -9 
498 483  -1 -1  0 -9 
498 498   1  0  0 -9 
499 125   1 -4  0 -9 
499 137  -1 -2  0 -9 
499 179  -1 -3  0 -9 
499 181  -1  0  0 -9 
499 200   1 -1  0 -9 
499 421   1 -1  0 -9 
499 435  -1  0  0 -9 
499 450   1  1  0 -9 
499 472   1 -1  0 -9 
499 474  -1  0  0 -9 
499 482  -1  0  0 -9 
499 484   1  1  0 -9 
499 497   1  1  0 -9 
499 499  -1  2  0 -9 
500 138  -1 -2  0 -9 
500 182  -1  0  0 -9 
500 184  -1 -3  0 -9 
500 201   1 -1  0 -9 
500 206   1 -4  0 -9 
500 422   1 -1  0 -9 
500 436  -1  0  0 -9 
500 441  -1 -3  0 -9 
500 451   1  1  0 -9 
500 456   1 -2  0 -9 
500 475  -1  0  0 -9 
500 485   1  1  0 -9 
500 487  -1  0  0 -9 
500 489   1 -1  0 -9 
500 500  -1  2  0 -9 
500 502   1  1  0 -9 
500 504  -1  0  0 -9 
501 183  -1 -4  0 -9 
501 196   1 -5  0 -9 
501 389  -1 -3  0 -9 
501 486  -1 -1  0 -9 
501 488   1 -2  0 -9 
501 501   1  0  0 -9 
501 503  -1 -1  0 -9 
501 505   1 -2  0 -9 
502 184  -1 -4  0 -9 
502 206   1 -5  0 -9 
502 487  -1 -1  0 -9 
502 489   1 -2  0 -9 
502 492  -1 -3  0 -9 
502 502   1  0  0 -9 
502 504  -1 -1  0 -9 
502 507   1 -2  0 -9 
503 345   1 -5  0 -9 
503 367  -1 -4  0 -9 
503 389  -1 -4  0 -9 
503 505   1 -3  0 -9 
504 441   1 -5  0 -9 
504 456  -1 -4  0 -9 
504 492  -1 -4  0 -9 
504 507   1 -3  0 -9 
505 345   1 -6  0 -9 
505 367  -1 -5  0 -9 
505 389  -1 -5  0 -9 
505 503   1 -3  0 -9 
506 184   1 -2 -1 -4  0 -9 
506 206   1 -5  0 -9 
506 333  -1 -3  0 -9 
506 344  -1 -1  0 -9 
506 345  -1 -3  1 -5  0 -9 
506 346   1 -2  0 -9 
506 354  -1 -3  0 -9 
506 367   1 -2 -1 -4  0 -9 
506 368  -1 -1  0 -9 
506 370   1 -2  0 -9 
506 388   1 -2  0 -9 
506 389   1 -2 -1 -4  0 -9 
506 390  -1 -1  0 -9 
506 455   1 -2  0 -9 
506 456  -1 -3  0 -9 
506 459  -1 -1  0 -9 
506 487  -1 -1  0 -9 
506 489   1 -2  0 -9 
506 492  -1 -3  0 -9 
506 503   1 -2  0 -9 
506 504  -1 -1  0 -9 
506 505  -1 -1  0 -9 
506 506   1  0  0 -9 
506 507   1 -2  0 -9 
507 441   1 -6  0 -9 
507 456  -1 -5  0 -9 
507 492  -1 -5  0 -9 
507 504   1 -3  0 -9 
508 125   1 -4  0 -9 
508 179  -1 -3  0 -9 
508 233  -1 -3  0 -9 
508 271   1 -2  0 -9 
508 281   1  1  0 -9 
508 482  -1  0  0 -9 
508 497   1  1  0 -9 
508 508  -1  2  0 -9 
509 126   1 -4  0 -9 
509 180  -1 -3  0 -9 
509 234  -1 -3  0 -9 
509 272   1 -2  0 -9 
509 282   1  1  0 -9 
509 483  -1  0  0 -9 
509 498   1  1  0 -9 
509 509  -1  2  0 -9 
510 125   1 -3  0 -9 
510 141  -1 -2  0 -9 
510 179  -1  0 -1 -2  0 -9 
510 233  -1 -2  0 -9 
510 271   1 -1  0 -9 
510 273  -1  0  0 -9 
510 281  -1  0  0 -9 
510 283   1  1  0 -9 
510 289   1 -1  0 -9 
510 425   1 -1  0 -9 
510 490  -1  0  0 -9 
510 510  -1  2  0 -9 
510 514   1  1  0 -9 
511 142  -1 -2  0 -9 
511 184  -1  0 -1 -2  0 -9 
511 206   1 -3  0 -9 
511 274  -1  0  0 -9 
511 284   1  1  0 -9 
511 286  -1  0  0 -9 
511 288   1 -1  0 -9 
511 290   1 -1  0 -9 
511 291  -1 -2  0 -9 
511 426   1 -1  0 -9 
511 441  -1 -2  0 -9 
511 456   1 -1  0 -9 
511 491  -1  0  0 -9 
511 492   1 -1  0 -9 
511 511  -1  2  0 -9 
511 515   1  1  0 -9 
511 516  -1  0  0 -9 
512 183  -1 -3  0 -9 
512 196   1 -4  0 -9 
512 257  -1 -3  0 -9 
512 285   1  1  0 -9 
512 287   1 -2  0 -9 
512 403  -1  0  0 -9 
512 486  -1  0  0 -9 
512 501   1  1  0 -9 
512 503  -1  0  0 -9 
512 505   1 -1  0 -9 
512 512  -1  2  0 -9 
512 517   1  1  0 -9 
513 184  -1 -3  0 -9 
513 206   1 -4  0 -9 
513 286   1  1  0 -9 
513 288   1 -2  0 -9 
513 291  -1 -3  0 -9 
513 487  -1  0  0 -9 
513 502   1  1  0 -9 
513 504  -1  0  0 -9 
513 507   1 -1  0 -9 
513 513  -1  2  0 -9 
513 518   1  1  0 -9 
513 519  -1  0  0 -9 
514 125   1 -4  1 -6  0 -9 
514 141  -1 -3  0 -9 
514 179  -1 -1 -1 -3 -1 -5  0 -9 
514 233  -1 -3  0 -9 
514 271   1 -2  0 -9 
514 273  -1 -1  0 -9 
514 281  -1 -1  0 -9 
514 289   1 -2  0 -9 
514 425   1 -2  0 -9 
514 474   1 -2  0 -9 
514 490  -1 -1  0 -9 
514 514   1  0  0 -9 
515 142  -1 -3  0 -9 
515 184  -1 -1 -1 -3 -1 -5  0 -9 
515 206   1 -4  1 -6  0 -9 
515 274  -1 -1  0 -9 
515 286  -1 -1  0 -9 
515 288   1 -2  0 -9 
515 290   1 -2  0 -9 
515 291  -1 -3  0 -9 
515 426   1 -2  0 -9 
515 441  -1 -3  0 -9 
515 456   1 -2  0 -9 
515 475   1 -2  0 -9 
515 491  -1 -1  0 -9 
515 492   1 -2 -1 -4  0 -9 
515 515   1  0  0 -9 
515 516  -1 -1  0 -9 
515 519   1 -2  0 -9 
516 441   1 -6  0 -9 
516 456  -1 -5  0 -9 
516 492  -1 -5  0 -9 
516 519   1 -3  0 -9 
517 345   1 -4  0 -9 
517 367  -1 -3  0 -9 
517 389  -1 -3  0 -9 
517 401   1 -2  0 -9 
517 403  -1 -1  0 -9 
517 503  -1 -1  0 -9 
517 505   1 -2  0 -9 
517 517   1  0  0 -9 
518 441   1 -4  0 -9 
518 456  -1 -3  0 -9 
518 492  -1 -3  0 -9 
518 504  -1 -1  0 -9 
518 507   1 -2  0 -9 
518 516   1 -2  0 -9 
518 518   1  0  0 -9 
518 519  -1 -1  0 -9 
519 441   1 -5  0 -9 
519 456  -1 -4  0 -9 
519 492  -1 -4  0 -9 
519 516   1 -3  0 -9 
9999 9999
