 0  0  -1  2  0 -9 
 1  1  -1  2  0 -9 
 1 18   1  1  0 -9 
 2  2  -1  2  0 -9 
 2 19   1  1  0 -9 
 3  3  -1  2  0 -9 
 3 20   1  1  0 -9 
 4  4  -1  2  0 -9 
 4 21   1  1  0 -9 
 5  5  -1  2  0 -9 
 5 22   1  1  0 -9 
 6  6  -1  2  0 -9 
 6 23   1  1  0 -9 
 7  7  -1  2  0 -9 
 7 45   1  1  0 -9 
 7 56  -1  0  0 -9 
 8  8  -1  2  0 -9 
 8 46   1  1  0 -9 
 8 57  -1  0  0 -9 
 9  9  -1  2  0 -9 
 9 47   1  1  0 -9 
 9 58  -1  0  0 -9 
 9 68   1 -1  0 -9 
10 10  -1  2  0 -9 
10 48   1  1  0 -9 
10 59  -1  0  0 -9 
10 69   1 -1  0 -9 
11 11  -1  2  0 -9 
11 49   1  1  0 -9 
11 60  -1  0  0 -9 
11 70   1 -1  0 -9 
12 12  -1  2  0 -9 
12 50   1  1  0 -9 
12 61  -1  0  0 -9 
12 71   1 -1  0 -9 
13 13  -1  2  0 -9 
13 51   1  1  0 -9 
13 62  -1  0  0 -9 
13 72   1 -1  0 -9 
14 14  -1  2  0 -9 
14 52   1  1  0 -9 
14 63  -1  0  0 -9 
14 73   1 -1  0 -9 
15 15  -1  2  0 -9 
15 86   1  1  0 -9 
15 89  -1  0  0 -9 
16 16  -1  2  0 -9 
16 87   1  1  0 -9 
16 90  -1  0  0 -9 
17 17  -1  2  0 -9 
17 64  -1  0  0 -9 
17 67   1  1  0 -9 
17 83   1 -1  0 -9 
17 88   1  1  0 -9 
17 100  -1  0  0 -9 
17 101   1 -1  0 -9 
17 102  -1 -2  0 -9 
18 18   1  0  0 -9 
19 19   1  0  0 -9 
20 20   1  0  0 -9 
21 21   1  0  0 -9 
22 22   1  0  0 -9 
23 23   1  0  0 -9 
24 24   1  0  0 -9 
25 25   1  0  0 -9 
26 26   1  0  0 -9 
27 27   1  0  0 -9 
28 28   1  0  0 -9 
29 29   1  0  0 -9 
30 30   1  0  0 -9 
31 31   1  0  0 -9 
32 32   1  0  0 -9 
33 33   1  0  0 -9 
33 68   1 -3  0 -9 
34 34   1  0  0 -9 
34 69   1 -3  0 -9 
35 35   1  0  0 -9 
35 70   1 -3  0 -9 
36 36   1  0  0 -9 
36 71   1 -3  0 -9 
37 37   1  0  0 -9 
37 72   1 -3  0 -9 
38 38   1  0  0 -9 
38 73   1 -3  0 -9 
39 39   1  0  0 -9 
39 74   1 -3  0 -9 
40 40   1  0  0 -9 
40 75   1 -3  0 -9 
41 41   1  0  0 -9 
41 76   1 -3  0 -9 
42 42   1  0  0 -9 
42 77   1 -3  0 -9 
43 43   1  0  0 -9 
43 78   1 -3  0 -9 
44 44   1  0  0 -9 
44 79   1 -3  0 -9 
45 45   1  0  0 -9 
45 56  -1 -1  0 -9 
45 89   1 -2  0 -9 
46 46   1  0  0 -9 
46 57  -1 -1  0 -9 
46 90   1 -2  0 -9 
47 47   1  0  0 -9 
47 58  -1 -1  0 -9 
47 68   1 -2  0 -9 
47 91   1 -2  0 -9 
48 48   1  0  0 -9 
48 59  -1 -1  0 -9 
48 69   1 -2  0 -9 
48 92   1 -2  0 -9 
49 49   1  0  0 -9 
49 60  -1 -1  0 -9 
49 70   1 -2  0 -9 
49 93   1 -2  0 -9 
50 50   1  0  0 -9 
50 61  -1 -1  0 -9 
50 71   1 -2  0 -9 
50 94   1 -2  0 -9 
51 51   1  0  0 -9 
51 62  -1 -1  0 -9 
51 72   1 -2  0 -9 
51 95   1 -2  0 -9 
52 52   1  0  0 -9 
52 63  -1 -1  0 -9 
52 73   1 -2  0 -9 
52 96   1 -2  0 -9 
53 53   1  0  0 -9 
53 64  -1 -1  0 -9 
53 73   1 -3  0 -9 
53 83  -1 -4  0 -9 
53 97   1 -2  0 -9 
53 102   1 -5  0 -9 
54 54   1  0  0 -9 
54 65  -1 -1  0 -9 
54 80   1 -3  0 -9 
54 84  -1 -4  0 -9 
54 98   1 -2  0 -9 
54 103   1 -5  0 -9 
55 55   1  0  0 -9 
55 66  -1 -1  0 -9 
55 81   1 -3  0 -9 
55 85  -1 -4  0 -9 
55 99   1 -2  0 -9 
55 104   1 -5  0 -9 
56 89   1 -3  0 -9 
57 90   1 -3  0 -9 
58 68  -1 -5  0 -9 
58 91   1 -3  0 -9 
59 69  -1 -5  0 -9 
59 92   1 -3  0 -9 
60 70  -1 -5  0 -9 
60 93   1 -3  0 -9 
61 71  -1 -5  0 -9 
61 94   1 -3  0 -9 
62 72  -1 -5  0 -9 
62 95   1 -3  0 -9 
63 73  -1 -5  0 -9 
63 96   1 -3  0 -9 
64 83  -1 -5  0 -9 
64 97   1 -3  0 -9 
64 102   1 -6  0 -9 
65 84  -1 -5  0 -9 
65 98   1 -3  0 -9 
65 103   1 -6  0 -9 
66 85  -1 -5  0 -9 
66 99   1 -3  0 -9 
66 104   1 -6  0 -9 
67 64  -1 -1  0 -9 
67 67   1  0  0 -9 
67 83   1 -2  0 -9 
67 97   1 -2  0 -9 
67 100  -1 -1  0 -9 
67 101   1 -2  0 -9 
67 102  -1 -3  0 -9 
68 68  -1 -6  0 -9 
69 69  -1 -6  0 -9 
70 70  -1 -6  0 -9 
71 71  -1 -6  0 -9 
72 72  -1 -6  0 -9 
73 73  -1 -6  0 -9 
74 74  -1 -6  0 -9 
75 75  -1 -6  0 -9 
76 76  -1 -6  0 -9 
77 77  -1 -6  0 -9 
78 78  -1 -6  0 -9 
79 79  -1 -6  0 -9 
80 80  -1 -6  0 -9 
81 81  -1 -6  0 -9 
82 82  -1 -6  0 -9 
83 83  -1 -6  0 -9 
83 102   1 -7  0 -9 
84 84  -1 -6  0 -9 
84 103   1 -7  0 -9 
85 85  -1 -6  0 -9 
85 104   1 -7  0 -9 
86 56   1 -2  0 -9 
86 86   1  0  0 -9 
86 89  -1 -1  0 -9 
87 57   1 -2  0 -9 
87 87   1  0  0 -9 
87 90  -1 -1  0 -9 
88 88   1  0  0 -9 
88 100  -1 -1  0 -9 
88 101   1 -2  0 -9 
88 102  -1 -3  0 -9 
89 56   1 -3  0 -9 
90 57   1 -3  0 -9 
91 58   1 -3  0 -9 
91 68  -1 -4  0 -9 
92 59   1 -3  0 -9 
92 69  -1 -4  0 -9 
93 60   1 -3  0 -9 
93 70  -1 -4  0 -9 
94 61   1 -3  0 -9 
94 71  -1 -4  0 -9 
95 62   1 -3  0 -9 
95 72  -1 -4  0 -9 
96 63   1 -3  0 -9 
96 73  -1 -4  0 -9 
97 64   1 -3  0 -9 
97 83  -1 -4  0 -9 
98 65   1 -3  0 -9 
98 84  -1 -4  0 -9 
99 66   1 -3  0 -9 
99 85  -1 -4  0 -9 
100 101   1 -3  0 -9 
100 102  -1 -4  0 -9 
101 100   1 -3  0 -9 
101 102   1 -7  0 -9 
102 102   1 -8  0 -9 
103 103   1 -8  0 -9 
104 104   1 -8  0 -9 
9999 9999
