 0  0   1 -8  0 -9 
 1  1   1 -8  0 -9 
 2  2   1 -8  0 -9 
 3  2   1 -7  0 -9 
 3  3  -1 -6  0 -9 
 4  4   1 -8  0 -9 
 5  5   1 -8  0 -9 
 6  5   1 -7  0 -9 
 6  6  -1 -6  0 -9 
 7  7   1 -8  0 -9 
 8  8   1 -8  0 -9 
 9  8   1 -7  0 -9 
 9  9  -1 -6  0 -9 
10 10   1 -8  0 -9 
11 11   1 -8  0 -9 
12 11   1 -7  0 -9 
12 12  -1 -6  0 -9 
13 13   1 -8  0 -9 
14 13   1 -7  0 -9 
14 14  -1 -6  0 -9 
15 15   1 -8  0 -9 
16 15   1 -7  0 -9 
16 16  -1 -6  0 -9 
17 13   1 -6  0 -9 
17 14  -1 -5  0 -9 
17 16  -1 -4  0 -9 
17 18   1 -3  0 -9 
18 14  -1 -4  0 -9 
18 15   1 -6  0 -9 
18 16  -1 -5  0 -9 
18 17   1 -3  0 -9 
19 19   1 -8  0 -9 
20 20   1 -8  0 -9 
21 19   1 -7  0 -9 
21 20   1 -7  0 -9 
21 21  -1 -6  0 -9 
22 22   1 -8  0 -9 
23 22   1 -7  0 -9 
23 23  -1 -6  0 -9 
24 24   1 -8  0 -9 
25 24   1 -7  0 -9 
25 25  -1 -6  0 -9 
26 26   1 -8  0 -9 
27 26   1 -7  0 -9 
27 27  -1 -6  0 -9 
28 12  -1 -4  0 -9 
28 24   1 -6  0 -9 
28 25  -1 -5  0 -9 
28 27  -1 -4  0 -9 
28 29   1 -3  0 -9 
29 11   1 -6  0 -9 
29 12  -1 -5  0 -9 
29 25  -1 -4  0 -9 
29 26   1 -6  0 -9 
29 27  -1 -5  0 -9 
29 28   1 -3  0 -9 
30 30   1 -8  0 -9 
31 26   1 -7  0 -9 
31 30   1 -7  0 -9 
31 31  -1 -6  0 -9 
32 26   1 -6  0 -9 
32 27  -1 -5  0 -9 
32 30   1 -6  0 -9 
32 31  -1 -5  0 -9 
32 33   1 -3  0 -9 
33 26   1 -5  0 -9 
33 27  -1 -4  0 -9 
33 31  -1 -4  0 -9 
33 32   1 -3  0 -9 
34 34   1 -8  0 -9 
35 35   1 -8  0 -9 
36 35   1 -7  0 -9 
36 36  -1 -6  0 -9 
37 37   1 -8  0 -9 
38 38   1 -8  0 -9 
39 38   1 -7  0 -9 
39 39  -1 -6  0 -9 
40 40   1 -8  0 -9 
41 40   1 -7  0 -9 
41 41  -1 -6  0 -9 
42 42   1 -8  0 -9 
43 42   1 -7  0 -9 
43 43  -1 -6  0 -9 
44 40   1 -6  0 -9 
44 41  -1 -5  0 -9 
44 43  -1 -4  0 -9 
44 45   1 -3  0 -9 
45 41  -1 -4  0 -9 
45 42   1 -6  0 -9 
45 43  -1 -5  0 -9 
45 44   1 -3  0 -9 
46 46   1 -8  0 -9 
47 47   1 -8  0 -9 
48 47   1 -7  0 -9 
48 48  -1 -6  0 -9 
49 49   1 -8  0 -9 
50 49   1 -7  0 -9 
50 50  -1 -6  0 -9 
51 51   1 -8  0 -9 
52 51   1 -7  0 -9 
52 52  -1 -6  0 -9 
53 49   1 -6  0 -9 
53 50  -1 -5  0 -9 
53 52  -1 -4  0 -9 
53 54   1 -3  0 -9 
54 50  -1 -4  0 -9 
54 51   1 -6  0 -9 
54 52  -1 -5  0 -9 
54 53   1 -3  0 -9 
55 55   1 -8  0 -9 
56 55   1 -7  0 -9 
56 56  -1 -6  0 -9 
57 57  -1 -6  0 -9 
58 58   1 -8  0 -9 
59 58   1 -7  0 -9 
59 59  -1 -6  0 -9 
60 59  -1 -4  0 -9 
60 61   1 -3  0 -9 
61 58   1 -6  0 -9 
61 59  -1 -5  0 -9 
61 60   1 -3  0 -9 
62 62  -1 -6  0 -9 
63 58   1 -5  0 -9 
63 59  -1 -4  0 -9 
63 60   1 -2  0 -9 
63 61  -1 -1  0 -9 
63 62   1 -3  0 -9 
63 63   1  0  0 -9 
64 64   1 -8  0 -9 
65 65   1 -8  0 -9 
66 65   1 -7  0 -9 
66 66  -1 -6  0 -9 
67 67   1 -8  0 -9 
68 67   1 -7  0 -9 
68 68  -1 -6  0 -9 
69 69   1 -8  0 -9 
70 69   1 -7  0 -9 
70 70  -1 -6  0 -9 
71 71   1 -8  0 -9 
72 71   1 -7  0 -9 
72 72  -1 -6  0 -9 
73 66  -1 -4  0 -9 
73 69   1 -6  0 -9 
73 70  -1 -5  0 -9 
73 72  -1 -4  0 -9 
73 74   1 -3  0 -9 
74 65   1 -6  0 -9 
74 66  -1 -5  0 -9 
74 70  -1 -4  0 -9 
74 71   1 -6  0 -9 
74 72  -1 -5  0 -9 
74 73   1 -3  0 -9 
75 75   1 -8  0 -9 
76 71   1 -7  0 -9 
76 75   1 -7  0 -9 
76 76  -1 -6  0 -9 
77 71   1 -6  0 -9 
77 72  -1 -5  0 -9 
77 75   1 -6  0 -9 
77 76  -1 -5  0 -9 
77 78   1 -3  0 -9 
78 71   1 -5  0 -9 
78 72  -1 -4  0 -9 
78 76  -1 -4  0 -9 
78 77   1 -3  0 -9 
79 79   1 -8  0 -9 
80 79   1 -7  0 -9 
80 80  -1 -6  0 -9 
81 81   1 -8  0 -9 
82 81   1 -7  0 -9 
82 82  -1 -6  0 -9 
83 79   1 -6  0 -9 
83 80  -1 -5  0 -9 
83 82  -1 -4  0 -9 
83 84   1 -3  0 -9 
84 80  -1 -4  0 -9 
84 81   1 -6  0 -9 
84 82  -1 -5  0 -9 
84 83   1 -3  0 -9 
85 85   1 -8  0 -9 
86 85   1 -7  0 -9 
86 86  -1 -6  0 -9 
87 86  -1 -4  0 -9 
87 88   1 -3  0 -9 
88 85   1 -6  0 -9 
88 86  -1 -5  0 -9 
88 87   1 -3  0 -9 
89 89  -1 -6  0 -9 
90 57   1 -3  0 -9 
90 85   1 -5  0 -9 
90 86  -1 -4  0 -9 
90 87   1 -2  0 -9 
90 88  -1 -1  0 -9 
90 89   1 -3  0 -9 
90 90   1  0  0 -9 
91 91   1 -8  0 -9 
92 91   1 -7  0 -9 
92 92  -1 -6  0 -9 
93 91   1 -7  0 -9 
93 93  -1 -6  0 -9 
94 91   1 -6  0 -9 
94 92  -1 -5  0 -9 
94 93  -1 -5  0 -9 
94 95   1 -3  0 -9 
95 91   1 -5  0 -9 
95 92  -1 -4  0 -9 
95 93  -1 -4  0 -9 
95 94   1 -3  0 -9 
96 89  -1 -4  0 -9 
96 92  -1 -4  0 -9 
96 97   1 -3  0 -9 
97 89  -1 -5  0 -9 
97 91   1 -6  0 -9 
97 92  -1 -5  0 -9 
97 96   1 -3  0 -9 
98 89   1 -2  0 -9 
98 91   1 -5  0 -9 
98 92  -1 -4  0 -9 
98 96   1 -2  0 -9 
98 97  -1 -1  0 -9 
98 98   1  0  0 -9 
99 89   1 -1  0 -9 
99 91   1 -4  0 -9 
99 92  -1 -3  0 -9 
99 93  -1 -3  0 -9 
99 94   1 -2  0 -9 
99 95   1  1  0 -9 
99 97  -1  0  0 -9 
99 98   1  1  0 -9 
99 99  -1  2  0 -9 
9999 9999
