 0  0  -1  2  0 -9 
 0  6   1  1  0 -9 
 1  1  -1  2  0 -9 
 1  7   1  1  0 -9 
 2  2  -1  2  0 -9 
 2  8   1  1  0 -9 
 2 12  -1  0  0 -9 
 3  3  -1  2  0 -9 
 3  4  -1  0  0 -9 
 3  5   1  1  0 -9 
 3  9   1  1  0 -9 
 3 13  -1  0  0 -9 
 3 14   1 -1  0 -9 
 4 12   1 -3  0 -9 
 5  4  -1 -1  0 -9 
 5  5   1  0  0 -9 
 5 12   1 -2  0 -9 
 5 13  -1 -1  0 -9 
 5 14   1 -2  0 -9 
 6  6   1  0  0 -9 
 7  7   1  0  0 -9 
 8  4   1 -2  0 -9 
 8  8   1  0  0 -9 
 8 12  -1 -1  0 -9 
 9  9   1  0  0 -9 
 9 13  -1 -1  0 -9 
 9 14   1 -2  0 -9 
10  7   1  1  0 -9 
10 10  -1  2  0 -9 
11  9   1  1  0 -9 
11 11  -1  2  0 -9 
11 13  -1  0  0 -9 
12  4   1 -3  0 -9 
13 14   1 -3  0 -9 
14 13   1 -3  0 -9 
15  4  -1 -1  0 -9 
15 12   1 -2  0 -9 
15 15   1  0  0 -9 
16  4  -1  0  0 -9 
16  5   1  1  0 -9 
16 12   1 -1  0 -9 
16 13  -1  0  0 -9 
16 15   1  1  0 -9 
16 16  -1  2  0 -9 
17  4  -1  0  0 -9 
17 15   1  1  0 -9 
17 17  -1  2  0 -9 
18 14  -1  0  0 -9 
18 18  -1  2  0 -9 
18 19   1  1  0 -9 
19 13   1 -2  0 -9 
19 14  -1 -1  0 -9 
19 19   1  0  0 -9 
20  6   1  1  0 -9 
20 20  -1  2  0 -9 
21  7   1  1  0 -9 
21 21  -1  2  0 -9 
22  4   1 -1  0 -9 
22  8   1  1  0 -9 
22 12  -1  0  0 -9 
22 22  -1  2  0 -9 
22 26   1  1  0 -9 
23  9   1  1  0 -9 
23 13  -1  0  0 -9 
23 14   1 -1  0 -9 
23 23  -1  2  0 -9 
23 27   1  1  0 -9 
23 28  -1  0  0 -9 
24 24  -1  2  0 -9 
24 29   1  1  0 -9 
25 25  -1  2  0 -9 
25 30   1  1  0 -9 
25 31  -1  0  0 -9 
26  4   1 -2  0 -9 
26 12  -1 -1  0 -9 
26 26   1  0  0 -9 
27 13  -1 -1  0 -9 
27 14   1 -2  0 -9 
27 27   1  0  0 -9 
27 28  -1 -1  0 -9 
27 31   1 -2  0 -9 
28 31   1 -3  0 -9 
29 29   1  0  0 -9 
30 28   1 -2  0 -9 
30 30   1  0  0 -9 
30 31  -1 -1  0 -9 
31 28   1 -3  0 -9 
32 12  -1  0  0 -9 
32 26   1  1  0 -9 
32 32  -1  2  0 -9 
33 13  -1  0  0 -9 
33 27   1  1  0 -9 
33 28  -1  0  0 -9 
33 31   1 -1  0 -9 
33 33  -1  2  0 -9 
33 34   1  1  0 -9 
34 28  -1 -1  0 -9 
34 31   1 -2  0 -9 
34 34   1  0  0 -9 
35 28  -1  0  0 -9 
35 34   1  1  0 -9 
35 35  -1  2  0 -9 
9999 9999
