 0  0  -1  2  0 -9 
 0  2   1  1  0 -9 
 0  6  -1  0  0 -9 
 0 12   1  1  0 -9 
 0 16   1 -2  0 -9 
 1  1  -1  2  0 -9 
 1 13   1  1  0 -9 
 1 16   1 -1  0 -9 
 1 18  -1  0  0 -9 
 2  2   1  0  0 -9 
 2  6  -1 -1  0 -9 
 2 25   1 -2  0 -9 
 3  3   1  0  0 -9 
 3  7  -1 -1  0 -9 
 3 10  -1 -4  0 -9 
 3 26   1 -2  0 -9 
 3 34   1 -5  0 -9 
 4  4  -1  2  0 -9 
 4  8   1  1  0 -9 
 4 14   1  1  0 -9 
 4 17   1 -1  0 -9 
 4 19  -1  0  0 -9 
 4 21  -1 -3  0 -9 
 4 30   1 -2  0 -9 
 4 35  -1 -3  0 -9 
 4 40   1 -4  0 -9 
 5  3   1  1  0 -9 
 5  5  -1  2  0 -9 
 5  7  -1  0  0 -9 
 5  9   1  1  0 -9 
 5 10  -1 -3  0 -9 
 5 15   1  1  0 -9 
 5 17   1 -2  0 -9 
 5 20  -1  0  0 -9 
 5 22  -1 -3  0 -9 
 5 31   1 -2  0 -9 
 5 34   1 -4  0 -9 
 5 36  -1 -3  0 -9 
 5 41   1 -4  0 -9 
 6 16  -1 -4  0 -9 
 6 25   1 -3  0 -9 
 7 10  -1 -5  0 -9 
 7 17  -1 -4  0 -9 
 7 26   1 -3  0 -9 
 7 34   1 -6  0 -9 
 8 21  -1 -4  0 -9 
 8 30   1 -3  0 -9 
 8 35  -1 -4  0 -9 
 8 40   1 -5  0 -9 
 9 10  -1 -4  0 -9 
 9 22  -1 -4  0 -9 
 9 31   1 -3  0 -9 
 9 34   1 -5  0 -9 
 9 36  -1 -4  0 -9 
 9 41   1 -5  0 -9 
10 10  -1 -6  0 -9 
10 34   1 -7  0 -9 
11 23  -1 -4  0 -9 
11 32   1 -3  0 -9 
11 37  -1 -4  0 -9 
11 42   1 -5  0 -9 
12 12   1  0  0 -9 
12 16   1 -3  0 -9 
13 13   1  0  0 -9 
13 16   1 -2  0 -9 
13 18  -1 -1  0 -9 
13 27   1 -2  0 -9 
14 14   1  0  0 -9 
14 17   1 -2  0 -9 
14 19  -1 -1  0 -9 
14 21  -1 -4  0 -9 
14 28   1 -2  0 -9 
14 40   1 -5  0 -9 
15 15   1  0  0 -9 
15 17   1 -3  0 -9 
15 20  -1 -1  0 -9 
15 22  -1 -4  0 -9 
15 29   1 -2  0 -9 
15 41   1 -5  0 -9 
16 16  -1 -6  0 -9 
17 17  -1 -6  0 -9 
18 16  -1 -5  0 -9 
18 27   1 -3  0 -9 
19 17  -1 -5  0 -9 
19 21  -1 -5  0 -9 
19 28   1 -3  0 -9 
19 40   1 -6  0 -9 
20 22  -1 -5  0 -9 
20 29   1 -3  0 -9 
20 41   1 -6  0 -9 
21 21  -1 -6  0 -9 
21 40   1 -7  0 -9 
22 22  -1 -6  0 -9 
22 41   1 -7  0 -9 
23 23  -1 -6  0 -9 
23 42   1 -7  0 -9 
24 23  -1 -5  0 -9 
24 33   1 -3  0 -9 
24 38  -1 -4  0 -9 
24 42   1 -6  0 -9 
25  6   1 -3  0 -9 
25 16  -1 -5  0 -9 
26  7   1 -3  0 -9 
26 10  -1 -4  0 -9 
26 17  -1 -5  0 -9 
27 16  -1 -4  0 -9 
27 18   1 -3  0 -9 
28 17  -1 -4  0 -9 
28 19   1 -3  0 -9 
28 21  -1 -4  0 -9 
29 20   1 -3  0 -9 
29 22  -1 -4  0 -9 
30  8   1 -3  0 -9 
30 21  -1 -5  0 -9 
30 35  -1 -5  0 -9 
30 40   1 -6  0 -9 
31  9   1 -3  0 -9 
31 10  -1 -5  0 -9 
31 22  -1 -5  0 -9 
31 34   1 -6  0 -9 
31 36  -1 -5  0 -9 
31 41   1 -6  0 -9 
32 11   1 -3  0 -9 
32 23  -1 -5  0 -9 
32 37  -1 -5  0 -9 
32 39   1 -6  0 -9 
32 42   1 -6  0 -9 
33 23  -1 -4  0 -9 
33 24   1 -3  0 -9 
33 38  -1 -5  0 -9 
33 43   1 -6  0 -9 
34 34   1 -8  0 -9 
35 35  -1 -6  0 -9 
35 40   1 -7  0 -9 
36 34   1 -7  0 -9 
36 36  -1 -6  0 -9 
36 41   1 -7  0 -9 
37 37  -1 -6  0 -9 
37 39   1 -7  0 -9 
37 42   1 -7  0 -9 
38 38  -1 -6  0 -9 
38 43   1 -7  0 -9 
39 39   1 -8  0 -9 
40 40   1 -8  0 -9 
41 41   1 -8  0 -9 
42 42   1 -8  0 -9 
43 43   1 -8  0 -9 
44 16   1 -1  0 -9 
44 25  -1  0  0 -9 
44 44  -1  2  0 -9 
44 52   1  1  0 -9 
45 10   1 -2  0 -9 
45 17   1 -1  0 -9 
45 26  -1  0  0 -9 
45 34  -1 -3  0 -9 
45 45  -1  2  0 -9 
45 48   1  1  0 -9 
45 50  -1  0  0 -9 
45 53   1  1  0 -9 
45 61   1 -2  0 -9 
46 21   1 -1  0 -9 
46 30  -1  0  0 -9 
46 35   1 -1  0 -9 
46 40  -1 -2  0 -9 
46 46  -1  2  0 -9 
46 57   1  1  0 -9 
46 62  -1  0  0 -9 
46 67   1 -1  0 -9 
47 10   1 -1  0 -9 
47 22   1 -1  0 -9 
47 31  -1  0  0 -9 
47 34  -1 -2  0 -9 
47 36   1 -1  0 -9 
47 41  -1 -2  0 -9 
47 47  -1  2  0 -9 
47 58   1  1  0 -9 
47 61   1 -1  0 -9 
47 63  -1  0  0 -9 
47 68   1 -1  0 -9 
48 10   1 -3  0 -9 
48 34  -1 -4  0 -9 
48 48   1  0  0 -9 
48 50  -1 -1  0 -9 
48 71   1 -2  0 -9 
49 23   1 -1  0 -9 
49 32  -1  0  0 -9 
49 37   1 -1  0 -9 
49 42  -1 -2  0 -9 
49 49  -1  2  0 -9 
49 51   1  1  0 -9 
49 59   1  1  0 -9 
49 64  -1  0  0 -9 
49 66  -1 -3  0 -9 
49 69   1 -1  0 -9 
49 76   1 -2  0 -9 
49 77  -1 -3  0 -9 
49 78   1 -4  0 -9 
50 61  -1 -4  0 -9 
50 71   1 -3  0 -9 
51 66  -1 -4  0 -9 
51 76   1 -3  0 -9 
51 77  -1 -4  0 -9 
51 78   1 -5  0 -9 
52  6   1 -2  0 -9 
52 16   1 -2  0 -9 
52 25  -1 -1  0 -9 
52 52   1  0  0 -9 
53  7   1 -2  0 -9 
53 17   1 -2  0 -9 
53 26  -1 -1  0 -9 
53 34  -1 -4  0 -9 
53 53   1  0  0 -9 
53 61   1 -3  0 -9 
54 18   1 -2  0 -9 
54 27  -1 -1  0 -9 
54 54   1  0  0 -9 
55 19   1 -2  0 -9 
55 28  -1 -1  0 -9 
55 40  -1 -4  0 -9 
55 55   1  0  0 -9 
55 67   1 -3  0 -9 
56 20   1 -2  0 -9 
56 29  -1 -1  0 -9 
56 41  -1 -4  0 -9 
56 56   1  0  0 -9 
56 68   1 -3  0 -9 
57  8   1 -2  0 -9 
57 21   1 -2  0 -9 
57 30  -1 -1  0 -9 
57 35   1 -2 -1 -4  0 -9 
57 40  -1 -3  0 -9 
57 57   1  0  0 -9 
57 62  -1 -1  0 -9 
57 67   1 -2  0 -9 
57 72   1 -2  0 -9 
58  9   1 -2  0 -9 
58 10   1 -2  0 -9 
58 22   1 -2  0 -9 
58 31  -1 -1  0 -9 
58 34  -1 -3  0 -9 
58 36   1 -2 -1 -4  0 -9 
58 41  -1 -3  0 -9 
58 58   1  0  0 -9 
58 61   1 -2  0 -9 
58 63  -1 -1  0 -9 
58 68   1 -2  0 -9 
58 73   1 -2  0 -9 
59 11   1 -2  0 -9 
59 23   1 -2  0 -9 
59 32  -1 -1  0 -9 
59 37   1 -2 -1 -4  0 -9 
59 39   1 -5  0 -9 
59 42  -1 -3  0 -9 
59 59   1  0  0 -9 
59 64  -1 -1  0 -9 
59 66  -1 -4  0 -9 
59 69   1 -2  0 -9 
59 74   1 -2  0 -9 
59 78   1 -5  0 -9 
60 24   1 -2  0 -9 
60 33  -1 -1  0 -9 
60 38   1 -2 -1 -4  0 -9 
60 42  -1 -4  0 -9 
60 43   1 -5  0 -9 
60 60   1  0  0 -9 
60 65  -1 -1  0 -9 
60 69   1 -3  0 -9 
60 70  -1 -4  0 -9 
60 75   1 -2  0 -9 
60 79   1 -5  0 -9 
61 34   1 -7  0 -9 
61 61  -1 -6  0 -9 
62 35  -1 -5  0 -9 
62 40   1 -6  0 -9 
62 67  -1 -5  0 -9 
62 72   1 -3  0 -9 
63 34   1 -6  0 -9 
63 36  -1 -5  0 -9 
63 41   1 -6  0 -9 
63 61  -1 -5  0 -9 
63 68  -1 -5  0 -9 
63 73   1 -3  0 -9 
64 37  -1 -5  0 -9 
64 39   1 -6  0 -9 
64 42   1 -6  0 -9 
64 66  -1 -5  0 -9 
64 69  -1 -5  0 -9 
64 74   1 -3  0 -9 
64 78   1 -6  0 -9 
65 38  -1 -5  0 -9 
65 43   1 -6  0 -9 
65 70  -1 -5  0 -9 
65 75   1 -3  0 -9 
65 79   1 -6  0 -9 
66 39   1 -7  0 -9 
66 66  -1 -6  0 -9 
66 78   1 -7  0 -9 
67 40   1 -7  0 -9 
67 67  -1 -6  0 -9 
68 41   1 -7  0 -9 
68 68  -1 -6  0 -9 
69 42   1 -7  0 -9 
69 69  -1 -6  0 -9 
70 43   1 -7  0 -9 
70 70  -1 -6  0 -9 
70 79   1 -7  0 -9 
71 34   1 -6  0 -9 
71 50   1 -3  0 -9 
71 61  -1 -5  0 -9 
72 35  -1 -4  0 -9 
72 40   1 -5  0 -9 
72 62   1 -3  0 -9 
72 67  -1 -4  0 -9 
73 34   1 -5  0 -9 
73 36  -1 -4  0 -9 
73 41   1 -5  0 -9 
73 61  -1 -4  0 -9 
73 63   1 -3  0 -9 
73 68  -1 -4  0 -9 
74 37  -1 -4  0 -9 
74 39   1 -5  0 -9 
74 42   1 -5  0 -9 
74 64   1 -3  0 -9 
74 66  -1 -4  0 -9 
74 69  -1 -4  0 -9 
75 38  -1 -4  0 -9 
75 43   1 -5  0 -9 
75 65   1 -3  0 -9 
75 70  -1 -4  0 -9 
76 39   1 -6  0 -9 
76 51   1 -3  0 -9 
76 66  -1 -5  0 -9 
76 77  -1 -5  0 -9 
76 78   1 -6  0 -9 
77 77  -1 -6  0 -9 
77 78   1 -7  0 -9 
78 78   1 -8  0 -9 
79 79   1 -8  0 -9 
80 16   1 -3  0 -9 
80 80   1  0  0 -9 
81 17   1 -3  0 -9 
81 81   1  0  0 -9 
81 89   1 -3  0 -9 
82 16   1 -2  0 -9 
82 27  -1  0  0 -9 
82 54   1  1  0 -9 
82 80   1  1  0 -9 
82 82  -1  2  0 -9 
83 17   1 -2  0 -9 
83 21   1 -2  0 -9 
83 28  -1  0  0 -9 
83 40  -1 -3  0 -9 
83 55   1  1  0 -9 
83 67   1 -2  0 -9 
83 81   1  1  0 -9 
83 83  -1  2  0 -9 
83 85   1  1  0 -9 
83 89   1 -2  0 -9 
83 90  -1  0  0 -9 
84 22   1 -2  0 -9 
84 29  -1  0  0 -9 
84 41  -1 -3  0 -9 
84 56   1  1  0 -9 
84 68   1 -2  0 -9 
84 84  -1  2  0 -9 
84 86   1  1  0 -9 
84 89   1 -1  0 -9 
84 91  -1  0  0 -9 
85 21   1 -3  0 -9 
85 40  -1 -4  0 -9 
85 85   1  0  0 -9 
85 90  -1 -1  0 -9 
85 95   1 -2  0 -9 
86 22   1 -3  0 -9 
86 41  -1 -4  0 -9 
86 86   1  0  0 -9 
86 89   1 -2  0 -9 
86 91  -1 -1  0 -9 
86 96   1 -2  0 -9 
87 23   1 -3  0 -9 
87 42  -1 -4  0 -9 
87 87   1  0  0 -9 
87 92  -1 -1  0 -9 
87 94  -1 -4  0 -9 
87 97   1 -2  0 -9 
87 99   1 -5  0 -9 
88 23   1 -2  0 -9 
88 33  -1  0  0 -9 
88 38   1 -1  0 -9 
88 42  -1 -3  0 -9 
88 60   1  1  0 -9 
88 65  -1  0  0 -9 
88 69   1 -2  0 -9 
88 70  -1 -3  0 -9 
88 79   1 -4  0 -9 
88 87   1  1  0 -9 
88 88  -1  2  0 -9 
88 92  -1  0  0 -9 
88 93   1  1  0 -9 
88 94  -1 -3  0 -9 
88 98   1 -2  0 -9 
88 99   1 -4  0 -9 
88 100  -1 -3  0 -9 
89 89  -1 -6  0 -9 
90 67  -1 -4  0 -9 
90 89  -1 -4  0 -9 
90 95   1 -3  0 -9 
91 68  -1 -4  0 -9 
91 89  -1 -5  0 -9 
91 96   1 -3  0 -9 
92 69  -1 -4  0 -9 
92 94  -1 -5  0 -9 
92 97   1 -3  0 -9 
92 99   1 -6  0 -9 
93 70  -1 -4  0 -9 
93 79   1 -5  0 -9 
93 94  -1 -4  0 -9 
93 98   1 -3  0 -9 
93 99   1 -5  0 -9 
93 100  -1 -4  0 -9 
94 94  -1 -6  0 -9 
94 99   1 -7  0 -9 
95 40   1 -6  0 -9 
95 67  -1 -5  0 -9 
95 89  -1 -5  0 -9 
95 90   1 -3  0 -9 
96 41   1 -6  0 -9 
96 68  -1 -5  0 -9 
96 89  -1 -4  0 -9 
96 91   1 -3  0 -9 
97 42   1 -6  0 -9 
97 69  -1 -5  0 -9 
97 92   1 -3  0 -9 
97 94  -1 -4  0 -9 
98 43   1 -6  0 -9 
98 70  -1 -5  0 -9 
98 79   1 -6  0 -9 
98 93   1 -3  0 -9 
98 94  -1 -5  0 -9 
98 99   1 -6  0 -9 
98 100  -1 -5  0 -9 
99 99   1 -8  0 -9 
100 79   1 -7  0 -9 
100 99   1 -7  0 -9 
100 100  -1 -6  0 -9 
101 34   1 -5  0 -9 
101 50   1 -2  0 -9 
101 61  -1 -4  0 -9 
101 71  -1 -1  0 -9 
101 89   1 -3  0 -9 
101 101   1  0  0 -9 
102 35  -1 -3  0 -9 
102 40   1 -4  0 -9 
102 62   1 -2  0 -9 
102 67  -1 -3  0 -9 
102 72   1  1  0 -9 
102 89   1 -1  0 -9 
102 95  -1  0  0 -9 
102 102  -1  2  0 -9 
102 108   1  1  0 -9 
103 34   1 -4  0 -9 
103 36  -1 -3  0 -9 
103 41   1 -4  0 -9 
103 61  -1 -3  0 -9 
103 63   1 -2  0 -9 
103 68  -1 -3  0 -9 
103 71  -1  0  0 -9 
103 73   1  1  0 -9 
103 89   1 -2  0 -9 
103 96  -1  0  0 -9 
103 101   1  1  0 -9 
103 103  -1  2  0 -9 
103 109   1  1  0 -9 
104 37  -1 -3  0 -9 
104 39   1 -4  0 -9 
104 42   1 -4  0 -9 
104 64   1 -2  0 -9 
104 66  -1 -3  0 -9 
104 69  -1 -3  0 -9 
104 74   1  1  0 -9 
104 76  -1  0  0 -9 
104 77   1 -1  0 -9 
104 94   1 -2  0 -9 
104 97  -1  0  0 -9 
104 99  -1 -3  0 -9 
104 104  -1  2  0 -9 
104 106   1  1  0 -9 
104 107  -1  0  0 -9 
104 110   1  1  0 -9 
104 112   1 -2  0 -9 
105 38  -1 -3  0 -9 
105 43   1 -4  0 -9 
105 65   1 -2  0 -9 
105 70  -1 -3  0 -9 
105 75   1  1  0 -9 
105 94   1 -1  0 -9 
105 98  -1  0  0 -9 
105 99  -1 -2  0 -9 
105 100   1 -1  0 -9 
105 105  -1  2  0 -9 
105 111   1  1  0 -9 
105 112   1 -1  0 -9 
105 113  -1  0  0 -9 
106 39   1 -5  0 -9 
106 51   1 -2  0 -9 
106 66  -1 -4  0 -9 
106 76  -1 -1  0 -9 
106 77   1 -2 -1 -4  0 -9 
106 78   1 -5  0 -9 
106 94   1 -3  0 -9 
106 99  -1 -4  0 -9 
106 106   1  0  0 -9 
106 107  -1 -1  0 -9 
106 114   1 -2  0 -9 
107 77  -1 -5  0 -9 
107 78   1 -6  0 -9 
107 112  -1 -4  0 -9 
107 114   1 -3  0 -9 
108 40   1 -5  0 -9 
108 67  -1 -4  0 -9 
108 89   1 -2  0 -9 
108 90   1 -2  0 -9 
108 95  -1 -1  0 -9 
108 108   1  0  0 -9 
109 41   1 -5  0 -9 
109 68  -1 -4  0 -9 
109 91   1 -2  0 -9 
109 96  -1 -1  0 -9 
109 109   1  0  0 -9 
110 42   1 -5  0 -9 
110 69  -1 -4  0 -9 
110 92   1 -2  0 -9 
110 97  -1 -1  0 -9 
110 99  -1 -4  0 -9 
110 110   1  0  0 -9 
110 112   1 -3  0 -9 
111 43   1 -5  0 -9 
111 70  -1 -4  0 -9 
111 79   1 -5  0 -9 
111 93   1 -2  0 -9 
111 94   1 -2  0 -9 
111 98  -1 -1  0 -9 
111 99  -1 -3  0 -9 
111 100   1 -2 -1 -4  0 -9 
111 111   1  0  0 -9 
111 112   1 -2  0 -9 
111 113  -1 -1  0 -9 
111 115   1 -2  0 -9 
112 99   1 -7  0 -9 
112 112  -1 -6  0 -9 
113 79   1 -6  0 -9 
113 99   1 -6  0 -9 
113 100  -1 -5  0 -9 
113 112  -1 -5  0 -9 
113 115   1 -3  0 -9 
114 77  -1 -4  0 -9 
114 99   1 -6  0 -9 
114 107   1 -3  0 -9 
114 112  -1 -5  0 -9 
115 99   1 -5  0 -9 
115 100  -1 -4  0 -9 
115 112  -1 -4  0 -9 
115 113   1 -3  0 -9 
9999 9999
