 0  0  -1 -6  0 -9 
 0  1   1 -7  0 -9 
 1  1   1 -8  0 -9 
 2  2   1 -8  0 -9 
 3  3   1 -8  0 -9 
 4  2   1 -7  0 -9 
 4  3   1 -7  0 -9 
 4  4  -1 -6  0 -9 
 5  0  -1 -5  0 -9 
 5  1   1 -6  0 -9 
 5  6   1 -3  0 -9 
 5 10  -1 -4  0 -9 
 5 14  -1 -4  0 -9 
 5 16   1 -5  0 -9 
 6  0  -1 -4  0 -9 
 6  3   1 -6  0 -9 
 6  5   1 -3  0 -9 
 6  8   1 -6  0 -9 
 6 10  -1 -5  0 -9 
 6 14  -1 -5  0 -9 
 6 16   1 -6  0 -9 
 7  3   1 -5  0 -9 
 7  4  -1 -4  0 -9 
 7 11  -1 -5  0 -9 
 7 14  -1 -4  0 -9 
 7 15   1 -3  0 -9 
 7 17   1 -6  0 -9 
 8  8   1 -8  0 -9 
 9  9   1 -8  0 -9 
10  8   1 -7  0 -9 
10 10  -1 -6  0 -9 
10 16   1 -7  0 -9 
11 11  -1 -6  0 -9 
11 17   1 -7  0 -9 
12  9   1 -7  0 -9 
12 12  -1 -6  0 -9 
12 18   1 -7  0 -9 
13 13  -1 -6  0 -9 
13 19   1 -7  0 -9 
14  3   1 -7  0 -9 
14 14  -1 -6  0 -9 
14 16   1 -7  0 -9 
15  2   1 -6  0 -9 
15  3   1 -6  0 -9 
15  4  -1 -5  0 -9 
15  7   1 -3  0 -9 
15 11  -1 -4  0 -9 
15 14  -1 -5  0 -9 
15 16   1 -6  0 -9 
16 16   1 -8  0 -9 
17 17   1 -8  0 -9 
18 18   1 -8  0 -9 
19 19   1 -8  0 -9 
20 20  -1 -6  0 -9 
20 21   1 -7  0 -9 
21 21   1 -8  0 -9 
22 22   1 -8  0 -9 
23  3   1 -7  0 -9 
23 21   1 -7  0 -9 
23 23  -1 -6  0 -9 
24 22   1 -7  0 -9 
24 24  -1 -6  0 -9 
24 25   1 -7  0 -9 
25 25   1 -8  0 -9 
26  0  -1 -4  0 -9 
26  1   1 -5  0 -9 
26  5  -1 -1  0 -9 
26  6   1 -2  0 -9 
26  8  -1 -4  0 -9 
26 14  -1 -3  0 -9 
26 20   1 -3  0 -9 
26 21  -1 -4  0 -9 
26 26   1  0  0 -9 
26 27  -1 -1  0 -9 
26 29   1 -3  0 -9 
26 31  -1 -4  0 -9 
26 35   1 -2  0 -9 
26 38   1 -5  0 -9 
27  3   1 -5  0 -9 
27 14  -1 -4  0 -9 
27 23  -1 -4  0 -9 
27 31  -1 -5  0 -9 
27 35   1 -3  0 -9 
27 38   1 -6  0 -9 
28 24  -1 -4  0 -9 
28 25   1 -5  0 -9 
28 32  -1 -5  0 -9 
28 36   1 -3  0 -9 
28 37  -1 -4  0 -9 
28 39   1 -6  0 -9 
29  8   1 -7  0 -9 
29 29  -1 -6  0 -9 
30  9   1 -7  0 -9 
30 30  -1 -6  0 -9 
31 31  -1 -6  0 -9 
31 38   1 -7  0 -9 
32 32  -1 -6  0 -9 
32 39   1 -7  0 -9 
33 33  -1 -6  0 -9 
33 40   1 -7  0 -9 
34 34  -1 -6  0 -9 
34 41   1 -7  0 -9 
35  3   1 -6  0 -9 
35 14  -1 -5  0 -9 
35 16   1 -6  0 -9 
35 21   1 -6  0 -9 
35 23  -1 -5  0 -9 
35 27   1 -3  0 -9 
35 31  -1 -4  0 -9 
36 22   1 -6  0 -9 
36 24  -1 -5  0 -9 
36 25   1 -6  0 -9 
36 28   1 -3  0 -9 
36 32  -1 -4  0 -9 
36 37  -1 -5  0 -9 
36 42   1 -6  0 -9 
37 25   1 -7  0 -9 
37 37  -1 -6  0 -9 
37 42   1 -7  0 -9 
38 38   1 -8  0 -9 
39 39   1 -8  0 -9 
40 40   1 -8  0 -9 
41 41   1 -8  0 -9 
42 42   1 -8  0 -9 
43 43   1 -8  0 -9 
44 44   1 -8  0 -9 
45 22   1 -7  0 -9 
45 44   1 -7  0 -9 
45 45  -1 -6  0 -9 
46 44   1 -7  0 -9 
46 46  -1 -6  0 -9 
47 47  -1 -6  0 -9 
47 48   1 -7  0 -9 
48 48   1 -8  0 -9 
49  3   1 -6  0 -9 
49 14  -1 -5  0 -9 
49 16   1 -6  0 -9 
49 46  -1 -4  0 -9 
49 51  -1 -5  0 -9 
49 55   1 -3  0 -9 
49 58   1 -6  0 -9 
50  2   1 -5  0 -9 
50  3   1 -5  0 -9 
50  4  -1 -4  0 -9 
50  7   1 -2  0 -9 
50 14   1 -2 -1 -4  0 -9 
50 15  -1 -1  0 -9 
50 16   1 -5  0 -9 
50 17  -1 -4  0 -9 
50 22  -1 -4  0 -9 
50 28  -1 -1  0 -9 
50 32  -1 -4  0 -9 
50 36   1 -2  0 -9 
50 37  -1 -3  0 -9 
50 39   1 -5  0 -9 
50 44  -1 -4  0 -9 
50 45   1 -3  0 -9 
50 47  -1 -4  0 -9 
50 48   1 -5  0 -9 
50 49  -1 -1  0 -9 
50 50   1  0  0 -9 
50 51  -1 -4  0 -9 
50 52   1 -3  0 -9 
50 55   1 -2  0 -9 
50 56  -1 -1  0 -9 
50 57   1 -2  0 -9 
50 58   1 -5  0 -9 
50 59  -1 -4  0 -9 
51 16   1 -7  0 -9 
51 51  -1 -6  0 -9 
51 58   1 -7  0 -9 
52 17   1 -7  0 -9 
52 52  -1 -6  0 -9 
52 59   1 -7  0 -9 
53 18   1 -7  0 -9 
53 53  -1 -6  0 -9 
53 60   1 -7  0 -9 
54 19   1 -7  0 -9 
54 54  -1 -6  0 -9 
54 61   1 -7  0 -9 
55 14  -1 -4  0 -9 
55 16   1 -5  0 -9 
55 44   1 -6  0 -9 
55 46  -1 -5  0 -9 
55 49   1 -3  0 -9 
55 51  -1 -4  0 -9 
56 37  -1 -4  0 -9 
56 42   1 -5  0 -9 
56 47  -1 -5  0 -9 
56 48   1 -6  0 -9 
56 57   1 -3  0 -9 
56 62  -1 -4  0 -9 
57 25   1 -6  0 -9 
57 37  -1 -5  0 -9 
57 42   1 -6  0 -9 
57 47  -1 -4  0 -9 
57 56   1 -3  0 -9 
57 59   1 -6  0 -9 
57 62  -1 -5  0 -9 
58 58   1 -8  0 -9 
59 59   1 -8  0 -9 
60 60   1 -8  0 -9 
61 61   1 -8  0 -9 
62 42   1 -7  0 -9 
62 59   1 -7  0 -9 
62 62  -1 -6  0 -9 
63 43   1 -7  0 -9 
63 61   1 -7  0 -9 
63 63  -1 -6  0 -9 
9999 9999
