 0  0  -1  2  0 -9 
 1  1  -1  2  0 -9 
 2  2  -1  2  0 -9 
 3  3  -1  2  0 -9 
 4  4  -1  2  0 -9 
 4 15   1  1  0 -9 
 5  5  -1  2  0 -9 
 5 16   1  1  0 -9 
 6  6  -1  2  0 -9 
 6 17   1  1  0 -9 
 7  7  -1  2  0 -9 
 7 18   1  1  0 -9 
 8  8  -1  2  0 -9 
 8 19   1  1  0 -9 
 9  9  -1  2  0 -9 
 9 20   1  1  0 -9 
10 10  -1  2  0 -9 
10 24   1  1  0 -9 
10 27  -1  0  0 -9 
11 11  -1  2  0 -9 
11 25   1  1  0 -9 
11 28  -1  0  0 -9 
12 12  -1  2  0 -9 
12 30   1  1  0 -9 
12 32  -1  0  0 -9 
13 13  -1  2  0 -9 
13 31   1  1  0 -9 
13 33  -1  0  0 -9 
14 14  -1  2  0 -9 
14 26   1  1  0 -9 
14 29  -1  0  0 -9 
14 33  -1  0  0 -9 
14 34   1  1  0 -9 
14 35   1 -1  0 -9 
15 15   1  0  0 -9 
16 16   1  0  0 -9 
17 17   1  0  0 -9 
18 18   1  0  0 -9 
19 19   1  0  0 -9 
20 20   1  0  0 -9 
21 17   1  1  0 -9 
21 21  -1  2  0 -9 
22 18   1  1  0 -9 
22 22  -1  2  0 -9 
23 23  -1  2  0 -9 
23 26   1  1  0 -9 
23 29  -1  0  0 -9 
24 24   1  0  0 -9 
24 27  -1 -1  0 -9 
24 32   1 -2  0 -9 
25 25   1  0  0 -9 
25 28  -1 -1  0 -9 
25 33   1 -2  0 -9 
26 26   1  0  0 -9 
26 29  -1 -1  0 -9 
26 35   1 -2  0 -9 
27 32   1 -3  0 -9 
28 33   1 -3  0 -9 
29 35   1 -3  0 -9 
30 27   1 -2  0 -9 
30 30   1  0  0 -9 
30 32  -1 -1  0 -9 
31 28   1 -2  0 -9 
31 31   1  0  0 -9 
31 33  -1 -1  0 -9 
32 27   1 -3  0 -9 
33 28   1 -3  0 -9 
34 28   1 -2  0 -9 
34 29  -1 -1  0 -9 
34 33  -1 -1  0 -9 
34 34   1  0  0 -9 
34 35   1 -2  0 -9 
35 29   1 -3  0 -9 
9999 9999
