 0  0   1 -8  0 -9 
 1  0   1 -7  0 -9 
 1  1  -1 -6  0 -9 
 2  0  -1 -4  0 -9 
 2  4  -1 -5  0 -9 
 2  8   1 -3  0 -9 
 2 11   1 -6  0 -9 
 3  0  -1 -3  0 -9 
 3  1   1 -2  0 -9 
 3  2  -1 -1  0 -9 
 3  3   1  0  0 -9 
 3  4  -1 -4  0 -9 
 3  5   1 -3  0 -9 
 3  8   1 -2  0 -9 
 3  9  -1 -1  0 -9 
 3 10   1 -2  0 -9 
 3 11   1 -5  0 -9 
 3 12  -1 -4  0 -9 
 4  4  -1 -6  0 -9 
 4 11   1 -7  0 -9 
 5  5  -1 -6  0 -9 
 5 12   1 -7  0 -9 
 6  6  -1 -6  0 -9 
 6 13   1 -7  0 -9 
 7  7  -1 -6  0 -9 
 7 14   1 -7  0 -9 
 8  0   1 -7  0 -9 
 8  2   1 -3  0 -9 
 8  4  -1 -4  0 -9 
 9  0   1 -6  0 -9 
 9  1  -1 -5  0 -9 
 9 10   1 -3  0 -9 
 9 15  -1 -4  0 -9 
10  1  -1 -4  0 -9 
10  9   1 -3  0 -9 
10 12   1 -6  0 -9 
10 15  -1 -5  0 -9 
11 11   1 -8  0 -9 
12 12   1 -8  0 -9 
13 13   1 -8  0 -9 
14 14   1 -8  0 -9 
15 12   1 -7  0 -9 
15 15  -1 -6  0 -9 
16 14   1 -7  0 -9 
16 16  -1 -6  0 -9 
17  0  -1 -3  0 -9 
17  2  -1 -1  0 -9 
17  4   1 -2 -1 -4  0 -9 
17  8   1 -2  0 -9 
17 11   1 -5  0 -9 
17 17   1  0  0 -9 
17 19  -1 -1  0 -9 
17 23   1 -2  0 -9 
17 29  -1 -3  0 -9 
18  0  -1 -2  0 -9 
18  1   1 -1  0 -9 
18  2  -1  0  0 -9 
18  3   1  1  0 -9 
18  4  -1 -3  0 -9 
18  5   1 -2  0 -9 
18  8   1 -1  0 -9 
18  9  -1  0  0 -9 
18 11   1 -4  0 -9 
18 12  -1 -3  0 -9 
18 15   1 -2  0 -9 
18 17   1  1  0 -9 
18 18  -1  2  0 -9 
18 19  -1  0  0 -9 
18 23   1 -1  0 -9 
18 24  -1  0  0 -9 
18 27   1  1  0 -9 
18 29  -1 -2  0 -9 
18 33   1 -1  0 -9 
19  4  -1 -5  0 -9 
19 11   1 -6  0 -9 
19 23   1 -3  0 -9 
19 29  -1 -4  0 -9 
20  5  -1 -5  0 -9 
20 12   1 -6  0 -9 
20 24   1 -3  0 -9 
20 33  -1 -4  0 -9 
21  6  -1 -5  0 -9 
21 13   1 -6  0 -9 
21 25   1 -3  0 -9 
21 34  -1 -4  0 -9 
22  7  -1 -5  0 -9 
22 14   1 -6  0 -9 
22 26   1 -3  0 -9 
22 35  -1 -4  0 -9 
23  4  -1 -4  0 -9 
23 19   1 -3  0 -9 
23 29   1 -7  0 -9 
24  5  -1 -4  0 -9 
24 20   1 -3  0 -9 
24 29   1 -6  0 -9 
24 33  -1 -5  0 -9 
25  6  -1 -4  0 -9 
25 21   1 -3  0 -9 
25 30   1 -6  0 -9 
25 34  -1 -5  0 -9 
26  7  -1 -4  0 -9 
26 22   1 -3  0 -9 
26 31   1 -6  0 -9 
26 35  -1 -5  0 -9 
27  4  -1 -4  0 -9 
27 11   1 -5  0 -9 
27 12  -1 -4  0 -9 
27 15   1 -3  0 -9 
27 19  -1 -1  0 -9 
27 20   1 -2  0 -9 
27 23   1 -2  0 -9 
27 24  -1 -1  0 -9 
27 27   1  0  0 -9 
27 29  -1 -3  0 -9 
27 33   1 -2  0 -9 
28  6  -1 -4  0 -9 
28 13   1 -5  0 -9 
28 14  -1 -4  0 -9 
28 16   1 -3  0 -9 
28 21  -1 -1  0 -9 
28 22   1 -2  0 -9 
28 25   1 -2  0 -9 
28 26  -1 -1  0 -9 
28 28   1  0  0 -9 
28 30  -1 -4  0 -9 
28 31   1 -5  0 -9 
28 35  -1 -4  0 -9 
28 36   1 -3  0 -9 
29 29   1 -8  0 -9 
30 30   1 -8  0 -9 
31 31   1 -8  0 -9 
32 32   1 -8  0 -9 
33 29   1 -7  0 -9 
33 33  -1 -6  0 -9 
34 30   1 -7  0 -9 
34 34  -1 -6  0 -9 
35 31   1 -7  0 -9 
35 35  -1 -6  0 -9 
36 30   1 -7  0 -9 
36 36  -1 -6  0 -9 
37 32   1 -7  0 -9 
37 37  -1 -6  0 -9 
38  0   1 -7  0 -9 
38 38  -1 -6  0 -9 
39 39  -1 -6  0 -9 
39 40   1 -7  0 -9 
40 40   1 -8  0 -9 
41 38  -1 -4  0 -9 
41 43  -1 -5  0 -9 
41 47   1 -3  0 -9 
41 50   1 -6  0 -9 
42  0  -1 -4  0 -9 
42  1   1 -3  0 -9 
42 39  -1 -4  0 -9 
42 40   1 -5  0 -9 
42 41  -1 -1  0 -9 
42 42   1  0  0 -9 
42 43  -1 -4  0 -9 
42 44   1 -3  0 -9 
42 47   1 -2  0 -9 
42 48  -1 -1  0 -9 
42 49   1 -2  0 -9 
42 50   1 -5  0 -9 
42 51  -1 -4  0 -9 
43 43  -1 -6  0 -9 
43 50   1 -7  0 -9 
44 44  -1 -6  0 -9 
44 51   1 -7  0 -9 
45 45  -1 -6  0 -9 
45 52   1 -7  0 -9 
46 46  -1 -6  0 -9 
46 53   1 -7  0 -9 
47  0   1 -6  0 -9 
47 38  -1 -5  0 -9 
47 41   1 -3  0 -9 
47 43  -1 -4  0 -9 
48 39  -1 -5  0 -9 
48 40   1 -6  0 -9 
48 49   1 -3  0 -9 
48 54  -1 -4  0 -9 
49 39  -1 -4  0 -9 
49 48   1 -3  0 -9 
49 51   1 -6  0 -9 
49 54  -1 -5  0 -9 
50 50   1 -8  0 -9 
51 51   1 -8  0 -9 
52 52   1 -8  0 -9 
53 53   1 -8  0 -9 
54 51   1 -7  0 -9 
54 54  -1 -6  0 -9 
55 53   1 -7  0 -9 
55 55  -1 -6  0 -9 
56  0  -1 -3  0 -9 
56  2  -1 -1  0 -9 
56  4  -1 -4  0 -9 
56  8   1 -2  0 -9 
56 11   1 -5  0 -9 
56 38   1 -2  0 -9 
56 41   1 -2  0 -9 
56 47  -1 -1  0 -9 
56 50  -1 -4  0 -9 
56 56   1  0  0 -9 
56 59   1 -3  0 -9 
57 39   1 -2  0 -9 
57 40  -1 -3  0 -9 
57 48  -1 -1  0 -9 
57 49   1 -2  0 -9 
57 51  -1 -4  0 -9 
57 57   1  0  0 -9 
57 58  -1 -1  0 -9 
57 60   1 -3  0 -9 
57 63  -1 -4  0 -9 
57 65   1 -2  0 -9 
57 66   1 -5  0 -9 
58 40  -1 -4  0 -9 
58 63  -1 -5  0 -9 
58 65   1 -3  0 -9 
58 66   1 -6  0 -9 
59 50   1 -7  0 -9 
59 59  -1 -6  0 -9 
60 51   1 -7  0 -9 
60 60  -1 -6  0 -9 
61 52   1 -7  0 -9 
61 61  -1 -6  0 -9 
62 53   1 -7  0 -9 
62 62  -1 -6  0 -9 
63 63  -1 -6  0 -9 
63 66   1 -7  0 -9 
64 64  -1 -6  0 -9 
64 67   1 -7  0 -9 
65 40   1 -7  0 -9 
65 58   1 -3  0 -9 
65 63  -1 -4  0 -9 
66 66   1 -8  0 -9 
67 67   1 -8  0 -9 
68  0  -1 -2  0 -9 
68  2  -1  0  0 -9 
68  4  -1 -3  0 -9 
68  8   1 -1  0 -9 
68 11   1 -4  0 -9 
68 17   1  1  0 -9 
68 19  -1  0  0 -9 
68 23   1 -1  0 -9 
68 29  -1 -2  0 -9 
68 38   1 -1  0 -9 
68 43   1 -2  0 -9 
68 47  -1  0  0 -9 
68 50  -1 -3  0 -9 
68 56   1  1  0 -9 
68 59   1 -2  0 -9 
68 68  -1  2  0 -9 
68 70   1  1  0 -9 
68 74  -1  0  0 -9 
68 80   1 -1  0 -9 
69 39   1 -1  0 -9 
69 40  -1 -2  0 -9 
69 48  -1  0  0 -9 
69 51  -1 -3  0 -9 
69 54   1 -2  0 -9 
69 57   1  1  0 -9 
69 58  -1  0  0 -9 
69 60   1 -2  0 -9 
69 63  -1 -3  0 -9 
69 65   1 -1  0 -9 
69 66   1 -4  0 -9 
69 69  -1  2  0 -9 
69 75  -1  0  0 -9 
69 78   1  1  0 -9 
69 84   1 -1  0 -9 
69 89   1  1  0 -9 
69 94  -1  0  0 -9 
69 96   1 -1  0 -9 
69 98  -1 -2  0 -9 
70  4  -1 -4  0 -9 
70 11   1 -5  0 -9 
70 19  -1 -1  0 -9 
70 23   1 -2  0 -9 
70 29  -1 -3  0 -9 
70 43   1 -3  0 -9 
70 50  -1 -4  0 -9 
70 70   1  0  0 -9 
70 74  -1 -1  0 -9 
70 80   1 -2  0 -9 
70 90   1 -2  0 -9 
71  5  -1 -4  0 -9 
71 12   1 -5  0 -9 
71 20  -1 -1  0 -9 
71 24   1 -2  0 -9 
71 29  -1 -4  0 -9 
71 44   1 -3  0 -9 
71 51  -1 -4  0 -9 
71 71   1  0  0 -9 
71 75  -1 -1  0 -9 
71 80   1 -3  0 -9 
71 84  -1 -4  0 -9 
71 91   1 -2  0 -9 
71 98   1 -5  0 -9 
72  6  -1 -4  0 -9 
72 13   1 -5  0 -9 
72 21  -1 -1  0 -9 
72 25   1 -2  0 -9 
72 30  -1 -4  0 -9 
72 45   1 -3  0 -9 
72 52  -1 -4  0 -9 
72 72   1  0  0 -9 
72 76  -1 -1  0 -9 
72 81   1 -3  0 -9 
72 85  -1 -4  0 -9 
72 92   1 -2  0 -9 
72 99   1 -5  0 -9 
73  7  -1 -4  0 -9 
73 14   1 -5  0 -9 
73 22  -1 -1  0 -9 
73 26   1 -2  0 -9 
73 31  -1 -4  0 -9 
73 46   1 -3  0 -9 
73 53  -1 -4  0 -9 
73 73   1  0  0 -9 
73 77  -1 -1  0 -9 
73 82   1 -3  0 -9 
73 86  -1 -4  0 -9 
73 93   1 -2  0 -9 
73 100   1 -5  0 -9 
74 29   1 -6  0 -9 
74 59  -1 -4  0 -9 
74 80  -1 -5  0 -9 
74 90   1 -3  0 -9 
75 60  -1 -4  0 -9 
75 84  -1 -5  0 -9 
75 91   1 -3  0 -9 
75 98   1 -6  0 -9 
76 61  -1 -4  0 -9 
76 85  -1 -5  0 -9 
76 92   1 -3  0 -9 
76 99   1 -6  0 -9 
77 62  -1 -4  0 -9 
77 86  -1 -5  0 -9 
77 93   1 -3  0 -9 
77 100   1 -6  0 -9 
78 51  -1 -4  0 -9 
78 54   1 -3  0 -9 
78 63  -1 -4  0 -9 
78 66   1 -5  0 -9 
78 75  -1 -1  0 -9 
78 78   1  0  0 -9 
78 84   1 -2  0 -9 
78 91   1 -2  0 -9 
78 94  -1 -1  0 -9 
78 96   1 -2  0 -9 
78 98  -1 -3  0 -9 
79 53  -1 -4  0 -9 
79 55   1 -3  0 -9 
79 64  -1 -4  0 -9 
79 67   1 -5  0 -9 
79 77  -1 -1  0 -9 
79 79   1  0  0 -9 
79 86  -1 -4  0 -9 
79 87   1 -3  0 -9 
79 93   1 -2  0 -9 
79 95  -1 -1  0 -9 
79 97   1 -2  0 -9 
79 100   1 -5  0 -9 
79 101  -1 -4  0 -9 
80 29   1 -7  0 -9 
80 80  -1 -6  0 -9 
81 30   1 -7  0 -9 
81 81  -1 -6  0 -9 
82 31   1 -7  0 -9 
82 82  -1 -6  0 -9 
83 32   1 -7  0 -9 
83 83  -1 -6  0 -9 
84 84  -1 -6  0 -9 
84 98   1 -7  0 -9 
85 85  -1 -6  0 -9 
85 99   1 -7  0 -9 
86 86  -1 -6  0 -9 
86 100   1 -7  0 -9 
87 87  -1 -6  0 -9 
87 101   1 -7  0 -9 
88 88  -1 -6  0 -9 
88 102   1 -7  0 -9 
89 40  -1 -3  0 -9 
89 58  -1 -1  0 -9 
89 63   1 -2 -1 -4  0 -9 
89 65   1 -2  0 -9 
89 66   1 -5  0 -9 
89 89   1  0  0 -9 
89 94  -1 -1  0 -9 
89 96   1 -2  0 -9 
89 98  -1 -3  0 -9 
90 50   1 -6  0 -9 
90 59  -1 -5  0 -9 
90 74   1 -3  0 -9 
90 80  -1 -4  0 -9 
91 51   1 -6  0 -9 
91 60  -1 -5  0 -9 
91 75   1 -3  0 -9 
91 84  -1 -4  0 -9 
92 52   1 -6  0 -9 
92 61  -1 -5  0 -9 
92 76   1 -3  0 -9 
92 85  -1 -4  0 -9 
93 53   1 -6  0 -9 
93 62  -1 -5  0 -9 
93 77   1 -3  0 -9 
93 86  -1 -4  0 -9 
94 63  -1 -5  0 -9 
94 66   1 -6  0 -9 
94 96   1 -3  0 -9 
94 98  -1 -4  0 -9 
95 64  -1 -5  0 -9 
95 67   1 -6  0 -9 
95 97   1 -3  0 -9 
95 103  -1 -4  0 -9 
96 63  -1 -4  0 -9 
96 94   1 -3  0 -9 
96 98   1 -7  0 -9 
97 64  -1 -4  0 -9 
97 95   1 -3  0 -9 
97 101   1 -6  0 -9 
97 103  -1 -5  0 -9 
98 98   1 -8  0 -9 
99 99   1 -8  0 -9 
100 100   1 -8  0 -9 
101 101   1 -8  0 -9 
102 102   1 -8  0 -9 
103 101   1 -7  0 -9 
103 103  -1 -6  0 -9 
9999 9999
