 0  0  -1  2  0 -9 
 0  4   1  1  0 -9 
 1  1  -1  2  0 -9 
 1  5   1  1  0 -9 
 2  2  -1  2  0 -9 
 2  8   1  1  0 -9 
 2 10  -1  0  0 -9 
 3  3  -1  2  0 -9 
 3  9   1  1  0 -9 
 3 11  -1  0  0 -9 
 3 12  -1  0  0 -9 
 3 13   1  1  0 -9 
 3 14   1 -1  0 -9 
 4  4   1  0  0 -9 
 5  5   1  0  0 -9 
 6  4   1  1  0 -9 
 6  6  -1  2  0 -9 
 7  7  -1  2  0 -9 
 7  9   1  1  0 -9 
 7 11  -1  0  0 -9 
 8  8   1  0  0 -9 
 8 10  -1 -1  0 -9 
 8 12   1 -2  0 -9 
 9  9   1  0  0 -9 
 9 11  -1 -1  0 -9 
 9 14   1 -2  0 -9 
10 12   1 -3  0 -9 
11 14   1 -3  0 -9 
12 10   1 -3  0 -9 
13 10   1 -2  0 -9 
13 11  -1 -1  0 -9 
13 12  -1 -1  0 -9 
13 13   1  0  0 -9 
13 14   1 -2  0 -9 
14 11   1 -3  0 -9 
15 10   1 -2  0 -9 
15 12  -1 -1  0 -9 
15 15   1  0  0 -9 
16 10   1 -1  0 -9 
16 11  -1  0  0 -9 
16 12  -1  0  0 -9 
16 13   1  1  0 -9 
16 15   1  1  0 -9 
16 16  -1  2  0 -9 
17 12  -1  0  0 -9 
17 15   1  1  0 -9 
17 17  -1  2  0 -9 
18 14  -1  0  0 -9 
18 18  -1  2  0 -9 
18 19   1  1  0 -9 
19 11   1 -2  0 -9 
19 14  -1 -1  0 -9 
19 19   1  0  0 -9 
9999 9999
