 0  0   1 -8  0 -9 
 1  0   1 -7  0 -9 
 1  1  -1 -6  0 -9 
 2  2  -1 -6  0 -9 
 3  3   1 -8  0 -9 
 4  3   1 -7  0 -9 
 4  4  -1 -6  0 -9 
 5  4  -1 -4  0 -9 
 5  6   1 -3  0 -9 
 6  3   1 -6  0 -9 
 6  4  -1 -5  0 -9 
 6  5   1 -3  0 -9 
 7  7  -1 -6  0 -9 
 8  3   1 -5  0 -9 
 8  4  -1 -4  0 -9 
 8  5   1 -2  0 -9 
 8  6  -1 -1  0 -9 
 8  7   1 -3  0 -9 
 8  8   1  0  0 -9 
 9  9  -1 -6  0 -9 
10 10  -1 -6  0 -9 
11 10   1 -3  0 -9 
11 11   1  0  0 -9 
12 12   1 -8  0 -9 
13 12   1 -7  0 -9 
13 13  -1 -6  0 -9 
14 14   1 -8  0 -9 
15 14   1 -7  0 -9 
15 15  -1 -6  0 -9 
16 15  -1 -4  0 -9 
16 17   1 -3  0 -9 
17 14   1 -6  0 -9 
17 15  -1 -5  0 -9 
17 16   1 -3  0 -9 
18 18   1 -8  0 -9 
19 18   1 -7  0 -9 
19 19  -1 -6  0 -9 
20 19  -1 -4  0 -9 
20 21   1 -3  0 -9 
21 18   1 -6  0 -9 
21 19  -1 -5  0 -9 
21 20   1 -3  0 -9 
22 14   1 -7  0 -9 
22 22  -1 -6  0 -9 
23 14  -1 -4  0 -9 
23 16  -1 -1  0 -9 
23 17   1 -2  0 -9 
23 18   1 -5  0 -9 
23 19  -1 -4  0 -9 
23 20   1 -2  0 -9 
23 21  -1 -1  0 -9 
23 22   1 -3  0 -9 
23 23   1  0  0 -9 
24 24   1 -8  0 -9 
25 24  -1 -4  0 -9 
25 26   1 -3  0 -9 
26 24   1 -7  0 -9 
26 25   1 -3  0 -9 
27 24  -1 -3  0 -9 
27 25  -1 -1  0 -9 
27 26   1 -2  0 -9 
27 27   1  0  0 -9 
28 24   1 -7  0 -9 
28 28  -1 -6  0 -9 
29 28  -1 -4  0 -9 
29 30   1 -3  0 -9 
30 24   1 -6  0 -9 
30 28  -1 -5  0 -9 
30 29   1 -3  0 -9 
31 24  -1 -3  0 -9 
31 25  -1 -1  0 -9 
31 26   1 -2  0 -9 
31 28   1 -2  0 -9 
31 29   1 -2  0 -9 
31 30  -1 -1  0 -9 
31 31   1  0  0 -9 
32 24  -1 -2  0 -9 
32 25  -1  0  0 -9 
32 26   1 -1  0 -9 
32 27   1  1  0 -9 
32 28   1 -1  0 -9 
32 30  -1  0  0 -9 
32 31   1  1  0 -9 
32 32  -1  2  0 -9 
33 33  -1 -6  0 -9 
34 34   1 -8  0 -9 
35 34   1 -7  0 -9 
35 35  -1 -6  0 -9 
36 35  -1 -4  0 -9 
36 37   1 -3  0 -9 
37 34   1 -6  0 -9 
37 35  -1 -5  0 -9 
37 36   1 -3  0 -9 
38 38  -1 -6  0 -9 
39 34   1 -5  0 -9 
39 35  -1 -4  0 -9 
39 36   1 -2  0 -9 
39 37  -1 -1  0 -9 
39 38   1 -3  0 -9 
39 39   1  0  0 -9 
40 40  -1 -6  0 -9 
41 18   1 -5  0 -9 
41 19  -1 -4  0 -9 
41 20   1 -2  0 -9 
41 21  -1 -1  0 -9 
41 40   1 -3  0 -9 
41 41   1  0  0 -9 
42 42  -1 -6  0 -9 
43 42  -1 -4  0 -9 
43 44   1 -3  0 -9 
44 42  -1 -5  0 -9 
44 43   1 -3  0 -9 
45 42   1 -2  0 -9 
45 43   1 -2  0 -9 
45 44  -1 -1  0 -9 
45 45   1  0  0 -9 
46 42   1 -1  0 -9 
46 44  -1  0  0 -9 
46 45   1  1  0 -9 
46 46  -1  2  0 -9 
47 24   1 -5  0 -9 
47 28  -1 -4  0 -9 
47 29   1 -2  0 -9 
47 30  -1 -1  0 -9 
47 42   1 -3  0 -9 
47 47   1  0  0 -9 
48 48  -1 -6  0 -9 
49 49   1 -8  0 -9 
50 49   1 -7  0 -9 
50 50  -1 -6  0 -9 
51 50  -1 -4  0 -9 
51 52   1 -3  0 -9 
52 49   1 -6  0 -9 
52 50  -1 -5  0 -9 
52 51   1 -3  0 -9 
53 53  -1 -6  0 -9 
54 49   1 -5  0 -9 
54 50  -1 -4  0 -9 
54 51   1 -2  0 -9 
54 52  -1 -1  0 -9 
54 53   1 -3  0 -9 
54 54   1  0  0 -9 
55 55  -1 -6  0 -9 
56 55   1 -3  0 -9 
56 56   1  0  0 -9 
57 57  -1 -6  0 -9 
58 57  -1 -4  0 -9 
58 59   1 -3  0 -9 
59 57  -1 -5  0 -9 
59 58   1 -3  0 -9 
60 57   1 -2  0 -9 
60 58   1 -2  0 -9 
60 59  -1 -1  0 -9 
60 60   1  0  0 -9 
61 57   1 -1  0 -9 
61 59  -1  0  0 -9 
61 60   1  1  0 -9 
61 61  -1  2  0 -9 
62 57   1 -3  0 -9 
62 62   1  0  0 -9 
63 63  -1 -6  0 -9 
64 63   1 -3  0 -9 
64 64   1  0  0 -9 
65 42   1 -3  0 -9 
65 65   1  0  0 -9 
66 66   1 -8  0 -9 
67 66   1 -7  0 -9 
67 67  -1 -6  0 -9 
68 67  -1 -4  0 -9 
68 69   1 -3  0 -9 
69 66   1 -6  0 -9 
69 67  -1 -5  0 -9 
69 68   1 -3  0 -9 
70 70  -1 -6  0 -9 
71 66   1 -5  0 -9 
71 67  -1 -4  0 -9 
71 68   1 -2  0 -9 
71 69  -1 -1  0 -9 
71 70   1 -3  0 -9 
71 71   1  0  0 -9 
72 72   1 -8  0 -9 
73 72  -1 -4  0 -9 
73 74   1 -3  0 -9 
74 72   1 -7  0 -9 
74 73   1 -3  0 -9 
75 72  -1 -3  0 -9 
75 73  -1 -1  0 -9 
75 74   1 -2  0 -9 
75 75   1  0  0 -9 
76 72   1 -7  0 -9 
76 76  -1 -6  0 -9 
77 76  -1 -4  0 -9 
77 78   1 -3  0 -9 
78 72   1 -6  0 -9 
78 76  -1 -5  0 -9 
78 77   1 -3  0 -9 
79 72  -1 -3  0 -9 
79 73  -1 -1  0 -9 
79 74   1 -2  0 -9 
79 76   1 -2  0 -9 
79 77   1 -2  0 -9 
79 78  -1 -1  0 -9 
79 79   1  0  0 -9 
80 72  -1 -2  0 -9 
80 73  -1  0  0 -9 
80 74   1 -1  0 -9 
80 75   1  1  0 -9 
80 76   1 -1  0 -9 
80 78  -1  0  0 -9 
80 79   1  1  0 -9 
80 80  -1  2  0 -9 
81 81  -1 -6  0 -9 
82 81  -1 -4  0 -9 
82 83   1 -3  0 -9 
83 81  -1 -5  0 -9 
83 82   1 -3  0 -9 
84 81   1 -2  0 -9 
84 82   1 -2  0 -9 
84 83  -1 -1  0 -9 
84 84   1  0  0 -9 
85 81   1 -1  0 -9 
85 83  -1  0  0 -9 
85 84   1  1  0 -9 
85 85  -1  2  0 -9 
86 72   1 -5  0 -9 
86 76  -1 -4  0 -9 
86 77   1 -2  0 -9 
86 78  -1 -1  0 -9 
86 81   1 -3  0 -9 
86 86   1  0  0 -9 
87 88   1 -3  0 -9 
88 87   1 -3  0 -9 
89 87  -1 -1  0 -9 
89 88   1 -2  0 -9 
89 89   1  0  0 -9 
90 87  -1  0  0 -9 
90 89   1  1  0 -9 
90 90  -1  2  0 -9 
91 87   1 -2  0 -9 
91 88  -1 -1  0 -9 
91 91   1  0  0 -9 
92 88  -1  0  0 -9 
92 91   1  1  0 -9 
92 92  -1  2  0 -9 
93 93  -1 -6  0 -9 
94 93   1 -3  0 -9 
94 94   1  0  0 -9 
95 95  -1 -6  0 -9 
96 95  -1 -4  0 -9 
96 97   1 -3  0 -9 
97 95  -1 -5  0 -9 
97 96   1 -3  0 -9 
98 95   1 -2  0 -9 
98 96   1 -2  0 -9 
98 97  -1 -1  0 -9 
98 98   1  0  0 -9 
99 95   1 -1  0 -9 
99 97  -1  0  0 -9 
99 98   1  1  0 -9 
99 99  -1  2  0 -9 
100 95   1 -3  0 -9 
100 100   1  0  0 -9 
101 81   1 -3  0 -9 
101 101   1  0  0 -9 
102 102   1  0  0 -9 
103 102   1  1  0 -9 
103 103  -1  2  0 -9 
104 104  -1 -6  0 -9 
105 105  -1 -6  0 -9 
106 105   1 -3  0 -9 
106 106   1  0  0 -9 
107 107  -1 -6  0 -9 
108 108   1 -8  0 -9 
109 108   1 -7  0 -9 
109 109  -1 -6  0 -9 
110 109  -1 -4  0 -9 
110 111   1 -3  0 -9 
111 108   1 -6  0 -9 
111 109  -1 -5  0 -9 
111 110   1 -3  0 -9 
112 112  -1 -6  0 -9 
113 108   1 -5  0 -9 
113 109  -1 -4  0 -9 
113 110   1 -2  0 -9 
113 111  -1 -1  0 -9 
113 112   1 -3  0 -9 
113 113   1  0  0 -9 
114 114  -1 -6  0 -9 
115 114   1 -3  0 -9 
115 115   1  0  0 -9 
116 116  -1 -6  0 -9 
117 116  -1 -4  0 -9 
117 118   1 -3  0 -9 
118 116  -1 -5  0 -9 
118 117   1 -3  0 -9 
119 116   1 -2  0 -9 
119 117   1 -2  0 -9 
119 118  -1 -1  0 -9 
119 119   1  0  0 -9 
120 116   1 -1  0 -9 
120 118  -1  0  0 -9 
120 119   1  1  0 -9 
120 120  -1  2  0 -9 
121 116   1 -3  0 -9 
121 121   1  0  0 -9 
122 122  -1 -6  0 -9 
123 122   1 -3  0 -9 
123 123   1  0  0 -9 
124 124   1  0  0 -9 
125 125  -1 -6  0 -9 
126 125   1 -3  0 -9 
126 126   1  0  0 -9 
127 127   1  0  0 -9 
128 128  -1 -6  0 -9 
129 128   1 -3  0 -9 
129 129   1  0  0 -9 
130 130  -1 -6  0 -9 
131 130  -1 -4  0 -9 
131 132   1 -3  0 -9 
132 130  -1 -5  0 -9 
132 131   1 -3  0 -9 
133 130   1 -2  0 -9 
133 131   1 -2  0 -9 
133 132  -1 -1  0 -9 
133 133   1  0  0 -9 
134 130   1 -1  0 -9 
134 132  -1  0  0 -9 
134 133   1  1  0 -9 
134 134  -1  2  0 -9 
135 130   1 -3  0 -9 
135 135   1  0  0 -9 
136 136   1  0  0 -9 
137 137   1  0  0 -9 
138 137   1  1  0 -9 
138 138  -1  2  0 -9 
139 139   1  0  0 -9 
9999 9999
