 0  0  -1  2  0 -9 
 0 86   1  1  0 -9 
 1  1  -1  2  0 -9 
 1 87   1  1  0 -9 
 2  2  -1  2  0 -9 
 2 88   1  1  0 -9 
 2 122  -1  0  0 -9 
 3  3  -1  2  0 -9 
 3 89   1  1  0 -9 
 3 123  -1  0  0 -9 
 4  4  -1  2  0 -9 
 4 90   1  1  0 -9 
 4 124  -1  0  0 -9 
 5  5  -1  2  0 -9 
 5 91   1  1  0 -9 
 5 125  -1  0  0 -9 
 6  6  -1  2  0 -9 
 6 21  -1  0  0 -9 
 6 38   1  1  0 -9 
 6 92   1  1  0 -9 
 6 139  -1  0  0 -9 
 6 166   1 -1  0 -9 
 7  7  -1  2  0 -9 
 7 22  -1  0  0 -9 
 7 39   1  1  0 -9 
 7 93   1  1  0 -9 
 7 140  -1  0  0 -9 
 7 167   1 -1  0 -9 
 8  8  -1  2  0 -9 
 8 23  -1  0  0 -9 
 8 40   1  1  0 -9 
 8 94   1  1  0 -9 
 8 141  -1  0  0 -9 
 8 168   1 -1  0 -9 
 9  9  -1  2  0 -9 
 9 24  -1  0  0 -9 
 9 41   1  1  0 -9 
 9 95   1  1  0 -9 
 9 142  -1  0  0 -9 
 9 169   1 -1  0 -9 
10 10  -1  2  0 -9 
10 21  -1  0  0 -9 
10 42   1  1  0 -9 
10 96   1  1  0 -9 
10 143  -1  0  0 -9 
10 170   1 -1  0 -9 
11 11  -1  2  0 -9 
11 23  -1  0  0 -9 
11 43   1  1  0 -9 
11 97   1  1  0 -9 
11 144  -1  0  0 -9 
11 171   1 -1  0 -9 
12 12  -1  2  0 -9 
12 25  -1  0  0 -9 
12 44   1  1  0 -9 
12 65   1 -1  0 -9 
12 98   1  1  0 -9 
12 145  -1  0  0 -9 
12 172   1 -1  0 -9 
12 204  -1 -2  0 -9 
13 13  -1  2  0 -9 
13 26  -1  0  0 -9 
13 45   1  1  0 -9 
13 66   1 -1  0 -9 
13 99   1  1  0 -9 
13 146  -1  0  0 -9 
13 173   1 -1  0 -9 
13 205  -1 -2  0 -9 
14 14  -1  2  0 -9 
14 27  -1  0  0 -9 
14 46   1  1  0 -9 
14 67   1 -1  0 -9 
14 100   1  1  0 -9 
14 147  -1  0  0 -9 
14 174   1 -1  0 -9 
14 206  -1 -2  0 -9 
15 15  -1  2  0 -9 
15 28  -1  0  0 -9 
15 47   1  1  0 -9 
15 68   1 -1  0 -9 
15 101   1  1  0 -9 
15 148  -1  0  0 -9 
15 175   1 -1  0 -9 
15 207  -1 -2  0 -9 
16 16  -1  2  0 -9 
16 29  -1  0  0 -9 
16 48   1  1  0 -9 
16 69   1 -1  0 -9 
16 102   1  1  0 -9 
16 149  -1  0  0 -9 
16 176   1 -1  0 -9 
16 208  -1 -2  0 -9 
17 17  -1  2  0 -9 
17 30  -1  0  0 -9 
17 49   1  1  0 -9 
17 70   1 -1  0 -9 
17 103   1  1  0 -9 
17 150  -1  0  0 -9 
17 177   1 -1  0 -9 
17 209  -1 -2  0 -9 
18 18  -1  2  0 -9 
18 31  -1  0  0 -9 
18 50   1  1  0 -9 
18 71   1 -1  0 -9 
18 104   1  1  0 -9 
18 151  -1  0  0 -9 
18 178   1 -1  0 -9 
18 210  -1 -2  0 -9 
19 19  -1  2  0 -9 
19 32  -1  0  0 -9 
19 51   1  1  0 -9 
19 72   1 -1  0 -9 
19 105   1  1  0 -9 
19 152  -1  0  0 -9 
19 179   1 -1  0 -9 
19 211  -1 -2  0 -9 
20 20  -1  2  0 -9 
20 33  -1  0  0 -9 
20 52   1  1  0 -9 
20 73   1 -1  0 -9 
20 106   1  1  0 -9 
20 153  -1  0  0 -9 
20 180   1 -1  0 -9 
20 212  -1 -2  0 -9 
21 122   1 -3  0 -9 
22 123   1 -3  0 -9 
23 124   1 -3  0 -9 
24 125   1 -3  0 -9 
25 65  -1 -5  0 -9 
25 126   1 -3  0 -9 
25 204   1 -6  0 -9 
26 66  -1 -5  0 -9 
26 127   1 -3  0 -9 
26 205   1 -6  0 -9 
27 67  -1 -5  0 -9 
27 128   1 -3  0 -9 
27 206   1 -6  0 -9 
28 68  -1 -5  0 -9 
28 129   1 -3  0 -9 
28 207   1 -6  0 -9 
29 69  -1 -5  0 -9 
29 130   1 -3  0 -9 
29 208   1 -6  0 -9 
30 70  -1 -5  0 -9 
30 131   1 -3  0 -9 
30 209   1 -6  0 -9 
31 71  -1 -5  0 -9 
31 132   1 -3  0 -9 
31 210   1 -6  0 -9 
32 72  -1 -5  0 -9 
32 133   1 -3  0 -9 
32 211   1 -6  0 -9 
33 73  -1 -5  0 -9 
33 134   1 -3  0 -9 
33 212   1 -6  0 -9 
34 74  -1 -5  0 -9 
34 135   1 -3  0 -9 
34 213   1 -6  0 -9 
35 75  -1 -5  0 -9 
35 136   1 -3  0 -9 
35 214   1 -6  0 -9 
36 76  -1 -5  0 -9 
36 137   1 -3  0 -9 
36 215   1 -6  0 -9 
37 77  -1 -5  0 -9 
37 138   1 -3  0 -9 
37 216   1 -6  0 -9 
38 21  -1 -1  0 -9 
38 38   1  0  0 -9 
38 122   1 -2  0 -9 
38 139  -1 -1  0 -9 
38 166   1 -2  0 -9 
39 22  -1 -1  0 -9 
39 39   1  0  0 -9 
39 123   1 -2  0 -9 
39 140  -1 -1  0 -9 
39 167   1 -2  0 -9 
40 23  -1 -1  0 -9 
40 40   1  0  0 -9 
40 124   1 -2  0 -9 
40 141  -1 -1  0 -9 
40 168   1 -2  0 -9 
41 24  -1 -1  0 -9 
41 41   1  0  0 -9 
41 125   1 -2  0 -9 
41 142  -1 -1  0 -9 
41 169   1 -2  0 -9 
42 21  -1 -1  0 -9 
42 42   1  0  0 -9 
42 122   1 -2  0 -9 
42 143  -1 -1  0 -9 
42 170   1 -2  0 -9 
43 23  -1 -1  0 -9 
43 43   1  0  0 -9 
43 124   1 -2  0 -9 
43 144  -1 -1  0 -9 
43 171   1 -2  0 -9 
44 25  -1 -1  0 -9 
44 44   1  0  0 -9 
44 65   1 -2  0 -9 
44 126   1 -2  0 -9 
44 145  -1 -1  0 -9 
44 172   1 -2  0 -9 
44 204  -1 -3  0 -9 
45 26  -1 -1  0 -9 
45 45   1  0  0 -9 
45 66   1 -2  0 -9 
45 127   1 -2  0 -9 
45 146  -1 -1  0 -9 
45 173   1 -2  0 -9 
45 205  -1 -3  0 -9 
46 27  -1 -1  0 -9 
46 46   1  0  0 -9 
46 67   1 -2  0 -9 
46 128   1 -2  0 -9 
46 147  -1 -1  0 -9 
46 174   1 -2  0 -9 
46 206  -1 -3  0 -9 
47 28  -1 -1  0 -9 
47 47   1  0  0 -9 
47 68   1 -2  0 -9 
47 129   1 -2  0 -9 
47 148  -1 -1  0 -9 
47 175   1 -2  0 -9 
47 207  -1 -3  0 -9 
48 29  -1 -1  0 -9 
48 48   1  0  0 -9 
48 69   1 -2  0 -9 
48 130   1 -2  0 -9 
48 149  -1 -1  0 -9 
48 176   1 -2  0 -9 
48 208  -1 -3  0 -9 
49 30  -1 -1  0 -9 
49 49   1  0  0 -9 
49 70   1 -2  0 -9 
49 131   1 -2  0 -9 
49 150  -1 -1  0 -9 
49 177   1 -2  0 -9 
49 209  -1 -3  0 -9 
50 31  -1 -1  0 -9 
50 50   1  0  0 -9 
50 71   1 -2  0 -9 
50 132   1 -2  0 -9 
50 151  -1 -1  0 -9 
50 178   1 -2  0 -9 
50 210  -1 -3  0 -9 
51 32  -1 -1  0 -9 
51 51   1  0  0 -9 
51 72   1 -2  0 -9 
51 133   1 -2  0 -9 
51 152  -1 -1  0 -9 
51 179   1 -2  0 -9 
51 211  -1 -3  0 -9 
52 33  -1 -1  0 -9 
52 52   1  0  0 -9 
52 73   1 -2  0 -9 
52 134   1 -2  0 -9 
52 153  -1 -1  0 -9 
52 180   1 -2  0 -9 
52 212  -1 -3  0 -9 
53 25  -1 -1  0 -9 
53 53   1  0  0 -9 
53 65  -1 -4  0 -9 
53 69   1 -3  0 -9 
53 126   1 -2  0 -9 
53 154  -1 -1  0 -9 
53 181   1 -2  0 -9 
53 204   1 -5  0 -9 
53 208  -1 -4  0 -9 
54 26  -1 -1  0 -9 
54 54   1  0  0 -9 
54 66  -1 -4  0 -9 
54 70   1 -3  0 -9 
54 127   1 -2  0 -9 
54 155  -1 -1  0 -9 
54 182   1 -2  0 -9 
54 205   1 -5  0 -9 
54 209  -1 -4  0 -9 
55 27  -1 -1  0 -9 
55 55   1  0  0 -9 
55 67  -1 -4  0 -9 
55 71   1 -3  0 -9 
55 128   1 -2  0 -9 
55 156  -1 -1  0 -9 
55 183   1 -2  0 -9 
55 206   1 -5  0 -9 
55 210  -1 -4  0 -9 
56 26  -1 -1  0 -9 
56 56   1  0  0 -9 
56 66  -1 -4  0 -9 
56 72   1 -3  0 -9 
56 127   1 -2  0 -9 
56 157  -1 -1  0 -9 
56 184   1 -2  0 -9 
56 205   1 -5  0 -9 
56 211  -1 -4  0 -9 
57 28  -1 -1  0 -9 
57 57   1  0  0 -9 
57 68  -1 -4  0 -9 
57 73   1 -3  0 -9 
57 129   1 -2  0 -9 
57 158  -1 -1  0 -9 
57 185   1 -2  0 -9 
57 207   1 -5  0 -9 
57 212  -1 -4  0 -9 
58 30  -1 -1  0 -9 
58 58   1  0  0 -9 
58 70  -1 -4  0 -9 
58 71   1 -3  0 -9 
58 131   1 -2  0 -9 
58 159  -1 -1  0 -9 
58 186   1 -2  0 -9 
58 209   1 -5  0 -9 
58 210  -1 -4  0 -9 
59 34  -1 -1  0 -9 
59 59   1  0  0 -9 
59 74  -1 -4  0 -9 
59 78   1 -3  0 -9 
59 135   1 -2  0 -9 
59 160  -1 -1  0 -9 
59 187   1 -2  0 -9 
59 213   1 -5  0 -9 
59 217  -1 -4  0 -9 
60 35  -1 -1  0 -9 
60 60   1  0  0 -9 
60 75  -1 -4  0 -9 
60 79   1 -3  0 -9 
60 136   1 -2  0 -9 
60 161  -1 -1  0 -9 
60 188   1 -2  0 -9 
60 214   1 -5  0 -9 
60 218  -1 -4  0 -9 
61 36  -1 -1  0 -9 
61 61   1  0  0 -9 
61 76  -1 -4  0 -9 
61 80   1 -3  0 -9 
61 137   1 -2  0 -9 
61 162  -1 -1  0 -9 
61 189   1 -2  0 -9 
61 215   1 -5  0 -9 
61 219  -1 -4  0 -9 
62 37  -1 -1  0 -9 
62 62   1  0  0 -9 
62 77  -1 -4  0 -9 
62 81   1 -3  0 -9 
62 138   1 -2  0 -9 
62 163  -1 -1  0 -9 
62 190   1 -2  0 -9 
62 216   1 -5  0 -9 
62 220  -1 -4  0 -9 
63 34  -1 -1  0 -9 
63 63   1  0  0 -9 
63 74  -1 -4  0 -9 
63 82   1 -3  0 -9 
63 135   1 -2  0 -9 
63 164  -1 -1  0 -9 
63 191   1 -2  0 -9 
63 213   1 -5  0 -9 
63 221  -1 -4  0 -9 
64 36  -1 -1  0 -9 
64 64   1  0  0 -9 
64 76  -1 -4  0 -9 
64 83   1 -3  0 -9 
64 137   1 -2  0 -9 
64 165  -1 -1  0 -9 
64 192   1 -2  0 -9 
64 215   1 -5  0 -9 
64 222  -1 -4  0 -9 
65 65  -1 -6  0 -9 
65 204   1 -7  0 -9 
66 66  -1 -6  0 -9 
66 205   1 -7  0 -9 
67 67  -1 -6  0 -9 
67 206   1 -7  0 -9 
68 68  -1 -6  0 -9 
68 207   1 -7  0 -9 
69 69  -1 -6  0 -9 
69 208   1 -7  0 -9 
70 70  -1 -6  0 -9 
70 209   1 -7  0 -9 
71 71  -1 -6  0 -9 
71 210   1 -7  0 -9 
72 72  -1 -6  0 -9 
72 211   1 -7  0 -9 
73 73  -1 -6  0 -9 
73 212   1 -7  0 -9 
74 74  -1 -6  0 -9 
74 213   1 -7  0 -9 
75 75  -1 -6  0 -9 
75 214   1 -7  0 -9 
76 76  -1 -6  0 -9 
76 215   1 -7  0 -9 
77 77  -1 -6  0 -9 
77 216   1 -7  0 -9 
78 78  -1 -6  0 -9 
78 217   1 -7  0 -9 
79 79  -1 -6  0 -9 
79 218   1 -7  0 -9 
80 80  -1 -6  0 -9 
80 219   1 -7  0 -9 
81 81  -1 -6  0 -9 
81 220   1 -7  0 -9 
82 82  -1 -6  0 -9 
82 221   1 -7  0 -9 
83 83  -1 -6  0 -9 
83 222   1 -7  0 -9 
84 84  -1 -6  0 -9 
84 223   1 -7  0 -9 
85 85  -1 -6  0 -9 
85 224   1 -7  0 -9 
86 86   1  0  0 -9 
87 87   1  0  0 -9 
88 21   1 -2  0 -9 
88 88   1  0  0 -9 
88 122  -1 -1  0 -9 
89 22   1 -2  0 -9 
89 89   1  0  0 -9 
89 123  -1 -1  0 -9 
90 23   1 -2  0 -9 
90 90   1  0  0 -9 
90 124  -1 -1  0 -9 
91 24   1 -2  0 -9 
91 91   1  0  0 -9 
91 125  -1 -1  0 -9 
92 92   1  0  0 -9 
92 139  -1 -1  0 -9 
92 166   1 -2  0 -9 
93 93   1  0  0 -9 
93 140  -1 -1  0 -9 
93 167   1 -2  0 -9 
94 94   1  0  0 -9 
94 141  -1 -1  0 -9 
94 168   1 -2  0 -9 
95 95   1  0  0 -9 
95 142  -1 -1  0 -9 
95 169   1 -2  0 -9 
96 96   1  0  0 -9 
96 143  -1 -1  0 -9 
96 170   1 -2  0 -9 
97 97   1  0  0 -9 
97 144  -1 -1  0 -9 
97 171   1 -2  0 -9 
98 98   1  0  0 -9 
98 145  -1 -1  0 -9 
98 172   1 -2  0 -9 
98 204  -1 -3  0 -9 
99 99   1  0  0 -9 
99 146  -1 -1  0 -9 
99 173   1 -2  0 -9 
99 205  -1 -3  0 -9 
100 100   1  0  0 -9 
100 147  -1 -1  0 -9 
100 174   1 -2  0 -9 
100 206  -1 -3  0 -9 
101 101   1  0  0 -9 
101 148  -1 -1  0 -9 
101 175   1 -2  0 -9 
101 207  -1 -3  0 -9 
102 102   1  0  0 -9 
102 149  -1 -1  0 -9 
102 176   1 -2  0 -9 
102 208  -1 -3  0 -9 
103 103   1  0  0 -9 
103 150  -1 -1  0 -9 
103 177   1 -2  0 -9 
103 209  -1 -3  0 -9 
104 104   1  0  0 -9 
104 151  -1 -1  0 -9 
104 178   1 -2  0 -9 
104 210  -1 -3  0 -9 
105 105   1  0  0 -9 
105 152  -1 -1  0 -9 
105 179   1 -2  0 -9 
105 211  -1 -3  0 -9 
106 106   1  0  0 -9 
106 153  -1 -1  0 -9 
106 180   1 -2  0 -9 
106 212  -1 -3  0 -9 
107 87   1  1  0 -9 
107 107  -1  2  0 -9 
108 92   1  1  0 -9 
108 108  -1  2  0 -9 
108 139  -1  0  0 -9 
109 93   1  1  0 -9 
109 109  -1  2  0 -9 
109 140  -1  0  0 -9 
110 94   1  1  0 -9 
110 110  -1  2  0 -9 
110 141  -1  0  0 -9 
111 95   1  1  0 -9 
111 111  -1  2  0 -9 
111 142  -1  0  0 -9 
112 96   1  1  0 -9 
112 112  -1  2  0 -9 
112 143  -1  0  0 -9 
113 97   1  1  0 -9 
113 113  -1  2  0 -9 
113 144  -1  0  0 -9 
114 93   1  1  0 -9 
114 114  -1  2  0 -9 
114 140  -1  0  0 -9 
114 167   1 -1  0 -9 
114 170  -1  0  0 -9 
114 193   1  1  0 -9 
115 95   1  1  0 -9 
115 115  -1  2  0 -9 
115 142  -1  0  0 -9 
115 169   1 -1  0 -9 
115 171  -1  0  0 -9 
115 194   1  1  0 -9 
116 102   1  1  0 -9 
116 116  -1  2  0 -9 
116 149  -1  0  0 -9 
116 176   1 -1  0 -9 
116 181  -1  0  0 -9 
116 195   1  1  0 -9 
116 208  -1 -2  0 -9 
116 225   1 -1  0 -9 
117 103   1  1  0 -9 
117 117  -1  2  0 -9 
117 150  -1  0  0 -9 
117 177   1 -1  0 -9 
117 182  -1  0  0 -9 
117 196   1  1  0 -9 
117 209  -1 -2  0 -9 
117 226   1 -1  0 -9 
118 104   1  1  0 -9 
118 118  -1  2  0 -9 
118 151  -1  0  0 -9 
118 178   1 -1  0 -9 
118 183  -1  0  0 -9 
118 197   1  1  0 -9 
118 210  -1 -2  0 -9 
118 227   1 -1  0 -9 
119 105   1  1  0 -9 
119 119  -1  2  0 -9 
119 152  -1  0  0 -9 
119 179   1 -1  0 -9 
119 184  -1  0  0 -9 
119 198   1  1  0 -9 
119 211  -1 -2  0 -9 
119 228   1 -1  0 -9 
120 106   1  1  0 -9 
120 120  -1  2  0 -9 
120 153  -1  0  0 -9 
120 180   1 -1  0 -9 
120 185  -1  0  0 -9 
120 199   1  1  0 -9 
120 212  -1 -2  0 -9 
120 229   1 -1  0 -9 
121 104   1  1  0 -9 
121 121  -1  2  0 -9 
121 151  -1  0  0 -9 
121 178   1 -1  0 -9 
121 186  -1  0  0 -9 
121 200   1  1  0 -9 
121 210  -1 -2  0 -9 
121 230   1 -1  0 -9 
122 21   1 -3  0 -9 
123 22   1 -3  0 -9 
124 23   1 -3  0 -9 
125 24   1 -3  0 -9 
126 25   1 -3  0 -9 
126 65  -1 -4  0 -9 
127 26   1 -3  0 -9 
127 66  -1 -4  0 -9 
128 27   1 -3  0 -9 
128 67  -1 -4  0 -9 
129 28   1 -3  0 -9 
129 68  -1 -4  0 -9 
130 29   1 -3  0 -9 
130 69  -1 -4  0 -9 
131 30   1 -3  0 -9 
131 70  -1 -4  0 -9 
132 31   1 -3  0 -9 
132 71  -1 -4  0 -9 
133 32   1 -3  0 -9 
133 72  -1 -4  0 -9 
134 33   1 -3  0 -9 
134 73  -1 -4  0 -9 
135 34   1 -3  0 -9 
135 74  -1 -4  0 -9 
136 35   1 -3  0 -9 
136 75  -1 -4  0 -9 
137 36   1 -3  0 -9 
137 76  -1 -4  0 -9 
138 37   1 -3  0 -9 
138 77  -1 -4  0 -9 
139 166   1 -3  0 -9 
140 167   1 -3  0 -9 
141 168   1 -3  0 -9 
142 169   1 -3  0 -9 
143 170   1 -3  0 -9 
144 171   1 -3  0 -9 
145 172   1 -3  0 -9 
145 204  -1 -4  0 -9 
146 173   1 -3  0 -9 
146 205  -1 -4  0 -9 
147 174   1 -3  0 -9 
147 206  -1 -4  0 -9 
148 175   1 -3  0 -9 
148 207  -1 -4  0 -9 
149 176   1 -3  0 -9 
149 208  -1 -4  0 -9 
150 177   1 -3  0 -9 
150 209  -1 -4  0 -9 
151 178   1 -3  0 -9 
151 210  -1 -4  0 -9 
152 179   1 -3  0 -9 
152 211  -1 -4  0 -9 
153 180   1 -3  0 -9 
153 212  -1 -4  0 -9 
154 181   1 -3  0 -9 
154 225  -1 -4  0 -9 
155 182   1 -3  0 -9 
155 226  -1 -4  0 -9 
156 183   1 -3  0 -9 
156 227  -1 -4  0 -9 
157 184   1 -3  0 -9 
157 228  -1 -4  0 -9 
158 185   1 -3  0 -9 
158 229  -1 -4  0 -9 
159 186   1 -3  0 -9 
159 230  -1 -4  0 -9 
160 187   1 -3  0 -9 
160 231  -1 -4  0 -9 
161 188   1 -3  0 -9 
161 232  -1 -4  0 -9 
162 189   1 -3  0 -9 
162 233  -1 -4  0 -9 
163 190   1 -3  0 -9 
163 234  -1 -4  0 -9 
164 191   1 -3  0 -9 
164 235  -1 -4  0 -9 
165 192   1 -3  0 -9 
165 236  -1 -4  0 -9 
166 139   1 -3  0 -9 
167 140   1 -3  0 -9 
168 141   1 -3  0 -9 
169 142   1 -3  0 -9 
170 143   1 -3  0 -9 
171 144   1 -3  0 -9 
172 145   1 -3  0 -9 
172 204   1 -7  0 -9 
173 146   1 -3  0 -9 
173 205   1 -7  0 -9 
174 147   1 -3  0 -9 
174 206   1 -7  0 -9 
175 148   1 -3  0 -9 
175 207   1 -7  0 -9 
176 149   1 -3  0 -9 
176 208   1 -7  0 -9 
177 150   1 -3  0 -9 
177 209   1 -7  0 -9 
178 151   1 -3  0 -9 
178 210   1 -7  0 -9 
179 152   1 -3  0 -9 
179 211   1 -7  0 -9 
180 153   1 -3  0 -9 
180 212   1 -7  0 -9 
181 154   1 -3  0 -9 
181 208   1 -6  0 -9 
181 225  -1 -5  0 -9 
182 155   1 -3  0 -9 
182 209   1 -6  0 -9 
182 226  -1 -5  0 -9 
183 156   1 -3  0 -9 
183 210   1 -6  0 -9 
183 227  -1 -5  0 -9 
184 157   1 -3  0 -9 
184 211   1 -6  0 -9 
184 228  -1 -5  0 -9 
185 158   1 -3  0 -9 
185 212   1 -6  0 -9 
185 229  -1 -5  0 -9 
186 159   1 -3  0 -9 
186 210   1 -6  0 -9 
186 230  -1 -5  0 -9 
187 160   1 -3  0 -9 
187 217   1 -6  0 -9 
187 231  -1 -5  0 -9 
188 161   1 -3  0 -9 
188 218   1 -6  0 -9 
188 232  -1 -5  0 -9 
189 162   1 -3  0 -9 
189 219   1 -6  0 -9 
189 233  -1 -5  0 -9 
190 163   1 -3  0 -9 
190 220   1 -6  0 -9 
190 234  -1 -5  0 -9 
191 164   1 -3  0 -9 
191 221   1 -6  0 -9 
191 235  -1 -5  0 -9 
192 165   1 -3  0 -9 
192 222   1 -6  0 -9 
192 236  -1 -5  0 -9 
193 140  -1 -1  0 -9 
193 143   1 -2  0 -9 
193 167   1 -2  0 -9 
193 170  -1 -1  0 -9 
193 193   1  0  0 -9 
194 142  -1 -1  0 -9 
194 144   1 -2  0 -9 
194 169   1 -2  0 -9 
194 171  -1 -1  0 -9 
194 194   1  0  0 -9 
195 149  -1 -1  0 -9 
195 154   1 -2  0 -9 
195 176   1 -2  0 -9 
195 181  -1 -1  0 -9 
195 195   1  0  0 -9 
195 208  -1 -3  0 -9 
195 225   1 -2  0 -9 
196 150  -1 -1  0 -9 
196 155   1 -2  0 -9 
196 177   1 -2  0 -9 
196 182  -1 -1  0 -9 
196 196   1  0  0 -9 
196 209  -1 -3  0 -9 
196 226   1 -2  0 -9 
197 151  -1 -1  0 -9 
197 156   1 -2  0 -9 
197 178   1 -2  0 -9 
197 183  -1 -1  0 -9 
197 197   1  0  0 -9 
197 210  -1 -3  0 -9 
197 227   1 -2  0 -9 
198 152  -1 -1  0 -9 
198 157   1 -2  0 -9 
198 179   1 -2  0 -9 
198 184  -1 -1  0 -9 
198 198   1  0  0 -9 
198 211  -1 -3  0 -9 
198 228   1 -2  0 -9 
199 153  -1 -1  0 -9 
199 158   1 -2  0 -9 
199 180   1 -2  0 -9 
199 185  -1 -1  0 -9 
199 199   1  0  0 -9 
199 212  -1 -3  0 -9 
199 229   1 -2  0 -9 
200 151  -1 -1  0 -9 
200 159   1 -2  0 -9 
200 178   1 -2  0 -9 
200 186  -1 -1  0 -9 
200 200   1  0  0 -9 
200 210  -1 -3  0 -9 
200 230   1 -2  0 -9 
201 156  -1 -1  0 -9 
201 157   1 -2  0 -9 
201 183   1 -2  0 -9 
201 184  -1 -1  0 -9 
201 201   1  0  0 -9 
201 210  -1 -4  0 -9 
201 211   1 -5  0 -9 
201 228  -1 -4  0 -9 
201 230   1 -3  0 -9 
202 161  -1 -1  0 -9 
202 164   1 -2  0 -9 
202 188   1 -2  0 -9 
202 191  -1 -1  0 -9 
202 202   1  0  0 -9 
202 218  -1 -4  0 -9 
202 221   1 -5  0 -9 
202 235  -1 -4  0 -9 
202 237   1 -3  0 -9 
203 163  -1 -1  0 -9 
203 165   1 -2  0 -9 
203 190   1 -2  0 -9 
203 192  -1 -1  0 -9 
203 203   1  0  0 -9 
203 220  -1 -4  0 -9 
203 222   1 -5  0 -9 
203 236  -1 -4  0 -9 
203 238   1 -3  0 -9 
204 204   1 -8  0 -9 
205 205   1 -8  0 -9 
206 206   1 -8  0 -9 
207 207   1 -8  0 -9 
208 208   1 -8  0 -9 
209 209   1 -8  0 -9 
210 210   1 -8  0 -9 
211 211   1 -8  0 -9 
212 212   1 -8  0 -9 
213 213   1 -8  0 -9 
214 214   1 -8  0 -9 
215 215   1 -8  0 -9 
216 216   1 -8  0 -9 
217 217   1 -8  0 -9 
218 218   1 -8  0 -9 
219 219   1 -8  0 -9 
220 220   1 -8  0 -9 
221 221   1 -8  0 -9 
222 222   1 -8  0 -9 
223 223   1 -8  0 -9 
224 224   1 -8  0 -9 
225 208   1 -7  0 -9 
225 225  -1 -6  0 -9 
226 209   1 -7  0 -9 
226 226  -1 -6  0 -9 
227 210   1 -7  0 -9 
227 227  -1 -6  0 -9 
228 211   1 -7  0 -9 
228 228  -1 -6  0 -9 
229 212   1 -7  0 -9 
229 229  -1 -6  0 -9 
230 210   1 -7  0 -9 
230 230  -1 -6  0 -9 
231 217   1 -7  0 -9 
231 231  -1 -6  0 -9 
232 218   1 -7  0 -9 
232 232  -1 -6  0 -9 
233 219   1 -7  0 -9 
233 233  -1 -6  0 -9 
234 220   1 -7  0 -9 
234 234  -1 -6  0 -9 
235 221   1 -7  0 -9 
235 235  -1 -6  0 -9 
236 222   1 -7  0 -9 
236 236  -1 -6  0 -9 
237 218   1 -7  0 -9 
237 237  -1 -6  0 -9 
238 220   1 -7  0 -9 
238 238  -1 -6  0 -9 
239 224   1 -7  0 -9 
239 239  -1 -6  0 -9 
9999 9999
