 0  0   1 -8  0 -9 
 1  1   1 -8  0 -9 
 2  2   1 -8  0 -9 
 3  2   1 -7  0 -9 
 3  3  -1 -6  0 -9 
 4  4   1 -8  0 -9 
 5  1   1 -7  0 -9 
 5  4   1 -7  0 -9 
 5  5  -1 -6  0 -9 
 6  6   1 -8  0 -9 
 7  7   1 -8  0 -9 
 8  7   1 -7  0 -9 
 8  8  -1 -6  0 -9 
 9  9   1 -8  0 -9 
10 10   1 -8  0 -9 
11 10   1 -7  0 -9 
11 11  -1 -6  0 -9 
12 12   1 -8  0 -9 
13 13   1 -8  0 -9 
14 13   1 -7  0 -9 
14 14  -1 -6  0 -9 
15 15   1 -8  0 -9 
16 15   1 -7  0 -9 
16 16  -1 -6  0 -9 
17 17   1 -8  0 -9 
18 17   1 -7  0 -9 
18 18  -1 -6  0 -9 
19 15   1 -6  0 -9 
19 16  -1 -5  0 -9 
19 18  -1 -4  0 -9 
19 20   1 -3  0 -9 
20 16  -1 -4  0 -9 
20 17   1 -6  0 -9 
20 18  -1 -5  0 -9 
20 19   1 -3  0 -9 
21 21   1 -8  0 -9 
22 22   1 -8  0 -9 
23 21   1 -7  0 -9 
23 22   1 -7  0 -9 
23 23  -1 -6  0 -9 
24 24   1 -8  0 -9 
25 24   1 -7  0 -9 
25 25  -1 -6  0 -9 
26 26   1 -8  0 -9 
27 26   1 -7  0 -9 
27 27  -1 -6  0 -9 
28 28   1 -8  0 -9 
29 28   1 -7  0 -9 
29 29  -1 -6  0 -9 
30 14  -1 -4  0 -9 
30 26   1 -6  0 -9 
30 27  -1 -5  0 -9 
30 29  -1 -4  0 -9 
30 31   1 -3  0 -9 
31 13   1 -6  0 -9 
31 14  -1 -5  0 -9 
31 27  -1 -4  0 -9 
31 28   1 -6  0 -9 
31 29  -1 -5  0 -9 
31 30   1 -3  0 -9 
32 32   1 -8  0 -9 
33 28   1 -7  0 -9 
33 32   1 -7  0 -9 
33 33  -1 -6  0 -9 
34 28   1 -6  0 -9 
34 29  -1 -5  0 -9 
34 32   1 -6  0 -9 
34 33  -1 -5  0 -9 
34 35   1 -3  0 -9 
35 28   1 -5  0 -9 
35 29  -1 -4  0 -9 
35 33  -1 -4  0 -9 
35 34   1 -3  0 -9 
9999 9999
