 0  0   1 -8  0 -9 
 1  1   1 -8  0 -9 
 2  1   1 -7  0 -9 
 2  2  -1 -6  0 -9 
 3  3   1 -8  0 -9 
 4  0   1 -7  0 -9 
 4  3   1 -7  0 -9 
 4  4  -1 -6  0 -9 
 5  5   1 -8  0 -9 
 6  5   1 -7  0 -9 
 6  6  -1 -6  0 -9 
 7  3   1 -7  0 -9 
 7  7  -1 -6  0 -9 
 8  8   1 -8  0 -9 
 9  9   1 -8  0 -9 
10  9   1 -7  0 -9 
10 10  -1 -6  0 -9 
11 11   1 -8  0 -9 
12 11   1 -7  0 -9 
12 12  -1 -6  0 -9 
13 13   1 -8  0 -9 
14 13   1 -7  0 -9 
14 14  -1 -6  0 -9 
15 11   1 -6  0 -9 
15 12  -1 -5  0 -9 
15 14  -1 -4  0 -9 
15 16   1 -3  0 -9 
16 12  -1 -4  0 -9 
16 13   1 -6  0 -9 
16 14  -1 -5  0 -9 
16 15   1 -3  0 -9 
17 17   1 -8  0 -9 
18  8   1 -7  0 -9 
18 17   1 -7  0 -9 
18 18  -1 -6  0 -9 
19 19   1 -8  0 -9 
20 11   1 -7  0 -9 
20 19   1 -7  0 -9 
20 20  -1 -6  0 -9 
21 11   1 -5  0 -9 
21 12  -1 -4  0 -9 
21 20  -1 -4  0 -9 
21 22   1 -3  0 -9 
22 11   1 -6  0 -9 
22 12  -1 -5  0 -9 
22 19   1 -6  0 -9 
22 20  -1 -5  0 -9 
22 21   1 -3  0 -9 
23 23   1 -8  0 -9 
24 24   1 -8  0 -9 
25 24   1 -7  0 -9 
25 25  -1 -6  0 -9 
26 26   1 -8  0 -9 
27 26   1 -7  0 -9 
27 27  -1 -6  0 -9 
28 28   1 -8  0 -9 
29 28   1 -7  0 -9 
29 29  -1 -6  0 -9 
30 26   1 -6  0 -9 
30 27  -1 -5  0 -9 
30 29  -1 -4  0 -9 
30 31   1 -3  0 -9 
31 27  -1 -4  0 -9 
31 28   1 -6  0 -9 
31 29  -1 -5  0 -9 
31 30   1 -3  0 -9 
32 32   1 -8  0 -9 
33 32   1 -7  0 -9 
33 33  -1 -6  0 -9 
34 17   1 -7  0 -9 
34 34  -1 -6  0 -9 
35 35   1 -8  0 -9 
36 35   1 -7  0 -9 
36 36  -1 -6  0 -9 
37 11   1 -6  0 -9 
37 12  -1 -5  0 -9 
37 36  -1 -4  0 -9 
37 38   1 -3  0 -9 
38 12  -1 -4  0 -9 
38 35   1 -6  0 -9 
38 36  -1 -5  0 -9 
38 37   1 -3  0 -9 
39 19   1 -7  0 -9 
39 39  -1 -6  0 -9 
40 12  -1 -3  0 -9 
40 19  -1 -4  0 -9 
40 21  -1 -1  0 -9 
40 22   1 -2  0 -9 
40 35   1 -5  0 -9 
40 36  -1 -4  0 -9 
40 37   1 -2  0 -9 
40 38  -1 -1  0 -9 
40 39   1 -3  0 -9 
40 40   1  0  0 -9 
41 41   1 -8  0 -9 
42 23   1 -7  0 -9 
42 41   1 -7  0 -9 
42 42  -1 -6  0 -9 
43 43   1 -8  0 -9 
44 26   1 -7  0 -9 
44 43   1 -7  0 -9 
44 44  -1 -6  0 -9 
45 26   1 -5  0 -9 
45 27  -1 -4  0 -9 
45 44  -1 -4  0 -9 
45 46   1 -3  0 -9 
46 26   1 -6  0 -9 
46 27  -1 -5  0 -9 
46 43   1 -6  0 -9 
46 44  -1 -5  0 -9 
46 45   1 -3  0 -9 
47 47   1 -8  0 -9 
48 47   1 -7  0 -9 
48 48  -1 -6  0 -9 
49 41   1 -7  0 -9 
49 49  -1 -6  0 -9 
50 50   1 -8  0 -9 
51 50   1 -7  0 -9 
51 51  -1 -6  0 -9 
52 51  -1 -4  0 -9 
52 53   1 -3  0 -9 
53 50   1 -6  0 -9 
53 51  -1 -5  0 -9 
53 52   1 -3  0 -9 
54 43   1 -7  0 -9 
54 54  -1 -6  0 -9 
55 27  -1 -3  0 -9 
55 28   1 -5  0 -9 
55 29  -1 -4  0 -9 
55 30   1 -2  0 -9 
55 31  -1 -1  0 -9 
55 43  -1 -4  0 -9 
55 45  -1 -1  0 -9 
55 46   1 -2  0 -9 
55 50   1 -5  0 -9 
55 51  -1 -4  0 -9 
55 52   1 -2  0 -9 
55 53  -1 -1  0 -9 
55 54   1 -3  0 -9 
55 55   1  0  0 -9 
56 56   1 -8  0 -9 
57 57   1 -8  0 -9 
58 56   1 -7  0 -9 
58 57   1 -7  0 -9 
58 58  -1 -6  0 -9 
59 59   1 -8  0 -9 
60 59   1 -7  0 -9 
60 60  -1 -6  0 -9 
61 61   1 -8  0 -9 
62 61   1 -7  0 -9 
62 62  -1 -6  0 -9 
63 59   1 -6  0 -9 
63 60  -1 -5  0 -9 
63 62  -1 -4  0 -9 
63 64   1 -3  0 -9 
64 60  -1 -4  0 -9 
64 61   1 -6  0 -9 
64 62  -1 -5  0 -9 
64 63   1 -3  0 -9 
65 65   1 -8  0 -9 
66 57   1 -7  0 -9 
66 59   1 -7  0 -9 
66 65   1 -7  0 -9 
66 66  -1 -6  0 -9 
67 59   1 -5  0 -9 
67 60  -1 -4  0 -9 
67 66  -1 -4  0 -9 
67 68   1 -3  0 -9 
68 57   1 -6  0 -9 
68 59   1 -6  0 -9 
68 60  -1 -5  0 -9 
68 65   1 -6  0 -9 
68 66  -1 -5  0 -9 
68 67   1 -3  0 -9 
69 69   1 -8  0 -9 
70 69   1 -7  0 -9 
70 70  -1 -6  0 -9 
71 69   1 -7  0 -9 
71 71  -1 -6  0 -9 
72 69   1 -6  0 -9 
72 70  -1 -5  0 -9 
72 71  -1 -5  0 -9 
72 73   1 -3  0 -9 
73 69   1 -5  0 -9 
73 70  -1 -4  0 -9 
73 71  -1 -4  0 -9 
73 72   1 -3  0 -9 
74 65  -1 -4  0 -9 
74 69   1 -5  0 -9 
74 70  -1 -4  0 -9 
74 71  -1 -4  0 -9 
74 75   1 -3  0 -9 
75 65   1 -7  0 -9 
75 69   1 -6  0 -9 
75 70  -1 -5  0 -9 
75 71  -1 -5  0 -9 
75 74   1 -3  0 -9 
76 65  -1 -3  0 -9 
76 69   1 -4  0 -9 
76 70  -1 -3  0 -9 
76 71  -1 -3  0 -9 
76 72   1 -2  0 -9 
76 73  -1 -1  0 -9 
76 74  -1 -1  0 -9 
76 75   1 -2  0 -9 
76 76   1  0  0 -9 
77 77   1 -8  0 -9 
78 77   1 -7  0 -9 
78 78  -1 -6  0 -9 
79 57   1 -7  0 -9 
79 79  -1 -6  0 -9 
80 80   1 -8  0 -9 
81 80   1 -7  0 -9 
81 81  -1 -6  0 -9 
82 82   1 -8  0 -9 
83 82   1 -7  0 -9 
83 83  -1 -6  0 -9 
84 80   1 -6  0 -9 
84 81  -1 -5  0 -9 
84 83  -1 -4  0 -9 
84 85   1 -3  0 -9 
85 81  -1 -4  0 -9 
85 82   1 -6  0 -9 
85 83  -1 -5  0 -9 
85 84   1 -3  0 -9 
86 86   1 -8  0 -9 
87 86   1 -7  0 -9 
87 87  -1 -6  0 -9 
88 59   1 -6  0 -9 
88 60  -1 -5  0 -9 
88 87  -1 -4  0 -9 
88 89   1 -3  0 -9 
89 60  -1 -4  0 -9 
89 86   1 -6  0 -9 
89 87  -1 -5  0 -9 
89 88   1 -3  0 -9 
90 65   1 -7  0 -9 
90 90  -1 -6  0 -9 
91 57  -1 -4  0 -9 
91 60  -1 -3  0 -9 
91 65  -1 -4  0 -9 
91 67  -1 -1  0 -9 
91 68   1 -2  0 -9 
91 79   1 -3  0 -9 
91 86   1 -5  0 -9 
91 87  -1 -4  0 -9 
91 88   1 -2  0 -9 
91 89  -1 -1  0 -9 
91 90   1 -3  0 -9 
91 91   1  0  0 -9 
92 92   1 -8  0 -9 
93 92   1 -7  0 -9 
93 93  -1 -6  0 -9 
94 92   1 -7  0 -9 
94 94  -1 -6  0 -9 
95 92   1 -6  0 -9 
95 93  -1 -5  0 -9 
95 94  -1 -5  0 -9 
95 96   1 -3  0 -9 
96 92   1 -5  0 -9 
96 93  -1 -4  0 -9 
96 94  -1 -4  0 -9 
96 95   1 -3  0 -9 
97 69   1 -6  0 -9 
97 71  -1 -5  0 -9 
97 90  -1 -4  0 -9 
97 93  -1 -4  0 -9 
97 98   1 -3  0 -9 
98 65   1 -6  0 -9 
98 71  -1 -4  0 -9 
98 90  -1 -5  0 -9 
98 92   1 -6  0 -9 
98 93  -1 -5  0 -9 
98 97   1 -3  0 -9 
99 65  -1 -3  0 -9 
99 71  -1 -3  0 -9 
99 74  -1 -1  0 -9 
99 75   1 -2  0 -9 
99 90   1 -2  0 -9 
99 92   1 -5  0 -9 
99 93  -1 -4  0 -9 
99 97   1 -2  0 -9 
99 98  -1 -1  0 -9 
99 99   1  0  0 -9 
100 65  -1 -2  0 -9 
100 73  -1  0  0 -9 
100 74  -1  0  0 -9 
100 75   1 -1  0 -9 
100 76   1  1  0 -9 
100 90   1 -1  0 -9 
100 92   1 -4  0 -9 
100 93  -1 -3  0 -9 
100 94  -1 -3  0 -9 
100 95   1 -2  0 -9 
100 96   1  1  0 -9 
100 98  -1  0  0 -9 
100 99   1  1  0 -9 
100 100  -1  2  0 -9 
101 101   1 -8  0 -9 
102 80   1 -7  0 -9 
102 101   1 -7  0 -9 
102 102  -1 -6  0 -9 
103 80   1 -5  0 -9 
103 81  -1 -4  0 -9 
103 102  -1 -4  0 -9 
103 104   1 -3  0 -9 
104 80   1 -6  0 -9 
104 81  -1 -5  0 -9 
104 101   1 -6  0 -9 
104 102  -1 -5  0 -9 
104 103   1 -3  0 -9 
105 105   1 -8  0 -9 
106 105   1 -7  0 -9 
106 106  -1 -6  0 -9 
107 106  -1 -4  0 -9 
107 108   1 -3  0 -9 
108 105   1 -6  0 -9 
108 106  -1 -5  0 -9 
108 107   1 -3  0 -9 
109 101   1 -7  0 -9 
109 109  -1 -6  0 -9 
110 81  -1 -3  0 -9 
110 82   1 -5  0 -9 
110 83  -1 -4  0 -9 
110 84   1 -2  0 -9 
110 85  -1 -1  0 -9 
110 101  -1 -4  0 -9 
110 103  -1 -1  0 -9 
110 104   1 -2  0 -9 
110 105   1 -5  0 -9 
110 106  -1 -4  0 -9 
110 107   1 -2  0 -9 
110 108  -1 -1  0 -9 
110 109   1 -3  0 -9 
110 110   1  0  0 -9 
111 111   1 -8  0 -9 
112 92   1 -5  0 -9 
112 93  -1 -4  0 -9 
112 94  -1 -4  0 -9 
112 111  -1 -4  0 -9 
112 113   1 -3  0 -9 
113 92   1 -6  0 -9 
113 93  -1 -5  0 -9 
113 94  -1 -5  0 -9 
113 111   1 -7  0 -9 
113 112   1 -3  0 -9 
114 92   1 -4  0 -9 
114 93  -1 -3  0 -9 
114 94  -1 -3  0 -9 
114 95   1 -2  0 -9 
114 96  -1 -1  0 -9 
114 111  -1 -3  0 -9 
114 112  -1 -1  0 -9 
114 113   1 -2  0 -9 
114 114   1  0  0 -9 
115 111   1 -7  0 -9 
115 115  -1 -6  0 -9 
116 115  -1 -4  0 -9 
116 117   1 -3  0 -9 
117 111   1 -6  0 -9 
117 115  -1 -5  0 -9 
117 116   1 -3  0 -9 
118 92   1 -4  1 -6  0 -9 
118 93  -1 -1 -1 -3 -1 -5  0 -9 
118 94  -1 -3  0 -9 
118 95   1 -2  0 -9 
118 96  -1 -1  0 -9 
118 111  -1 -3  0 -9 
118 112  -1 -1  0 -9 
118 113   1 -2  0 -9 
118 115   1 -2  0 -9 
118 116   1 -2  0 -9 
118 117  -1 -1  0 -9 
118 118   1  0  0 -9 
119 92   1 -3  0 -9 
119 93  -1  0 -1 -2  0 -9 
119 94  -1 -2  0 -9 
119 95   1 -1  0 -9 
119 96  -1  0  0 -9 
119 111  -1 -2  0 -9 
119 112  -1  0  0 -9 
119 113   1 -1  0 -9 
119 114   1  1  0 -9 
119 115   1 -1  0 -9 
119 117  -1  0  0 -9 
119 118   1  1  0 -9 
119 119  -1  2  0 -9 
120 120   1 -8  0 -9 
121 120   1 -7  0 -9 
121 121  -1 -6  0 -9 
122 122  -1 -6  0 -9 
123 123  -1 -6  0 -9 
124 124   1 -8  0 -9 
125 125   1 -8  0 -9 
126 125   1 -7  0 -9 
126 126  -1 -6  0 -9 
127 127   1 -8  0 -9 
128 127   1 -7  0 -9 
128 128  -1 -6  0 -9 
129 129   1 -8  0 -9 
130 129   1 -7  0 -9 
130 130  -1 -6  0 -9 
131 127   1 -6  0 -9 
131 128  -1 -5  0 -9 
131 130  -1 -4  0 -9 
131 132   1 -3  0 -9 
132 128  -1 -4  0 -9 
132 129   1 -6  0 -9 
132 130  -1 -5  0 -9 
132 131   1 -3  0 -9 
133 133   1 -8  0 -9 
134 133   1 -7  0 -9 
134 134  -1 -6  0 -9 
135 135  -1 -6  0 -9 
136 136   1 -8  0 -9 
137 136   1 -7  0 -9 
137 137  -1 -6  0 -9 
138 137  -1 -4  0 -9 
138 139   1 -3  0 -9 
139 136   1 -6  0 -9 
139 137  -1 -5  0 -9 
139 138   1 -3  0 -9 
140 140  -1 -6  0 -9 
141 136   1 -5  0 -9 
141 137  -1 -4  0 -9 
141 138   1 -2  0 -9 
141 139  -1 -1  0 -9 
141 140   1 -3  0 -9 
141 141   1  0  0 -9 
142 142   1 -8  0 -9 
143 142   1 -7  0 -9 
143 143  -1 -6  0 -9 
144 144  -1 -6  0 -9 
145 145   1 -8  0 -9 
146 145   1 -7  0 -9 
146 146  -1 -6  0 -9 
147 146  -1 -4  0 -9 
147 148   1 -3  0 -9 
148 145   1 -6  0 -9 
148 146  -1 -5  0 -9 
148 147   1 -3  0 -9 
149 149  -1 -6  0 -9 
150 145   1 -5  0 -9 
150 146  -1 -4  0 -9 
150 147   1 -2  0 -9 
150 148  -1 -1  0 -9 
150 149   1 -3  0 -9 
150 150   1  0  0 -9 
151 151  -1 -6  0 -9 
152 152  -1 -6  0 -9 
153 50   1 -5  0 -9 
153 51  -1 -4  0 -9 
153 52   1 -2  0 -9 
153 53  -1 -1  0 -9 
153 152   1 -3  0 -9 
153 153   1  0  0 -9 
154 154   1 -8  0 -9 
155 154   1 -7  0 -9 
155 155  -1 -6  0 -9 
156 156  -1 -6  0 -9 
157 157   1 -8  0 -9 
158 157   1 -7  0 -9 
158 158  -1 -6  0 -9 
159 159   1 -8  0 -9 
160 159   1 -7  0 -9 
160 160  -1 -6  0 -9 
161 157   1 -6  0 -9 
161 158  -1 -5  0 -9 
161 160  -1 -4  0 -9 
161 162   1 -3  0 -9 
162 158  -1 -4  0 -9 
162 159   1 -6  0 -9 
162 160  -1 -5  0 -9 
162 161   1 -3  0 -9 
163 163   1 -8  0 -9 
164 163   1 -7  0 -9 
164 164  -1 -6  0 -9 
165 164  -1 -4  0 -9 
165 166   1 -3  0 -9 
166 163   1 -6  0 -9 
166 164  -1 -5  0 -9 
166 165   1 -3  0 -9 
167 167  -1 -6  0 -9 
168 156   1 -3  0 -9 
168 163   1 -5  0 -9 
168 164  -1 -4  0 -9 
168 165   1 -2  0 -9 
168 166  -1 -1  0 -9 
168 167   1 -3  0 -9 
168 168   1  0  0 -9 
169 169   1 -8  0 -9 
170 169   1 -7  0 -9 
170 170  -1 -6  0 -9 
171 169   1 -7  0 -9 
171 171  -1 -6  0 -9 
172 169   1 -6  0 -9 
172 170  -1 -5  0 -9 
172 171  -1 -5  0 -9 
172 173   1 -3  0 -9 
173 169   1 -5  0 -9 
173 170  -1 -4  0 -9 
173 171  -1 -4  0 -9 
173 172   1 -3  0 -9 
174 167  -1 -4  0 -9 
174 170  -1 -4  0 -9 
174 175   1 -3  0 -9 
175 167  -1 -5  0 -9 
175 169   1 -6  0 -9 
175 170  -1 -5  0 -9 
175 174   1 -3  0 -9 
176 167   1 -2  0 -9 
176 169   1 -5  0 -9 
176 170  -1 -4  0 -9 
176 174   1 -2  0 -9 
176 175  -1 -1  0 -9 
176 176   1  0  0 -9 
177 167   1 -1  0 -9 
177 169   1 -4  0 -9 
177 170  -1 -3  0 -9 
177 171  -1 -3  0 -9 
177 172   1 -2  0 -9 
177 173   1  1  0 -9 
177 175  -1  0  0 -9 
177 176   1  1  0 -9 
177 177  -1  2  0 -9 
178 178   1 -8  0 -9 
179 178   1 -7  0 -9 
179 179  -1 -6  0 -9 
180 179  -1 -4  0 -9 
180 181   1 -3  0 -9 
181 178   1 -6  0 -9 
181 179  -1 -5  0 -9 
181 180   1 -3  0 -9 
182 182  -1 -6  0 -9 
183 178   1 -5  0 -9 
183 179  -1 -4  0 -9 
183 180   1 -2  0 -9 
183 181  -1 -1  0 -9 
183 182   1 -3  0 -9 
183 183   1  0  0 -9 
184 184  -1 -6  0 -9 
185 105   1 -5  0 -9 
185 106  -1 -4  0 -9 
185 107   1 -2  0 -9 
185 108  -1 -1  0 -9 
185 184   1 -3  0 -9 
185 185   1  0  0 -9 
186 186  -1 -6  0 -9 
187 93  -1 -4  0 -9 
187 186  -1 -4  0 -9 
187 188   1 -3  0 -9 
188 92   1 -6  0 -9 
188 93  -1 -5  0 -9 
188 186  -1 -5  0 -9 
188 187   1 -3  0 -9 
189 92   1 -5  0 -9 
189 93  -1 -4  0 -9 
189 186   1 -2  0 -9 
189 187   1 -2  0 -9 
189 188  -1 -1  0 -9 
189 189   1  0  0 -9 
190 92   1 -4  0 -9 
190 93  -1 -3  0 -9 
190 94  -1 -3  0 -9 
190 95   1 -2  0 -9 
190 96   1  1  0 -9 
190 186   1 -1  0 -9 
190 188  -1  0  0 -9 
190 189   1  1  0 -9 
190 190  -1  2  0 -9 
191 111   1 -5  0 -9 
191 115  -1 -4  0 -9 
191 116   1 -2  0 -9 
191 117  -1 -1  0 -9 
191 186   1 -3  0 -9 
191 191   1  0  0 -9 
192 192   1 -8  0 -9 
193 124   1 -7  0 -9 
193 192   1 -7  0 -9 
193 193  -1 -6  0 -9 
194 194   1 -8  0 -9 
195 127   1 -7  0 -9 
195 194   1 -7  0 -9 
195 195  -1 -6  0 -9 
196 127   1 -5  0 -9 
196 128  -1 -4  0 -9 
196 195  -1 -4  0 -9 
196 197   1 -3  0 -9 
197 127   1 -6  0 -9 
197 128  -1 -5  0 -9 
197 194   1 -6  0 -9 
197 195  -1 -5  0 -9 
197 196   1 -3  0 -9 
198 198   1 -8  0 -9 
199 198   1 -7  0 -9 
199 199  -1 -6  0 -9 
200 192   1 -7  0 -9 
200 200  -1 -6  0 -9 
201 201   1 -8  0 -9 
202 201   1 -7  0 -9 
202 202  -1 -6  0 -9 
203 202  -1 -4  0 -9 
203 204   1 -3  0 -9 
204 201   1 -6  0 -9 
204 202  -1 -5  0 -9 
204 203   1 -3  0 -9 
205 194   1 -7  0 -9 
205 205  -1 -6  0 -9 
206 128  -1 -3  0 -9 
206 129   1 -5  0 -9 
206 130  -1 -4  0 -9 
206 131   1 -2  0 -9 
206 132  -1 -1  0 -9 
206 194  -1 -4  0 -9 
206 196  -1 -1  0 -9 
206 197   1 -2  0 -9 
206 201   1 -5  0 -9 
206 202  -1 -4  0 -9 
206 203   1 -2  0 -9 
206 204  -1 -1  0 -9 
206 205   1 -3  0 -9 
206 206   1  0  0 -9 
207 207   1 -8  0 -9 
208 207   1 -7  0 -9 
208 208  -1 -6  0 -9 
209 209  -1 -6  0 -9 
210 210   1 -8  0 -9 
211 210   1 -7  0 -9 
211 211  -1 -6  0 -9 
212 211  -1 -4  0 -9 
212 213   1 -3  0 -9 
213 210   1 -6  0 -9 
213 211  -1 -5  0 -9 
213 212   1 -3  0 -9 
214 214  -1 -6  0 -9 
215 210   1 -5  0 -9 
215 211  -1 -4  0 -9 
215 212   1 -2  0 -9 
215 213  -1 -1  0 -9 
215 214   1 -3  0 -9 
215 215   1  0  0 -9 
216 216  -1 -6  0 -9 
217 217  -1 -6  0 -9 
218 201   1 -5  0 -9 
218 202  -1 -4  0 -9 
218 203   1 -2  0 -9 
218 204  -1 -1  0 -9 
218 217   1 -3  0 -9 
218 218   1  0  0 -9 
219 219   1 -8  0 -9 
220 219   1 -7  0 -9 
220 220  -1 -6  0 -9 
221 221   1 -8  0 -9 
222 157   1 -7  0 -9 
222 221   1 -7  0 -9 
222 222  -1 -6  0 -9 
223 157   1 -5  0 -9 
223 158  -1 -4  0 -9 
223 222  -1 -4  0 -9 
223 224   1 -3  0 -9 
224 157   1 -6  0 -9 
224 158  -1 -5  0 -9 
224 221   1 -6  0 -9 
224 222  -1 -5  0 -9 
224 223   1 -3  0 -9 
225 225   1 -8  0 -9 
226 225   1 -7  0 -9 
226 226  -1 -6  0 -9 
227 226  -1 -4  0 -9 
227 228   1 -3  0 -9 
228 225   1 -6  0 -9 
228 226  -1 -5  0 -9 
228 227   1 -3  0 -9 
229 221   1 -7  0 -9 
229 229  -1 -6  0 -9 
230 158  -1 -3  0 -9 
230 159   1 -5  0 -9 
230 160  -1 -4  0 -9 
230 161   1 -2  0 -9 
230 162  -1 -1  0 -9 
230 221  -1 -4  0 -9 
230 223  -1 -1  0 -9 
230 224   1 -2  0 -9 
230 225   1 -5  0 -9 
230 226  -1 -4  0 -9 
230 227   1 -2  0 -9 
230 228  -1 -1  0 -9 
230 229   1 -3  0 -9 
230 230   1  0  0 -9 
231 231   1 -8  0 -9 
232 169   1 -5  0 -9 
232 170  -1 -4  0 -9 
232 171  -1 -4  0 -9 
232 231  -1 -4  0 -9 
232 233   1 -3  0 -9 
233 169   1 -6  0 -9 
233 170  -1 -5  0 -9 
233 171  -1 -5  0 -9 
233 231   1 -7  0 -9 
233 232   1 -3  0 -9 
234 169   1 -4  0 -9 
234 170  -1 -3  0 -9 
234 171  -1 -3  0 -9 
234 172   1 -2  0 -9 
234 173  -1 -1  0 -9 
234 231  -1 -3  0 -9 
234 232  -1 -1  0 -9 
234 233   1 -2  0 -9 
234 234   1  0  0 -9 
235 231   1 -7  0 -9 
235 235  -1 -6  0 -9 
236 235  -1 -4  0 -9 
236 237   1 -3  0 -9 
237 231   1 -6  0 -9 
237 235  -1 -5  0 -9 
237 236   1 -3  0 -9 
238 169   1 -4  1 -6  0 -9 
238 170  -1 -1 -1 -3 -1 -5  0 -9 
238 171  -1 -3  0 -9 
238 172   1 -2  0 -9 
238 173  -1 -1  0 -9 
238 231  -1 -3  0 -9 
238 232  -1 -1  0 -9 
238 233   1 -2  0 -9 
238 235   1 -2  0 -9 
238 236   1 -2  0 -9 
238 237  -1 -1  0 -9 
238 238   1  0  0 -9 
239 169   1 -3  0 -9 
239 170  -1  0 -1 -2  0 -9 
239 171  -1 -2  0 -9 
239 172   1 -1  0 -9 
239 173  -1  0  0 -9 
239 231  -1 -2  0 -9 
239 232  -1  0  0 -9 
239 233   1 -1  0 -9 
239 234   1  1  0 -9 
239 235   1 -1  0 -9 
239 237  -1  0  0 -9 
239 238   1  1  0 -9 
239 239  -1  2  0 -9 
240 240  -1 -6  0 -9 
241 241   1 -8  0 -9 
242 241   1 -7  0 -9 
242 242  -1 -6  0 -9 
243 242  -1 -4  0 -9 
243 244   1 -3  0 -9 
244 241   1 -6  0 -9 
244 242  -1 -5  0 -9 
244 243   1 -3  0 -9 
245 245  -1 -6  0 -9 
246 241   1 -5  0 -9 
246 242  -1 -4  0 -9 
246 243   1 -2  0 -9 
246 244  -1 -1  0 -9 
246 245   1 -3  0 -9 
246 246   1  0  0 -9 
247 247  -1 -6  0 -9 
248 225   1 -5  0 -9 
248 226  -1 -4  0 -9 
248 227   1 -2  0 -9 
248 228  -1 -1  0 -9 
248 247   1 -3  0 -9 
248 248   1  0  0 -9 
249 249  -1 -6  0 -9 
250 249  -1 -4  0 -9 
250 251   1 -3  0 -9 
251 249  -1 -5  0 -9 
251 250   1 -3  0 -9 
252 249   1 -2  0 -9 
252 250   1 -2  0 -9 
252 251  -1 -1  0 -9 
252 252   1  0  0 -9 
253 249   1 -1  0 -9 
253 251  -1  0  0 -9 
253 252   1  1  0 -9 
253 253  -1  2  0 -9 
254 167   1 -3  0 -9 
254 231   1 -5  0 -9 
254 235  -1 -4  0 -9 
254 236   1 -2  0 -9 
254 237  -1 -1  0 -9 
254 249   1 -3  0 -9 
254 254   1  0  0 -9 
9999 9999
