 0  0   1  0  0 -9 
 0 15  -1 -1  0 -9 
 0 48   1 -2  0 -9 
 0 84  -1 -3  0 -9 
 1  1   1  0  0 -9 
 1 148  -1 -1  0 -9 
 1 168   1 -2  0 -9 
 1 189  -1 -3  0 -9 
 2  2   1  0  0 -9 
 2 149  -1 -1  0 -9 
 2 169   1 -2  0 -9 
 2 190  -1 -3  0 -9 
 3  0   1  1  0 -9 
 3  1   1  1  0 -9 
 3  3  -1  2  0 -9 
 3 15  -1  0  0 -9 
 3 18   1  1  0 -9 
 3 51   1 -2  0 -9 
 3 148  -1  0  0 -9 
 3 272  -1 -3  0 -9 
 4  2   1  1  0 -9 
 4  4  -1  2  0 -9 
 4 19   1  1  0 -9 
 4 52   1 -2  0 -9 
 4 149  -1  0  0 -9 
 4 273  -1 -3  0 -9 
 5  5  -1  2  0 -9 
 5 16  -1  0  0 -9 
 5 18  -1  0  0 -9 
 5 20   1  1  0 -9 
 5 30  -1  0  0 -9 
 5 51   1 -1  0 -9 
 5 53  -1  0  0 -9 
 5 63   1  1  0 -9 
 5 87   1 -1  0 -9 
 5 108  -1  0 -1 -2  0 -9 
 5 150  -1  0  0 -9 
 5 272  -1 -2  0 -9 
 5 274  -1 -2  0 -9 
 5 296   1 -1  0 -9 
 5 355   1 -3  0 -9 
 6  6  -1  2  0 -9 
 6 19  -1  0  0 -9 
 6 21   1  1  0 -9 
 6 31  -1  0  0 -9 
 6 52   1 -1  0 -9 
 6 54  -1  0  0 -9 
 6 64   1  1  0 -9 
 6 88   1 -1  0 -9 
 6 109  -1  0 -1 -2  0 -9 
 6 151  -1  0  0 -9 
 6 273  -1 -2  0 -9 
 6 275  -1 -2  0 -9 
 6 297   1 -1  0 -9 
 6 356   1 -3  0 -9 
 7  7  -1  2  0 -9 
 7 22   1  1  0 -9 
 7 32  -1  0  0 -9 
 7 49  -1  0  0 -9 
 7 55  -1  0  0 -9 
 7 65   1  1  0 -9 
 7 84  -1 -2  0 -9 
 7 85  -1 -2  0 -9 
 7 89   1 -1  0 -9 
 7 105   1 -1  0 -9 
 7 110  -1  0 -1 -2  0 -9 
 7 152  -1  0  0 -9 
 7 276  -1 -2  0 -9 
 7 298   1 -1  0 -9 
 7 357   1 -3  0 -9 
 8  8  -1  2  0 -9 
 8 23   1  1  0 -9 
 8 33  -1  0  0 -9 
 8 50  -1  0  0 -9 
 8 56  -1  0  0 -9 
 8 66   1  1  0 -9 
 8 86  -1 -2  0 -9 
 8 90   1 -1  0 -9 
 8 106   1 -1  0 -9 
 8 111  -1  0 -1 -2  0 -9 
 8 153  -1  0  0 -9 
 8 277  -1 -2  0 -9 
 8 299   1 -1  0 -9 
 8 358   1 -3  0 -9 
 9  9  -1  2  0 -9 
 9 24   1  1  0 -9 
 9 34  -1  0  0 -9 
 9 57  -1  0  0 -9 
 9 67   1  1  0 -9 
 9 91   1 -1  0 -9 
 9 112  -1  0 -1 -2  0 -9 
 9 154  -1  0  0 -9 
 9 278  -1 -2  0 -9 
 9 300   1 -1  0 -9 
 9 359   1 -3  0 -9 
10 10  -1  2  0 -9 
10 17  -1  0  0 -9 
10 25   1  1  0 -9 
10 35  -1  0  0 -9 
10 58  -1  0  0 -9 
10 68   1  1  0 -9 
10 92   1 -1  0 -9 
10 113  -1  0 -1 -2  0 -9 
10 155  -1  0  0 -9 
10 279  -1 -2  0 -9 
10 301   1 -1  0 -9 
10 360   1 -3  0 -9 
11  1   1  1  0 -9 
11 11  -1  2  0 -9 
11 26   1  1  0 -9 
11 59  -1  0  0 -9 
11 148  -1  0  0 -9 
11 156  -1  0  0 -9 
11 168   1 -1  0 -9 
11 170  -1  0  0 -9 
11 176   1  1  0 -9 
11 189  -1 -2  0 -9 
11 191  -1 -2  0 -9 
11 201   1 -1  0 -9 
11 213   1 -1  0 -9 
11 225  -1  0 -1 -2  0 -9 
11 284  -1 -2  0 -9 
11 308   1 -1  0 -9 
11 418   1 -3  0 -9 
12 12  -1  2  0 -9 
12 27   1  1  0 -9 
12 60  -1  0  0 -9 
12 157  -1  0  0 -9 
12 171  -1  0  0 -9 
12 172  -1  0  0 -9 
12 177   1  1  0 -9 
12 190  -1 -2  0 -9 
12 192  -1 -2  0 -9 
12 193  -1 -2  0 -9 
12 202   1 -1  0 -9 
12 214   1 -1  0 -9 
12 215   1 -1  0 -9 
12 226  -1  0 -1 -2  0 -9 
12 285  -1 -2  0 -9 
12 309   1 -1  0 -9 
12 419   1 -3  0 -9 
13 13  -1  2  0 -9 
13 28   1  1  0 -9 
13 61  -1  0  0 -9 
13 158  -1  0  0 -9 
13 173  -1  0  0 -9 
13 174  -1  0  0 -9 
13 178   1  1  0 -9 
13 194  -1 -2  0 -9 
13 195  -1 -2  0 -9 
13 203   1 -1  0 -9 
13 216   1 -1  0 -9 
13 217   1 -1  0 -9 
13 227  -1  0 -1 -2  0 -9 
13 286  -1 -2  0 -9 
13 310   1 -1  0 -9 
13 420   1 -3  0 -9 
14 14  -1  2  0 -9 
14 29   1  1  0 -9 
14 62  -1  0  0 -9 
14 159  -1  0  0 -9 
14 175  -1  0  0 -9 
14 179   1  1  0 -9 
14 196  -1 -2  0 -9 
14 204   1 -1  0 -9 
14 218   1 -1  0 -9 
14 228  -1  0 -1 -2  0 -9 
14 287  -1 -2  0 -9 
14 311   1 -1  0 -9 
14 421   1 -3  0 -9 
15 48   1 -3  0 -9 
15 84  -1 -4  0 -9 
16 49   1 -3  0 -9 
16 105  -1 -4  0 -9 
17 50   1 -3  0 -9 
17 106  -1 -4  0 -9 
18 51   1 -3  0 -9 
18 272  -1 -4  0 -9 
19 52   1 -3  0 -9 
19 273  -1 -4  0 -9 
20 16  -1 -1  0 -9 
20 18  -1 -1  0 -9 
20 20   1  0  0 -9 
20 30  -1 -1  0 -9 
20 49   1 -2  0 -9 
20 51   1 -2  0 -9 
20 53  -1 -1  0 -9 
20 87   1 -2  0 -9 
20 105  -1 -3  0 -9 
20 108  -1 -3  0 -9 
20 150  -1 -1  0 -9 
20 170   1 -2  0 -9 
20 213  -1 -3  0 -9 
20 272  -1 -3  0 -9 
20 274  -1 -3  0 -9 
20 296   1 -2  0 -9 
20 355   1 -4  0 -9 
21 19  -1 -1  0 -9 
21 21   1  0  0 -9 
21 31  -1 -1  0 -9 
21 52   1 -2  0 -9 
21 54  -1 -1  0 -9 
21 88   1 -2  0 -9 
21 109  -1 -3  0 -9 
21 151  -1 -1  0 -9 
21 171   1 -2  0 -9 
21 214  -1 -3  0 -9 
21 273  -1 -3  0 -9 
21 275  -1 -3  0 -9 
21 297   1 -2  0 -9 
21 356   1 -4  0 -9 
22 22   1  0  0 -9 
22 32  -1 -1  0 -9 
22 55  -1 -1  0 -9 
22 84  -1 -3  0 -9 
22 85  -1 -3  0 -9 
22 89   1 -2  0 -9 
22 110  -1 -3  0 -9 
22 152  -1 -1  0 -9 
22 172   1 -2  0 -9 
22 215  -1 -3  0 -9 
22 276  -1 -3  0 -9 
22 298   1 -2  0 -9 
22 357   1 -4  0 -9 
23 23   1  0  0 -9 
23 33  -1 -1  0 -9 
23 56  -1 -1  0 -9 
23 86  -1 -3  0 -9 
23 90   1 -2  0 -9 
23 111  -1 -3  0 -9 
23 153  -1 -1  0 -9 
23 173   1 -2  0 -9 
23 216  -1 -3  0 -9 
23 277  -1 -3  0 -9 
23 299   1 -2  0 -9 
23 358   1 -4  0 -9 
24 24   1  0  0 -9 
24 34  -1 -1  0 -9 
24 57  -1 -1  0 -9 
24 91   1 -2  0 -9 
24 112  -1 -3  0 -9 
24 154  -1 -1  0 -9 
24 174   1 -2  0 -9 
24 217  -1 -3  0 -9 
24 278  -1 -3  0 -9 
24 300   1 -2  0 -9 
24 359   1 -4  0 -9 
25 17  -1 -1  0 -9 
25 25   1  0  0 -9 
25 35  -1 -1  0 -9 
25 50   1 -2  0 -9 
25 58  -1 -1  0 -9 
25 92   1 -2  0 -9 
25 106  -1 -3  0 -9 
25 113  -1 -3  0 -9 
25 155  -1 -1  0 -9 
25 175   1 -2  0 -9 
25 218  -1 -3  0 -9 
25 279  -1 -3  0 -9 
25 301   1 -2  0 -9 
25 360   1 -4  0 -9 
26 26   1  0  0 -9 
26 59  -1 -1  0 -9 
26 156  -1 -1  0 -9 
26 191  -1 -3  0 -9 
26 201   1 -2  0 -9 
26 225  -1 -3  0 -9 
26 284  -1 -3  0 -9 
26 308   1 -2  0 -9 
26 418   1 -4  0 -9 
27 27   1  0  0 -9 
27 60  -1 -1  0 -9 
27 157  -1 -1  0 -9 
27 190  -1 -3  0 -9 
27 192  -1 -3  0 -9 
27 193  -1 -3  0 -9 
27 202   1 -2  0 -9 
27 226  -1 -3  0 -9 
27 285  -1 -3  0 -9 
27 309   1 -2  0 -9 
27 419   1 -4  0 -9 
28 28   1  0  0 -9 
28 61  -1 -1  0 -9 
28 158  -1 -1  0 -9 
28 194  -1 -3  0 -9 
28 195  -1 -3  0 -9 
28 203   1 -2  0 -9 
28 227  -1 -3  0 -9 
28 286  -1 -3  0 -9 
28 310   1 -2  0 -9 
28 420   1 -4  0 -9 
29 29   1  0  0 -9 
29 62  -1 -1  0 -9 
29 159  -1 -1  0 -9 
29 196  -1 -3  0 -9 
29 204   1 -2  0 -9 
29 228  -1 -3  0 -9 
29 287  -1 -3  0 -9 
29 311   1 -2  0 -9 
29 421   1 -4  0 -9 
30 87   1 -3  0 -9 
30 108  -1 -4  0 -9 
30 274  -1 -4  0 -9 
30 355   1 -5  0 -9 
31 88   1 -3  0 -9 
31 109  -1 -4  0 -9 
31 275  -1 -4  0 -9 
31 356   1 -5  0 -9 
32 84  -1 -4  0 -9 
32 85  -1 -4  0 -9 
32 89   1 -3  0 -9 
32 110  -1 -4  0 -9 
32 276  -1 -4  0 -9 
32 357   1 -5  0 -9 
33 86  -1 -4  0 -9 
33 90   1 -3  0 -9 
33 111  -1 -4  0 -9 
33 277  -1 -4  0 -9 
33 358   1 -5  0 -9 
34 91   1 -3  0 -9 
34 112  -1 -4  0 -9 
34 278  -1 -4  0 -9 
34 359   1 -5  0 -9 
35 92   1 -3  0 -9 
35 113  -1 -4  0 -9 
35 279  -1 -4  0 -9 
35 360   1 -5  0 -9 
36 93   1 -3  0 -9 
36 129  -1 -4  0 -9 
36 280  -1 -4  0 -9 
36 361   1 -5  0 -9 
37 85  -1 -4  0 -9 
37 94   1 -3  0 -9 
37 130  -1 -4  0 -9 
37 281  -1 -4  0 -9 
37 362   1 -5  0 -9 
38 95   1 -3  0 -9 
38 131  -1 -4  0 -9 
38 282  -1 -4  0 -9 
38 363   1 -5  0 -9 
39 96   1 -3  0 -9 
39 132  -1 -4  0 -9 
39 283  -1 -4  0 -9 
39 364   1 -5  0 -9 
40 30  -1 -1  0 -9 
40 36  -1 -1  0 -9 
40 40   1  0  0 -9 
40 87   1 -2  0 -9 
40 93   1 -2  0 -9 
40 97  -1 -1  0 -9 
40 108  -1 -3  0 -9 
40 129  -1 -3  0 -9 
40 160  -1 -1  0 -9 
40 205   1 -2  0 -9 
40 238  -1 -3  0 -9 
40 274  -1 -3  0 -9 
40 280  -1 -3  0 -9 
40 288  -1 -3  0 -9 
40 321   1 -2  0 -9 
40 355   1 -4  0 -9 
40 361   1 -4  0 -9 
40 371  -1 -3  0 -9 
40 422   1 -4  0 -9 
41 37  -1 -1  0 -9 
41 41   1  0  0 -9 
41 85  -1 -3  0 -9 
41 94   1 -2  0 -9 
41 98  -1 -1  0 -9 
41 130  -1 -3  0 -9 
41 161  -1 -1  0 -9 
41 206   1 -2  0 -9 
41 239  -1 -3  0 -9 
41 281  -1 -3  0 -9 
41 289  -1 -3  0 -9 
41 322   1 -2  0 -9 
41 362   1 -4  0 -9 
41 372  -1 -3  0 -9 
41 423   1 -4  0 -9 
42 31  -1 -1  0 -9 
42 42   1  0  0 -9 
42 88   1 -2  0 -9 
42 99  -1 -1  0 -9 
42 109  -1 -3  0 -9 
42 162  -1 -1  0 -9 
42 197  -1 -3  0 -9 
42 207   1 -2  0 -9 
42 240  -1 -3  0 -9 
42 275  -1 -3  0 -9 
42 290  -1 -3  0 -9 
42 323   1 -2  0 -9 
42 356   1 -4  0 -9 
42 373  -1 -3  0 -9 
42 424   1 -4  0 -9 
43 43   1  0  0 -9 
43 100  -1 -1  0 -9 
43 163  -1 -1  0 -9 
43 192  -1 -3  0 -9 
43 198  -1 -3  0 -9 
43 199  -1 -3  0 -9 
43 208   1 -2  0 -9 
43 241  -1 -3  0 -9 
43 291  -1 -3  0 -9 
43 324   1 -2  0 -9 
43 374  -1 -3  0 -9 
43 425   1 -4  0 -9 
44 44   1  0  0 -9 
44 101  -1 -1  0 -9 
44 164  -1 -1  0 -9 
44 200  -1 -3  0 -9 
44 209   1 -2  0 -9 
44 242  -1 -3  0 -9 
44 292  -1 -3  0 -9 
44 325   1 -2  0 -9 
44 375  -1 -3  0 -9 
44 426   1 -4  0 -9 
45 38  -1 -1  0 -9 
45 45   1  0  0 -9 
45 95   1 -2  0 -9 
45 102  -1 -1  0 -9 
45 131  -1 -3  0 -9 
45 165  -1 -1  0 -9 
45 210   1 -2  0 -9 
45 243  -1 -3  0 -9 
45 282  -1 -3  0 -9 
45 293  -1 -3  0 -9 
45 326   1 -2  0 -9 
45 363   1 -4  0 -9 
45 376  -1 -3  0 -9 
45 427   1 -4  0 -9 
46 36  -1 -1  0 -9 
46 39  -1 -1  0 -9 
46 46   1  0  0 -9 
46 93   1 -2  0 -9 
46 96   1 -2  0 -9 
46 103  -1 -1  0 -9 
46 129  -1 -3  0 -9 
46 132  -1 -3  0 -9 
46 166  -1 -1  0 -9 
46 211   1 -2  0 -9 
46 244  -1 -3  0 -9 
46 280  -1 -3  0 -9 
46 283  -1 -3  0 -9 
46 294  -1 -3  0 -9 
46 327   1 -2  0 -9 
46 361   1 -4  0 -9 
46 364   1 -4  0 -9 
46 377  -1 -3  0 -9 
46 428   1 -4  0 -9 
47 47   1  0  0 -9 
47 104  -1 -1  0 -9 
47 167  -1 -1  0 -9 
47 199  -1 -3  0 -9 
47 212   1 -2  0 -9 
47 245  -1 -3  0 -9 
47 295  -1 -3  0 -9 
47 328   1 -2  0 -9 
47 378  -1 -3  0 -9 
47 429   1 -4  0 -9 
48 15   1 -3  0 -9 
48 84   1 -7  0 -9 
49 16   1 -3  0 -9 
49 84   1 -6  0 -9 
49 85   1 -6  0 -9 
49 105  -1 -5  0 -9 
50 17   1 -3  0 -9 
50 86   1 -6  0 -9 
50 106  -1 -5  0 -9 
51 18   1 -3  0 -9 
51 84   1 -6  0 -9 
51 189   1 -6  0 -9 
51 272  -1 -5  0 -9 
52 19   1 -3  0 -9 
52 190   1 -6  0 -9 
52 273  -1 -5  0 -9 
53 84   1 -5  0 -9 
53 85   1 -5  0 -9 
53 105  -1 -4  0 -9 
53 108  -1 -4  0 -9 
53 189   1 -5  0 -9 
53 191   1 -5  0 -9 
53 213  -1 -4  0 -9 
53 272  -1 -4  0 -9 
53 274  -1 -4  0 -9 
53 296   1 -3  0 -9 
53 355   1 -5  0 -9 
54 109  -1 -4  0 -9 
54 190   1 -5  0 -9 
54 192   1 -5  0 -9 
54 214  -1 -4  0 -9 
54 273  -1 -4  0 -9 
54 275  -1 -4  0 -9 
54 297   1 -3  0 -9 
54 356   1 -5  0 -9 
55 110  -1 -4  0 -9 
55 193   1 -5  0 -9 
55 215  -1 -4  0 -9 
55 276  -1 -4  0 -9 
55 298   1 -3  0 -9 
55 357   1 -5  0 -9 
56 111  -1 -4  0 -9 
56 194   1 -5  0 -9 
56 216  -1 -4  0 -9 
56 277  -1 -4  0 -9 
56 299   1 -3  0 -9 
56 358   1 -5  0 -9 
57 112  -1 -4  0 -9 
57 195   1 -5  0 -9 
57 217  -1 -4  0 -9 
57 278  -1 -4  0 -9 
57 300   1 -3  0 -9 
57 359   1 -5  0 -9 
58 86   1 -5  0 -9 
58 106  -1 -4  0 -9 
58 113  -1 -4  0 -9 
58 196   1 -5  0 -9 
58 218  -1 -4  0 -9 
58 279  -1 -4  0 -9 
58 301   1 -3  0 -9 
58 360   1 -5  0 -9 
59 225  -1 -4  0 -9 
59 284  -1 -4  0 -9 
59 308   1 -3  0 -9 
59 418   1 -5  0 -9 
60 226  -1 -4  0 -9 
60 285  -1 -4  0 -9 
60 309   1 -3  0 -9 
60 419   1 -5  0 -9 
61 227  -1 -4  0 -9 
61 286  -1 -4  0 -9 
61 310   1 -3  0 -9 
61 420   1 -5  0 -9 
62 228  -1 -4  0 -9 
62 287  -1 -4  0 -9 
62 311   1 -3  0 -9 
62 421   1 -5  0 -9 
63 18  -1 -1  0 -9 
63 30  -1 -1  0 -9 
63 51   1 -2  0 -9 
63 53  -1 -1  0 -9 
63 63   1  0  0 -9 
63 87   1 -2  0 -9 
63 108  -1 -1 -1 -3 -1 -5  0 -9 
63 272  -1 -3  0 -9 
63 274  -1 -3  0 -9 
63 296   1 -2  0 -9 
63 355   1 -4  1 -6  0 -9 
64 19  -1 -1  0 -9 
64 31  -1 -1  0 -9 
64 52   1 -2  0 -9 
64 54  -1 -1  0 -9 
64 64   1  0  0 -9 
64 88   1 -2  0 -9 
64 109  -1 -1 -1 -3 -1 -5  0 -9 
64 273  -1 -3  0 -9 
64 275  -1 -3  0 -9 
64 297   1 -2  0 -9 
64 356   1 -4  1 -6  0 -9 
65 16   1 -2  0 -9 
65 32  -1 -1  0 -9 
65 49  -1 -1  0 -9 
65 55  -1 -1  0 -9 
65 65   1  0  0 -9 
65 84  -1 -3  0 -9 
65 85  -1 -3  0 -9 
65 89   1 -2  0 -9 
65 105   1 -2  0 -9 
65 110  -1 -1 -1 -3 -1 -5  0 -9 
65 276  -1 -3  0 -9 
65 298   1 -2  0 -9 
65 357   1 -4  1 -6  0 -9 
66 17   1 -2  0 -9 
66 33  -1 -1  0 -9 
66 50  -1 -1  0 -9 
66 56  -1 -1  0 -9 
66 66   1  0  0 -9 
66 86  -1 -3  0 -9 
66 90   1 -2  0 -9 
66 106   1 -2  0 -9 
66 111  -1 -1 -1 -3 -1 -5  0 -9 
66 277  -1 -3  0 -9 
66 299   1 -2  0 -9 
66 358   1 -4  1 -6  0 -9 
67 34  -1 -1  0 -9 
67 57  -1 -1  0 -9 
67 67   1  0  0 -9 
67 91   1 -2  0 -9 
67 112  -1 -1 -1 -3 -1 -5  0 -9 
67 278  -1 -3  0 -9 
67 300   1 -2  0 -9 
67 359   1 -4  1 -6  0 -9 
68 35  -1 -1  0 -9 
68 58  -1 -1  0 -9 
68 68   1  0  0 -9 
68 92   1 -2  0 -9 
68 113  -1 -1 -1 -3 -1 -5  0 -9 
68 279  -1 -3  0 -9 
68 301   1 -2  0 -9 
68 360   1 -4  1 -6  0 -9 
69 30  -1 -1  0 -9 
69 36  -1 -1  0 -9 
69 69   1  0  0 -9 
69 85   1 -2 -1 -4  0 -9 
69 87   1 -2  0 -9 
69 93   1 -2  0 -9 
69 110  -1 -4  0 -9 
69 114  -1 -1  0 -9 
69 133  -1 -4  0 -9 
69 274  -1 -3  0 -9 
69 280  -1 -3  0 -9 
69 302   1 -2  0 -9 
69 357   1 -5  0 -9 
69 365   1 -5  0 -9 
70 37  -1 -1  0 -9 
70 70   1  0  0 -9 
70 85  -1 -3  0 -9 
70 94   1 -2  0 -9 
70 107   1 -2  0 -9 
70 111  -1 -4  0 -9 
70 115  -1 -1  0 -9 
70 134  -1 -4  0 -9 
70 281  -1 -3  0 -9 
70 303   1 -2  0 -9 
70 358   1 -5  0 -9 
70 366   1 -5  0 -9 
71 31  -1 -1  0 -9 
71 38  -1 -1  0 -9 
71 71   1  0  0 -9 
71 88   1 -2  0 -9 
71 95   1 -2  0 -9 
71 112  -1 -4  0 -9 
71 116  -1 -1  0 -9 
71 135  -1 -4  0 -9 
71 275  -1 -3  0 -9 
71 282  -1 -3  0 -9 
71 304   1 -2  0 -9 
71 359   1 -5  0 -9 
71 367   1 -5  0 -9 
72 39  -1 -1  0 -9 
72 72   1  0  0 -9 
72 96   1 -2  0 -9 
72 113  -1 -4  0 -9 
72 117  -1 -1  0 -9 
72 136  -1 -4  0 -9 
72 283  -1 -3  0 -9 
72 305   1 -2  0 -9 
72 360   1 -5  0 -9 
72 368   1 -5  0 -9 
73 36  -1 -1  0 -9 
73 73   1  0  0 -9 
73 85  -1 -4  0 -9 
73 93   1 -2  0 -9 
73 107   1 -3  0 -9 
73 118  -1 -1  0 -9 
73 137  -1 -4  0 -9 
73 280  -1 -3  0 -9 
73 306   1 -2  0 -9 
73 369   1 -5  0 -9 
74 38  -1 -1  0 -9 
74 74   1  0  0 -9 
74 95   1 -2  0 -9 
74 119  -1 -1  0 -9 
74 138  -1 -4  0 -9 
74 282  -1 -3  0 -9 
74 307   1 -2  0 -9 
74 370   1 -5  0 -9 
75 30  -1  0  0 -9 
75 36  -1  0  0 -9 
75 40   1  1  0 -9 
75 55   1  1  0 -9 
75 69   1  1  0 -9 
75 75  -1  2  0 -9 
75 85   1 -1 -1 -3  0 -9 
75 87   1 -1  0 -9 
75 93   1 -1  0 -9 
75 97  -1  0  0 -9 
75 110  -1 -3  0 -9 
75 114  -1  0  0 -9 
75 120   1  1  0 -9 
75 133  -1 -3  0 -9 
75 160  -1  0  0 -9 
75 172  -1  0  0 -9 
75 180   1  1  0 -9 
75 191  -1 -3  0 -9 
75 193   1 -4  0 -9 
75 197  -1 -3  0 -9 
75 205   1 -1  0 -9 
75 215  -1 -3  0 -9 
75 219   1 -2  0 -9 
75 229  -1  0  0 -9 
75 246  -1 -3  0 -9 
75 276  -1 -3  0 -9 
75 298   1 -2  0 -9 
75 329   1 -2  0 -9 
75 357   1 -4  0 -9 
75 365   1 -4  0 -9 
75 379  -1 -3  0 -9 
75 430   1 -4  0 -9 
76 37  -1  0  0 -9 
76 41   1  1  0 -9 
76 56   1  1  0 -9 
76 70   1  1  0 -9 
76 76  -1  2  0 -9 
76 85  -1 -2  0 -9 
76 94   1 -1  0 -9 
76 98  -1  0  0 -9 
76 107   1 -1  0 -9 
76 111  -1 -3  0 -9 
76 115  -1  0  0 -9 
76 121   1  1  0 -9 
76 134  -1 -3  0 -9 
76 161  -1  0  0 -9 
76 173  -1  0  0 -9 
76 181   1  1  0 -9 
76 194   1 -4  0 -9 
76 198  -1 -3  0 -9 
76 206   1 -1  0 -9 
76 216  -1 -3  0 -9 
76 220   1 -2  0 -9 
76 230  -1  0  0 -9 
76 247  -1 -3  0 -9 
76 277  -1 -3  0 -9 
76 299   1 -2  0 -9 
76 330   1 -2  0 -9 
76 358   1 -4  0 -9 
76 366   1 -4  0 -9 
76 380  -1 -3  0 -9 
76 431   1 -4  0 -9 
77 26   1  1  0 -9 
77 31  -1  0  0 -9 
77 42   1  1  0 -9 
77 59  -1  0  0 -9 
77 60   1  1  0 -9 
77 77  -1  2  0 -9 
77 88   1 -1  0 -9 
77 99  -1  0  0 -9 
77 122   1  1  0 -9 
77 156  -1  0  0 -9 
77 162  -1  0  0 -9 
77 182   1  1  0 -9 
77 191  -1 -2  0 -9 
77 192   1 -1 -1 -3  0 -9 
77 197  -1 -2  0 -9 
77 201   1 -1  0 -9 
77 207   1 -1  0 -9 
77 219   1 -1  0 -9 
77 226  -1 -3  0 -9 
77 231  -1  0  0 -9 
77 248  -1 -3  0 -9 
77 285  -1 -3  0 -9 
77 309   1 -2  0 -9 
77 331   1 -2  0 -9 
77 381  -1 -3  0 -9 
77 419   1 -4  0 -9 
77 432   1 -4  0 -9 
78 43   1  1  0 -9 
78 61   1  1  0 -9 
78 78  -1  2  0 -9 
78 100  -1  0  0 -9 
78 123   1  1  0 -9 
78 163  -1  0  0 -9 
78 183   1  1  0 -9 
78 192  -1 -2  0 -9 
78 198  -1 -2  0 -9 
78 199  -1 -2  0 -9 
78 208   1 -1  0 -9 
78 220   1 -1  0 -9 
78 221   1 -1  0 -9 
78 227  -1 -3  0 -9 
78 232  -1  0  0 -9 
78 249  -1 -3  0 -9 
78 286  -1 -3  0 -9 
78 310   1 -2  0 -9 
78 332   1 -2  0 -9 
78 382  -1 -3  0 -9 
78 420   1 -4  0 -9 
78 433   1 -4  0 -9 
79 44   1  1  0 -9 
79 62   1  1  0 -9 
79 79  -1  2  0 -9 
79 101  -1  0  0 -9 
79 124   1  1  0 -9 
79 164  -1  0  0 -9 
79 184   1  1  0 -9 
79 200  -1 -2  0 -9 
79 209   1 -1  0 -9 
79 222   1 -1  0 -9 
79 228  -1 -3  0 -9 
79 233  -1  0  0 -9 
79 250  -1 -3  0 -9 
79 287  -1 -3  0 -9 
79 311   1 -2  0 -9 
79 333   1 -2  0 -9 
79 383  -1 -3  0 -9 
79 421   1 -4  0 -9 
79 434   1 -4  0 -9 
80 31  -1  0  0 -9 
80 38  -1  0  0 -9 
80 42   1  1  0 -9 
80 45   1  1  0 -9 
80 71   1  1  0 -9 
80 80  -1  2  0 -9 
80 88   1 -1  0 -9 
80 95   1 -1  0 -9 
80 99  -1  0  0 -9 
80 102  -1  0  0 -9 
80 112  -1 -3  0 -9 
80 116  -1  0  0 -9 
80 125   1  1  0 -9 
80 135  -1 -3  0 -9 
80 162  -1  0  0 -9 
80 165  -1  0  0 -9 
80 185   1  1  0 -9 
80 192  -1 -3  0 -9 
80 197  -1 -2  0 -9 
80 199  -1 -3  0 -9 
80 207   1 -1  0 -9 
80 210   1 -1  0 -9 
80 221   1 -2  0 -9 
80 223   1 -1  0 -9 
80 234  -1  0  0 -9 
80 251  -1 -3  0 -9 
80 334   1 -2  0 -9 
80 359   1 -4  0 -9 
80 367   1 -4  0 -9 
80 384  -1 -3  0 -9 
80 435   1 -4  0 -9 
81 36  -1  0  0 -9 
81 39  -1  0  0 -9 
81 46   1  1  0 -9 
81 72   1  1  0 -9 
81 73   1  1  0 -9 
81 81  -1  2  0 -9 
81 85  -1 -3  0 -9 
81 93   1 -1  0 -9 
81 96   1 -1  0 -9 
81 103  -1  0  0 -9 
81 107   1 -2  0 -9 
81 113  -1 -3  0 -9 
81 117  -1  0  0 -9 
81 118  -1  0  0 -9 
81 126   1  1  0 -9 
81 136  -1 -3  0 -9 
81 137  -1 -3  0 -9 
81 166  -1  0  0 -9 
81 186   1  1  0 -9 
81 197  -1 -3  0 -9 
81 200  -1 -3  0 -9 
81 211   1 -1  0 -9 
81 222   1 -2  0 -9 
81 223   1 -2  0 -9 
81 235  -1  0  0 -9 
81 252  -1 -3  0 -9 
81 335   1 -2  0 -9 
81 360   1 -4  0 -9 
81 368   1 -4  0 -9 
81 369   1 -4  0 -9 
81 385  -1 -3  0 -9 
81 436   1 -4  0 -9 
82 38  -1  0  0 -9 
82 45   1  1  0 -9 
82 74   1  1  0 -9 
82 82  -1  2  0 -9 
82 95   1 -1  0 -9 
82 102  -1  0  0 -9 
82 119  -1  0  0 -9 
82 127   1  1  0 -9 
82 138  -1 -3  0 -9 
82 165  -1  0  0 -9 
82 187   1  1  0 -9 
82 199  -1 -3  0 -9 
82 210   1 -1  0 -9 
82 224   1 -2  0 -9 
82 236  -1  0  0 -9 
82 253  -1 -3  0 -9 
82 336   1 -2  0 -9 
82 370   1 -4  0 -9 
82 386  -1 -3  0 -9 
82 437   1 -4  0 -9 
83 47   1  1  0 -9 
83 83  -1  2  0 -9 
83 104  -1  0  0 -9 
83 128   1  1  0 -9 
83 167  -1  0  0 -9 
83 188   1  1  0 -9 
83 199  -1 -2  0 -9 
83 212   1 -1  0 -9 
83 224   1 -1  0 -9 
83 237  -1  0  0 -9 
83 254  -1 -3  0 -9 
83 337   1 -2  0 -9 
83 387  -1 -3  0 -9 
83 438   1 -4  0 -9 
84 84   1 -8  0 -9 
85 85   1 -8  0 -9 
86 86   1 -8  0 -9 
87 30   1 -3  0 -9 
87 85   1 -6  0 -9 
87 108  -1 -5  0 -9 
87 191   1 -6  0 -9 
87 274  -1 -5  0 -9 
87 355   1 -6  0 -9 
88 31   1 -3  0 -9 
88 109  -1 -5  0 -9 
88 192   1 -6  0 -9 
88 275  -1 -5  0 -9 
88 356   1 -6  0 -9 
89 32   1 -3  0 -9 
89 84   1 -7  0 -9 
89 85   1 -7  0 -9 
89 110  -1 -5  0 -9 
89 193   1 -6  0 -9 
89 276  -1 -5  0 -9 
89 357   1 -6  0 -9 
90 33   1 -3  0 -9 
90 86   1 -7  0 -9 
90 111  -1 -5  0 -9 
90 194   1 -6  0 -9 
90 277  -1 -5  0 -9 
90 358   1 -6  0 -9 
91 34   1 -3  0 -9 
91 112  -1 -5  0 -9 
91 195   1 -6  0 -9 
91 278  -1 -5  0 -9 
91 359   1 -6  0 -9 
92 35   1 -3  0 -9 
92 86   1 -6  0 -9 
92 113  -1 -5  0 -9 
92 196   1 -6  0 -9 
92 279  -1 -5  0 -9 
92 360   1 -6  0 -9 
93 36   1 -3  0 -9 
93 85   1 -6  0 -9 
93 129  -1 -5  0 -9 
93 197   1 -6  0 -9 
93 280  -1 -5  0 -9 
93 361   1 -6  0 -9 
94 37   1 -3  0 -9 
94 85   1 -7  0 -9 
94 130  -1 -5  0 -9 
94 198   1 -6  0 -9 
94 281  -1 -5  0 -9 
94 362   1 -6  0 -9 
95 38   1 -3  0 -9 
95 131  -1 -5  0 -9 
95 199   1 -6  0 -9 
95 282  -1 -5  0 -9 
95 363   1 -6  0 -9 
96 39   1 -3  0 -9 
96 85   1 -6  0 -9 
96 132  -1 -5  0 -9 
96 200   1 -6  0 -9 
96 283  -1 -5  0 -9 
96 364   1 -6  0 -9 
97 85   1 -5  0 -9 
97 108  -1 -4  0 -9 
97 129  -1 -4  0 -9 
97 191   1 -5  0 -9 
97 197   1 -5  0 -9 
97 238  -1 -4  0 -9 
97 274  -1 -4  0 -9 
97 280  -1 -4  0 -9 
97 288  -1 -4  0 -9 
97 321   1 -3  0 -9 
97 355   1 -5  0 -9 
97 361   1 -5  0 -9 
97 371  -1 -4  0 -9 
97 422   1 -5  0 -9 
98 130  -1 -4  0 -9 
98 198   1 -5  0 -9 
98 239  -1 -4  0 -9 
98 281  -1 -4  0 -9 
98 289  -1 -4  0 -9 
98 322   1 -3  0 -9 
98 362   1 -5  0 -9 
98 372  -1 -4  0 -9 
98 423   1 -5  0 -9 
99 109  -1 -4  0 -9 
99 192   1 -5  0 -9 
99 240  -1 -4  0 -9 
99 275  -1 -4  0 -9 
99 290  -1 -4  0 -9 
99 323   1 -3  0 -9 
99 356   1 -5  0 -9 
99 373  -1 -4  0 -9 
99 424   1 -5  0 -9 
100 241  -1 -4  0 -9 
100 291  -1 -4  0 -9 
100 324   1 -3  0 -9 
100 374  -1 -4  0 -9 
100 425   1 -5  0 -9 
101 242  -1 -4  0 -9 
101 292  -1 -4  0 -9 
101 325   1 -3  0 -9 
101 375  -1 -4  0 -9 
101 426   1 -5  0 -9 
102 131  -1 -4  0 -9 
102 199   1 -5  0 -9 
102 243  -1 -4  0 -9 
102 282  -1 -4  0 -9 
102 293  -1 -4  0 -9 
102 326   1 -3  0 -9 
102 363   1 -5  0 -9 
102 376  -1 -4  0 -9 
102 427   1 -5  0 -9 
103 85   1 -5  0 -9 
103 129  -1 -4  0 -9 
103 132  -1 -4  0 -9 
103 197   1 -5  0 -9 
103 200   1 -5  0 -9 
103 244  -1 -4  0 -9 
103 280  -1 -4  0 -9 
103 283  -1 -4  0 -9 
103 294  -1 -4  0 -9 
103 327   1 -3  0 -9 
103 361   1 -5  0 -9 
103 364   1 -5  0 -9 
103 377  -1 -4  0 -9 
103 428   1 -5  0 -9 
104 245  -1 -4  0 -9 
104 295  -1 -4  0 -9 
104 328   1 -3  0 -9 
104 378  -1 -4  0 -9 
104 429   1 -5  0 -9 
105 84   1 -7  0 -9 
105 85   1 -7  0 -9 
105 105  -1 -6  0 -9 
106 86   1 -7  0 -9 
106 106  -1 -6  0 -9 
107 85   1 -7  0 -9 
107 107  -1 -6  0 -9 
108 108  -1 -6  0 -9 
108 355   1 -7  0 -9 
109 109  -1 -6  0 -9 
109 356   1 -7  0 -9 
110 110  -1 -6  0 -9 
110 357   1 -7  0 -9 
111 111  -1 -6  0 -9 
111 358   1 -7  0 -9 
112 112  -1 -6  0 -9 
112 359   1 -7  0 -9 
113 113  -1 -6  0 -9 
113 360   1 -7  0 -9 
114 85   1 -7  0 -9 
114 110  -1 -5  0 -9 
114 133  -1 -5  0 -9 
114 191   1 -5  0 -9 
114 197   1 -5  0 -9 
114 219  -1 -4  0 -9 
114 274  -1 -4  0 -9 
114 280  -1 -4  0 -9 
114 302   1 -3  0 -9 
114 357   1 -6  0 -9 
114 365   1 -6  0 -9 
115 85   1 -6  0 -9 
115 107  -1 -5  0 -9 
115 111  -1 -5  0 -9 
115 134  -1 -5  0 -9 
115 198   1 -5  0 -9 
115 220  -1 -4  0 -9 
115 281  -1 -4  0 -9 
115 303   1 -3  0 -9 
115 358   1 -6  0 -9 
115 366   1 -6  0 -9 
116 112  -1 -5  0 -9 
116 135  -1 -5  0 -9 
116 192   1 -5  0 -9 
116 199   1 -5  0 -9 
116 221  -1 -4  0 -9 
116 275  -1 -4  0 -9 
116 282  -1 -4  0 -9 
116 304   1 -3  0 -9 
116 359   1 -6  0 -9 
116 367   1 -6  0 -9 
117 85   1 -5  0 -9 
117 107  -1 -4  0 -9 
117 113  -1 -5  0 -9 
117 136  -1 -5  0 -9 
117 200   1 -5  0 -9 
117 222  -1 -4  0 -9 
117 283  -1 -4  0 -9 
117 305   1 -3  0 -9 
117 360   1 -6  0 -9 
117 368   1 -6  0 -9 
118 137  -1 -5  0 -9 
118 197   1 -5  0 -9 
118 223  -1 -4  0 -9 
118 280  -1 -4  0 -9 
118 306   1 -3  0 -9 
118 369   1 -6  0 -9 
119 138  -1 -5  0 -9 
119 199   1 -5  0 -9 
119 224  -1 -4  0 -9 
119 282  -1 -4  0 -9 
119 307   1 -3  0 -9 
119 370   1 -6  0 -9 
120 133  -1 -4  0 -9 
120 246  -1 -4  0 -9 
120 329   1 -3  0 -9 
120 365   1 -5  0 -9 
120 379  -1 -4  0 -9 
120 430   1 -5  0 -9 
121 134  -1 -4  0 -9 
121 247  -1 -4  0 -9 
121 330   1 -3  0 -9 
121 366   1 -5  0 -9 
121 380  -1 -4  0 -9 
121 431   1 -5  0 -9 
122 248  -1 -4  0 -9 
122 331   1 -3  0 -9 
122 381  -1 -4  0 -9 
122 432   1 -5  0 -9 
123 249  -1 -4  0 -9 
123 332   1 -3  0 -9 
123 382  -1 -4  0 -9 
123 433   1 -5  0 -9 
124 250  -1 -4  0 -9 
124 333   1 -3  0 -9 
124 383  -1 -4  0 -9 
124 434   1 -5  0 -9 
125 112  -1 -4  0 -9 
125 135  -1 -4  0 -9 
125 251  -1 -4  0 -9 
125 334   1 -3  0 -9 
125 359   1 -5  0 -9 
125 367   1 -5  0 -9 
125 384  -1 -4  0 -9 
125 435   1 -5  0 -9 
126 113  -1 -4  0 -9 
126 136  -1 -4  0 -9 
126 137  -1 -4  0 -9 
126 252  -1 -4  0 -9 
126 335   1 -3  0 -9 
126 360   1 -5  0 -9 
126 368   1 -5  0 -9 
126 369   1 -5  0 -9 
126 385  -1 -4  0 -9 
126 436   1 -5  0 -9 
127 138  -1 -4  0 -9 
127 253  -1 -4  0 -9 
127 336   1 -3  0 -9 
127 370   1 -5  0 -9 
127 386  -1 -4  0 -9 
127 437   1 -5  0 -9 
128 254  -1 -4  0 -9 
128 337   1 -3  0 -9 
128 387  -1 -4  0 -9 
128 438   1 -5  0 -9 
129 85   1 -7  0 -9 
129 129  -1 -6  0 -9 
129 361   1 -7  0 -9 
130 130  -1 -6  0 -9 
130 362   1 -7  0 -9 
131 131  -1 -6  0 -9 
131 363   1 -7  0 -9 
132 132  -1 -6  0 -9 
132 364   1 -7  0 -9 
133 133  -1 -6  0 -9 
133 365   1 -7  0 -9 
134 134  -1 -6  0 -9 
134 366   1 -7  0 -9 
135 135  -1 -6  0 -9 
135 367   1 -7  0 -9 
136 136  -1 -6  0 -9 
136 368   1 -7  0 -9 
137 137  -1 -6  0 -9 
137 369   1 -7  0 -9 
138 138  -1 -6  0 -9 
138 370   1 -7  0 -9 
139 133  -1 -5  0 -9 
139 197   1 -5  0 -9 
139 255  -1 -4  0 -9 
139 280  -1 -4  0 -9 
139 338   1 -3  0 -9 
139 365   1 -6  0 -9 
139 388  -1 -4  0 -9 
139 439   1 -5  0 -9 
140 135  -1 -4  0 -9 
140 256  -1 -4  0 -9 
140 339   1 -3  0 -9 
140 367   1 -5  0 -9 
140 389  -1 -4  0 -9 
140 440   1 -5  0 -9 
141 133  -1 -4  0 -9 
141 136  -1 -4  0 -9 
141 257  -1 -4  0 -9 
141 340   1 -3  0 -9 
141 365   1 -5  0 -9 
141 368   1 -5  0 -9 
141 390  -1 -4  0 -9 
141 441   1 -5  0 -9 
142 258  -1 -4  0 -9 
142 341   1 -3  0 -9 
142 391  -1 -4  0 -9 
142 442   1 -5  0 -9 
143 134  -1 -5  0 -9 
143 259  -1 -4  0 -9 
143 342   1 -3  0 -9 
143 366   1 -6  0 -9 
143 392  -1 -4  0 -9 
143 443   1 -5  0 -9 
144 135  -1 -5  0 -9 
144 260  -1 -4  0 -9 
144 343   1 -3  0 -9 
144 367   1 -6  0 -9 
144 393  -1 -4  0 -9 
144 444   1 -5  0 -9 
145 136  -1 -5  0 -9 
145 261  -1 -4  0 -9 
145 344   1 -3  0 -9 
145 368   1 -6  0 -9 
145 394  -1 -4  0 -9 
145 445   1 -5  0 -9 
146 136  -1 -4  0 -9 
146 262  -1 -4  0 -9 
146 345   1 -3  0 -9 
146 368   1 -5  0 -9 
146 395  -1 -4  0 -9 
146 446   1 -5  0 -9 
147 263  -1 -4  0 -9 
147 346   1 -3  0 -9 
147 396  -1 -4  0 -9 
147 447   1 -5  0 -9 
148 168   1 -3  0 -9 
148 189  -1 -4  0 -9 
149 169   1 -3  0 -9 
149 190  -1 -4  0 -9 
150 170   1 -3  0 -9 
150 213  -1 -4  0 -9 
151 171   1 -3  0 -9 
151 214  -1 -4  0 -9 
152 172   1 -3  0 -9 
152 215  -1 -4  0 -9 
153 173   1 -3  0 -9 
153 216  -1 -4  0 -9 
154 174   1 -3  0 -9 
154 217  -1 -4  0 -9 
155 175   1 -3  0 -9 
155 218  -1 -4  0 -9 
156 191  -1 -4  0 -9 
156 201   1 -3  0 -9 
156 225  -1 -4  0 -9 
156 284  -1 -4  0 -9 
156 418   1 -5  0 -9 
157 190  -1 -4  0 -9 
157 192  -1 -4  0 -9 
157 193  -1 -4  0 -9 
157 202   1 -3  0 -9 
157 226  -1 -4  0 -9 
157 285  -1 -4  0 -9 
157 419   1 -5  0 -9 
158 194  -1 -4  0 -9 
158 195  -1 -4  0 -9 
158 203   1 -3  0 -9 
158 227  -1 -4  0 -9 
158 286  -1 -4  0 -9 
158 420   1 -5  0 -9 
159 196  -1 -4  0 -9 
159 204   1 -3  0 -9 
159 228  -1 -4  0 -9 
159 287  -1 -4  0 -9 
159 421   1 -5  0 -9 
160 205   1 -3  0 -9 
160 238  -1 -4  0 -9 
160 288  -1 -4  0 -9 
160 422   1 -5  0 -9 
161 206   1 -3  0 -9 
161 239  -1 -4  0 -9 
161 289  -1 -4  0 -9 
161 423   1 -5  0 -9 
162 197  -1 -4  0 -9 
162 207   1 -3  0 -9 
162 240  -1 -4  0 -9 
162 290  -1 -4  0 -9 
162 424   1 -5  0 -9 
163 192  -1 -4  0 -9 
163 198  -1 -4  0 -9 
163 199  -1 -4  0 -9 
163 208   1 -3  0 -9 
163 241  -1 -4  0 -9 
163 291  -1 -4  0 -9 
163 425   1 -5  0 -9 
164 200  -1 -4  0 -9 
164 209   1 -3  0 -9 
164 242  -1 -4  0 -9 
164 292  -1 -4  0 -9 
164 426   1 -5  0 -9 
165 210   1 -3  0 -9 
165 243  -1 -4  0 -9 
165 293  -1 -4  0 -9 
165 427   1 -5  0 -9 
166 211   1 -3  0 -9 
166 244  -1 -4  0 -9 
166 294  -1 -4  0 -9 
166 428   1 -5  0 -9 
167 199  -1 -4  0 -9 
167 212   1 -3  0 -9 
167 245  -1 -4  0 -9 
167 295  -1 -4  0 -9 
167 429   1 -5  0 -9 
168 148   1 -3  0 -9 
168 189   1 -7  0 -9 
169 149   1 -3  0 -9 
169 190   1 -7  0 -9 
170 150   1 -3  0 -9 
170 189   1 -6  0 -9 
170 191   1 -6  0 -9 
170 213  -1 -5  0 -9 
171 151   1 -3  0 -9 
171 190   1 -6  0 -9 
171 192   1 -6  0 -9 
171 214  -1 -5  0 -9 
172 152   1 -3  0 -9 
172 193   1 -6  0 -9 
172 215  -1 -5  0 -9 
173 153   1 -3  0 -9 
173 194   1 -6  0 -9 
173 216  -1 -5  0 -9 
174 154   1 -3  0 -9 
174 195   1 -6  0 -9 
174 217  -1 -5  0 -9 
175 155   1 -3  0 -9 
175 196   1 -6  0 -9 
175 218  -1 -5  0 -9 
176 59  -1 -1  0 -9 
176 148  -1 -1  0 -9 
176 150   1 -2  0 -9 
176 156  -1 -1  0 -9 
176 168   1 -2  0 -9 
176 170  -1 -1  0 -9 
176 176   1  0  0 -9 
176 189  -1 -3  0 -9 
176 191  -1 -3  0 -9 
176 201   1 -2  0 -9 
176 213   1 -2  0 -9 
176 225  -1 -1 -1 -3 -1 -5  0 -9 
176 284  -1 -3  0 -9 
176 308   1 -2  0 -9 
176 418   1 -4  1 -6  0 -9 
177 60  -1 -1  0 -9 
177 151   1 -2  0 -9 
177 152   1 -2  0 -9 
177 157  -1 -1  0 -9 
177 171  -1 -1  0 -9 
177 172  -1 -1  0 -9 
177 177   1  0  0 -9 
177 190  -1 -3  0 -9 
177 192  -1 -3  0 -9 
177 193  -1 -3  0 -9 
177 202   1 -2  0 -9 
177 214   1 -2  0 -9 
177 215   1 -2  0 -9 
177 226  -1 -1 -1 -3 -1 -5  0 -9 
177 285  -1 -3  0 -9 
177 309   1 -2  0 -9 
177 419   1 -4  1 -6  0 -9 
178 61  -1 -1  0 -9 
178 153   1 -2  0 -9 
178 154   1 -2  0 -9 
178 158  -1 -1  0 -9 
178 173  -1 -1  0 -9 
178 174  -1 -1  0 -9 
178 178   1  0  0 -9 
178 194  -1 -3  0 -9 
178 195  -1 -3  0 -9 
178 203   1 -2  0 -9 
178 216   1 -2  0 -9 
178 217   1 -2  0 -9 
178 227  -1 -1 -1 -3 -1 -5  0 -9 
178 286  -1 -3  0 -9 
178 310   1 -2  0 -9 
178 420   1 -4  1 -6  0 -9 
179 62  -1 -1  0 -9 
179 155   1 -2  0 -9 
179 159  -1 -1  0 -9 
179 175  -1 -1  0 -9 
179 179   1  0  0 -9 
179 196  -1 -3  0 -9 
179 204   1 -2  0 -9 
179 218   1 -2  0 -9 
179 228  -1 -1 -1 -3 -1 -5  0 -9 
179 287  -1 -3  0 -9 
179 311   1 -2  0 -9 
179 421   1 -4  1 -6  0 -9 
180 152   1 -2  0 -9 
180 160  -1 -1  0 -9 
180 172  -1 -1  0 -9 
180 180   1  0  0 -9 
180 191  -1 -4  0 -9 
180 193   1 -5  0 -9 
180 197  -1 -4  0 -9 
180 205   1 -2  0 -9 
180 215  -1 -4  0 -9 
180 219   1 -3  0 -9 
180 229  -1 -1  0 -9 
180 246  -1 -4  0 -9 
180 288  -1 -3  0 -9 
180 312   1 -2  0 -9 
180 430   1 -5  0 -9 
181 153   1 -2  0 -9 
181 161  -1 -1  0 -9 
181 173  -1 -1  0 -9 
181 181   1  0  0 -9 
181 194   1 -5  0 -9 
181 198  -1 -4  0 -9 
181 206   1 -2  0 -9 
181 216  -1 -4  0 -9 
181 220   1 -3  0 -9 
181 230  -1 -1  0 -9 
181 247  -1 -4  0 -9 
181 289  -1 -3  0 -9 
181 313   1 -2  0 -9 
181 431   1 -5  0 -9 
182 31  -1 -1  0 -9 
182 88   1 -2  0 -9 
182 156  -1 -1  0 -9 
182 162  -1 -1  0 -9 
182 182   1  0  0 -9 
182 191  -1 -3  0 -9 
182 192   1 -2 -1 -4  0 -9 
182 197  -1 -3  0 -9 
182 201   1 -2  0 -9 
182 207   1 -2  0 -9 
182 219   1 -2  0 -9 
182 226  -1 -4  0 -9 
182 231  -1 -1  0 -9 
182 248  -1 -4  0 -9 
182 275  -1 -3  0 -9 
182 284  -1 -3  0 -9 
182 290  -1 -3  0 -9 
182 314   1 -2  0 -9 
182 419   1 -5  0 -9 
182 432   1 -5  0 -9 
183 163  -1 -1  0 -9 
183 183   1  0  0 -9 
183 192  -1 -3  0 -9 
183 198  -1 -3  0 -9 
183 199  -1 -3  0 -9 
183 208   1 -2  0 -9 
183 220   1 -2  0 -9 
183 221   1 -2  0 -9 
183 227  -1 -4  0 -9 
183 232  -1 -1  0 -9 
183 249  -1 -4  0 -9 
183 291  -1 -3  0 -9 
183 315   1 -2  0 -9 
183 420   1 -5  0 -9 
183 433   1 -5  0 -9 
184 164  -1 -1  0 -9 
184 184   1  0  0 -9 
184 200  -1 -3  0 -9 
184 209   1 -2  0 -9 
184 222   1 -2  0 -9 
184 228  -1 -4  0 -9 
184 233  -1 -1  0 -9 
184 250  -1 -4  0 -9 
184 292  -1 -3  0 -9 
184 316   1 -2  0 -9 
184 421   1 -5  0 -9 
184 434   1 -5  0 -9 
185 162  -1 -1  0 -9 
185 165  -1 -1  0 -9 
185 185   1  0  0 -9 
185 192  -1 -4  0 -9 
185 197  -1 -3  0 -9 
185 199  -1 -4  0 -9 
185 207   1 -2  0 -9 
185 210   1 -2  0 -9 
185 221   1 -3  0 -9 
185 223   1 -2  0 -9 
185 234  -1 -1  0 -9 
185 251  -1 -4  0 -9 
185 290  -1 -3  0 -9 
185 293  -1 -3  0 -9 
185 317   1 -2  0 -9 
185 435   1 -5  0 -9 
186 166  -1 -1  0 -9 
186 186   1  0  0 -9 
186 197  -1 -4  0 -9 
186 200  -1 -4  0 -9 
186 211   1 -2  0 -9 
186 222   1 -3  0 -9 
186 223   1 -3  0 -9 
186 235  -1 -1  0 -9 
186 252  -1 -4  0 -9 
186 294  -1 -3  0 -9 
186 318   1 -2  0 -9 
186 436   1 -5  0 -9 
187 165  -1 -1  0 -9 
187 187   1  0  0 -9 
187 199  -1 -4  0 -9 
187 210   1 -2  0 -9 
187 224   1 -3  0 -9 
187 236  -1 -1  0 -9 
187 253  -1 -4  0 -9 
187 293  -1 -3  0 -9 
187 319   1 -2  0 -9 
187 437   1 -5  0 -9 
188 167  -1 -1  0 -9 
188 188   1  0  0 -9 
188 199  -1 -3  0 -9 
188 212   1 -2  0 -9 
188 224   1 -2  0 -9 
188 237  -1 -1  0 -9 
188 254  -1 -4  0 -9 
188 295  -1 -3  0 -9 
188 320   1 -2  0 -9 
188 438   1 -5  0 -9 
189 189   1 -8  0 -9 
190 190   1 -8  0 -9 
191 191   1 -8  0 -9 
192 192   1 -8  0 -9 
193 193   1 -8  0 -9 
194 194   1 -8  0 -9 
195 195   1 -8  0 -9 
196 196   1 -8  0 -9 
197 197   1 -8  0 -9 
198 198   1 -8  0 -9 
199 199   1 -8  0 -9 
200 200   1 -8  0 -9 
201 156   1 -3  0 -9 
201 191   1 -7  0 -9 
201 225  -1 -5  0 -9 
201 284  -1 -5  0 -9 
201 418   1 -6  0 -9 
202 157   1 -3  0 -9 
202 190   1 -7  0 -9 
202 192   1 -7  0 -9 
202 193   1 -7  0 -9 
202 226  -1 -5  0 -9 
202 285  -1 -5  0 -9 
202 419   1 -6  0 -9 
203 158   1 -3  0 -9 
203 194   1 -7  0 -9 
203 195   1 -7  0 -9 
203 227  -1 -5  0 -9 
203 286  -1 -5  0 -9 
203 420   1 -6  0 -9 
204 159   1 -3  0 -9 
204 196   1 -7  0 -9 
204 228  -1 -5  0 -9 
204 287  -1 -5  0 -9 
204 421   1 -6  0 -9 
205 160   1 -3  0 -9 
205 191   1 -6  0 -9 
205 197   1 -6  0 -9 
205 238  -1 -5  0 -9 
205 288  -1 -5  0 -9 
205 422   1 -6  0 -9 
206 161   1 -3  0 -9 
206 198   1 -6  0 -9 
206 239  -1 -5  0 -9 
206 289  -1 -5  0 -9 
206 423   1 -6  0 -9 
207 162   1 -3  0 -9 
207 192   1 -6  0 -9 
207 197   1 -7  0 -9 
207 240  -1 -5  0 -9 
207 290  -1 -5  0 -9 
207 424   1 -6  0 -9 
208 163   1 -3  0 -9 
208 192   1 -7  0 -9 
208 198   1 -7  0 -9 
208 199   1 -7  0 -9 
208 241  -1 -5  0 -9 
208 291  -1 -5  0 -9 
208 425   1 -6  0 -9 
209 164   1 -3  0 -9 
209 200   1 -7  0 -9 
209 242  -1 -5  0 -9 
209 292  -1 -5  0 -9 
209 426   1 -6  0 -9 
210 165   1 -3  0 -9 
210 199   1 -6  0 -9 
210 243  -1 -5  0 -9 
210 293  -1 -5  0 -9 
210 427   1 -6  0 -9 
211 166   1 -3  0 -9 
211 197   1 -6  0 -9 
211 200   1 -6  0 -9 
211 244  -1 -5  0 -9 
211 294  -1 -5  0 -9 
211 428   1 -6  0 -9 
212 167   1 -3  0 -9 
212 199   1 -7  0 -9 
212 245  -1 -5  0 -9 
212 295  -1 -5  0 -9 
212 429   1 -6  0 -9 
213 189   1 -7  0 -9 
213 191   1 -7  0 -9 
213 213  -1 -6  0 -9 
214 190   1 -7  0 -9 
214 192   1 -7  0 -9 
214 214  -1 -6  0 -9 
215 193   1 -7  0 -9 
215 215  -1 -6  0 -9 
216 194   1 -7  0 -9 
216 216  -1 -6  0 -9 
217 195   1 -7  0 -9 
217 217  -1 -6  0 -9 
218 196   1 -7  0 -9 
218 218  -1 -6  0 -9 
219 191   1 -7  0 -9 
219 197   1 -7  0 -9 
219 219  -1 -6  0 -9 
220 198   1 -7  0 -9 
220 220  -1 -6  0 -9 
221 192   1 -7  0 -9 
221 199   1 -7  0 -9 
221 221  -1 -6  0 -9 
222 200   1 -7  0 -9 
222 222  -1 -6  0 -9 
223 197   1 -7  0 -9 
223 223  -1 -6  0 -9 
224 199   1 -7  0 -9 
224 224  -1 -6  0 -9 
225 225  -1 -6  0 -9 
225 418   1 -7  0 -9 
226 226  -1 -6  0 -9 
226 419   1 -7  0 -9 
227 227  -1 -6  0 -9 
227 420   1 -7  0 -9 
228 228  -1 -6  0 -9 
228 421   1 -7  0 -9 
229 246  -1 -5  0 -9 
229 288  -1 -4  0 -9 
229 312   1 -3  0 -9 
229 430   1 -6  0 -9 
230 247  -1 -5  0 -9 
230 289  -1 -4  0 -9 
230 313   1 -3  0 -9 
230 431   1 -6  0 -9 
231 191   1 -6  0 -9 
231 192   1 -7  0 -9 
231 197   1 -6  0 -9 
231 219  -1 -5  0 -9 
231 226  -1 -5  0 -9 
231 248  -1 -5  0 -9 
231 275  -1 -4  0 -9 
231 284  -1 -4  0 -9 
231 290  -1 -4  0 -9 
231 314   1 -3  0 -9 
231 419   1 -6  0 -9 
231 432   1 -6  0 -9 
232 192   1 -6  0 -9 
232 198   1 -6  0 -9 
232 199   1 -6  0 -9 
232 220  -1 -5  0 -9 
232 221  -1 -5  0 -9 
232 227  -1 -5  0 -9 
232 249  -1 -5  0 -9 
232 291  -1 -4  0 -9 
232 315   1 -3  0 -9 
232 420   1 -6  0 -9 
232 433   1 -6  0 -9 
233 200   1 -6  0 -9 
233 222  -1 -5  0 -9 
233 228  -1 -5  0 -9 
233 250  -1 -5  0 -9 
233 292  -1 -4  0 -9 
233 316   1 -3  0 -9 
233 421   1 -6  0 -9 
233 434   1 -6  0 -9 
234 197   1 -6  0 -9 
234 223  -1 -5  0 -9 
234 251  -1 -5  0 -9 
234 290  -1 -4  0 -9 
234 293  -1 -4  0 -9 
234 317   1 -3  0 -9 
234 435   1 -6  0 -9 
235 252  -1 -5  0 -9 
235 294  -1 -4  0 -9 
235 318   1 -3  0 -9 
235 436   1 -6  0 -9 
236 253  -1 -5  0 -9 
236 293  -1 -4  0 -9 
236 319   1 -3  0 -9 
236 437   1 -6  0 -9 
237 199   1 -6  0 -9 
237 224  -1 -5  0 -9 
237 254  -1 -5  0 -9 
237 295  -1 -4  0 -9 
237 320   1 -3  0 -9 
237 438   1 -6  0 -9 
238 191   1 -7  0 -9 
238 197   1 -7  0 -9 
238 238  -1 -6  0 -9 
238 422   1 -7  0 -9 
239 198   1 -7  0 -9 
239 239  -1 -6  0 -9 
239 423   1 -7  0 -9 
240 192   1 -7  0 -9 
240 240  -1 -6  0 -9 
240 424   1 -7  0 -9 
241 241  -1 -6  0 -9 
241 425   1 -7  0 -9 
242 242  -1 -6  0 -9 
242 426   1 -7  0 -9 
243 199   1 -7  0 -9 
243 243  -1 -6  0 -9 
243 427   1 -7  0 -9 
244 197   1 -7  0 -9 
244 200   1 -7  0 -9 
244 244  -1 -6  0 -9 
244 428   1 -7  0 -9 
245 245  -1 -6  0 -9 
245 429   1 -7  0 -9 
246 246  -1 -6  0 -9 
246 430   1 -7  0 -9 
247 247  -1 -6  0 -9 
247 431   1 -7  0 -9 
248 248  -1 -6  0 -9 
248 432   1 -7  0 -9 
249 249  -1 -6  0 -9 
249 433   1 -7  0 -9 
250 250  -1 -6  0 -9 
250 434   1 -7  0 -9 
251 251  -1 -6  0 -9 
251 435   1 -7  0 -9 
252 252  -1 -6  0 -9 
252 436   1 -7  0 -9 
253 253  -1 -6  0 -9 
253 437   1 -7  0 -9 
254 254  -1 -6  0 -9 
254 438   1 -7  0 -9 
255 197   1 -7  0 -9 
255 255  -1 -6  0 -9 
255 439   1 -7  0 -9 
256 256  -1 -6  0 -9 
256 440   1 -7  0 -9 
257 257  -1 -6  0 -9 
257 441   1 -7  0 -9 
258 258  -1 -6  0 -9 
258 442   1 -7  0 -9 
259 259  -1 -6  0 -9 
259 443   1 -7  0 -9 
260 260  -1 -6  0 -9 
260 444   1 -7  0 -9 
261 261  -1 -6  0 -9 
261 445   1 -7  0 -9 
262 262  -1 -6  0 -9 
262 446   1 -7  0 -9 
263 263  -1 -6  0 -9 
263 447   1 -7  0 -9 
264 197   1 -6  0 -9 
264 248  -1 -5  0 -9 
264 255  -1 -5  0 -9 
264 290  -1 -4  0 -9 
264 347   1 -3  0 -9 
264 397  -1 -4  0 -9 
264 432   1 -6  0 -9 
264 439   1 -6  0 -9 
265 256  -1 -5  0 -9 
265 293  -1 -4  0 -9 
265 348   1 -3  0 -9 
265 398  -1 -4  0 -9 
265 440   1 -6  0 -9 
266 257  -1 -5  0 -9 
266 294  -1 -4  0 -9 
266 349   1 -3  0 -9 
266 399  -1 -4  0 -9 
266 441   1 -6  0 -9 
267 249  -1 -5  0 -9 
267 259  -1 -5  0 -9 
267 260  -1 -5  0 -9 
267 350   1 -3  0 -9 
267 400  -1 -4  0 -9 
267 433   1 -6  0 -9 
267 443   1 -6  0 -9 
267 444   1 -6  0 -9 
268 250  -1 -5  0 -9 
268 261  -1 -5  0 -9 
268 351   1 -3  0 -9 
268 401  -1 -4  0 -9 
268 434   1 -6  0 -9 
268 445   1 -6  0 -9 
269 262  -1 -5  0 -9 
269 352   1 -3  0 -9 
269 402  -1 -4  0 -9 
269 446   1 -6  0 -9 
270 258  -1 -5  0 -9 
270 260  -1 -5  0 -9 
270 353   1 -3  0 -9 
270 403  -1 -4  0 -9 
270 442   1 -6  0 -9 
270 444   1 -6  0 -9 
271 263  -1 -5  0 -9 
271 354   1 -3  0 -9 
271 404  -1 -4  0 -9 
271 447   1 -6  0 -9 
272 84   1 -7  0 -9 
272 189   1 -7  0 -9 
272 272  -1 -6  0 -9 
273 190   1 -7  0 -9 
273 273  -1 -6  0 -9 
274 85   1 -7  0 -9 
274 191   1 -7  0 -9 
274 274  -1 -6  0 -9 
274 355   1 -7  0 -9 
275 192   1 -7  0 -9 
275 275  -1 -6  0 -9 
275 356   1 -7  0 -9 
276 193   1 -7  0 -9 
276 276  -1 -6  0 -9 
276 357   1 -7  0 -9 
277 194   1 -7  0 -9 
277 277  -1 -6  0 -9 
277 358   1 -7  0 -9 
278 195   1 -7  0 -9 
278 278  -1 -6  0 -9 
278 359   1 -7  0 -9 
279 86   1 -7  0 -9 
279 196   1 -7  0 -9 
279 279  -1 -6  0 -9 
279 360   1 -7  0 -9 
280 197   1 -7  0 -9 
280 280  -1 -6  0 -9 
280 361   1 -7  0 -9 
281 198   1 -7  0 -9 
281 281  -1 -6  0 -9 
281 362   1 -7  0 -9 
282 199   1 -7  0 -9 
282 282  -1 -6  0 -9 
282 363   1 -7  0 -9 
283 85   1 -7  0 -9 
283 200   1 -7  0 -9 
283 283  -1 -6  0 -9 
283 364   1 -7  0 -9 
284 284  -1 -6  0 -9 
284 418   1 -7  0 -9 
285 285  -1 -6  0 -9 
285 419   1 -7  0 -9 
286 286  -1 -6  0 -9 
286 420   1 -7  0 -9 
287 287  -1 -6  0 -9 
287 421   1 -7  0 -9 
288 288  -1 -6  0 -9 
288 422   1 -7  0 -9 
289 289  -1 -6  0 -9 
289 423   1 -7  0 -9 
290 290  -1 -6  0 -9 
290 424   1 -7  0 -9 
291 291  -1 -6  0 -9 
291 425   1 -7  0 -9 
292 292  -1 -6  0 -9 
292 426   1 -7  0 -9 
293 293  -1 -6  0 -9 
293 427   1 -7  0 -9 
294 294  -1 -6  0 -9 
294 428   1 -7  0 -9 
295 295  -1 -6  0 -9 
295 429   1 -7  0 -9 
296 53   1 -3  0 -9 
296 84   1 -6  0 -9 
296 85   1 -6  0 -9 
296 105  -1 -5  0 -9 
296 108  -1 -5  0 -9 
296 189   1 -6  0 -9 
296 191   1 -6  0 -9 
296 213  -1 -5  0 -9 
296 272  -1 -5  0 -9 
296 274  -1 -5  0 -9 
296 355   1 -6  0 -9 
297 54   1 -3  0 -9 
297 109  -1 -5  0 -9 
297 190   1 -6  0 -9 
297 192   1 -6  0 -9 
297 214  -1 -5  0 -9 
297 273  -1 -5  0 -9 
297 275  -1 -5  0 -9 
297 356   1 -6  0 -9 
298 55   1 -3  0 -9 
298 110  -1 -5  0 -9 
298 193   1 -6  0 -9 
298 215  -1 -5  0 -9 
298 276  -1 -5  0 -9 
298 357   1 -6  0 -9 
299 56   1 -3  0 -9 
299 111  -1 -5  0 -9 
299 194   1 -6  0 -9 
299 216  -1 -5  0 -9 
299 277  -1 -5  0 -9 
299 358   1 -6  0 -9 
300 57   1 -3  0 -9 
300 112  -1 -5  0 -9 
300 195   1 -6  0 -9 
300 217  -1 -5  0 -9 
300 278  -1 -5  0 -9 
300 359   1 -6  0 -9 
301 58   1 -3  0 -9 
301 86   1 -6  0 -9 
301 106  -1 -5  0 -9 
301 113  -1 -5  0 -9 
301 196   1 -6  0 -9 
301 218  -1 -5  0 -9 
301 279  -1 -5  0 -9 
301 360   1 -6  0 -9 
302 85  -1 -4  1 -6  0 -9 
302 110  -1 -4  0 -9 
302 114   1 -3  0 -9 
302 133  -1 -4  0 -9 
302 191   1 -6  0 -9 
302 197   1 -6  0 -9 
302 219  -1 -5  0 -9 
302 274  -1 -5  0 -9 
302 280  -1 -5  0 -9 
302 355   1 -6  0 -9 
302 361   1 -6  0 -9 
303 107  -1 -4  0 -9 
303 111  -1 -4  0 -9 
303 115   1 -3  0 -9 
303 134  -1 -4  0 -9 
303 198   1 -6  0 -9 
303 220  -1 -5  0 -9 
303 281  -1 -5  0 -9 
303 362   1 -6  0 -9 
304 112  -1 -4  0 -9 
304 116   1 -3  0 -9 
304 135  -1 -4  0 -9 
304 192   1 -6  0 -9 
304 199   1 -6  0 -9 
304 221  -1 -5  0 -9 
304 275  -1 -5  0 -9 
304 282  -1 -5  0 -9 
304 356   1 -6  0 -9 
304 363   1 -6  0 -9 
305 85   1 -6  0 -9 
305 107  -1 -5  0 -9 
305 113  -1 -4  0 -9 
305 117   1 -3  0 -9 
305 136  -1 -4  0 -9 
305 200   1 -6  0 -9 
305 222  -1 -5  0 -9 
305 283  -1 -5  0 -9 
305 364   1 -6  0 -9 
306 118   1 -3  0 -9 
306 137  -1 -4  0 -9 
306 197   1 -6  0 -9 
306 223  -1 -5  0 -9 
306 280  -1 -5  0 -9 
306 361   1 -6  0 -9 
307 119   1 -3  0 -9 
307 138  -1 -4  0 -9 
307 199   1 -6  0 -9 
307 224  -1 -5  0 -9 
307 282  -1 -5  0 -9 
307 363   1 -6  0 -9 
308 59   1 -3  0 -9 
308 225  -1 -5  0 -9 
308 284  -1 -5  0 -9 
308 418   1 -6  0 -9 
309 60   1 -3  0 -9 
309 226  -1 -5  0 -9 
309 285  -1 -5  0 -9 
309 419   1 -6  0 -9 
310 61   1 -3  0 -9 
310 227  -1 -5  0 -9 
310 286  -1 -5  0 -9 
310 420   1 -6  0 -9 
311 62   1 -3  0 -9 
311 228  -1 -5  0 -9 
311 287  -1 -5  0 -9 
311 421   1 -6  0 -9 
312 229   1 -3  0 -9 
312 246  -1 -4  0 -9 
312 288  -1 -5  0 -9 
312 422   1 -6  0 -9 
313 230   1 -3  0 -9 
313 247  -1 -4  0 -9 
313 289  -1 -5  0 -9 
313 423   1 -6  0 -9 
314 192  -1 -4  1 -6  0 -9 
314 219  -1 -4  0 -9 
314 226  -1 -4  0 -9 
314 231   1 -3  0 -9 
314 248  -1 -4  0 -9 
314 275  -1 -5  0 -9 
314 284  -1 -5  0 -9 
314 290  -1 -5  0 -9 
314 356   1 -6  0 -9 
314 418   1 -6  0 -9 
314 424   1 -6  0 -9 
315 220  -1 -4  0 -9 
315 221  -1 -4  0 -9 
315 227  -1 -4  0 -9 
315 232   1 -3  0 -9 
315 249  -1 -4  0 -9 
315 291  -1 -5  0 -9 
315 425   1 -6  0 -9 
316 222  -1 -4  0 -9 
316 228  -1 -4  0 -9 
316 233   1 -3  0 -9 
316 250  -1 -4  0 -9 
316 292  -1 -5  0 -9 
316 426   1 -6  0 -9 
317 223  -1 -4  0 -9 
317 234   1 -3  0 -9 
317 251  -1 -4  0 -9 
317 290  -1 -5  0 -9 
317 293  -1 -5  0 -9 
317 424   1 -6  0 -9 
317 427   1 -6  0 -9 
318 235   1 -3  0 -9 
318 252  -1 -4  0 -9 
318 294  -1 -5  0 -9 
318 428   1 -6  0 -9 
319 236   1 -3  0 -9 
319 253  -1 -4  0 -9 
319 293  -1 -5  0 -9 
319 427   1 -6  0 -9 
320 224  -1 -4  0 -9 
320 237   1 -3  0 -9 
320 254  -1 -4  0 -9 
320 295  -1 -5  0 -9 
320 429   1 -6  0 -9 
321 85   1 -6  0 -9 
321 97   1 -3  0 -9 
321 108  -1 -5  0 -9 
321 129  -1 -5  0 -9 
321 191   1 -6  0 -9 
321 197   1 -6  0 -9 
321 238  -1 -5  0 -9 
321 274  -1 -5  0 -9 
321 280  -1 -5  0 -9 
321 288  -1 -5  0 -9 
321 355   1 -6  0 -9 
321 361   1 -6  0 -9 
321 371   1 -7  0 -9 
321 422   1 -6  0 -9 
322 98   1 -3  0 -9 
322 130  -1 -5  0 -9 
322 198   1 -6  0 -9 
322 239  -1 -5  0 -9 
322 281  -1 -5  0 -9 
322 289  -1 -5  0 -9 
322 362   1 -6  0 -9 
322 372   1 -7  0 -9 
322 423   1 -6  0 -9 
323 99   1 -3  0 -9 
323 109  -1 -5  0 -9 
323 192   1 -6  0 -9 
323 240  -1 -5  0 -9 
323 275  -1 -5  0 -9 
323 290  -1 -5  0 -9 
323 356   1 -6  0 -9 
323 373   1 -7  0 -9 
323 424   1 -6  0 -9 
324 100   1 -3  0 -9 
324 241  -1 -5  0 -9 
324 291  -1 -5  0 -9 
324 374   1 -7  0 -9 
324 425   1 -6  0 -9 
325 101   1 -3  0 -9 
325 242  -1 -5  0 -9 
325 292  -1 -5  0 -9 
325 375   1 -7  0 -9 
325 426   1 -6  0 -9 
326 102   1 -3  0 -9 
326 131  -1 -5  0 -9 
326 199   1 -6  0 -9 
326 243  -1 -5  0 -9 
326 282  -1 -5  0 -9 
326 293  -1 -5  0 -9 
326 363   1 -6  0 -9 
326 376   1 -7  0 -9 
326 427   1 -6  0 -9 
327 85   1 -6  0 -9 
327 103   1 -3  0 -9 
327 129  -1 -5  0 -9 
327 132  -1 -5  0 -9 
327 197   1 -6  0 -9 
327 200   1 -6  0 -9 
327 244  -1 -5  0 -9 
327 280  -1 -5  0 -9 
327 283  -1 -5  0 -9 
327 294  -1 -5  0 -9 
327 361   1 -6  0 -9 
327 364   1 -6  0 -9 
327 377   1 -7  0 -9 
327 428   1 -6  0 -9 
328 104   1 -3  0 -9 
328 245  -1 -5  0 -9 
328 295  -1 -5  0 -9 
328 378   1 -7  0 -9 
328 429   1 -6  0 -9 
329 120   1 -3  0 -9 
329 133  -1 -5  0 -9 
329 246  -1 -5  0 -9 
329 365   1 -6  0 -9 
329 371   1 -6  0 -9 
329 379  -1 -5  0 -9 
329 430   1 -6  0 -9 
330 121   1 -3  0 -9 
330 134  -1 -5  0 -9 
330 247  -1 -5  0 -9 
330 366   1 -6  0 -9 
330 372   1 -6  0 -9 
330 380  -1 -5  0 -9 
330 431   1 -6  0 -9 
331 122   1 -3  0 -9 
331 248  -1 -5  0 -9 
331 373   1 -6  0 -9 
331 381  -1 -5  0 -9 
331 432   1 -6  0 -9 
332 123   1 -3  0 -9 
332 249  -1 -5  0 -9 
332 374   1 -6  0 -9 
332 382  -1 -5  0 -9 
332 433   1 -6  0 -9 
333 124   1 -3  0 -9 
333 250  -1 -5  0 -9 
333 375   1 -6  0 -9 
333 383  -1 -5  0 -9 
333 434   1 -6  0 -9 
334 112  -1 -5  0 -9 
334 125   1 -3  0 -9 
334 135  -1 -5  0 -9 
334 251  -1 -5  0 -9 
334 359   1 -6  0 -9 
334 367   1 -6  0 -9 
334 373   1 -6  0 -9 
334 376   1 -6  0 -9 
334 384  -1 -5  0 -9 
334 435   1 -6  0 -9 
335 113  -1 -5  0 -9 
335 126   1 -3  0 -9 
335 136  -1 -5  0 -9 
335 137  -1 -5  0 -9 
335 252  -1 -5  0 -9 
335 360   1 -6  0 -9 
335 368   1 -6  0 -9 
335 369   1 -6  0 -9 
335 377   1 -6  0 -9 
335 385  -1 -5  0 -9 
335 436   1 -6  0 -9 
336 127   1 -3  0 -9 
336 138  -1 -5  0 -9 
336 253  -1 -5  0 -9 
336 370   1 -6  0 -9 
336 376   1 -6  0 -9 
336 386  -1 -5  0 -9 
336 437   1 -6  0 -9 
337 128   1 -3  0 -9 
337 254  -1 -5  0 -9 
337 378   1 -6  0 -9 
337 387  -1 -5  0 -9 
337 438   1 -6  0 -9 
338 133  -1 -4  0 -9 
338 139   1 -3  0 -9 
338 197   1 -6  0 -9 
338 255  -1 -5  0 -9 
338 280  -1 -5  0 -9 
338 361   1 -6  0 -9 
338 388  -1 -5  0 -9 
338 405   1 -6  0 -9 
338 439   1 -6  0 -9 
339 135  -1 -5  0 -9 
339 140   1 -3  0 -9 
339 256  -1 -5  0 -9 
339 367   1 -6  0 -9 
339 376   1 -6  0 -9 
339 389  -1 -5  0 -9 
339 406   1 -6  0 -9 
339 440   1 -6  0 -9 
340 133  -1 -5  0 -9 
340 136  -1 -5  0 -9 
340 141   1 -3  0 -9 
340 257  -1 -5  0 -9 
340 365   1 -6  0 -9 
340 368   1 -6  0 -9 
340 377   1 -6  0 -9 
340 390  -1 -5  0 -9 
340 407   1 -6  0 -9 
340 441   1 -6  0 -9 
341 142   1 -3  0 -9 
341 258  -1 -5  0 -9 
341 378   1 -6  0 -9 
341 391  -1 -5  0 -9 
341 408   1 -6  0 -9 
341 442   1 -6  0 -9 
342 134  -1 -4  0 -9 
342 143   1 -3  0 -9 
342 259  -1 -5  0 -9 
342 392  -1 -5  0 -9 
342 409   1 -6  0 -9 
342 443   1 -6  0 -9 
343 135  -1 -4  0 -9 
343 144   1 -3  0 -9 
343 260  -1 -5  0 -9 
343 393  -1 -5  0 -9 
343 410   1 -6  0 -9 
343 444   1 -6  0 -9 
344 136  -1 -4  0 -9 
344 145   1 -3  0 -9 
344 261  -1 -5  0 -9 
344 394  -1 -5  0 -9 
344 411   1 -6  0 -9 
344 445   1 -6  0 -9 
345 136  -1 -5  0 -9 
345 146   1 -3  0 -9 
345 262  -1 -5  0 -9 
345 368   1 -6  0 -9 
345 395  -1 -5  0 -9 
345 412   1 -6  0 -9 
345 446   1 -6  0 -9 
346 147   1 -3  0 -9 
346 263  -1 -5  0 -9 
346 396  -1 -5  0 -9 
346 413   1 -6  0 -9 
346 447   1 -6  0 -9 
347 248  -1 -4  0 -9 
347 255  -1 -4  0 -9 
347 264   1 -3  0 -9 
347 290  -1 -5  0 -9 
347 397  -1 -5  0 -9 
347 424   1 -6  0 -9 
347 448   1 -6  0 -9 
348 256  -1 -4  0 -9 
348 265   1 -3  0 -9 
348 293  -1 -5  0 -9 
348 398  -1 -5  0 -9 
348 427   1 -6  0 -9 
348 449   1 -6  0 -9 
349 257  -1 -4  0 -9 
349 266   1 -3  0 -9 
349 294  -1 -5  0 -9 
349 399  -1 -5  0 -9 
349 428   1 -6  0 -9 
349 450   1 -6  0 -9 
350 249  -1 -4  0 -9 
350 259  -1 -4  0 -9 
350 260  -1 -4  0 -9 
350 267   1 -3  0 -9 
350 400  -1 -5  0 -9 
350 451   1 -6  0 -9 
351 250  -1 -4  0 -9 
351 261  -1 -4  0 -9 
351 268   1 -3  0 -9 
351 401  -1 -5  0 -9 
351 452   1 -6  0 -9 
352 262  -1 -4  0 -9 
352 269   1 -3  0 -9 
352 402  -1 -5  0 -9 
352 453   1 -6  0 -9 
353 258  -1 -4  0 -9 
353 260  -1 -4  0 -9 
353 270   1 -3  0 -9 
353 403  -1 -5  0 -9 
353 454   1 -6  0 -9 
354 263  -1 -4  0 -9 
354 271   1 -3  0 -9 
354 404  -1 -5  0 -9 
354 455   1 -6  0 -9 
355 355   1 -8  0 -9 
356 356   1 -8  0 -9 
357 357   1 -8  0 -9 
358 358   1 -8  0 -9 
359 359   1 -8  0 -9 
360 360   1 -8  0 -9 
361 361   1 -8  0 -9 
362 362   1 -8  0 -9 
363 363   1 -8  0 -9 
364 364   1 -8  0 -9 
365 365   1 -8  0 -9 
366 366   1 -8  0 -9 
367 367   1 -8  0 -9 
368 368   1 -8  0 -9 
369 369   1 -8  0 -9 
370 370   1 -8  0 -9 
371 371   1 -8  0 -9 
372 372   1 -8  0 -9 
373 373   1 -8  0 -9 
374 374   1 -8  0 -9 
375 375   1 -8  0 -9 
376 376   1 -8  0 -9 
377 377   1 -8  0 -9 
378 378   1 -8  0 -9 
379 365   1 -7  0 -9 
379 371   1 -7  0 -9 
379 379  -1 -6  0 -9 
379 430   1 -7  0 -9 
380 366   1 -7  0 -9 
380 372   1 -7  0 -9 
380 380  -1 -6  0 -9 
380 431   1 -7  0 -9 
381 373   1 -7  0 -9 
381 381  -1 -6  0 -9 
381 432   1 -7  0 -9 
382 374   1 -7  0 -9 
382 382  -1 -6  0 -9 
382 433   1 -7  0 -9 
383 375   1 -7  0 -9 
383 383  -1 -6  0 -9 
383 434   1 -7  0 -9 
384 359   1 -7  0 -9 
384 367   1 -7  0 -9 
384 373   1 -7  0 -9 
384 376   1 -7  0 -9 
384 384  -1 -6  0 -9 
384 435   1 -7  0 -9 
385 360   1 -7  0 -9 
385 368   1 -7  0 -9 
385 369   1 -7  0 -9 
385 377   1 -7  0 -9 
385 385  -1 -6  0 -9 
385 436   1 -7  0 -9 
386 370   1 -7  0 -9 
386 376   1 -7  0 -9 
386 386  -1 -6  0 -9 
386 437   1 -7  0 -9 
387 378   1 -7  0 -9 
387 387  -1 -6  0 -9 
387 438   1 -7  0 -9 
388 388  -1 -6  0 -9 
388 405   1 -7  0 -9 
388 439   1 -7  0 -9 
389 367   1 -7  0 -9 
389 376   1 -7  0 -9 
389 389  -1 -6  0 -9 
389 406   1 -7  0 -9 
389 440   1 -7  0 -9 
390 365   1 -7  0 -9 
390 368   1 -7  0 -9 
390 377   1 -7  0 -9 
390 390  -1 -6  0 -9 
390 407   1 -7  0 -9 
390 441   1 -7  0 -9 
391 378   1 -7  0 -9 
391 391  -1 -6  0 -9 
391 408   1 -7  0 -9 
391 442   1 -7  0 -9 
392 392  -1 -6  0 -9 
392 409   1 -7  0 -9 
392 443   1 -7  0 -9 
393 393  -1 -6  0 -9 
393 410   1 -7  0 -9 
393 444   1 -7  0 -9 
394 394  -1 -6  0 -9 
394 411   1 -7  0 -9 
394 445   1 -7  0 -9 
395 368   1 -7  0 -9 
395 395  -1 -6  0 -9 
395 412   1 -7  0 -9 
395 446   1 -7  0 -9 
396 396  -1 -6  0 -9 
396 413   1 -7  0 -9 
396 447   1 -7  0 -9 
397 397  -1 -6  0 -9 
397 448   1 -7  0 -9 
398 398  -1 -6  0 -9 
398 449   1 -7  0 -9 
399 399  -1 -6  0 -9 
399 450   1 -7  0 -9 
400 400  -1 -6  0 -9 
400 451   1 -7  0 -9 
401 401  -1 -6  0 -9 
401 452   1 -7  0 -9 
402 402  -1 -6  0 -9 
402 453   1 -7  0 -9 
403 403  -1 -6  0 -9 
403 454   1 -7  0 -9 
404 404  -1 -6  0 -9 
404 455   1 -7  0 -9 
405 405   1 -8  0 -9 
406 406   1 -8  0 -9 
407 407   1 -8  0 -9 
408 408   1 -8  0 -9 
409 409   1 -8  0 -9 
410 410   1 -8  0 -9 
411 411   1 -8  0 -9 
412 412   1 -8  0 -9 
413 413   1 -8  0 -9 
414 406   1 -7  0 -9 
414 414  -1 -6  0 -9 
414 456   1 -7  0 -9 
415 407   1 -7  0 -9 
415 415  -1 -6  0 -9 
415 457   1 -7  0 -9 
416 408   1 -7  0 -9 
416 416  -1 -6  0 -9 
416 458   1 -7  0 -9 
417 417  -1 -6  0 -9 
417 459   1 -7  0 -9 
418 418   1 -8  0 -9 
419 419   1 -8  0 -9 
420 420   1 -8  0 -9 
421 421   1 -8  0 -9 
422 422   1 -8  0 -9 
423 423   1 -8  0 -9 
424 424   1 -8  0 -9 
425 425   1 -8  0 -9 
426 426   1 -8  0 -9 
427 427   1 -8  0 -9 
428 428   1 -8  0 -9 
429 429   1 -8  0 -9 
430 430   1 -8  0 -9 
431 431   1 -8  0 -9 
432 432   1 -8  0 -9 
433 433   1 -8  0 -9 
434 434   1 -8  0 -9 
435 435   1 -8  0 -9 
436 436   1 -8  0 -9 
437 437   1 -8  0 -9 
438 438   1 -8  0 -9 
439 439   1 -8  0 -9 
440 440   1 -8  0 -9 
441 441   1 -8  0 -9 
442 442   1 -8  0 -9 
443 443   1 -8  0 -9 
444 444   1 -8  0 -9 
445 445   1 -8  0 -9 
446 446   1 -8  0 -9 
447 447   1 -8  0 -9 
448 448   1 -8  0 -9 
449 449   1 -8  0 -9 
450 450   1 -8  0 -9 
451 451   1 -8  0 -9 
452 452   1 -8  0 -9 
453 453   1 -8  0 -9 
454 454   1 -8  0 -9 
455 455   1 -8  0 -9 
456 456   1 -8  0 -9 
457 457   1 -8  0 -9 
458 458   1 -8  0 -9 
459 459   1 -8  0 -9 
9999 9999
