 0  0   1 -8  0 -9 
 1  1   1 -8  0 -9 
 2  1   1 -7  0 -9 
 2  2  -1 -6  0 -9 
 3  3   1 -8  0 -9 
 4  0   1 -7  0 -9 
 4  3   1 -7  0 -9 
 4  4  -1 -6  0 -9 
 5  5   1 -8  0 -9 
 6  6   1 -8  0 -9 
 7  6   1 -7  0 -9 
 7  7  -1 -6  0 -9 
 8  8   1 -8  0 -9 
 9  8   1 -7  0 -9 
 9  9  -1 -6  0 -9 
10 10   1 -8  0 -9 
11 10   1 -7  0 -9 
11 11  -1 -6  0 -9 
12  8   1 -6  0 -9 
12  9  -1 -5  0 -9 
12 11  -1 -4  0 -9 
12 13   1 -3  0 -9 
13  9  -1 -4  0 -9 
13 10   1 -6  0 -9 
13 11  -1 -5  0 -9 
13 12   1 -3  0 -9 
14 14   1 -8  0 -9 
15  5   1 -7  0 -9 
15 14   1 -7  0 -9 
15 15  -1 -6  0 -9 
16 16   1 -8  0 -9 
17  8   1 -7  0 -9 
17 16   1 -7  0 -9 
17 17  -1 -6  0 -9 
18  8   1 -5  0 -9 
18  9  -1 -4  0 -9 
18 17  -1 -4  0 -9 
18 19   1 -3  0 -9 
19  8   1 -6  0 -9 
19  9  -1 -5  0 -9 
19 16   1 -6  0 -9 
19 17  -1 -5  0 -9 
19 18   1 -3  0 -9 
9999 9999
