 0  0  -1 -6  0 -9 
 0  1   1 -7  0 -9 
 1  1   1 -8  0 -9 
 2  1   1 -7  0 -9 
 2  2  -1 -6  0 -9 
 3  0  -1 -4  0 -9 
 3  1   1 -5  0 -9 
 3  4  -1 -5  0 -9 
 3  5   1 -3  0 -9 
 3  6  -1 -4  0 -9 
 3  7   1 -6  0 -9 
 4  4  -1 -6  0 -9 
 4  7   1 -7  0 -9 
 5  0  -1 -5  0 -9 
 5  1   1 -6  0 -9 
 5  3   1 -3  0 -9 
 5  4  -1 -4  0 -9 
 5  6  -1 -5  0 -9 
 5  8   1 -6  0 -9 
 6  1   1 -7  0 -9 
 6  6  -1 -6  0 -9 
 6  8   1 -7  0 -9 
 7  7   1 -8  0 -9 
 8  8   1 -8  0 -9 
 9  0   1 -2  0 -9 
 9  1  -1 -3  0 -9 
 9  2   1 -2  0 -9 
 9  3   1 -2  0 -9 
 9  5  -1 -1  0 -9 
 9  6   1 -2 -1 -4  0 -9 
 9  7  -1 -4  0 -9 
 9  8   1 -5  0 -9 
 9  9   1  0  0 -9 
 9 10  -1 -1  0 -9 
 9 11   1 -3  0 -9 
 9 12  -1 -4  0 -9 
 9 13   1 -2  0 -9 
 9 14   1 -5  0 -9 
10  1   1 -6  0 -9 
10  2  -1 -5  0 -9 
10  6  -1 -5  0 -9 
10  8   1 -6  0 -9 
10 12  -1 -5  0 -9 
10 13   1 -3  0 -9 
10 14   1 -6  0 -9 
11  7   1 -7  0 -9 
11 11  -1 -6  0 -9 
12  8   1 -7  0 -9 
12 12  -1 -6  0 -9 
12 14   1 -7  0 -9 
13  1   1 -5  0 -9 
13  2  -1 -4  0 -9 
13  6  -1 -4  0 -9 
13  8   1 -5  0 -9 
13 10   1 -3  0 -9 
13 12  -1 -4  0 -9 
14 14   1 -8  0 -9 
15  0   1 -1  0 -9 
15  1  -1 -2  0 -9 
15  2   1 -1  0 -9 
15  4   1 -2  0 -9 
15  5  -1  0  0 -9 
15  6   1 -1  0 -9 
15  7  -1 -3  0 -9 
15  9   1  1  0 -9 
15 10  -1  0  0 -9 
15 11   1 -2  0 -9 
15 12  -1 -3  0 -9 
15 14   1 -4  0 -9 
15 15  -1  2  0 -9 
15 16   1  1  0 -9 
15 17   1  1  0 -9 
15 18  -1  0  0 -9 
15 19  -1 -3  0 -9 
15 21   1 -2  0 -9 
15 22  -1 -3  0 -9 
15 23   1 -4  0 -9 
16 12  -1 -4  0 -9 
16 14   1 -5  0 -9 
16 19  -1 -4  0 -9 
16 21   1 -3  0 -9 
16 22  -1 -4  0 -9 
16 23   1 -5  0 -9 
17  4   1 -3  0 -9 
17  7  -1 -4  0 -9 
17 17   1  0  0 -9 
17 18  -1 -1  0 -9 
17 19  -1 -4  0 -9 
17 20   1 -2  0 -9 
17 23   1 -5  0 -9 
18 11  -1 -4  0 -9 
18 19  -1 -5  0 -9 
18 20   1 -3  0 -9 
18 23   1 -6  0 -9 
19 19  -1 -6  0 -9 
19 23   1 -7  0 -9 
20  7   1 -6  0 -9 
20 11  -1 -5  0 -9 
20 18   1 -3  0 -9 
20 19  -1 -4  0 -9 
21  8   1 -6  0 -9 
21 12  -1 -5  0 -9 
21 14   1 -6  0 -9 
21 16   1 -3  0 -9 
21 19  -1 -5  0 -9 
21 22  -1 -5  0 -9 
21 23   1 -6  0 -9 
22 14   1 -7  0 -9 
22 22  -1 -6  0 -9 
22 23   1 -7  0 -9 
23 23   1 -8  0 -9 
24  0   1 -3  0 -9 
24  1  -1 -4  0 -9 
24 24   1  0  0 -9 
24 25  -1 -1  0 -9 
24 26   1 -3  0 -9 
24 27  -1 -4  0 -9 
24 28   1 -2  0 -9 
24 29   1 -5  0 -9 
25  2  -1 -4  0 -9 
25 27  -1 -5  0 -9 
25 28   1 -3  0 -9 
25 29   1 -6  0 -9 
26 26  -1 -6  0 -9 
27 27  -1 -6  0 -9 
27 29   1 -7  0 -9 
28  1   1 -6  0 -9 
28  2  -1 -5  0 -9 
28 25   1 -3  0 -9 
28 27  -1 -4  0 -9 
29 29   1 -8  0 -9 
30  1   1 -5  0 -9 
30  2  -1 -4  0 -9 
30 25   1 -2  0 -9 
30 28  -1 -1  0 -9 
30 29  -1 -4  0 -9 
30 30   1  0  0 -9 
30 31   1 -3  0 -9 
31 29   1 -7  0 -9 
31 31  -1 -6  0 -9 
32  1   1 -4  0 -9 
32  2  -1 -3  0 -9 
32  6  -1 -3  0 -9 
32  8   1 -4  0 -9 
32 10   1 -2  0 -9 
32 12  -1 -3  0 -9 
32 13   1  1  0 -9 
32 19   1 -1  0 -9 
32 21  -1  0  0 -9 
32 22   1 -1  0 -9 
32 23  -1 -2  0 -9 
32 27   1 -2  0 -9 
32 28  -1  0  0 -9 
32 29  -1 -3  0 -9 
32 30   1  1  0 -9 
32 31   1 -2  0 -9 
32 32  -1  2  0 -9 
32 34   1  1  0 -9 
32 35  -1  0  0 -9 
32 36   1 -1  0 -9 
33  7   1 -5  0 -9 
33 11  -1 -4  0 -9 
33 18   1 -2  0 -9 
33 20  -1 -1  0 -9 
33 23  -1 -4  0 -9 
33 26   1 -3  0 -9 
33 33   1  0  0 -9 
33 36   1 -3  0 -9 
34  8   1 -5  0 -9 
34 12  -1 -4  0 -9 
34 14   1 -5  0 -9 
34 16   1 -2  0 -9 
34 19   1 -2  0 -9 
34 21  -1 -1  0 -9 
34 22   1 -2 -1 -4  0 -9 
34 23  -1 -3  0 -9 
34 27   1 -3  0 -9 
34 29  -1 -4  0 -9 
34 34   1  0  0 -9 
34 35  -1 -1  0 -9 
34 36   1 -2  0 -9 
34 37   1 -2  0 -9 
35 14   1 -6  0 -9 
35 22  -1 -5  0 -9 
35 23   1 -6  0 -9 
35 31  -1 -4  0 -9 
35 36  -1 -5  0 -9 
35 37   1 -3  0 -9 
36 23   1 -7  0 -9 
36 36  -1 -6  0 -9 
37 22  -1 -4  0 -9 
37 23   1 -5  0 -9 
37 29   1 -6  0 -9 
37 31  -1 -5  0 -9 
37 35   1 -3  0 -9 
37 36  -1 -4  0 -9 
38 38  -1 -6  0 -9 
38 39   1 -7  0 -9 
39 39   1 -8  0 -9 
40  6  -1 -4  0 -9 
40  8   1 -5  0 -9 
40 38  -1 -5  0 -9 
40 39   1 -6  0 -9 
40 41   1 -3  0 -9 
40 43  -1 -4  0 -9 
41  1   1 -6  0 -9 
41  6  -1 -5  0 -9 
41  8   1 -6  0 -9 
41 38  -1 -4  0 -9 
41 40   1 -3  0 -9 
41 42   1 -6  0 -9 
41 43  -1 -5  0 -9 
42 42   1 -8  0 -9 
43  8   1 -7  0 -9 
43 42   1 -7  0 -9 
43 43  -1 -6  0 -9 
44  6  -1 -3  0 -9 
44 38   1 -2  0 -9 
44 39  -1 -3  0 -9 
44 40  -1 -1  0 -9 
44 41   1 -2  0 -9 
44 42  -1 -4  0 -9 
44 44   1  0  0 -9 
44 45  -1 -1  0 -9 
44 46   1 -3  0 -9 
44 47  -1 -4  0 -9 
44 48   1 -2  0 -9 
44 49   1 -5  0 -9 
45  1   1 -5  0 -9 
45  2  -1 -4  0 -9 
45  6  -1 -4  0 -9 
45 39  -1 -4  0 -9 
45 47  -1 -5  0 -9 
45 48   1 -3  0 -9 
45 49   1 -6  0 -9 
46 42   1 -7  0 -9 
46 46  -1 -6  0 -9 
47 47  -1 -6  0 -9 
47 49   1 -7  0 -9 
48  1   1 -6  0 -9 
48  2  -1 -5  0 -9 
48  6  -1 -5  0 -9 
48  8   1 -6  0 -9 
48 39   1 -7  0 -9 
48 45   1 -3  0 -9 
48 47  -1 -4  0 -9 
49 49   1 -8  0 -9 
50  8  -1 -3  0 -9 
50 13  -1  0  0 -9 
50 16  -1  0  0 -9 
50 19  -1  0 -1 -2  0 -9 
50 21   1 -1  0 -9 
50 22  -1 -2  0 -9 
50 23   1 -3  0 -9 
50 38   1 -1  0 -9 
50 39  -1 -2  0 -9 
50 40  -1  0  0 -9 
50 42  -1 -3  0 -9 
50 43   1 -2  0 -9 
50 44   1  1  0 -9 
50 45  -1  0  0 -9 
50 46   1 -2  0 -9 
50 47  -1 -3  0 -9 
50 48   1 -1  0 -9 
50 49   1 -4  0 -9 
50 50  -1  2  0 -9 
50 51  -1  0  0 -9 
50 52   1  1  0 -9 
50 53   1 -1  0 -9 
50 54   1  1  0 -9 
50 56  -1  0  0 -9 
50 57   1 -1  0 -9 
50 58  -1 -2  0 -9 
51 46  -1 -4  0 -9 
51 53  -1 -5  0 -9 
51 55   1 -3  0 -9 
51 58   1 -6  0 -9 
52  8  -1 -4  0 -9 
52 16  -1 -1  0 -9 
52 19  -1 -1 -1 -3 -1 -5  0 -9 
52 21   1 -2  0 -9 
52 22  -1 -3  0 -9 
52 23   1 -4  1 -6  0 -9 
52 42  -1 -4  0 -9 
52 43   1 -3  0 -9 
52 47  -1 -4  0 -9 
52 49   1 -5  0 -9 
52 51  -1 -1  0 -9 
52 52   1  0  0 -9 
52 53   1 -2  0 -9 
52 55   1 -2  0 -9 
52 56  -1 -1  0 -9 
52 57   1 -2  0 -9 
52 58  -1 -3  0 -9 
53 53  -1 -6  0 -9 
53 58   1 -7  0 -9 
54  1   1 -4  0 -9 
54  2  -1 -3  0 -9 
54  6  -1 -3  0 -9 
54 10   1 -2  0 -9 
54 12  -1 -3  0 -9 
54 13  -1 -1  0 -9 
54 16  -1 -1  0 -9 
54 19  -1 -3  0 -9 
54 21   1 -2  0 -9 
54 22  -1 -3  0 -9 
54 23   1 -4  0 -9 
54 39  -1 -3  0 -9 
54 45  -1 -1  0 -9 
54 47   1 -2 -1 -4  0 -9 
54 48   1 -2  0 -9 
54 49   1 -5  0 -9 
54 54   1  0  0 -9 
54 56  -1 -1  0 -9 
54 57   1 -2  0 -9 
54 58  -1 -3  0 -9 
55 42   1 -6  0 -9 
55 46  -1 -5  0 -9 
55 51   1 -3  0 -9 
55 53  -1 -4  0 -9 
56 19  -1 -4  0 -9 
56 22  -1 -4  0 -9 
56 23   1 -5  0 -9 
56 47  -1 -5  0 -9 
56 49   1 -6  0 -9 
56 57   1 -3  0 -9 
56 58  -1 -4  0 -9 
57 14   1 -6  0 -9 
57 19  -1 -5  0 -9 
57 22  -1 -5  0 -9 
57 23   1 -6  0 -9 
57 47  -1 -4  0 -9 
57 56   1 -3  0 -9 
57 58   1 -7  0 -9 
58 58   1 -8  0 -9 
59 39   1 -7  0 -9 
59 59  -1 -6  0 -9 
60 38   1 -3  0 -9 
60 39  -1 -4  0 -9 
60 60   1  0  0 -9 
60 61  -1 -1  0 -9 
60 62   1 -3  0 -9 
60 63  -1 -4  0 -9 
60 64   1 -2  0 -9 
60 65   1 -5  0 -9 
61 59  -1 -4  0 -9 
61 63  -1 -5  0 -9 
61 64   1 -3  0 -9 
61 65   1 -6  0 -9 
62 62  -1 -6  0 -9 
63 63  -1 -6  0 -9 
63 65   1 -7  0 -9 
64 39   1 -6  0 -9 
64 59  -1 -5  0 -9 
64 61   1 -3  0 -9 
64 63  -1 -4  0 -9 
65 65   1 -8  0 -9 
66  1   1 -4  1 -6  0 -9 
66  2  -1 -1 -1 -3 -1 -5  0 -9 
66  6  -1 -3  0 -9 
66 10   1 -2  0 -9 
66 13  -1 -1  0 -9 
66 14  -1 -4  0 -9 
66 39  -1 -3  0 -9 
66 45  -1 -1  0 -9 
66 47  -1 -4  0 -9 
66 48   1 -2  0 -9 
66 49   1 -5  0 -9 
66 59   1 -2  0 -9 
66 61   1 -2  0 -9 
66 64  -1 -1  0 -9 
66 65  -1 -4  0 -9 
66 66   1  0  0 -9 
66 67   1 -3  0 -9 
67 14   1 -7  0 -9 
67 65   1 -7  0 -9 
67 67  -1 -6  0 -9 
68  1   1 -3  0 -9 
68  2  -1  0 -1 -2  0 -9 
68  6  -1 -2  0 -9 
68 10   1 -1  0 -9 
68 13  -1  0  0 -9 
68 14  -1 -3  0 -9 
68 16  -1  0  0 -9 
68 39  -1 -2  0 -9 
68 45  -1  0  0 -9 
68 47  -1 -3  0 -9 
68 48   1 -1  0 -9 
68 49   1 -4  0 -9 
68 54   1  1  0 -9 
68 56  -1  0  0 -9 
68 57   1 -1  0 -9 
68 58  -1 -2  0 -9 
68 59   1 -1  0 -9 
68 63   1 -2  0 -9 
68 64  -1  0  0 -9 
68 65  -1 -3  0 -9 
68 66   1  1  0 -9 
68 67   1 -2  0 -9 
68 68  -1  2  0 -9 
68 70   1  1  0 -9 
68 71  -1  0  0 -9 
68 72   1 -1  0 -9 
69 42   1 -5  0 -9 
69 46  -1 -4  0 -9 
69 51   1 -2  0 -9 
69 55  -1 -1  0 -9 
69 58  -1 -4  0 -9 
69 62   1 -3  0 -9 
69 69   1  0  0 -9 
69 72   1 -3  0 -9 
70 22  -1 -3  0 -9 
70 47  -1 -4  0 -9 
70 49   1 -5  0 -9 
70 56  -1 -1  0 -9 
70 57   1 -2  0 -9 
70 58  -1 -3  0 -9 
70 63   1 -3  0 -9 
70 65  -1 -4  0 -9 
70 70   1  0  0 -9 
70 71  -1 -1  0 -9 
70 72   1 -2  0 -9 
70 73   1 -2  0 -9 
71 14   1 -5  0 -9 
71 22  -1 -4  0 -9 
71 58   1 -6  0 -9 
71 67  -1 -4  0 -9 
71 72  -1 -5  0 -9 
71 73   1 -3  0 -9 
72 58   1 -7  0 -9 
72 72  -1 -6  0 -9 
73 14   1 -6  0 -9 
73 22  -1 -5  0 -9 
73 23   1 -6  0 -9 
73 65   1 -6  0 -9 
73 67  -1 -5  0 -9 
73 71   1 -3  0 -9 
73 72  -1 -4  0 -9 
74 74  -1 -6  0 -9 
75 75   1  0  0 -9 
75 76  -1 -1  0 -9 
75 77   1 -3  0 -9 
75 78  -1 -4  0 -9 
75 79   1 -2  0 -9 
75 80   1 -5  0 -9 
76 74  -1 -4  0 -9 
76 78  -1 -5  0 -9 
76 79   1 -3  0 -9 
76 80   1 -6  0 -9 
77 77  -1 -6  0 -9 
78 78  -1 -6  0 -9 
78 80   1 -7  0 -9 
79 74  -1 -5  0 -9 
79 76   1 -3  0 -9 
79 78  -1 -4  0 -9 
80 80   1 -8  0 -9 
81 74   1 -2  0 -9 
81 76   1 -2  0 -9 
81 79  -1 -1  0 -9 
81 80  -1 -4  0 -9 
81 81   1  0  0 -9 
81 82   1 -3  0 -9 
82 80   1 -7  0 -9 
82 82  -1 -6  0 -9 
83 74   1 -1  0 -9 
83 78   1 -2  0 -9 
83 79  -1  0  0 -9 
83 80  -1 -3  0 -9 
83 81   1  1  0 -9 
83 82   1 -2  0 -9 
83 83  -1  2  0 -9 
83 85   1  1  0 -9 
83 86  -1  0  0 -9 
83 87   1 -1  0 -9 
84 77   1 -3  0 -9 
84 84   1  0  0 -9 
84 87   1 -3  0 -9 
85 78   1 -3  0 -9 
85 80  -1 -4  0 -9 
85 85   1  0  0 -9 
85 86  -1 -1  0 -9 
85 87   1 -2  0 -9 
85 88   1 -2  0 -9 
86 82  -1 -4  0 -9 
86 87  -1 -5  0 -9 
86 88   1 -3  0 -9 
87 87  -1 -6  0 -9 
88 80   1 -6  0 -9 
88 82  -1 -5  0 -9 
88 86   1 -3  0 -9 
88 87  -1 -4  0 -9 
89 39   1 -5  0 -9 
89 59  -1 -4  0 -9 
89 61   1 -2  0 -9 
89 64  -1 -1  0 -9 
89 65  -1 -4  0 -9 
89 74   1 -3  0 -9 
89 89   1  0  0 -9 
89 90   1 -3  0 -9 
90 65   1 -7  0 -9 
90 90  -1 -6  0 -9 
91 22  -1 -3  0 -9 
91 29   1 -5  0 -9 
91 31  -1 -4  0 -9 
91 35   1 -2  0 -9 
91 37  -1 -1  0 -9 
91 58   1 -5  0 -9 
91 65  -1 -4  0 -9 
91 71  -1 -1  0 -9 
91 72  -1 -4  0 -9 
91 73   1 -2  0 -9 
91 80   1 -5  0 -9 
91 82  -1 -4  0 -9 
91 86   1 -2  0 -9 
91 88  -1 -1  0 -9 
91 90   1 -3  0 -9 
91 91   1  0  0 -9 
92 38  -1 -4  0 -9 
92 39   1 -5  0 -9 
92 93  -1 -5  0 -9 
92 94   1 -3  0 -9 
92 95  -1 -4  0 -9 
92 96   1 -6  0 -9 
93 93  -1 -6  0 -9 
93 96   1 -7  0 -9 
94 38  -1 -5  0 -9 
94 39   1 -6  0 -9 
94 92   1 -3  0 -9 
94 93  -1 -4  0 -9 
94 95  -1 -5  0 -9 
94 97   1 -6  0 -9 
95 39   1 -7  0 -9 
95 95  -1 -6  0 -9 
95 97   1 -7  0 -9 
96 96   1 -8  0 -9 
97 97   1 -8  0 -9 
98 38  -1 -4  0 -9 
98 39   1 -5  0 -9 
98 95  -1 -4  0 -9 
98 97   1 -5  0 -9 
98 99   1 -3  0 -9 
98 101  -1 -4  0 -9 
99 38  -1 -5  0 -9 
99 39   1 -6  0 -9 
99 95  -1 -5  0 -9 
99 97   1 -6  0 -9 
99 98   1 -3  0 -9 
99 100   1 -6  0 -9 
99 101  -1 -5  0 -9 
100 100   1 -8  0 -9 
101 97   1 -7  0 -9 
101 100   1 -7  0 -9 
101 101  -1 -6  0 -9 
102 95  -1 -3  0 -9 
102 98  -1 -1  0 -9 
102 99   1 -2  0 -9 
102 100  -1 -4  0 -9 
102 102   1  0  0 -9 
102 103  -1 -1  0 -9 
102 104   1 -3  0 -9 
102 105  -1 -4  0 -9 
102 106   1 -2  0 -9 
102 107   1 -5  0 -9 
103 95  -1 -4  0 -9 
103 105  -1 -5  0 -9 
103 106   1 -3  0 -9 
103 107   1 -6  0 -9 
104 100   1 -7  0 -9 
104 104  -1 -6  0 -9 
105 105  -1 -6  0 -9 
105 107   1 -7  0 -9 
106 39   1 -6  0 -9 
106 95  -1 -5  0 -9 
106 97   1 -6  0 -9 
106 103   1 -3  0 -9 
106 105  -1 -4  0 -9 
107 107   1 -8  0 -9 
108 38  -1 -3  0 -9 
108 39   1 -4  0 -9 
108 92  -1 -1  0 -9 
108 93   1 -2 -1 -4  0 -9 
108 94   1 -2  0 -9 
108 95  -1 -3  0 -9 
108 96   1 -5  0 -9 
108 98  -1 -1  0 -9 
108 99   1 -2  0 -9 
108 101  -1 -3  0 -9 
108 108   1  0  0 -9 
108 109  -1 -1  0 -9 
108 110  -1 -1  0 -9 
108 111   1 -2  0 -9 
108 112  -1 -3  0 -9 
108 113  -1 -3  0 -9 
108 114   1 -2  0 -9 
108 115   1 -4  0 -9 
109 100   1 -5  0 -9 
109 101  -1 -4  0 -9 
109 112  -1 -4  0 -9 
109 113  -1 -4  0 -9 
109 114   1 -3  0 -9 
109 115   1 -5  0 -9 
110 93  -1 -5  0 -9 
110 96   1 -6  0 -9 
110 111   1 -3  0 -9 
110 112  -1 -4  0 -9 
110 113  -1 -4  0 -9 
110 115   1 -5  0 -9 
111 93  -1 -4  0 -9 
111 100   1 -6  0 -9 
111 110   1 -3  0 -9 
111 112  -1 -5  0 -9 
111 113  -1 -5  0 -9 
111 115   1 -6  0 -9 
112 112  -1 -6  0 -9 
112 115   1 -7  0 -9 
113 100   1 -7  0 -9 
113 113  -1 -6  0 -9 
113 115   1 -7  0 -9 
114 97   1 -6  0 -9 
114 100   1 -6  0 -9 
114 101  -1 -5  0 -9 
114 109   1 -3  0 -9 
114 112  -1 -5  0 -9 
114 113  -1 -5  0 -9 
114 115   1 -6  0 -9 
115 115   1 -8  0 -9 
116 92  -1  0  0 -9 
116 93   1 -1  0 -9 
116 97  -1 -3  0 -9 
116 98  -1  0  0 -9 
116 99   1 -1  0 -9 
116 100  -1 -3  0 -9 
116 102   1  1  0 -9 
116 103  -1  0  0 -9 
116 104   1 -2  0 -9 
116 105  -1 -3  0 -9 
116 107   1 -4  0 -9 
116 108   1  1  0 -9 
116 109  -1  0  0 -9 
116 110  -1  0  0 -9 
116 111   1 -1  0 -9 
116 116  -1  2  0 -9 
116 117   1  1  0 -9 
116 118   1  1  0 -9 
116 119  -1  0  0 -9 
116 120  -1 -3  0 -9 
116 122   1 -2  0 -9 
116 123  -1 -3  0 -9 
116 124   1 -4  0 -9 
117 97  -1 -4  0 -9 
117 105  -1 -4  0 -9 
117 107   1 -5  0 -9 
117 120  -1 -4  0 -9 
117 122   1 -3  0 -9 
117 123  -1 -4  0 -9 
117 124   1 -5  0 -9 
118 93   1 -2  0 -9 
118 96  -1 -3  0 -9 
118 110  -1 -1  0 -9 
118 111   1 -2  0 -9 
118 113  -1 -3  0 -9 
118 118   1  0  0 -9 
118 119  -1 -1  0 -9 
118 120  -1 -4  0 -9 
118 121   1 -2  0 -9 
118 124   1 -5  0 -9 
119 96  -1 -4  0 -9 
119 100   1 -5  0 -9 
119 104  -1 -4  0 -9 
119 113  -1 -4  0 -9 
119 120  -1 -5  0 -9 
119 121   1 -3  0 -9 
119 124   1 -6  0 -9 
120 120  -1 -6  0 -9 
120 124   1 -7  0 -9 
121 96   1 -7  0 -9 
121 100   1 -6  0 -9 
121 104  -1 -5  0 -9 
121 113  -1 -5  0 -9 
121 115   1 -6  0 -9 
121 119   1 -3  0 -9 
121 120  -1 -4  0 -9 
122 97   1 -7  0 -9 
122 105  -1 -5  0 -9 
122 107   1 -6  0 -9 
122 117   1 -3  0 -9 
122 120  -1 -5  0 -9 
122 123  -1 -5  0 -9 
122 124   1 -6  0 -9 
123 107   1 -7  0 -9 
123 123  -1 -6  0 -9 
123 124   1 -7  0 -9 
124 124   1 -8  0 -9 
125 97  -1 -2  0 -9 
125 100  -1 -2  0 -9 
125 101   1 -1  0 -9 
125 104   1 -1  0 -9 
125 105  -1  0 -1 -2  0 -9 
125 107   1 -3  0 -9 
125 112   1 -1  0 -9 
125 113   1 -1  0 -9 
125 114  -1  0  0 -9 
125 115  -1 -2  0 -9 
125 117  -1  0  0 -9 
125 120  -1  0 -1 -2  0 -9 
125 122   1 -1  0 -9 
125 123  -1 -2  0 -9 
125 124   1 -3  0 -9 
125 125  -1  2  0 -9 
125 126  -1  0  0 -9 
125 127   1  1  0 -9 
125 128   1 -1  0 -9 
125 129   1  1  0 -9 
125 131  -1  0  0 -9 
125 132   1 -1  0 -9 
125 133  -1 -2  0 -9 
126 100   1 -6  0 -9 
126 104  -1 -5  0 -9 
126 113  -1 -5  0 -9 
126 115   1 -6  0 -9 
126 128  -1 -5  0 -9 
126 130   1 -3  0 -9 
126 133   1 -6  0 -9 
127 97  -1 -3  0 -9 
127 100  -1 -3  0 -9 
127 101   1 -2  0 -9 
127 104   1 -2  0 -9 
127 105  -1 -1 -1 -3 -1 -5  0 -9 
127 107   1 -4  1 -6  0 -9 
127 109   1 -2  0 -9 
127 112   1 -2  0 -9 
127 113   1 -2 -1 -4  0 -9 
127 114  -1 -1  0 -9 
127 115  -1 -3  0 -9 
127 117  -1 -1  0 -9 
127 120  -1 -1 -1 -3 -1 -5  0 -9 
127 122   1 -2  0 -9 
127 123  -1 -3  0 -9 
127 124   1 -4  1 -6  0 -9 
127 126  -1 -1  0 -9 
127 127   1  0  0 -9 
127 128   1 -2  0 -9 
127 130   1 -2  0 -9 
127 131  -1 -1  0 -9 
127 132   1 -2  0 -9 
127 133  -1 -3  0 -9 
128 115   1 -7  0 -9 
128 128  -1 -6  0 -9 
128 133   1 -7  0 -9 
129 97  -1 -3  0 -9 
129 105  -1 -3  0 -9 
129 107   1 -4  0 -9 
129 117  -1 -1  0 -9 
129 120  -1 -3  0 -9 
129 122   1 -2  0 -9 
129 123  -1 -3  0 -9 
129 124   1 -4  0 -9 
129 129   1  0  0 -9 
129 131  -1 -1  0 -9 
129 132   1 -2  0 -9 
129 133  -1 -3  0 -9 
130 100   1 -5  0 -9 
130 104  -1 -4  0 -9 
130 113  -1 -4  0 -9 
130 115   1 -5  0 -9 
130 126   1 -3  0 -9 
130 128  -1 -4  0 -9 
131 105  -1 -4  0 -9 
131 107   1 -5  0 -9 
131 120  -1 -4  0 -9 
131 123  -1 -4  0 -9 
131 124   1 -5  0 -9 
131 132   1 -3  0 -9 
131 133  -1 -4  0 -9 
132 105  -1 -5  0 -9 
132 107   1 -6  0 -9 
132 120  -1 -5  0 -9 
132 123  -1 -5  0 -9 
132 124   1 -6  0 -9 
132 131   1 -3  0 -9 
132 133   1 -7  0 -9 
133 133   1 -8  0 -9 
134 93   1 -1  0 -9 
134 96  -1 -2  0 -9 
134 110  -1  0  0 -9 
134 112   1 -2  0 -9 
134 115  -1 -3  0 -9 
134 118   1  1  0 -9 
134 119  -1  0  0 -9 
134 120  -1 -3  0 -9 
134 121   1 -1  0 -9 
134 124   1 -4  0 -9 
134 130  -1  0  0 -9 
134 134  -1  2  0 -9 
134 135  -1  0  0 -9 
134 136   1  1  0 -9 
134 137   1  1  0 -9 
134 138  -1  0  0 -9 
134 139   1 -1  0 -9 
134 140   1 -1  0 -9 
134 141  -1 -2  0 -9 
135 128  -1 -4  0 -9 
135 133   1 -5  0 -9 
135 140   1 -3  0 -9 
135 141  -1 -4  0 -9 
136 112   1 -3  0 -9 
136 115  -1 -4  0 -9 
136 120  -1 -4  0 -9 
136 124   1 -5  0 -9 
136 135  -1 -1  0 -9 
136 136   1  0  0 -9 
136 138  -1 -1  0 -9 
136 139   1 -2  0 -9 
136 140   1 -2  0 -9 
136 141  -1 -3  0 -9 
137 96  -1 -3  0 -9 
137 100   1 -4  0 -9 
137 104  -1 -3  0 -9 
137 113  -1 -3  0 -9 
137 119  -1 -1  0 -9 
137 120   1 -2 -1 -4  0 -9 
137 121   1 -2  0 -9 
137 124   1 -5  0 -9 
137 126   1 -2  0 -9 
137 128  -1 -3  0 -9 
137 130  -1 -1  0 -9 
137 135  -1 -1  0 -9 
137 137   1  0  0 -9 
137 138  -1 -1  0 -9 
137 139   1 -2  0 -9 
137 140   1 -2  0 -9 
137 141  -1 -3  0 -9 
138 120  -1 -5  0 -9 
138 124   1 -6  0 -9 
138 139   1 -3  0 -9 
138 141  -1 -4  0 -9 
139 120  -1 -4  0 -9 
139 133   1 -6  0 -9 
139 138   1 -3  0 -9 
139 141  -1 -5  0 -9 
140 115   1 -6  0 -9 
140 128  -1 -5  0 -9 
140 133   1 -6  0 -9 
140 135   1 -3  0 -9 
140 141  -1 -5  0 -9 
141 133   1 -7  0 -9 
141 141  -1 -6  0 -9 
142 38   1 -2  0 -9 
142 39  -1 -3  0 -9 
142 59   1 -2  0 -9 
142 92   1 -2  0 -9 
142 94  -1 -1  0 -9 
142 95   1 -2 -1 -4  0 -9 
142 96  -1 -4  0 -9 
142 97   1 -5  0 -9 
142 142   1  0  0 -9 
142 143  -1 -1  0 -9 
142 144   1 -3  0 -9 
142 145  -1 -4  0 -9 
142 146   1 -2  0 -9 
142 147   1 -5  0 -9 
143 39   1 -6  0 -9 
143 59  -1 -5  0 -9 
143 95  -1 -5  0 -9 
143 97   1 -6  0 -9 
143 145  -1 -5  0 -9 
143 146   1 -3  0 -9 
143 147   1 -6  0 -9 
144 96   1 -7  0 -9 
144 144  -1 -6  0 -9 
145 97   1 -7  0 -9 
145 145  -1 -6  0 -9 
145 147   1 -7  0 -9 
146 39   1 -5  0 -9 
146 59  -1 -4  0 -9 
146 95  -1 -4  0 -9 
146 97   1 -5  0 -9 
146 143   1 -3  0 -9 
146 145  -1 -4  0 -9 
147 147   1 -8  0 -9 
148 95  -1 -3  0 -9 
148 103  -1 -1  0 -9 
148 105  -1 -4  0 -9 
148 106   1 -2  0 -9 
148 107   1 -5  0 -9 
148 143   1 -2  0 -9 
148 146  -1 -1  0 -9 
148 147  -1 -4  0 -9 
148 148   1  0  0 -9 
148 149   1 -3  0 -9 
149 147   1 -7  0 -9 
149 149  -1 -6  0 -9 
150 38   1 -1  0 -9 
150 39  -1 -2  0 -9 
150 59   1 -1  0 -9 
150 93   1 -2  0 -9 
150 94  -1  0  0 -9 
150 95   1 -1  0 -9 
150 96  -1 -3  0 -9 
150 142   1  1  0 -9 
150 143  -1  0  0 -9 
150 144   1 -2  0 -9 
150 145  -1 -3  0 -9 
150 147   1 -4  0 -9 
150 150  -1  2  0 -9 
150 151   1  1  0 -9 
150 152   1  1  0 -9 
150 153  -1  0  0 -9 
150 154  -1 -3  0 -9 
150 156   1 -2  0 -9 
150 157  -1 -3  0 -9 
150 158   1 -4  0 -9 
151 145  -1 -4  0 -9 
151 147   1 -5  0 -9 
151 154  -1 -4  0 -9 
151 156   1 -3  0 -9 
151 157  -1 -4  0 -9 
151 158   1 -5  0 -9 
152 93   1 -3  0 -9 
152 96  -1 -4  0 -9 
152 152   1  0  0 -9 
152 153  -1 -1  0 -9 
152 154  -1 -4  0 -9 
152 155   1 -2  0 -9 
152 158   1 -5  0 -9 
153 144  -1 -4  0 -9 
153 154  -1 -5  0 -9 
153 155   1 -3  0 -9 
153 158   1 -6  0 -9 
154 154  -1 -6  0 -9 
154 158   1 -7  0 -9 
155 96   1 -6  0 -9 
155 144  -1 -5  0 -9 
155 153   1 -3  0 -9 
155 154  -1 -4  0 -9 
156 97   1 -6  0 -9 
156 145  -1 -5  0 -9 
156 147   1 -6  0 -9 
156 151   1 -3  0 -9 
156 154  -1 -5  0 -9 
156 157  -1 -5  0 -9 
156 158   1 -6  0 -9 
157 147   1 -7  0 -9 
157 157  -1 -6  0 -9 
157 158   1 -7  0 -9 
158 158   1 -8  0 -9 
159 97  -1 -2  0 -9 
159 105  -1  0 -1 -2  0 -9 
159 107   1 -3  0 -9 
159 117  -1  0  0 -9 
159 120  -1  0 -1 -2  0 -9 
159 122   1 -1  0 -9 
159 123  -1 -2  0 -9 
159 124   1 -3  0 -9 
159 129   1  1  0 -9 
159 131  -1  0  0 -9 
159 132   1 -1  0 -9 
159 133  -1 -2  0 -9 
159 145   1 -1  0 -9 
159 147  -1 -2  0 -9 
159 149   1 -1  0 -9 
159 154   1 -1  0 -9 
159 156  -1  0  0 -9 
159 157   1 -1  0 -9 
159 158  -1 -2  0 -9 
159 159  -1  2  0 -9 
159 161   1  1  0 -9 
159 162  -1  0  0 -9 
159 163   1 -1  0 -9 
160 96  -1 -3  0 -9 
160 100   1 -4  1 -6  0 -9 
160 104  -1 -1 -1 -3 -1 -5  0 -9 
160 113  -1 -3  0 -9 
160 119  -1 -1  0 -9 
160 120  -1 -4  0 -9 
160 121   1 -2  0 -9 
160 124   1 -5  0 -9 
160 126   1 -2  0 -9 
160 130  -1 -1  0 -9 
160 133  -1 -4  0 -9 
160 144   1 -2  0 -9 
160 153   1 -2  0 -9 
160 155  -1 -1  0 -9 
160 158  -1 -4  0 -9 
160 160   1  0  0 -9 
160 163   1 -3  0 -9 
161 97  -1 -3  0 -9 
161 105  -1 -1 -1 -3 -1 -5  0 -9 
161 107   1 -4  1 -6  0 -9 
161 117  -1 -1  0 -9 
161 120  -1 -1 -1 -3 -1 -5  0 -9 
161 122   1 -2  0 -9 
161 123  -1 -3  0 -9 
161 124   1 -4  1 -6  0 -9 
161 131  -1 -1  0 -9 
161 132   1 -2  0 -9 
161 133  -1 -3  0 -9 
161 145   1 -2  0 -9 
161 147  -1 -3  0 -9 
161 149   1 -2  0 -9 
161 151   1 -2  0 -9 
161 154   1 -2  0 -9 
161 156  -1 -1  0 -9 
161 157   1 -2 -1 -4  0 -9 
161 158  -1 -3  0 -9 
161 161   1  0  0 -9 
161 162  -1 -1  0 -9 
161 163   1 -2  0 -9 
161 164   1 -2  0 -9 
162 133   1 -6  0 -9 
162 147   1 -6  0 -9 
162 149  -1 -5  0 -9 
162 157  -1 -5  0 -9 
162 158   1 -6  0 -9 
162 163  -1 -5  0 -9 
162 164   1 -3  0 -9 
163 133   1 -7  0 -9 
163 158   1 -7  0 -9 
163 163  -1 -6  0 -9 
164 147   1 -5  0 -9 
164 149  -1 -4  0 -9 
164 157  -1 -4  0 -9 
164 158   1 -5  0 -9 
164 162   1 -3  0 -9 
164 163  -1 -4  0 -9 
165 96  -1 -2  0 -9 
165 100   1 -3  0 -9 
165 104  -1  0 -1 -2  0 -9 
165 113  -1 -2  0 -9 
165 119  -1  0  0 -9 
165 120  -1 -3  0 -9 
165 121   1 -1  0 -9 
165 124   1 -4  0 -9 
165 126   1 -1  0 -9 
165 130  -1  0  0 -9 
165 133  -1 -3  0 -9 
165 135  -1  0  0 -9 
165 137   1  1  0 -9 
165 138  -1  0  0 -9 
165 139   1 -1  0 -9 
165 144   1 -1  0 -9 
165 154   1 -2  0 -9 
165 155  -1  0  0 -9 
165 158  -1 -3  0 -9 
165 160   1  1  0 -9 
165 163   1 -2  0 -9 
165 165  -1  2  0 -9 
165 166   1  1  0 -9 
165 167  -1  0  0 -9 
166 120  -1 -4  0 -9 
166 124   1 -5  0 -9 
166 138  -1 -1  0 -9 
166 139   1 -2  0 -9 
166 141  -1 -3  0 -9 
166 154   1 -3  0 -9 
166 158  -1 -4  0 -9 
166 166   1  0  0 -9 
166 167  -1 -1  0 -9 
166 168   1 -2  0 -9 
167 133   1 -5  0 -9 
167 141  -1 -4  0 -9 
167 163  -1 -4  0 -9 
167 168   1 -3  0 -9 
168 133   1 -6  0 -9 
168 141  -1 -5  0 -9 
168 158   1 -6  0 -9 
168 163  -1 -5  0 -9 
168 167   1 -3  0 -9 
169 38   1 -2  0 -9 
169 39  -1 -3  0 -9 
169 60   1  1  0 -9 
169 61  -1  0  0 -9 
169 62   1 -2  0 -9 
169 63  -1 -3  0 -9 
169 64   1 -1  0 -9 
169 65   1 -4  0 -9 
169 97  -1 -3  0 -9 
169 98  -1  0  0 -9 
169 100  -1 -3  0 -9 
169 101   1 -2  0 -9 
169 102   1  1  0 -9 
169 103  -1  0  0 -9 
169 104   1 -2  0 -9 
169 105  -1 -3  0 -9 
169 106   1 -1  0 -9 
169 107   1 -4  0 -9 
169 146  -1  0  0 -9 
169 151  -1  0  0 -9 
169 154  -1  0 -1 -2  0 -9 
169 156   1 -1  0 -9 
169 157  -1 -2  0 -9 
169 158   1 -3  0 -9 
169 169  -1  2  0 -9 
169 170  -1  0  0 -9 
169 171   1  1  0 -9 
169 172   1 -1  0 -9 
169 173   1  1  0 -9 
169 175  -1  0  0 -9 
169 176   1 -1  0 -9 
169 177  -1 -2  0 -9 
170 62  -1 -4  0 -9 
170 104  -1 -4  0 -9 
170 172  -1 -5  0 -9 
170 174   1 -3  0 -9 
170 177   1 -6  0 -9 
171 63  -1 -4  0 -9 
171 65   1 -5  0 -9 
171 97  -1 -4  0 -9 
171 100  -1 -4  0 -9 
171 101   1 -3  0 -9 
171 105  -1 -4  0 -9 
171 107   1 -5  0 -9 
171 151  -1 -1  0 -9 
171 154  -1 -1 -1 -3 -1 -5  0 -9 
171 156   1 -2  0 -9 
171 157  -1 -3  0 -9 
171 158   1 -4  1 -6  0 -9 
171 170  -1 -1  0 -9 
171 171   1  0  0 -9 
171 172   1 -2  0 -9 
171 174   1 -2  0 -9 
171 175  -1 -1  0 -9 
171 176   1 -2  0 -9 
171 177  -1 -3  0 -9 
172 172  -1 -6  0 -9 
172 177   1 -7  0 -9 
173 59  -1 -3  0 -9 
173 61  -1 -1  0 -9 
173 63   1 -2 -1 -4  0 -9 
173 64   1 -2  0 -9 
173 65   1 -5  0 -9 
173 95  -1 -3  0 -9 
173 103  -1 -1  0 -9 
173 105   1 -2 -1 -4  0 -9 
173 106   1 -2  0 -9 
173 107   1 -5  0 -9 
173 143   1 -2  0 -9 
173 145  -1 -3  0 -9 
173 146  -1 -1  0 -9 
173 151  -1 -1  0 -9 
173 154  -1 -3  0 -9 
173 156   1 -2  0 -9 
173 157  -1 -3  0 -9 
173 158   1 -4  0 -9 
173 173   1  0  0 -9 
173 175  -1 -1  0 -9 
173 176   1 -2  0 -9 
173 177  -1 -3  0 -9 
174 62  -1 -5  0 -9 
174 100   1 -6  0 -9 
174 104  -1 -5  0 -9 
174 170   1 -3  0 -9 
174 172  -1 -4  0 -9 
175 63  -1 -5  0 -9 
175 65   1 -6  0 -9 
175 105  -1 -5  0 -9 
175 107   1 -6  0 -9 
175 154  -1 -4  0 -9 
175 157  -1 -4  0 -9 
175 158   1 -5  0 -9 
175 176   1 -3  0 -9 
175 177  -1 -4  0 -9 
176 63  -1 -4  0 -9 
176 105  -1 -4  0 -9 
176 147   1 -6  0 -9 
176 154  -1 -5  0 -9 
176 157  -1 -5  0 -9 
176 158   1 -6  0 -9 
176 175   1 -3  0 -9 
176 177   1 -7  0 -9 
177 177   1 -8  0 -9 
178 61  -1  0  0 -9 
178 63   1 -1  0 -9 
178 95  -1 -2  0 -9 
178 103  -1  0  0 -9 
178 105  -1 -3  0 -9 
178 106   1 -1  0 -9 
178 107   1 -4  0 -9 
178 143   1 -1  0 -9 
178 146  -1  0  0 -9 
178 147  -1 -3  0 -9 
178 148   1  1  0 -9 
178 149   1 -2  0 -9 
178 151  -1  0  0 -9 
178 173   1  1  0 -9 
178 175  -1  0  0 -9 
178 176   1 -1  0 -9 
178 177  -1 -2  0 -9 
178 178  -1  2  0 -9 
178 180   1  1  0 -9 
178 181  -1  0  0 -9 
178 182   1 -1  0 -9 
179 62   1 -2  0 -9 
179 100   1 -5  0 -9 
179 104  -1 -4  0 -9 
179 170   1 -2  0 -9 
179 174  -1 -1  0 -9 
179 177  -1 -4  0 -9 
179 179   1  0  0 -9 
179 182   1 -3  0 -9 
180 63   1 -2  0 -9 
180 65  -1 -3  0 -9 
180 105  -1 -4  0 -9 
180 107   1 -5  0 -9 
180 157  -1 -3  0 -9 
180 175  -1 -1  0 -9 
180 176   1 -2  0 -9 
180 177  -1 -3  0 -9 
180 180   1  0  0 -9 
180 181  -1 -1  0 -9 
180 182   1 -2  0 -9 
180 183   1 -2  0 -9 
181 65  -1 -4  0 -9 
181 147   1 -5  0 -9 
181 149  -1 -4  0 -9 
181 157  -1 -4  0 -9 
181 177   1 -6  0 -9 
181 182  -1 -5  0 -9 
181 183   1 -3  0 -9 
182 177   1 -7  0 -9 
182 182  -1 -6  0 -9 
183 65   1 -7  0 -9 
183 147   1 -6  0 -9 
183 149  -1 -5  0 -9 
183 157  -1 -5  0 -9 
183 158   1 -6  0 -9 
183 181   1 -3  0 -9 
183 182  -1 -4  0 -9 
184 62   1 -1  0 -9 
184 100   1 -4  0 -9 
184 104  -1 -3  0 -9 
184 113  -1 -3  0 -9 
184 115   1 -4  0 -9 
184 126   1 -2  0 -9 
184 128  -1 -3  0 -9 
184 130   1  1  0 -9 
184 140  -1  0  0 -9 
184 141   1 -1  0 -9 
184 172   1 -2  0 -9 
184 174  -1  0  0 -9 
184 177  -1 -3  0 -9 
184 179   1  1  0 -9 
184 182   1 -2  0 -9 
184 184  -1  2  0 -9 
184 186   1  1  0 -9 
184 187  -1  0  0 -9 
185 63   1 -1  0 -9 
185 65  -1 -2  0 -9 
185 105  -1 -3  0 -9 
185 107   1 -4  0 -9 
185 120  -1 -3  0 -9 
185 123  -1 -3  0 -9 
185 124   1 -4  0 -9 
185 131   1  1  0 -9 
185 132   1 -2  0 -9 
185 133  -1 -3  0 -9 
185 138  -1  0  0 -9 
185 154   1 -2  0 -9 
185 158  -1 -3  0 -9 
185 164  -1  0  0 -9 
185 166   1  1  0 -9 
185 167  -1  0  0 -9 
185 168   1 -1  0 -9 
185 175  -1  0  0 -9 
185 180   1  1  0 -9 
185 181  -1  0  0 -9 
185 182   1 -1  0 -9 
185 183   1 -1  0 -9 
185 185  -1  2  0 -9 
185 188   1  1  0 -9 
185 189  -1  0  0 -9 
186 115   1 -5  0 -9 
186 128  -1 -4  0 -9 
186 133   1 -5  0 -9 
186 135   1 -2  0 -9 
186 140  -1 -1  0 -9 
186 141   1 -2 -1 -4  0 -9 
186 172   1 -3  0 -9 
186 177  -1 -4  0 -9 
186 186   1  0  0 -9 
186 187  -1 -1  0 -9 
186 189   1 -2  0 -9 
187 133   1 -6  0 -9 
187 141  -1 -5  0 -9 
187 182  -1 -4  0 -9 
187 189   1 -3  0 -9 
188 65  -1 -3  0 -9 
188 141  -1 -3  0 -9 
188 147   1 -4  0 -9 
188 149  -1 -3  0 -9 
188 157  -1 -3  0 -9 
188 162   1 -2  0 -9 
188 163  -1 -3  0 -9 
188 164  -1 -1  0 -9 
188 167  -1 -1  0 -9 
188 168   1 -2  0 -9 
188 177   1 -5  0 -9 
188 181  -1 -1  0 -9 
188 182   1 -2 -1 -4  0 -9 
188 183   1 -2  0 -9 
188 187   1 -2  0 -9 
188 188   1  0  0 -9 
188 189  -1 -1  0 -9 
189 141  -1 -4  0 -9 
189 177   1 -6  0 -9 
189 182  -1 -5  0 -9 
189 187   1 -3  0 -9 
190 74   1 -2  0 -9 
190 190   1  0  0 -9 
190 191  -1 -1  0 -9 
190 192   1 -3  0 -9 
190 193  -1 -4  0 -9 
190 194   1 -2  0 -9 
190 195   1 -5  0 -9 
191 74  -1 -5  0 -9 
191 193  -1 -5  0 -9 
191 194   1 -3  0 -9 
191 195   1 -6  0 -9 
192 192  -1 -6  0 -9 
193 193  -1 -6  0 -9 
193 195   1 -7  0 -9 
194 74  -1 -4  0 -9 
194 191   1 -3  0 -9 
194 193  -1 -4  0 -9 
195 195   1 -8  0 -9 
196 191   1 -2  0 -9 
196 194  -1 -1  0 -9 
196 195  -1 -4  0 -9 
196 196   1  0  0 -9 
196 197   1 -3  0 -9 
197 195   1 -7  0 -9 
197 197  -1 -6  0 -9 
198 74   1 -1  0 -9 
198 190   1  1  0 -9 
198 191  -1  0  0 -9 
198 192   1 -2  0 -9 
198 193  -1 -3  0 -9 
198 195   1 -4  0 -9 
198 198  -1  2  0 -9 
198 199   1  1  0 -9 
198 200   1  1  0 -9 
198 201  -1  0  0 -9 
198 202  -1 -3  0 -9 
198 204   1 -2  0 -9 
198 205  -1 -3  0 -9 
198 206   1 -4  0 -9 
199 193  -1 -4  0 -9 
199 195   1 -5  0 -9 
199 202  -1 -4  0 -9 
199 204   1 -3  0 -9 
199 205  -1 -4  0 -9 
199 206   1 -5  0 -9 
200 200   1  0  0 -9 
200 201  -1 -1  0 -9 
200 202  -1 -4  0 -9 
200 203   1 -2  0 -9 
200 206   1 -5  0 -9 
201 192  -1 -4  0 -9 
201 202  -1 -5  0 -9 
201 203   1 -3  0 -9 
201 206   1 -6  0 -9 
202 202  -1 -6  0 -9 
202 206   1 -7  0 -9 
203 192  -1 -5  0 -9 
203 201   1 -3  0 -9 
203 202  -1 -4  0 -9 
204 193  -1 -5  0 -9 
204 195   1 -6  0 -9 
204 199   1 -3  0 -9 
204 202  -1 -5  0 -9 
204 205  -1 -5  0 -9 
204 206   1 -6  0 -9 
205 195   1 -7  0 -9 
205 205  -1 -6  0 -9 
205 206   1 -7  0 -9 
206 206   1 -8  0 -9 
207 193   1 -1  0 -9 
207 195  -1 -2  0 -9 
207 197   1 -1  0 -9 
207 202   1 -1  0 -9 
207 204  -1  0  0 -9 
207 205   1 -1  0 -9 
207 206  -1 -2  0 -9 
207 207  -1  2  0 -9 
207 209   1  1  0 -9 
207 210  -1  0  0 -9 
207 211   1 -1  0 -9 
208 192   1 -2  0 -9 
208 201   1 -2  0 -9 
208 203  -1 -1  0 -9 
208 206  -1 -4  0 -9 
208 208   1  0  0 -9 
208 211   1 -3  0 -9 
209 193   1 -2  0 -9 
209 195  -1 -3  0 -9 
209 197   1 -2  0 -9 
209 199   1 -2  0 -9 
209 202   1 -2  0 -9 
209 204  -1 -1  0 -9 
209 205   1 -2 -1 -4  0 -9 
209 206  -1 -3  0 -9 
209 209   1  0  0 -9 
209 210  -1 -1  0 -9 
209 211   1 -2  0 -9 
209 212   1 -2  0 -9 
210 195   1 -6  0 -9 
210 197  -1 -5  0 -9 
210 205  -1 -5  0 -9 
210 206   1 -6  0 -9 
210 211  -1 -5  0 -9 
210 212   1 -3  0 -9 
211 206   1 -7  0 -9 
211 211  -1 -6  0 -9 
212 195   1 -5  0 -9 
212 197  -1 -4  0 -9 
212 205  -1 -4  0 -9 
212 206   1 -5  0 -9 
212 210   1 -3  0 -9 
212 211  -1 -4  0 -9 
213 192   1 -1  0 -9 
213 202   1 -2  0 -9 
213 203  -1  0  0 -9 
213 206  -1 -3  0 -9 
213 208   1  1  0 -9 
213 211   1 -2  0 -9 
213 213  -1  2  0 -9 
213 214   1  1  0 -9 
213 215  -1  0  0 -9 
214 202   1 -3  0 -9 
214 206  -1 -4  0 -9 
214 214   1  0  0 -9 
214 215  -1 -1  0 -9 
214 216   1 -2  0 -9 
215 211  -1 -4  0 -9 
215 216   1 -3  0 -9 
216 206   1 -6  0 -9 
216 211  -1 -5  0 -9 
216 215   1 -3  0 -9 
217 39   1 -4  0 -9 
217 59  -1 -3  0 -9 
217 63   1 -2  0 -9 
217 64  -1  0  0 -9 
217 65  -1 -3  0 -9 
217 74   1 -2  0 -9 
217 89   1  1  0 -9 
217 90   1 -2  0 -9 
217 95  -1 -3  0 -9 
217 97   1 -4  0 -9 
217 143   1 -2  0 -9 
217 145  -1 -3  0 -9 
217 146   1  1  0 -9 
217 154   1 -1  0 -9 
217 156  -1  0  0 -9 
217 157   1 -1  0 -9 
217 158  -1 -2  0 -9 
217 193   1 -2  0 -9 
217 194  -1  0  0 -9 
217 195  -1 -3  0 -9 
217 196   1  1  0 -9 
217 197   1 -2  0 -9 
217 217  -1  2  0 -9 
217 219   1  1  0 -9 
217 220  -1  0  0 -9 
217 221   1 -1  0 -9 
218 62   1 -3  0 -9 
218 96   1 -5  0 -9 
218 144  -1 -4  0 -9 
218 153   1 -2  0 -9 
218 155  -1 -1  0 -9 
218 158  -1 -4  0 -9 
218 192   1 -3  0 -9 
218 218   1  0  0 -9 
218 221   1 -3  0 -9 
219 63   1 -3  0 -9 
219 65  -1 -4  0 -9 
219 97   1 -5  0 -9 
219 145  -1 -4  0 -9 
219 147   1 -5  0 -9 
219 151   1 -2  0 -9 
219 154   1 -2  0 -9 
219 156  -1 -1  0 -9 
219 157   1 -2 -1 -4  0 -9 
219 158  -1 -3  0 -9 
219 193   1 -3  0 -9 
219 195  -1 -4  0 -9 
219 219   1  0  0 -9 
219 220  -1 -1  0 -9 
219 221   1 -2  0 -9 
219 222   1 -2  0 -9 
220 90  -1 -4  0 -9 
220 147   1 -6  0 -9 
220 157  -1 -5  0 -9 
220 158   1 -6  0 -9 
220 197  -1 -4  0 -9 
220 221  -1 -5  0 -9 
220 222   1 -3  0 -9 
221 158   1 -7  0 -9 
221 221  -1 -6  0 -9 
222 65   1 -6  0 -9 
222 90  -1 -5  0 -9 
222 157  -1 -4  0 -9 
222 158   1 -5  0 -9 
222 195   1 -6  0 -9 
222 197  -1 -5  0 -9 
222 220   1 -3  0 -9 
222 221  -1 -4  0 -9 
223 65  -1 -3  0 -9 
223 90   1 -2  0 -9 
223 157  -1 -3  0 -9 
223 177   1 -5  0 -9 
223 181  -1 -1  0 -9 
223 182  -1 -4  0 -9 
223 183   1 -2  0 -9 
223 195   1 -5  0 -9 
223 197  -1 -4  0 -9 
223 220   1 -2  0 -9 
223 222  -1 -1  0 -9 
223 223   1  0  0 -9 
224 65  -1 -2  0 -9 
224 90   1 -1  0 -9 
224 141  -1 -2  0 -9 
224 158  -1 -3  0 -9 
224 164  -1  0  0 -9 
224 167  -1  0  0 -9 
224 168   1 -1  0 -9 
224 177   1 -4  0 -9 
224 181  -1  0  0 -9 
224 182  -1 -3  0 -9 
224 183   1 -1  0 -9 
224 187   1 -1  0 -9 
224 188   1  1  0 -9 
224 189  -1  0  0 -9 
224 195   1 -4  0 -9 
224 197  -1 -3  0 -9 
224 205  -1 -3  0 -9 
224 206   1 -4  0 -9 
224 210   1 -2  0 -9 
224 211  -1 -3  0 -9 
224 212   1  1  0 -9 
224 216  -1  0  0 -9 
224 221   1 -2  0 -9 
224 222  -1  0  0 -9 
224 223   1  1  0 -9 
224 224  -1  2  0 -9 
224 225   1  1  0 -9 
225 141  -1 -3  0 -9 
225 158  -1 -4  0 -9 
225 167  -1 -1  0 -9 
225 168   1 -2  0 -9 
225 177   1 -5  0 -9 
225 182  -1 -4  0 -9 
225 187   1 -2  0 -9 
225 189  -1 -1  0 -9 
225 206   1 -5  0 -9 
225 211  -1 -4  0 -9 
225 215   1 -2  0 -9 
225 216  -1 -1  0 -9 
225 221   1 -3  0 -9 
225 225   1  0  0 -9 
226 226   1  0  0 -9 
226 227  -1 -1  0 -9 
226 228   1 -3  0 -9 
226 229  -1 -4  0 -9 
226 230   1 -2  0 -9 
226 231   1 -5  0 -9 
227 229  -1 -5  0 -9 
227 230   1 -3  0 -9 
227 231   1 -6  0 -9 
228 228  -1 -6  0 -9 
229 229  -1 -6  0 -9 
229 231   1 -7  0 -9 
230 227   1 -3  0 -9 
230 229  -1 -4  0 -9 
231 231   1 -8  0 -9 
232 75   1  1  0 -9 
232 76  -1  0  0 -9 
232 77   1 -2  0 -9 
232 78  -1 -3  0 -9 
232 79   1 -1  0 -9 
232 80   1 -4  0 -9 
232 194  -1  0  0 -9 
232 199  -1  0  0 -9 
232 202  -1  0 -1 -2  0 -9 
232 204   1 -1  0 -9 
232 205  -1 -2  0 -9 
232 206   1 -3  0 -9 
232 226   1  1  0 -9 
232 227  -1  0  0 -9 
232 228   1 -2  0 -9 
232 229  -1 -3  0 -9 
232 230   1 -1  0 -9 
232 231   1 -4  0 -9 
232 232  -1  2  0 -9 
232 233  -1  0  0 -9 
232 234   1  1  0 -9 
232 235   1 -1  0 -9 
232 236   1  1  0 -9 
232 238  -1  0  0 -9 
232 239   1 -1  0 -9 
232 240  -1 -2  0 -9 
233 77  -1 -4  0 -9 
233 228  -1 -4  0 -9 
233 235  -1 -5  0 -9 
233 237   1 -3  0 -9 
233 240   1 -6  0 -9 
234 78  -1 -4  0 -9 
234 80   1 -5  0 -9 
234 199  -1 -1  0 -9 
234 202  -1 -1 -1 -3 -1 -5  0 -9 
234 204   1 -2  0 -9 
234 205  -1 -3  0 -9 
234 206   1 -4  1 -6  0 -9 
234 229  -1 -4  0 -9 
234 231   1 -5  0 -9 
234 233  -1 -1  0 -9 
234 234   1  0  0 -9 
234 235   1 -2  0 -9 
234 237   1 -2  0 -9 
234 238  -1 -1  0 -9 
234 239   1 -2  0 -9 
234 240  -1 -3  0 -9 
235 235  -1 -6  0 -9 
235 240   1 -7  0 -9 
236 74  -1 -3  0 -9 
236 76  -1 -1  0 -9 
236 78   1 -2 -1 -4  0 -9 
236 79   1 -2  0 -9 
236 80   1 -5  0 -9 
236 191   1 -2  0 -9 
236 193  -1 -3  0 -9 
236 194  -1 -1  0 -9 
236 199  -1 -1  0 -9 
236 202  -1 -3  0 -9 
236 204   1 -2  0 -9 
236 205  -1 -3  0 -9 
236 206   1 -4  0 -9 
236 227  -1 -1  0 -9 
236 229   1 -2 -1 -4  0 -9 
236 230   1 -2  0 -9 
236 231   1 -5  0 -9 
236 236   1  0  0 -9 
236 238  -1 -1  0 -9 
236 239   1 -2  0 -9 
236 240  -1 -3  0 -9 
237 77  -1 -5  0 -9 
237 228  -1 -5  0 -9 
237 233   1 -3  0 -9 
237 235  -1 -4  0 -9 
238 78  -1 -5  0 -9 
238 80   1 -6  0 -9 
238 202  -1 -4  0 -9 
238 205  -1 -4  0 -9 
238 206   1 -5  0 -9 
238 229  -1 -5  0 -9 
238 231   1 -6  0 -9 
238 239   1 -3  0 -9 
238 240  -1 -4  0 -9 
239 78  -1 -4  0 -9 
239 195   1 -6  0 -9 
239 202  -1 -5  0 -9 
239 205  -1 -5  0 -9 
239 206   1 -6  0 -9 
239 229  -1 -4  0 -9 
239 238   1 -3  0 -9 
239 240   1 -7  0 -9 
240 240   1 -8  0 -9 
241 76  -1  0  0 -9 
241 78   1 -1  0 -9 
241 191   1 -1  0 -9 
241 194  -1  0  0 -9 
241 195  -1 -3  0 -9 
241 196   1  1  0 -9 
241 197   1 -2  0 -9 
241 199  -1  0  0 -9 
241 227  -1  0  0 -9 
241 229   1 -1  0 -9 
241 236   1  1  0 -9 
241 238  -1  0  0 -9 
241 239   1 -1  0 -9 
241 240  -1 -2  0 -9 
241 241  -1  2  0 -9 
241 243   1  1  0 -9 
241 244  -1  0  0 -9 
241 245   1 -1  0 -9 
242 77   1 -2  0 -9 
242 228   1 -2  0 -9 
242 233   1 -2  0 -9 
242 237  -1 -1  0 -9 
242 240  -1 -4  0 -9 
242 242   1  0  0 -9 
242 245   1 -3  0 -9 
243 78   1 -2  0 -9 
243 80  -1 -3  0 -9 
243 205  -1 -3  0 -9 
243 229   1 -2  0 -9 
243 231  -1 -3  0 -9 
243 238  -1 -1  0 -9 
243 239   1 -2  0 -9 
243 240  -1 -3  0 -9 
243 243   1  0  0 -9 
243 244  -1 -1  0 -9 
243 245   1 -2  0 -9 
243 246   1 -2  0 -9 
244 80  -1 -4  0 -9 
244 195   1 -5  0 -9 
244 197  -1 -4  0 -9 
244 205  -1 -4  0 -9 
244 231  -1 -4  0 -9 
244 240   1 -6  0 -9 
244 245  -1 -5  0 -9 
244 246   1 -3  0 -9 
245 240   1 -7  0 -9 
245 245  -1 -6  0 -9 
246 80   1 -7  0 -9 
246 195   1 -6  0 -9 
246 197  -1 -5  0 -9 
246 205  -1 -5  0 -9 
246 206   1 -6  0 -9 
246 231   1 -7  0 -9 
246 244   1 -3  0 -9 
246 245  -1 -4  0 -9 
247 77   1 -1  0 -9 
247 228   1 -1  0 -9 
247 235   1 -2  0 -9 
247 237  -1  0  0 -9 
247 240  -1 -3  0 -9 
247 242   1  1  0 -9 
247 245   1 -2  0 -9 
247 247  -1  2  0 -9 
247 249   1  1  0 -9 
247 250  -1  0  0 -9 
248 78   1 -1  0 -9 
248 80  -1 -2  0 -9 
248 202   1 -2  0 -9 
248 206  -1 -3  0 -9 
248 212  -1  0  0 -9 
248 214   1  1  0 -9 
248 215  -1  0  0 -9 
248 216   1 -1  0 -9 
248 229   1 -1  0 -9 
248 231  -1 -2  0 -9 
248 238  -1  0  0 -9 
248 243   1  1  0 -9 
248 244  -1  0  0 -9 
248 245   1 -1  0 -9 
248 246   1 -1  0 -9 
248 248  -1  2  0 -9 
248 251   1  1  0 -9 
248 252  -1  0  0 -9 
249 235   1 -3  0 -9 
249 240  -1 -4  0 -9 
249 249   1  0  0 -9 
249 250  -1 -1  0 -9 
249 252   1 -2  0 -9 
250 245  -1 -4  0 -9 
250 252   1 -3  0 -9 
251 80  -1 -3  0 -9 
251 195   1 -4  0 -9 
251 197  -1 -3  0 -9 
251 205  -1 -3  0 -9 
251 210   1 -2  0 -9 
251 211  -1 -3  0 -9 
251 212  -1 -1  0 -9 
251 215  -1 -1  0 -9 
251 216   1 -2  0 -9 
251 231  -1 -3  0 -9 
251 240   1 -5  0 -9 
251 244  -1 -1  0 -9 
251 245   1 -2 -1 -4  0 -9 
251 246   1 -2  0 -9 
251 250   1 -2  0 -9 
251 251   1  0  0 -9 
251 252  -1 -1  0 -9 
252 240   1 -6  0 -9 
252 245  -1 -5  0 -9 
252 250   1 -3  0 -9 
253 227   1 -2  0 -9 
253 230  -1 -1  0 -9 
253 231  -1 -4  0 -9 
253 253   1  0  0 -9 
253 254   1 -3  0 -9 
254 231   1 -7  0 -9 
254 254  -1 -6  0 -9 
255 229   1 -2  0 -9 
255 230  -1  0  0 -9 
255 231  -1 -3  0 -9 
255 253   1  1  0 -9 
255 254   1 -2  0 -9 
255 255  -1  2  0 -9 
255 257   1  1  0 -9 
255 258  -1  0  0 -9 
255 259   1 -1  0 -9 
256 228   1 -3  0 -9 
256 256   1  0  0 -9 
256 259   1 -3  0 -9 
257 229   1 -3  0 -9 
257 231  -1 -4  0 -9 
257 257   1  0  0 -9 
257 258  -1 -1  0 -9 
257 259   1 -2  0 -9 
257 260   1 -2  0 -9 
258 254  -1 -4  0 -9 
258 259  -1 -5  0 -9 
258 260   1 -3  0 -9 
259 259  -1 -6  0 -9 
260 231   1 -6  0 -9 
260 254  -1 -5  0 -9 
260 258   1 -3  0 -9 
260 259  -1 -4  0 -9 
261 80  -1 -3  0 -9 
261 82   1 -2  0 -9 
261 86   1 -2  0 -9 
261 88  -1 -1  0 -9 
261 195   1 -4  1 -6  0 -9 
261 197  -1 -1 -1 -3 -1 -5  0 -9 
261 205  -1 -3  0 -9 
261 210   1 -2  0 -9 
261 212  -1 -1  0 -9 
261 231  -1 -3  0 -9 
261 240   1 -5  0 -9 
261 244  -1 -1  0 -9 
261 245  -1 -4  0 -9 
261 246   1 -2  0 -9 
261 254   1 -2  0 -9 
261 258   1 -2  0 -9 
261 260  -1 -1  0 -9 
261 261   1  0  0 -9 
262 80  -1 -2  0 -9 
262 82   1 -1  0 -9 
262 87   1 -2  0 -9 
262 88  -1  0  0 -9 
262 195   1 -3  0 -9 
262 197  -1  0 -1 -2  0 -9 
262 205  -1 -2  0 -9 
262 210   1 -1  0 -9 
262 212  -1  0  0 -9 
262 215  -1  0  0 -9 
262 231  -1 -2  0 -9 
262 240   1 -4  0 -9 
262 244  -1  0  0 -9 
262 245  -1 -3  0 -9 
262 246   1 -1  0 -9 
262 250   1 -1  0 -9 
262 251   1  1  0 -9 
262 252  -1  0  0 -9 
262 254   1 -1  0 -9 
262 259   1 -2  0 -9 
262 260  -1  0  0 -9 
262 261   1  1  0 -9 
262 262  -1  2  0 -9 
262 263   1  1  0 -9 
263 87   1 -3  0 -9 
263 240   1 -5  0 -9 
263 245  -1 -4  0 -9 
263 250   1 -2  0 -9 
263 252  -1 -1  0 -9 
263 259   1 -3  0 -9 
263 263   1  0  0 -9 
264 226   1  1  0 -9 
264 227  -1  0  0 -9 
264 228   1 -2  0 -9 
264 229  -1 -3  0 -9 
264 231   1 -4  0 -9 
264 264  -1  2  0 -9 
264 265   1  1  0 -9 
264 266   1  1  0 -9 
264 267  -1  0  0 -9 
264 268  -1 -3  0 -9 
264 270   1 -2  0 -9 
264 271  -1 -3  0 -9 
264 272   1 -4  0 -9 
265 229  -1 -4  0 -9 
265 231   1 -5  0 -9 
265 268  -1 -4  0 -9 
265 270   1 -3  0 -9 
265 271  -1 -4  0 -9 
265 272   1 -5  0 -9 
266 266   1  0  0 -9 
266 267  -1 -1  0 -9 
266 268  -1 -4  0 -9 
266 269   1 -2  0 -9 
266 272   1 -5  0 -9 
267 228  -1 -4  0 -9 
267 268  -1 -5  0 -9 
267 269   1 -3  0 -9 
267 272   1 -6  0 -9 
268 268  -1 -6  0 -9 
268 272   1 -7  0 -9 
269 228  -1 -5  0 -9 
269 267   1 -3  0 -9 
269 268  -1 -4  0 -9 
270 229  -1 -5  0 -9 
270 231   1 -6  0 -9 
270 265   1 -3  0 -9 
270 268  -1 -5  0 -9 
270 271  -1 -5  0 -9 
270 272   1 -6  0 -9 
271 231   1 -7  0 -9 
271 271  -1 -6  0 -9 
271 272   1 -7  0 -9 
272 272   1 -8  0 -9 
273 228   1 -1  0 -9 
273 229  -1  0 -1 -2  0 -9 
273 231   1 -3  0 -9 
273 265  -1  0  0 -9 
273 268  -1  0 -1 -2  0 -9 
273 270   1 -1  0 -9 
273 271  -1 -2  0 -9 
273 272   1 -3  0 -9 
273 273  -1  2  0 -9 
273 274  -1  0  0 -9 
273 275   1  1  0 -9 
273 276   1 -1  0 -9 
273 277   1  1  0 -9 
273 279  -1  0  0 -9 
273 280   1 -1  0 -9 
273 281  -1 -2  0 -9 
274 228  -1 -5  0 -9 
274 276  -1 -5  0 -9 
274 278   1 -3  0 -9 
274 281   1 -6  0 -9 
275 228   1 -2  0 -9 
275 229  -1 -1 -1 -3 -1 -5  0 -9 
275 231   1 -4  1 -6  0 -9 
275 265  -1 -1  0 -9 
275 268  -1 -1 -1 -3 -1 -5  0 -9 
275 270   1 -2  0 -9 
275 271  -1 -3  0 -9 
275 272   1 -4  1 -6  0 -9 
275 274  -1 -1  0 -9 
275 275   1  0  0 -9 
275 276   1 -2  0 -9 
275 278   1 -2  0 -9 
275 279  -1 -1  0 -9 
275 280   1 -2  0 -9 
275 281  -1 -3  0 -9 
276 276  -1 -6  0 -9 
276 281   1 -7  0 -9 
277 229  -1 -3  0 -9 
277 231   1 -4  0 -9 
277 265  -1 -1  0 -9 
277 268  -1 -3  0 -9 
277 270   1 -2  0 -9 
277 271  -1 -3  0 -9 
277 272   1 -4  0 -9 
277 277   1  0  0 -9 
277 279  -1 -1  0 -9 
277 280   1 -2  0 -9 
277 281  -1 -3  0 -9 
278 228  -1 -4  0 -9 
278 274   1 -3  0 -9 
278 276  -1 -4  0 -9 
279 229  -1 -4  0 -9 
279 231   1 -5  0 -9 
279 268  -1 -4  0 -9 
279 271  -1 -4  0 -9 
279 272   1 -5  0 -9 
279 280   1 -3  0 -9 
279 281  -1 -4  0 -9 
280 229  -1 -5  0 -9 
280 231   1 -6  0 -9 
280 268  -1 -5  0 -9 
280 271  -1 -5  0 -9 
280 272   1 -6  0 -9 
280 279   1 -3  0 -9 
280 281   1 -7  0 -9 
281 281   1 -8  0 -9 
282 265  -1  0  0 -9 
282 277   1  1  0 -9 
282 279  -1  0  0 -9 
282 280   1 -1  0 -9 
282 281  -1 -2  0 -9 
282 282  -1  2  0 -9 
282 284   1  1  0 -9 
282 285  -1  0  0 -9 
282 286   1 -1  0 -9 
283 274   1 -2  0 -9 
283 278  -1 -1  0 -9 
283 281  -1 -4  0 -9 
283 283   1  0  0 -9 
283 286   1 -3  0 -9 
284 271  -1 -3  0 -9 
284 279  -1 -1  0 -9 
284 280   1 -2  0 -9 
284 281  -1 -3  0 -9 
284 284   1  0  0 -9 
284 285  -1 -1  0 -9 
284 286   1 -2  0 -9 
284 287   1 -2  0 -9 
285 271  -1 -4  0 -9 
285 281   1 -6  0 -9 
285 286  -1 -5  0 -9 
285 287   1 -3  0 -9 
286 281   1 -7  0 -9 
286 286  -1 -6  0 -9 
287 231   1 -6  0 -9 
287 271  -1 -5  0 -9 
287 272   1 -6  0 -9 
287 285   1 -3  0 -9 
287 286  -1 -4  0 -9 
288 266   1  1  0 -9 
288 267  -1  0  0 -9 
288 268  -1 -3  0 -9 
288 269   1 -1  0 -9 
288 272   1 -4  0 -9 
288 278  -1  0  0 -9 
288 288  -1  2  0 -9 
288 289  -1  0  0 -9 
288 290   1  1  0 -9 
288 291   1  1  0 -9 
288 292  -1  0  0 -9 
288 293   1 -1  0 -9 
288 294   1 -1  0 -9 
288 295  -1 -2  0 -9 
289 276  -1 -4  0 -9 
289 281   1 -5  0 -9 
289 294   1 -3  0 -9 
289 295  -1 -4  0 -9 
290 268  -1 -4  0 -9 
290 272   1 -5  0 -9 
290 289  -1 -1  0 -9 
290 290   1  0  0 -9 
290 292  -1 -1  0 -9 
290 293   1 -2  0 -9 
290 294   1 -2  0 -9 
290 295  -1 -3  0 -9 
291 228  -1 -3  0 -9 
291 267  -1 -1  0 -9 
291 268   1 -2 -1 -4  0 -9 
291 269   1 -2  0 -9 
291 272   1 -5  0 -9 
291 274   1 -2  0 -9 
291 276  -1 -3  0 -9 
291 278  -1 -1  0 -9 
291 289  -1 -1  0 -9 
291 291   1  0  0 -9 
291 292  -1 -1  0 -9 
291 293   1 -2  0 -9 
291 294   1 -2  0 -9 
291 295  -1 -3  0 -9 
292 268  -1 -5  0 -9 
292 272   1 -6  0 -9 
292 293   1 -3  0 -9 
292 295  -1 -4  0 -9 
293 268  -1 -4  0 -9 
293 281   1 -6  0 -9 
293 292   1 -3  0 -9 
293 295  -1 -5  0 -9 
294 276  -1 -5  0 -9 
294 281   1 -6  0 -9 
294 289   1 -3  0 -9 
294 295  -1 -5  0 -9 
295 281   1 -7  0 -9 
295 295  -1 -6  0 -9 
296 267  -1  0  0 -9 
296 268   1 -1  0 -9 
296 274   1 -1  0 -9 
296 278  -1  0  0 -9 
296 281  -1 -3  0 -9 
296 283   1  1  0 -9 
296 286   1 -2  0 -9 
296 289  -1  0  0 -9 
296 291   1  1  0 -9 
296 292  -1  0  0 -9 
296 293   1 -1  0 -9 
296 296  -1  2  0 -9 
296 297   1  1  0 -9 
296 298  -1  0  0 -9 
297 268   1 -2  0 -9 
297 272  -1 -3  0 -9 
297 292  -1 -1  0 -9 
297 293   1 -2  0 -9 
297 295  -1 -3  0 -9 
297 297   1  0  0 -9 
297 298  -1 -1  0 -9 
297 299   1 -2  0 -9 
298 272  -1 -4  0 -9 
298 281   1 -5  0 -9 
298 286  -1 -4  0 -9 
298 295  -1 -4  0 -9 
298 299   1 -3  0 -9 
299 272   1 -7  0 -9 
299 281   1 -6  0 -9 
299 286  -1 -5  0 -9 
299 295  -1 -5  0 -9 
299 298   1 -3  0 -9 
300 276   1 -1  0 -9 
300 281  -1 -2  0 -9 
300 286   1 -1  0 -9 
300 294  -1  0  0 -9 
300 295   1 -1  0 -9 
300 300  -1  2  0 -9 
300 302   1  1  0 -9 
300 303  -1  0  0 -9 
301 268   1 -1  0 -9 
301 272  -1 -2  0 -9 
301 292  -1  0  0 -9 
301 297   1  1  0 -9 
301 298  -1  0  0 -9 
301 299   1 -1  0 -9 
301 301  -1  2  0 -9 
301 304   1  1  0 -9 
301 305  -1  0  0 -9 
302 276   1 -2  0 -9 
302 281  -1 -3  0 -9 
302 286   1 -2  0 -9 
302 289   1 -2  0 -9 
302 294  -1 -1  0 -9 
302 295   1 -2 -1 -4  0 -9 
302 302   1  0  0 -9 
302 303  -1 -1  0 -9 
302 305   1 -2  0 -9 
303 281   1 -6  0 -9 
303 286  -1 -5  0 -9 
303 295  -1 -5  0 -9 
303 305   1 -3  0 -9 
304 272  -1 -3  0 -9 
304 281   1 -4  0 -9 
304 286  -1 -3  0 -9 
304 295  -1 -3  0 -9 
304 298  -1 -1  0 -9 
304 299   1 -2  0 -9 
304 303   1 -2  0 -9 
304 304   1  0  0 -9 
304 305  -1 -1  0 -9 
305 281   1 -5  0 -9 
305 286  -1 -4  0 -9 
305 295  -1 -4  0 -9 
305 303   1 -3  0 -9 
306 229   1 -1  0 -9 
306 231  -1 -2  0 -9 
306 254   1 -1  0 -9 
306 268   1 -1  0 -9 
306 270  -1  0  0 -9 
306 271   1 -1  0 -9 
306 272  -1 -2  0 -9 
306 306  -1  2  0 -9 
306 308   1  1  0 -9 
306 309  -1  0  0 -9 
306 310   1 -1  0 -9 
307 228   1 -2  0 -9 
307 267   1 -2  0 -9 
307 269  -1 -1  0 -9 
307 272  -1 -4  0 -9 
307 307   1  0  0 -9 
307 310   1 -3  0 -9 
308 229   1 -2  0 -9 
308 231  -1 -3  0 -9 
308 254   1 -2  0 -9 
308 265   1 -2  0 -9 
308 268   1 -2  0 -9 
308 270  -1 -1  0 -9 
308 271   1 -2 -1 -4  0 -9 
308 272  -1 -3  0 -9 
308 308   1  0  0 -9 
308 309  -1 -1  0 -9 
308 310   1 -2  0 -9 
308 311   1 -2  0 -9 
309 231   1 -6  0 -9 
309 254  -1 -5  0 -9 
309 271  -1 -5  0 -9 
309 272   1 -6  0 -9 
309 310  -1 -5  0 -9 
309 311   1 -3  0 -9 
310 272   1 -7  0 -9 
310 310  -1 -6  0 -9 
311 231   1 -5  0 -9 
311 254  -1 -4  0 -9 
311 271  -1 -4  0 -9 
311 272   1 -5  0 -9 
311 309   1 -3  0 -9 
311 310  -1 -4  0 -9 
312 271  -1 -3  0 -9 
312 281   1 -5  0 -9 
312 285  -1 -1  0 -9 
312 286  -1 -4  0 -9 
312 287   1 -2  0 -9 
312 309   1 -2  0 -9 
312 311  -1 -1  0 -9 
312 312   1  0  0 -9 
313 228   1 -1  0 -9 
313 268   1 -2  0 -9 
313 269  -1  0  0 -9 
313 272  -1 -3  0 -9 
313 307   1  1  0 -9 
313 310   1 -2  0 -9 
313 313  -1  2  0 -9 
313 314   1  1  0 -9 
313 315  -1  0  0 -9 
314 268   1 -3  0 -9 
314 272  -1 -4  0 -9 
314 314   1  0  0 -9 
314 315  -1 -1  0 -9 
314 316   1 -2  0 -9 
315 310  -1 -4  0 -9 
315 316   1 -3  0 -9 
316 272   1 -6  0 -9 
316 310  -1 -5  0 -9 
316 315   1 -3  0 -9 
317 272  -1 -2  0 -9 
317 281   1 -3  0 -9 
317 286  -1  0 -1 -2  0 -9 
317 295  -1 -2  0 -9 
317 298  -1  0  0 -9 
317 299   1 -1  0 -9 
317 303   1 -1  0 -9 
317 304   1  1  0 -9 
317 305  -1  0  0 -9 
317 310   1 -1  0 -9 
317 316  -1  0  0 -9 
317 317  -1  2  0 -9 
317 318   1  1  0 -9 
318 272  -1 -3  0 -9 
318 281   1 -4  1 -6  0 -9 
318 286  -1 -1 -1 -3 -1 -5  0 -9 
318 295  -1 -3  0 -9 
318 298  -1 -1  0 -9 
318 299   1 -2  0 -9 
318 303   1 -2  0 -9 
318 305  -1 -1  0 -9 
318 310   1 -2  0 -9 
318 315   1 -2  0 -9 
318 316  -1 -1  0 -9 
318 318   1  0  0 -9 
319 228   1 -2  0 -9 
319 256   1  1  0 -9 
319 259   1 -2  0 -9 
319 276   1 -2  0 -9 
319 278  -1  0  0 -9 
319 281  -1 -3  0 -9 
319 283   1  1  0 -9 
319 286   1 -2  0 -9 
319 319  -1  2  0 -9 
319 321   1  1  0 -9 
319 322  -1  0  0 -9 
320 229   1 -2  0 -9 
320 231  -1 -3  0 -9 
320 257   1  1  0 -9 
320 258  -1  0  0 -9 
320 259   1 -1  0 -9 
320 260   1 -1  0 -9 
320 268   1 -2  0 -9 
320 272  -1 -3  0 -9 
320 279  -1  0  0 -9 
320 284   1  1  0 -9 
320 285  -1  0  0 -9 
320 286   1 -1  0 -9 
320 287   1 -1  0 -9 
320 311  -1  0  0 -9 
320 314   1  1  0 -9 
320 315  -1  0  0 -9 
320 316   1 -1  0 -9 
320 320  -1  2  0 -9 
320 323   1  1  0 -9 
320 324  -1  0  0 -9 
321 276   1 -3  0 -9 
321 281  -1 -4  0 -9 
321 321   1  0  0 -9 
321 322  -1 -1  0 -9 
321 324   1 -2  0 -9 
322 259  -1 -4  0 -9 
322 286  -1 -4  0 -9 
322 324   1 -3  0 -9 
323 254  -1 -3  0 -9 
323 258  -1 -1  0 -9 
323 259   1 -2 -1 -4  0 -9 
323 260   1 -2  0 -9 
323 271  -1 -3  0 -9 
323 281   1 -5  0 -9 
323 285  -1 -1  0 -9 
323 286   1 -2 -1 -4  0 -9 
323 287   1 -2  0 -9 
323 309   1 -2  0 -9 
323 310  -1 -3  0 -9 
323 311  -1 -1  0 -9 
323 315  -1 -1  0 -9 
323 316   1 -2  0 -9 
323 322   1 -2  0 -9 
323 323   1  0  0 -9 
323 324  -1 -1  0 -9 
324 259  -1 -5  0 -9 
324 281   1 -6  0 -9 
324 286  -1 -5  0 -9 
324 322   1 -3  0 -9 
325 258  -1  0  0 -9 
325 259   1 -1  0 -9 
325 271  -1 -2  0 -9 
325 281   1 -4  0 -9 
325 285  -1  0  0 -9 
325 286  -1 -3  0 -9 
325 287   1 -1  0 -9 
325 309   1 -1  0 -9 
325 311  -1  0  0 -9 
325 312   1  1  0 -9 
325 315  -1  0  0 -9 
325 322   1 -1  0 -9 
325 323   1  1  0 -9 
325 324  -1  0  0 -9 
325 325  -1  2  0 -9 
325 326   1  1  0 -9 
326 259   1 -2  0 -9 
326 281   1 -5  0 -9 
326 286  -1 -4  0 -9 
326 322   1 -2  0 -9 
326 324  -1 -1  0 -9 
326 326   1  0  0 -9 
327 259   1 -1  0 -9 
327 281   1 -4  0 -9 
327 286  -1 -3  0 -9 
327 295  -1 -3  0 -9 
327 303   1 -2  0 -9 
327 305   1  1  0 -9 
327 324  -1  0  0 -9 
327 326   1  1  0 -9 
327 327  -1  2  0 -9 
328 328  -1 -6  0 -9 
329 329   1  0  0 -9 
329 330  -1 -1  0 -9 
329 331   1 -3  0 -9 
329 332  -1 -4  0 -9 
329 333   1 -2  0 -9 
329 334   1 -5  0 -9 
330 328  -1 -4  0 -9 
330 332  -1 -5  0 -9 
330 333   1 -3  0 -9 
330 334   1 -6  0 -9 
331 331  -1 -6  0 -9 
332 332  -1 -6  0 -9 
332 334   1 -7  0 -9 
333 328  -1 -5  0 -9 
333 330   1 -3  0 -9 
333 332  -1 -4  0 -9 
334 334   1 -8  0 -9 
335 328   1 -2  0 -9 
335 330   1 -2  0 -9 
335 333  -1 -1  0 -9 
335 334  -1 -4  0 -9 
335 335   1  0  0 -9 
335 336   1 -3  0 -9 
336 334   1 -7  0 -9 
336 336  -1 -6  0 -9 
337 328   1 -1  0 -9 
337 332   1 -2  0 -9 
337 333  -1  0  0 -9 
337 334  -1 -3  0 -9 
337 335   1  1  0 -9 
337 336   1 -2  0 -9 
337 337  -1  2  0 -9 
337 339   1  1  0 -9 
337 340  -1  0  0 -9 
337 341   1 -1  0 -9 
338 331   1 -3  0 -9 
338 338   1  0  0 -9 
338 341   1 -3  0 -9 
339 332   1 -3  0 -9 
339 334  -1 -4  0 -9 
339 339   1  0  0 -9 
339 340  -1 -1  0 -9 
339 341   1 -2  0 -9 
339 342   1 -2  0 -9 
340 336  -1 -4  0 -9 
340 341  -1 -5  0 -9 
340 342   1 -3  0 -9 
341 341  -1 -6  0 -9 
342 334   1 -6  0 -9 
342 336  -1 -5  0 -9 
342 340   1 -3  0 -9 
342 341  -1 -4  0 -9 
343 328   1 -3  0 -9 
343 343   1  0  0 -9 
343 344   1 -3  0 -9 
344 344  -1 -6  0 -9 
345 334   1 -5  0 -9 
345 336  -1 -4  0 -9 
345 340   1 -2  0 -9 
345 342  -1 -1  0 -9 
345 344   1 -3  0 -9 
345 345   1  0  0 -9 
346 74   1 -3  0 -9 
346 346   1  0  0 -9 
346 347   1 -3  0 -9 
347 347  -1 -6  0 -9 
348 80   1 -5  0 -9 
348 82  -1 -4  0 -9 
348 86   1 -2  0 -9 
348 88  -1 -1  0 -9 
348 347   1 -3  0 -9 
348 348   1  0  0 -9 
349 328   1 -2  0 -9 
349 349   1  0  0 -9 
349 350  -1 -1  0 -9 
349 351   1 -3  0 -9 
349 352  -1 -4  0 -9 
349 353   1 -2  0 -9 
349 354   1 -5  0 -9 
350 328  -1 -5  0 -9 
350 352  -1 -5  0 -9 
350 353   1 -3  0 -9 
350 354   1 -6  0 -9 
351 351  -1 -6  0 -9 
352 352  -1 -6  0 -9 
352 354   1 -7  0 -9 
353 328  -1 -4  0 -9 
353 350   1 -3  0 -9 
353 352  -1 -4  0 -9 
354 354   1 -8  0 -9 
355 350   1 -2  0 -9 
355 353  -1 -1  0 -9 
355 354  -1 -4  0 -9 
355 355   1  0  0 -9 
355 356   1 -3  0 -9 
356 354   1 -7  0 -9 
356 356  -1 -6  0 -9 
357 328   1 -1  0 -9 
357 349   1  1  0 -9 
357 350  -1  0  0 -9 
357 351   1 -2  0 -9 
357 352  -1 -3  0 -9 
357 354   1 -4  0 -9 
357 357  -1  2  0 -9 
357 358   1  1  0 -9 
357 359   1  1  0 -9 
357 360  -1  0  0 -9 
357 361  -1 -3  0 -9 
357 363   1 -2  0 -9 
357 364  -1 -3  0 -9 
357 365   1 -4  0 -9 
358 352  -1 -4  0 -9 
358 354   1 -5  0 -9 
358 361  -1 -4  0 -9 
358 363   1 -3  0 -9 
358 364  -1 -4  0 -9 
358 365   1 -5  0 -9 
359 359   1  0  0 -9 
359 360  -1 -1  0 -9 
359 361  -1 -4  0 -9 
359 362   1 -2  0 -9 
359 365   1 -5  0 -9 
360 351  -1 -4  0 -9 
360 361  -1 -5  0 -9 
360 362   1 -3  0 -9 
360 365   1 -6  0 -9 
361 361  -1 -6  0 -9 
361 365   1 -7  0 -9 
362 351  -1 -5  0 -9 
362 360   1 -3  0 -9 
362 361  -1 -4  0 -9 
363 352  -1 -5  0 -9 
363 354   1 -6  0 -9 
363 358   1 -3  0 -9 
363 361  -1 -5  0 -9 
363 364  -1 -5  0 -9 
363 365   1 -6  0 -9 
364 354   1 -7  0 -9 
364 364  -1 -6  0 -9 
364 365   1 -7  0 -9 
365 365   1 -8  0 -9 
366 352   1 -1  0 -9 
366 354  -1 -2  0 -9 
366 356   1 -1  0 -9 
366 361   1 -1  0 -9 
366 363  -1  0  0 -9 
366 364   1 -1  0 -9 
366 365  -1 -2  0 -9 
366 366  -1  2  0 -9 
366 368   1  1  0 -9 
366 369  -1  0  0 -9 
366 370   1 -1  0 -9 
367 351   1 -2  0 -9 
367 360   1 -2  0 -9 
367 362  -1 -1  0 -9 
367 365  -1 -4  0 -9 
367 367   1  0  0 -9 
367 370   1 -3  0 -9 
368 352   1 -2  0 -9 
368 354  -1 -3  0 -9 
368 356   1 -2  0 -9 
368 358   1 -2  0 -9 
368 361   1 -2  0 -9 
368 363  -1 -1  0 -9 
368 364   1 -2 -1 -4  0 -9 
368 365  -1 -3  0 -9 
368 368   1  0  0 -9 
368 369  -1 -1  0 -9 
368 370   1 -2  0 -9 
368 371   1 -2  0 -9 
369 354   1 -6  0 -9 
369 356  -1 -5  0 -9 
369 364  -1 -5  0 -9 
369 365   1 -6  0 -9 
369 370  -1 -5  0 -9 
369 371   1 -3  0 -9 
370 365   1 -7  0 -9 
370 370  -1 -6  0 -9 
371 354   1 -5  0 -9 
371 356  -1 -4  0 -9 
371 364  -1 -4  0 -9 
371 365   1 -5  0 -9 
371 369   1 -3  0 -9 
371 370  -1 -4  0 -9 
372 351   1 -1  0 -9 
372 361   1 -2  0 -9 
372 362  -1  0  0 -9 
372 365  -1 -3  0 -9 
372 367   1  1  0 -9 
372 370   1 -2  0 -9 
372 372  -1  2  0 -9 
372 373   1  1  0 -9 
372 374  -1  0  0 -9 
373 361   1 -3  0 -9 
373 365  -1 -4  0 -9 
373 373   1  0  0 -9 
373 374  -1 -1  0 -9 
373 375   1 -2  0 -9 
374 370  -1 -4  0 -9 
374 375   1 -3  0 -9 
375 365   1 -6  0 -9 
375 370  -1 -5  0 -9 
375 374   1 -3  0 -9 
376 328   1 -2  0 -9 
376 343   1  1  0 -9 
376 344   1 -2  0 -9 
376 352   1 -2  0 -9 
376 353  -1  0  0 -9 
376 354  -1 -3  0 -9 
376 355   1  1  0 -9 
376 356   1 -2  0 -9 
376 376  -1  2  0 -9 
376 378   1  1  0 -9 
376 379  -1  0  0 -9 
376 380   1 -1  0 -9 
377 351   1 -3  0 -9 
377 377   1  0  0 -9 
377 380   1 -3  0 -9 
378 352   1 -3  0 -9 
378 354  -1 -4  0 -9 
378 378   1  0  0 -9 
378 379  -1 -1  0 -9 
378 380   1 -2  0 -9 
378 381   1 -2  0 -9 
379 344  -1 -4  0 -9 
379 356  -1 -4  0 -9 
379 380  -1 -5  0 -9 
379 381   1 -3  0 -9 
380 380  -1 -6  0 -9 
381 344  -1 -5  0 -9 
381 354   1 -6  0 -9 
381 356  -1 -5  0 -9 
381 379   1 -3  0 -9 
381 380  -1 -4  0 -9 
382 344   1 -2  0 -9 
382 354   1 -5  0 -9 
382 356  -1 -4  0 -9 
382 379   1 -2  0 -9 
382 381  -1 -1  0 -9 
382 382   1  0  0 -9 
383 344   1 -1  0 -9 
383 354   1 -4  0 -9 
383 356  -1 -3  0 -9 
383 364  -1 -3  0 -9 
383 365   1 -4  0 -9 
383 369   1 -2  0 -9 
383 370  -1 -3  0 -9 
383 371   1  1  0 -9 
383 375  -1  0  0 -9 
383 380   1 -2  0 -9 
383 381  -1  0  0 -9 
383 382   1  1  0 -9 
383 383  -1  2  0 -9 
383 384   1  1  0 -9 
384 365   1 -5  0 -9 
384 370  -1 -4  0 -9 
384 374   1 -2  0 -9 
384 375  -1 -1  0 -9 
384 380   1 -3  0 -9 
384 384   1  0  0 -9 
385 385   1  0  0 -9 
385 386   1 -3  0 -9 
386 386  -1 -6  0 -9 
387 74   1 -2  0 -9 
387 193   1 -2  0 -9 
387 194  -1  0  0 -9 
387 195  -1 -3  0 -9 
387 196   1  1  0 -9 
387 197   1 -2  0 -9 
387 346   1  1  0 -9 
387 347   1 -2  0 -9 
387 385   1  1  0 -9 
387 386   1 -2  0 -9 
387 387  -1  2  0 -9 
387 389   1  1  0 -9 
387 390  -1  0  0 -9 
387 391   1 -1  0 -9 
388 192   1 -3  0 -9 
388 388   1  0  0 -9 
388 391   1 -3  0 -9 
389 193   1 -3  0 -9 
389 195  -1 -4  0 -9 
389 389   1  0  0 -9 
389 390  -1 -1  0 -9 
389 391   1 -2  0 -9 
389 392   1 -2  0 -9 
390 197  -1 -4  0 -9 
390 347  -1 -4  0 -9 
390 386  -1 -4  0 -9 
390 391  -1 -5  0 -9 
390 392   1 -3  0 -9 
391 391  -1 -6  0 -9 
392 195   1 -6  0 -9 
392 197  -1 -5  0 -9 
392 347  -1 -5  0 -9 
392 386  -1 -5  0 -9 
392 390   1 -3  0 -9 
392 391  -1 -4  0 -9 
393 195   1 -5  0 -9 
393 197  -1 -4  0 -9 
393 347   1 -2  0 -9 
393 386   1 -2  0 -9 
393 390   1 -2  0 -9 
393 392  -1 -1  0 -9 
393 393   1  0  0 -9 
394 195   1 -4  0 -9 
394 197  -1 -3  0 -9 
394 205  -1 -3  0 -9 
394 206   1 -4  0 -9 
394 210   1 -2  0 -9 
394 211  -1 -3  0 -9 
394 212   1  1  0 -9 
394 216  -1  0  0 -9 
394 347   1 -1  0 -9 
394 386   1 -1  0 -9 
394 391   1 -2  0 -9 
394 392  -1  0  0 -9 
394 393   1  1  0 -9 
394 394  -1  2  0 -9 
394 395   1  1  0 -9 
395 206   1 -5  0 -9 
395 211  -1 -4  0 -9 
395 215   1 -2  0 -9 
395 216  -1 -1  0 -9 
395 391   1 -3  0 -9 
395 395   1  0  0 -9 
396 231   1 -5  0 -9 
396 254  -1 -4  0 -9 
396 258   1 -2  0 -9 
396 260  -1 -1  0 -9 
396 386   1 -3  0 -9 
396 396   1  0  0 -9 
397 386   1 -1  0 -9 
397 397  -1  2  0 -9 
397 399   1  1  0 -9 
397 400  -1  0  0 -9 
397 401   1 -1  0 -9 
398 398   1  0  0 -9 
398 401   1 -3  0 -9 
399 386   1 -2  0 -9 
399 399   1  0  0 -9 
399 400  -1 -1  0 -9 
399 401   1 -2  0 -9 
399 402   1 -2  0 -9 
400 386  -1 -5  0 -9 
400 401  -1 -5  0 -9 
400 402   1 -3  0 -9 
401 401  -1 -6  0 -9 
402 386  -1 -4  0 -9 
402 400   1 -3  0 -9 
402 401  -1 -4  0 -9 
403 400   1 -2  0 -9 
403 402  -1 -1  0 -9 
403 403   1  0  0 -9 
404 398   1  1  0 -9 
404 401   1 -2  0 -9 
404 404  -1  2  0 -9 
404 405   1  1  0 -9 
404 406  -1  0  0 -9 
405 405   1  0  0 -9 
405 406  -1 -1  0 -9 
405 407   1 -2  0 -9 
406 401  -1 -4  0 -9 
406 407   1 -3  0 -9 
407 401  -1 -5  0 -9 
407 406   1 -3  0 -9 
408 401   1 -1  0 -9 
408 407  -1  0  0 -9 
408 408  -1  2  0 -9 
408 409   1  1  0 -9 
409 401   1 -2  0 -9 
409 406   1 -2  0 -9 
409 407  -1 -1  0 -9 
409 409   1  0  0 -9 
410 231   1 -4  0 -9 
410 254  -1 -3  0 -9 
410 259   1 -2  0 -9 
410 260  -1  0  0 -9 
410 271  -1 -3  0 -9 
410 272   1 -4  0 -9 
410 309   1 -2  0 -9 
410 310  -1 -3  0 -9 
410 311   1  1  0 -9 
410 316  -1  0  0 -9 
410 386   1 -2  0 -9 
410 396   1  1  0 -9 
410 401   1 -2  0 -9 
410 402  -1  0  0 -9 
410 403   1  1  0 -9 
410 410  -1  2  0 -9 
410 411   1  1  0 -9 
411 259   1 -3  0 -9 
411 272   1 -5  0 -9 
411 310  -1 -4  0 -9 
411 315   1 -2  0 -9 
411 316  -1 -1  0 -9 
411 401   1 -3  0 -9 
411 411   1  0  0 -9 
412 412   1  0  0 -9 
412 413  -1 -1  0 -9 
412 414   1 -3  0 -9 
412 415  -1 -4  0 -9 
412 416   1 -2  0 -9 
412 417   1 -5  0 -9 
413 328  -1 -4  0 -9 
413 415  -1 -5  0 -9 
413 416   1 -3  0 -9 
413 417   1 -6  0 -9 
414 414  -1 -6  0 -9 
415 415  -1 -6  0 -9 
415 417   1 -7  0 -9 
416 328  -1 -5  0 -9 
416 413   1 -3  0 -9 
416 415  -1 -4  0 -9 
417 417   1 -8  0 -9 
418 353  -1  0  0 -9 
418 358  -1  0  0 -9 
418 361  -1  0 -1 -2  0 -9 
418 363   1 -1  0 -9 
418 364  -1 -2  0 -9 
418 365   1 -3  0 -9 
418 412   1  1  0 -9 
418 413  -1  0  0 -9 
418 414   1 -2  0 -9 
418 415  -1 -3  0 -9 
418 416   1 -1  0 -9 
418 417   1 -4  0 -9 
418 418  -1  2  0 -9 
418 419  -1  0  0 -9 
418 420   1  1  0 -9 
418 421   1 -1  0 -9 
418 422   1  1  0 -9 
418 424  -1  0  0 -9 
418 425   1 -1  0 -9 
418 426  -1 -2  0 -9 
419 414  -1 -4  0 -9 
419 421  -1 -5  0 -9 
419 423   1 -3  0 -9 
419 426   1 -6  0 -9 
420 358  -1 -1  0 -9 
420 361  -1 -1 -1 -3 -1 -5  0 -9 
420 363   1 -2  0 -9 
420 364  -1 -3  0 -9 
420 365   1 -4  1 -6  0 -9 
420 415  -1 -4  0 -9 
420 417   1 -5  0 -9 
420 419  -1 -1  0 -9 
420 420   1  0  0 -9 
420 421   1 -2  0 -9 
420 423   1 -2  0 -9 
420 424  -1 -1  0 -9 
420 425   1 -2  0 -9 
420 426  -1 -3  0 -9 
421 421  -1 -6  0 -9 
421 426   1 -7  0 -9 
422 328  -1 -3  0 -9 
422 350   1 -2  0 -9 
422 352  -1 -3  0 -9 
422 353  -1 -1  0 -9 
422 358  -1 -1  0 -9 
422 361  -1 -3  0 -9 
422 363   1 -2  0 -9 
422 364  -1 -3  0 -9 
422 365   1 -4  0 -9 
422 413  -1 -1  0 -9 
422 415   1 -2 -1 -4  0 -9 
422 416   1 -2  0 -9 
422 417   1 -5  0 -9 
422 422   1  0  0 -9 
422 424  -1 -1  0 -9 
422 425   1 -2  0 -9 
422 426  -1 -3  0 -9 
423 414  -1 -5  0 -9 
423 419   1 -3  0 -9 
423 421  -1 -4  0 -9 
424 361  -1 -4  0 -9 
424 364  -1 -4  0 -9 
424 365   1 -5  0 -9 
424 415  -1 -5  0 -9 
424 417   1 -6  0 -9 
424 425   1 -3  0 -9 
424 426  -1 -4  0 -9 
425 354   1 -6  0 -9 
425 361  -1 -5  0 -9 
425 364  -1 -5  0 -9 
425 365   1 -6  0 -9 
425 415  -1 -4  0 -9 
425 424   1 -3  0 -9 
425 426   1 -7  0 -9 
426 426   1 -8  0 -9 
427 350   1 -1  0 -9 
427 353  -1  0  0 -9 
427 354  -1 -3  0 -9 
427 355   1  1  0 -9 
427 356   1 -2  0 -9 
427 358  -1  0  0 -9 
427 413  -1  0  0 -9 
427 415   1 -1  0 -9 
427 422   1  1  0 -9 
427 424  -1  0  0 -9 
427 425   1 -1  0 -9 
427 426  -1 -2  0 -9 
427 427  -1  2  0 -9 
427 429   1  1  0 -9 
427 430  -1  0  0 -9 
427 431   1 -1  0 -9 
428 414   1 -2  0 -9 
428 419   1 -2  0 -9 
428 423  -1 -1  0 -9 
428 426  -1 -4  0 -9 
428 428   1  0  0 -9 
428 431   1 -3  0 -9 
429 364  -1 -3  0 -9 
429 415   1 -2  0 -9 
429 417  -1 -3  0 -9 
429 424  -1 -1  0 -9 
429 425   1 -2  0 -9 
429 426  -1 -3  0 -9 
429 429   1  0  0 -9 
429 430  -1 -1  0 -9 
429 431   1 -2  0 -9 
429 432   1 -2  0 -9 
430 354   1 -5  0 -9 
430 356  -1 -4  0 -9 
430 364  -1 -4  0 -9 
430 417  -1 -4  0 -9 
430 426   1 -6  0 -9 
430 431  -1 -5  0 -9 
430 432   1 -3  0 -9 
431 426   1 -7  0 -9 
431 431  -1 -6  0 -9 
432 354   1 -6  0 -9 
432 356  -1 -5  0 -9 
432 364  -1 -5  0 -9 
432 365   1 -6  0 -9 
432 417   1 -7  0 -9 
432 430   1 -3  0 -9 
432 431  -1 -4  0 -9 
433 414   1 -1  0 -9 
433 421   1 -2  0 -9 
433 423  -1  0  0 -9 
433 426  -1 -3  0 -9 
433 428   1  1  0 -9 
433 431   1 -2  0 -9 
433 433  -1  2  0 -9 
433 435   1  1  0 -9 
433 436  -1  0  0 -9 
434 361   1 -2  0 -9 
434 365  -1 -3  0 -9 
434 371  -1  0  0 -9 
434 373   1  1  0 -9 
434 374  -1  0  0 -9 
434 375   1 -1  0 -9 
434 415   1 -1  0 -9 
434 417  -1 -2  0 -9 
434 424  -1  0  0 -9 
434 429   1  1  0 -9 
434 430  -1  0  0 -9 
434 431   1 -1  0 -9 
434 432   1 -1  0 -9 
434 434  -1  2  0 -9 
434 437   1  1  0 -9 
434 438  -1  0  0 -9 
435 421   1 -3  0 -9 
435 426  -1 -4  0 -9 
435 435   1  0  0 -9 
435 436  -1 -1  0 -9 
435 438   1 -2  0 -9 
436 431  -1 -4  0 -9 
436 438   1 -3  0 -9 
437 354   1 -4  0 -9 
437 356  -1 -3  0 -9 
437 364  -1 -3  0 -9 
437 369   1 -2  0 -9 
437 370  -1 -3  0 -9 
437 371  -1 -1  0 -9 
437 374  -1 -1  0 -9 
437 375   1 -2  0 -9 
437 417  -1 -3  0 -9 
437 426   1 -5  0 -9 
437 430  -1 -1  0 -9 
437 431   1 -2 -1 -4  0 -9 
437 432   1 -2  0 -9 
437 436   1 -2  0 -9 
437 437   1  0  0 -9 
437 438  -1 -1  0 -9 
438 426   1 -6  0 -9 
438 431  -1 -5  0 -9 
438 436   1 -3  0 -9 
439 328   1 -2  0 -9 
439 413   1 -2  0 -9 
439 416  -1 -1  0 -9 
439 417  -1 -4  0 -9 
439 439   1  0  0 -9 
439 440   1 -3  0 -9 
440 417   1 -7  0 -9 
440 440  -1 -6  0 -9 
441 328   1 -1  0 -9 
441 415   1 -2  0 -9 
441 416  -1  0  0 -9 
441 417  -1 -3  0 -9 
441 439   1  1  0 -9 
441 440   1 -2  0 -9 
441 441  -1  2  0 -9 
441 443   1  1  0 -9 
441 444  -1  0  0 -9 
441 445   1 -1  0 -9 
442 414   1 -3  0 -9 
442 442   1  0  0 -9 
442 445   1 -3  0 -9 
443 415   1 -3  0 -9 
443 417  -1 -4  0 -9 
443 443   1  0  0 -9 
443 444  -1 -1  0 -9 
443 445   1 -2  0 -9 
443 446   1 -2  0 -9 
444 440  -1 -4  0 -9 
444 445  -1 -5  0 -9 
444 446   1 -3  0 -9 
445 445  -1 -6  0 -9 
446 417   1 -6  0 -9 
446 440  -1 -5  0 -9 
446 444   1 -3  0 -9 
446 445  -1 -4  0 -9 
447 354   1 -4  1 -6  0 -9 
447 356  -1 -1 -1 -3 -1 -5  0 -9 
447 364  -1 -3  0 -9 
447 369   1 -2  0 -9 
447 371  -1 -1  0 -9 
447 417  -1 -3  0 -9 
447 426   1 -5  0 -9 
447 430  -1 -1  0 -9 
447 431  -1 -4  0 -9 
447 432   1 -2  0 -9 
447 440   1 -2  0 -9 
447 444   1 -2  0 -9 
447 446  -1 -1  0 -9 
447 447   1  0  0 -9 
448 354   1 -3  0 -9 
448 356  -1  0 -1 -2  0 -9 
448 364  -1 -2  0 -9 
448 369   1 -1  0 -9 
448 371  -1  0  0 -9 
448 374  -1  0  0 -9 
448 417  -1 -2  0 -9 
448 426   1 -4  0 -9 
448 430  -1  0  0 -9 
448 431  -1 -3  0 -9 
448 432   1 -1  0 -9 
448 436   1 -1  0 -9 
448 437   1  1  0 -9 
448 438  -1  0  0 -9 
448 440   1 -1  0 -9 
448 445   1 -2  0 -9 
448 446  -1  0  0 -9 
448 447   1  1  0 -9 
448 448  -1  2  0 -9 
448 449   1  1  0 -9 
449 426   1 -5  0 -9 
449 431  -1 -4  0 -9 
449 436   1 -2  0 -9 
449 438  -1 -1  0 -9 
449 445   1 -3  0 -9 
449 449   1  0  0 -9 
450 450   1  0  0 -9 
450 451   1 -3  0 -9 
451 451  -1 -6  0 -9 
452 450   1  1  0 -9 
452 451   1 -2  0 -9 
452 452  -1  2  0 -9 
452 454   1  1  0 -9 
452 455  -1  0  0 -9 
452 456   1 -1  0 -9 
453 453   1  0  0 -9 
453 456   1 -3  0 -9 
454 454   1  0  0 -9 
454 455  -1 -1  0 -9 
454 456   1 -2  0 -9 
454 457   1 -2  0 -9 
455 451  -1 -4  0 -9 
455 456  -1 -5  0 -9 
455 457   1 -3  0 -9 
456 456  -1 -6  0 -9 
457 451  -1 -5  0 -9 
457 455   1 -3  0 -9 
457 456  -1 -4  0 -9 
458 451   1 -2  0 -9 
458 455   1 -2  0 -9 
458 457  -1 -1  0 -9 
458 458   1  0  0 -9 
459 451   1 -1  0 -9 
459 456   1 -2  0 -9 
459 457  -1  0  0 -9 
459 458   1  1  0 -9 
459 459  -1  2  0 -9 
459 460   1  1  0 -9 
460 456   1 -3  0 -9 
460 460   1  0  0 -9 
461 344   1 -3  0 -9 
461 417   1 -5  0 -9 
461 440  -1 -4  0 -9 
461 444   1 -2  0 -9 
461 446  -1 -1  0 -9 
461 451   1 -3  0 -9 
461 461   1  0  0 -9 
462 385   1  1  0 -9 
462 386   1 -2  0 -9 
462 462  -1  2  0 -9 
462 464   1  1  0 -9 
462 465  -1  0  0 -9 
462 466   1 -1  0 -9 
463 463   1  0  0 -9 
463 466   1 -3  0 -9 
464 464   1  0  0 -9 
464 465  -1 -1  0 -9 
464 466   1 -2  0 -9 
464 467   1 -2  0 -9 
465 386  -1 -4  0 -9 
465 466  -1 -5  0 -9 
465 467   1 -3  0 -9 
466 466  -1 -6  0 -9 
467 386  -1 -5  0 -9 
467 465   1 -3  0 -9 
467 466  -1 -4  0 -9 
468 463   1  1  0 -9 
468 466   1 -2  0 -9 
468 468  -1  2  0 -9 
468 470   1  1  0 -9 
468 471  -1  0  0 -9 
469 402  -1  0  0 -9 
469 405   1  1  0 -9 
469 406  -1  0  0 -9 
469 407   1 -1  0 -9 
469 464   1  1  0 -9 
469 465  -1  0  0 -9 
469 466   1 -1  0 -9 
469 467   1 -1  0 -9 
469 469  -1  2  0 -9 
469 472   1  1  0 -9 
469 473  -1  0  0 -9 
470 470   1  0  0 -9 
470 471  -1 -1  0 -9 
470 473   1 -2  0 -9 
471 466  -1 -4  0 -9 
471 473   1 -3  0 -9 
472 386  -1 -3  0 -9 
472 400   1 -2  0 -9 
472 401  -1 -3  0 -9 
472 402  -1 -1  0 -9 
472 406  -1 -1  0 -9 
472 407   1 -2  0 -9 
472 465  -1 -1  0 -9 
472 466   1 -2 -1 -4  0 -9 
472 467   1 -2  0 -9 
472 471   1 -2  0 -9 
472 472   1  0  0 -9 
472 473  -1 -1  0 -9 
473 466  -1 -5  0 -9 
473 471   1 -3  0 -9 
474 400   1 -1  0 -9 
474 402  -1  0  0 -9 
474 403   1  1  0 -9 
474 406  -1  0  0 -9 
474 465  -1  0  0 -9 
474 466   1 -1  0 -9 
474 471   1 -1  0 -9 
474 472   1  1  0 -9 
474 473  -1  0  0 -9 
474 474  -1  2  0 -9 
474 475   1  1  0 -9 
475 466   1 -2  0 -9 
475 471   1 -2  0 -9 
475 473  -1 -1  0 -9 
475 475   1  0  0 -9 
476 466   1 -1  0 -9 
476 473  -1  0  0 -9 
476 475   1  1  0 -9 
476 476  -1  2  0 -9 
477 386   1 -2  0 -9 
477 465   1 -2  0 -9 
477 467  -1 -1  0 -9 
477 477   1  0  0 -9 
478 386   1 -1  0 -9 
478 466   1 -2  0 -9 
478 467  -1  0  0 -9 
478 477   1  1  0 -9 
478 478  -1  2  0 -9 
478 479   1  1  0 -9 
479 466   1 -3  0 -9 
479 479   1  0  0 -9 
9999 9999
