 0  1   1 -3  0 -9 
 1  0   1 -3  0 -9 
 2  0  -1  0  0 -9 
 2  2  -1  2  0 -9 
 2  3  -1  0  0 -9 
 2  4   1  1  0 -9 
 2  5   1  1  0 -9 
 2  6  -1  0  0 -9 
 2  7   1 -1  0 -9 
 2  8   1 -1  0 -9 
 2  9  -1 -2  0 -9 
 3  8   1 -3  0 -9 
 3  9  -1 -4  0 -9 
 4  3  -1 -1  0 -9 
 4  4   1  0  0 -9 
 4  6  -1 -1  0 -9 
 4  7   1 -2  0 -9 
 4  8   1 -2  0 -9 
 4  9  -1 -3  0 -9 
 5  0  -1 -1  0 -9 
 5  1   1 -2  0 -9 
 5  3  -1 -1  0 -9 
 5  5   1  0  0 -9 
 5  6  -1 -1  0 -9 
 5  7   1 -2  0 -9 
 5  8   1 -2  0 -9 
 5  9  -1 -3  0 -9 
 6  7   1 -3  0 -9 
 6  9  -1 -4  0 -9 
 7  6   1 -3  0 -9 
 7  9  -1 -5  0 -9 
 8  3   1 -3  0 -9 
 8  9  -1 -5  0 -9 
 9  9  -1 -6  0 -9 
10  1  -1  0  0 -9 
10 10  -1  2  0 -9 
10 11  -1  0  0 -9 
10 12   1  1  0 -9 
10 13   1  1  0 -9 
10 14  -1  0  0 -9 
10 15   1 -1  0 -9 
10 16   1 -1  0 -9 
10 17  -1 -2  0 -9 
11 16   1 -3  0 -9 
11 17  -1 -4  0 -9 
12  0   1 -2  0 -9 
12  1  -1 -1  0 -9 
12 11  -1 -1  0 -9 
12 12   1  0  0 -9 
12 14  -1 -1  0 -9 
12 15   1 -2  0 -9 
12 16   1 -2  0 -9 
12 17  -1 -3  0 -9 
13 11  -1 -1  0 -9 
13 13   1  0  0 -9 
13 14  -1 -1  0 -9 
13 15   1 -2  0 -9 
13 16   1 -2  0 -9 
13 17  -1 -3  0 -9 
14 15   1 -3  0 -9 
14 17  -1 -4  0 -9 
15 14   1 -3  0 -9 
15 17  -1 -5  0 -9 
16 11   1 -3  0 -9 
16 17  -1 -5  0 -9 
17 17  -1 -6  0 -9 
18  3   1  1  0 -9 
18  8   1 -2  0 -9 
18  9  -1 -3  0 -9 
18 11  -1  0  0 -9 
18 13   1  1  0 -9 
18 14  -1  0  0 -9 
18 15   1 -1  0 -9 
18 18  -1  2  0 -9 
18 19   1  1  0 -9 
18 20  -1  0  0 -9 
19 14  -1 -1  0 -9 
19 15   1 -2  0 -9 
19 17  -1 -3  0 -9 
19 19   1  0  0 -9 
19 20  -1 -1  0 -9 
19 21   1 -2  0 -9 
20 17  -1 -4  0 -9 
20 21   1 -3  0 -9 
21 17  -1 -5  0 -9 
21 20   1 -3  0 -9 
22  3  -1 -1  0 -9 
22  8   1 -2  0 -9 
22  9  -1 -3  0 -9 
22 22   1  0  0 -9 
22 24  -1 -1  0 -9 
22 25   1 -2  0 -9 
23  3  -1  0  0 -9 
23  4   1  1  0 -9 
23  6  -1  0  0 -9 
23  8   1 -1  0 -9 
23 14   1  1  0 -9 
23 15   1 -2  0 -9 
23 17  -1 -3  0 -9 
23 22   1  1  0 -9 
23 23  -1  2  0 -9 
23 24  -1  0  0 -9 
24  9  -1 -4  0 -9 
24 25   1 -3  0 -9 
25  9  -1 -5  0 -9 
25 24   1 -3  0 -9 
26  3  -1  0  0 -9 
26  8   1 -1  0 -9 
26  9  -1 -2  0 -9 
26 22   1  1  0 -9 
26 24  -1  0  0 -9 
26 25   1 -1  0 -9 
26 26  -1  2  0 -9 
26 28   1  1  0 -9 
26 29  -1  0  0 -9 
27 14  -1  0  0 -9 
27 15   1 -1  0 -9 
27 17  -1 -2  0 -9 
27 19   1  1  0 -9 
27 20  -1  0  0 -9 
27 21   1 -1  0 -9 
27 27  -1  2  0 -9 
27 30   1  1  0 -9 
27 31  -1  0  0 -9 
28  3  -1 -1  0 -9 
28  8   1 -2  0 -9 
28  9  -1 -3  0 -9 
28 24  -1 -1  0 -9 
28 25   1 -2  0 -9 
28 28   1  0  0 -9 
28 29  -1 -1  0 -9 
28 31   1 -2  0 -9 
29 31   1 -3  0 -9 
30 14  -1 -1  0 -9 
30 15   1 -2  0 -9 
30 17  -1 -3  0 -9 
30 20  -1 -1  0 -9 
30 21   1 -2  0 -9 
30 29   1 -2  0 -9 
30 30   1  0  0 -9 
30 31  -1 -1  0 -9 
31 29   1 -3  0 -9 
9999 9999
