 0  0   1 -8  0 -9 
 1  0   1 -7  0 -9 
 1  1  -1 -6  0 -9 
 2  1  -1 -4  0 -9 
 2  3   1 -3  0 -9 
 3  0   1 -6  0 -9 
 3  1  -1 -5  0 -9 
 3  2   1 -3  0 -9 
 4  4   1 -8  0 -9 
 5  4  -1 -4  0 -9 
 5  6   1 -3  0 -9 
 6  4   1 -7  0 -9 
 6  5   1 -3  0 -9 
 7  4  -1 -3  0 -9 
 7  5  -1 -1  0 -9 
 7  6   1 -2  0 -9 
 7  7   1  0  0 -9 
 8  4   1 -7  0 -9 
 8  8  -1 -6  0 -9 
 9  8  -1 -4  0 -9 
 9 10   1 -3  0 -9 
10  4   1 -6  0 -9 
10  8  -1 -5  0 -9 
10  9   1 -3  0 -9 
11  4  -1 -3  0 -9 
11  5  -1 -1  0 -9 
11  6   1 -2  0 -9 
11  8   1 -2  0 -9 
11  9   1 -2  0 -9 
11 10  -1 -1  0 -9 
11 11   1  0  0 -9 
12  4  -1 -2  0 -9 
12  5  -1  0  0 -9 
12  6   1 -1  0 -9 
12  7   1  1  0 -9 
12  8   1 -1  0 -9 
12 10  -1  0  0 -9 
12 11   1  1  0 -9 
12 12  -1  2  0 -9 
13 14   1 -3  0 -9 
14 13   1 -3  0 -9 
15 13  -1 -1  0 -9 
15 14   1 -2  0 -9 
15 15   1  0  0 -9 
16 13  -1  0  0 -9 
16 15   1  1  0 -9 
16 16  -1  2  0 -9 
17 17   1 -8  0 -9 
18 17   1 -7  0 -9 
18 18  -1 -6  0 -9 
19 18  -1 -4  0 -9 
19 20   1 -3  0 -9 
20 17   1 -6  0 -9 
20 18  -1 -5  0 -9 
20 19   1 -3  0 -9 
21  0   1 -7  0 -9 
21 21  -1 -6  0 -9 
22  0  -1 -4  0 -9 
22  2  -1 -1  0 -9 
22  3   1 -2  0 -9 
22 17   1 -5  0 -9 
22 18  -1 -4  0 -9 
22 19   1 -2  0 -9 
22 20  -1 -1  0 -9 
22 21   1 -3  0 -9 
22 22   1  0  0 -9 
23 23   1 -8  0 -9 
24 23  -1 -4  0 -9 
24 25   1 -3  0 -9 
25 23   1 -7  0 -9 
25 24   1 -3  0 -9 
26 23  -1 -3  0 -9 
26 24  -1 -1  0 -9 
26 25   1 -2  0 -9 
26 26   1  0  0 -9 
27 23   1 -7  0 -9 
27 27  -1 -6  0 -9 
28 27  -1 -4  0 -9 
28 29   1 -3  0 -9 
29 23   1 -6  0 -9 
29 27  -1 -5  0 -9 
29 28   1 -3  0 -9 
30 23  -1 -3  0 -9 
30 24  -1 -1  0 -9 
30 25   1 -2  0 -9 
30 27   1 -2  0 -9 
30 28   1 -2  0 -9 
30 29  -1 -1  0 -9 
30 30   1  0  0 -9 
31 23  -1 -2  0 -9 
31 24  -1  0  0 -9 
31 25   1 -1  0 -9 
31 26   1  1  0 -9 
31 27   1 -1  0 -9 
31 29  -1  0  0 -9 
31 30   1  1  0 -9 
31 31  -1  2  0 -9 
32  4   1 -7  0 -9 
32 32  -1 -6  0 -9 
33 32  -1 -4  0 -9 
33 34   1 -3  0 -9 
34  4   1 -6  0 -9 
34 32  -1 -5  0 -9 
34 33   1 -3  0 -9 
35  4  -1 -3  0 -9 
35  5  -1 -1  0 -9 
35  6   1 -2  0 -9 
35 32   1 -2  0 -9 
35 33   1 -2  0 -9 
35 34  -1 -1  0 -9 
35 35   1  0  0 -9 
36  4  -1 -2  0 -9 
36  5  -1  0  0 -9 
36  6   1 -1  0 -9 
36  7   1  1  0 -9 
36 32   1 -1  0 -9 
36 34  -1  0  0 -9 
36 35   1  1  0 -9 
36 36  -1  2  0 -9 
37  4  -1 -4  0 -9 
37  9  -1 -1  0 -9 
37 10   1 -2  0 -9 
37 23   1 -5  0 -9 
37 27  -1 -4  0 -9 
37 28   1 -2  0 -9 
37 29  -1 -1  0 -9 
37 32   1 -3  0 -9 
37 37   1  0  0 -9 
38 39   1 -3  0 -9 
39 38   1 -3  0 -9 
40 38  -1 -1  0 -9 
40 39   1 -2  0 -9 
40 40   1  0  0 -9 
41 38  -1  0  0 -9 
41 40   1  1  0 -9 
41 41  -1  2  0 -9 
42 13  -1 -1  0 -9 
42 14   1 -2  0 -9 
42 38   1 -2  0 -9 
42 39  -1 -1  0 -9 
42 42   1  0  0 -9 
43 13  -1  0  0 -9 
43 14   1 -1  0 -9 
43 15   1  1  0 -9 
43 39  -1  0  0 -9 
43 42   1  1  0 -9 
43 43  -1  2  0 -9 
44 44   1 -8  0 -9 
45 44  -1 -4  0 -9 
45 46   1 -3  0 -9 
46 44   1 -7  0 -9 
46 45   1 -3  0 -9 
47 44  -1 -3  0 -9 
47 45  -1 -1  0 -9 
47 46   1 -2  0 -9 
47 47   1  0  0 -9 
48 44   1 -7  0 -9 
48 48  -1 -6  0 -9 
49 48  -1 -4  0 -9 
49 50   1 -3  0 -9 
50 44   1 -6  0 -9 
50 48  -1 -5  0 -9 
50 49   1 -3  0 -9 
51 44  -1 -3  0 -9 
51 45  -1 -1  0 -9 
51 46   1 -2  0 -9 
51 48   1 -2  0 -9 
51 49   1 -2  0 -9 
51 50  -1 -1  0 -9 
51 51   1  0  0 -9 
52 44  -1 -2  0 -9 
52 45  -1  0  0 -9 
52 46   1 -1  0 -9 
52 47   1  1  0 -9 
52 48   1 -1  0 -9 
52 50  -1  0  0 -9 
52 51   1  1  0 -9 
52 52  -1  2  0 -9 
53 54   1 -3  0 -9 
54 53   1 -3  0 -9 
55 53  -1 -1  0 -9 
55 54   1 -2  0 -9 
55 55   1  0  0 -9 
56 53  -1  0  0 -9 
56 55   1  1  0 -9 
56 56  -1  2  0 -9 
57 58   1 -3  0 -9 
58 57   1 -3  0 -9 
59 57  -1 -1  0 -9 
59 58   1 -2  0 -9 
59 59   1  0  0 -9 
60 57  -1  0  0 -9 
60 59   1  1  0 -9 
60 60  -1  2  0 -9 
61 53  -1 -1  0 -9 
61 54   1 -2  0 -9 
61 57   1 -2  0 -9 
61 58  -1 -1  0 -9 
61 61   1  0  0 -9 
62 53  -1  0  0 -9 
62 54   1 -1  0 -9 
62 55   1  1  0 -9 
62 58  -1  0  0 -9 
62 61   1  1  0 -9 
62 62  -1  2  0 -9 
63 63   1  0  0 -9 
64 63   1  1  0 -9 
64 64  -1  2  0 -9 
65 65   1 -8  0 -9 
66 65  -1 -4  0 -9 
66 67   1 -3  0 -9 
67 65   1 -7  0 -9 
67 66   1 -3  0 -9 
68 65  -1 -3  0 -9 
68 66  -1 -1  0 -9 
68 67   1 -2  0 -9 
68 68   1  0  0 -9 
69 65   1 -7  0 -9 
69 69  -1 -6  0 -9 
70 69  -1 -4  0 -9 
70 71   1 -3  0 -9 
71 65   1 -6  0 -9 
71 69  -1 -5  0 -9 
71 70   1 -3  0 -9 
72 65  -1 -3  0 -9 
72 66  -1 -1  0 -9 
72 67   1 -2  0 -9 
72 69   1 -2  0 -9 
72 70   1 -2  0 -9 
72 71  -1 -1  0 -9 
72 72   1  0  0 -9 
73 65  -1 -2  0 -9 
73 66  -1  0  0 -9 
73 67   1 -1  0 -9 
73 68   1  1  0 -9 
73 69   1 -1  0 -9 
73 71  -1  0  0 -9 
73 72   1  1  0 -9 
73 73  -1  2  0 -9 
74 75   1 -3  0 -9 
75 74   1 -3  0 -9 
76 74  -1 -1  0 -9 
76 75   1 -2  0 -9 
76 76   1  0  0 -9 
77 74  -1  0  0 -9 
77 76   1  1  0 -9 
77 77  -1  2  0 -9 
78 79   1 -3  0 -9 
79 78   1 -3  0 -9 
80 78  -1 -1  0 -9 
80 79   1 -2  0 -9 
80 80   1  0  0 -9 
81 78  -1  0  0 -9 
81 80   1  1  0 -9 
81 81  -1  2  0 -9 
82 74  -1 -1  0 -9 
82 75   1 -2  0 -9 
82 78   1 -2  0 -9 
82 79  -1 -1  0 -9 
82 82   1  0  0 -9 
83 74  -1  0  0 -9 
83 75   1 -1  0 -9 
83 76   1  1  0 -9 
83 79  -1  0  0 -9 
83 82   1  1  0 -9 
83 83  -1  2  0 -9 
84 84   1  0  0 -9 
85 84   1  1  0 -9 
85 85  -1  2  0 -9 
86 44   1 -7  0 -9 
86 86  -1 -6  0 -9 
87 86  -1 -4  0 -9 
87 88   1 -3  0 -9 
88 44   1 -6  0 -9 
88 86  -1 -5  0 -9 
88 87   1 -3  0 -9 
89 44  -1 -3  0 -9 
89 45  -1 -1  0 -9 
89 46   1 -2  0 -9 
89 86   1 -2  0 -9 
89 87   1 -2  0 -9 
89 88  -1 -1  0 -9 
89 89   1  0  0 -9 
90 44  -1 -2  0 -9 
90 45  -1  0  0 -9 
90 46   1 -1  0 -9 
90 47   1  1  0 -9 
90 86   1 -1  0 -9 
90 88  -1  0  0 -9 
90 89   1  1  0 -9 
90 90  -1  2  0 -9 
91 44  -1 -4  0 -9 
91 49  -1 -1  0 -9 
91 50   1 -2  0 -9 
91 65   1 -5  0 -9 
91 69  -1 -4  0 -9 
91 70   1 -2  0 -9 
91 71  -1 -1  0 -9 
91 86   1 -3  0 -9 
91 91   1  0  0 -9 
92 93   1 -3  0 -9 
93 92   1 -3  0 -9 
94 92  -1 -1  0 -9 
94 93   1 -2  0 -9 
94 94   1  0  0 -9 
95 92  -1  0  0 -9 
95 94   1  1  0 -9 
95 95  -1  2  0 -9 
96 53  -1 -1  0 -9 
96 54   1 -2  0 -9 
96 92   1 -2  0 -9 
96 93  -1 -1  0 -9 
96 96   1  0  0 -9 
97 53  -1  0  0 -9 
97 54   1 -1  0 -9 
97 55   1  1  0 -9 
97 93  -1  0  0 -9 
97 96   1  1  0 -9 
97 97  -1  2  0 -9 
98 57  -1 -1  0 -9 
98 58   1 -2  0 -9 
98 78   1 -2  0 -9 
98 79  -1 -1  0 -9 
98 98   1  0  0 -9 
99 57  -1  0  0 -9 
99 58   1 -1  0 -9 
99 59   1  1  0 -9 
99 79  -1  0  0 -9 
99 98   1  1  0 -9 
99 99  -1  2  0 -9 
100 63   1  1  0 -9 
100 100  -1  2  0 -9 
101 102   1 -3  0 -9 
102 101   1 -3  0 -9 
103 101  -1 -1  0 -9 
103 102   1 -2  0 -9 
103 103   1  0  0 -9 
104 101  -1  0  0 -9 
104 103   1  1  0 -9 
104 104  -1  2  0 -9 
105 105   1  0  0 -9 
106 105   1  1  0 -9 
106 106  -1  2  0 -9 
107 108   1 -3  0 -9 
108 107   1 -3  0 -9 
109 107  -1 -1  0 -9 
109 108   1 -2  0 -9 
109 109   1  0  0 -9 
110 107  -1  0  0 -9 
110 109   1  1  0 -9 
110 110  -1  2  0 -9 
111 101  -1 -1  0 -9 
111 102   1 -2  0 -9 
111 107   1 -2  0 -9 
111 108  -1 -1  0 -9 
111 111   1  0  0 -9 
112 101  -1  0  0 -9 
112 102   1 -1  0 -9 
112 103   1  1  0 -9 
112 108  -1  0  0 -9 
112 111   1  1  0 -9 
112 112  -1  2  0 -9 
113 113   1  0  0 -9 
114 113   1  1  0 -9 
114 114  -1  2  0 -9 
115 105   1  1  0 -9 
115 115  -1  2  0 -9 
9999 9999
