 0  0   1 -8  0 -9 
 1  1  -1 -6  0 -9 
 1  2   1 -7  0 -9 
 2  2   1 -8  0 -9 
 3  0   1 -7  0 -9 
 3  3  -1 -6  0 -9 
 3  4   1 -7  0 -9 
 4  4   1 -8  0 -9 
 5  0   1 -6  0 -9 
 5  3  -1 -5  0 -9 
 5  4   1 -6  0 -9 
 5  6  -1 -5  0 -9 
 5  7   1 -3  0 -9 
 5  8  -1 -4  0 -9 
 5  9   1 -6  0 -9 
 6  4   1 -7  0 -9 
 6  6  -1 -6  0 -9 
 6  9   1 -7  0 -9 
 7  3  -1 -4  0 -9 
 7  4   1 -5  0 -9 
 7  5   1 -3  0 -9 
 7  6  -1 -4  0 -9 
 7  8  -1 -5  0 -9 
 7 10   1 -6  0 -9 
 8  8  -1 -6  0 -9 
 8 10   1 -7  0 -9 
 9  9   1 -8  0 -9 
10 10   1 -8  0 -9 
11  1  -1 -5  0 -9 
11  2   1 -6  0 -9 
11  6  -1 -4  0 -9 
11  9   1 -5  0 -9 
11 12   1 -3  0 -9 
11 13  -1 -4  0 -9 
12  1  -1 -4  0 -9 
12  4   1 -6  0 -9 
12  6  -1 -5  0 -9 
12  9   1 -6  0 -9 
12 11   1 -3  0 -9 
12 13  -1 -5  0 -9 
12 14   1 -6  0 -9 
13  9   1 -7  0 -9 
13 13  -1 -6  0 -9 
13 14   1 -7  0 -9 
14 14   1 -8  0 -9 
15 15   1 -8  0 -9 
16 15   1 -7  0 -9 
16 16  -1 -6  0 -9 
16 17   1 -7  0 -9 
17 17   1 -8  0 -9 
18 15   1 -7  0 -9 
18 18  -1 -6  0 -9 
18 19   1 -7  0 -9 
19 19   1 -8  0 -9 
20 15   1 -6  0 -9 
20 16  -1 -5  0 -9 
20 17   1 -6  0 -9 
20 18  -1 -5  0 -9 
20 19   1 -6  0 -9 
20 21  -1 -5  0 -9 
20 22   1 -3  0 -9 
20 23  -1 -4  0 -9 
20 24   1 -6  0 -9 
21 19   1 -7  0 -9 
21 21  -1 -6  0 -9 
21 24   1 -7  0 -9 
22 15   1 -5  0 -9 
22 16  -1 -4  0 -9 
22 18  -1 -4  0 -9 
22 19   1 -5  0 -9 
22 20   1 -3  0 -9 
22 21  -1 -4  0 -9 
22 23  -1 -5  0 -9 
22 25   1 -6  0 -9 
23 23  -1 -6  0 -9 
23 25   1 -7  0 -9 
24 24   1 -8  0 -9 
25 25   1 -8  0 -9 
26 21  -1 -4  0 -9 
26 24   1 -5  0 -9 
26 27   1 -3  0 -9 
26 28  -1 -4  0 -9 
27 19   1 -6  0 -9 
27 21  -1 -5  0 -9 
27 24   1 -6  0 -9 
27 26   1 -3  0 -9 
27 28  -1 -5  0 -9 
27 29   1 -6  0 -9 
28 24   1 -7  0 -9 
28 28  -1 -6  0 -9 
28 29   1 -7  0 -9 
29 29   1 -8  0 -9 
30 16  -1 -4  0 -9 
30 17   1 -5  0 -9 
30 31  -1 -5  0 -9 
30 32   1 -3  0 -9 
30 33  -1 -4  0 -9 
30 34   1 -6  0 -9 
31 31  -1 -6  0 -9 
31 34   1 -7  0 -9 
32 15   1 -6  0 -9 
32 16  -1 -5  0 -9 
32 17   1 -6  0 -9 
32 30   1 -3  0 -9 
32 31  -1 -4  0 -9 
32 33  -1 -5  0 -9 
32 35   1 -6  0 -9 
33 17   1 -7  0 -9 
33 33  -1 -6  0 -9 
33 35   1 -7  0 -9 
34 34   1 -8  0 -9 
35 35   1 -8  0 -9 
36 15   1 -5  0 -9 
36 16  -1 -4  0 -9 
36 17   1 -5  0 -9 
36 30   1 -2  0 -9 
36 32  -1 -1  0 -9 
36 33   1 -2 -1 -4  0 -9 
36 34  -1 -4  0 -9 
36 35   1 -5  0 -9 
36 36   1  0  0 -9 
36 37  -1 -1  0 -9 
36 38   1 -3  0 -9 
36 39  -1 -4  0 -9 
36 40   1 -2  0 -9 
36 41   1 -5  0 -9 
37 17   1 -6  0 -9 
37 33  -1 -5  0 -9 
37 35   1 -6  0 -9 
37 39  -1 -5  0 -9 
37 40   1 -3  0 -9 
37 41   1 -6  0 -9 
38 34   1 -7  0 -9 
38 38  -1 -6  0 -9 
39 35   1 -7  0 -9 
39 39  -1 -6  0 -9 
39 41   1 -7  0 -9 
40 33  -1 -4  0 -9 
40 35   1 -5  0 -9 
40 37   1 -3  0 -9 
40 39  -1 -4  0 -9 
41 41   1 -8  0 -9 
42 15   1 -4  0 -9 
42 16  -1 -3  0 -9 
42 18  -1 -3  0 -9 
42 19   1 -4  0 -9 
42 20   1 -2  0 -9 
42 21  -1 -3  0 -9 
42 22   1  1  0 -9 
42 23  -1  0 -1 -4  0 -9 
42 25   1 -5  0 -9 
42 27  -1  0  0 -9 
42 28   1 -1  0 -9 
42 31   1 -2  0 -9 
42 32  -1  0  0 -9 
42 33   1 -1  0 -9 
42 34  -1 -3  0 -9 
42 36   1  1  0 -9 
42 37  -1  0  0 -9 
42 38   1 -2  0 -9 
42 39  -1 -3  0 -9 
42 41   1 -4  0 -9 
42 42  -1  2  0 -9 
42 43   1  1  0 -9 
42 44   1  1  0 -9 
42 45  -1  0  0 -9 
42 46  -1 -3  0 -9 
42 48   1 -2  0 -9 
42 49  -1 -3  0 -9 
42 50   1 -4  0 -9 
43 23  -1 -5  0 -9 
43 25   1 -6  0 -9 
43 39  -1 -4  0 -9 
43 41   1 -5  0 -9 
43 46  -1 -4  0 -9 
43 48   1 -3  0 -9 
43 49  -1 -4  0 -9 
43 50   1 -5  0 -9 
44 19   1 -5  0 -9 
44 21  -1 -4  0 -9 
44 24   1 -5  0 -9 
44 26   1 -2  0 -9 
44 27  -1 -1  0 -9 
44 28   1 -2 -1 -4  0 -9 
44 29   1 -5  0 -9 
44 31   1 -3  0 -9 
44 34  -1 -4  0 -9 
44 44   1  0  0 -9 
44 45  -1 -1  0 -9 
44 46  -1 -4  0 -9 
44 47   1 -2  0 -9 
44 50   1 -5  0 -9 
45 24   1 -6  0 -9 
45 28  -1 -5  0 -9 
45 29   1 -6  0 -9 
45 38  -1 -4  0 -9 
45 46  -1 -5  0 -9 
45 47   1 -3  0 -9 
45 50   1 -6  0 -9 
46 29   1 -7  0 -9 
46 46  -1 -6  0 -9 
46 50   1 -7  0 -9 
47 28  -1 -4  0 -9 
47 29   1 -5  0 -9 
47 34   1 -6  0 -9 
47 38  -1 -5  0 -9 
47 45   1 -3  0 -9 
47 46  -1 -4  0 -9 
48 23  -1 -4  0 -9 
48 29   1 -6  0 -9 
48 35   1 -6  0 -9 
48 39  -1 -5  0 -9 
48 41   1 -6  0 -9 
48 43   1 -3  0 -9 
48 46  -1 -5  0 -9 
48 49  -1 -5  0 -9 
48 50   1 -6  0 -9 
49 41   1 -7  0 -9 
49 49  -1 -6  0 -9 
49 50   1 -7  0 -9 
50 50   1 -8  0 -9 
51 51  -1 -6  0 -9 
51 52   1 -7  0 -9 
52 52   1 -8  0 -9 
53 51  -1 -5  0 -9 
53 52   1 -6  0 -9 
53 54  -1 -5  0 -9 
53 55   1 -3  0 -9 
53 56  -1 -4  0 -9 
53 57   1 -6  0 -9 
54 52   1 -7  0 -9 
54 54  -1 -6  0 -9 
54 57   1 -7  0 -9 
55 51  -1 -4  0 -9 
55 52   1 -5  0 -9 
55 53   1 -3  0 -9 
55 54  -1 -4  0 -9 
55 56  -1 -5  0 -9 
55 58   1 -6  0 -9 
56 56  -1 -6  0 -9 
56 58   1 -7  0 -9 
57 57   1 -8  0 -9 
58 58   1 -8  0 -9 
59 31  -1 -4  0 -9 
59 34   1 -5  0 -9 
59 54  -1 -4  0 -9 
59 57   1 -5  0 -9 
59 60   1 -3  0 -9 
59 61  -1 -4  0 -9 
60 31  -1 -5  0 -9 
60 34   1 -6  0 -9 
60 52   1 -6  0 -9 
60 54  -1 -5  0 -9 
60 57   1 -6  0 -9 
60 59   1 -3  0 -9 
60 61  -1 -5  0 -9 
60 62   1 -6  0 -9 
61 34   1 -7  0 -9 
61 57   1 -7  0 -9 
61 61  -1 -6  0 -9 
61 62   1 -7  0 -9 
62 62   1 -8  0 -9 
63 31   1 -1  0 -9 
63 34  -1 -2  0 -9 
63 38   1 -1  0 -9 
63 51  -1 -3  0 -9 
63 52   1 -4  0 -9 
63 53   1 -2  0 -9 
63 54  -1 -3  0 -9 
63 55   1  1  0 -9 
63 56  -1  0 -1 -4  0 -9 
63 58   1 -5  0 -9 
63 60  -1  0  0 -9 
63 61   1 -1  0 -9 
63 63  -1  2  0 -9 
63 64   1  1  0 -9 
63 65   1  1  0 -9 
63 66  -1  0  0 -9 
63 67  -1 -3  0 -9 
63 69   1 -2  0 -9 
63 70  -1 -3  0 -9 
63 71   1 -4  0 -9 
64 56  -1 -5  0 -9 
64 58   1 -6  0 -9 
64 67  -1 -4  0 -9 
64 69   1 -3  0 -9 
64 70  -1 -4  0 -9 
64 71   1 -5  0 -9 
65 31   1 -2  0 -9 
65 34  -1 -3  0 -9 
65 38   1 -2  0 -9 
65 52   1 -5  0 -9 
65 54  -1 -4  0 -9 
65 57   1 -5  0 -9 
65 59   1 -2  0 -9 
65 60  -1 -1  0 -9 
65 61   1 -2 -1 -4  0 -9 
65 62   1 -5  0 -9 
65 65   1  0  0 -9 
65 66  -1 -1  0 -9 
65 67  -1 -4  0 -9 
65 68   1 -2  0 -9 
65 71   1 -5  0 -9 
66 34   1 -6  0 -9 
66 38  -1 -5  0 -9 
66 57   1 -6  0 -9 
66 61  -1 -5  0 -9 
66 62   1 -6  0 -9 
66 67  -1 -5  0 -9 
66 68   1 -3  0 -9 
66 71   1 -6  0 -9 
67 62   1 -7  0 -9 
67 67  -1 -6  0 -9 
67 71   1 -7  0 -9 
68 34   1 -5  0 -9 
68 38  -1 -4  0 -9 
68 61  -1 -4  0 -9 
68 62   1 -5  0 -9 
68 66   1 -3  0 -9 
68 67  -1 -4  0 -9 
69 56  -1 -4  0 -9 
69 62   1 -6  0 -9 
69 64   1 -3  0 -9 
69 67  -1 -5  0 -9 
69 70  -1 -5  0 -9 
69 71   1 -6  0 -9 
70 70  -1 -6  0 -9 
70 71   1 -7  0 -9 
71 71   1 -8  0 -9 
72 73  -1 -5  0 -9 
72 74   1 -3  0 -9 
72 75  -1 -4  0 -9 
72 76   1 -6  0 -9 
73 73  -1 -6  0 -9 
73 76   1 -7  0 -9 
74 72   1 -3  0 -9 
74 73  -1 -4  0 -9 
74 75  -1 -5  0 -9 
74 77   1 -6  0 -9 
75 75  -1 -6  0 -9 
75 77   1 -7  0 -9 
76 76   1 -8  0 -9 
77 77   1 -8  0 -9 
78 72   1 -2  0 -9 
78 74  -1 -1  0 -9 
78 75   1 -2 -1 -4  0 -9 
78 76  -1 -4  0 -9 
78 77   1 -5  0 -9 
78 78   1  0  0 -9 
78 79  -1 -1  0 -9 
78 80   1 -3  0 -9 
78 81  -1 -4  0 -9 
78 82   1 -2  0 -9 
78 83   1 -5  0 -9 
79 75  -1 -5  0 -9 
79 77   1 -6  0 -9 
79 81  -1 -5  0 -9 
79 82   1 -3  0 -9 
79 83   1 -6  0 -9 
80 76   1 -7  0 -9 
80 80  -1 -6  0 -9 
81 77   1 -7  0 -9 
81 81  -1 -6  0 -9 
81 83   1 -7  0 -9 
82 75  -1 -4  0 -9 
82 77   1 -5  0 -9 
82 79   1 -3  0 -9 
82 81  -1 -4  0 -9 
83 83   1 -8  0 -9 
84 73  -1 -4  0 -9 
84 76   1 -5  0 -9 
84 85   1 -3  0 -9 
84 86  -1 -4  0 -9 
85 73  -1 -5  0 -9 
85 76   1 -6  0 -9 
85 84   1 -3  0 -9 
85 86  -1 -5  0 -9 
85 87   1 -6  0 -9 
86 76   1 -7  0 -9 
86 86  -1 -6  0 -9 
86 87   1 -7  0 -9 
87 87   1 -8  0 -9 
88 73   1 -1  0 -9 
88 76  -1 -2  0 -9 
88 80   1 -1  0 -9 
88 85  -1  0  0 -9 
88 86   1 -1  0 -9 
88 88  -1  2  0 -9 
88 89   1  1  0 -9 
88 90   1  1  0 -9 
88 91  -1  0  0 -9 
88 92  -1 -3  0 -9 
88 94   1 -2  0 -9 
88 95  -1 -3  0 -9 
88 96   1 -4  0 -9 
89 92  -1 -4  0 -9 
89 94   1 -3  0 -9 
89 95  -1 -4  0 -9 
89 96   1 -5  0 -9 
90 73   1 -2  0 -9 
90 76  -1 -3  0 -9 
90 80   1 -2  0 -9 
90 84   1 -2  0 -9 
90 85  -1 -1  0 -9 
90 86   1 -2 -1 -4  0 -9 
90 87   1 -5  0 -9 
90 90   1  0  0 -9 
90 91  -1 -1  0 -9 
90 92  -1 -4  0 -9 
90 93   1 -2  0 -9 
90 96   1 -5  0 -9 
91 76   1 -6  0 -9 
91 80  -1 -5  0 -9 
91 86  -1 -5  0 -9 
91 87   1 -6  0 -9 
91 92  -1 -5  0 -9 
91 93   1 -3  0 -9 
91 96   1 -6  0 -9 
92 87   1 -7  0 -9 
92 92  -1 -6  0 -9 
92 96   1 -7  0 -9 
93 76   1 -5  0 -9 
93 80  -1 -4  0 -9 
93 86  -1 -4  0 -9 
93 87   1 -5  0 -9 
93 91   1 -3  0 -9 
93 92  -1 -4  0 -9 
94 87   1 -6  0 -9 
94 89   1 -3  0 -9 
94 92  -1 -5  0 -9 
94 95  -1 -5  0 -9 
94 96   1 -6  0 -9 
95 95  -1 -6  0 -9 
95 96   1 -7  0 -9 
96 96   1 -8  0 -9 
97 73   1 -2  0 -9 
97 74  -1  0  0 -9 
97 75   1 -1  0 -9 
97 76  -1 -3  0 -9 
97 78   1  1  0 -9 
97 79  -1  0  0 -9 
97 80   1 -2  0 -9 
97 81  -1 -3  0 -9 
97 83   1 -4  0 -9 
97 97  -1  2  0 -9 
97 98   1  1  0 -9 
97 99   1  1  0 -9 
97 100  -1  0  0 -9 
97 101  -1 -3  0 -9 
97 103   1 -2  0 -9 
97 104  -1 -3  0 -9 
97 105   1 -4  0 -9 
98 81  -1 -4  0 -9 
98 83   1 -5  0 -9 
98 101  -1 -4  0 -9 
98 103   1 -3  0 -9 
98 104  -1 -4  0 -9 
98 105   1 -5  0 -9 
99 73   1 -3  0 -9 
99 76  -1 -4  0 -9 
99 99   1  0  0 -9 
99 100  -1 -1  0 -9 
99 101  -1 -4  0 -9 
99 102   1 -2  0 -9 
99 105   1 -5  0 -9 
100 80  -1 -4  0 -9 
100 101  -1 -5  0 -9 
100 102   1 -3  0 -9 
100 105   1 -6  0 -9 
101 101  -1 -6  0 -9 
101 105   1 -7  0 -9 
102 76   1 -6  0 -9 
102 80  -1 -5  0 -9 
102 100   1 -3  0 -9 
102 101  -1 -4  0 -9 
103 77   1 -6  0 -9 
103 81  -1 -5  0 -9 
103 83   1 -6  0 -9 
103 98   1 -3  0 -9 
103 101  -1 -5  0 -9 
103 104  -1 -5  0 -9 
103 105   1 -6  0 -9 
104 83   1 -7  0 -9 
104 104  -1 -6  0 -9 
104 105   1 -7  0 -9 
105 105   1 -8  0 -9 
106 75  -1 -3  0 -9 
106 77   1 -4  0 -9 
106 79   1 -2  0 -9 
106 81  -1 -3  0 -9 
106 82   1  1  0 -9 
106 101   1 -1  0 -9 
106 103  -1  0  0 -9 
106 104   1 -1  0 -9 
106 105  -1 -2  0 -9 
106 106  -1  2  0 -9 
106 108   1  1  0 -9 
106 109  -1  0  0 -9 
106 110   1 -1  0 -9 
107 76   1 -5  0 -9 
107 80  -1 -4  0 -9 
107 100   1 -2  0 -9 
107 102  -1 -1  0 -9 
107 105  -1 -4  0 -9 
107 107   1  0  0 -9 
107 110   1 -3  0 -9 
108 77   1 -5  0 -9 
108 81  -1 -4  0 -9 
108 83   1 -5  0 -9 
108 98   1 -2  0 -9 
108 101   1 -2  0 -9 
108 103  -1 -1  0 -9 
108 104   1 -2 -1 -4  0 -9 
108 105  -1 -3  0 -9 
108 108   1  0  0 -9 
108 109  -1 -1  0 -9 
108 110   1 -2  0 -9 
108 111   1 -2  0 -9 
109 83   1 -6  0 -9 
109 104  -1 -5  0 -9 
109 105   1 -6  0 -9 
109 110  -1 -5  0 -9 
109 111   1 -3  0 -9 
110 105   1 -7  0 -9 
110 110  -1 -6  0 -9 
111 104  -1 -4  0 -9 
111 105   1 -5  0 -9 
111 109   1 -3  0 -9 
111 110  -1 -4  0 -9 
112 76   1 -4  0 -9 
112 80  -1 -3  0 -9 
112 86  -1 -3  0 -9 
112 87   1 -4  0 -9 
112 91   1 -2  0 -9 
112 92  -1 -3  0 -9 
112 93   1  1  0 -9 
112 94  -1  0  0 -9 
112 95   1 -1  0 -9 
112 101   1 -2  0 -9 
112 102  -1  0  0 -9 
112 105  -1 -3  0 -9 
112 107   1  1  0 -9 
112 110   1 -2  0 -9 
112 112  -1  2  0 -9 
112 113   1  1  0 -9 
112 114  -1  0  0 -9 
113 87   1 -5  0 -9 
113 89   1 -2  0 -9 
113 92  -1 -4  0 -9 
113 94  -1 -1  0 -9 
113 95   1 -2 -1 -4  0 -9 
113 96   1 -5  0 -9 
113 101   1 -3  0 -9 
113 105  -1 -4  0 -9 
113 113   1  0  0 -9 
113 114  -1 -1  0 -9 
113 115   1 -2  0 -9 
114 95  -1 -5  0 -9 
114 96   1 -6  0 -9 
114 110  -1 -4  0 -9 
114 115   1 -3  0 -9 
115 95  -1 -4  0 -9 
115 105   1 -6  0 -9 
115 110  -1 -5  0 -9 
115 114   1 -3  0 -9 
9999 9999
