 0  0  -1  2  0 -9 
 0  1   1  1  0 -9 
 0  2  -1  0  0 -9 
 1  1   1  0  0 -9 
 1  2  -1 -1  0 -9 
 1  3   1 -2  0 -9 
 2  3   1 -3  0 -9 
 3  2   1 -3  0 -9 
 4  4  -1  2  0 -9 
 4  6   1  1  0 -9 
 4  7  -1  0  0 -9 
 5  1   1  1  0 -9 
 5  2  -1  0  0 -9 
 5  3   1 -1  0 -9 
 5  5  -1  2  0 -9 
 5  8   1  1  0 -9 
 5  9  -1  0  0 -9 
 6  6   1  0  0 -9 
 6  7  -1 -1  0 -9 
 6  9   1 -2  0 -9 
 7  9   1 -3  0 -9 
 8  2  -1 -1  0 -9 
 8  3   1 -2  0 -9 
 8  7   1 -2  0 -9 
 8  8   1  0  0 -9 
 8  9  -1 -1  0 -9 
 9  7   1 -3  0 -9 
10  2  -1  0  0 -9 
10  7   1 -1  0 -9 
10  8   1  1  0 -9 
10  9  -1  0  0 -9 
10 10  -1  2  0 -9 
10 11   1  1  0 -9 
11  7   1 -2  0 -9 
11  9  -1 -1  0 -9 
11 11   1  0  0 -9 
12  3  -1  0  0 -9 
12 12  -1  2  0 -9 
12 13   1  1  0 -9 
13  2   1 -2  0 -9 
13  3  -1 -1  0 -9 
13 13   1  0  0 -9 
14  9  -1  0  0 -9 
14 11   1  1  0 -9 
14 14  -1  2  0 -9 
15 15  -1  2  0 -9 
15 17   1  1  0 -9 
15 18  -1  0  0 -9 
16 16  -1  2  0 -9 
16 19   1  1  0 -9 
16 20  -1  0  0 -9 
17 17   1  0  0 -9 
17 18  -1 -1  0 -9 
17 20   1 -2  0 -9 
18 20   1 -3  0 -9 
19 18   1 -2  0 -9 
19 19   1  0  0 -9 
19 20  -1 -1  0 -9 
20 18   1 -3  0 -9 
21  9  -1  0  0 -9 
21 17   1  1  0 -9 
21 18  -1  0  0 -9 
21 20   1 -1  0 -9 
21 21  -1  2  0 -9 
21 22   1  1  0 -9 
22  7   1 -2  0 -9 
22  9  -1 -1  0 -9 
22 18  -1 -1  0 -9 
22 20   1 -2  0 -9 
22 22   1  0  0 -9 
23  7   1 -1  0 -9 
23  9  -1  0  0 -9 
23 11   1  1  0 -9 
23 18  -1  0  0 -9 
23 22   1  1  0 -9 
23 23  -1  2  0 -9 
24 18   1 -1  0 -9 
24 19   1  1  0 -9 
24 20  -1  0  0 -9 
24 24  -1  2  0 -9 
24 25   1  1  0 -9 
25 18   1 -2  0 -9 
25 20  -1 -1  0 -9 
25 25   1  0  0 -9 
26 20  -1  0  0 -9 
26 25   1  1  0 -9 
26 26  -1  2  0 -9 
27 27  -1  2  0 -9 
27 28   1  1  0 -9 
28 28   1  0  0 -9 
29 28   1  1  0 -9 
29 29  -1  2  0 -9 
30 30  -1  2  0 -9 
30 31   1  1  0 -9 
31 31   1  0  0 -9 
32 32  -1  2  0 -9 
32 33   1  1  0 -9 
33 33   1  0  0 -9 
34 33   1  1  0 -9 
34 34  -1  2  0 -9 
35 33   1  1  0 -9 
35 35  -1  2  0 -9 
9999 9999
