 0  2   1 -3  0 -9 
 0 11  -1 -4  0 -9 
 1  3   1 -3  0 -9 
 1 12  -1 -4  0 -9 
 2  0   1 -3  0 -9 
 2  5   1 -6  0 -9 
 2 11  -1 -5  0 -9 
 3  1   1 -3  0 -9 
 3  6   1 -6  0 -9 
 3 12  -1 -5  0 -9 
 4  0  -1 -1  0 -9 
 4  1   1 -2  0 -9 
 4  2   1 -2  0 -9 
 4  3  -1 -1  0 -9 
 4  4   1  0  0 -9 
 4  5  -1 -4  0 -9 
 4  6   1 -5  0 -9 
 4 12  -1 -4  0 -9 
 4 13   1 -3  0 -9 
 5  5   1 -8  0 -9 
 6  6   1 -8  0 -9 
 7  7   1 -8  0 -9 
 8  8   1 -8  0 -9 
 9  9   1 -8  0 -9 
10 10   1 -8  0 -9 
11  5   1 -7  0 -9 
11 11  -1 -6  0 -9 
12  6   1 -7  0 -9 
12 12  -1 -6  0 -9 
13  5   1 -7  0 -9 
13 13  -1 -6  0 -9 
14  7   1 -7  0 -9 
14 14  -1 -6  0 -9 
15  8   1 -7  0 -9 
15 15  -1 -6  0 -9 
16  9   1 -7  0 -9 
16 16  -1 -6  0 -9 
17 10   1 -7  0 -9 
17 17  -1 -6  0 -9 
18  7   1 -7  0 -9 
18 18  -1 -6  0 -9 
19  9   1 -7  0 -9 
19 19  -1 -6  0 -9 
9999 9999
