 0  0  -1 -6  0 -9 
 0  1   1 -7  0 -9 
 1  1   1 -8  0 -9 
 2  2   1 -8  0 -9 
 3  0  -1 -5  0 -9 
 3  1   1 -6  0 -9 
 3  4  -1 -5  0 -9 
 3  6   1 -3  0 -9 
 3  7  -1 -4  0 -9 
 3  9   1 -6  0 -9 
 4  1   1 -7  0 -9 
 4  4  -1 -6  0 -9 
 4  9   1 -7  0 -9 
 5  2   1 -7  0 -9 
 5  5  -1 -6  0 -9 
 5 10   1 -7  0 -9 
 6  0  -1 -4  0 -9 
 6  1   1 -5  0 -9 
 6  3   1 -3  0 -9 
 6  4  -1 -4  0 -9 
 6  7  -1 -5  0 -9 
 6 11   1 -6  0 -9 
 7  7  -1 -6  0 -9 
 7 11   1 -7  0 -9 
 8  8  -1 -6  0 -9 
 8 12   1 -7  0 -9 
 9  9   1 -8  0 -9 
10 10   1 -8  0 -9 
11 11   1 -8  0 -9 
12 12   1 -8  0 -9 
13 13   1 -8  0 -9 
14 14   1 -8  0 -9 
15 15   1 -8  0 -9 
16  2   1 -7  0 -9 
16 15   1 -7  0 -9 
16 16  -1 -6  0 -9 
17 18  -1 -4  0 -9 
17 20   1 -3  0 -9 
17 22  -1 -4  0 -9 
17 28   1 -5  0 -9 
18 15   1 -7  0 -9 
18 18  -1 -6  0 -9 
18 28   1 -7  0 -9 
19  2   1 -6  0 -9 
19  5  -1 -5  0 -9 
19 10   1 -6  0 -9 
19 15   1 -6  0 -9 
19 16  -1 -5  0 -9 
19 18  -1 -5  0 -9 
19 21   1 -3  0 -9 
19 23  -1 -4  0 -9 
19 28   1 -6  0 -9 
20 15   1 -6  0 -9 
20 17   1 -3  0 -9 
20 18  -1 -5  0 -9 
20 22  -1 -5  0 -9 
20 24   1 -6  0 -9 
20 28   1 -6  0 -9 
21  2   1 -5  0 -9 
21  5  -1 -4  0 -9 
21 15   1 -5  0 -9 
21 16  -1 -4  0 -9 
21 18  -1 -4  0 -9 
21 19   1 -3  0 -9 
21 23  -1 -5  0 -9 
21 29   1 -6  0 -9 
22 22  -1 -6  0 -9 
22 24   1 -7  0 -9 
22 28   1 -7  0 -9 
23 23  -1 -6  0 -9 
23 29   1 -7  0 -9 
24 24   1 -8  0 -9 
25 25   1 -8  0 -9 
26 26  -1 -6  0 -9 
26 30   1 -7  0 -9 
27 25   1 -7  0 -9 
27 27  -1 -6  0 -9 
27 31   1 -7  0 -9 
28 28   1 -8  0 -9 
29 29   1 -8  0 -9 
30 30   1 -8  0 -9 
31 31   1 -8  0 -9 
32  0  -1 -4  0 -9 
32  1   1 -5  0 -9 
32  4  -1 -4  0 -9 
32  9   1 -5  0 -9 
32 15  -1 -4  0 -9 
32 33  -1 -4  0 -9 
32 35   1 -3  0 -9 
32 37  -1 -4  0 -9 
32 43   1 -5  0 -9 
33 33  -1 -6  0 -9 
33 43   1 -7  0 -9 
34  2   1 -5  0 -9 
34  5  -1 -4  0 -9 
34 10   1 -5  0 -9 
34 16  -1 -4  0 -9 
34 33  -1 -5  0 -9 
34 36   1 -3  0 -9 
34 38  -1 -4  0 -9 
34 43   1 -6  0 -9 
35  0  -1 -5  0 -9 
35  1   1 -6  0 -9 
35  4  -1 -5  0 -9 
35  9   1 -6  0 -9 
35 15   1 -7  0 -9 
35 32   1 -3  0 -9 
35 33  -1 -5  0 -9 
35 37  -1 -5  0 -9 
35 39   1 -6  0 -9 
35 43   1 -6  0 -9 
36  2   1 -6  0 -9 
36  5  -1 -5  0 -9 
36 10   1 -6  0 -9 
36 15   1 -6  0 -9 
36 16  -1 -5  0 -9 
36 33  -1 -4  0 -9 
36 34   1 -3  0 -9 
36 38  -1 -5  0 -9 
36 44   1 -6  0 -9 
37  9   1 -7  0 -9 
37 37  -1 -6  0 -9 
37 39   1 -7  0 -9 
37 43   1 -7  0 -9 
38 10   1 -7  0 -9 
38 38  -1 -6  0 -9 
38 44   1 -7  0 -9 
39 39   1 -8  0 -9 
40 40   1 -8  0 -9 
41 13   1 -7  0 -9 
41 41  -1 -6  0 -9 
41 45   1 -7  0 -9 
42 14   1 -7  0 -9 
42 40   1 -7  0 -9 
42 42  -1 -6  0 -9 
42 46   1 -7  0 -9 
43 43   1 -8  0 -9 
44 44   1 -8  0 -9 
45 45   1 -8  0 -9 
46 46   1 -8  0 -9 
47  0  -1 -3  0 -9 
47  1   1 -4  0 -9 
47  3   1 -2  0 -9 
47  4  -1 -3  0 -9 
47  6  -1 -1  0 -9 
47  7   1 -2 -1 -4  0 -9 
47 11   1 -5  0 -9 
47 15  -1 -3  0 -9 
47 32  -1 -1  0 -9 
47 33  -1 -3  0 -9 
47 35   1 -2  0 -9 
47 37  -1 -3  0 -9 
47 43   1 -4  0 -9 
47 47   1  0  0 -9 
47 48  -1 -1  0 -9 
47 50  -1 -1  0 -9 
47 52   1 -2  0 -9 
47 54  -1 -3  0 -9 
47 58  -1 -3  0 -9 
47 62  -1 -3  0 -9 
47 64   1 -2  0 -9 
47 68  -1 -3  0 -9 
47 72   1 -4  0 -9 
48  7  -1 -5  0 -9 
48 11   1 -6  0 -9 
48 54  -1 -4  0 -9 
48 62  -1 -4  0 -9 
48 64   1 -3  0 -9 
48 68  -1 -4  0 -9 
48 72   1 -5  0 -9 
49  8  -1 -5  0 -9 
49 12   1 -6  0 -9 
49 55  -1 -4  0 -9 
49 65   1 -3  0 -9 
49 69  -1 -4  0 -9 
49 73   1 -5  0 -9 
50 33  -1 -4  0 -9 
50 37  -1 -4  0 -9 
50 39   1 -5  0 -9 
50 43   1 -5  0 -9 
50 52   1 -3  0 -9 
50 54  -1 -4  0 -9 
50 58  -1 -4  0 -9 
50 62  -1 -4  0 -9 
50 72   1 -5  0 -9 
51 38  -1 -4  0 -9 
51 44   1 -5  0 -9 
51 53   1 -3  0 -9 
51 59  -1 -4  0 -9 
51 63  -1 -4  0 -9 
51 74   1 -5  0 -9 
52  9   1 -6  0 -9 
52 33  -1 -5  0 -9 
52 37  -1 -5  0 -9 
52 39   1 -6  0 -9 
52 43   1 -6  0 -9 
52 50   1 -3  0 -9 
52 54  -1 -5  0 -9 
52 58   1 -7  0 -9 
52 62  -1 -5  0 -9 
52 72   1 -6  0 -9 
53 10   1 -6  0 -9 
53 38  -1 -5  0 -9 
53 44   1 -6  0 -9 
53 51   1 -3  0 -9 
53 58   1 -6  0 -9 
53 59  -1 -5  0 -9 
53 63  -1 -5  0 -9 
53 74   1 -6  0 -9 
54 39   1 -7  0 -9 
54 54  -1 -6  0 -9 
54 72   1 -7  0 -9 
55 40   1 -7  0 -9 
55 55  -1 -6  0 -9 
55 73   1 -7  0 -9 
56 13   1 -6  0 -9 
56 41  -1 -5  0 -9 
56 45   1 -6  0 -9 
56 60  -1 -5  0 -9 
56 63  -1 -4  0 -9 
56 66   1 -3  0 -9 
56 70  -1 -4  0 -9 
56 75   1 -6  0 -9 
57 14   1 -6  0 -9 
57 40   1 -6  0 -9 
57 42  -1 -5  0 -9 
57 46   1 -6  0 -9 
57 55  -1 -5  0 -9 
57 61  -1 -5  0 -9 
57 67   1 -3  0 -9 
57 71  -1 -4  0 -9 
57 73   1 -6  0 -9 
57 76   1 -6  0 -9 
58 58   1 -8  0 -9 
59 44   1 -7  0 -9 
59 58   1 -7  0 -9 
59 59  -1 -6  0 -9 
59 74   1 -7  0 -9 
60 45   1 -7  0 -9 
60 60  -1 -6  0 -9 
60 75   1 -7  0 -9 
61 46   1 -7  0 -9 
61 61  -1 -6  0 -9 
61 76   1 -7  0 -9 
62 62  -1 -6  0 -9 
62 72   1 -7  0 -9 
63 63  -1 -6  0 -9 
63 74   1 -7  0 -9 
64  7  -1 -4  0 -9 
64 39   1 -6  0 -9 
64 48   1 -3  0 -9 
64 54  -1 -5  0 -9 
64 62  -1 -5  0 -9 
64 68   1 -7  0 -9 
64 72   1 -6  0 -9 
65  8  -1 -4  0 -9 
65 40   1 -6  0 -9 
65 49   1 -3  0 -9 
65 55  -1 -5  0 -9 
65 68   1 -6  0 -9 
65 69  -1 -5  0 -9 
65 73   1 -6  0 -9 
66 41  -1 -4  0 -9 
66 45   1 -5  0 -9 
66 56   1 -3  0 -9 
66 60  -1 -4  0 -9 
66 63  -1 -5  0 -9 
66 70  -1 -5  0 -9 
66 74   1 -6  0 -9 
66 77   1 -6  0 -9 
67 40   1 -5  0 -9 
67 42  -1 -4  0 -9 
67 46   1 -5  0 -9 
67 55  -1 -4  0 -9 
67 57   1 -3  0 -9 
67 61  -1 -4  0 -9 
67 71  -1 -5  0 -9 
67 78   1 -6  0 -9 
68 68   1 -8  0 -9 
69 68   1 -7  0 -9 
69 69  -1 -6  0 -9 
69 73   1 -7  0 -9 
70 70  -1 -6  0 -9 
70 77   1 -7  0 -9 
71 71  -1 -6  0 -9 
71 78   1 -7  0 -9 
72 72   1 -8  0 -9 
73 73   1 -8  0 -9 
74 74   1 -8  0 -9 
75 75   1 -8  0 -9 
76 76   1 -8  0 -9 
77 77   1 -8  0 -9 
78 78   1 -8  0 -9 
79 79   1 -8  0 -9 
80 22  -1 -4  0 -9 
80 24   1 -5  0 -9 
80 33  -1 -5  0 -9 
80 43   1 -6  0 -9 
80 82   1 -3  0 -9 
80 84  -1 -4  0 -9 
80 88  -1 -4  0 -9 
80 92   1 -5  0 -9 
81  2   1 -4  0 -9 
81  5  -1 -3  0 -9 
81 16  -1 -3  0 -9 
81 17  -1 -1  0 -9 
81 18  -1 -3  0 -9 
81 19   1 -2  0 -9 
81 20   1 -2  0 -9 
81 21  -1 -1  0 -9 
81 22  -1 -3  0 -9 
81 23   1 -2 -1 -4  0 -9 
81 29   1 -5  0 -9 
81 33   1 -2 -1 -4  0 -9 
81 34  -1 -1  0 -9 
81 36   1 -2  0 -9 
81 38  -1 -3  0 -9 
81 43   1 -5  0 -9 
81 51  -1 -1  0 -9 
81 53   1 -2  0 -9 
81 59  -1 -3  0 -9 
81 63  -1 -3  0 -9 
81 74   1 -4  0 -9 
81 80  -1 -1  0 -9 
81 81   1  0  0 -9 
81 82   1 -2  0 -9 
81 83  -1 -1  0 -9 
81 84  -1 -3  0 -9 
81 88  -1 -3  0 -9 
81 89   1 -2  0 -9 
81 92   1 -4  0 -9 
81 94  -1 -3  0 -9 
82 22  -1 -5  0 -9 
82 24   1 -6  0 -9 
82 28   1 -6  0 -9 
82 33  -1 -4  0 -9 
82 58   1 -6  0 -9 
82 80   1 -3  0 -9 
82 84  -1 -5  0 -9 
82 88  -1 -5  0 -9 
82 92   1 -6  0 -9 
83 23  -1 -5  0 -9 
83 29   1 -6  0 -9 
83 58   1 -5  0 -9 
83 59  -1 -4  0 -9 
83 63  -1 -4  0 -9 
83 74   1 -5  0 -9 
83 84  -1 -4  0 -9 
83 88  -1 -4  0 -9 
83 89   1 -3  0 -9 
83 92   1 -5  0 -9 
83 94  -1 -4  0 -9 
84 24   1 -7  0 -9 
84 84  -1 -6  0 -9 
84 92   1 -7  0 -9 
85 25   1 -7  0 -9 
85 85  -1 -6  0 -9 
85 93   1 -7  0 -9 
86 26  -1 -5  0 -9 
86 30   1 -6  0 -9 
86 60  -1 -4  0 -9 
86 75   1 -5  0 -9 
86 85  -1 -4  0 -9 
86 90   1 -3  0 -9 
86 93   1 -5  0 -9 
86 95  -1 -4  0 -9 
87 25   1 -6  0 -9 
87 27  -1 -5  0 -9 
87 31   1 -6  0 -9 
87 61  -1 -4  0 -9 
87 76   1 -5  0 -9 
87 85  -1 -5  0 -9 
87 91   1 -3  0 -9 
87 93   1 -6  0 -9 
87 96  -1 -4  0 -9 
88 58   1 -7  0 -9 
88 88  -1 -6  0 -9 
88 92   1 -7  0 -9 
89 23  -1 -4  0 -9 
89 24   1 -6  0 -9 
89 44   1 -6  0 -9 
89 58   1 -6  0 -9 
89 59  -1 -5  0 -9 
89 63  -1 -5  0 -9 
89 74   1 -6  0 -9 
89 83   1 -3  0 -9 
89 84  -1 -5  0 -9 
89 88  -1 -5  0 -9 
89 92   1 -6  0 -9 
89 94   1 -7  0 -9 
90 25   1 -6  0 -9 
90 26  -1 -4  0 -9 
90 45   1 -6  0 -9 
90 60  -1 -5  0 -9 
90 75   1 -6  0 -9 
90 85  -1 -5  0 -9 
90 86   1 -3  0 -9 
90 93   1 -6  0 -9 
90 94   1 -6  0 -9 
90 95  -1 -5  0 -9 
90 97   1 -6  0 -9 
91 25   1 -5  0 -9 
91 27  -1 -4  0 -9 
91 46   1 -6  0 -9 
91 61  -1 -5  0 -9 
91 76   1 -6  0 -9 
91 85  -1 -4  0 -9 
91 87   1 -3  0 -9 
91 96  -1 -5  0 -9 
91 98   1 -6  0 -9 
92 92   1 -8  0 -9 
93 93   1 -8  0 -9 
94 94   1 -8  0 -9 
95 75   1 -7  0 -9 
95 93   1 -7  0 -9 
95 94   1 -7  0 -9 
95 95  -1 -6  0 -9 
95 97   1 -7  0 -9 
96 76   1 -7  0 -9 
96 96  -1 -6  0 -9 
96 98   1 -7  0 -9 
97 97   1 -8  0 -9 
98 98   1 -8  0 -9 
99 79   1 -7  0 -9 
99 97   1 -7  0 -9 
99 99  -1 -6  0 -9 
9999 9999
