 0  0   1 -8  0 -9 
 1  1   1 -8  0 -9 
 2  1   1 -7  0 -9 
 2  2  -1 -6  0 -9 
 3  3   1 -8  0 -9 
 4  4   1 -8  0 -9 
 5  4   1 -7  0 -9 
 5  5  -1 -6  0 -9 
 6  6   1 -8  0 -9 
 7  7   1 -8  0 -9 
 8  7   1 -7  0 -9 
 8  8  -1 -6  0 -9 
 9  9   1 -8  0 -9 
10  9   1 -7  0 -9 
10 10  -1 -6  0 -9 
11 11   1 -8  0 -9 
12 11   1 -7  0 -9 
12 12  -1 -6  0 -9 
13  9   1 -6  0 -9 
13 10  -1 -5  0 -9 
13 12  -1 -4  0 -9 
13 14   1 -3  0 -9 
14 10  -1 -4  0 -9 
14 11   1 -6  0 -9 
14 12  -1 -5  0 -9 
14 13   1 -3  0 -9 
15 15   1 -8  0 -9 
16  0   1 -7  0 -9 
16 15   1 -7  0 -9 
16 16  -1 -6  0 -9 
17 17   1 -8  0 -9 
18 18   1 -8  0 -9 
19  3   1 -7  0 -9 
19 17   1 -7  0 -9 
19 18   1 -7  0 -9 
19 19  -1 -6  0 -9 
20 20   1 -8  0 -9 
21  6   1 -7  0 -9 
21 20   1 -7  0 -9 
21 21  -1 -6  0 -9 
22 22   1 -8  0 -9 
23  7   1 -7  0 -9 
23 22   1 -7  0 -9 
23 23  -1 -6  0 -9 
24 24   1 -8  0 -9 
25 24   1 -7  0 -9 
25 25  -1 -6  0 -9 
26  7   1 -6  0 -9 
26  8  -1 -5  0 -9 
26 22   1 -6  0 -9 
26 23  -1 -5  0 -9 
26 25  -1 -4  0 -9 
26 27   1 -3  0 -9 
27  7   1 -5  0 -9 
27  8  -1 -4  0 -9 
27 23  -1 -4  0 -9 
27 24   1 -6  0 -9 
27 25  -1 -5  0 -9 
27 26   1 -3  0 -9 
28 28   1 -8  0 -9 
29 11   1 -7  0 -9 
29 24   1 -7  0 -9 
29 28   1 -7  0 -9 
29 29  -1 -6  0 -9 
30 11   1 -6  0 -9 
30 12  -1 -5  0 -9 
30 24   1 -6  0 -9 
30 25  -1 -5  0 -9 
30 28   1 -6  0 -9 
30 29  -1 -5  0 -9 
30 31   1 -3  0 -9 
31 11   1 -5  0 -9 
31 12  -1 -4  0 -9 
31 24   1 -5  0 -9 
31 25  -1 -4  0 -9 
31 29  -1 -4  0 -9 
31 30   1 -3  0 -9 
32 32   1 -8  0 -9 
33 33   1 -8  0 -9 
34 32   1 -7  0 -9 
34 33   1 -7  0 -9 
34 34  -1 -6  0 -9 
35 35   1 -8  0 -9 
36 35   1 -7  0 -9 
36 36  -1 -6  0 -9 
37 37   1 -8  0 -9 
38 37   1 -7  0 -9 
38 38  -1 -6  0 -9 
39 39   1 -8  0 -9 
40 39   1 -7  0 -9 
40 40  -1 -6  0 -9 
41  8  -1 -4  0 -9 
41 37   1 -6  0 -9 
41 38  -1 -5  0 -9 
41 40  -1 -4  0 -9 
41 42   1 -3  0 -9 
42  7   1 -6  0 -9 
42  8  -1 -5  0 -9 
42 38  -1 -4  0 -9 
42 39   1 -6  0 -9 
42 40  -1 -5  0 -9 
42 41   1 -3  0 -9 
43 43   1 -8  0 -9 
44 39   1 -7  0 -9 
44 43   1 -7  0 -9 
44 44  -1 -6  0 -9 
45 39   1 -6  0 -9 
45 40  -1 -5  0 -9 
45 43   1 -6  0 -9 
45 44  -1 -5  0 -9 
45 46   1 -3  0 -9 
46 39   1 -5  0 -9 
46 40  -1 -4  0 -9 
46 44  -1 -4  0 -9 
46 45   1 -3  0 -9 
47 47   1 -8  0 -9 
48 48   1 -8  0 -9 
49 48   1 -7  0 -9 
49 49  -1 -6  0 -9 
50 50   1 -8  0 -9 
51 50   1 -7  0 -9 
51 51  -1 -6  0 -9 
52 52   1 -8  0 -9 
53 52   1 -7  0 -9 
53 53  -1 -6  0 -9 
54 54   1 -8  0 -9 
55 54   1 -7  0 -9 
55 55  -1 -6  0 -9 
56 49  -1 -4  0 -9 
56 52   1 -6  0 -9 
56 53  -1 -5  0 -9 
56 55  -1 -4  0 -9 
56 57   1 -3  0 -9 
57 48   1 -6  0 -9 
57 49  -1 -5  0 -9 
57 53  -1 -4  0 -9 
57 54   1 -6  0 -9 
57 55  -1 -5  0 -9 
57 56   1 -3  0 -9 
58 58   1 -8  0 -9 
59 33   1 -7  0 -9 
59 54   1 -7  0 -9 
59 58   1 -7  0 -9 
59 59  -1 -6  0 -9 
60 33   1 -6  0 -9 
60 54   1 -6  0 -9 
60 55  -1 -5  0 -9 
60 58   1 -6  0 -9 
60 59  -1 -5  0 -9 
60 61   1 -3  0 -9 
61 54   1 -5  0 -9 
61 55  -1 -4  0 -9 
61 59  -1 -4  0 -9 
61 60   1 -3  0 -9 
62 62   1 -8  0 -9 
63 62   1 -7  0 -9 
63 63  -1 -6  0 -9 
64 64   1 -8  0 -9 
65 64   1 -7  0 -9 
65 65  -1 -6  0 -9 
66 50   1 -6  0 -9 
66 51  -1 -5  0 -9 
66 62   1 -6  0 -9 
66 63  -1 -5  0 -9 
66 65  -1 -4  0 -9 
66 67   1 -3  0 -9 
67 51  -1 -4  0 -9 
67 63  -1 -4  0 -9 
67 64   1 -6  0 -9 
67 65  -1 -5  0 -9 
67 66   1 -3  0 -9 
68 68   1 -8  0 -9 
69 62   1 -7  0 -9 
69 68   1 -7  0 -9 
69 69  -1 -6  0 -9 
70 62   1 -5  0 -9 
70 63  -1 -4  0 -9 
70 69  -1 -4  0 -9 
70 71   1 -3  0 -9 
71 62   1 -6  0 -9 
71 63  -1 -5  0 -9 
71 68   1 -6  0 -9 
71 69  -1 -5  0 -9 
71 70   1 -3  0 -9 
72 72   1 -8  0 -9 
73 72   1 -7  0 -9 
73 73  -1 -6  0 -9 
74 72   1 -7  0 -9 
74 74  -1 -6  0 -9 
75 58   1 -7  0 -9 
75 72   1 -6  0 -9 
75 73  -1 -5  0 -9 
75 74  -1 -5  0 -9 
75 76   1 -3  0 -9 
76 58  -1 -4  0 -9 
76 72   1 -5  0 -9 
76 73  -1 -4  0 -9 
76 74  -1 -4  0 -9 
76 75   1 -3  0 -9 
77 68  -1 -4  0 -9 
77 72   1 -5  0 -9 
77 73  -1 -4  0 -9 
77 74  -1 -4  0 -9 
77 78   1 -3  0 -9 
78 68   1 -7  0 -9 
78 72   1 -6  0 -9 
78 73  -1 -5  0 -9 
78 74  -1 -5  0 -9 
78 77   1 -3  0 -9 
79 58  -1 -3  0 -9 
79 68  -1 -3  0 -9 
79 72   1 -4  0 -9 
79 73  -1 -3  0 -9 
79 74  -1 -3  0 -9 
79 75   1 -2  0 -9 
79 76  -1 -1  0 -9 
79 77  -1 -1  0 -9 
79 78   1 -2  0 -9 
79 79   1  0  0 -9 
80 80   1 -8  0 -9 
81 17   1 -7  0 -9 
81 47   1 -7  0 -9 
81 80   1 -7  0 -9 
81 81  -1 -6  0 -9 
82 82   1 -8  0 -9 
83 48   1 -7  0 -9 
83 82   1 -7  0 -9 
83 83  -1 -6  0 -9 
84 84   1 -8  0 -9 
85 84   1 -7  0 -9 
85 85  -1 -6  0 -9 
86 48   1 -6  0 -9 
86 49  -1 -5  0 -9 
86 82   1 -6  0 -9 
86 83  -1 -5  0 -9 
86 85  -1 -4  0 -9 
86 87   1 -3  0 -9 
87 48   1 -5  0 -9 
87 49  -1 -4  0 -9 
87 83  -1 -4  0 -9 
87 84   1 -6  0 -9 
87 85  -1 -5  0 -9 
87 86   1 -3  0 -9 
88 88   1 -8  0 -9 
89 64   1 -7  0 -9 
89 80   1 -7  0 -9 
89 84   1 -7  0 -9 
89 88   1 -7  0 -9 
89 89  -1 -6  0 -9 
90 64   1 -6  0 -9 
90 65  -1 -5  0 -9 
90 80   1 -6  0 -9 
90 84   1 -6  0 -9 
90 85  -1 -5  0 -9 
90 88   1 -6  0 -9 
90 89  -1 -5  0 -9 
90 91   1 -3  0 -9 
91 64   1 -5  0 -9 
91 65  -1 -4  0 -9 
91 84   1 -5  0 -9 
91 85  -1 -4  0 -9 
91 89  -1 -4  0 -9 
91 90   1 -3  0 -9 
92 92   1 -8  0 -9 
93 92   1 -7  0 -9 
93 93  -1 -6  0 -9 
94 68   1 -7  0 -9 
94 92   1 -7  0 -9 
94 94  -1 -6  0 -9 
95 62   1 -6  0 -9 
95 63  -1 -5  0 -9 
95 68   1 -6  0 -9 
95 69  -1 -5  0 -9 
95 88   1 -7  0 -9 
95 92   1 -6  0 -9 
95 93  -1 -5  0 -9 
95 94  -1 -5  0 -9 
95 96   1 -3  0 -9 
96 62   1 -5  0 -9 
96 63  -1 -4  0 -9 
96 68   1 -5  0 -9 
96 69  -1 -4  0 -9 
96 88  -1 -4  0 -9 
96 92   1 -5  0 -9 
96 93  -1 -4  0 -9 
96 94  -1 -4  0 -9 
96 95   1 -3  0 -9 
97 92   1 -5  0 -9 
97 93  -1 -4  0 -9 
97 94  -1 -4  0 -9 
97 98   1 -3  0 -9 
98 68   1 -6  0 -9 
98 92   1 -6  0 -9 
98 93  -1 -5  0 -9 
98 94  -1 -5  0 -9 
98 97   1 -3  0 -9 
99 62   1 -4  0 -9 
99 63  -1 -3  0 -9 
99 69  -1 -3  0 -9 
99 70  -1 -1  0 -9 
99 71   1 -2  0 -9 
99 88  -1 -3  0 -9 
99 92   1 -4  0 -9 
99 93  -1 -3  0 -9 
99 94  -1 -3  0 -9 
99 95   1 -2  0 -9 
99 96  -1 -1  0 -9 
99 97  -1 -1  0 -9 
99 98   1 -2  0 -9 
99 99   1  0  0 -9 
9999 9999
