 0  0   1 -8  0 -9 
 1  1   1 -8  0 -9 
 2  1   1 -7  0 -9 
 2  2  -1 -6  0 -9 
 3  3   1 -8  0 -9 
 4  4   1 -8  0 -9 
 5  4   1 -7  0 -9 
 5  5  -1 -6  0 -9 
 6  6   1 -8  0 -9 
 7  6   1 -7  0 -9 
 7  7  -1 -6  0 -9 
 8  8   1 -8  0 -9 
 9  8   1 -7  0 -9 
 9  9  -1 -6  0 -9 
10  6   1 -6  0 -9 
10  7  -1 -5  0 -9 
10  9  -1 -4  0 -9 
10 11   1 -3  0 -9 
11  7  -1 -4  0 -9 
11  8   1 -6  0 -9 
11  9  -1 -5  0 -9 
11 10   1 -3  0 -9 
12 12   1 -8  0 -9 
13 13   1 -8  0 -9 
14 13   1 -7  0 -9 
14 14  -1 -6  0 -9 
15 15   1 -8  0 -9 
16 15   1 -7  0 -9 
16 16  -1 -6  0 -9 
17 17   1 -8  0 -9 
18 17   1 -7  0 -9 
18 18  -1 -6  0 -9 
19  1   1 -6  0 -9 
19  2  -1 -5  0 -9 
19 15   1 -6  0 -9 
19 16  -1 -5  0 -9 
19 18  -1 -4  0 -9 
19 20   1 -3  0 -9 
20  2  -1 -4  0 -9 
20 16  -1 -4  0 -9 
20 17   1 -6  0 -9 
20 18  -1 -5  0 -9 
20 19   1 -3  0 -9 
21 21   1 -8  0 -9 
22 12   1 -7  0 -9 
22 21   1 -7  0 -9 
22 22  -1 -6  0 -9 
23 23   1 -8  0 -9 
24 15   1 -7  0 -9 
24 23   1 -7  0 -9 
24 24  -1 -6  0 -9 
25 15   1 -5  0 -9 
25 16  -1 -4  0 -9 
25 24  -1 -4  0 -9 
25 26   1 -3  0 -9 
26 15   1 -6  0 -9 
26 16  -1 -5  0 -9 
26 23   1 -6  0 -9 
26 24  -1 -5  0 -9 
26 25   1 -3  0 -9 
27 27   1 -8  0 -9 
28 28   1 -8  0 -9 
29 28   1 -7  0 -9 
29 29  -1 -6  0 -9 
30 30   1 -8  0 -9 
31 30   1 -7  0 -9 
31 31  -1 -6  0 -9 
32 32   1 -8  0 -9 
33 32   1 -7  0 -9 
33 33  -1 -6  0 -9 
34 30   1 -6  0 -9 
34 31  -1 -5  0 -9 
34 33  -1 -4  0 -9 
34 35   1 -3  0 -9 
35 31  -1 -4  0 -9 
35 32   1 -6  0 -9 
35 33  -1 -5  0 -9 
35 34   1 -3  0 -9 
36 36   1 -8  0 -9 
37 36   1 -7  0 -9 
37 37  -1 -6  0 -9 
38 21   1 -7  0 -9 
38 38  -1 -6  0 -9 
39 39   1 -8  0 -9 
40 39   1 -7  0 -9 
40 40  -1 -6  0 -9 
41 15   1 -6  0 -9 
41 16  -1 -5  0 -9 
41 40  -1 -4  0 -9 
41 42   1 -3  0 -9 
42 16  -1 -4  0 -9 
42 39   1 -6  0 -9 
42 40  -1 -5  0 -9 
42 41   1 -3  0 -9 
43 23   1 -7  0 -9 
43 43  -1 -6  0 -9 
44 16  -1 -3  0 -9 
44 23  -1 -4  0 -9 
44 25  -1 -1  0 -9 
44 26   1 -2  0 -9 
44 39   1 -5  0 -9 
44 40  -1 -4  0 -9 
44 41   1 -2  0 -9 
44 42  -1 -1  0 -9 
44 43   1 -3  0 -9 
44 44   1  0  0 -9 
45 45   1 -8  0 -9 
46 27   1 -7  0 -9 
46 45   1 -7  0 -9 
46 46  -1 -6  0 -9 
47 47   1 -8  0 -9 
48 30   1 -7  0 -9 
48 47   1 -7  0 -9 
48 48  -1 -6  0 -9 
49 30   1 -5  0 -9 
49 31  -1 -4  0 -9 
49 48  -1 -4  0 -9 
49 50   1 -3  0 -9 
50 30   1 -6  0 -9 
50 31  -1 -5  0 -9 
50 47   1 -6  0 -9 
50 48  -1 -5  0 -9 
50 49   1 -3  0 -9 
51 51   1 -8  0 -9 
52 51   1 -7  0 -9 
52 52  -1 -6  0 -9 
53 45   1 -7  0 -9 
53 53  -1 -6  0 -9 
54 54   1 -8  0 -9 
55 54   1 -7  0 -9 
55 55  -1 -6  0 -9 
56 55  -1 -4  0 -9 
56 57   1 -3  0 -9 
57 54   1 -6  0 -9 
57 55  -1 -5  0 -9 
57 56   1 -3  0 -9 
58 47   1 -7  0 -9 
58 58  -1 -6  0 -9 
59 31  -1 -3  0 -9 
59 32   1 -5  0 -9 
59 33  -1 -4  0 -9 
59 34   1 -2  0 -9 
59 35  -1 -1  0 -9 
59 47  -1 -4  0 -9 
59 49  -1 -1  0 -9 
59 50   1 -2  0 -9 
59 54   1 -5  0 -9 
59 55  -1 -4  0 -9 
59 56   1 -2  0 -9 
59 57  -1 -1  0 -9 
59 58   1 -3  0 -9 
59 59   1  0  0 -9 
60 60   1 -8  0 -9 
61 61   1 -8  0 -9 
62 61   1 -7  0 -9 
62 62  -1 -6  0 -9 
63 63   1 -8  0 -9 
64 63   1 -7  0 -9 
64 64  -1 -6  0 -9 
65 65   1 -8  0 -9 
66 65   1 -7  0 -9 
66 66  -1 -6  0 -9 
67 67   1 -8  0 -9 
68 67   1 -7  0 -9 
68 68  -1 -6  0 -9 
69 62  -1 -4  0 -9 
69 65   1 -6  0 -9 
69 66  -1 -5  0 -9 
69 68  -1 -4  0 -9 
69 70   1 -3  0 -9 
70 61   1 -6  0 -9 
70 62  -1 -5  0 -9 
70 66  -1 -4  0 -9 
70 67   1 -6  0 -9 
70 68  -1 -5  0 -9 
70 69   1 -3  0 -9 
71 71   1 -8  0 -9 
72 67   1 -7  0 -9 
72 71   1 -7  0 -9 
72 72  -1 -6  0 -9 
73 67   1 -6  0 -9 
73 68  -1 -5  0 -9 
73 71   1 -6  0 -9 
73 72  -1 -5  0 -9 
73 74   1 -3  0 -9 
74 67   1 -5  0 -9 
74 68  -1 -4  0 -9 
74 72  -1 -4  0 -9 
74 73   1 -3  0 -9 
75 75   1 -8  0 -9 
76 75   1 -7  0 -9 
76 76  -1 -6  0 -9 
77 77   1 -8  0 -9 
78 77   1 -7  0 -9 
78 78  -1 -6  0 -9 
79 63   1 -6  0 -9 
79 64  -1 -5  0 -9 
79 75   1 -6  0 -9 
79 76  -1 -5  0 -9 
79 78  -1 -4  0 -9 
79 80   1 -3  0 -9 
80 64  -1 -4  0 -9 
80 76  -1 -4  0 -9 
80 77   1 -6  0 -9 
80 78  -1 -5  0 -9 
80 79   1 -3  0 -9 
81 81   1 -8  0 -9 
82 21   1 -7  0 -9 
82 75   1 -7  0 -9 
82 81   1 -7  0 -9 
82 82  -1 -6  0 -9 
83 75   1 -5  0 -9 
83 76  -1 -4  0 -9 
83 82  -1 -4  0 -9 
83 84   1 -3  0 -9 
84 21   1 -6  0 -9 
84 75   1 -6  0 -9 
84 76  -1 -5  0 -9 
84 81   1 -6  0 -9 
84 82  -1 -5  0 -9 
84 83   1 -3  0 -9 
85 85   1 -8  0 -9 
86 85   1 -7  0 -9 
86 86  -1 -6  0 -9 
87 85   1 -7  0 -9 
87 87  -1 -6  0 -9 
88 71   1 -7  0 -9 
88 85   1 -6  0 -9 
88 86  -1 -5  0 -9 
88 87  -1 -5  0 -9 
88 89   1 -3  0 -9 
89 71  -1 -4  0 -9 
89 85   1 -5  0 -9 
89 86  -1 -4  0 -9 
89 87  -1 -4  0 -9 
89 88   1 -3  0 -9 
90 81  -1 -4  0 -9 
90 85   1 -5  0 -9 
90 86  -1 -4  0 -9 
90 87  -1 -4  0 -9 
90 91   1 -3  0 -9 
91 81   1 -7  0 -9 
91 85   1 -6  0 -9 
91 86  -1 -5  0 -9 
91 87  -1 -5  0 -9 
91 90   1 -3  0 -9 
92 71  -1 -3  0 -9 
92 81  -1 -3  0 -9 
92 85   1 -4  0 -9 
92 86  -1 -3  0 -9 
92 87  -1 -3  0 -9 
92 88   1 -2  0 -9 
92 89  -1 -1  0 -9 
92 90  -1 -1  0 -9 
92 91   1 -2  0 -9 
92 92   1  0  0 -9 
93 93   1 -8  0 -9 
94 94   1 -8  0 -9 
95 94   1 -7  0 -9 
95 95  -1 -6  0 -9 
96 96   1 -8  0 -9 
97 96   1 -7  0 -9 
97 97  -1 -6  0 -9 
98 98   1 -8  0 -9 
99 98   1 -7  0 -9 
99 99  -1 -6  0 -9 
100 100   1 -8  0 -9 
101 100   1 -7  0 -9 
101 101  -1 -6  0 -9 
102 95  -1 -4  0 -9 
102 98   1 -6  0 -9 
102 99  -1 -5  0 -9 
102 101  -1 -4  0 -9 
102 103   1 -3  0 -9 
103 94   1 -6  0 -9 
103 95  -1 -5  0 -9 
103 99  -1 -4  0 -9 
103 100   1 -6  0 -9 
103 101  -1 -5  0 -9 
103 102   1 -3  0 -9 
104 104   1 -8  0 -9 
105 100   1 -7  0 -9 
105 104   1 -7  0 -9 
105 105  -1 -6  0 -9 
106 100   1 -6  0 -9 
106 101  -1 -5  0 -9 
106 104   1 -6  0 -9 
106 105  -1 -5  0 -9 
106 107   1 -3  0 -9 
107 100   1 -5  0 -9 
107 101  -1 -4  0 -9 
107 105  -1 -4  0 -9 
107 106   1 -3  0 -9 
108 108   1 -8  0 -9 
109 108   1 -7  0 -9 
109 109  -1 -6  0 -9 
110 110   1 -8  0 -9 
111 110   1 -7  0 -9 
111 111  -1 -6  0 -9 
112 108   1 -6  0 -9 
112 109  -1 -5  0 -9 
112 111  -1 -4  0 -9 
112 113   1 -3  0 -9 
113 109  -1 -4  0 -9 
113 110   1 -6  0 -9 
113 111  -1 -5  0 -9 
113 112   1 -3  0 -9 
114 114   1 -8  0 -9 
115 114   1 -7  0 -9 
115 115  -1 -6  0 -9 
116 75   1 -6  0 -9 
116 76  -1 -5  0 -9 
116 115  -1 -4  0 -9 
116 117   1 -3  0 -9 
117 76  -1 -4  0 -9 
117 114   1 -6  0 -9 
117 115  -1 -5  0 -9 
117 116   1 -3  0 -9 
118 81   1 -7  0 -9 
118 118  -1 -6  0 -9 
119 21  -1 -4  0 -9 
119 38   1 -3  0 -9 
119 76  -1 -3  0 -9 
119 81  -1 -4  0 -9 
119 83  -1 -1  0 -9 
119 84   1 -2  0 -9 
119 114   1 -5  0 -9 
119 115  -1 -4  0 -9 
119 116   1 -2  0 -9 
119 117  -1 -1  0 -9 
119 118   1 -3  0 -9 
119 119   1  0  0 -9 
120 120   1 -8  0 -9 
121 120   1 -7  0 -9 
121 121  -1 -6  0 -9 
122 71   1 -7  0 -9 
122 120   1 -7  0 -9 
122 122  -1 -6  0 -9 
123 71   1 -6  0 -9 
123 120   1 -6  0 -9 
123 121  -1 -5  0 -9 
123 122  -1 -5  0 -9 
123 124   1 -3  0 -9 
124 120   1 -5  0 -9 
124 121  -1 -4  0 -9 
124 122  -1 -4  0 -9 
124 123   1 -3  0 -9 
125 85   1 -6  0 -9 
125 87  -1 -5  0 -9 
125 118  -1 -4  0 -9 
125 121  -1 -4  0 -9 
125 126   1 -3  0 -9 
126 81   1 -6  0 -9 
126 87  -1 -4  0 -9 
126 118  -1 -5  0 -9 
126 120   1 -6  0 -9 
126 121  -1 -5  0 -9 
126 125   1 -3  0 -9 
127 81  -1 -3  0 -9 
127 87  -1 -3  0 -9 
127 90  -1 -1  0 -9 
127 91   1 -2  0 -9 
127 118   1 -2  0 -9 
127 120   1 -5  0 -9 
127 121  -1 -4  0 -9 
127 125   1 -2  0 -9 
127 126  -1 -1  0 -9 
127 127   1  0  0 -9 
128 81  -1 -2  0 -9 
128 89  -1  0  0 -9 
128 90  -1  0  0 -9 
128 91   1 -1  0 -9 
128 92   1  1  0 -9 
128 118   1 -1  0 -9 
128 120   1 -4  0 -9 
128 121  -1 -3  0 -9 
128 122  -1 -3  0 -9 
128 123   1 -2  0 -9 
128 124   1  1  0 -9 
128 126  -1  0  0 -9 
128 127   1  1  0 -9 
128 128  -1  2  0 -9 
129 129   1 -8  0 -9 
130 130   1 -8  0 -9 
131 129   1 -7  0 -9 
131 130   1 -7  0 -9 
131 131  -1 -6  0 -9 
132 132   1 -8  0 -9 
133 132   1 -7  0 -9 
133 133  -1 -6  0 -9 
134 134   1 -8  0 -9 
135 134   1 -7  0 -9 
135 135  -1 -6  0 -9 
136 96   1 -6  0 -9 
136 97  -1 -5  0 -9 
136 132   1 -6  0 -9 
136 133  -1 -5  0 -9 
136 135  -1 -4  0 -9 
136 137   1 -3  0 -9 
137 97  -1 -4  0 -9 
137 133  -1 -4  0 -9 
137 134   1 -6  0 -9 
137 135  -1 -5  0 -9 
137 136   1 -3  0 -9 
138 138   1 -8  0 -9 
139 45   1 -7  0 -9 
139 130   1 -7  0 -9 
139 132   1 -7  0 -9 
139 138   1 -7  0 -9 
139 139  -1 -6  0 -9 
140 132   1 -5  0 -9 
140 133  -1 -4  0 -9 
140 139  -1 -4  0 -9 
140 141   1 -3  0 -9 
141 45   1 -6  0 -9 
141 130   1 -6  0 -9 
141 132   1 -6  0 -9 
141 133  -1 -5  0 -9 
141 138   1 -6  0 -9 
141 139  -1 -5  0 -9 
141 140   1 -3  0 -9 
142 142   1 -8  0 -9 
143 142   1 -7  0 -9 
143 143  -1 -6  0 -9 
144 142   1 -7  0 -9 
144 144  -1 -6  0 -9 
145 104   1 -7  0 -9 
145 142   1 -6  0 -9 
145 143  -1 -5  0 -9 
145 144  -1 -5  0 -9 
145 146   1 -3  0 -9 
146 104  -1 -4  0 -9 
146 142   1 -5  0 -9 
146 143  -1 -4  0 -9 
146 144  -1 -4  0 -9 
146 145   1 -3  0 -9 
147 138  -1 -4  0 -9 
147 142   1 -5  0 -9 
147 143  -1 -4  0 -9 
147 144  -1 -4  0 -9 
147 148   1 -3  0 -9 
148 138   1 -7  0 -9 
148 142   1 -6  0 -9 
148 143  -1 -5  0 -9 
148 144  -1 -5  0 -9 
148 147   1 -3  0 -9 
149 104  -1 -3  0 -9 
149 138  -1 -3  0 -9 
149 142   1 -4  0 -9 
149 143  -1 -3  0 -9 
149 144  -1 -3  0 -9 
149 145   1 -2  0 -9 
149 146  -1 -1  0 -9 
149 147  -1 -1  0 -9 
149 148   1 -2  0 -9 
149 149   1  0  0 -9 
150 150   1 -8  0 -9 
151 150   1 -7  0 -9 
151 151  -1 -6  0 -9 
152 130   1 -7  0 -9 
152 152  -1 -6  0 -9 
153 153   1 -8  0 -9 
154 153   1 -7  0 -9 
154 154  -1 -6  0 -9 
155 155   1 -8  0 -9 
156 155   1 -7  0 -9 
156 156  -1 -6  0 -9 
157 153   1 -6  0 -9 
157 154  -1 -5  0 -9 
157 156  -1 -4  0 -9 
157 158   1 -3  0 -9 
158 154  -1 -4  0 -9 
158 155   1 -6  0 -9 
158 156  -1 -5  0 -9 
158 157   1 -3  0 -9 
159 159   1 -8  0 -9 
160 159   1 -7  0 -9 
160 160  -1 -6  0 -9 
161 132   1 -6  0 -9 
161 133  -1 -5  0 -9 
161 160  -1 -4  0 -9 
161 162   1 -3  0 -9 
162 133  -1 -4  0 -9 
162 159   1 -6  0 -9 
162 160  -1 -5  0 -9 
162 161   1 -3  0 -9 
163 138   1 -7  0 -9 
163 163  -1 -6  0 -9 
164 45  -1 -4  0 -9 
164 53   1 -3  0 -9 
164 130  -1 -4  0 -9 
164 133  -1 -3  0 -9 
164 138  -1 -4  0 -9 
164 140  -1 -1  0 -9 
164 141   1 -2  0 -9 
164 152   1 -3  0 -9 
164 159   1 -5  0 -9 
164 160  -1 -4  0 -9 
164 161   1 -2  0 -9 
164 162  -1 -1  0 -9 
164 163   1 -3  0 -9 
164 164   1  0  0 -9 
165 165   1 -8  0 -9 
166 165   1 -7  0 -9 
166 166  -1 -6  0 -9 
167 165   1 -7  0 -9 
167 167  -1 -6  0 -9 
168 165   1 -6  0 -9 
168 166  -1 -5  0 -9 
168 167  -1 -5  0 -9 
168 169   1 -3  0 -9 
169 165   1 -5  0 -9 
169 166  -1 -4  0 -9 
169 167  -1 -4  0 -9 
169 168   1 -3  0 -9 
170 101  -1 -4  0 -9 
170 142   1 -6  0 -9 
170 144  -1 -5  0 -9 
170 163  -1 -4  0 -9 
170 166  -1 -4  0 -9 
170 171   1 -3  0 -9 
171 100   1 -6  0 -9 
171 101  -1 -5  0 -9 
171 138   1 -6  0 -9 
171 144  -1 -4  0 -9 
171 163  -1 -5  0 -9 
171 165   1 -6  0 -9 
171 166  -1 -5  0 -9 
171 170   1 -3  0 -9 
172 100   1 -5  0 -9 
172 101  -1 -4  0 -9 
172 138  -1 -3  0 -9 
172 144  -1 -3  0 -9 
172 147  -1 -1  0 -9 
172 148   1 -2  0 -9 
172 163   1 -2  0 -9 
172 165   1 -5  0 -9 
172 166  -1 -4  0 -9 
172 170   1 -2  0 -9 
172 171  -1 -1  0 -9 
172 172   1  0  0 -9 
173 100   1 -4  0 -9 
173 101  -1 -3  0 -9 
173 105  -1 -3  0 -9 
173 106   1 -2  0 -9 
173 107   1  1  0 -9 
173 138  -1 -2  0 -9 
173 146  -1  0  0 -9 
173 147  -1  0  0 -9 
173 148   1 -1  0 -9 
173 149   1  1  0 -9 
173 163   1 -1  0 -9 
173 165   1 -4  0 -9 
173 166  -1 -3  0 -9 
173 167  -1 -3  0 -9 
173 168   1 -2  0 -9 
173 169   1  1  0 -9 
173 171  -1  0  0 -9 
173 172   1  1  0 -9 
173 173  -1  2  0 -9 
174 174   1 -8  0 -9 
175 51   1 -7  0 -9 
175 153   1 -7  0 -9 
175 174   1 -7  0 -9 
175 175  -1 -6  0 -9 
176 153   1 -5  0 -9 
176 154  -1 -4  0 -9 
176 175  -1 -4  0 -9 
176 177   1 -3  0 -9 
177 51   1 -6  0 -9 
177 153   1 -6  0 -9 
177 154  -1 -5  0 -9 
177 174   1 -6  0 -9 
177 175  -1 -5  0 -9 
177 176   1 -3  0 -9 
178 178   1 -8  0 -9 
179 178   1 -7  0 -9 
179 179  -1 -6  0 -9 
180 179  -1 -4  0 -9 
180 181   1 -3  0 -9 
181 178   1 -6  0 -9 
181 179  -1 -5  0 -9 
181 180   1 -3  0 -9 
182 174   1 -7  0 -9 
182 182  -1 -6  0 -9 
183 51  -1 -4  0 -9 
183 52   1 -3  0 -9 
183 154  -1 -3  0 -9 
183 155   1 -5  0 -9 
183 156  -1 -4  0 -9 
183 157   1 -2  0 -9 
183 158  -1 -1  0 -9 
183 174  -1 -4  0 -9 
183 176  -1 -1  0 -9 
183 177   1 -2  0 -9 
183 178   1 -5  0 -9 
183 179  -1 -4  0 -9 
183 180   1 -2  0 -9 
183 181  -1 -1  0 -9 
183 182   1 -3  0 -9 
183 183   1  0  0 -9 
184 184   1 -8  0 -9 
185 165   1 -5  0 -9 
185 166  -1 -4  0 -9 
185 167  -1 -4  0 -9 
185 184  -1 -4  0 -9 
185 186   1 -3  0 -9 
186 165   1 -6  0 -9 
186 166  -1 -5  0 -9 
186 167  -1 -5  0 -9 
186 184   1 -7  0 -9 
186 185   1 -3  0 -9 
187 165   1 -4  0 -9 
187 166  -1 -3  0 -9 
187 167  -1 -3  0 -9 
187 168   1 -2  0 -9 
187 169  -1 -1  0 -9 
187 184  -1 -3  0 -9 
187 185  -1 -1  0 -9 
187 186   1 -2  0 -9 
187 187   1  0  0 -9 
188 184   1 -7  0 -9 
188 188  -1 -6  0 -9 
189 188  -1 -4  0 -9 
189 190   1 -3  0 -9 
190 184   1 -6  0 -9 
190 188  -1 -5  0 -9 
190 189   1 -3  0 -9 
191 165   1 -4  1 -6  0 -9 
191 166  -1 -1 -1 -3 -1 -5  0 -9 
191 167  -1 -3  0 -9 
191 168   1 -2  0 -9 
191 169  -1 -1  0 -9 
191 184  -1 -3  0 -9 
191 185  -1 -1  0 -9 
191 186   1 -2  0 -9 
191 188   1 -2  0 -9 
191 189   1 -2  0 -9 
191 190  -1 -1  0 -9 
191 191   1  0  0 -9 
192 165   1 -3  0 -9 
192 166  -1  0 -1 -2  0 -9 
192 167  -1 -2  0 -9 
192 168   1 -1  0 -9 
192 169  -1  0  0 -9 
192 184  -1 -2  0 -9 
192 185  -1  0  0 -9 
192 186   1 -1  0 -9 
192 187   1  1  0 -9 
192 188   1 -1  0 -9 
192 190  -1  0  0 -9 
192 191   1  1  0 -9 
192 192  -1  2  0 -9 
193 193   1 -8  0 -9 
194 193   1 -7  0 -9 
194 194  -1 -6  0 -9 
195 195   1 -8  0 -9 
196 195   1 -7  0 -9 
196 196  -1 -6  0 -9 
197 197   1 -8  0 -9 
198 197   1 -7  0 -9 
198 198  -1 -6  0 -9 
199 131  -1 -4  0 -9 
199 193   1 -6  0 -9 
199 194  -1 -5  0 -9 
199 195   1 -6  0 -9 
199 196  -1 -5  0 -9 
199 198  -1 -4  0 -9 
199 200   1 -3  0 -9 
200 129   1 -6  0 -9 
200 130   1 -6  0 -9 
200 131  -1 -5  0 -9 
200 194  -1 -4  0 -9 
200 196  -1 -4  0 -9 
200 197   1 -6  0 -9 
200 198  -1 -5  0 -9 
200 199   1 -3  0 -9 
201 201   1 -8  0 -9 
202 195   1 -7  0 -9 
202 201   1 -7  0 -9 
202 202  -1 -6  0 -9 
203 130  -1 -4  0 -9 
203 195   1 -5  0 -9 
203 196  -1 -4  0 -9 
203 202  -1 -4  0 -9 
203 204   1 -3  0 -9 
204 130   1 -7  0 -9 
204 195   1 -6  0 -9 
204 196  -1 -5  0 -9 
204 201   1 -6  0 -9 
204 202  -1 -5  0 -9 
204 203   1 -3  0 -9 
205 205   1 -8  0 -9 
206 197   1 -7  0 -9 
206 205   1 -7  0 -9 
206 206  -1 -6  0 -9 
207 197   1 -6  0 -9 
207 198  -1 -5  0 -9 
207 205   1 -6  0 -9 
207 206  -1 -5  0 -9 
207 208   1 -3  0 -9 
208 197   1 -5  0 -9 
208 198  -1 -4  0 -9 
208 206  -1 -4  0 -9 
208 207   1 -3  0 -9 
209 209   1 -8  0 -9 
210 209   1 -7  0 -9 
210 210  -1 -6  0 -9 
211 201   1 -7  0 -9 
211 209   1 -7  0 -9 
211 211  -1 -6  0 -9 
212 195   1 -6  0 -9 
212 196  -1 -5  0 -9 
212 201   1 -6  0 -9 
212 202  -1 -5  0 -9 
212 205   1 -7  0 -9 
212 209   1 -6  0 -9 
212 210  -1 -5  0 -9 
212 211  -1 -5  0 -9 
212 213   1 -3  0 -9 
213 195   1 -5  0 -9 
213 196  -1 -4  0 -9 
213 201   1 -5  0 -9 
213 202  -1 -4  0 -9 
213 205  -1 -4  0 -9 
213 209   1 -5  0 -9 
213 210  -1 -4  0 -9 
213 211  -1 -4  0 -9 
213 212   1 -3  0 -9 
214 209   1 -5  0 -9 
214 210  -1 -4  0 -9 
214 211  -1 -4  0 -9 
214 215   1 -3  0 -9 
215 201   1 -6  0 -9 
215 209   1 -6  0 -9 
215 210  -1 -5  0 -9 
215 211  -1 -5  0 -9 
215 214   1 -3  0 -9 
216 130  -1 -3  0 -9 
216 195   1 -4  0 -9 
216 196  -1 -3  0 -9 
216 202  -1 -3  0 -9 
216 203  -1 -1  0 -9 
216 204   1 -2  0 -9 
216 205  -1 -3  0 -9 
216 209   1 -4  0 -9 
216 210  -1 -3  0 -9 
216 211  -1 -3  0 -9 
216 212   1 -2  0 -9 
216 213  -1 -1  0 -9 
216 214  -1 -1  0 -9 
216 215   1 -2  0 -9 
216 216   1  0  0 -9 
217 217   1 -8  0 -9 
218 217   1 -7  0 -9 
218 218  -1 -6  0 -9 
219 219   1 -8  0 -9 
220 219   1 -7  0 -9 
220 220  -1 -6  0 -9 
221 151  -1 -4  0 -9 
221 217   1 -6  0 -9 
221 218  -1 -5  0 -9 
221 220  -1 -4  0 -9 
221 222   1 -3  0 -9 
222 150   1 -6  0 -9 
222 151  -1 -5  0 -9 
222 218  -1 -4  0 -9 
222 219   1 -6  0 -9 
222 220  -1 -5  0 -9 
222 221   1 -3  0 -9 
223 223   1 -8  0 -9 
224 223   1 -7  0 -9 
224 224  -1 -6  0 -9 
225 152  -1 -4  0 -9 
225 195   1 -6  0 -9 
225 196  -1 -5  0 -9 
225 224  -1 -4  0 -9 
225 226   1 -3  0 -9 
226 130   1 -6  0 -9 
226 152  -1 -5  0 -9 
226 196  -1 -4  0 -9 
226 223   1 -6  0 -9 
226 224  -1 -5  0 -9 
226 225   1 -3  0 -9 
227 201   1 -7  0 -9 
227 227  -1 -6  0 -9 
228 130  -1 -3  0 -9 
228 152   1 -2  0 -9 
228 196  -1 -3  0 -9 
228 201  -1 -4  0 -9 
228 203  -1 -1  0 -9 
228 204   1 -2  0 -9 
228 223   1 -5  0 -9 
228 224  -1 -4  0 -9 
228 225   1 -2  0 -9 
228 226  -1 -1  0 -9 
228 227   1 -3  0 -9 
228 228   1  0  0 -9 
229 229   1 -8  0 -9 
230 219   1 -7  0 -9 
230 229   1 -7  0 -9 
230 230  -1 -6  0 -9 
231 219   1 -6  0 -9 
231 220  -1 -5  0 -9 
231 229   1 -6  0 -9 
231 230  -1 -5  0 -9 
231 232   1 -3  0 -9 
232 219   1 -5  0 -9 
232 220  -1 -4  0 -9 
232 230  -1 -4  0 -9 
232 231   1 -3  0 -9 
233 233   1 -8  0 -9 
234 233   1 -7  0 -9 
234 234  -1 -6  0 -9 
235 205   1 -7  0 -9 
235 223   1 -7  0 -9 
235 233   1 -7  0 -9 
235 235  -1 -6  0 -9 
236 205   1 -6  0 -9 
236 223   1 -6  0 -9 
236 224  -1 -5  0 -9 
236 233   1 -6  0 -9 
236 234  -1 -5  0 -9 
236 235  -1 -5  0 -9 
236 237   1 -3  0 -9 
237 223   1 -5  0 -9 
237 224  -1 -4  0 -9 
237 233   1 -5  0 -9 
237 234  -1 -4  0 -9 
237 235  -1 -4  0 -9 
237 236   1 -3  0 -9 
238 201   1 -6  0 -9 
238 209   1 -6  0 -9 
238 211  -1 -5  0 -9 
238 227  -1 -5  0 -9 
238 234  -1 -4  0 -9 
238 239   1 -3  0 -9 
239 201   1 -5  0 -9 
239 211  -1 -4  0 -9 
239 227  -1 -4  0 -9 
239 233   1 -6  0 -9 
239 234  -1 -5  0 -9 
239 238   1 -3  0 -9 
240 211  -1 -3  0 -9 
240 214  -1 -1  0 -9 
240 215   1 -2  0 -9 
240 233   1 -5  0 -9 
240 234  -1 -4  0 -9 
240 238   1 -2  0 -9 
240 239  -1 -1  0 -9 
240 240   1  0  0 -9 
241 130  -1 -2  0 -9 
241 152   1 -1  0 -9 
241 201  -1 -3  0 -9 
241 203  -1  0  0 -9 
241 204   1 -1  0 -9 
241 213  -1  0  0 -9 
241 214  -1  0  0 -9 
241 215   1 -1  0 -9 
241 216   1  1  0 -9 
241 223   1 -4  0 -9 
241 224  -1 -3  0 -9 
241 226  -1  0  0 -9 
241 227   1 -2  0 -9 
241 228   1  1  0 -9 
241 233   1 -4  0 -9 
241 234  -1 -3  0 -9 
241 235  -1 -3  0 -9 
241 236   1 -2  0 -9 
241 237   1  1  0 -9 
241 239  -1  0  0 -9 
241 240   1  1  0 -9 
241 241  -1  2  0 -9 
242 242   1 -8  0 -9 
243 242   1 -7  0 -9 
243 243  -1 -6  0 -9 
244 242   1 -7  0 -9 
244 244  -1 -6  0 -9 
245 229   1 -7  0 -9 
245 242   1 -6  0 -9 
245 243  -1 -5  0 -9 
245 244  -1 -5  0 -9 
245 246   1 -3  0 -9 
246 229  -1 -4  0 -9 
246 242   1 -5  0 -9 
246 243  -1 -4  0 -9 
246 244  -1 -4  0 -9 
246 245   1 -3  0 -9 
247 174  -1 -4  0 -9 
247 201  -1 -4  0 -9 
247 242   1 -5  0 -9 
247 243  -1 -4  0 -9 
247 244  -1 -4  0 -9 
247 248   1 -3  0 -9 
248 174   1 -7  0 -9 
248 201   1 -7  0 -9 
248 242   1 -6  0 -9 
248 243  -1 -5  0 -9 
248 244  -1 -5  0 -9 
248 247   1 -3  0 -9 
249 174  -1 -3  0 -9 
249 201  -1 -3  0 -9 
249 229  -1 -3  0 -9 
249 242   1 -4  0 -9 
249 243  -1 -3  0 -9 
249 244  -1 -3  0 -9 
249 245   1 -2  0 -9 
249 246  -1 -1  0 -9 
249 247  -1 -1  0 -9 
249 248   1 -2  0 -9 
249 249   1  0  0 -9 
250 250   1 -8  0 -9 
251 250   1 -7  0 -9 
251 251  -1 -6  0 -9 
252 250   1 -7  0 -9 
252 252  -1 -6  0 -9 
253 250   1 -6  0 -9 
253 251  -1 -5  0 -9 
253 252  -1 -5  0 -9 
253 254   1 -3  0 -9 
254 250   1 -5  0 -9 
254 251  -1 -4  0 -9 
254 252  -1 -4  0 -9 
254 253   1 -3  0 -9 
255 182  -1 -4  0 -9 
255 220  -1 -4  0 -9 
255 227  -1 -4  0 -9 
255 242   1 -6  0 -9 
255 244  -1 -5  0 -9 
255 251  -1 -4  0 -9 
255 256   1 -3  0 -9 
256 174   1 -6  0 -9 
256 182  -1 -5  0 -9 
256 201   1 -6  0 -9 
256 219   1 -6  0 -9 
256 220  -1 -5  0 -9 
256 227  -1 -5  0 -9 
256 244  -1 -4  0 -9 
256 250   1 -6  0 -9 
256 251  -1 -5  0 -9 
256 255   1 -3  0 -9 
257 174  -1 -3  0 -9 
257 182   1 -2  0 -9 
257 201  -1 -3  0 -9 
257 219   1 -5  0 -9 
257 220  -1 -4  0 -9 
257 227   1 -2  0 -9 
257 244  -1 -3  0 -9 
257 247  -1 -1  0 -9 
257 248   1 -2  0 -9 
257 250   1 -5  0 -9 
257 251  -1 -4  0 -9 
257 255   1 -2  0 -9 
257 256  -1 -1  0 -9 
257 257   1  0  0 -9 
258 174  -1 -2  0 -9 
258 182   1 -1  0 -9 
258 201  -1 -2  0 -9 
258 219   1 -4  0 -9 
258 220  -1 -3  0 -9 
258 227   1 -1  0 -9 
258 230  -1 -3  0 -9 
258 231   1 -2  0 -9 
258 232   1  1  0 -9 
258 246  -1  0  0 -9 
258 247  -1  0  0 -9 
258 248   1 -1  0 -9 
258 249   1  1  0 -9 
258 250   1 -4  0 -9 
258 251  -1 -3  0 -9 
258 252  -1 -3  0 -9 
258 253   1 -2  0 -9 
258 254   1  1  0 -9 
258 256  -1  0  0 -9 
258 257   1  1  0 -9 
258 258  -1  2  0 -9 
259 259   1 -8  0 -9 
260 178  -1 -4  0 -9 
260 250   1 -5  0 -9 
260 251  -1 -4  0 -9 
260 252  -1 -4  0 -9 
260 259  -1 -4  0 -9 
260 261   1 -3  0 -9 
261 178   1 -7  0 -9 
261 250   1 -6  0 -9 
261 251  -1 -5  0 -9 
261 252  -1 -5  0 -9 
261 259   1 -7  0 -9 
261 260   1 -3  0 -9 
262 178  -1 -3  0 -9 
262 250   1 -4  0 -9 
262 251  -1 -3  0 -9 
262 252  -1 -3  0 -9 
262 253   1 -2  0 -9 
262 254  -1 -1  0 -9 
262 259  -1 -3  0 -9 
262 260  -1 -1  0 -9 
262 261   1 -2  0 -9 
262 262   1  0  0 -9 
263 259   1 -7  0 -9 
263 263  -1 -6  0 -9 
264 263  -1 -4  0 -9 
264 265   1 -3  0 -9 
265 259   1 -6  0 -9 
265 263  -1 -5  0 -9 
265 264   1 -3  0 -9 
266 178  -1 -3  0 -9 
266 179   1 -2  0 -9 
266 180   1 -2  0 -9 
266 181  -1 -1  0 -9 
266 250   1 -4  1 -6  0 -9 
266 251  -1 -1 -1 -3 -1 -5  0 -9 
266 252  -1 -3  0 -9 
266 253   1 -2  0 -9 
266 254  -1 -1  0 -9 
266 259  -1 -3  0 -9 
266 260  -1 -1  0 -9 
266 261   1 -2  0 -9 
266 263   1 -2  0 -9 
266 264   1 -2  0 -9 
266 265  -1 -1  0 -9 
266 266   1  0  0 -9 
267 178  -1 -2  0 -9 
267 179   1 -1  0 -9 
267 181  -1  0  0 -9 
267 250   1 -3  0 -9 
267 251  -1  0 -1 -2  0 -9 
267 252  -1 -2  0 -9 
267 253   1 -1  0 -9 
267 254  -1  0  0 -9 
267 259  -1 -2  0 -9 
267 260  -1  0  0 -9 
267 261   1 -1  0 -9 
267 262   1  1  0 -9 
267 263   1 -1  0 -9 
267 265  -1  0  0 -9 
267 266   1  1  0 -9 
267 267  -1  2  0 -9 
268 233   1 -7  0 -9 
268 259   1 -7  0 -9 
268 268  -1 -6  0 -9 
269 233   1 -5  0 -9 
269 234  -1 -4  0 -9 
269 268  -1 -4  0 -9 
269 270   1 -3  0 -9 
270 233   1 -6  0 -9 
270 234  -1 -5  0 -9 
270 259   1 -6  0 -9 
270 268  -1 -5  0 -9 
270 269   1 -3  0 -9 
271 233   1 -6  0 -9 
271 234  -1 -5  0 -9 
271 259   1 -6  0 -9 
271 263  -1 -5  0 -9 
271 268  -1 -5  0 -9 
271 272   1 -3  0 -9 
272 233   1 -5  0 -9 
272 234  -1 -4  0 -9 
272 259   1 -5  0 -9 
272 263  -1 -4  0 -9 
272 268  -1 -4  0 -9 
272 271   1 -3  0 -9 
273 233   1 -4  1 -6  0 -9 
273 234  -1 -1 -1 -3 -1 -5  0 -9 
273 268  -1 -3  0 -9 
273 269  -1 -1  0 -9 
273 270   1 -2  0 -9 
273 271   1 -2  0 -9 
273 272  -1 -1  0 -9 
273 273   1  0  0 -9 
274 233   1 -4  0 -9 
274 234  -1 -3  0 -9 
274 263  -1 -3  0 -9 
274 264  -1 -1  0 -9 
274 265   1 -2  0 -9 
274 268  -1 -3  0 -9 
274 269  -1 -1  0 -9 
274 270   1 -2  0 -9 
274 271   1 -2  0 -9 
274 272  -1 -1  0 -9 
274 274   1  0  0 -9 
275 233   1 -3  0 -9 
275 234  -1  0 -1 -2  0 -9 
275 264  -1  0  0 -9 
275 268  -1 -2  0 -9 
275 269  -1  0  0 -9 
275 270   1 -1  0 -9 
275 271   1 -1  0 -9 
275 272  -1  0  0 -9 
275 273   1  1  0 -9 
275 274   1  1  0 -9 
275 275  -1  2  0 -9 
276 276   1 -8  0 -9 
277 277   1 -8  0 -9 
278 277   1 -7  0 -9 
278 278  -1 -6  0 -9 
279 279   1 -8  0 -9 
280 279   1 -7  0 -9 
280 280  -1 -6  0 -9 
281 281   1 -8  0 -9 
282 281   1 -7  0 -9 
282 282  -1 -6  0 -9 
283 279   1 -6  0 -9 
283 280  -1 -5  0 -9 
283 282  -1 -4  0 -9 
283 284   1 -3  0 -9 
284 280  -1 -4  0 -9 
284 281   1 -6  0 -9 
284 282  -1 -5  0 -9 
284 283   1 -3  0 -9 
285 285   1 -8  0 -9 
286 285   1 -7  0 -9 
286 286  -1 -6  0 -9 
287 287  -1 -6  0 -9 
288 288   1 -8  0 -9 
289 288   1 -7  0 -9 
289 289  -1 -6  0 -9 
290 289  -1 -4  0 -9 
290 291   1 -3  0 -9 
291 288   1 -6  0 -9 
291 289  -1 -5  0 -9 
291 290   1 -3  0 -9 
292 292  -1 -6  0 -9 
293 288   1 -5  0 -9 
293 289  -1 -4  0 -9 
293 290   1 -2  0 -9 
293 291  -1 -1  0 -9 
293 292   1 -3  0 -9 
293 293   1  0  0 -9 
294 294   1 -8  0 -9 
295 294   1 -7  0 -9 
295 295  -1 -6  0 -9 
296 296  -1 -6  0 -9 
297 297   1 -8  0 -9 
298 297   1 -7  0 -9 
298 298  -1 -6  0 -9 
299 298  -1 -4  0 -9 
299 300   1 -3  0 -9 
300 297   1 -6  0 -9 
300 298  -1 -5  0 -9 
300 299   1 -3  0 -9 
301 301  -1 -6  0 -9 
302 297   1 -5  0 -9 
302 298  -1 -4  0 -9 
302 299   1 -2  0 -9 
302 300  -1 -1  0 -9 
302 301   1 -3  0 -9 
302 302   1  0  0 -9 
303 303  -1 -6  0 -9 
304 304  -1 -6  0 -9 
305 54   1 -5  0 -9 
305 55  -1 -4  0 -9 
305 56   1 -2  0 -9 
305 57  -1 -1  0 -9 
305 304   1 -3  0 -9 
305 305   1  0  0 -9 
306 306   1 -8  0 -9 
307 307   1 -8  0 -9 
308 307   1 -7  0 -9 
308 308  -1 -6  0 -9 
309 309   1 -8  0 -9 
310 309   1 -7  0 -9 
310 310  -1 -6  0 -9 
311 311   1 -8  0 -9 
312 311   1 -7  0 -9 
312 312  -1 -6  0 -9 
313 313   1 -8  0 -9 
314 313   1 -7  0 -9 
314 314  -1 -6  0 -9 
315 308  -1 -4  0 -9 
315 311   1 -6  0 -9 
315 312  -1 -5  0 -9 
315 314  -1 -4  0 -9 
315 316   1 -3  0 -9 
316 307   1 -6  0 -9 
316 308  -1 -5  0 -9 
316 312  -1 -4  0 -9 
316 313   1 -6  0 -9 
316 314  -1 -5  0 -9 
316 315   1 -3  0 -9 
317 317   1 -8  0 -9 
318 313   1 -7  0 -9 
318 317   1 -7  0 -9 
318 318  -1 -6  0 -9 
319 313   1 -6  0 -9 
319 314  -1 -5  0 -9 
319 317   1 -6  0 -9 
319 318  -1 -5  0 -9 
319 320   1 -3  0 -9 
320 313   1 -5  0 -9 
320 314  -1 -4  0 -9 
320 318  -1 -4  0 -9 
320 319   1 -3  0 -9 
321 321   1 -8  0 -9 
322 321   1 -7  0 -9 
322 322  -1 -6  0 -9 
323 323   1 -8  0 -9 
324 323   1 -7  0 -9 
324 324  -1 -6  0 -9 
325 321   1 -6  0 -9 
325 322  -1 -5  0 -9 
325 324  -1 -4  0 -9 
325 326   1 -3  0 -9 
326 322  -1 -4  0 -9 
326 323   1 -6  0 -9 
326 324  -1 -5  0 -9 
326 325   1 -3  0 -9 
327 327   1 -8  0 -9 
328 327   1 -7  0 -9 
328 328  -1 -6  0 -9 
329 328  -1 -4  0 -9 
329 330   1 -3  0 -9 
330 327   1 -6  0 -9 
330 328  -1 -5  0 -9 
330 329   1 -3  0 -9 
331 331  -1 -6  0 -9 
332 287   1 -3  0 -9 
332 327   1 -5  0 -9 
332 328  -1 -4  0 -9 
332 329   1 -2  0 -9 
332 330  -1 -1  0 -9 
332 331   1 -3  0 -9 
332 332   1  0  0 -9 
333 333   1 -8  0 -9 
334 333   1 -7  0 -9 
334 334  -1 -6  0 -9 
335 333   1 -7  0 -9 
335 335  -1 -6  0 -9 
336 333   1 -6  0 -9 
336 334  -1 -5  0 -9 
336 335  -1 -5  0 -9 
336 337   1 -3  0 -9 
337 333   1 -5  0 -9 
337 334  -1 -4  0 -9 
337 335  -1 -4  0 -9 
337 336   1 -3  0 -9 
338 331  -1 -4  0 -9 
338 334  -1 -4  0 -9 
338 339   1 -3  0 -9 
339 331  -1 -5  0 -9 
339 333   1 -6  0 -9 
339 334  -1 -5  0 -9 
339 338   1 -3  0 -9 
340 331   1 -2  0 -9 
340 333   1 -5  0 -9 
340 334  -1 -4  0 -9 
340 338   1 -2  0 -9 
340 339  -1 -1  0 -9 
340 340   1  0  0 -9 
341 331   1 -1  0 -9 
341 333   1 -4  0 -9 
341 334  -1 -3  0 -9 
341 335  -1 -3  0 -9 
341 336   1 -2  0 -9 
341 337   1  1  0 -9 
341 339  -1  0  0 -9 
341 340   1  1  0 -9 
341 341  -1  2  0 -9 
342 342   1 -8  0 -9 
343 342   1 -7  0 -9 
343 343  -1 -6  0 -9 
344 344  -1 -6  0 -9 
345 345   1 -8  0 -9 
346 345   1 -7  0 -9 
346 346  -1 -6  0 -9 
347 347   1 -8  0 -9 
348 347   1 -7  0 -9 
348 348  -1 -6  0 -9 
349 345   1 -6  0 -9 
349 346  -1 -5  0 -9 
349 348  -1 -4  0 -9 
349 350   1 -3  0 -9 
350 346  -1 -4  0 -9 
350 347   1 -6  0 -9 
350 348  -1 -5  0 -9 
350 349   1 -3  0 -9 
351 351   1 -8  0 -9 
352 351   1 -7  0 -9 
352 352  -1 -6  0 -9 
353 352  -1 -4  0 -9 
353 354   1 -3  0 -9 
354 351   1 -6  0 -9 
354 352  -1 -5  0 -9 
354 353   1 -3  0 -9 
355 355  -1 -6  0 -9 
356 296   1 -3  0 -9 
356 344   1 -3  0 -9 
356 351   1 -5  0 -9 
356 352  -1 -4  0 -9 
356 353   1 -2  0 -9 
356 354  -1 -1  0 -9 
356 355   1 -3  0 -9 
356 356   1  0  0 -9 
357 357   1 -8  0 -9 
358 357   1 -7  0 -9 
358 358  -1 -6  0 -9 
359 357   1 -7  0 -9 
359 359  -1 -6  0 -9 
360 357   1 -6  0 -9 
360 358  -1 -5  0 -9 
360 359  -1 -5  0 -9 
360 361   1 -3  0 -9 
361 357   1 -5  0 -9 
361 358  -1 -4  0 -9 
361 359  -1 -4  0 -9 
361 360   1 -3  0 -9 
362 355  -1 -4  0 -9 
362 358  -1 -4  0 -9 
362 363   1 -3  0 -9 
363 355  -1 -5  0 -9 
363 357   1 -6  0 -9 
363 358  -1 -5  0 -9 
363 362   1 -3  0 -9 
364 355   1 -2  0 -9 
364 357   1 -5  0 -9 
364 358  -1 -4  0 -9 
364 362   1 -2  0 -9 
364 363  -1 -1  0 -9 
364 364   1  0  0 -9 
365 355   1 -1  0 -9 
365 357   1 -4  0 -9 
365 358  -1 -3  0 -9 
365 359  -1 -3  0 -9 
365 360   1 -2  0 -9 
365 361   1  1  0 -9 
365 363  -1  0  0 -9 
365 364   1  1  0 -9 
365 365  -1  2  0 -9 
366 366   1 -8  0 -9 
367 366   1 -7  0 -9 
367 367  -1 -6  0 -9 
368 367  -1 -4  0 -9 
368 369   1 -3  0 -9 
369 366   1 -6  0 -9 
369 367  -1 -5  0 -9 
369 368   1 -3  0 -9 
370 370  -1 -6  0 -9 
371 303   1 -3  0 -9 
371 366   1 -5  0 -9 
371 367  -1 -4  0 -9 
371 368   1 -2  0 -9 
371 369  -1 -1  0 -9 
371 370   1 -3  0 -9 
371 371   1  0  0 -9 
372 372  -1 -6  0 -9 
373 178   1 -5  0 -9 
373 179  -1 -4  0 -9 
373 180   1 -2  0 -9 
373 181  -1 -1  0 -9 
373 372   1 -3  0 -9 
373 373   1  0  0 -9 
374 374  -1 -6  0 -9 
375 166  -1 -4  0 -9 
375 374  -1 -4  0 -9 
375 376   1 -3  0 -9 
376 165   1 -6  0 -9 
376 166  -1 -5  0 -9 
376 374  -1 -5  0 -9 
376 375   1 -3  0 -9 
377 165   1 -5  0 -9 
377 166  -1 -4  0 -9 
377 374   1 -2  0 -9 
377 375   1 -2  0 -9 
377 376  -1 -1  0 -9 
377 377   1  0  0 -9 
378 165   1 -4  0 -9 
378 166  -1 -3  0 -9 
378 167  -1 -3  0 -9 
378 168   1 -2  0 -9 
378 169   1  1  0 -9 
378 374   1 -1  0 -9 
378 376  -1  0  0 -9 
378 377   1  1  0 -9 
378 378  -1  2  0 -9 
379 184   1 -5  0 -9 
379 188  -1 -4  0 -9 
379 189   1 -2  0 -9 
379 190  -1 -1  0 -9 
379 374   1 -3  0 -9 
379 379   1  0  0 -9 
380 380   1 -8  0 -9 
381 380   1 -7  0 -9 
381 381  -1 -6  0 -9 
382 382   1 -8  0 -9 
383 382   1 -7  0 -9 
383 383  -1 -6  0 -9 
384 343  -1 -4  0 -9 
384 380   1 -6  0 -9 
384 381  -1 -5  0 -9 
384 383  -1 -4  0 -9 
384 385   1 -3  0 -9 
385 342   1 -6  0 -9 
385 343  -1 -5  0 -9 
385 381  -1 -4  0 -9 
385 382   1 -6  0 -9 
385 383  -1 -5  0 -9 
385 384   1 -3  0 -9 
386 386   1 -8  0 -9 
387 386   1 -7  0 -9 
387 387  -1 -6  0 -9 
388 344  -1 -4  0 -9 
388 387  -1 -4  0 -9 
388 389   1 -3  0 -9 
389 344  -1 -5  0 -9 
389 386   1 -6  0 -9 
389 387  -1 -5  0 -9 
389 388   1 -3  0 -9 
390 390  -1 -6  0 -9 
391 344   1 -2  0 -9 
391 386   1 -5  0 -9 
391 387  -1 -4  0 -9 
391 388   1 -2  0 -9 
391 389  -1 -1  0 -9 
391 390   1 -3  0 -9 
391 391   1  0  0 -9 
392 392   1 -8  0 -9 
393 382   1 -7  0 -9 
393 392   1 -7  0 -9 
393 393  -1 -6  0 -9 
394 382   1 -6  0 -9 
394 383  -1 -5  0 -9 
394 392   1 -6  0 -9 
394 393  -1 -5  0 -9 
394 395   1 -3  0 -9 
395 382   1 -5  0 -9 
395 383  -1 -4  0 -9 
395 393  -1 -4  0 -9 
395 394   1 -3  0 -9 
396 396   1 -8  0 -9 
397 396   1 -7  0 -9 
397 397  -1 -6  0 -9 
398 386   1 -7  0 -9 
398 396   1 -7  0 -9 
398 398  -1 -6  0 -9 
399 386   1 -6  0 -9 
399 387  -1 -5  0 -9 
399 396   1 -6  0 -9 
399 397  -1 -5  0 -9 
399 398  -1 -5  0 -9 
399 400   1 -3  0 -9 
400 386   1 -5  0 -9 
400 387  -1 -4  0 -9 
400 396   1 -5  0 -9 
400 397  -1 -4  0 -9 
400 398  -1 -4  0 -9 
400 399   1 -3  0 -9 
401 390  -1 -5  0 -9 
401 397  -1 -4  0 -9 
401 402   1 -3  0 -9 
402 390  -1 -4  0 -9 
402 396   1 -6  0 -9 
402 397  -1 -5  0 -9 
402 401   1 -3  0 -9 
403 396   1 -5  0 -9 
403 397  -1 -4  0 -9 
403 401   1 -2  0 -9 
403 402  -1 -1  0 -9 
403 403   1  0  0 -9 
404 344   1 -1  0 -9 
404 386   1 -4  0 -9 
404 387  -1 -3  0 -9 
404 389  -1  0  0 -9 
404 390   1 -2  0 -9 
404 391   1  1  0 -9 
404 396   1 -4  0 -9 
404 397  -1 -3  0 -9 
404 398  -1 -3  0 -9 
404 399   1 -2  0 -9 
404 400   1  1  0 -9 
404 402  -1  0  0 -9 
404 403   1  1  0 -9 
404 404  -1  2  0 -9 
405 405   1 -8  0 -9 
406 405   1 -7  0 -9 
406 406  -1 -6  0 -9 
407 405   1 -7  0 -9 
407 407  -1 -6  0 -9 
408 405   1 -6  0 -9 
408 406  -1 -5  0 -9 
408 407  -1 -5  0 -9 
408 409   1 -3  0 -9 
409 405   1 -5  0 -9 
409 406  -1 -4  0 -9 
409 407  -1 -4  0 -9 
409 408   1 -3  0 -9 
410 370  -1 -4  0 -9 
410 390  -1 -4  0 -9 
410 406  -1 -4  0 -9 
410 411   1 -3  0 -9 
411 370  -1 -5  0 -9 
411 390  -1 -5  0 -9 
411 405   1 -6  0 -9 
411 406  -1 -5  0 -9 
411 410   1 -3  0 -9 
412 370   1 -2  0 -9 
412 390   1 -2  0 -9 
412 405   1 -5  0 -9 
412 406  -1 -4  0 -9 
412 410   1 -2  0 -9 
412 411  -1 -1  0 -9 
412 412   1  0  0 -9 
413 370   1 -1  0 -9 
413 390   1 -1  0 -9 
413 405   1 -4  0 -9 
413 406  -1 -3  0 -9 
413 407  -1 -3  0 -9 
413 408   1 -2  0 -9 
413 409   1  1  0 -9 
413 411  -1  0  0 -9 
413 412   1  1  0 -9 
413 413  -1  2  0 -9 
414 414  -1 -6  0 -9 
415 251  -1 -4  0 -9 
415 372  -1 -4  0 -9 
415 414  -1 -4  0 -9 
415 416   1 -3  0 -9 
416 250   1 -6  0 -9 
416 251  -1 -5  0 -9 
416 372  -1 -5  0 -9 
416 414  -1 -5  0 -9 
416 415   1 -3  0 -9 
417 250   1 -5  0 -9 
417 251  -1 -4  0 -9 
417 372   1 -2  0 -9 
417 414   1 -2  0 -9 
417 415   1 -2  0 -9 
417 416  -1 -1  0 -9 
417 417   1  0  0 -9 
418 250   1 -4  0 -9 
418 251  -1 -3  0 -9 
418 252  -1 -3  0 -9 
418 253   1 -2  0 -9 
418 254   1  1  0 -9 
418 372   1 -1  0 -9 
418 414   1 -1  0 -9 
418 416  -1  0  0 -9 
418 417   1  1  0 -9 
418 418  -1  2  0 -9 
419 259   1 -5  0 -9 
419 263  -1 -4  0 -9 
419 264   1 -2  0 -9 
419 265  -1 -1  0 -9 
419 414   1 -3  0 -9 
419 419   1  0  0 -9 
420 234  -1 -4  0 -9 
420 414  -1 -5  0 -9 
420 421   1 -3  0 -9 
421 233   1 -6  0 -9 
421 234  -1 -5  0 -9 
421 414  -1 -4  0 -9 
421 420   1 -3  0 -9 
422 233   1 -5  0 -9 
422 234  -1 -4  0 -9 
422 420   1 -2  0 -9 
422 421  -1 -1  0 -9 
422 422   1  0  0 -9 
423 233   1 -4  0 -9 
423 234  -1 -3  0 -9 
423 259   1 -4  0 -9 
423 263  -1 -3  0 -9 
423 265  -1  0  0 -9 
423 268  -1 -3  0 -9 
423 271   1 -2  0 -9 
423 272   1  1  0 -9 
423 414   1 -2  0 -9 
423 419   1  1  0 -9 
423 421  -1  0  0 -9 
423 422   1  1  0 -9 
423 423  -1  2  0 -9 
424 424   1 -8  0 -9 
425 425   1 -8  0 -9 
426 424   1 -7  0 -9 
426 425   1 -7  0 -9 
426 426  -1 -6  0 -9 
427 427   1 -8  0 -9 
428 427   1 -7  0 -9 
428 428  -1 -6  0 -9 
429 429   1 -8  0 -9 
430 429   1 -7  0 -9 
430 430  -1 -6  0 -9 
431 309   1 -6  0 -9 
431 310  -1 -5  0 -9 
431 427   1 -6  0 -9 
431 428  -1 -5  0 -9 
431 430  -1 -4  0 -9 
431 432   1 -3  0 -9 
432 310  -1 -4  0 -9 
432 428  -1 -4  0 -9 
432 429   1 -6  0 -9 
432 430  -1 -5  0 -9 
432 431   1 -3  0 -9 
433 433   1 -8  0 -9 
434 425   1 -7  0 -9 
434 427   1 -7  0 -9 
434 433   1 -7  0 -9 
434 434  -1 -6  0 -9 
435 427   1 -5  0 -9 
435 428  -1 -4  0 -9 
435 434  -1 -4  0 -9 
435 436   1 -3  0 -9 
436 425   1 -6  0 -9 
436 427   1 -6  0 -9 
436 428  -1 -5  0 -9 
436 433   1 -6  0 -9 
436 434  -1 -5  0 -9 
436 435   1 -3  0 -9 
437 437   1 -8  0 -9 
438 437   1 -7  0 -9 
438 438  -1 -6  0 -9 
439 437   1 -7  0 -9 
439 439  -1 -6  0 -9 
440 317   1 -7  0 -9 
440 437   1 -6  0 -9 
440 438  -1 -5  0 -9 
440 439  -1 -5  0 -9 
440 441   1 -3  0 -9 
441 317  -1 -4  0 -9 
441 437   1 -5  0 -9 
441 438  -1 -4  0 -9 
441 439  -1 -4  0 -9 
441 440   1 -3  0 -9 
442 433  -1 -4  0 -9 
442 437   1 -5  0 -9 
442 438  -1 -4  0 -9 
442 439  -1 -4  0 -9 
442 443   1 -3  0 -9 
443 433   1 -7  0 -9 
443 437   1 -6  0 -9 
443 438  -1 -5  0 -9 
443 439  -1 -5  0 -9 
443 442   1 -3  0 -9 
444 317  -1 -3  0 -9 
444 433  -1 -3  0 -9 
444 437   1 -4  0 -9 
444 438  -1 -3  0 -9 
444 439  -1 -3  0 -9 
444 440   1 -2  0 -9 
444 441  -1 -1  0 -9 
444 442  -1 -1  0 -9 
444 443   1 -2  0 -9 
444 444   1  0  0 -9 
445 445   1 -8  0 -9 
446 445   1 -7  0 -9 
446 446  -1 -6  0 -9 
447 425   1 -7  0 -9 
447 447  -1 -6  0 -9 
448 448   1 -8  0 -9 
449 448   1 -7  0 -9 
449 449  -1 -6  0 -9 
450 450   1 -8  0 -9 
451 450   1 -7  0 -9 
451 451  -1 -6  0 -9 
452 448   1 -6  0 -9 
452 449  -1 -5  0 -9 
452 451  -1 -4  0 -9 
452 453   1 -3  0 -9 
453 449  -1 -4  0 -9 
453 450   1 -6  0 -9 
453 451  -1 -5  0 -9 
453 452   1 -3  0 -9 
454 454   1 -8  0 -9 
455 454   1 -7  0 -9 
455 455  -1 -6  0 -9 
456 427   1 -6  0 -9 
456 428  -1 -5  0 -9 
456 455  -1 -4  0 -9 
456 457   1 -3  0 -9 
457 428  -1 -4  0 -9 
457 454   1 -6  0 -9 
457 455  -1 -5  0 -9 
457 456   1 -3  0 -9 
458 433   1 -7  0 -9 
458 458  -1 -6  0 -9 
459 425  -1 -4  0 -9 
459 428  -1 -3  0 -9 
459 433  -1 -4  0 -9 
459 435  -1 -1  0 -9 
459 436   1 -2  0 -9 
459 447   1 -3  0 -9 
459 454   1 -5  0 -9 
459 455  -1 -4  0 -9 
459 456   1 -2  0 -9 
459 457  -1 -1  0 -9 
459 458   1 -3  0 -9 
459 459   1  0  0 -9 
460 460   1 -8  0 -9 
461 460   1 -7  0 -9 
461 461  -1 -6  0 -9 
462 460   1 -7  0 -9 
462 462  -1 -6  0 -9 
463 460   1 -6  0 -9 
463 461  -1 -5  0 -9 
463 462  -1 -5  0 -9 
463 464   1 -3  0 -9 
464 460   1 -5  0 -9 
464 461  -1 -4  0 -9 
464 462  -1 -4  0 -9 
464 463   1 -3  0 -9 
465 314  -1 -4  0 -9 
465 437   1 -6  0 -9 
465 439  -1 -5  0 -9 
465 458  -1 -4  0 -9 
465 461  -1 -4  0 -9 
465 466   1 -3  0 -9 
466 313   1 -6  0 -9 
466 314  -1 -5  0 -9 
466 433   1 -6  0 -9 
466 439  -1 -4  0 -9 
466 458  -1 -5  0 -9 
466 460   1 -6  0 -9 
466 461  -1 -5  0 -9 
466 465   1 -3  0 -9 
467 313   1 -5  0 -9 
467 314  -1 -4  0 -9 
467 433  -1 -3  0 -9 
467 439  -1 -3  0 -9 
467 442  -1 -1  0 -9 
467 443   1 -2  0 -9 
467 458   1 -2  0 -9 
467 460   1 -5  0 -9 
467 461  -1 -4  0 -9 
467 465   1 -2  0 -9 
467 466  -1 -1  0 -9 
467 467   1  0  0 -9 
468 313   1 -4  0 -9 
468 314  -1 -3  0 -9 
468 318  -1 -3  0 -9 
468 319   1 -2  0 -9 
468 320   1  1  0 -9 
468 433  -1 -2  0 -9 
468 441  -1  0  0 -9 
468 442  -1  0  0 -9 
468 443   1 -1  0 -9 
468 444   1  1  0 -9 
468 458   1 -1  0 -9 
468 460   1 -4  0 -9 
468 461  -1 -3  0 -9 
468 462  -1 -3  0 -9 
468 463   1 -2  0 -9 
468 464   1  1  0 -9 
468 466  -1  0  0 -9 
468 467   1  1  0 -9 
468 468  -1  2  0 -9 
469 469   1 -8  0 -9 
470 448   1 -7  0 -9 
470 469   1 -7  0 -9 
470 470  -1 -6  0 -9 
471 448   1 -5  0 -9 
471 449  -1 -4  0 -9 
471 470  -1 -4  0 -9 
471 472   1 -3  0 -9 
472 448   1 -6  0 -9 
472 449  -1 -5  0 -9 
472 469   1 -6  0 -9 
472 470  -1 -5  0 -9 
472 471   1 -3  0 -9 
473 473   1 -8  0 -9 
474 473   1 -7  0 -9 
474 474  -1 -6  0 -9 
475 474  -1 -4  0 -9 
475 476   1 -3  0 -9 
476 473   1 -6  0 -9 
476 474  -1 -5  0 -9 
476 475   1 -3  0 -9 
477 469   1 -7  0 -9 
477 477  -1 -6  0 -9 
478 449  -1 -3  0 -9 
478 450   1 -5  0 -9 
478 451  -1 -4  0 -9 
478 452   1 -2  0 -9 
478 453  -1 -1  0 -9 
478 469  -1 -4  0 -9 
478 471  -1 -1  0 -9 
478 472   1 -2  0 -9 
478 473   1 -5  0 -9 
478 474  -1 -4  0 -9 
478 475   1 -2  0 -9 
478 476  -1 -1  0 -9 
478 477   1 -3  0 -9 
478 478   1  0  0 -9 
479 479   1 -8  0 -9 
480 460   1 -5  0 -9 
480 461  -1 -4  0 -9 
480 462  -1 -4  0 -9 
480 479  -1 -4  0 -9 
480 481   1 -3  0 -9 
481 460   1 -6  0 -9 
481 461  -1 -5  0 -9 
481 462  -1 -5  0 -9 
481 479   1 -7  0 -9 
481 480   1 -3  0 -9 
482 460   1 -4  0 -9 
482 461  -1 -3  0 -9 
482 462  -1 -3  0 -9 
482 463   1 -2  0 -9 
482 464  -1 -1  0 -9 
482 479  -1 -3  0 -9 
482 480  -1 -1  0 -9 
482 481   1 -2  0 -9 
482 482   1  0  0 -9 
483 479   1 -7  0 -9 
483 483  -1 -6  0 -9 
484 483  -1 -4  0 -9 
484 485   1 -3  0 -9 
485 479   1 -6  0 -9 
485 483  -1 -5  0 -9 
485 484   1 -3  0 -9 
486 460   1 -4  1 -6  0 -9 
486 461  -1 -1 -1 -3 -1 -5  0 -9 
486 462  -1 -3  0 -9 
486 463   1 -2  0 -9 
486 464  -1 -1  0 -9 
486 479  -1 -3  0 -9 
486 480  -1 -1  0 -9 
486 481   1 -2  0 -9 
486 483   1 -2  0 -9 
486 484   1 -2  0 -9 
486 485  -1 -1  0 -9 
486 486   1  0  0 -9 
487 460   1 -3  0 -9 
487 461  -1  0 -1 -2  0 -9 
487 462  -1 -2  0 -9 
487 463   1 -1  0 -9 
487 464  -1  0  0 -9 
487 479  -1 -2  0 -9 
487 480  -1  0  0 -9 
487 481   1 -1  0 -9 
487 482   1  1  0 -9 
487 483   1 -1  0 -9 
487 485  -1  0  0 -9 
487 486   1  1  0 -9 
487 487  -1  2  0 -9 
488 488   1 -8  0 -9 
489 488   1 -7  0 -9 
489 489  -1 -6  0 -9 
490 490  -1 -6  0 -9 
491 491   1 -8  0 -9 
492 491   1 -7  0 -9 
492 492  -1 -6  0 -9 
493 493   1 -8  0 -9 
494 493   1 -7  0 -9 
494 494  -1 -6  0 -9 
495 491   1 -6  0 -9 
495 492  -1 -5  0 -9 
495 494  -1 -4  0 -9 
495 496   1 -3  0 -9 
496 492  -1 -4  0 -9 
496 493   1 -6  0 -9 
496 494  -1 -5  0 -9 
496 495   1 -3  0 -9 
497 497   1 -8  0 -9 
498 497   1 -7  0 -9 
498 498  -1 -6  0 -9 
499 498  -1 -4  0 -9 
499 500   1 -3  0 -9 
500 497   1 -6  0 -9 
500 498  -1 -5  0 -9 
500 499   1 -3  0 -9 
501 501  -1 -6  0 -9 
502 490   1 -3  0 -9 
502 497   1 -5  0 -9 
502 498  -1 -4  0 -9 
502 499   1 -2  0 -9 
502 500  -1 -1  0 -9 
502 501   1 -3  0 -9 
502 502   1  0  0 -9 
503 503   1 -8  0 -9 
504 503   1 -7  0 -9 
504 504  -1 -6  0 -9 
505 503   1 -7  0 -9 
505 505  -1 -6  0 -9 
506 503   1 -6  0 -9 
506 504  -1 -5  0 -9 
506 505  -1 -5  0 -9 
506 507   1 -3  0 -9 
507 503   1 -5  0 -9 
507 504  -1 -4  0 -9 
507 505  -1 -4  0 -9 
507 506   1 -3  0 -9 
508 501  -1 -4  0 -9 
508 504  -1 -4  0 -9 
508 509   1 -3  0 -9 
509 501  -1 -5  0 -9 
509 503   1 -6  0 -9 
509 504  -1 -5  0 -9 
509 508   1 -3  0 -9 
510 501   1 -2  0 -9 
510 503   1 -5  0 -9 
510 504  -1 -4  0 -9 
510 508   1 -2  0 -9 
510 509  -1 -1  0 -9 
510 510   1  0  0 -9 
511 501   1 -1  0 -9 
511 503   1 -4  0 -9 
511 504  -1 -3  0 -9 
511 505  -1 -3  0 -9 
511 506   1 -2  0 -9 
511 507   1  1  0 -9 
511 509  -1  0  0 -9 
511 510   1  1  0 -9 
511 511  -1  2  0 -9 
512 512   1 -8  0 -9 
513 512   1 -7  0 -9 
513 513  -1 -6  0 -9 
514 513  -1 -4  0 -9 
514 515   1 -3  0 -9 
515 512   1 -6  0 -9 
515 513  -1 -5  0 -9 
515 514   1 -3  0 -9 
516 516  -1 -6  0 -9 
517 512   1 -5  0 -9 
517 513  -1 -4  0 -9 
517 514   1 -2  0 -9 
517 515  -1 -1  0 -9 
517 516   1 -3  0 -9 
517 517   1  0  0 -9 
518 518  -1 -6  0 -9 
519 473   1 -5  0 -9 
519 474  -1 -4  0 -9 
519 475   1 -2  0 -9 
519 476  -1 -1  0 -9 
519 518   1 -3  0 -9 
519 519   1  0  0 -9 
520 520  -1 -6  0 -9 
521 461  -1 -4  0 -9 
521 520  -1 -4  0 -9 
521 522   1 -3  0 -9 
522 460   1 -6  0 -9 
522 461  -1 -5  0 -9 
522 520  -1 -5  0 -9 
522 521   1 -3  0 -9 
523 460   1 -5  0 -9 
523 461  -1 -4  0 -9 
523 520   1 -2  0 -9 
523 521   1 -2  0 -9 
523 522  -1 -1  0 -9 
523 523   1  0  0 -9 
524 460   1 -4  0 -9 
524 461  -1 -3  0 -9 
524 462  -1 -3  0 -9 
524 463   1 -2  0 -9 
524 464   1  1  0 -9 
524 520   1 -1  0 -9 
524 522  -1  0  0 -9 
524 523   1  1  0 -9 
524 524  -1  2  0 -9 
525 479   1 -5  0 -9 
525 483  -1 -4  0 -9 
525 484   1 -2  0 -9 
525 485  -1 -1  0 -9 
525 520   1 -3  0 -9 
525 525   1  0  0 -9 
526 526   1 -8  0 -9 
527 526   1 -7  0 -9 
527 527  -1 -6  0 -9 
528 528   1 -8  0 -9 
529 491   1 -7  0 -9 
529 528   1 -7  0 -9 
529 529  -1 -6  0 -9 
530 491   1 -5  0 -9 
530 492  -1 -4  0 -9 
530 529  -1 -4  0 -9 
530 531   1 -3  0 -9 
531 491   1 -6  0 -9 
531 492  -1 -5  0 -9 
531 528   1 -6  0 -9 
531 529  -1 -5  0 -9 
531 530   1 -3  0 -9 
532 532   1 -8  0 -9 
533 532   1 -7  0 -9 
533 533  -1 -6  0 -9 
534 533  -1 -4  0 -9 
534 535   1 -3  0 -9 
535 532   1 -6  0 -9 
535 533  -1 -5  0 -9 
535 534   1 -3  0 -9 
536 528   1 -7  0 -9 
536 536  -1 -6  0 -9 
537 492  -1 -3  0 -9 
537 493   1 -5  0 -9 
537 494  -1 -4  0 -9 
537 495   1 -2  0 -9 
537 496  -1 -1  0 -9 
537 528  -1 -4  0 -9 
537 530  -1 -1  0 -9 
537 531   1 -2  0 -9 
537 532   1 -5  0 -9 
537 533  -1 -4  0 -9 
537 534   1 -2  0 -9 
537 535  -1 -1  0 -9 
537 536   1 -3  0 -9 
537 537   1  0  0 -9 
538 538   1 -8  0 -9 
539 503   1 -5  0 -9 
539 504  -1 -4  0 -9 
539 505  -1 -4  0 -9 
539 538  -1 -4  0 -9 
539 540   1 -3  0 -9 
540 503   1 -6  0 -9 
540 504  -1 -5  0 -9 
540 505  -1 -5  0 -9 
540 538   1 -7  0 -9 
540 539   1 -3  0 -9 
541 503   1 -4  0 -9 
541 504  -1 -3  0 -9 
541 505  -1 -3  0 -9 
541 506   1 -2  0 -9 
541 507  -1 -1  0 -9 
541 538  -1 -3  0 -9 
541 539  -1 -1  0 -9 
541 540   1 -2  0 -9 
541 541   1  0  0 -9 
542 538   1 -7  0 -9 
542 542  -1 -6  0 -9 
543 542  -1 -4  0 -9 
543 544   1 -3  0 -9 
544 538   1 -6  0 -9 
544 542  -1 -5  0 -9 
544 543   1 -3  0 -9 
545 503   1 -4  1 -6  0 -9 
545 504  -1 -1 -1 -3 -1 -5  0 -9 
545 505  -1 -3  0 -9 
545 506   1 -2  0 -9 
545 507  -1 -1  0 -9 
545 538  -1 -3  0 -9 
545 539  -1 -1  0 -9 
545 540   1 -2  0 -9 
545 542   1 -2  0 -9 
545 543   1 -2  0 -9 
545 544  -1 -1  0 -9 
545 545   1  0  0 -9 
546 503   1 -3  0 -9 
546 504  -1  0 -1 -2  0 -9 
546 505  -1 -2  0 -9 
546 506   1 -1  0 -9 
546 507  -1  0  0 -9 
546 538  -1 -2  0 -9 
546 539  -1  0  0 -9 
546 540   1 -1  0 -9 
546 541   1  1  0 -9 
546 542   1 -1  0 -9 
546 544  -1  0  0 -9 
546 545   1  1  0 -9 
546 546  -1  2  0 -9 
547 547  -1 -6  0 -9 
548 548   1 -8  0 -9 
549 548   1 -7  0 -9 
549 549  -1 -6  0 -9 
550 549  -1 -4  0 -9 
550 551   1 -3  0 -9 
551 548   1 -6  0 -9 
551 549  -1 -5  0 -9 
551 550   1 -3  0 -9 
552 552  -1 -6  0 -9 
553 548   1 -5  0 -9 
553 549  -1 -4  0 -9 
553 550   1 -2  0 -9 
553 551  -1 -1  0 -9 
553 552   1 -3  0 -9 
553 553   1  0  0 -9 
554 554  -1 -6  0 -9 
555 532   1 -5  0 -9 
555 533  -1 -4  0 -9 
555 534   1 -2  0 -9 
555 535  -1 -1  0 -9 
555 554   1 -3  0 -9 
555 555   1  0  0 -9 
556 556  -1 -6  0 -9 
557 556  -1 -4  0 -9 
557 558   1 -3  0 -9 
558 556  -1 -5  0 -9 
558 557   1 -3  0 -9 
559 556   1 -2  0 -9 
559 557   1 -2  0 -9 
559 558  -1 -1  0 -9 
559 559   1  0  0 -9 
560 556   1 -1  0 -9 
560 558  -1  0  0 -9 
560 559   1  1  0 -9 
560 560  -1  2  0 -9 
561 501   1 -3  0 -9 
561 538   1 -5  0 -9 
561 542  -1 -4  0 -9 
561 543   1 -2  0 -9 
561 544  -1 -1  0 -9 
561 556   1 -3  0 -9 
561 561   1  0  0 -9 
562 562   1 -8  0 -9 
563 562   1 -7  0 -9 
563 563  -1 -6  0 -9 
564 564   1 -8  0 -9 
565 564   1 -7  0 -9 
565 565  -1 -6  0 -9 
566 562   1 -6  0 -9 
566 563  -1 -5  0 -9 
566 565  -1 -4  0 -9 
566 567   1 -3  0 -9 
567 563  -1 -4  0 -9 
567 564   1 -6  0 -9 
567 565  -1 -5  0 -9 
567 566   1 -3  0 -9 
568 568   1 -8  0 -9 
569 526   1 -7  0 -9 
569 562   1 -7  0 -9 
569 568   1 -7  0 -9 
569 569  -1 -6  0 -9 
570 562   1 -5  0 -9 
570 563  -1 -4  0 -9 
570 569  -1 -4  0 -9 
570 571   1 -3  0 -9 
571 526   1 -6  0 -9 
571 562   1 -6  0 -9 
571 563  -1 -5  0 -9 
571 568   1 -6  0 -9 
571 569  -1 -5  0 -9 
571 570   1 -3  0 -9 
572 572   1 -8  0 -9 
573 572   1 -7  0 -9 
573 573  -1 -6  0 -9 
574 573  -1 -4  0 -9 
574 575   1 -3  0 -9 
575 572   1 -6  0 -9 
575 573  -1 -5  0 -9 
575 574   1 -3  0 -9 
576 568   1 -7  0 -9 
576 576  -1 -6  0 -9 
577 526  -1 -4  0 -9 
577 527   1 -3  0 -9 
577 563  -1 -3  0 -9 
577 564   1 -5  0 -9 
577 565  -1 -4  0 -9 
577 566   1 -2  0 -9 
577 567  -1 -1  0 -9 
577 568  -1 -4  0 -9 
577 570  -1 -1  0 -9 
577 571   1 -2  0 -9 
577 572   1 -5  0 -9 
577 573  -1 -4  0 -9 
577 574   1 -2  0 -9 
577 575  -1 -1  0 -9 
577 576   1 -3  0 -9 
577 577   1  0  0 -9 
578 578   1 -8  0 -9 
579 578   1 -7  0 -9 
579 579  -1 -6  0 -9 
580 578   1 -7  0 -9 
580 580  -1 -6  0 -9 
581 392   1 -7  0 -9 
581 578   1 -6  0 -9 
581 579  -1 -5  0 -9 
581 580  -1 -5  0 -9 
581 582   1 -3  0 -9 
582 392  -1 -4  0 -9 
582 578   1 -5  0 -9 
582 579  -1 -4  0 -9 
582 580  -1 -4  0 -9 
582 581   1 -3  0 -9 
583 568  -1 -4  0 -9 
583 578   1 -5  0 -9 
583 579  -1 -4  0 -9 
583 580  -1 -4  0 -9 
583 584   1 -3  0 -9 
584 568   1 -7  0 -9 
584 578   1 -6  0 -9 
584 579  -1 -5  0 -9 
584 580  -1 -5  0 -9 
584 583   1 -3  0 -9 
585 392  -1 -3  0 -9 
585 568  -1 -3  0 -9 
585 578   1 -4  0 -9 
585 579  -1 -3  0 -9 
585 580  -1 -3  0 -9 
585 581   1 -2  0 -9 
585 582  -1 -1  0 -9 
585 583  -1 -1  0 -9 
585 584   1 -2  0 -9 
585 585   1  0  0 -9 
586 586   1 -8  0 -9 
587 586   1 -7  0 -9 
587 587  -1 -6  0 -9 
588 586   1 -7  0 -9 
588 588  -1 -6  0 -9 
589 586   1 -6  0 -9 
589 587  -1 -5  0 -9 
589 588  -1 -5  0 -9 
589 590   1 -3  0 -9 
590 586   1 -5  0 -9 
590 587  -1 -4  0 -9 
590 588  -1 -4  0 -9 
590 589   1 -3  0 -9 
591 383  -1 -4  0 -9 
591 390  -1 -4  0 -9 
591 576  -1 -4  0 -9 
591 578   1 -6  0 -9 
591 580  -1 -5  0 -9 
591 587  -1 -4  0 -9 
591 592   1 -3  0 -9 
592 382   1 -6  0 -9 
592 383  -1 -5  0 -9 
592 390  -1 -5  0 -9 
592 568   1 -6  0 -9 
592 576  -1 -5  0 -9 
592 580  -1 -4  0 -9 
592 586   1 -6  0 -9 
592 587  -1 -5  0 -9 
592 591   1 -3  0 -9 
593 382   1 -5  0 -9 
593 383  -1 -4  0 -9 
593 390   1 -2  0 -9 
593 568  -1 -3  0 -9 
593 576   1 -2  0 -9 
593 580  -1 -3  0 -9 
593 583  -1 -1  0 -9 
593 584   1 -2  0 -9 
593 586   1 -5  0 -9 
593 587  -1 -4  0 -9 
593 591   1 -2  0 -9 
593 592  -1 -1  0 -9 
593 593   1  0  0 -9 
594 382   1 -4  0 -9 
594 383  -1 -3  0 -9 
594 390   1 -1  0 -9 
594 393  -1 -3  0 -9 
594 394   1 -2  0 -9 
594 395   1  1  0 -9 
594 568  -1 -2  0 -9 
594 576   1 -1  0 -9 
594 582  -1  0  0 -9 
594 583  -1  0  0 -9 
594 584   1 -1  0 -9 
594 585   1  1  0 -9 
594 586   1 -4  0 -9 
594 587  -1 -3  0 -9 
594 588  -1 -3  0 -9 
594 589   1 -2  0 -9 
594 590   1  1  0 -9 
594 592  -1  0  0 -9 
594 593   1  1  0 -9 
594 594  -1  2  0 -9 
595 595   1 -8  0 -9 
596 572  -1 -4  0 -9 
596 586   1 -5  0 -9 
596 587  -1 -4  0 -9 
596 588  -1 -4  0 -9 
596 595  -1 -4  0 -9 
596 597   1 -3  0 -9 
597 572   1 -7  0 -9 
597 586   1 -6  0 -9 
597 587  -1 -5  0 -9 
597 588  -1 -5  0 -9 
597 595   1 -7  0 -9 
597 596   1 -3  0 -9 
598 572  -1 -3  0 -9 
598 586   1 -4  0 -9 
598 587  -1 -3  0 -9 
598 588  -1 -3  0 -9 
598 589   1 -2  0 -9 
598 590  -1 -1  0 -9 
598 595  -1 -3  0 -9 
598 596  -1 -1  0 -9 
598 597   1 -2  0 -9 
598 598   1  0  0 -9 
599 595   1 -7  0 -9 
599 599  -1 -6  0 -9 
600 599  -1 -4  0 -9 
600 601   1 -3  0 -9 
601 595   1 -6  0 -9 
601 599  -1 -5  0 -9 
601 600   1 -3  0 -9 
602 572  -1 -3  0 -9 
602 573   1 -2  0 -9 
602 574   1 -2  0 -9 
602 575  -1 -1  0 -9 
602 586   1 -4  1 -6  0 -9 
602 587  -1 -1 -1 -3 -1 -5  0 -9 
602 588  -1 -3  0 -9 
602 589   1 -2  0 -9 
602 590  -1 -1  0 -9 
602 595  -1 -3  0 -9 
602 596  -1 -1  0 -9 
602 597   1 -2  0 -9 
602 599   1 -2  0 -9 
602 600   1 -2  0 -9 
602 601  -1 -1  0 -9 
602 602   1  0  0 -9 
603 572  -1 -2  0 -9 
603 573   1 -1  0 -9 
603 575  -1  0  0 -9 
603 586   1 -3  0 -9 
603 587  -1  0 -1 -2  0 -9 
603 588  -1 -2  0 -9 
603 589   1 -1  0 -9 
603 590  -1  0  0 -9 
603 595  -1 -2  0 -9 
603 596  -1  0  0 -9 
603 597   1 -1  0 -9 
603 598   1  1  0 -9 
603 599   1 -1  0 -9 
603 601  -1  0  0 -9 
603 602   1  1  0 -9 
603 603  -1  2  0 -9 
604 396   1 -7  0 -9 
604 595   1 -7  0 -9 
604 604  -1 -6  0 -9 
605 396   1 -5  0 -9 
605 397  -1 -4  0 -9 
605 604  -1 -4  0 -9 
605 606   1 -3  0 -9 
606 396   1 -6  0 -9 
606 397  -1 -5  0 -9 
606 595   1 -6  0 -9 
606 604  -1 -5  0 -9 
606 605   1 -3  0 -9 
607 396   1 -6  0 -9 
607 397  -1 -5  0 -9 
607 595   1 -6  0 -9 
607 599  -1 -5  0 -9 
607 604  -1 -5  0 -9 
607 608   1 -3  0 -9 
608 396   1 -5  0 -9 
608 397  -1 -4  0 -9 
608 595   1 -5  0 -9 
608 599  -1 -4  0 -9 
608 604  -1 -4  0 -9 
608 607   1 -3  0 -9 
609 396   1 -4  1 -6  0 -9 
609 397  -1 -1 -1 -3 -1 -5  0 -9 
609 604  -1 -3  0 -9 
609 605  -1 -1  0 -9 
609 606   1 -2  0 -9 
609 607   1 -2  0 -9 
609 608  -1 -1  0 -9 
609 609   1  0  0 -9 
610 396   1 -4  0 -9 
610 397  -1 -3  0 -9 
610 599  -1 -3  0 -9 
610 600  -1 -1  0 -9 
610 601   1 -2  0 -9 
610 604  -1 -3  0 -9 
610 605  -1 -1  0 -9 
610 606   1 -2  0 -9 
610 607   1 -2  0 -9 
610 608  -1 -1  0 -9 
610 610   1  0  0 -9 
611 396   1 -3  0 -9 
611 397  -1  0 -1 -2  0 -9 
611 600  -1  0  0 -9 
611 604  -1 -2  0 -9 
611 605  -1  0  0 -9 
611 606   1 -1  0 -9 
611 607   1 -1  0 -9 
611 608  -1  0  0 -9 
611 609   1  1  0 -9 
611 610   1  1  0 -9 
611 611  -1  2  0 -9 
612 612   1 -8  0 -9 
613 612   1 -7  0 -9 
613 613  -1 -6  0 -9 
614 613  -1 -4  0 -9 
614 615   1 -3  0 -9 
615 612   1 -6  0 -9 
615 613  -1 -5  0 -9 
615 614   1 -3  0 -9 
616 616  -1 -6  0 -9 
617 344   1 -3  0 -9 
617 547   1 -3  0 -9 
617 612   1 -5  0 -9 
617 613  -1 -4  0 -9 
617 614   1 -2  0 -9 
617 615  -1 -1  0 -9 
617 616   1 -3  0 -9 
617 617   1  0  0 -9 
618 618  -1 -6  0 -9 
619 572   1 -5  0 -9 
619 573  -1 -4  0 -9 
619 574   1 -2  0 -9 
619 575  -1 -1  0 -9 
619 618   1 -3  0 -9 
619 619   1  0  0 -9 
620 620   1 -8  0 -9 
621 620   1 -7  0 -9 
621 621  -1 -6  0 -9 
622 620   1 -7  0 -9 
622 622  -1 -6  0 -9 
623 620   1 -6  0 -9 
623 621  -1 -5  0 -9 
623 622  -1 -5  0 -9 
623 624   1 -3  0 -9 
624 620   1 -5  0 -9 
624 621  -1 -4  0 -9 
624 622  -1 -4  0 -9 
624 623   1 -3  0 -9 
625 616  -1 -4  0 -9 
625 621  -1 -4  0 -9 
625 626   1 -3  0 -9 
626 616  -1 -5  0 -9 
626 620   1 -6  0 -9 
626 621  -1 -5  0 -9 
626 625   1 -3  0 -9 
627 616   1 -2  0 -9 
627 620   1 -5  0 -9 
627 621  -1 -4  0 -9 
627 625   1 -2  0 -9 
627 626  -1 -1  0 -9 
627 627   1  0  0 -9 
628 616   1 -1  0 -9 
628 620   1 -4  0 -9 
628 621  -1 -3  0 -9 
628 622  -1 -3  0 -9 
628 623   1 -2  0 -9 
628 624   1  1  0 -9 
628 626  -1  0  0 -9 
628 627   1  1  0 -9 
628 628  -1  2  0 -9 
629 629  -1 -6  0 -9 
630 390  -1 -4  0 -9 
630 587  -1 -4  0 -9 
630 618  -1 -4  0 -9 
630 629  -1 -4  0 -9 
630 631   1 -3  0 -9 
631 390  -1 -5  0 -9 
631 586   1 -6  0 -9 
631 587  -1 -5  0 -9 
631 618  -1 -5  0 -9 
631 629  -1 -5  0 -9 
631 630   1 -3  0 -9 
632 390   1 -2  0 -9 
632 586   1 -5  0 -9 
632 587  -1 -4  0 -9 
632 618   1 -2  0 -9 
632 629   1 -2  0 -9 
632 630   1 -2  0 -9 
632 631  -1 -1  0 -9 
632 632   1  0  0 -9 
633 390   1 -1  0 -9 
633 586   1 -4  0 -9 
633 587  -1 -3  0 -9 
633 588  -1 -3  0 -9 
633 589   1 -2  0 -9 
633 590   1  1  0 -9 
633 618   1 -1  0 -9 
633 629   1 -1  0 -9 
633 631  -1  0  0 -9 
633 632   1  1  0 -9 
633 633  -1  2  0 -9 
634 390   1 -3  0 -9 
634 595   1 -5  0 -9 
634 599  -1 -4  0 -9 
634 600   1 -2  0 -9 
634 601  -1 -1  0 -9 
634 629   1 -3  0 -9 
634 634   1  0  0 -9 
635 629  -1 -5  0 -9 
635 636   1 -3  0 -9 
636 629  -1 -4  0 -9 
636 635   1 -3  0 -9 
637 635   1 -2  0 -9 
637 636  -1 -1  0 -9 
637 637   1  0  0 -9 
638 390   1 -2  0 -9 
638 396   1 -4  0 -9 
638 397  -1 -3  0 -9 
638 402  -1  0  0 -9 
638 403   1  1  0 -9 
638 595   1 -4  0 -9 
638 599  -1 -3  0 -9 
638 601  -1  0  0 -9 
638 604  -1 -3  0 -9 
638 607   1 -2  0 -9 
638 608   1  1  0 -9 
638 629   1 -2  0 -9 
638 634   1  1  0 -9 
638 636  -1  0  0 -9 
638 637   1  1  0 -9 
638 638  -1  2  0 -9 
639 639   1 -8  0 -9 
640 620   1 -5  0 -9 
640 621  -1 -4  0 -9 
640 622  -1 -4  0 -9 
640 639  -1 -4  0 -9 
640 641   1 -3  0 -9 
641 620   1 -6  0 -9 
641 621  -1 -5  0 -9 
641 622  -1 -5  0 -9 
641 639   1 -7  0 -9 
641 640   1 -3  0 -9 
642 620   1 -4  0 -9 
642 621  -1 -3  0 -9 
642 622  -1 -3  0 -9 
642 623   1 -2  0 -9 
642 624  -1 -1  0 -9 
642 639  -1 -3  0 -9 
642 640  -1 -1  0 -9 
642 641   1 -2  0 -9 
642 642   1  0  0 -9 
643 639   1 -7  0 -9 
643 643  -1 -6  0 -9 
644 643  -1 -4  0 -9 
644 645   1 -3  0 -9 
645 639   1 -6  0 -9 
645 643  -1 -5  0 -9 
645 644   1 -3  0 -9 
646 620   1 -4  1 -6  0 -9 
646 621  -1 -1 -1 -3 -1 -5  0 -9 
646 622  -1 -3  0 -9 
646 623   1 -2  0 -9 
646 624  -1 -1  0 -9 
646 639  -1 -3  0 -9 
646 640  -1 -1  0 -9 
646 641   1 -2  0 -9 
646 643   1 -2  0 -9 
646 644   1 -2  0 -9 
646 645  -1 -1  0 -9 
646 646   1  0  0 -9 
647 620   1 -3  0 -9 
647 621  -1  0 -1 -2  0 -9 
647 622  -1 -2  0 -9 
647 623   1 -1  0 -9 
647 624  -1  0  0 -9 
647 639  -1 -2  0 -9 
647 640  -1  0  0 -9 
647 641   1 -1  0 -9 
647 642   1  1  0 -9 
647 643   1 -1  0 -9 
647 645  -1  0  0 -9 
647 646   1  1  0 -9 
647 647  -1  2  0 -9 
648 648  -1 -6  0 -9 
649 648  -1 -4  0 -9 
649 650   1 -3  0 -9 
650 648  -1 -5  0 -9 
650 649   1 -3  0 -9 
651 648   1 -2  0 -9 
651 649   1 -2  0 -9 
651 650  -1 -1  0 -9 
651 651   1  0  0 -9 
652 648   1 -1  0 -9 
652 650  -1  0  0 -9 
652 651   1  1  0 -9 
652 652  -1  2  0 -9 
653 616   1 -3  0 -9 
653 639   1 -5  0 -9 
653 643  -1 -4  0 -9 
653 644   1 -2  0 -9 
653 645  -1 -1  0 -9 
653 648   1 -3  0 -9 
653 653   1  0  0 -9 
654 629  -1 -4  0 -9 
654 655   1 -3  0 -9 
655 629  -1 -5  0 -9 
655 654   1 -3  0 -9 
656 629  -1 -3  0 -9 
656 635   1 -2  0 -9 
656 636  -1 -1  0 -9 
656 654  -1 -1  0 -9 
656 655   1 -2  0 -9 
656 656   1  0  0 -9 
657 635   1 -1  0 -9 
657 636  -1  0  0 -9 
657 637   1  1  0 -9 
657 654  -1  0  0 -9 
657 656   1  1  0 -9 
657 657  -1  2  0 -9 
658 629   1 -2  0 -9 
658 654   1 -2  0 -9 
658 655  -1 -1  0 -9 
658 658   1  0  0 -9 
659 629   1 -1  0 -9 
659 655  -1  0  0 -9 
659 658   1  1  0 -9 
659 659  -1  2  0 -9 
9999 9999
