 0  0  -1  2  0 -9 
 0 29   1  1  0 -9 
 0 38  -1  0  0 -9 
 1  1  -1  2  0 -9 
 1  8  -1  0  0 -9 
 1 12   1  1  0 -9 
 1 30   1  1  0 -9 
 1 42  -1  0  0 -9 
 1 47   1 -1  0 -9 
 2  2  -1  2  0 -9 
 2 31   1  1  0 -9 
 2 53  -1  0  0 -9 
 3  3  -1  2  0 -9 
 3 17  -1  0  0 -9 
 3 18  -1  0  0 -9 
 3 20   1  1  0 -9 
 3 25   1 -1  0 -9 
 3 32   1  1  0 -9 
 3 56  -1  0  0 -9 
 3 61   1 -1  0 -9 
 3 65  -1 -2  0 -9 
 4  4  -1  2  0 -9 
 4 19  -1  0  0 -9 
 4 21   1  1  0 -9 
 4 26   1 -1  0 -9 
 4 33   1  1  0 -9 
 4 57  -1  0  0 -9 
 4 62   1 -1  0 -9 
 4 66  -1 -2  0 -9 
 5  5  -1  2  0 -9 
 5  9  -1  0  0 -9 
 5 13   1  1  0 -9 
 5 39   1  1  0 -9 
 5 43  -1  0  0 -9 
 5 48   1 -1  0 -9 
 5 54  -1  0  0 -9 
 5 71   1 -1  0 -9 
 5 75  -1 -2  0 -9 
 6  6  -1  2  0 -9 
 6 10  -1  0  0 -9 
 6 14   1  1  0 -9 
 6 38  -1  0  0 -9 
 6 40   1  1  0 -9 
 6 44  -1  0  0 -9 
 6 49   1 -1  0 -9 
 6 55  -1  0  0 -9 
 6 72   1 -1  0 -9 
 6 76  -1 -2  0 -9 
 7  7  -1  2  0 -9 
 7 11  -1  0  0 -9 
 7 18  -1  0  0 -9 
 7 23   1  1  0 -9 
 7 25   1 -1  0 -9 
 7 27  -1  0 -1 -2  0 -9 
 7 41   1  1  0 -9 
 7 59  -1  0  0 -9 
 7 65  -1 -2  0 -9 
 7 67   1 -1  0 -9 
 7 73   1 -1  0 -9 
 7 77  -1 -2  0 -9 
 7 81   1 -3  0 -9 
 8 38   1 -3  0 -9 
 9 25  -1 -4  0 -9 
 9 65   1 -5  0 -9 
 9 71   1 -3  0 -9 
 9 75  -1 -4  0 -9 
10 26  -1 -4  0 -9 
10 66   1 -5  0 -9 
10 72   1 -3  0 -9 
10 76  -1 -4  0 -9 
11 27  -1 -4  0 -9 
11 73   1 -3  0 -9 
11 77  -1 -4  0 -9 
11 81   1 -5  0 -9 
12  8  -1 -1  0 -9 
12 12   1  0  0 -9 
12 38   1 -2  0 -9 
12 42  -1 -1  0 -9 
12 47   1 -2  0 -9 
13  9  -1 -1  0 -9 
13 13   1  0  0 -9 
13 43  -1 -1  0 -9 
13 48   1 -2  0 -9 
13 71   1 -2  0 -9 
13 75  -1 -3  0 -9 
14 10  -1 -1  0 -9 
14 14   1  0  0 -9 
14 44  -1 -1  0 -9 
14 49   1 -2  0 -9 
14 72   1 -2  0 -9 
14 76  -1 -3  0 -9 
15  9   1  1  0 -9 
15 10  -1  0  0 -9 
15 14   1  1  0 -9 
15 15  -1  2  0 -9 
15 18  -1  0  0 -9 
15 22   1  1  0 -9 
15 25  -1 -3  0 -9 
15 26   1 -2  0 -9 
15 44  -1  0  0 -9 
15 45   1  1  0 -9 
15 49   1 -1  0 -9 
15 50  -1  0  0 -9 
15 58  -1  0  0 -9 
15 63   1 -1  0 -9 
15 65   1 -4  0 -9 
15 66  -1 -3  0 -9 
15 71   1 -2  0 -9 
15 75  -1 -3  0 -9 
16 11   1  1  0 -9 
16 16  -1  2  0 -9 
16 24   1  1  0 -9 
16 27  -1 -3  0 -9 
16 28  -1  0  0 -9 
16 46   1  1  0 -9 
16 51  -1  0  0 -9 
16 60  -1  0  0 -9 
16 68   1 -1  0 -9 
16 73   1 -2  0 -9 
16 77  -1 -3  0 -9 
16 81   1 -4  0 -9 
17 53   1 -3  0 -9 
18 25  -1 -5  0 -9 
18 54   1 -3  0 -9 
18 65   1 -6  0 -9 
19 26  -1 -5  0 -9 
19 55   1 -3  0 -9 
19 66   1 -6  0 -9 
20 17  -1 -1  0 -9 
20 18  -1 -1  0 -9 
20 20   1  0  0 -9 
20 25   1 -2  0 -9 
20 53   1 -2  0 -9 
20 54   1 -2  0 -9 
20 56  -1 -1  0 -9 
20 61   1 -2  0 -9 
20 65  -1 -3  0 -9 
21 19  -1 -1  0 -9 
21 21   1  0  0 -9 
21 26   1 -2  0 -9 
21 55   1 -2  0 -9 
21 57  -1 -1  0 -9 
21 62   1 -2  0 -9 
21 66  -1 -3  0 -9 
22 18  -1 -1  0 -9 
22 22   1  0  0 -9 
22 25  -1 -4  0 -9 
22 26   1 -3  0 -9 
22 54   1 -2  0 -9 
22 58  -1 -1  0 -9 
22 63   1 -2  0 -9 
22 65   1 -5  0 -9 
22 66  -1 -4  0 -9 
23 11  -1 -1  0 -9 
23 18  -1 -1  0 -9 
23 23   1  0  0 -9 
23 25   1 -2  0 -9 
23 27  -1 -1 -1 -3 -1 -5  0 -9 
23 54   1 -2  0 -9 
23 59  -1 -1  0 -9 
23 65  -1 -3  0 -9 
23 67   1 -2  0 -9 
23 73   1 -2  0 -9 
23 77  -1 -3  0 -9 
23 81   1 -4  1 -6  0 -9 
24 24   1  0  0 -9 
24 27  -1 -4  0 -9 
24 28  -1 -1  0 -9 
24 60  -1 -1  0 -9 
24 68   1 -2  0 -9 
24 74   1 -2  0 -9 
24 78  -1 -3  0 -9 
24 81   1 -5  0 -9 
25 25  -1 -6  0 -9 
25 65   1 -7  0 -9 
26 26  -1 -6  0 -9 
26 66   1 -7  0 -9 
27 27  -1 -6  0 -9 
27 81   1 -7  0 -9 
28 27  -1 -5  0 -9 
28 74   1 -3  0 -9 
28 78  -1 -4  0 -9 
28 81   1 -6  0 -9 
29  8   1 -2  0 -9 
29 29   1  0  0 -9 
29 38  -1 -1  0 -9 
30 30   1  0  0 -9 
30 42  -1 -1  0 -9 
30 47   1 -2  0 -9 
31 17   1 -2  0 -9 
31 31   1  0  0 -9 
31 53  -1 -1  0 -9 
32 32   1  0  0 -9 
32 56  -1 -1  0 -9 
32 61   1 -2  0 -9 
32 65  -1 -3  0 -9 
33 33   1  0  0 -9 
33 57  -1 -1  0 -9 
33 62   1 -2  0 -9 
33 66  -1 -3  0 -9 
34 32   1  1  0 -9 
34 34  -1  2  0 -9 
34 43   1  1  0 -9 
34 48   1 -2  0 -9 
34 56  -1  0  0 -9 
34 75  -1 -3  0 -9 
35 30   1  1  0 -9 
35 33   1  1  0 -9 
35 35  -1  2  0 -9 
35 42  -1  0  0 -9 
35 44   1  1  0 -9 
35 49   1 -2  0 -9 
35 57  -1  0  0 -9 
35 76  -1 -3  0 -9 
36 36  -1  2  0 -9 
36 44  -1  0  0 -9 
36 45   1  1  0 -9 
36 49   1 -1  0 -9 
36 50  -1  0  0 -9 
36 52   1  1  0 -9 
36 58  -1  0  0 -9 
36 76  -1 -2  0 -9 
36 79   1 -1  0 -9 
37 33   1  1  0 -9 
37 37  -1  2  0 -9 
37 46   1  1  0 -9 
37 51  -1  0  0 -9 
37 57  -1  0  0 -9 
37 60  -1  0  0 -9 
37 62   1 -1  0 -9 
37 63  -1  0  0 -9 
37 64   1  1  0 -9 
37 66  -1 -2  0 -9 
37 68   1 -1  0 -9 
37 69   1 -1  0 -9 
37 70  -1  0 -1 -2  0 -9 
37 78  -1 -2  0 -9 
37 80   1 -1  0 -9 
37 82   1 -3  0 -9 
38  8   1 -3  0 -9 
39  9  -1 -1  0 -9 
39 18   1 -2  0 -9 
39 25  -1 -3  0 -9 
39 39   1  0  0 -9 
39 43  -1 -1  0 -9 
39 48   1 -2  0 -9 
39 54  -1 -1  0 -9 
39 71   1 -2  0 -9 
39 75  -1 -3  0 -9 
40  8   1 -2  0 -9 
40 10  -1 -1  0 -9 
40 19   1 -2  0 -9 
40 26  -1 -3  0 -9 
40 38  -1 -1  0 -9 
40 40   1  0  0 -9 
40 44  -1 -1  0 -9 
40 49   1 -2  0 -9 
40 55  -1 -1  0 -9 
40 72   1 -2  0 -9 
40 76  -1 -3  0 -9 
41 11  -1 -1  0 -9 
41 27  -1 -3  0 -9 
41 41   1  0  0 -9 
41 59  -1 -1  0 -9 
41 65  -1 -3  0 -9 
41 67   1 -2  0 -9 
41 73   1 -2  0 -9 
41 77  -1 -3  0 -9 
41 81   1 -4  0 -9 
42 47   1 -3  0 -9 
43 48   1 -3  0 -9 
43 75  -1 -4  0 -9 
44 49   1 -3  0 -9 
44 76  -1 -4  0 -9 
45 44  -1 -1  0 -9 
45 45   1  0  0 -9 
45 49   1 -2  0 -9 
45 50  -1 -1  0 -9 
45 58  -1 -1  0 -9 
45 63   1 -2  0 -9 
45 69  -1 -3  0 -9 
45 76  -1 -3  0 -9 
45 79   1 -2  0 -9 
46 46   1  0  0 -9 
46 51  -1 -1  0 -9 
46 60  -1 -1  0 -9 
46 68   1 -2  0 -9 
46 70  -1 -3  0 -9 
46 78  -1 -3  0 -9 
46 80   1 -2  0 -9 
46 82   1 -4  0 -9 
47 42   1 -3  0 -9 
48 43   1 -3  0 -9 
48 65   1 -6  0 -9 
48 75  -1 -5  0 -9 
49 44   1 -3  0 -9 
49 66   1 -6  0 -9 
49 76  -1 -5  0 -9 
50 66   1 -5  0 -9 
50 69  -1 -4  0 -9 
50 76  -1 -4  0 -9 
50 79   1 -3  0 -9 
51 70  -1 -4  0 -9 
51 78  -1 -4  0 -9 
51 80   1 -3  0 -9 
51 82   1 -5  0 -9 
52 44  -1 -1  0 -9 
52 49   1 -2  0 -9 
52 50  -1 -1  0 -9 
52 52   1  0  0 -9 
52 76  -1 -3  0 -9 
52 79   1 -2  0 -9 
53 17   1 -3  0 -9 
54 18   1 -3  0 -9 
54 25  -1 -4  0 -9 
55 19   1 -3  0 -9 
55 26  -1 -4  0 -9 
56 61   1 -3  0 -9 
56 65  -1 -4  0 -9 
57 62   1 -3  0 -9 
57 66  -1 -4  0 -9 
58 63   1 -3  0 -9 
58 69  -1 -4  0 -9 
59 27  -1 -4  0 -9 
59 65  -1 -4  0 -9 
59 67   1 -3  0 -9 
59 77  -1 -4  0 -9 
59 81   1 -5  0 -9 
60 68   1 -3  0 -9 
60 70  -1 -4  0 -9 
60 78  -1 -4  0 -9 
60 82   1 -5  0 -9 
61 56   1 -3  0 -9 
61 65   1 -7  0 -9 
62 57   1 -3  0 -9 
62 66   1 -7  0 -9 
63 58   1 -3  0 -9 
63 66   1 -6  0 -9 
63 69  -1 -5  0 -9 
64 51  -1 -1  0 -9 
64 57  -1 -1  0 -9 
64 58   1 -2  0 -9 
64 60  -1 -1  0 -9 
64 62   1 -2  0 -9 
64 63  -1 -1  0 -9 
64 64   1  0  0 -9 
64 66  -1 -3  0 -9 
64 68   1 -2  0 -9 
64 69   1 -2  0 -9 
64 70  -1 -1 -1 -3 -1 -5  0 -9 
64 78  -1 -3  0 -9 
64 80   1 -2  0 -9 
64 82   1 -4  1 -6  0 -9 
65 65   1 -8  0 -9 
66 66   1 -8  0 -9 
67 27  -1 -5  0 -9 
67 59   1 -3  0 -9 
67 65   1 -7  0 -9 
67 77  -1 -5  0 -9 
67 81   1 -6  0 -9 
68 60   1 -3  0 -9 
68 70  -1 -5  0 -9 
68 78  -1 -5  0 -9 
68 82   1 -6  0 -9 
69 66   1 -7  0 -9 
69 69  -1 -6  0 -9 
70 70  -1 -6  0 -9 
70 82   1 -7  0 -9 
71  9   1 -3  0 -9 
71 25  -1 -5  0 -9 
71 65   1 -6  0 -9 
71 75  -1 -5  0 -9 
72 10   1 -3  0 -9 
72 26  -1 -5  0 -9 
72 66   1 -6  0 -9 
72 76  -1 -5  0 -9 
73 11   1 -3  0 -9 
73 27  -1 -5  0 -9 
73 77  -1 -5  0 -9 
73 81   1 -6  0 -9 
74 27  -1 -4  0 -9 
74 28   1 -3  0 -9 
74 78  -1 -5  0 -9 
74 82   1 -6  0 -9 
75 65   1 -7  0 -9 
75 75  -1 -6  0 -9 
76 66   1 -7  0 -9 
76 76  -1 -6  0 -9 
77 77  -1 -6  0 -9 
77 81   1 -7  0 -9 
78 78  -1 -6  0 -9 
78 82   1 -7  0 -9 
79 50   1 -3  0 -9 
79 66   1 -6  0 -9 
79 69  -1 -5  0 -9 
79 76  -1 -5  0 -9 
80 51   1 -3  0 -9 
80 70  -1 -5  0 -9 
80 78  -1 -5  0 -9 
80 82   1 -6  0 -9 
81 81   1 -8  0 -9 
82 82   1 -8  0 -9 
83  8  -1 -1  0 -9 
83 38   1 -2  0 -9 
83 83   1  0  0 -9 
84  9  -1 -1  0 -9 
84 25  -1 -3  0 -9 
84 65   1 -4  0 -9 
84 71   1 -2  0 -9 
84 75  -1 -3  0 -9 
84 84   1  0  0 -9 
84 92  -1 -1  0 -9 
84 96   1 -2  0 -9 
85 10  -1 -1  0 -9 
85 26  -1 -3  0 -9 
85 66   1 -4  0 -9 
85 72   1 -2  0 -9 
85 76  -1 -3  0 -9 
85 85   1  0  0 -9 
85 93  -1 -1  0 -9 
85 97   1 -2  0 -9 
86 11  -1 -1  0 -9 
86 27  -1 -3  0 -9 
86 73   1 -2  0 -9 
86 77  -1 -3  0 -9 
86 81   1 -4  0 -9 
86 86   1  0  0 -9 
86 94  -1 -1  0 -9 
86 98   1 -2  0 -9 
86 102  -1 -3  0 -9 
87  8  -1  0  0 -9 
87 12   1  1  0 -9 
87 38   1 -1  0 -9 
87 42  -1  0  0 -9 
87 83   1  1  0 -9 
87 87  -1  2  0 -9 
88  9  -1  0  0 -9 
88 13   1  1  0 -9 
88 43  -1  0  0 -9 
88 71   1 -1  0 -9 
88 84   1  1  0 -9 
88 88  -1  2  0 -9 
88 92  -1  0  0 -9 
89 10  -1  0  0 -9 
89 14   1  1  0 -9 
89 44  -1  0  0 -9 
89 72   1 -1  0 -9 
89 85   1  1  0 -9 
89 89  -1  2  0 -9 
89 93  -1  0  0 -9 
90  9  -1  0  0 -9 
90 25  -1  0 -1 -2  0 -9 
90 26   1 -1  0 -9 
90 65   1 -3  0 -9 
90 66  -1 -2  0 -9 
90 69   1 -1  0 -9 
90 71   1 -1  0 -9 
90 75  -1 -2  0 -9 
90 76   1 -1  0 -9 
90 79  -1  0  0 -9 
90 84   1  1  0 -9 
90 90  -1  2  0 -9 
90 92  -1  0  0 -9 
90 96   1 -1  0 -9 
90 97  -1  0  0 -9 
90 100   1  1  0 -9 
91 11  -1  0  0 -9 
91 27  -1  0 -1 -2  0 -9 
91 70   1 -1  0 -9 
91 73   1 -1  0 -9 
91 77  -1 -2  0 -9 
91 78   1 -1  0 -9 
91 80  -1  0  0 -9 
91 81   1 -3  0 -9 
91 82  -1 -2  0 -9 
91 86   1  1  0 -9 
91 91  -1  2  0 -9 
91 94  -1  0  0 -9 
91 98   1 -1  0 -9 
91 99  -1  0  0 -9 
91 101   1  1  0 -9 
91 102  -1 -2  0 -9 
91 103   1 -1  0 -9 
92 25  -1 -4  0 -9 
92 65   1 -5  0 -9 
92 75  -1 -4  0 -9 
92 96   1 -3  0 -9 
93 26  -1 -4  0 -9 
93 66   1 -5  0 -9 
93 76  -1 -4  0 -9 
93 97   1 -3  0 -9 
94 27  -1 -4  0 -9 
94 77  -1 -4  0 -9 
94 81   1 -5  0 -9 
94 98   1 -3  0 -9 
94 102  -1 -4  0 -9 
95 78  -1 -4  0 -9 
95 82   1 -5  0 -9 
95 99   1 -3  0 -9 
95 103  -1 -4  0 -9 
96 25  -1 -5  0 -9 
96 65   1 -6  0 -9 
96 75  -1 -5  0 -9 
96 92   1 -3  0 -9 
97 26  -1 -5  0 -9 
97 66   1 -6  0 -9 
97 76  -1 -5  0 -9 
97 93   1 -3  0 -9 
98 27  -1 -5  0 -9 
98 77  -1 -5  0 -9 
98 81   1 -6  0 -9 
98 94   1 -3  0 -9 
98 102   1 -7  0 -9 
99 78  -1 -5  0 -9 
99 82   1 -6  0 -9 
99 95   1 -3  0 -9 
99 102   1 -6  0 -9 
99 103  -1 -5  0 -9 
100  9  -1 -1  0 -9 
100 25  -1 -1 -1 -3 -1 -5  0 -9 
100 26   1 -2  0 -9 
100 50   1 -2  0 -9 
100 65   1 -4  1 -6  0 -9 
100 66  -1 -3  0 -9 
100 69   1 -2  0 -9 
100 71   1 -2  0 -9 
100 75  -1 -3  0 -9 
100 76   1 -2 -1 -4  0 -9 
100 79  -1 -1  0 -9 
100 92  -1 -1  0 -9 
100 93   1 -2  0 -9 
100 96   1 -2  0 -9 
100 97  -1 -1  0 -9 
100 100   1  0  0 -9 
101 11  -1 -1  0 -9 
101 27  -1 -1 -1 -3 -1 -5  0 -9 
101 51   1 -2  0 -9 
101 70   1 -2  0 -9 
101 73   1 -2  0 -9 
101 77  -1 -3  0 -9 
101 78   1 -2 -1 -4  0 -9 
101 80  -1 -1  0 -9 
101 81   1 -4  1 -6  0 -9 
101 82  -1 -3  0 -9 
101 94  -1 -1  0 -9 
101 95   1 -2  0 -9 
101 98   1 -2  0 -9 
101 99  -1 -1  0 -9 
101 101   1  0  0 -9 
101 102  -1 -3  0 -9 
101 103   1 -2  0 -9 
102 102   1 -8  0 -9 
103 82   1 -7  0 -9 
103 102   1 -7  0 -9 
103 103  -1 -6  0 -9 
104  8  -1  0  0 -9 
104 83   1  1  0 -9 
104 104  -1  2  0 -9 
105  9  -1  0  0 -9 
105 84   1  1  0 -9 
105 92  -1  0  0 -9 
105 96   1 -1  0 -9 
105 105  -1  2  0 -9 
105 113   1  1  0 -9 
105 117  -1  0  0 -9 
106 10  -1  0  0 -9 
106 85   1  1  0 -9 
106 93  -1  0  0 -9 
106 97   1 -1  0 -9 
106 106  -1  2  0 -9 
106 114   1  1  0 -9 
106 118  -1  0  0 -9 
107 11  -1  0  0 -9 
107 86   1  1  0 -9 
107 94  -1  0  0 -9 
107 98   1 -1  0 -9 
107 102  -1 -2  0 -9 
107 107  -1  2  0 -9 
107 115   1  1  0 -9 
107 119  -1  0  0 -9 
107 123   1 -1  0 -9 
108 47  -1  0  0 -9 
108 108  -1  2  0 -9 
108 125   1  1  0 -9 
109 48  -1  0  0 -9 
109 75   1 -1  0 -9 
109 109  -1  2  0 -9 
109 126   1  1  0 -9 
109 131  -1  0  0 -9 
110 49  -1  0  0 -9 
110 76   1 -1  0 -9 
110 110  -1  2  0 -9 
110 127   1  1  0 -9 
110 132  -1  0  0 -9 
111 50  -1  0  0 -9 
111 111  -1  2  0 -9 
111 118  -1  0  0 -9 
111 121   1  1  0 -9 
111 128   1  1  0 -9 
111 135  -1  0  0 -9 
111 137   1 -1  0 -9 
112 51  -1  0  0 -9 
112 112  -1  2  0 -9 
112 120  -1  0  0 -9 
112 122   1  1  0 -9 
112 124   1 -1  0 -9 
112 129   1  1  0 -9 
112 136  -1  0  0 -9 
112 138   1 -1  0 -9 
112 139  -1 -2  0 -9 
113 75  -1 -3  0 -9 
113 92  -1 -1  0 -9 
113 96   1 -2  0 -9 
113 113   1  0  0 -9 
113 117  -1 -1  0 -9 
113 131   1 -2  0 -9 
114 76  -1 -3  0 -9 
114 93  -1 -1  0 -9 
114 97   1 -2  0 -9 
114 114   1  0  0 -9 
114 118  -1 -1  0 -9 
114 132   1 -2  0 -9 
115 77  -1 -3  0 -9 
115 94  -1 -1  0 -9 
115 98   1 -2  0 -9 
115 102  -1 -3  0 -9 
115 115   1  0  0 -9 
115 119  -1 -1  0 -9 
115 123   1 -2  0 -9 
115 133   1 -2  0 -9 
116 78  -1 -3  0 -9 
116 95  -1 -1  0 -9 
116 99   1 -2  0 -9 
116 102  -1 -4  0 -9 
116 116   1  0  0 -9 
116 120  -1 -1  0 -9 
116 123   1 -3  0 -9 
116 124  -1 -4  0 -9 
116 134   1 -2  0 -9 
116 139   1 -5  0 -9 
117 75  -1 -4  0 -9 
117 131   1 -3  0 -9 
118 76  -1 -4  0 -9 
118 132   1 -3  0 -9 
119 77  -1 -4  0 -9 
119 102   1 -6  0 -9 
119 123  -1 -5  0 -9 
119 133   1 -3  0 -9 
120 78  -1 -4  0 -9 
120 124  -1 -5  0 -9 
120 134   1 -3  0 -9 
120 139   1 -6  0 -9 
121 76  -1 -3  0 -9 
121 118  -1 -1  0 -9 
121 121   1  0  0 -9 
121 132   1 -2  0 -9 
121 135  -1 -1  0 -9 
121 137   1 -2  0 -9 
122 78  -1 -3  0 -9 
122 120  -1 -1  0 -9 
122 122   1  0  0 -9 
122 124   1 -2  0 -9 
122 134   1 -2  0 -9 
122 136  -1 -1  0 -9 
122 138   1 -2  0 -9 
122 139  -1 -3  0 -9 
123 102   1 -7  0 -9 
123 123  -1 -6  0 -9 
124 124  -1 -6  0 -9 
124 139   1 -7  0 -9 
125 42   1 -2  0 -9 
125 47  -1 -1  0 -9 
125 125   1  0  0 -9 
126 43   1 -2  0 -9 
126 48  -1 -1  0 -9 
126 65   1 -5  0 -9 
126 75   1 -2 -1 -4  0 -9 
126 117   1 -2  0 -9 
126 126   1  0  0 -9 
126 131  -1 -1  0 -9 
127 44   1 -2  0 -9 
127 49  -1 -1  0 -9 
127 66   1 -5  0 -9 
127 76   1 -2 -1 -4  0 -9 
127 118   1 -2  0 -9 
127 127   1  0  0 -9 
127 132  -1 -1  0 -9 
128 50  -1 -1  0 -9 
128 66   1 -4  0 -9 
128 69  -1 -3  0 -9 
128 76  -1 -3  0 -9 
128 79   1 -2  0 -9 
128 128   1  0  0 -9 
128 135  -1 -1  0 -9 
128 137   1 -2  0 -9 
129 51  -1 -1  0 -9 
129 70  -1 -3  0 -9 
129 78  -1 -3  0 -9 
129 80   1 -2  0 -9 
129 82   1 -4  0 -9 
129 129   1  0  0 -9 
129 136  -1 -1  0 -9 
129 138   1 -2  0 -9 
129 139  -1 -3  0 -9 
130 44  -1  0  0 -9 
130 50  -1  0  0 -9 
130 52   1  1  0 -9 
130 79   1 -1  0 -9 
130 128   1  1  0 -9 
130 130  -1  2  0 -9 
130 135  -1  0  0 -9 
131 65   1 -6  0 -9 
131 75  -1 -5  0 -9 
131 117   1 -3  0 -9 
132 66   1 -6  0 -9 
132 76  -1 -5  0 -9 
132 118   1 -3  0 -9 
133 77  -1 -5  0 -9 
133 81   1 -6  0 -9 
133 119   1 -3  0 -9 
133 123  -1 -4  0 -9 
134 78  -1 -5  0 -9 
134 82   1 -6  0 -9 
134 120   1 -3  0 -9 
134 124  -1 -4  0 -9 
135 66   1 -5  0 -9 
135 69  -1 -4  0 -9 
135 76  -1 -4  0 -9 
135 137   1 -3  0 -9 
136 70  -1 -4  0 -9 
136 78  -1 -4  0 -9 
136 82   1 -5  0 -9 
136 138   1 -3  0 -9 
136 139  -1 -4  0 -9 
137 66   1 -6  0 -9 
137 69  -1 -5  0 -9 
137 76  -1 -5  0 -9 
137 135   1 -3  0 -9 
138 70  -1 -5  0 -9 
138 78  -1 -5  0 -9 
138 82   1 -6  0 -9 
138 136   1 -3  0 -9 
138 139   1 -7  0 -9 
139 139   1 -8  0 -9 
140 17  -1 -1  0 -9 
140 53   1 -2  0 -9 
140 140   1  0  0 -9 
141 18  -1 -1  0 -9 
141 25   1 -2 -1 -4  0 -9 
141 54   1 -2  0 -9 
141 65   1 -5  0 -9 
141 141   1  0  0 -9 
141 148  -1 -1  0 -9 
141 152   1 -2  0 -9 
142 19  -1 -1  0 -9 
142 26   1 -2 -1 -4  0 -9 
142 55   1 -2  0 -9 
142 66   1 -5  0 -9 
142 142   1  0  0 -9 
142 149  -1 -1  0 -9 
142 153   1 -2  0 -9 
143 17  -1  0  0 -9 
143 18  -1  0  0 -9 
143 20   1  1  0 -9 
143 25   1 -1  0 -9 
143 53   1 -1  0 -9 
143 54   1 -1  0 -9 
143 56  -1  0  0 -9 
143 140   1  1  0 -9 
143 141   1  1  0 -9 
143 143  -1  2  0 -9 
143 148  -1  0  0 -9 
144 19  -1  0  0 -9 
144 21   1  1  0 -9 
144 26   1 -1  0 -9 
144 55   1 -1  0 -9 
144 57  -1  0  0 -9 
144 142   1  1  0 -9 
144 144  -1  2  0 -9 
144 149  -1  0  0 -9 
145 18  -1  0  0 -9 
145 22   1  1  0 -9 
145 25  -1 -3  0 -9 
145 26   1 -2  0 -9 
145 54   1 -1  0 -9 
145 58  -1  0  0 -9 
145 65   1 -4  0 -9 
145 66  -1 -3  0 -9 
145 69   1 -2  0 -9 
145 141   1  1  0 -9 
145 145  -1  2  0 -9 
145 148  -1  0  0 -9 
145 152   1 -1  0 -9 
145 153  -1  0  0 -9 
145 156   1  1  0 -9 
146 11  -1  0  0 -9 
146 18  -1  0  0 -9 
146 23   1  1  0 -9 
146 25   1 -1  0 -9 
146 27  -1  0 -1 -4  0 -9 
146 54   1 -1  0 -9 
146 59  -1  0  0 -9 
146 73   1 -1  0 -9 
146 81   1 -5  0 -9 
146 86   1  1  0 -9 
146 94  -1  0  0 -9 
146 141   1  1  0 -9 
146 146  -1  2  0 -9 
146 148  -1  0  0 -9 
146 150   1  1  0 -9 
146 154   1 -2  0 -9 
146 158  -1 -3  0 -9 
147 24   1  1  0 -9 
147 27  -1 -3  0 -9 
147 28  -1  0  0 -9 
147 60  -1  0  0 -9 
147 70   1 -2  0 -9 
147 74   1 -1  0 -9 
147 81   1 -4  0 -9 
147 82  -1 -3  0 -9 
147 95  -1  0  0 -9 
147 147  -1  2  0 -9 
147 150  -1  0  0 -9 
147 151   1  1  0 -9 
147 154   1 -1  0 -9 
147 155  -1  0  0 -9 
147 157   1  1  0 -9 
147 158  -1 -2  0 -9 
147 159   1 -1  0 -9 
148 25  -1 -5  0 -9 
148 65   1 -6  0 -9 
148 152   1 -3  0 -9 
149 26  -1 -5  0 -9 
149 66   1 -6  0 -9 
149 153   1 -3  0 -9 
150 27  -1 -5  0 -9 
150 81   1 -6  0 -9 
150 154   1 -3  0 -9 
150 158  -1 -4  0 -9 
151 27   1 -2 -1 -4  0 -9 
151 28  -1 -1  0 -9 
151 74   1 -2  0 -9 
151 78  -1 -3  0 -9 
151 81   1 -5  0 -9 
151 95  -1 -1  0 -9 
151 99   1 -2  0 -9 
151 103  -1 -3  0 -9 
151 150  -1 -1  0 -9 
151 151   1  0  0 -9 
151 154   1 -2  0 -9 
151 155  -1 -1  0 -9 
151 158  -1 -3  0 -9 
151 159   1 -2  0 -9 
152 25  -1 -4  0 -9 
152 148   1 -3  0 -9 
153 26  -1 -4  0 -9 
153 149   1 -3  0 -9 
154 27  -1 -4  0 -9 
154 102   1 -6  0 -9 
154 150   1 -3  0 -9 
154 158  -1 -5  0 -9 
155 102   1 -5  0 -9 
155 103  -1 -4  0 -9 
155 158  -1 -4  0 -9 
155 159   1 -3  0 -9 
156 25  -1 -4  0 -9 
156 65   1 -5  0 -9 
156 66  -1 -4  0 -9 
156 69   1 -3  0 -9 
156 148  -1 -1  0 -9 
156 149   1 -2  0 -9 
156 152   1 -2  0 -9 
156 153  -1 -1  0 -9 
156 156   1  0  0 -9 
157 27  -1 -4  0 -9 
157 70   1 -3  0 -9 
157 81   1 -5  0 -9 
157 82  -1 -4  0 -9 
157 150  -1 -1  0 -9 
157 154   1 -2  0 -9 
157 155  -1 -1  0 -9 
157 157   1  0  0 -9 
157 158  -1 -3  0 -9 
157 159   1 -2  0 -9 
158 102   1 -7  0 -9 
158 158  -1 -6  0 -9 
159 82   1 -6  0 -9 
159 102   1 -6  0 -9 
159 103  -1 -5  0 -9 
159 155   1 -3  0 -9 
159 158  -1 -5  0 -9 
160 17  -1  0  0 -9 
160 140   1  1  0 -9 
160 160  -1  2  0 -9 
161 18  -1  0  0 -9 
161 25   1 -1  0 -9 
161 141   1  1  0 -9 
161 148  -1  0  0 -9 
161 152   1 -1  0 -9 
161 161  -1  2  0 -9 
161 168   1  1  0 -9 
161 172  -1  0  0 -9 
162 19  -1  0  0 -9 
162 26   1 -1  0 -9 
162 142   1  1  0 -9 
162 149  -1  0  0 -9 
162 153   1 -1  0 -9 
162 162  -1  2  0 -9 
162 169   1  1  0 -9 
162 173  -1  0  0 -9 
163 61  -1  0  0 -9 
163 65   1 -1  0 -9 
163 163  -1  2  0 -9 
163 178   1  1  0 -9 
163 182  -1  0  0 -9 
164 62  -1  0  0 -9 
164 66   1 -1  0 -9 
164 164  -1  2  0 -9 
164 179   1  1  0 -9 
164 183  -1  0  0 -9 
165 63  -1  0  0 -9 
165 69   1 -1  0 -9 
165 165  -1  2  0 -9 
165 173  -1  0  0 -9 
165 176   1  1  0 -9 
165 180   1  1  0 -9 
165 186  -1  0  0 -9 
165 188   1 -1  0 -9 
166 27   1 -1  0 -9 
166 65   1 -1  0 -9 
166 67  -1  0  0 -9 
166 77   1 -1  0 -9 
166 81  -1 -2  0 -9 
166 133  -1  0  0 -9 
166 150  -1  0  0 -9 
166 154   1 -1  0 -9 
166 158  -1 -2  0 -9 
166 166  -1  2  0 -9 
166 170   1  1  0 -9 
166 174  -1  0  0 -9 
166 182  -1  0  0 -9 
166 184   1  1  0 -9 
166 190   1 -1  0 -9 
167 68  -1  0  0 -9 
167 70   1 -1  0 -9 
167 78   1 -1  0 -9 
167 82  -1 -2  0 -9 
167 134  -1  0  0 -9 
167 167  -1  2  0 -9 
167 175  -1  0  0 -9 
167 177   1  1  0 -9 
167 185   1  1  0 -9 
167 187  -1  0  0 -9 
167 189   1 -1  0 -9 
167 191   1 -1  0 -9 
167 192  -1 -2  0 -9 
168 25   1 -2  0 -9 
168 65  -1 -3  0 -9 
168 148  -1 -1  0 -9 
168 152   1 -2  0 -9 
168 168   1  0  0 -9 
168 172  -1 -1  0 -9 
168 182   1 -2  0 -9 
169 26   1 -2  0 -9 
169 66  -1 -3  0 -9 
169 149  -1 -1  0 -9 
169 153   1 -2  0 -9 
169 169   1  0  0 -9 
169 173  -1 -1  0 -9 
169 183   1 -2  0 -9 
170 27   1 -2  0 -9 
170 81  -1 -3  0 -9 
170 150  -1 -1  0 -9 
170 154   1 -2  0 -9 
170 158  -1 -3  0 -9 
170 170   1  0  0 -9 
170 174  -1 -1  0 -9 
170 190   1 -2  0 -9 
171 27   1 -1  0 -9 
171 28  -1  0  0 -9 
171 82  -1 -3  0 -9 
171 95  -1  0  0 -9 
171 99   1 -1  0 -9 
171 102  -1 -3  0 -9 
171 116   1  1  0 -9 
171 120  -1  0  0 -9 
171 123   1 -2  0 -9 
171 124  -1 -3  0 -9 
171 139   1 -4  0 -9 
171 150  -1  0  0 -9 
171 151   1  1  0 -9 
171 154   1 -1  0 -9 
171 155  -1  0  0 -9 
171 170   1  1  0 -9 
171 171  -1  2  0 -9 
171 174  -1  0  0 -9 
171 175   1  1  0 -9 
171 191   1 -2  0 -9 
171 192  -1 -3  0 -9 
172 65  -1 -4  0 -9 
172 182   1 -3  0 -9 
173 66  -1 -4  0 -9 
173 183   1 -3  0 -9 
174 81  -1 -4  0 -9 
174 102   1 -5  0 -9 
174 123  -1 -4  0 -9 
174 158  -1 -4  0 -9 
174 190   1 -3  0 -9 
175 82  -1 -4  0 -9 
175 124  -1 -4  0 -9 
175 139   1 -5  0 -9 
175 191   1 -3  0 -9 
175 192  -1 -4  0 -9 
176 66  -1 -3  0 -9 
176 69   1 -2  0 -9 
176 173  -1 -1  0 -9 
176 176   1  0  0 -9 
176 183   1 -2  0 -9 
176 186  -1 -1  0 -9 
176 188   1 -2  0 -9 
177 70   1 -2  0 -9 
177 82  -1 -3  0 -9 
177 175  -1 -1  0 -9 
177 177   1  0  0 -9 
177 187  -1 -1  0 -9 
177 189   1 -2  0 -9 
177 191   1 -2  0 -9 
177 192  -1 -3  0 -9 
178 56   1 -2  0 -9 
178 61  -1 -1  0 -9 
178 65   1 -2  1 -6  0 -9 
178 172   1 -2  0 -9 
178 178   1  0  0 -9 
178 182  -1 -1  0 -9 
179 57   1 -2  0 -9 
179 62  -1 -1  0 -9 
179 66   1 -2  1 -6  0 -9 
179 173   1 -2  0 -9 
179 179   1  0  0 -9 
179 183  -1 -1  0 -9 
180 58   1 -2  0 -9 
180 63  -1 -1  0 -9 
180 66   1 -5  0 -9 
180 69   1 -2 -1 -4  0 -9 
180 180   1  0  0 -9 
180 186  -1 -1  0 -9 
180 188   1 -2  0 -9 
181 51  -1  0  0 -9 
181 57  -1  0  0 -9 
181 58   1 -1  0 -9 
181 60  -1  0  0 -9 
181 63  -1  0  0 -9 
181 64   1  1  0 -9 
181 69   1 -1  0 -9 
181 70  -1  0 -1 -4  0 -9 
181 80   1 -1  0 -9 
181 82   1 -5  0 -9 
181 129   1  1  0 -9 
181 136  -1  0  0 -9 
181 180   1  1  0 -9 
181 181  -1  2  0 -9 
181 186  -1  0  0 -9 
181 187   1  1  0 -9 
181 189   1 -2  0 -9 
181 192  -1 -3  0 -9 
182 65   1 -7  0 -9 
182 172   1 -3  0 -9 
183 66   1 -7  0 -9 
183 173   1 -3  0 -9 
184 27   1 -2 -1 -4  0 -9 
184 59   1 -2  0 -9 
184 65   1 -2  1 -6  0 -9 
184 67  -1 -1  0 -9 
184 77   1 -2 -1 -4  0 -9 
184 81  -1 -3  1 -5  0 -9 
184 119   1 -2  0 -9 
184 123  -1 -3  0 -9 
184 133  -1 -1  0 -9 
184 150  -1 -1  0 -9 
184 154   1 -2  0 -9 
184 158  -1 -3  0 -9 
184 172   1 -2  0 -9 
184 174  -1 -1  0 -9 
184 182  -1 -1  0 -9 
184 184   1  0  0 -9 
184 190   1 -2  0 -9 
185 60   1 -2  0 -9 
185 68  -1 -1  0 -9 
185 70   1 -2 -1 -4  0 -9 
185 78   1 -2 -1 -4  0 -9 
185 82  -1 -3  1 -5  0 -9 
185 120   1 -2  0 -9 
185 124  -1 -3  0 -9 
185 134  -1 -1  0 -9 
185 175  -1 -1  0 -9 
185 185   1  0  0 -9 
185 187  -1 -1  0 -9 
185 189   1 -2  0 -9 
185 191   1 -2  0 -9 
185 192  -1 -3  0 -9 
186 66   1 -6  0 -9 
186 69  -1 -5  0 -9 
186 188   1 -3  0 -9 
187 70  -1 -5  0 -9 
187 82   1 -6  0 -9 
187 189   1 -3  0 -9 
187 192  -1 -4  0 -9 
188 69  -1 -4  0 -9 
188 186   1 -3  0 -9 
189 70  -1 -4  0 -9 
189 139   1 -6  0 -9 
189 187   1 -3  0 -9 
189 192  -1 -5  0 -9 
190 81   1 -7  0 -9 
190 102   1 -6  0 -9 
190 123  -1 -5  0 -9 
190 158  -1 -5  0 -9 
190 174   1 -3  0 -9 
191 82   1 -7  0 -9 
191 124  -1 -5  0 -9 
191 139   1 -6  0 -9 
191 175   1 -3  0 -9 
191 192  -1 -5  0 -9 
192 139   1 -7  0 -9 
192 192  -1 -6  0 -9 
193 25   1 -1  0 -9 
193 65  -1 -2  0 -9 
193 148  -1  0  0 -9 
193 168   1  1  0 -9 
193 172  -1  0  0 -9 
193 182   1 -1  0 -9 
193 193  -1  2  0 -9 
193 199   1  1  0 -9 
194 26   1 -1  0 -9 
194 66  -1 -2  0 -9 
194 149  -1  0  0 -9 
194 169   1  1  0 -9 
194 173  -1  0  0 -9 
194 183   1 -1  0 -9 
194 194  -1  2  0 -9 
194 200   1  1  0 -9 
195 27   1 -1  0 -9 
195 81  -1 -2  0 -9 
195 150  -1  0  0 -9 
195 170   1  1  0 -9 
195 174  -1  0  0 -9 
195 190   1 -1  0 -9 
195 195  -1  2  0 -9 
195 201   1  1  0 -9 
195 205  -1  0  0 -9 
196 82  -1 -2  0 -9 
196 102  -1 -2  0 -9 
196 103   1 -1  0 -9 
196 123   1 -1  0 -9 
196 124  -1  0 -1 -2  0 -9 
196 139   1 -3  0 -9 
196 158   1 -1  0 -9 
196 159  -1  0  0 -9 
196 175  -1  0  0 -9 
196 191   1 -1  0 -9 
196 192  -1 -2  0 -9 
196 196  -1  2  0 -9 
196 197  -1  0  0 -9 
196 198   1  1  0 -9 
196 202   1  1  0 -9 
196 206  -1  0  0 -9 
196 207   1 -1  0 -9 
197 102   1 -6  0 -9 
197 123  -1 -5  0 -9 
197 158  -1 -5  0 -9 
197 205   1 -3  0 -9 
198 82  -1 -3  0 -9 
198 102  -1 -3  0 -9 
198 103   1 -2  0 -9 
198 123   1 -2  0 -9 
198 124  -1 -1 -1 -3 -1 -5  0 -9 
198 139   1 -4  1 -6  0 -9 
198 155   1 -2  0 -9 
198 158   1 -2 -1 -4  0 -9 
198 159  -1 -1  0 -9 
198 175  -1 -1  0 -9 
198 191   1 -2  0 -9 
198 192  -1 -3  0 -9 
198 197  -1 -1  0 -9 
198 198   1  0  0 -9 
198 205   1 -2  0 -9 
198 206  -1 -1  0 -9 
198 207   1 -2  0 -9 
199 65  -1 -3  0 -9 
199 172  -1 -1  0 -9 
199 182   1 -2  0 -9 
199 199   1  0  0 -9 
200 66  -1 -3  0 -9 
200 173  -1 -1  0 -9 
200 183   1 -2  0 -9 
200 200   1  0  0 -9 
201 81  -1 -3  0 -9 
201 102   1 -4  0 -9 
201 123  -1 -3  0 -9 
201 158  -1 -3  0 -9 
201 174  -1 -1  0 -9 
201 190   1 -2  0 -9 
201 197   1 -2  0 -9 
201 201   1  0  0 -9 
201 205  -1 -1  0 -9 
202 82  -1 -3  0 -9 
202 124  -1 -3  0 -9 
202 139   1 -4  0 -9 
202 175  -1 -1  0 -9 
202 191   1 -2  0 -9 
202 192  -1 -3  0 -9 
202 202   1  0  0 -9 
202 206  -1 -1  0 -9 
202 207   1 -2  0 -9 
203 66  -1 -2  0 -9 
203 69   1 -1  0 -9 
203 173  -1  0  0 -9 
203 176   1  1  0 -9 
203 183   1 -1  0 -9 
203 186  -1  0  0 -9 
203 200   1  1  0 -9 
203 203  -1  2  0 -9 
204 70   1 -1  0 -9 
204 82  -1 -2  0 -9 
204 175  -1  0  0 -9 
204 177   1  1  0 -9 
204 187  -1  0  0 -9 
204 191   1 -1  0 -9 
204 202   1  1  0 -9 
204 204  -1  2  0 -9 
204 206  -1  0  0 -9 
205 102   1 -5  0 -9 
205 123  -1 -4  0 -9 
205 158  -1 -4  0 -9 
205 197   1 -3  0 -9 
206 124  -1 -4  0 -9 
206 139   1 -5  0 -9 
206 192  -1 -4  0 -9 
206 207   1 -3  0 -9 
207 124  -1 -5  0 -9 
207 139   1 -6  0 -9 
207 192  -1 -5  0 -9 
207 206   1 -3  0 -9 
208 75  -1 -2  0 -9 
208 92  -1  0  0 -9 
208 96   1 -1  0 -9 
208 113   1  1  0 -9 
208 117  -1  0  0 -9 
208 131   1 -1  0 -9 
208 152  -1  0  0 -9 
208 208  -1  2  0 -9 
208 214   1  1  0 -9 
209 76  -1 -2  0 -9 
209 93  -1  0  0 -9 
209 97   1 -1  0 -9 
209 114   1  1  0 -9 
209 118  -1  0  0 -9 
209 132   1 -1  0 -9 
209 153  -1  0  0 -9 
209 209  -1  2  0 -9 
209 215   1  1  0 -9 
210 77  -1 -2  0 -9 
210 94  -1  0  0 -9 
210 98   1 -1  0 -9 
210 102  -1 -2  0 -9 
210 115   1  1  0 -9 
210 119  -1  0  0 -9 
210 123   1 -1  0 -9 
210 133   1 -1  0 -9 
210 154  -1  0  0 -9 
210 158   1 -1  0 -9 
210 210  -1  2  0 -9 
210 216   1  1  0 -9 
210 220  -1  0  0 -9 
211 78  -1 -2  0 -9 
211 95  -1  0  0 -9 
211 99   1 -1  0 -9 
211 102  -1 -3  0 -9 
211 116   1  1  0 -9 
211 120  -1  0  0 -9 
211 123   1 -2  0 -9 
211 124  -1 -3  0 -9 
211 134   1 -1  0 -9 
211 139   1 -4  0 -9 
211 155  -1  0  0 -9 
211 211  -1  2  0 -9 
211 212  -1  0  0 -9 
211 213   1  1  0 -9 
211 217   1  1  0 -9 
211 221  -1  0  0 -9 
211 222   1 -1  0 -9 
212 102   1 -5  0 -9 
212 123  -1 -4  0 -9 
212 158  -1 -4  0 -9 
212 220   1 -3  0 -9 
213 124  -1 -4  0 -9 
213 139   1 -5  0 -9 
213 158  -1 -3  0 -9 
213 212  -1 -1  0 -9 
213 213   1  0  0 -9 
213 220   1 -2  0 -9 
213 221  -1 -1  0 -9 
213 222   1 -2  0 -9 
214 25  -1 -3  0 -9 
214 75  -1 -3  0 -9 
214 92  -1 -1  0 -9 
214 96   1 -2  0 -9 
214 117  -1 -1  0 -9 
214 131   1 -2  0 -9 
214 148   1 -2  0 -9 
214 152  -1 -1  0 -9 
214 214   1  0  0 -9 
215 26  -1 -3  0 -9 
215 76  -1 -3  0 -9 
215 93  -1 -1  0 -9 
215 97   1 -2  0 -9 
215 118  -1 -1  0 -9 
215 132   1 -2  0 -9 
215 149   1 -2  0 -9 
215 153  -1 -1  0 -9 
215 215   1  0  0 -9 
216 27  -1 -3  0 -9 
216 77  -1 -3  0 -9 
216 94  -1 -1  0 -9 
216 98   1 -2  0 -9 
216 102  -1 -3  1 -5  0 -9 
216 119  -1 -1  0 -9 
216 123   1 -2 -1 -4  0 -9 
216 133   1 -2  0 -9 
216 150   1 -2  0 -9 
216 154  -1 -1  0 -9 
216 158   1 -2 -1 -4  0 -9 
216 212   1 -2  0 -9 
216 216   1  0  0 -9 
216 220  -1 -1  0 -9 
217 78  -1 -3  0 -9 
217 95  -1 -1  0 -9 
217 99   1 -2  0 -9 
217 103  -1 -3  0 -9 
217 120  -1 -1  0 -9 
217 124   1 -2 -1 -4  0 -9 
217 134   1 -2  0 -9 
217 139   1 -5  0 -9 
217 155  -1 -1  0 -9 
217 158  -1 -3  0 -9 
217 159   1 -2  0 -9 
217 217   1  0  0 -9 
217 221  -1 -1  0 -9 
217 222   1 -2  0 -9 
218 25  -1 -3  0 -9 
218 65   1 -4  0 -9 
218 66  -1 -3  0 -9 
218 69   1 -2  0 -9 
218 75  -1 -3  0 -9 
218 92   1  1  0 -9 
218 93  -1  0  0 -9 
218 96   1 -2  0 -9 
218 118  -1  0  0 -9 
218 121   1  1  0 -9 
218 132   1 -1  0 -9 
218 135  -1  0  0 -9 
218 148  -1  0  0 -9 
218 149   1 -1  0 -9 
218 153  -1  0  0 -9 
218 156   1  1  0 -9 
218 215   1  1  0 -9 
218 218  -1  2  0 -9 
219 27  -1 -3  0 -9 
219 70   1 -2  0 -9 
219 77  -1 -3  0 -9 
219 81   1 -4  0 -9 
219 82  -1 -3  0 -9 
219 94   1  1  0 -9 
219 95  -1  0  0 -9 
219 98   1 -2  0 -9 
219 102  -1 -3  0 -9 
219 120  -1  0  0 -9 
219 122   1  1  0 -9 
219 124   1 -1  0 -9 
219 134   1 -1  0 -9 
219 136  -1  0  0 -9 
219 150  -1  0  0 -9 
219 155  -1  0  0 -9 
219 157   1  1  0 -9 
219 159   1 -1  0 -9 
219 217   1  1  0 -9 
219 219  -1  2  0 -9 
219 221  -1  0  0 -9 
220 102   1 -6  0 -9 
220 123  -1 -5  0 -9 
220 158  -1 -5  0 -9 
220 212   1 -3  0 -9 
221 124  -1 -5  0 -9 
221 139   1 -6  0 -9 
221 158  -1 -4  0 -9 
221 222   1 -3  0 -9 
222 102   1 -6  0 -9 
222 124  -1 -4  0 -9 
222 158  -1 -5  0 -9 
222 221   1 -3  0 -9 
223 102   1 -4  0 -9 
223 123  -1 -3  0 -9 
223 158  -1 -3  0 -9 
223 197   1 -2  0 -9 
223 205  -1 -1  0 -9 
223 212  -1 -1  0 -9 
223 220   1 -2  0 -9 
223 223   1  0  0 -9 
224 124  -1 -3  0 -9 
224 139   1 -4  0 -9 
224 192  -1 -3  0 -9 
224 205  -1  0  0 -9 
224 206   1  1  0 -9 
224 207   1 -2  0 -9 
224 212  -1  0  0 -9 
224 213   1  1  0 -9 
224 220   1 -1  0 -9 
224 221  -1  0  0 -9 
224 223   1  1  0 -9 
224 224  -1  2  0 -9 
9999 9999
