 0 15  -1 -4  0 -9 
 0 120   1 -3  0 -9 
 0 153  -1 -4  0 -9 
 0 189   1 -5  0 -9 
 1 68  -1 -4  0 -9 
 1 253   1 -3  0 -9 
 1 273  -1 -4  0 -9 
 1 294   1 -5  0 -9 
 2 69  -1 -4  0 -9 
 2 254   1 -3  0 -9 
 2 274  -1 -4  0 -9 
 2 295   1 -5  0 -9 
 3  0  -1 -1  0 -9 
 3  1  -1 -1  0 -9 
 3  3   1  0  0 -9 
 3 18  -1 -4  0 -9 
 3 120   1 -2  0 -9 
 3 123  -1 -1  0 -9 
 3 153  -1 -3  0 -9 
 3 156   1 -2  0 -9 
 3 253   1 -2  0 -9 
 3 273  -1 -3  0 -9 
 3 409   1 -5  0 -9 
 4  2  -1 -1  0 -9 
 4  4   1  0  0 -9 
 4 19  -1 -4  0 -9 
 4 124  -1 -1  0 -9 
 4 157   1 -2  0 -9 
 4 254   1 -2  0 -9 
 4 274  -1 -3  0 -9 
 4 410   1 -5  0 -9 
 5  0  -1  0  0 -9 
 5  1  -1  0  0 -9 
 5  3   1  1  0 -9 
 5  5  -1  2  0 -9 
 5 18  -1 -3  0 -9 
 5 20  -1  0  0 -9 
 5 30   1  1  0 -9 
 5 50  -1  0 -1 -2  0 -9 
 5 120   1 -1  0 -9 
 5 121  -1  0  0 -9 
 5 123  -1  0  0 -9 
 5 125   1  1  0 -9 
 5 135  -1  0  0 -9 
 5 153  -1 -2  0 -9 
 5 154   1 -1  0 -9 
 5 156   1 -1  0 -9 
 5 158  -1  0  0 -9 
 5 192   1 -1  0 -9 
 5 253   1 -1  0 -9 
 5 255  -1  0  0 -9 
 5 273  -1 -2  0 -9 
 5 275   1 -1  0 -9 
 5 377   1 -1  0 -9 
 5 409   1 -4  0 -9 
 5 411  -1 -2  0 -9 
 5 492   1 -3  0 -9 
 6  2  -1  0  0 -9 
 6  4   1  1  0 -9 
 6  6  -1  2  0 -9 
 6 19  -1 -3  0 -9 
 6 21  -1  0  0 -9 
 6 31   1  1  0 -9 
 6 51  -1  0 -1 -2  0 -9 
 6 124  -1  0  0 -9 
 6 126   1  1  0 -9 
 6 136  -1  0  0 -9 
 6 157   1 -1  0 -9 
 6 159  -1  0  0 -9 
 6 193   1 -1  0 -9 
 6 254   1 -1  0 -9 
 6 256  -1  0  0 -9 
 6 274  -1 -2  0 -9 
 6 276   1 -1  0 -9 
 6 378   1 -1  0 -9 
 6 410   1 -4  0 -9 
 6 412  -1 -2  0 -9 
 6 493   1 -3  0 -9 
 7  7  -1  2  0 -9 
 7 15   1 -1  0 -9 
 7 16  -1  0  0 -9 
 7 18  -1  0 -1 -2  0 -9 
 7 22  -1  0  0 -9 
 7 32   1  1  0 -9 
 7 48   1 -1  0 -9 
 7 52  -1  0 -1 -2  0 -9 
 7 127   1  1  0 -9 
 7 137  -1  0  0 -9 
 7 160  -1  0  0 -9 
 7 189  -1 -2  0 -9 
 7 190  -1 -2  0 -9 
 7 194   1 -1  0 -9 
 7 257  -1  0  0 -9 
 7 277   1 -1  0 -9 
 7 379   1 -1  0 -9 
 7 409   1 -3  0 -9 
 7 413  -1 -2  0 -9 
 7 494   1 -3  0 -9 
 8  8  -1  2  0 -9 
 8 17  -1  0  0 -9 
 8 23  -1  0  0 -9 
 8 33   1  1  0 -9 
 8 49   1 -1  0 -9 
 8 53  -1  0 -1 -2  0 -9 
 8 128   1  1  0 -9 
 8 138  -1  0  0 -9 
 8 161  -1  0  0 -9 
 8 191  -1 -2  0 -9 
 8 195   1 -1  0 -9 
 8 258  -1  0  0 -9 
 8 278   1 -1  0 -9 
 8 380   1 -1  0 -9 
 8 414  -1 -2  0 -9 
 8 495   1 -3  0 -9 
 9  9  -1  2  0 -9 
 9 19  -1  0 -1 -2  0 -9 
 9 24  -1  0  0 -9 
 9 34   1  1  0 -9 
 9 54  -1  0 -1 -2  0 -9 
 9 129   1  1  0 -9 
 9 139  -1  0  0 -9 
 9 162  -1  0  0 -9 
 9 196   1 -1  0 -9 
 9 259  -1  0  0 -9 
 9 279   1 -1  0 -9 
 9 381   1 -1  0 -9 
 9 410   1 -3  0 -9 
 9 415  -1 -2  0 -9 
 9 496   1 -3  0 -9 
10 10  -1  2  0 -9 
10 25  -1  0  0 -9 
10 35   1  1  0 -9 
10 55  -1  0 -1 -2  0 -9 
10 122  -1  0  0 -9 
10 130   1  1  0 -9 
10 140  -1  0  0 -9 
10 155   1 -1  0 -9 
10 163  -1  0  0 -9 
10 197   1 -1  0 -9 
10 260  -1  0  0 -9 
10 280   1 -1  0 -9 
10 382   1 -1  0 -9 
10 416  -1 -2  0 -9 
10 497   1 -3  0 -9 
11  1   1  1  0 -9 
11 11  -1  2  0 -9 
11 26  -1  0  0 -9 
11 68  -1 -3  0 -9 
11 70  -1  0  0 -9 
11 76   1  1  0 -9 
11 88   1 -1  0 -9 
11 98  -1  0 -1 -2  0 -9 
11 131   1  1  0 -9 
11 164  -1  0  0 -9 
11 253   1 -2  0 -9 
11 261  -1  0  0 -9 
11 273  -1 -3  0 -9 
11 294   1 -4  0 -9 
11 296  -1 -2  0 -9 
11 306   1 -1  0 -9 
11 387   1 -1  0 -9 
11 421  -1 -2  0 -9 
11 552   1 -3  0 -9 
12  1  -1  0  0 -9 
12 12  -1  2  0 -9 
12 19  -1  0 -1 -2  0 -9 
12 27  -1  0  0 -9 
12 68  -1  0 -1 -2  0 -9 
12 69   1 -1  0 -9 
12 71  -1  0  0 -9 
12 72  -1  0  0 -9 
12 77   1  1  0 -9 
12 89   1 -1  0 -9 
12 90   1 -1  0 -9 
12 99  -1  0 -1 -2  0 -9 
12 132   1  1  0 -9 
12 165  -1  0  0 -9 
12 253   1 -1  0 -9 
12 262  -1  0  0 -9 
12 273  -1 -2  0 -9 
12 294   1 -3  0 -9 
12 295  -1 -2  0 -9 
12 297  -1 -2  0 -9 
12 298  -1 -2  0 -9 
12 307   1 -1  0 -9 
12 388   1 -1  0 -9 
12 410   1 -3  0 -9 
12 422  -1 -2  0 -9 
12 553   1 -3  0 -9 
13 13  -1  2  0 -9 
13 28  -1  0  0 -9 
13 73  -1  0  0 -9 
13 74  -1  0  0 -9 
13 78   1  1  0 -9 
13 91   1 -1  0 -9 
13 92   1 -1  0 -9 
13 100  -1  0 -1 -2  0 -9 
13 133   1  1  0 -9 
13 166  -1  0  0 -9 
13 263  -1  0  0 -9 
13 299  -1 -2  0 -9 
13 300  -1 -2  0 -9 
13 308   1 -1  0 -9 
13 389   1 -1  0 -9 
13 423  -1 -2  0 -9 
13 554   1 -3  0 -9 
14 14  -1  2  0 -9 
14 29  -1  0  0 -9 
14 75  -1  0  0 -9 
14 79   1  1  0 -9 
14 93   1 -1  0 -9 
14 101  -1  0 -1 -2  0 -9 
14 134   1  1  0 -9 
14 167  -1  0  0 -9 
14 264  -1  0  0 -9 
14 301  -1 -2  0 -9 
14 309   1 -1  0 -9 
14 390   1 -1  0 -9 
14 424  -1 -2  0 -9 
14 555   1 -3  0 -9 
15 15  -1 -6  0 -9 
15 189   1 -7  0 -9 
16 15  -1 -5  0 -9 
16 48  -1 -5  0 -9 
16 121   1 -3  0 -9 
16 154  -1 -4  0 -9 
16 189   1 -6  0 -9 
16 190   1 -6  0 -9 
17 49  -1 -5  0 -9 
17 122   1 -3  0 -9 
17 155  -1 -4  0 -9 
17 191   1 -6  0 -9 
18 18  -1 -6  0 -9 
18 409   1 -7  0 -9 
19 19  -1 -6  0 -9 
19 410   1 -7  0 -9 
20 18  -1 -5  0 -9 
20 48  -1 -4  0 -9 
20 50  -1 -4  0 -9 
20 88  -1 -4  0 -9 
20 190   1 -5  0 -9 
20 296   1 -5  0 -9 
20 377   1 -3  0 -9 
20 409   1 -6  0 -9 
20 411  -1 -4  0 -9 
20 492   1 -5  0 -9 
21 19  -1 -5  0 -9 
21 51  -1 -4  0 -9 
21 89  -1 -4  0 -9 
21 297   1 -5  0 -9 
21 378   1 -3  0 -9 
21 410   1 -6  0 -9 
21 412  -1 -4  0 -9 
21 493   1 -5  0 -9 
22 18  -1 -4  0 -9 
22 52  -1 -4  0 -9 
22 90  -1 -4  0 -9 
22 298   1 -5  0 -9 
22 379   1 -3  0 -9 
22 409   1 -5  0 -9 
22 413  -1 -4  0 -9 
22 494   1 -5  0 -9 
23 53  -1 -4  0 -9 
23 91  -1 -4  0 -9 
23 299   1 -5  0 -9 
23 380   1 -3  0 -9 
23 414  -1 -4  0 -9 
23 495   1 -5  0 -9 
24 19  -1 -4  0 -9 
24 54  -1 -4  0 -9 
24 92  -1 -4  0 -9 
24 300   1 -5  0 -9 
24 381   1 -3  0 -9 
24 410   1 -5  0 -9 
24 415  -1 -4  0 -9 
24 496   1 -5  0 -9 
25 49  -1 -4  0 -9 
25 55  -1 -4  0 -9 
25 93  -1 -4  0 -9 
25 191   1 -5  0 -9 
25 301   1 -5  0 -9 
25 382   1 -3  0 -9 
25 416  -1 -4  0 -9 
25 497   1 -5  0 -9 
26 98  -1 -4  0 -9 
26 387   1 -3  0 -9 
26 421  -1 -4  0 -9 
26 552   1 -5  0 -9 
27 19  -1 -4  0 -9 
27 99  -1 -4  0 -9 
27 388   1 -3  0 -9 
27 410   1 -5  0 -9 
27 422  -1 -4  0 -9 
27 553   1 -5  0 -9 
28 100  -1 -4  0 -9 
28 389   1 -3  0 -9 
28 423  -1 -4  0 -9 
28 554   1 -5  0 -9 
29 101  -1 -4  0 -9 
29 390   1 -3  0 -9 
29 424  -1 -4  0 -9 
29 555   1 -5  0 -9 
30 18  -1 -4  0 -9 
30 20  -1 -1  0 -9 
30 30   1  0  0 -9 
30 50  -1 -1 -1 -3 -1 -5  0 -9 
30 135  -1 -1  0 -9 
30 192   1 -2  0 -9 
30 377   1 -2  0 -9 
30 409   1 -5  0 -9 
30 411  -1 -3  0 -9 
30 492   1 -4  1 -6  0 -9 
31 19  -1 -4  0 -9 
31 21  -1 -1  0 -9 
31 31   1  0  0 -9 
31 51  -1 -1 -1 -3 -1 -5  0 -9 
31 136  -1 -1  0 -9 
31 193   1 -2  0 -9 
31 378   1 -2  0 -9 
31 410   1 -5  0 -9 
31 412  -1 -3  0 -9 
31 493   1 -4  1 -6  0 -9 
32 15   1 -2  0 -9 
32 16  -1 -1  0 -9 
32 18  -1 -1 -1 -3 -1 -5  0 -9 
32 22  -1 -1  0 -9 
32 32   1  0  0 -9 
32 48   1 -2  0 -9 
32 52  -1 -1 -1 -3 -1 -5  0 -9 
32 121   1 -2  0 -9 
32 137  -1 -1  0 -9 
32 154  -1 -3  0 -9 
32 189  -1 -3  0 -9 
32 190  -1 -3  0 -9 
32 194   1 -2  0 -9 
32 379   1 -2  0 -9 
32 409   1 -4  1 -6  0 -9 
32 413  -1 -3  0 -9 
32 494   1 -4  1 -6  0 -9 
33 17  -1 -1  0 -9 
33 23  -1 -1  0 -9 
33 33   1  0  0 -9 
33 49   1 -2  0 -9 
33 53  -1 -1 -1 -3 -1 -5  0 -9 
33 122   1 -2  0 -9 
33 138  -1 -1  0 -9 
33 155  -1 -3  0 -9 
33 191  -1 -3  0 -9 
33 195   1 -2  0 -9 
33 380   1 -2  0 -9 
33 414  -1 -3  0 -9 
33 495   1 -4  1 -6  0 -9 
34 19  -1 -1 -1 -3 -1 -5  0 -9 
34 24  -1 -1  0 -9 
34 34   1  0  0 -9 
34 54  -1 -1 -1 -3 -1 -5  0 -9 
34 139  -1 -1  0 -9 
34 196   1 -2  0 -9 
34 381   1 -2  0 -9 
34 410   1 -4  1 -6  0 -9 
34 415  -1 -3  0 -9 
34 496   1 -4  1 -6  0 -9 
35 25  -1 -1  0 -9 
35 35   1  0  0 -9 
35 55  -1 -1 -1 -3 -1 -5  0 -9 
35 140  -1 -1  0 -9 
35 197   1 -2  0 -9 
35 382   1 -2  0 -9 
35 416  -1 -3  0 -9 
35 497   1 -4  1 -6  0 -9 
36 36   1  0  0 -9 
36 48   1 -3  0 -9 
36 52  -1 -4  0 -9 
36 56  -1 -1  0 -9 
36 141  -1 -1  0 -9 
36 190  -1 -4  0 -9 
36 198   1 -2  0 -9 
36 383   1 -2  0 -9 
36 417  -1 -3  0 -9 
36 494   1 -5  0 -9 
37 37   1  0  0 -9 
37 48   1 -2  0 -9 
37 50  -1 -4  0 -9 
37 53  -1 -4  0 -9 
37 57  -1 -1  0 -9 
37 142  -1 -1  0 -9 
37 190  -1 -3  0 -9 
37 199   1 -2  0 -9 
37 384   1 -2  0 -9 
37 418  -1 -3  0 -9 
37 492   1 -5  0 -9 
37 495   1 -5  0 -9 
38 38   1  0  0 -9 
38 54  -1 -4  0 -9 
38 58  -1 -1  0 -9 
38 143  -1 -1  0 -9 
38 200   1 -2  0 -9 
38 385   1 -2  0 -9 
38 419  -1 -3  0 -9 
38 496   1 -5  0 -9 
39 39   1  0  0 -9 
39 51  -1 -4  0 -9 
39 55  -1 -4  0 -9 
39 59  -1 -1  0 -9 
39 144  -1 -1  0 -9 
39 201   1 -2  0 -9 
39 386   1 -2  0 -9 
39 420  -1 -3  0 -9 
39 493   1 -5  0 -9 
39 497   1 -5  0 -9 
40 18  -1 -3  0 -9 
40 20  -1  0  0 -9 
40 22   1  1  0 -9 
40 26   1  1  0 -9 
40 30   1  1  0 -9 
40 36   1  1  0 -9 
40 40  -1  2  0 -9 
40 48   1 -2  0 -9 
40 50  -1  0 -1 -4  0 -9 
40 52  -1 -3  0 -9 
40 56  -1  0  0 -9 
40 60   1  1  0 -9 
40 72  -1  0  0 -9 
40 80   1  1  0 -9 
40 88   1 -2  0 -9 
40 90  -1 -3  0 -9 
40 94   1 -2  0 -9 
40 98  -1 -3  0 -9 
40 102  -1  0  0 -9 
40 110  -1 -3  0 -9 
40 135  -1  0  0 -9 
40 141  -1  0  0 -9 
40 145   1  1  0 -9 
40 190  -1 -3  0 -9 
40 192   1 -1  0 -9 
40 198   1 -1  0 -9 
40 202  -1  0  0 -9 
40 265  -1  0  0 -9 
40 296  -1 -3  0 -9 
40 298   1 -4  0 -9 
40 302  -1 -3  0 -9 
40 310   1 -1  0 -9 
40 379   1 -2  0 -9 
40 387   1 -2  0 -9 
40 399   1 -2  0 -9 
40 409   1 -4  0 -9 
40 413  -1 -3  0 -9 
40 421  -1 -3  0 -9 
40 492   1 -5  0 -9 
40 494   1 -4  0 -9 
40 498  -1 -3  0 -9 
40 552   1 -4  0 -9 
40 556   1 -4  0 -9 
41 23   1  1  0 -9 
41 37   1  1  0 -9 
41 41  -1  2  0 -9 
41 48   1 -1  0 -9 
41 50  -1 -3  0 -9 
41 53  -1 -3  0 -9 
41 57  -1  0  0 -9 
41 61   1  1  0 -9 
41 73  -1  0  0 -9 
41 81   1  1  0 -9 
41 91  -1 -3  0 -9 
41 95   1 -2  0 -9 
41 103  -1  0  0 -9 
41 111  -1 -3  0 -9 
41 142  -1  0  0 -9 
41 146   1  1  0 -9 
41 190  -1 -2  0 -9 
41 199   1 -1  0 -9 
41 203  -1  0  0 -9 
41 266  -1  0  0 -9 
41 299   1 -4  0 -9 
41 303  -1 -3  0 -9 
41 311   1 -1  0 -9 
41 380   1 -2  0 -9 
41 400   1 -2  0 -9 
41 414  -1 -3  0 -9 
41 492   1 -4  0 -9 
41 495   1 -4  0 -9 
41 499  -1 -3  0 -9 
41 557   1 -4  0 -9 
42 19  -1 -3  0 -9 
42 21  -1  0  0 -9 
42 27   1  1  0 -9 
42 31   1  1  0 -9 
42 42  -1  2  0 -9 
42 51  -1  0 -1 -4  0 -9 
42 62   1  1  0 -9 
42 82   1  1  0 -9 
42 89   1 -2  0 -9 
42 94   1 -1  0 -9 
42 99  -1 -3  0 -9 
42 104  -1  0  0 -9 
42 112  -1 -3  0 -9 
42 136  -1  0  0 -9 
42 147   1  1  0 -9 
42 193   1 -1  0 -9 
42 204  -1  0  0 -9 
42 267  -1  0  0 -9 
42 297  -1 -3  0 -9 
42 302  -1 -2  0 -9 
42 312   1 -1  0 -9 
42 388   1 -2  0 -9 
42 401   1 -2  0 -9 
42 410   1 -4  0 -9 
42 422  -1 -3  0 -9 
42 493   1 -5  0 -9 
42 500  -1 -3  0 -9 
42 553   1 -4  0 -9 
42 558   1 -4  0 -9 
43 26   1  1  0 -9 
43 28   1  1  0 -9 
43 43  -1  2  0 -9 
43 51  -1 -3  0 -9 
43 63   1  1  0 -9 
43 83   1  1  0 -9 
43 89   1 -1  0 -9 
43 95   1 -1  0 -9 
43 96   1 -1  0 -9 
43 98  -1 -3  0 -9 
43 100  -1 -3  0 -9 
43 105  -1  0  0 -9 
43 113  -1 -3  0 -9 
43 148   1  1  0 -9 
43 205  -1  0  0 -9 
43 268  -1  0  0 -9 
43 297  -1 -2  0 -9 
43 303  -1 -2  0 -9 
43 304  -1 -2  0 -9 
43 313   1 -1  0 -9 
43 387   1 -2  0 -9 
43 389   1 -2  0 -9 
43 402   1 -2  0 -9 
43 421  -1 -3  0 -9 
43 423  -1 -3  0 -9 
43 493   1 -4  0 -9 
43 501  -1 -3  0 -9 
43 552   1 -4  0 -9 
43 554   1 -4  0 -9 
43 559   1 -4  0 -9 
44 29   1  1  0 -9 
44 44  -1  2  0 -9 
44 64   1  1  0 -9 
44 84   1  1  0 -9 
44 97   1 -1  0 -9 
44 101  -1 -3  0 -9 
44 106  -1  0  0 -9 
44 114  -1 -3  0 -9 
44 149   1  1  0 -9 
44 206  -1  0  0 -9 
44 269  -1  0  0 -9 
44 305  -1 -2  0 -9 
44 314   1 -1  0 -9 
44 390   1 -2  0 -9 
44 403   1 -2  0 -9 
44 424  -1 -3  0 -9 
44 502  -1 -3  0 -9 
44 555   1 -4  0 -9 
44 560   1 -4  0 -9 
45 38   1  1  0 -9 
45 45  -1  2  0 -9 
45 54  -1 -3  0 -9 
45 58  -1  0  0 -9 
45 65   1  1  0 -9 
45 85   1  1  0 -9 
45 96   1 -2  0 -9 
45 107  -1  0  0 -9 
45 115  -1 -3  0 -9 
45 143  -1  0  0 -9 
45 150   1  1  0 -9 
45 200   1 -1  0 -9 
45 207  -1  0  0 -9 
45 270  -1  0  0 -9 
45 304  -1 -3  0 -9 
45 315   1 -1  0 -9 
45 404   1 -2  0 -9 
45 496   1 -4  0 -9 
45 503  -1 -3  0 -9 
45 561   1 -4  0 -9 
46 36   1  1  0 -9 
46 39   1  1  0 -9 
46 46  -1  2  0 -9 
46 48   1 -2  0 -9 
46 51  -1 -3  0 -9 
46 52  -1 -3  0 -9 
46 55  -1 -3  0 -9 
46 56  -1  0  0 -9 
46 59  -1  0  0 -9 
46 66   1  1  0 -9 
46 86   1  1  0 -9 
46 94   1 -2  0 -9 
46 97   1 -2  0 -9 
46 108  -1  0  0 -9 
46 116  -1 -3  0 -9 
46 141  -1  0  0 -9 
46 144  -1  0  0 -9 
46 151   1  1  0 -9 
46 190  -1 -3  0 -9 
46 198   1 -1  0 -9 
46 201   1 -1  0 -9 
46 208  -1  0  0 -9 
46 271  -1  0  0 -9 
46 302  -1 -3  0 -9 
46 305  -1 -3  0 -9 
46 316   1 -1  0 -9 
46 405   1 -2  0 -9 
46 493   1 -4  0 -9 
46 494   1 -4  0 -9 
46 497   1 -4  0 -9 
46 504  -1 -3  0 -9 
46 562   1 -4  0 -9 
47 47  -1  2  0 -9 
47 67   1  1  0 -9 
47 87   1  1  0 -9 
47 96   1 -1  0 -9 
47 109  -1  0  0 -9 
47 117  -1 -3  0 -9 
47 152   1  1  0 -9 
47 209  -1  0  0 -9 
47 272  -1  0  0 -9 
47 304  -1 -2  0 -9 
47 317   1 -1  0 -9 
47 406   1 -2  0 -9 
47 505  -1 -3  0 -9 
47 563   1 -4  0 -9 
48 48  -1 -6  0 -9 
48 190   1 -7  0 -9 
49 49  -1 -6  0 -9 
49 191   1 -7  0 -9 
50 50  -1 -6  0 -9 
50 492   1 -7  0 -9 
51 51  -1 -6  0 -9 
51 493   1 -7  0 -9 
52 52  -1 -6  0 -9 
52 494   1 -7  0 -9 
53 53  -1 -6  0 -9 
53 495   1 -7  0 -9 
54 54  -1 -6  0 -9 
54 496   1 -7  0 -9 
55 55  -1 -6  0 -9 
55 497   1 -7  0 -9 
56 52  -1 -5  0 -9 
56 94  -1 -4  0 -9 
56 302   1 -5  0 -9 
56 383   1 -3  0 -9 
56 417  -1 -4  0 -9 
56 494   1 -6  0 -9 
57 48  -1 -5  0 -9 
57 50  -1 -5  0 -9 
57 53  -1 -5  0 -9 
57 95  -1 -4  0 -9 
57 190   1 -6  0 -9 
57 303   1 -5  0 -9 
57 384   1 -3  0 -9 
57 418  -1 -4  0 -9 
57 492   1 -6  0 -9 
57 495   1 -6  0 -9 
58 54  -1 -5  0 -9 
58 96  -1 -4  0 -9 
58 304   1 -5  0 -9 
58 385   1 -3  0 -9 
58 419  -1 -4  0 -9 
58 496   1 -6  0 -9 
59 48  -1 -4  0 -9 
59 51  -1 -5  0 -9 
59 55  -1 -5  0 -9 
59 97  -1 -4  0 -9 
59 190   1 -5  0 -9 
59 305   1 -5  0 -9 
59 386   1 -3  0 -9 
59 420  -1 -4  0 -9 
59 493   1 -6  0 -9 
59 497   1 -6  0 -9 
60 50  -1 -5  0 -9 
60 110  -1 -4  0 -9 
60 399   1 -3  0 -9 
60 492   1 -6  0 -9 
60 498  -1 -4  0 -9 
60 556   1 -5  0 -9 
61 50  -1 -4  0 -9 
61 111  -1 -4  0 -9 
61 400   1 -3  0 -9 
61 492   1 -5  0 -9 
61 499  -1 -4  0 -9 
61 557   1 -5  0 -9 
62 51  -1 -5  0 -9 
62 112  -1 -4  0 -9 
62 401   1 -3  0 -9 
62 493   1 -6  0 -9 
62 500  -1 -4  0 -9 
62 558   1 -5  0 -9 
63 51  -1 -4  0 -9 
63 113  -1 -4  0 -9 
63 402   1 -3  0 -9 
63 493   1 -5  0 -9 
63 501  -1 -4  0 -9 
63 559   1 -5  0 -9 
64 114  -1 -4  0 -9 
64 403   1 -3  0 -9 
64 502  -1 -4  0 -9 
64 560   1 -5  0 -9 
65 54  -1 -4  0 -9 
65 115  -1 -4  0 -9 
65 404   1 -3  0 -9 
65 496   1 -5  0 -9 
65 503  -1 -4  0 -9 
65 561   1 -5  0 -9 
66 51  -1 -4  0 -9 
66 52  -1 -4  0 -9 
66 55  -1 -4  0 -9 
66 116  -1 -4  0 -9 
66 405   1 -3  0 -9 
66 493   1 -5  0 -9 
66 494   1 -5  0 -9 
66 497   1 -5  0 -9 
66 504  -1 -4  0 -9 
66 562   1 -5  0 -9 
67 117  -1 -4  0 -9 
67 406   1 -3  0 -9 
67 505  -1 -4  0 -9 
67 563   1 -5  0 -9 
68 68  -1 -6  0 -9 
68 294   1 -7  0 -9 
69 69  -1 -6  0 -9 
69 295   1 -7  0 -9 
70 68  -1 -5  0 -9 
70 88  -1 -5  0 -9 
70 255   1 -3  0 -9 
70 275  -1 -4  0 -9 
70 294   1 -6  0 -9 
70 296   1 -6  0 -9 
71 69  -1 -5  0 -9 
71 89  -1 -5  0 -9 
71 256   1 -3  0 -9 
71 276  -1 -4  0 -9 
71 295   1 -6  0 -9 
71 297   1 -6  0 -9 
72 90  -1 -5  0 -9 
72 257   1 -3  0 -9 
72 277  -1 -4  0 -9 
72 298   1 -6  0 -9 
73 91  -1 -5  0 -9 
73 258   1 -3  0 -9 
73 278  -1 -4  0 -9 
73 299   1 -6  0 -9 
74 92  -1 -5  0 -9 
74 259   1 -3  0 -9 
74 279  -1 -4  0 -9 
74 300   1 -6  0 -9 
75 93  -1 -5  0 -9 
75 260   1 -3  0 -9 
75 280  -1 -4  0 -9 
75 301   1 -6  0 -9 
76 26  -1 -1  0 -9 
76 68  -1 -4  0 -9 
76 70  -1 -1  0 -9 
76 76   1  0  0 -9 
76 88   1 -2  0 -9 
76 98  -1 -1 -1 -3 -1 -5  0 -9 
76 255   1 -2  0 -9 
76 261  -1 -1  0 -9 
76 275  -1 -3  0 -9 
76 294   1 -5  0 -9 
76 296  -1 -3  0 -9 
76 306   1 -2  0 -9 
76 387   1 -2  0 -9 
76 421  -1 -3  0 -9 
76 552   1 -4  1 -6  0 -9 
77  1  -1 -1  0 -9 
77 19  -1 -1 -1 -3 -1 -5  0 -9 
77 27  -1 -1  0 -9 
77 68  -1 -1 -1 -3 -1 -5  0 -9 
77 69   1 -2  0 -9 
77 71  -1 -1  0 -9 
77 72  -1 -1  0 -9 
77 77   1  0  0 -9 
77 89   1 -2  0 -9 
77 90   1 -2  0 -9 
77 99  -1 -1 -1 -3 -1 -5  0 -9 
77 253   1 -2  0 -9 
77 256   1 -2  0 -9 
77 257   1 -2  0 -9 
77 262  -1 -1  0 -9 
77 273  -1 -3  0 -9 
77 276  -1 -3  0 -9 
77 277  -1 -3  0 -9 
77 294   1 -4  1 -6  0 -9 
77 295  -1 -3  0 -9 
77 297  -1 -3  0 -9 
77 298  -1 -3  0 -9 
77 307   1 -2  0 -9 
77 388   1 -2  0 -9 
77 410   1 -4  1 -6  0 -9 
77 422  -1 -3  0 -9 
77 553   1 -4  1 -6  0 -9 
78 28  -1 -1  0 -9 
78 73  -1 -1  0 -9 
78 74  -1 -1  0 -9 
78 78   1  0  0 -9 
78 91   1 -2  0 -9 
78 92   1 -2  0 -9 
78 100  -1 -1 -1 -3 -1 -5  0 -9 
78 258   1 -2  0 -9 
78 259   1 -2  0 -9 
78 263  -1 -1  0 -9 
78 278  -1 -3  0 -9 
78 279  -1 -3  0 -9 
78 299  -1 -3  0 -9 
78 300  -1 -3  0 -9 
78 308   1 -2  0 -9 
78 389   1 -2  0 -9 
78 423  -1 -3  0 -9 
78 554   1 -4  1 -6  0 -9 
79 29  -1 -1  0 -9 
79 75  -1 -1  0 -9 
79 79   1  0  0 -9 
79 93   1 -2  0 -9 
79 101  -1 -1 -1 -3 -1 -5  0 -9 
79 260   1 -2  0 -9 
79 264  -1 -1  0 -9 
79 280  -1 -3  0 -9 
79 301  -1 -3  0 -9 
79 309   1 -2  0 -9 
79 390   1 -2  0 -9 
79 424  -1 -3  0 -9 
79 555   1 -4  1 -6  0 -9 
80 72  -1 -1  0 -9 
80 80   1  0  0 -9 
80 88   1 -3  0 -9 
80 90  -1 -4  0 -9 
80 94   1 -3  0 -9 
80 98  -1 -4  0 -9 
80 102  -1 -1  0 -9 
80 110  -1 -4  0 -9 
80 257   1 -2  0 -9 
80 265  -1 -1  0 -9 
80 277  -1 -3  0 -9 
80 296  -1 -4  0 -9 
80 298   1 -5  0 -9 
80 302  -1 -4  0 -9 
80 310   1 -2  0 -9 
80 391   1 -2  0 -9 
80 425  -1 -3  0 -9 
80 552   1 -5  0 -9 
80 556   1 -5  0 -9 
81 73  -1 -1  0 -9 
81 81   1  0  0 -9 
81 91  -1 -4  0 -9 
81 95   1 -3  0 -9 
81 103  -1 -1  0 -9 
81 111  -1 -4  0 -9 
81 258   1 -2  0 -9 
81 266  -1 -1  0 -9 
81 278  -1 -3  0 -9 
81 299   1 -5  0 -9 
81 303  -1 -4  0 -9 
81 311   1 -2  0 -9 
81 392   1 -2  0 -9 
81 426  -1 -3  0 -9 
81 557   1 -5  0 -9 
82 82   1  0  0 -9 
82 89   1 -3  0 -9 
82 94   1 -2  0 -9 
82 99  -1 -4  0 -9 
82 104  -1 -1  0 -9 
82 112  -1 -4  0 -9 
82 267  -1 -1  0 -9 
82 297  -1 -4  0 -9 
82 302  -1 -3  0 -9 
82 312   1 -2  0 -9 
82 393   1 -2  0 -9 
82 427  -1 -3  0 -9 
82 553   1 -5  0 -9 
82 558   1 -5  0 -9 
83 51  -1 -4  0 -9 
83 83   1  0  0 -9 
83 89   1 -2  0 -9 
83 95   1 -2  0 -9 
83 96   1 -2  0 -9 
83 98  -1 -4  0 -9 
83 100  -1 -4  0 -9 
83 105  -1 -1  0 -9 
83 113  -1 -4  0 -9 
83 268  -1 -1  0 -9 
83 297  -1 -3  0 -9 
83 303  -1 -3  0 -9 
83 304  -1 -3  0 -9 
83 313   1 -2  0 -9 
83 394   1 -2  0 -9 
83 428  -1 -3  0 -9 
83 493   1 -5  0 -9 
83 552   1 -5  0 -9 
83 554   1 -5  0 -9 
83 559   1 -5  0 -9 
84 84   1  0  0 -9 
84 97   1 -2  0 -9 
84 101  -1 -4  0 -9 
84 106  -1 -1  0 -9 
84 114  -1 -4  0 -9 
84 269  -1 -1  0 -9 
84 305  -1 -3  0 -9 
84 314   1 -2  0 -9 
84 395   1 -2  0 -9 
84 429  -1 -3  0 -9 
84 555   1 -5  0 -9 
84 560   1 -5  0 -9 
85 85   1  0  0 -9 
85 96   1 -3  0 -9 
85 107  -1 -1  0 -9 
85 115  -1 -4  0 -9 
85 270  -1 -1  0 -9 
85 304  -1 -4  0 -9 
85 315   1 -2  0 -9 
85 396   1 -2  0 -9 
85 430  -1 -3  0 -9 
85 561   1 -5  0 -9 
86 86   1  0  0 -9 
86 94   1 -3  0 -9 
86 97   1 -3  0 -9 
86 108  -1 -1  0 -9 
86 116  -1 -4  0 -9 
86 271  -1 -1  0 -9 
86 302  -1 -4  0 -9 
86 305  -1 -4  0 -9 
86 316   1 -2  0 -9 
86 397   1 -2  0 -9 
86 431  -1 -3  0 -9 
86 562   1 -5  0 -9 
87 87   1  0  0 -9 
87 96   1 -2  0 -9 
87 109  -1 -1  0 -9 
87 117  -1 -4  0 -9 
87 272  -1 -1  0 -9 
87 304  -1 -3  0 -9 
87 317   1 -2  0 -9 
87 398   1 -2  0 -9 
87 432  -1 -3  0 -9 
87 563   1 -5  0 -9 
88 88  -1 -6  0 -9 
88 296   1 -7  0 -9 
89 89  -1 -6  0 -9 
89 297   1 -7  0 -9 
90 90  -1 -6  0 -9 
90 298   1 -7  0 -9 
91 91  -1 -6  0 -9 
91 299   1 -7  0 -9 
92 92  -1 -6  0 -9 
92 300   1 -7  0 -9 
93 93  -1 -6  0 -9 
93 301   1 -7  0 -9 
94 94  -1 -6  0 -9 
94 302   1 -7  0 -9 
95 95  -1 -6  0 -9 
95 303   1 -7  0 -9 
96 96  -1 -6  0 -9 
96 304   1 -7  0 -9 
97 97  -1 -6  0 -9 
97 305   1 -7  0 -9 
98 98  -1 -6  0 -9 
98 552   1 -7  0 -9 
99 99  -1 -6  0 -9 
99 553   1 -7  0 -9 
100 100  -1 -6  0 -9 
100 554   1 -7  0 -9 
101 101  -1 -6  0 -9 
101 555   1 -7  0 -9 
102 98  -1 -5  0 -9 
102 110  -1 -5  0 -9 
102 391   1 -3  0 -9 
102 425  -1 -4  0 -9 
102 552   1 -6  0 -9 
102 556   1 -6  0 -9 
103 111  -1 -5  0 -9 
103 392   1 -3  0 -9 
103 426  -1 -4  0 -9 
103 557   1 -6  0 -9 
104 94  -1 -5  0 -9 
104 99  -1 -5  0 -9 
104 112  -1 -5  0 -9 
104 302   1 -6  0 -9 
104 393   1 -3  0 -9 
104 427  -1 -4  0 -9 
104 553   1 -6  0 -9 
104 558   1 -6  0 -9 
105 51  -1 -5  0 -9 
105 89  -1 -5  0 -9 
105 95  -1 -5  0 -9 
105 96  -1 -5  0 -9 
105 98  -1 -5  0 -9 
105 100  -1 -5  0 -9 
105 113  -1 -5  0 -9 
105 297   1 -6  0 -9 
105 303   1 -6  0 -9 
105 304   1 -6  0 -9 
105 394   1 -3  0 -9 
105 428  -1 -4  0 -9 
105 493   1 -6  0 -9 
105 552   1 -6  0 -9 
105 554   1 -6  0 -9 
105 559   1 -6  0 -9 
106 97  -1 -5  0 -9 
106 101  -1 -5  0 -9 
106 114  -1 -5  0 -9 
106 305   1 -6  0 -9 
106 395   1 -3  0 -9 
106 429  -1 -4  0 -9 
106 555   1 -6  0 -9 
106 560   1 -6  0 -9 
107 115  -1 -5  0 -9 
107 396   1 -3  0 -9 
107 430  -1 -4  0 -9 
107 561   1 -6  0 -9 
108 116  -1 -5  0 -9 
108 397   1 -3  0 -9 
108 431  -1 -4  0 -9 
108 562   1 -6  0 -9 
109 96  -1 -5  0 -9 
109 117  -1 -5  0 -9 
109 304   1 -6  0 -9 
109 398   1 -3  0 -9 
109 432  -1 -4  0 -9 
109 563   1 -6  0 -9 
110 110  -1 -6  0 -9 
110 556   1 -7  0 -9 
111 111  -1 -6  0 -9 
111 557   1 -7  0 -9 
112 112  -1 -6  0 -9 
112 558   1 -7  0 -9 
113 113  -1 -6  0 -9 
113 559   1 -7  0 -9 
114 114  -1 -6  0 -9 
114 560   1 -7  0 -9 
115 115  -1 -6  0 -9 
115 561   1 -7  0 -9 
116 116  -1 -6  0 -9 
116 562   1 -7  0 -9 
117 117  -1 -6  0 -9 
117 563   1 -7  0 -9 
118 113  -1 -5  0 -9 
118 407   1 -3  0 -9 
118 506  -1 -4  0 -9 
118 559   1 -6  0 -9 
119 112  -1 -5  0 -9 
119 114  -1 -5  0 -9 
119 408   1 -3  0 -9 
119 507  -1 -4  0 -9 
119 558   1 -6  0 -9 
119 560   1 -6  0 -9 
120  0   1 -3  0 -9 
120 15  -1 -5  0 -9 
120 153  -1 -5  0 -9 
120 189   1 -6  0 -9 
121 15  -1 -4  0 -9 
121 16   1 -3  0 -9 
121 48  -1 -4  0 -9 
121 154  -1 -5  0 -9 
121 210   1 -6  0 -9 
122 17   1 -3  0 -9 
122 49  -1 -4  0 -9 
122 155  -1 -5  0 -9 
122 211   1 -6  0 -9 
123 18  -1 -5  0 -9 
123 153  -1 -4  0 -9 
123 156   1 -3  0 -9 
123 273  -1 -4  0 -9 
123 409   1 -6  0 -9 
124 19  -1 -5  0 -9 
124 157   1 -3  0 -9 
124 274  -1 -4  0 -9 
124 410   1 -6  0 -9 
125  0  -1 -1  0 -9 
125  1  -1 -1  0 -9 
125 15  -1 -3  0 -9 
125 16   1 -2  0 -9 
125 18   1 -2 -1 -4  0 -9 
125 20  -1 -1  0 -9 
125 48  -1 -3  0 -9 
125 50  -1 -3  0 -9 
125 68  -1 -3  0 -9 
125 70   1 -2  0 -9 
125 88  -1 -3  0 -9 
125 120   1 -2  0 -9 
125 121  -1 -1  0 -9 
125 123  -1 -1  0 -9 
125 125   1  0  0 -9 
125 135  -1 -1  0 -9 
125 153  -1 -3  0 -9 
125 154   1 -2 -1 -4  0 -9 
125 156   1 -2  0 -9 
125 158  -1 -1  0 -9 
125 168   1 -2  0 -9 
125 192   1 -2  0 -9 
125 210   1 -5  0 -9 
125 213  -1 -3  0 -9 
125 253   1 -2  0 -9 
125 255  -1 -1  0 -9 
125 273  -1 -3  0 -9 
125 275   1 -2 -1 -4  0 -9 
125 318   1 -5  0 -9 
125 377   1 -2  0 -9 
125 409   1 -5  0 -9 
125 411  -1 -3  0 -9 
125 492   1 -4  0 -9 
126  2  -1 -1  0 -9 
126 19   1 -2 -1 -4  0 -9 
126 21  -1 -1  0 -9 
126 51  -1 -3  0 -9 
126 69  -1 -3  0 -9 
126 71   1 -2  0 -9 
126 89  -1 -3  0 -9 
126 124  -1 -1  0 -9 
126 126   1  0  0 -9 
126 136  -1 -1  0 -9 
126 157   1 -2  0 -9 
126 159  -1 -1  0 -9 
126 169   1 -2  0 -9 
126 193   1 -2  0 -9 
126 214  -1 -3  0 -9 
126 254   1 -2  0 -9 
126 256  -1 -1  0 -9 
126 274  -1 -3  0 -9 
126 276   1 -2 -1 -4  0 -9 
126 319   1 -5  0 -9 
126 378   1 -2  0 -9 
126 410   1 -5  0 -9 
126 412  -1 -3  0 -9 
126 493   1 -4  0 -9 
127 18  -1 -3  0 -9 
127 22  -1 -1  0 -9 
127 52  -1 -3  0 -9 
127 72   1 -2  0 -9 
127 90  -1 -3  0 -9 
127 127   1  0  0 -9 
127 137  -1 -1  0 -9 
127 154  -1 -3  0 -9 
127 160  -1 -1  0 -9 
127 170   1 -2  0 -9 
127 189  -1 -3  0 -9 
127 190  -1 -3  0 -9 
127 194   1 -2  0 -9 
127 210   1 -4  0 -9 
127 215  -1 -3  0 -9 
127 257  -1 -1  0 -9 
127 277   1 -2 -1 -4  0 -9 
127 320   1 -5  0 -9 
127 379   1 -2  0 -9 
127 409   1 -4  0 -9 
127 413  -1 -3  0 -9 
127 494   1 -4  0 -9 
128 23  -1 -1  0 -9 
128 53  -1 -3  0 -9 
128 73   1 -2  0 -9 
128 91  -1 -3  0 -9 
128 128   1  0  0 -9 
128 138  -1 -1  0 -9 
128 155  -1 -3  0 -9 
128 161  -1 -1  0 -9 
128 171   1 -2  0 -9 
128 191  -1 -3  0 -9 
128 195   1 -2  0 -9 
128 211   1 -4  0 -9 
128 216  -1 -3  0 -9 
128 258  -1 -1  0 -9 
128 278   1 -2 -1 -4  0 -9 
128 321   1 -5  0 -9 
128 380   1 -2  0 -9 
128 414  -1 -3  0 -9 
128 495   1 -4  0 -9 
129 19  -1 -3  0 -9 
129 24  -1 -1  0 -9 
129 54  -1 -3  0 -9 
129 74   1 -2  0 -9 
129 92  -1 -3  0 -9 
129 129   1  0  0 -9 
129 139  -1 -1  0 -9 
129 162  -1 -1  0 -9 
129 172   1 -2  0 -9 
129 196   1 -2  0 -9 
129 217  -1 -3  0 -9 
129 259  -1 -1  0 -9 
129 279   1 -2 -1 -4  0 -9 
129 322   1 -5  0 -9 
129 381   1 -2  0 -9 
129 410   1 -4  0 -9 
129 415  -1 -3  0 -9 
129 496   1 -4  0 -9 
130 17   1 -2  0 -9 
130 25  -1 -1  0 -9 
130 49  -1 -3  0 -9 
130 55  -1 -3  0 -9 
130 75   1 -2  0 -9 
130 93  -1 -3  0 -9 
130 122  -1 -1  0 -9 
130 130   1  0  0 -9 
130 140  -1 -1  0 -9 
130 155   1 -2 -1 -4  0 -9 
130 163  -1 -1  0 -9 
130 173   1 -2  0 -9 
130 197   1 -2  0 -9 
130 211   1 -5  0 -9 
130 218  -1 -3  0 -9 
130 260  -1 -1  0 -9 
130 280   1 -2 -1 -4  0 -9 
130 323   1 -5  0 -9 
130 382   1 -2  0 -9 
130 416  -1 -3  0 -9 
130 497   1 -4  0 -9 
131 26  -1 -1  0 -9 
131 98  -1 -3  0 -9 
131 131   1  0  0 -9 
131 164  -1 -1  0 -9 
131 261  -1 -1  0 -9 
131 275  -1 -3  0 -9 
131 281   1 -2  0 -9 
131 296  -1 -3  0 -9 
131 306   1 -2  0 -9 
131 318   1 -4  0 -9 
131 330  -1 -3  0 -9 
131 387   1 -2  0 -9 
131 421  -1 -3  0 -9 
131 552   1 -4  0 -9 
132  1  -1 -1  0 -9 
132 19  -1 -3  0 -9 
132 27  -1 -1  0 -9 
132 68  -1 -3  0 -9 
132 99  -1 -3  0 -9 
132 132   1  0  0 -9 
132 165  -1 -1  0 -9 
132 253   1 -2  0 -9 
132 262  -1 -1  0 -9 
132 273  -1 -3  0 -9 
132 276  -1 -3  0 -9 
132 277  -1 -3  0 -9 
132 282   1 -2  0 -9 
132 294   1 -4  0 -9 
132 295  -1 -3  0 -9 
132 297  -1 -3  0 -9 
132 298  -1 -3  0 -9 
132 307   1 -2  0 -9 
132 319   1 -4  0 -9 
132 320   1 -4  0 -9 
132 331  -1 -3  0 -9 
132 388   1 -2  0 -9 
132 410   1 -4  0 -9 
132 422  -1 -3  0 -9 
132 553   1 -4  0 -9 
133 28  -1 -1  0 -9 
133 100  -1 -3  0 -9 
133 133   1  0  0 -9 
133 166  -1 -1  0 -9 
133 263  -1 -1  0 -9 
133 278  -1 -3  0 -9 
133 279  -1 -3  0 -9 
133 283   1 -2  0 -9 
133 299  -1 -3  0 -9 
133 300  -1 -3  0 -9 
133 308   1 -2  0 -9 
133 321   1 -4  0 -9 
133 322   1 -4  0 -9 
133 332  -1 -3  0 -9 
133 389   1 -2  0 -9 
133 423  -1 -3  0 -9 
133 554   1 -4  0 -9 
134 29  -1 -1  0 -9 
134 101  -1 -3  0 -9 
134 134   1  0  0 -9 
134 167  -1 -1  0 -9 
134 264  -1 -1  0 -9 
134 280  -1 -3  0 -9 
134 284   1 -2  0 -9 
134 301  -1 -3  0 -9 
134 309   1 -2  0 -9 
134 323   1 -4  0 -9 
134 333  -1 -3  0 -9 
134 390   1 -2  0 -9 
134 424  -1 -3  0 -9 
134 555   1 -4  0 -9 
135 50  -1 -4  0 -9 
135 192   1 -3  0 -9 
135 213  -1 -4  0 -9 
135 411  -1 -4  0 -9 
135 433   1 -5  0 -9 
135 492   1 -5  0 -9 
136 51  -1 -4  0 -9 
136 193   1 -3  0 -9 
136 214  -1 -4  0 -9 
136 412  -1 -4  0 -9 
136 434   1 -5  0 -9 
136 493   1 -5  0 -9 
137 18  -1 -4  0 -9 
137 52  -1 -4  0 -9 
137 154  -1 -4  0 -9 
137 189  -1 -4  0 -9 
137 190  -1 -4  0 -9 
137 194   1 -3  0 -9 
137 210   1 -5  0 -9 
137 215  -1 -4  0 -9 
137 409   1 -5  0 -9 
137 413  -1 -4  0 -9 
137 435   1 -5  0 -9 
137 494   1 -5  0 -9 
138 53  -1 -4  0 -9 
138 155  -1 -4  0 -9 
138 191  -1 -4  0 -9 
138 195   1 -3  0 -9 
138 211   1 -5  0 -9 
138 216  -1 -4  0 -9 
138 414  -1 -4  0 -9 
138 436   1 -5  0 -9 
138 495   1 -5  0 -9 
139 19  -1 -4  0 -9 
139 54  -1 -4  0 -9 
139 196   1 -3  0 -9 
139 217  -1 -4  0 -9 
139 410   1 -5  0 -9 
139 415  -1 -4  0 -9 
139 437   1 -5  0 -9 
139 496   1 -5  0 -9 
140 55  -1 -4  0 -9 
140 197   1 -3  0 -9 
140 218  -1 -4  0 -9 
140 416  -1 -4  0 -9 
140 438   1 -5  0 -9 
140 497   1 -5  0 -9 
141 198   1 -3  0 -9 
141 234  -1 -4  0 -9 
141 417  -1 -4  0 -9 
141 508   1 -5  0 -9 
142 190  -1 -4  0 -9 
142 199   1 -3  0 -9 
142 235  -1 -4  0 -9 
142 418  -1 -4  0 -9 
142 509   1 -5  0 -9 
143 200   1 -3  0 -9 
143 236  -1 -4  0 -9 
143 419  -1 -4  0 -9 
143 510   1 -5  0 -9 
144 201   1 -3  0 -9 
144 237  -1 -4  0 -9 
144 420  -1 -4  0 -9 
144 511   1 -5  0 -9 
145 50  -1 -3  0 -9 
145 135  -1 -1  0 -9 
145 141  -1 -1  0 -9 
145 145   1  0  0 -9 
145 192   1 -2  0 -9 
145 198   1 -2  0 -9 
145 202  -1 -1  0 -9 
145 213  -1 -3  0 -9 
145 234  -1 -3  0 -9 
145 265  -1 -1  0 -9 
145 277  -1 -3  0 -9 
145 310   1 -2  0 -9 
145 320   1 -4  0 -9 
145 343  -1 -3  0 -9 
145 411  -1 -3  0 -9 
145 417  -1 -3  0 -9 
145 425  -1 -3  0 -9 
145 433   1 -4  0 -9 
145 435  -1 -3  0 -9 
145 445  -1 -3  0 -9 
145 458   1 -2  0 -9 
145 492   1 -4  0 -9 
145 508   1 -4  0 -9 
145 518  -1 -3  0 -9 
145 564   1 -4  0 -9 
146 142  -1 -1  0 -9 
146 146   1  0  0 -9 
146 190  -1 -3  0 -9 
146 199   1 -2  0 -9 
146 203  -1 -1  0 -9 
146 235  -1 -3  0 -9 
146 266  -1 -1  0 -9 
146 278  -1 -3  0 -9 
146 311   1 -2  0 -9 
146 321   1 -4  0 -9 
146 344  -1 -3  0 -9 
146 418  -1 -3  0 -9 
146 426  -1 -3  0 -9 
146 436  -1 -3  0 -9 
146 459   1 -2  0 -9 
146 509   1 -4  0 -9 
146 519  -1 -3  0 -9 
146 565   1 -4  0 -9 
147 51  -1 -3  0 -9 
147 136  -1 -1  0 -9 
147 147   1  0  0 -9 
147 193   1 -2  0 -9 
147 204  -1 -1  0 -9 
147 214  -1 -3  0 -9 
147 267  -1 -1  0 -9 
147 302  -1 -3  0 -9 
147 312   1 -2  0 -9 
147 345  -1 -3  0 -9 
147 412  -1 -3  0 -9 
147 427  -1 -3  0 -9 
147 434   1 -4  0 -9 
147 446  -1 -3  0 -9 
147 460   1 -2  0 -9 
147 493   1 -4  0 -9 
147 520  -1 -3  0 -9 
147 566   1 -4  0 -9 
148 148   1  0  0 -9 
148 205  -1 -1  0 -9 
148 268  -1 -1  0 -9 
148 297  -1 -3  0 -9 
148 303  -1 -3  0 -9 
148 304  -1 -3  0 -9 
148 313   1 -2  0 -9 
148 346  -1 -3  0 -9 
148 428  -1 -3  0 -9 
148 445  -1 -3  0 -9 
148 447  -1 -3  0 -9 
148 461   1 -2  0 -9 
148 521  -1 -3  0 -9 
148 567   1 -4  0 -9 
149 149   1  0  0 -9 
149 206  -1 -1  0 -9 
149 269  -1 -1  0 -9 
149 305  -1 -3  0 -9 
149 314   1 -2  0 -9 
149 347  -1 -3  0 -9 
149 429  -1 -3  0 -9 
149 448  -1 -3  0 -9 
149 462   1 -2  0 -9 
149 522  -1 -3  0 -9 
149 568   1 -4  0 -9 
150 143  -1 -1  0 -9 
150 150   1  0  0 -9 
150 200   1 -2  0 -9 
150 207  -1 -1  0 -9 
150 236  -1 -3  0 -9 
150 270  -1 -1  0 -9 
150 315   1 -2  0 -9 
150 348  -1 -3  0 -9 
150 419  -1 -3  0 -9 
150 430  -1 -3  0 -9 
150 463   1 -2  0 -9 
150 510   1 -4  0 -9 
150 523  -1 -3  0 -9 
150 569   1 -4  0 -9 
151 141  -1 -1  0 -9 
151 144  -1 -1  0 -9 
151 151   1  0  0 -9 
151 198   1 -2  0 -9 
151 201   1 -2  0 -9 
151 208  -1 -1  0 -9 
151 234  -1 -3  0 -9 
151 237  -1 -3  0 -9 
151 271  -1 -1  0 -9 
151 316   1 -2  0 -9 
151 349  -1 -3  0 -9 
151 417  -1 -3  0 -9 
151 420  -1 -3  0 -9 
151 431  -1 -3  0 -9 
151 464   1 -2  0 -9 
151 508   1 -4  0 -9 
151 511   1 -4  0 -9 
151 524  -1 -3  0 -9 
151 570   1 -4  0 -9 
152 152   1  0  0 -9 
152 209  -1 -1  0 -9 
152 272  -1 -1  0 -9 
152 304  -1 -3  0 -9 
152 317   1 -2  0 -9 
152 350  -1 -3  0 -9 
152 432  -1 -3  0 -9 
152 465   1 -2  0 -9 
152 525  -1 -3  0 -9 
152 571   1 -4  0 -9 
153 153  -1 -6  0 -9 
153 189   1 -7  0 -9 
154 154  -1 -6  0 -9 
154 210   1 -7  0 -9 
155 155  -1 -6  0 -9 
155 211   1 -7  0 -9 
156 18  -1 -4  0 -9 
156 123   1 -3  0 -9 
156 153  -1 -5  0 -9 
156 189   1 -6  0 -9 
156 273  -1 -5  0 -9 
156 294   1 -6  0 -9 
157 19  -1 -4  0 -9 
157 124   1 -3  0 -9 
157 274  -1 -5  0 -9 
157 295   1 -6  0 -9 
158 154  -1 -5  0 -9 
158 168   1 -3  0 -9 
158 210   1 -6  0 -9 
158 213  -1 -4  0 -9 
158 275  -1 -5  0 -9 
158 318   1 -6  0 -9 
159 169   1 -3  0 -9 
159 214  -1 -4  0 -9 
159 276  -1 -5  0 -9 
159 319   1 -6  0 -9 
160 154  -1 -4  0 -9 
160 170   1 -3  0 -9 
160 210   1 -5  0 -9 
160 215  -1 -4  0 -9 
160 277  -1 -5  0 -9 
160 320   1 -6  0 -9 
161 155  -1 -4  0 -9 
161 171   1 -3  0 -9 
161 211   1 -5  0 -9 
161 216  -1 -4  0 -9 
161 278  -1 -5  0 -9 
161 321   1 -6  0 -9 
162 172   1 -3  0 -9 
162 217  -1 -4  0 -9 
162 279  -1 -5  0 -9 
162 322   1 -6  0 -9 
163 155  -1 -5  0 -9 
163 173   1 -3  0 -9 
163 211   1 -6  0 -9 
163 218  -1 -4  0 -9 
163 280  -1 -5  0 -9 
163 323   1 -6  0 -9 
164 275  -1 -4  0 -9 
164 281   1 -3  0 -9 
164 318   1 -5  0 -9 
164 330  -1 -4  0 -9 
165 276  -1 -4  0 -9 
165 277  -1 -4  0 -9 
165 282   1 -3  0 -9 
165 319   1 -5  0 -9 
165 320   1 -5  0 -9 
165 331  -1 -4  0 -9 
166 278  -1 -4  0 -9 
166 279  -1 -4  0 -9 
166 283   1 -3  0 -9 
166 321   1 -5  0 -9 
166 322   1 -5  0 -9 
166 332  -1 -4  0 -9 
167 280  -1 -4  0 -9 
167 284   1 -3  0 -9 
167 323   1 -5  0 -9 
167 333  -1 -4  0 -9 
168 154  -1 -4  0 -9 
168 158   1 -3  0 -9 
168 213  -1 -5  0 -9 
168 275  -1 -4  0 -9 
168 433   1 -6  0 -9 
169 159   1 -3  0 -9 
169 214  -1 -5  0 -9 
169 276  -1 -4  0 -9 
169 434   1 -6  0 -9 
170 154  -1 -5  0 -9 
170 160   1 -3  0 -9 
170 210   1 -6  0 -9 
170 215  -1 -5  0 -9 
170 277  -1 -4  0 -9 
170 435   1 -6  0 -9 
171 155  -1 -5  0 -9 
171 161   1 -3  0 -9 
171 211   1 -6  0 -9 
171 216  -1 -5  0 -9 
171 278  -1 -4  0 -9 
171 436   1 -6  0 -9 
172 162   1 -3  0 -9 
172 217  -1 -5  0 -9 
172 279  -1 -4  0 -9 
172 437   1 -6  0 -9 
173 155  -1 -4  0 -9 
173 163   1 -3  0 -9 
173 218  -1 -5  0 -9 
173 280  -1 -4  0 -9 
173 438   1 -6  0 -9 
174 154  -1 -4  0 -9 
174 190  -1 -4  0 -9 
174 210   1 -5  0 -9 
174 215  -1 -4  0 -9 
174 219   1 -3  0 -9 
174 238  -1 -4  0 -9 
174 435   1 -5  0 -9 
174 439  -1 -4  0 -9 
174 512   1 -5  0 -9 
175 155  -1 -4  0 -9 
175 211   1 -5  0 -9 
175 212  -1 -4  0 -9 
175 216  -1 -4  0 -9 
175 220   1 -3  0 -9 
175 239  -1 -4  0 -9 
175 436   1 -5  0 -9 
175 440  -1 -4  0 -9 
175 513   1 -5  0 -9 
176 217  -1 -4  0 -9 
176 221   1 -3  0 -9 
176 240  -1 -4  0 -9 
176 437   1 -5  0 -9 
176 441  -1 -4  0 -9 
176 514   1 -5  0 -9 
177 218  -1 -4  0 -9 
177 222   1 -3  0 -9 
177 241  -1 -4  0 -9 
177 438   1 -5  0 -9 
177 442  -1 -4  0 -9 
177 515   1 -5  0 -9 
178 223   1 -3  0 -9 
178 242  -1 -4  0 -9 
178 443  -1 -4  0 -9 
178 516   1 -5  0 -9 
179 224   1 -3  0 -9 
179 243  -1 -4  0 -9 
179 444  -1 -4  0 -9 
179 517   1 -5  0 -9 
180 154  -1 -3  0 -9 
180 160  -1 -1  0 -9 
180 170   1 -2  0 -9 
180 174  -1 -1  0 -9 
180 180   1  0  0 -9 
180 190  -1 -3  0 -9 
180 210   1 -4  0 -9 
180 215  -1 -3  0 -9 
180 219   1 -2  0 -9 
180 225  -1 -1  0 -9 
180 238  -1 -3  0 -9 
180 277   1 -2 -1 -4  0 -9 
180 285  -1 -1  0 -9 
180 320   1 -5  0 -9 
180 334   1 -2  0 -9 
180 351  -1 -3  0 -9 
180 439  -1 -3  0 -9 
180 449  -1 -3  0 -9 
180 466   1 -2  0 -9 
180 512   1 -4  0 -9 
180 526  -1 -3  0 -9 
180 572   1 -4  0 -9 
181 155  -1 -3  0 -9 
181 161  -1 -1  0 -9 
181 171   1 -2  0 -9 
181 175  -1 -1  0 -9 
181 181   1  0  0 -9 
181 211   1 -4  0 -9 
181 212  -1 -3  0 -9 
181 216  -1 -3  0 -9 
181 220   1 -2  0 -9 
181 226  -1 -1  0 -9 
181 239  -1 -3  0 -9 
181 278   1 -2 -1 -4  0 -9 
181 286  -1 -1  0 -9 
181 321   1 -5  0 -9 
181 335   1 -2  0 -9 
181 352  -1 -3  0 -9 
181 440  -1 -3  0 -9 
181 450  -1 -3  0 -9 
181 467   1 -2  0 -9 
181 513   1 -4  0 -9 
181 527  -1 -3  0 -9 
181 573   1 -4  0 -9 
182 165  -1 -1  0 -9 
182 182   1  0  0 -9 
182 227  -1 -1  0 -9 
182 276  -1 -3  0 -9 
182 277  -1 -3  0 -9 
182 282   1 -2  0 -9 
182 287  -1 -1  0 -9 
182 297  -1 -3  0 -9 
182 319   1 -4  0 -9 
182 320   1 -4  0 -9 
182 324  -1 -3  0 -9 
182 331  -1 -3  0 -9 
182 336   1 -2  0 -9 
182 353  -1 -3  0 -9 
182 451  -1 -3  0 -9 
182 468   1 -2  0 -9 
182 528  -1 -3  0 -9 
182 574   1 -4  0 -9 
183 166  -1 -1  0 -9 
183 183   1  0  0 -9 
183 228  -1 -1  0 -9 
183 278  -1 -3  0 -9 
183 279  -1 -3  0 -9 
183 283   1 -2  0 -9 
183 288  -1 -1  0 -9 
183 321   1 -4  0 -9 
183 322   1 -4  0 -9 
183 325  -1 -3  0 -9 
183 326  -1 -3  0 -9 
183 332  -1 -3  0 -9 
183 337   1 -2  0 -9 
183 354  -1 -3  0 -9 
183 452  -1 -3  0 -9 
183 469   1 -2  0 -9 
183 529  -1 -3  0 -9 
183 575   1 -4  0 -9 
184 167  -1 -1  0 -9 
184 184   1  0  0 -9 
184 229  -1 -1  0 -9 
184 280  -1 -3  0 -9 
184 284   1 -2  0 -9 
184 289  -1 -1  0 -9 
184 323   1 -4  0 -9 
184 327  -1 -3  0 -9 
184 333  -1 -3  0 -9 
184 338   1 -2  0 -9 
184 355  -1 -3  0 -9 
184 453  -1 -3  0 -9 
184 470   1 -2  0 -9 
184 530  -1 -3  0 -9 
184 576   1 -4  0 -9 
185 176  -1 -1  0 -9 
185 185   1  0  0 -9 
185 217  -1 -3  0 -9 
185 221   1 -2  0 -9 
185 230  -1 -1  0 -9 
185 240  -1 -3  0 -9 
185 290  -1 -1  0 -9 
185 328  -1 -3  0 -9 
185 339   1 -2  0 -9 
185 356  -1 -3  0 -9 
185 437   1 -4  0 -9 
185 441  -1 -3  0 -9 
185 447  -1 -3  0 -9 
185 454  -1 -3  0 -9 
185 471   1 -2  0 -9 
185 514   1 -4  0 -9 
185 531  -1 -3  0 -9 
185 577   1 -4  0 -9 
186 177  -1 -1  0 -9 
186 178  -1 -1  0 -9 
186 186   1  0  0 -9 
186 218  -1 -3  0 -9 
186 222   1 -2  0 -9 
186 223   1 -2  0 -9 
186 231  -1 -1  0 -9 
186 241  -1 -3  0 -9 
186 242  -1 -3  0 -9 
186 278  -1 -3  0 -9 
186 291  -1 -1  0 -9 
186 321   1 -4  0 -9 
186 340   1 -2  0 -9 
186 357  -1 -3  0 -9 
186 436  -1 -3  0 -9 
186 438   1 -4  0 -9 
186 442  -1 -3  0 -9 
186 443  -1 -3  0 -9 
186 448  -1 -3  0 -9 
186 455  -1 -3  0 -9 
186 472   1 -2  0 -9 
186 515   1 -4  0 -9 
186 516   1 -4  0 -9 
186 532  -1 -3  0 -9 
186 578   1 -4  0 -9 
187 179  -1 -1  0 -9 
187 187   1  0  0 -9 
187 224   1 -2  0 -9 
187 232  -1 -1  0 -9 
187 243  -1 -3  0 -9 
187 292  -1 -1  0 -9 
187 341   1 -2  0 -9 
187 358  -1 -3  0 -9 
187 444  -1 -3  0 -9 
187 456  -1 -3  0 -9 
187 473   1 -2  0 -9 
187 517   1 -4  0 -9 
187 533  -1 -3  0 -9 
187 579   1 -4  0 -9 
188 188   1  0  0 -9 
188 233  -1 -1  0 -9 
188 293  -1 -1  0 -9 
188 329  -1 -3  0 -9 
188 342   1 -2  0 -9 
188 359  -1 -3  0 -9 
188 448  -1 -3  0 -9 
188 457  -1 -3  0 -9 
188 474   1 -2  0 -9 
188 534  -1 -3  0 -9 
188 580   1 -4  0 -9 
189 189   1 -8  0 -9 
190 190   1 -8  0 -9 
191 191   1 -8  0 -9 
192 50  -1 -5  0 -9 
192 135   1 -3  0 -9 
192 190   1 -6  0 -9 
192 213  -1 -5  0 -9 
192 296   1 -6  0 -9 
192 411  -1 -5  0 -9 
192 433   1 -6  0 -9 
192 492   1 -6  0 -9 
193 51  -1 -5  0 -9 
193 136   1 -3  0 -9 
193 214  -1 -5  0 -9 
193 297   1 -6  0 -9 
193 412  -1 -5  0 -9 
193 434   1 -6  0 -9 
193 493   1 -6  0 -9 
194 18  -1 -5  0 -9 
194 52  -1 -5  0 -9 
194 137   1 -3  0 -9 
194 154  -1 -5  0 -9 
194 189   1 -7  0 -9 
194 190   1 -7  0 -9 
194 210   1 -6  0 -9 
194 215  -1 -5  0 -9 
194 298   1 -6  0 -9 
194 409   1 -6  0 -9 
194 413  -1 -5  0 -9 
194 435   1 -6  0 -9 
194 494   1 -6  0 -9 
195 53  -1 -5  0 -9 
195 138   1 -3  0 -9 
195 155  -1 -5  0 -9 
195 191   1 -7  0 -9 
195 211   1 -6  0 -9 
195 216  -1 -5  0 -9 
195 299   1 -6  0 -9 
195 414  -1 -5  0 -9 
195 436   1 -6  0 -9 
195 495   1 -6  0 -9 
196 19  -1 -5  0 -9 
196 54  -1 -5  0 -9 
196 139   1 -3  0 -9 
196 217  -1 -5  0 -9 
196 300   1 -6  0 -9 
196 410   1 -6  0 -9 
196 415  -1 -5  0 -9 
196 437   1 -6  0 -9 
196 496   1 -6  0 -9 
197 55  -1 -5  0 -9 
197 140   1 -3  0 -9 
197 191   1 -6  0 -9 
197 218  -1 -5  0 -9 
197 301   1 -6  0 -9 
197 416  -1 -5  0 -9 
197 438   1 -6  0 -9 
197 497   1 -6  0 -9 
198 141   1 -3  0 -9 
198 190   1 -6  0 -9 
198 234  -1 -5  0 -9 
198 302   1 -6  0 -9 
198 417  -1 -5  0 -9 
198 508   1 -6  0 -9 
199 142   1 -3  0 -9 
199 190   1 -7  0 -9 
199 235  -1 -5  0 -9 
199 303   1 -6  0 -9 
199 418  -1 -5  0 -9 
199 509   1 -6  0 -9 
200 143   1 -3  0 -9 
200 236  -1 -5  0 -9 
200 304   1 -6  0 -9 
200 419  -1 -5  0 -9 
200 510   1 -6  0 -9 
201 144   1 -3  0 -9 
201 190   1 -6  0 -9 
201 237  -1 -5  0 -9 
201 305   1 -6  0 -9 
201 420  -1 -5  0 -9 
201 511   1 -6  0 -9 
202 50  -1 -4  0 -9 
202 190   1 -5  0 -9 
202 213  -1 -4  0 -9 
202 234  -1 -4  0 -9 
202 277  -1 -4  0 -9 
202 296   1 -5  0 -9 
202 302   1 -5  0 -9 
202 320   1 -5  0 -9 
202 343  -1 -4  0 -9 
202 411  -1 -4  0 -9 
202 417  -1 -4  0 -9 
202 425  -1 -4  0 -9 
202 433   1 -5  0 -9 
202 435  -1 -4  0 -9 
202 445  -1 -4  0 -9 
202 458   1 -3  0 -9 
202 492   1 -5  0 -9 
202 508   1 -5  0 -9 
202 518  -1 -4  0 -9 
202 564   1 -5  0 -9 
203 235  -1 -4  0 -9 
203 278  -1 -4  0 -9 
203 303   1 -5  0 -9 
203 321   1 -5  0 -9 
203 344  -1 -4  0 -9 
203 418  -1 -4  0 -9 
203 426  -1 -4  0 -9 
203 436  -1 -4  0 -9 
203 459   1 -3  0 -9 
203 509   1 -5  0 -9 
203 519  -1 -4  0 -9 
203 565   1 -5  0 -9 
204 51  -1 -4  0 -9 
204 214  -1 -4  0 -9 
204 297   1 -5  0 -9 
204 345  -1 -4  0 -9 
204 412  -1 -4  0 -9 
204 427  -1 -4  0 -9 
204 434   1 -5  0 -9 
204 446  -1 -4  0 -9 
204 460   1 -3  0 -9 
204 493   1 -5  0 -9 
204 520  -1 -4  0 -9 
204 566   1 -5  0 -9 
205 346  -1 -4  0 -9 
205 428  -1 -4  0 -9 
205 445  -1 -4  0 -9 
205 447  -1 -4  0 -9 
205 461   1 -3  0 -9 
205 521  -1 -4  0 -9 
205 567   1 -5  0 -9 
206 347  -1 -4  0 -9 
206 429  -1 -4  0 -9 
206 448  -1 -4  0 -9 
206 462   1 -3  0 -9 
206 522  -1 -4  0 -9 
206 568   1 -5  0 -9 
207 236  -1 -4  0 -9 
207 304   1 -5  0 -9 
207 348  -1 -4  0 -9 
207 419  -1 -4  0 -9 
207 430  -1 -4  0 -9 
207 463   1 -3  0 -9 
207 510   1 -5  0 -9 
207 523  -1 -4  0 -9 
207 569   1 -5  0 -9 
208 190   1 -5  0 -9 
208 234  -1 -4  0 -9 
208 237  -1 -4  0 -9 
208 302   1 -5  0 -9 
208 305   1 -5  0 -9 
208 349  -1 -4  0 -9 
208 417  -1 -4  0 -9 
208 420  -1 -4  0 -9 
208 431  -1 -4  0 -9 
208 464   1 -3  0 -9 
208 508   1 -5  0 -9 
208 511   1 -5  0 -9 
208 524  -1 -4  0 -9 
208 570   1 -5  0 -9 
209 350  -1 -4  0 -9 
209 432  -1 -4  0 -9 
209 465   1 -3  0 -9 
209 525  -1 -4  0 -9 
209 571   1 -5  0 -9 
210 210   1 -8  0 -9 
211 211   1 -8  0 -9 
212 212   1 -8  0 -9 
213 213  -1 -6  0 -9 
213 433   1 -7  0 -9 
214 214  -1 -6  0 -9 
214 434   1 -7  0 -9 
215 210   1 -7  0 -9 
215 215  -1 -6  0 -9 
215 435   1 -7  0 -9 
216 211   1 -7  0 -9 
216 216  -1 -6  0 -9 
216 436   1 -7  0 -9 
217 217  -1 -6  0 -9 
217 437   1 -7  0 -9 
218 218  -1 -6  0 -9 
218 438   1 -7  0 -9 
219 154  -1 -5  0 -9 
219 174   1 -3  0 -9 
219 190   1 -7  0 -9 
219 210   1 -6  0 -9 
219 215  -1 -5  0 -9 
219 238  -1 -5  0 -9 
219 324   1 -6  0 -9 
219 435   1 -6  0 -9 
219 439  -1 -5  0 -9 
219 512   1 -6  0 -9 
220 155  -1 -5  0 -9 
220 175   1 -3  0 -9 
220 211   1 -6  0 -9 
220 212   1 -7  0 -9 
220 216  -1 -5  0 -9 
220 239  -1 -5  0 -9 
220 325   1 -6  0 -9 
220 436   1 -6  0 -9 
220 440  -1 -5  0 -9 
220 513   1 -6  0 -9 
221 176   1 -3  0 -9 
221 217  -1 -5  0 -9 
221 240  -1 -5  0 -9 
221 326   1 -6  0 -9 
221 437   1 -6  0 -9 
221 441  -1 -5  0 -9 
221 514   1 -6  0 -9 
222 177   1 -3  0 -9 
222 212   1 -6  0 -9 
222 218  -1 -5  0 -9 
222 241  -1 -5  0 -9 
222 327   1 -6  0 -9 
222 438   1 -6  0 -9 
222 442  -1 -5  0 -9 
222 515   1 -6  0 -9 
223 178   1 -3  0 -9 
223 212   1 -6  0 -9 
223 242  -1 -5  0 -9 
223 328   1 -6  0 -9 
223 443  -1 -5  0 -9 
223 516   1 -6  0 -9 
224 179   1 -3  0 -9 
224 243  -1 -5  0 -9 
224 329   1 -6  0 -9 
224 444  -1 -5  0 -9 
224 517   1 -6  0 -9 
225 238  -1 -4  0 -9 
225 324   1 -5  0 -9 
225 351  -1 -4  0 -9 
225 439  -1 -4  0 -9 
225 449  -1 -4  0 -9 
225 466   1 -3  0 -9 
225 512   1 -5  0 -9 
225 526  -1 -4  0 -9 
225 572   1 -5  0 -9 
226 239  -1 -4  0 -9 
226 325   1 -5  0 -9 
226 352  -1 -4  0 -9 
226 440  -1 -4  0 -9 
226 450  -1 -4  0 -9 
226 467   1 -3  0 -9 
226 513   1 -5  0 -9 
226 527  -1 -4  0 -9 
226 573   1 -5  0 -9 
227 353  -1 -4  0 -9 
227 451  -1 -4  0 -9 
227 468   1 -3  0 -9 
227 528  -1 -4  0 -9 
227 574   1 -5  0 -9 
228 354  -1 -4  0 -9 
228 452  -1 -4  0 -9 
228 469   1 -3  0 -9 
228 529  -1 -4  0 -9 
228 575   1 -5  0 -9 
229 355  -1 -4  0 -9 
229 453  -1 -4  0 -9 
229 470   1 -3  0 -9 
229 530  -1 -4  0 -9 
229 576   1 -5  0 -9 
230 217  -1 -4  0 -9 
230 240  -1 -4  0 -9 
230 326   1 -5  0 -9 
230 356  -1 -4  0 -9 
230 437   1 -5  0 -9 
230 441  -1 -4  0 -9 
230 447  -1 -4  0 -9 
230 454  -1 -4  0 -9 
230 471   1 -3  0 -9 
230 514   1 -5  0 -9 
230 531  -1 -4  0 -9 
230 577   1 -5  0 -9 
231 212   1 -5  0 -9 
231 218  -1 -4  0 -9 
231 241  -1 -4  0 -9 
231 242  -1 -4  0 -9 
231 278  -1 -4  0 -9 
231 321   1 -5  0 -9 
231 327   1 -5  0 -9 
231 328   1 -5  0 -9 
231 357  -1 -4  0 -9 
231 436  -1 -4  0 -9 
231 438   1 -5  0 -9 
231 442  -1 -4  0 -9 
231 443  -1 -4  0 -9 
231 448  -1 -4  0 -9 
231 455  -1 -4  0 -9 
231 472   1 -3  0 -9 
231 515   1 -5  0 -9 
231 516   1 -5  0 -9 
231 532  -1 -4  0 -9 
231 578   1 -5  0 -9 
232 243  -1 -4  0 -9 
232 329   1 -5  0 -9 
232 358  -1 -4  0 -9 
232 444  -1 -4  0 -9 
232 456  -1 -4  0 -9 
232 473   1 -3  0 -9 
232 517   1 -5  0 -9 
232 533  -1 -4  0 -9 
232 579   1 -5  0 -9 
233 359  -1 -4  0 -9 
233 448  -1 -4  0 -9 
233 457  -1 -4  0 -9 
233 474   1 -3  0 -9 
233 534  -1 -4  0 -9 
233 580   1 -5  0 -9 
234 190   1 -7  0 -9 
234 234  -1 -6  0 -9 
234 508   1 -7  0 -9 
235 235  -1 -6  0 -9 
235 509   1 -7  0 -9 
236 236  -1 -6  0 -9 
236 510   1 -7  0 -9 
237 237  -1 -6  0 -9 
237 511   1 -7  0 -9 
238 238  -1 -6  0 -9 
238 512   1 -7  0 -9 
239 239  -1 -6  0 -9 
239 513   1 -7  0 -9 
240 240  -1 -6  0 -9 
240 514   1 -7  0 -9 
241 241  -1 -6  0 -9 
241 515   1 -7  0 -9 
242 212   1 -7  0 -9 
242 242  -1 -6  0 -9 
242 516   1 -7  0 -9 
243 243  -1 -6  0 -9 
243 517   1 -7  0 -9 
244 238  -1 -5  0 -9 
244 302   1 -5  0 -9 
244 360  -1 -4  0 -9 
244 417  -1 -4  0 -9 
244 475   1 -3  0 -9 
244 512   1 -6  0 -9 
244 535  -1 -4  0 -9 
244 581   1 -5  0 -9 
245 240  -1 -4  0 -9 
245 361  -1 -4  0 -9 
245 476   1 -3  0 -9 
245 514   1 -5  0 -9 
245 536  -1 -4  0 -9 
245 582   1 -5  0 -9 
246 51  -1 -4  0 -9 
246 238  -1 -4  0 -9 
246 241  -1 -4  0 -9 
246 362  -1 -4  0 -9 
246 477   1 -3  0 -9 
246 493   1 -5  0 -9 
246 512   1 -5  0 -9 
246 515   1 -5  0 -9 
246 537  -1 -4  0 -9 
246 583   1 -5  0 -9 
247 363  -1 -4  0 -9 
247 478   1 -3  0 -9 
247 538  -1 -4  0 -9 
247 584   1 -5  0 -9 
248 239  -1 -5  0 -9 
248 328   1 -5  0 -9 
248 364  -1 -4  0 -9 
248 443  -1 -4  0 -9 
248 479   1 -3  0 -9 
248 513   1 -6  0 -9 
248 539  -1 -4  0 -9 
248 585   1 -5  0 -9 
249 240  -1 -5  0 -9 
249 365  -1 -4  0 -9 
249 480   1 -3  0 -9 
249 514   1 -6  0 -9 
249 540  -1 -4  0 -9 
249 586   1 -5  0 -9 
250 241  -1 -5  0 -9 
250 366  -1 -4  0 -9 
250 481   1 -3  0 -9 
250 515   1 -6  0 -9 
250 541  -1 -4  0 -9 
250 587   1 -5  0 -9 
251 241  -1 -4  0 -9 
251 367  -1 -4  0 -9 
251 482   1 -3  0 -9 
251 515   1 -5  0 -9 
251 542  -1 -4  0 -9 
251 588   1 -5  0 -9 
252 368  -1 -4  0 -9 
252 483   1 -3  0 -9 
252 543  -1 -4  0 -9 
252 589   1 -5  0 -9 
253  1   1 -3  0 -9 
253 68  -1 -5  0 -9 
253 273  -1 -5  0 -9 
253 294   1 -6  0 -9 
254  2   1 -3  0 -9 
254 69  -1 -5  0 -9 
254 274  -1 -5  0 -9 
254 295   1 -6  0 -9 
255 68  -1 -4  0 -9 
255 70   1 -3  0 -9 
255 88  -1 -4  0 -9 
255 275  -1 -5  0 -9 
255 318   1 -6  0 -9 
256 69  -1 -4  0 -9 
256 71   1 -3  0 -9 
256 89  -1 -4  0 -9 
256 276  -1 -5  0 -9 
256 319   1 -6  0 -9 
257 72   1 -3  0 -9 
257 90  -1 -4  0 -9 
257 277  -1 -5  0 -9 
257 320   1 -6  0 -9 
258 73   1 -3  0 -9 
258 91  -1 -4  0 -9 
258 278  -1 -5  0 -9 
258 321   1 -6  0 -9 
259 74   1 -3  0 -9 
259 92  -1 -4  0 -9 
259 279  -1 -5  0 -9 
259 322   1 -6  0 -9 
260 75   1 -3  0 -9 
260 93  -1 -4  0 -9 
260 280  -1 -5  0 -9 
260 323   1 -6  0 -9 
261 98  -1 -4  0 -9 
261 275  -1 -4  0 -9 
261 296  -1 -4  0 -9 
261 306   1 -3  0 -9 
261 318   1 -5  0 -9 
261 330  -1 -4  0 -9 
261 421  -1 -4  0 -9 
261 445   1 -5  0 -9 
261 552   1 -5  0 -9 
262 19  -1 -4  0 -9 
262 68  -1 -4  0 -9 
262 99  -1 -4  0 -9 
262 273  -1 -4  0 -9 
262 276  -1 -4  0 -9 
262 277  -1 -4  0 -9 
262 294   1 -5  0 -9 
262 295  -1 -4  0 -9 
262 297  -1 -4  0 -9 
262 298  -1 -4  0 -9 
262 307   1 -3  0 -9 
262 319   1 -5  0 -9 
262 320   1 -5  0 -9 
262 331  -1 -4  0 -9 
262 410   1 -5  0 -9 
262 422  -1 -4  0 -9 
262 446   1 -5  0 -9 
262 553   1 -5  0 -9 
263 100  -1 -4  0 -9 
263 278  -1 -4  0 -9 
263 279  -1 -4  0 -9 
263 299  -1 -4  0 -9 
263 300  -1 -4  0 -9 
263 308   1 -3  0 -9 
263 321   1 -5  0 -9 
263 322   1 -5  0 -9 
263 332  -1 -4  0 -9 
263 423  -1 -4  0 -9 
263 447   1 -5  0 -9 
263 554   1 -5  0 -9 
264 101  -1 -4  0 -9 
264 280  -1 -4  0 -9 
264 301  -1 -4  0 -9 
264 309   1 -3  0 -9 
264 323   1 -5  0 -9 
264 333  -1 -4  0 -9 
264 424  -1 -4  0 -9 
264 448   1 -5  0 -9 
264 555   1 -5  0 -9 
265 277  -1 -4  0 -9 
265 310   1 -3  0 -9 
265 320   1 -5  0 -9 
265 343  -1 -4  0 -9 
265 425  -1 -4  0 -9 
265 564   1 -5  0 -9 
266 278  -1 -4  0 -9 
266 311   1 -3  0 -9 
266 321   1 -5  0 -9 
266 344  -1 -4  0 -9 
266 426  -1 -4  0 -9 
266 565   1 -5  0 -9 
267 302  -1 -4  0 -9 
267 312   1 -3  0 -9 
267 345  -1 -4  0 -9 
267 427  -1 -4  0 -9 
267 566   1 -5  0 -9 
268 297  -1 -4  0 -9 
268 303  -1 -4  0 -9 
268 304  -1 -4  0 -9 
268 313   1 -3  0 -9 
268 346  -1 -4  0 -9 
268 428  -1 -4  0 -9 
268 567   1 -5  0 -9 
269 305  -1 -4  0 -9 
269 314   1 -3  0 -9 
269 347  -1 -4  0 -9 
269 429  -1 -4  0 -9 
269 568   1 -5  0 -9 
270 315   1 -3  0 -9 
270 348  -1 -4  0 -9 
270 430  -1 -4  0 -9 
270 569   1 -5  0 -9 
271 316   1 -3  0 -9 
271 349  -1 -4  0 -9 
271 431  -1 -4  0 -9 
271 570   1 -5  0 -9 
272 304  -1 -4  0 -9 
272 317   1 -3  0 -9 
272 350  -1 -4  0 -9 
272 432  -1 -4  0 -9 
272 571   1 -5  0 -9 
273 273  -1 -6  0 -9 
273 294   1 -7  0 -9 
274 274  -1 -6  0 -9 
274 295   1 -7  0 -9 
275 275  -1 -6  0 -9 
275 318   1 -7  0 -9 
276 276  -1 -6  0 -9 
276 319   1 -7  0 -9 
277 277  -1 -6  0 -9 
277 320   1 -7  0 -9 
278 278  -1 -6  0 -9 
278 321   1 -7  0 -9 
279 279  -1 -6  0 -9 
279 322   1 -7  0 -9 
280 280  -1 -6  0 -9 
280 323   1 -7  0 -9 
281 164   1 -3  0 -9 
281 275  -1 -5  0 -9 
281 318   1 -6  0 -9 
281 330  -1 -5  0 -9 
281 445   1 -6  0 -9 
282 165   1 -3  0 -9 
282 276  -1 -5  0 -9 
282 277  -1 -5  0 -9 
282 319   1 -6  0 -9 
282 320   1 -6  0 -9 
282 331  -1 -5  0 -9 
282 446   1 -6  0 -9 
283 166   1 -3  0 -9 
283 278  -1 -5  0 -9 
283 279  -1 -5  0 -9 
283 321   1 -6  0 -9 
283 322   1 -6  0 -9 
283 332  -1 -5  0 -9 
283 447   1 -6  0 -9 
284 167   1 -3  0 -9 
284 280  -1 -5  0 -9 
284 323   1 -6  0 -9 
284 333  -1 -5  0 -9 
284 448   1 -6  0 -9 
285 277  -1 -5  0 -9 
285 320   1 -6  0 -9 
285 334   1 -3  0 -9 
285 351  -1 -4  0 -9 
285 449  -1 -4  0 -9 
285 572   1 -5  0 -9 
286 278  -1 -5  0 -9 
286 321   1 -6  0 -9 
286 335   1 -3  0 -9 
286 352  -1 -4  0 -9 
286 450  -1 -4  0 -9 
286 573   1 -5  0 -9 
287 276  -1 -4  0 -9 
287 277  -1 -4  0 -9 
287 297  -1 -4  0 -9 
287 319   1 -5  0 -9 
287 320   1 -5  0 -9 
287 324  -1 -4  0 -9 
287 331  -1 -4  0 -9 
287 336   1 -3  0 -9 
287 353  -1 -4  0 -9 
287 446   1 -5  0 -9 
287 451  -1 -4  0 -9 
287 574   1 -5  0 -9 
288 278  -1 -4  0 -9 
288 279  -1 -4  0 -9 
288 321   1 -5  0 -9 
288 322   1 -5  0 -9 
288 325  -1 -4  0 -9 
288 326  -1 -4  0 -9 
288 332  -1 -4  0 -9 
288 337   1 -3  0 -9 
288 354  -1 -4  0 -9 
288 447   1 -5  0 -9 
288 452  -1 -4  0 -9 
288 575   1 -5  0 -9 
289 280  -1 -4  0 -9 
289 323   1 -5  0 -9 
289 327  -1 -4  0 -9 
289 333  -1 -4  0 -9 
289 338   1 -3  0 -9 
289 355  -1 -4  0 -9 
289 448   1 -5  0 -9 
289 453  -1 -4  0 -9 
289 576   1 -5  0 -9 
290 328  -1 -4  0 -9 
290 339   1 -3  0 -9 
290 356  -1 -4  0 -9 
290 454  -1 -4  0 -9 
290 577   1 -5  0 -9 
291 278  -1 -4  0 -9 
291 321   1 -5  0 -9 
291 340   1 -3  0 -9 
291 357  -1 -4  0 -9 
291 455  -1 -4  0 -9 
291 578   1 -5  0 -9 
292 341   1 -3  0 -9 
292 358  -1 -4  0 -9 
292 456  -1 -4  0 -9 
292 579   1 -5  0 -9 
293 329  -1 -4  0 -9 
293 342   1 -3  0 -9 
293 359  -1 -4  0 -9 
293 457  -1 -4  0 -9 
293 580   1 -5  0 -9 
294 294   1 -8  0 -9 
295 295   1 -8  0 -9 
296 296   1 -8  0 -9 
297 297   1 -8  0 -9 
298 298   1 -8  0 -9 
299 299   1 -8  0 -9 
300 300   1 -8  0 -9 
301 301   1 -8  0 -9 
302 302   1 -8  0 -9 
303 303   1 -8  0 -9 
304 304   1 -8  0 -9 
305 305   1 -8  0 -9 
306 98  -1 -5  0 -9 
306 261   1 -3  0 -9 
306 275  -1 -5  0 -9 
306 296   1 -7  0 -9 
306 318   1 -6  0 -9 
306 330  -1 -5  0 -9 
306 421  -1 -5  0 -9 
306 445   1 -6  0 -9 
306 552   1 -6  0 -9 
307 19  -1 -5  0 -9 
307 68  -1 -5  0 -9 
307 99  -1 -5  0 -9 
307 262   1 -3  0 -9 
307 273  -1 -5  0 -9 
307 276  -1 -5  0 -9 
307 277  -1 -5  0 -9 
307 294   1 -6  0 -9 
307 295   1 -7  0 -9 
307 297   1 -7  0 -9 
307 298   1 -7  0 -9 
307 319   1 -6  0 -9 
307 320   1 -6  0 -9 
307 331  -1 -5  0 -9 
307 410   1 -6  0 -9 
307 422  -1 -5  0 -9 
307 446   1 -6  0 -9 
307 553   1 -6  0 -9 
308 100  -1 -5  0 -9 
308 263   1 -3  0 -9 
308 278  -1 -5  0 -9 
308 279  -1 -5  0 -9 
308 299   1 -7  0 -9 
308 300   1 -7  0 -9 
308 321   1 -6  0 -9 
308 322   1 -6  0 -9 
308 332  -1 -5  0 -9 
308 423  -1 -5  0 -9 
308 447   1 -6  0 -9 
308 554   1 -6  0 -9 
309 101  -1 -5  0 -9 
309 264   1 -3  0 -9 
309 280  -1 -5  0 -9 
309 301   1 -7  0 -9 
309 323   1 -6  0 -9 
309 333  -1 -5  0 -9 
309 424  -1 -5  0 -9 
309 448   1 -6  0 -9 
309 555   1 -6  0 -9 
310 265   1 -3  0 -9 
310 277  -1 -5  0 -9 
310 296   1 -6  0 -9 
310 302   1 -6  0 -9 
310 320   1 -6  0 -9 
310 343  -1 -5  0 -9 
310 425  -1 -5  0 -9 
310 564   1 -6  0 -9 
311 266   1 -3  0 -9 
311 278  -1 -5  0 -9 
311 303   1 -6  0 -9 
311 321   1 -6  0 -9 
311 344  -1 -5  0 -9 
311 426  -1 -5  0 -9 
311 565   1 -6  0 -9 
312 267   1 -3  0 -9 
312 297   1 -6  0 -9 
312 302   1 -7  0 -9 
312 345  -1 -5  0 -9 
312 427  -1 -5  0 -9 
312 566   1 -6  0 -9 
313 268   1 -3  0 -9 
313 297   1 -7  0 -9 
313 303   1 -7  0 -9 
313 304   1 -7  0 -9 
313 346  -1 -5  0 -9 
313 428  -1 -5  0 -9 
313 567   1 -6  0 -9 
314 269   1 -3  0 -9 
314 305   1 -7  0 -9 
314 347  -1 -5  0 -9 
314 429  -1 -5  0 -9 
314 568   1 -6  0 -9 
315 270   1 -3  0 -9 
315 304   1 -6  0 -9 
315 348  -1 -5  0 -9 
315 430  -1 -5  0 -9 
315 569   1 -6  0 -9 
316 271   1 -3  0 -9 
316 302   1 -6  0 -9 
316 305   1 -6  0 -9 
316 349  -1 -5  0 -9 
316 431  -1 -5  0 -9 
316 570   1 -6  0 -9 
317 272   1 -3  0 -9 
317 304   1 -7  0 -9 
317 350  -1 -5  0 -9 
317 432  -1 -5  0 -9 
317 571   1 -6  0 -9 
318 318   1 -8  0 -9 
319 319   1 -8  0 -9 
320 320   1 -8  0 -9 
321 321   1 -8  0 -9 
322 322   1 -8  0 -9 
323 323   1 -8  0 -9 
324 324   1 -8  0 -9 
325 325   1 -8  0 -9 
326 326   1 -8  0 -9 
327 327   1 -8  0 -9 
328 328   1 -8  0 -9 
329 329   1 -8  0 -9 
330 318   1 -7  0 -9 
330 330  -1 -6  0 -9 
330 445   1 -7  0 -9 
331 319   1 -7  0 -9 
331 320   1 -7  0 -9 
331 331  -1 -6  0 -9 
331 446   1 -7  0 -9 
332 321   1 -7  0 -9 
332 322   1 -7  0 -9 
332 332  -1 -6  0 -9 
332 447   1 -7  0 -9 
333 323   1 -7  0 -9 
333 333  -1 -6  0 -9 
333 448   1 -7  0 -9 
334 277  -1 -4  0 -9 
334 285   1 -3  0 -9 
334 324   1 -6  0 -9 
334 351  -1 -5  0 -9 
334 449  -1 -5  0 -9 
334 572   1 -6  0 -9 
335 278  -1 -4  0 -9 
335 286   1 -3  0 -9 
335 325   1 -6  0 -9 
335 352  -1 -5  0 -9 
335 450  -1 -5  0 -9 
335 573   1 -6  0 -9 
336 276  -1 -5  0 -9 
336 277  -1 -5  0 -9 
336 287   1 -3  0 -9 
336 297   1 -7  0 -9 
336 319   1 -6  0 -9 
336 320   1 -6  0 -9 
336 324   1 -7  0 -9 
336 331  -1 -5  0 -9 
336 353  -1 -5  0 -9 
336 446   1 -6  0 -9 
336 451  -1 -5  0 -9 
336 574   1 -6  0 -9 
337 278  -1 -5  0 -9 
337 279  -1 -5  0 -9 
337 288   1 -3  0 -9 
337 321   1 -6  0 -9 
337 322   1 -6  0 -9 
337 325   1 -7  0 -9 
337 326   1 -7  0 -9 
337 332  -1 -5  0 -9 
337 354  -1 -5  0 -9 
337 447   1 -6  0 -9 
337 452  -1 -5  0 -9 
337 575   1 -6  0 -9 
338 280  -1 -5  0 -9 
338 289   1 -3  0 -9 
338 323   1 -6  0 -9 
338 327   1 -7  0 -9 
338 333  -1 -5  0 -9 
338 355  -1 -5  0 -9 
338 448   1 -6  0 -9 
338 453  -1 -5  0 -9 
338 576   1 -6  0 -9 
339 290   1 -3  0 -9 
339 326   1 -6  0 -9 
339 328   1 -7  0 -9 
339 356  -1 -5  0 -9 
339 454  -1 -5  0 -9 
339 577   1 -6  0 -9 
340 278  -1 -5  0 -9 
340 291   1 -3  0 -9 
340 321   1 -6  0 -9 
340 327   1 -6  0 -9 
340 328   1 -6  0 -9 
340 357  -1 -5  0 -9 
340 455  -1 -5  0 -9 
340 578   1 -6  0 -9 
341 292   1 -3  0 -9 
341 329   1 -6  0 -9 
341 358  -1 -5  0 -9 
341 456  -1 -5  0 -9 
341 579   1 -6  0 -9 
342 293   1 -3  0 -9 
342 329   1 -7  0 -9 
342 359  -1 -5  0 -9 
342 457  -1 -5  0 -9 
342 580   1 -6  0 -9 
343 296   1 -7  0 -9 
343 302   1 -7  0 -9 
343 320   1 -7  0 -9 
343 343  -1 -6  0 -9 
343 564   1 -7  0 -9 
344 303   1 -7  0 -9 
344 321   1 -7  0 -9 
344 344  -1 -6  0 -9 
344 565   1 -7  0 -9 
345 297   1 -7  0 -9 
345 345  -1 -6  0 -9 
345 566   1 -7  0 -9 
346 346  -1 -6  0 -9 
346 567   1 -7  0 -9 
347 347  -1 -6  0 -9 
347 568   1 -7  0 -9 
348 304   1 -7  0 -9 
348 348  -1 -6  0 -9 
348 569   1 -7  0 -9 
349 302   1 -7  0 -9 
349 305   1 -7  0 -9 
349 349  -1 -6  0 -9 
349 570   1 -7  0 -9 
350 350  -1 -6  0 -9 
350 571   1 -7  0 -9 
351 324   1 -7  0 -9 
351 351  -1 -6  0 -9 
351 572   1 -7  0 -9 
352 325   1 -7  0 -9 
352 352  -1 -6  0 -9 
352 573   1 -7  0 -9 
353 353  -1 -6  0 -9 
353 574   1 -7  0 -9 
354 354  -1 -6  0 -9 
354 575   1 -7  0 -9 
355 355  -1 -6  0 -9 
355 576   1 -7  0 -9 
356 326   1 -7  0 -9 
356 356  -1 -6  0 -9 
356 577   1 -7  0 -9 
357 321   1 -7  0 -9 
357 327   1 -7  0 -9 
357 328   1 -7  0 -9 
357 357  -1 -6  0 -9 
357 578   1 -7  0 -9 
358 329   1 -7  0 -9 
358 358  -1 -6  0 -9 
358 579   1 -7  0 -9 
359 359  -1 -6  0 -9 
359 580   1 -7  0 -9 
360 302   1 -7  0 -9 
360 360  -1 -6  0 -9 
360 581   1 -7  0 -9 
361 361  -1 -6  0 -9 
361 582   1 -7  0 -9 
362 362  -1 -6  0 -9 
362 583   1 -7  0 -9 
363 363  -1 -6  0 -9 
363 584   1 -7  0 -9 
364 328   1 -7  0 -9 
364 364  -1 -6  0 -9 
364 585   1 -7  0 -9 
365 365  -1 -6  0 -9 
365 586   1 -7  0 -9 
366 366  -1 -6  0 -9 
366 587   1 -7  0 -9 
367 367  -1 -6  0 -9 
367 588   1 -7  0 -9 
368 368  -1 -6  0 -9 
368 589   1 -7  0 -9 
369 112  -1 -5  0 -9 
369 302   1 -6  0 -9 
369 353  -1 -5  0 -9 
369 360  -1 -5  0 -9 
369 427  -1 -4  0 -9 
369 449  -1 -4  0 -9 
369 484   1 -3  0 -9 
369 544  -1 -4  0 -9 
369 558   1 -6  0 -9 
369 574   1 -6  0 -9 
369 581   1 -6  0 -9 
370 361  -1 -5  0 -9 
370 430  -1 -4  0 -9 
370 485   1 -3  0 -9 
370 545  -1 -4  0 -9 
370 582   1 -6  0 -9 
371 362  -1 -5  0 -9 
371 431  -1 -4  0 -9 
371 450  -1 -4  0 -9 
371 486   1 -3  0 -9 
371 546  -1 -4  0 -9 
371 583   1 -6  0 -9 
372 328   1 -6  0 -9 
372 354  -1 -5  0 -9 
372 364  -1 -5  0 -9 
372 365  -1 -5  0 -9 
372 450  -1 -4  0 -9 
372 454  -1 -4  0 -9 
372 487   1 -3  0 -9 
372 547  -1 -4  0 -9 
372 575   1 -6  0 -9 
372 585   1 -6  0 -9 
372 586   1 -6  0 -9 
373 355  -1 -5  0 -9 
373 366  -1 -5  0 -9 
373 455  -1 -4  0 -9 
373 488   1 -3  0 -9 
373 548  -1 -4  0 -9 
373 576   1 -6  0 -9 
373 587   1 -6  0 -9 
374 367  -1 -5  0 -9 
374 450  -1 -4  0 -9 
374 456  -1 -4  0 -9 
374 489   1 -3  0 -9 
374 549  -1 -4  0 -9 
374 588   1 -6  0 -9 
375 363  -1 -5  0 -9 
375 365  -1 -5  0 -9 
375 490   1 -3  0 -9 
375 550  -1 -4  0 -9 
375 584   1 -6  0 -9 
375 586   1 -6  0 -9 
376 368  -1 -5  0 -9 
376 491   1 -3  0 -9 
376 551  -1 -4  0 -9 
376 589   1 -6  0 -9 
377 18  -1 -4  0 -9 
377 20   1 -3  0 -9 
377 48  -1 -5  0 -9 
377 50  -1 -5  0 -9 
377 88  -1 -5  0 -9 
377 190   1 -6  0 -9 
377 296   1 -6  0 -9 
377 411  -1 -5  0 -9 
377 433   1 -6  0 -9 
377 492   1 -6  0 -9 
378 19  -1 -4  0 -9 
378 21   1 -3  0 -9 
378 51  -1 -5  0 -9 
378 89  -1 -5  0 -9 
378 297   1 -6  0 -9 
378 412  -1 -5  0 -9 
378 434   1 -6  0 -9 
378 493   1 -6  0 -9 
379 18  -1 -5  0 -9 
379 22   1 -3  0 -9 
379 52  -1 -5  0 -9 
379 90  -1 -5  0 -9 
379 298   1 -6  0 -9 
379 409   1 -6  0 -9 
379 413  -1 -5  0 -9 
379 435   1 -6  0 -9 
379 494   1 -6  0 -9 
380 23   1 -3  0 -9 
380 53  -1 -5  0 -9 
380 91  -1 -5  0 -9 
380 299   1 -6  0 -9 
380 414  -1 -5  0 -9 
380 436   1 -6  0 -9 
380 495   1 -6  0 -9 
381 19  -1 -5  0 -9 
381 24   1 -3  0 -9 
381 54  -1 -5  0 -9 
381 92  -1 -5  0 -9 
381 300   1 -6  0 -9 
381 410   1 -6  0 -9 
381 415  -1 -5  0 -9 
381 437   1 -6  0 -9 
381 496   1 -6  0 -9 
382 25   1 -3  0 -9 
382 49  -1 -5  0 -9 
382 55  -1 -5  0 -9 
382 93  -1 -5  0 -9 
382 191   1 -6  0 -9 
382 301   1 -6  0 -9 
382 416  -1 -5  0 -9 
382 438   1 -6  0 -9 
382 497   1 -6  0 -9 
383 52  -1 -4  0 -9 
383 56   1 -3  0 -9 
383 94  -1 -5  0 -9 
383 302   1 -6  0 -9 
383 417  -1 -5  0 -9 
383 508   1 -6  0 -9 
384 48  -1 -4  0 -9 
384 50  -1 -4  0 -9 
384 53  -1 -4  0 -9 
384 57   1 -3  0 -9 
384 95  -1 -5  0 -9 
384 303   1 -6  0 -9 
384 418  -1 -5  0 -9 
384 509   1 -6  0 -9 
385 54  -1 -4  0 -9 
385 58   1 -3  0 -9 
385 96  -1 -5  0 -9 
385 304   1 -6  0 -9 
385 419  -1 -5  0 -9 
385 510   1 -6  0 -9 
386 48  -1 -5  0 -9 
386 51  -1 -4  0 -9 
386 55  -1 -4  0 -9 
386 59   1 -3  0 -9 
386 97  -1 -5  0 -9 
386 190   1 -6  0 -9 
386 305   1 -6  0 -9 
386 420  -1 -5  0 -9 
386 511   1 -6  0 -9 
387 26   1 -3  0 -9 
387 98  -1 -5  0 -9 
387 421  -1 -5  0 -9 
387 445   1 -6  0 -9 
387 552   1 -6  0 -9 
388 19  -1 -5  0 -9 
388 27   1 -3  0 -9 
388 99  -1 -5  0 -9 
388 410   1 -6  0 -9 
388 422  -1 -5  0 -9 
388 446   1 -6  0 -9 
388 553   1 -6  0 -9 
389 28   1 -3  0 -9 
389 100  -1 -5  0 -9 
389 423  -1 -5  0 -9 
389 447   1 -6  0 -9 
389 554   1 -6  0 -9 
390 29   1 -3  0 -9 
390 101  -1 -5  0 -9 
390 424  -1 -5  0 -9 
390 448   1 -6  0 -9 
390 555   1 -6  0 -9 
391 98  -1 -4  0 -9 
391 102   1 -3  0 -9 
391 110  -1 -4  0 -9 
391 425  -1 -5  0 -9 
391 564   1 -6  0 -9 
392 103   1 -3  0 -9 
392 111  -1 -4  0 -9 
392 426  -1 -5  0 -9 
392 565   1 -6  0 -9 
393 94  -1 -4  0 -9 
393 99  -1 -4  0 -9 
393 104   1 -3  0 -9 
393 112  -1 -4  0 -9 
393 427  -1 -5  0 -9 
393 566   1 -6  0 -9 
394 51  -1 -4  0 -9 
394 89  -1 -4  0 -9 
394 95  -1 -4  0 -9 
394 96  -1 -4  0 -9 
394 98  -1 -4  0 -9 
394 100  -1 -4  0 -9 
394 105   1 -3  0 -9 
394 113  -1 -4  0 -9 
394 428  -1 -5  0 -9 
394 567   1 -6  0 -9 
395 97  -1 -4  0 -9 
395 101  -1 -4  0 -9 
395 106   1 -3  0 -9 
395 114  -1 -4  0 -9 
395 429  -1 -5  0 -9 
395 568   1 -6  0 -9 
396 107   1 -3  0 -9 
396 115  -1 -4  0 -9 
396 430  -1 -5  0 -9 
396 569   1 -6  0 -9 
397 108   1 -3  0 -9 
397 116  -1 -4  0 -9 
397 431  -1 -5  0 -9 
397 570   1 -6  0 -9 
398 96  -1 -4  0 -9 
398 109   1 -3  0 -9 
398 117  -1 -4  0 -9 
398 432  -1 -5  0 -9 
398 571   1 -6  0 -9 
399 50  -1 -4  0 -9 
399 60   1 -3  0 -9 
399 110  -1 -5  0 -9 
399 498  -1 -5  0 -9 
399 518   1 -6  0 -9 
399 556   1 -6  0 -9 
400 50  -1 -5  0 -9 
400 61   1 -3  0 -9 
400 111  -1 -5  0 -9 
400 492   1 -6  0 -9 
400 499  -1 -5  0 -9 
400 519   1 -6  0 -9 
400 557   1 -6  0 -9 
401 51  -1 -4  0 -9 
401 62   1 -3  0 -9 
401 112  -1 -5  0 -9 
401 500  -1 -5  0 -9 
401 520   1 -6  0 -9 
401 558   1 -6  0 -9 
402 51  -1 -5  0 -9 
402 63   1 -3  0 -9 
402 113  -1 -5  0 -9 
402 493   1 -6  0 -9 
402 501  -1 -5  0 -9 
402 521   1 -6  0 -9 
402 559   1 -6  0 -9 
403 64   1 -3  0 -9 
403 114  -1 -5  0 -9 
403 502  -1 -5  0 -9 
403 522   1 -6  0 -9 
403 560   1 -6  0 -9 
404 54  -1 -5  0 -9 
404 65   1 -3  0 -9 
404 115  -1 -5  0 -9 
404 496   1 -6  0 -9 
404 503  -1 -5  0 -9 
404 523   1 -6  0 -9 
404 561   1 -6  0 -9 
405 51  -1 -5  0 -9 
405 52  -1 -5  0 -9 
405 55  -1 -5  0 -9 
405 66   1 -3  0 -9 
405 116  -1 -5  0 -9 
405 493   1 -6  0 -9 
405 494   1 -6  0 -9 
405 497   1 -6  0 -9 
405 504  -1 -5  0 -9 
405 524   1 -6  0 -9 
405 562   1 -6  0 -9 
406 67   1 -3  0 -9 
406 117  -1 -5  0 -9 
406 505  -1 -5  0 -9 
406 525   1 -6  0 -9 
406 563   1 -6  0 -9 
407 113  -1 -4  0 -9 
407 118   1 -3  0 -9 
407 506  -1 -5  0 -9 
407 590   1 -6  0 -9 
408 112  -1 -4  0 -9 
408 114  -1 -4  0 -9 
408 119   1 -3  0 -9 
408 507  -1 -5  0 -9 
408 591   1 -6  0 -9 
409 409   1 -8  0 -9 
410 410   1 -8  0 -9 
411 190   1 -7  0 -9 
411 296   1 -7  0 -9 
411 411  -1 -6  0 -9 
411 433   1 -7  0 -9 
411 492   1 -7  0 -9 
412 297   1 -7  0 -9 
412 412  -1 -6  0 -9 
412 434   1 -7  0 -9 
412 493   1 -7  0 -9 
413 298   1 -7  0 -9 
413 409   1 -7  0 -9 
413 413  -1 -6  0 -9 
413 435   1 -7  0 -9 
413 494   1 -7  0 -9 
414 299   1 -7  0 -9 
414 414  -1 -6  0 -9 
414 436   1 -7  0 -9 
414 495   1 -7  0 -9 
415 300   1 -7  0 -9 
415 410   1 -7  0 -9 
415 415  -1 -6  0 -9 
415 437   1 -7  0 -9 
415 496   1 -7  0 -9 
416 191   1 -7  0 -9 
416 301   1 -7  0 -9 
416 416  -1 -6  0 -9 
416 438   1 -7  0 -9 
416 497   1 -7  0 -9 
417 302   1 -7  0 -9 
417 417  -1 -6  0 -9 
417 508   1 -7  0 -9 
418 303   1 -7  0 -9 
418 418  -1 -6  0 -9 
418 509   1 -7  0 -9 
419 304   1 -7  0 -9 
419 419  -1 -6  0 -9 
419 510   1 -7  0 -9 
420 190   1 -7  0 -9 
420 305   1 -7  0 -9 
420 420  -1 -6  0 -9 
420 511   1 -7  0 -9 
421 421  -1 -6  0 -9 
421 445   1 -7  0 -9 
421 552   1 -7  0 -9 
422 410   1 -7  0 -9 
422 422  -1 -6  0 -9 
422 446   1 -7  0 -9 
422 553   1 -7  0 -9 
423 423  -1 -6  0 -9 
423 447   1 -7  0 -9 
423 554   1 -7  0 -9 
424 424  -1 -6  0 -9 
424 448   1 -7  0 -9 
424 555   1 -7  0 -9 
425 425  -1 -6  0 -9 
425 564   1 -7  0 -9 
426 426  -1 -6  0 -9 
426 565   1 -7  0 -9 
427 427  -1 -6  0 -9 
427 566   1 -7  0 -9 
428 428  -1 -6  0 -9 
428 567   1 -7  0 -9 
429 429  -1 -6  0 -9 
429 568   1 -7  0 -9 
430 430  -1 -6  0 -9 
430 569   1 -7  0 -9 
431 431  -1 -6  0 -9 
431 570   1 -7  0 -9 
432 432  -1 -6  0 -9 
432 571   1 -7  0 -9 
433 433   1 -8  0 -9 
434 434   1 -8  0 -9 
435 435   1 -8  0 -9 
436 436   1 -8  0 -9 
437 437   1 -8  0 -9 
438 438   1 -8  0 -9 
439 324   1 -7  0 -9 
439 435   1 -7  0 -9 
439 439  -1 -6  0 -9 
439 512   1 -7  0 -9 
440 325   1 -7  0 -9 
440 436   1 -7  0 -9 
440 440  -1 -6  0 -9 
440 513   1 -7  0 -9 
441 326   1 -7  0 -9 
441 437   1 -7  0 -9 
441 441  -1 -6  0 -9 
441 514   1 -7  0 -9 
442 212   1 -7  0 -9 
442 327   1 -7  0 -9 
442 438   1 -7  0 -9 
442 442  -1 -6  0 -9 
442 515   1 -7  0 -9 
443 328   1 -7  0 -9 
443 443  -1 -6  0 -9 
443 516   1 -7  0 -9 
444 329   1 -7  0 -9 
444 444  -1 -6  0 -9 
444 517   1 -7  0 -9 
445 445   1 -8  0 -9 
446 446   1 -8  0 -9 
447 447   1 -8  0 -9 
448 448   1 -8  0 -9 
449 449  -1 -6  0 -9 
449 572   1 -7  0 -9 
450 450  -1 -6  0 -9 
450 573   1 -7  0 -9 
451 446   1 -7  0 -9 
451 451  -1 -6  0 -9 
451 574   1 -7  0 -9 
452 447   1 -7  0 -9 
452 452  -1 -6  0 -9 
452 575   1 -7  0 -9 
453 448   1 -7  0 -9 
453 453  -1 -6  0 -9 
453 576   1 -7  0 -9 
454 454  -1 -6  0 -9 
454 577   1 -7  0 -9 
455 455  -1 -6  0 -9 
455 578   1 -7  0 -9 
456 456  -1 -6  0 -9 
456 579   1 -7  0 -9 
457 457  -1 -6  0 -9 
457 580   1 -7  0 -9 
458 50  -1 -5  0 -9 
458 190   1 -6  0 -9 
458 202   1 -3  0 -9 
458 213  -1 -5  0 -9 
458 234  -1 -5  0 -9 
458 277  -1 -5  0 -9 
458 296   1 -6  0 -9 
458 302   1 -6  0 -9 
458 320   1 -6  0 -9 
458 343  -1 -5  0 -9 
458 411  -1 -5  0 -9 
458 417  -1 -5  0 -9 
458 425  -1 -5  0 -9 
458 433   1 -6  0 -9 
458 435   1 -7  0 -9 
458 445   1 -7  0 -9 
458 492   1 -6  0 -9 
458 508   1 -6  0 -9 
458 518   1 -7  0 -9 
458 564   1 -6  0 -9 
459 203   1 -3  0 -9 
459 235  -1 -5  0 -9 
459 278  -1 -5  0 -9 
459 303   1 -6  0 -9 
459 321   1 -6  0 -9 
459 344  -1 -5  0 -9 
459 418  -1 -5  0 -9 
459 426  -1 -5  0 -9 
459 436   1 -7  0 -9 
459 509   1 -6  0 -9 
459 519   1 -7  0 -9 
459 565   1 -6  0 -9 
460 51  -1 -5  0 -9 
460 204   1 -3  0 -9 
460 214  -1 -5  0 -9 
460 297   1 -6  0 -9 
460 345  -1 -5  0 -9 
460 412  -1 -5  0 -9 
460 427  -1 -5  0 -9 
460 434   1 -6  0 -9 
460 446   1 -7  0 -9 
460 493   1 -6  0 -9 
460 520   1 -7  0 -9 
460 566   1 -6  0 -9 
461 205   1 -3  0 -9 
461 346  -1 -5  0 -9 
461 428  -1 -5  0 -9 
461 445   1 -7  0 -9 
461 447   1 -7  0 -9 
461 521   1 -7  0 -9 
461 567   1 -6  0 -9 
462 206   1 -3  0 -9 
462 347  -1 -5  0 -9 
462 429  -1 -5  0 -9 
462 448   1 -7  0 -9 
462 522   1 -7  0 -9 
462 568   1 -6  0 -9 
463 207   1 -3  0 -9 
463 236  -1 -5  0 -9 
463 304   1 -6  0 -9 
463 348  -1 -5  0 -9 
463 419  -1 -5  0 -9 
463 430  -1 -5  0 -9 
463 510   1 -6  0 -9 
463 523   1 -7  0 -9 
463 569   1 -6  0 -9 
464 190   1 -6  0 -9 
464 208   1 -3  0 -9 
464 234  -1 -5  0 -9 
464 237  -1 -5  0 -9 
464 302   1 -6  0 -9 
464 305   1 -6  0 -9 
464 349  -1 -5  0 -9 
464 417  -1 -5  0 -9 
464 420  -1 -5  0 -9 
464 431  -1 -5  0 -9 
464 508   1 -6  0 -9 
464 511   1 -6  0 -9 
464 524   1 -7  0 -9 
464 570   1 -6  0 -9 
465 209   1 -3  0 -9 
465 350  -1 -5  0 -9 
465 432  -1 -5  0 -9 
465 525   1 -7  0 -9 
465 571   1 -6  0 -9 
466 225   1 -3  0 -9 
466 238  -1 -5  0 -9 
466 324   1 -6  0 -9 
466 351  -1 -5  0 -9 
466 435   1 -6  0 -9 
466 439  -1 -5  0 -9 
466 449  -1 -5  0 -9 
466 512   1 -6  0 -9 
466 526   1 -7  0 -9 
466 572   1 -6  0 -9 
467 226   1 -3  0 -9 
467 239  -1 -5  0 -9 
467 325   1 -6  0 -9 
467 352  -1 -5  0 -9 
467 436   1 -6  0 -9 
467 440  -1 -5  0 -9 
467 450  -1 -5  0 -9 
467 513   1 -6  0 -9 
467 527   1 -7  0 -9 
467 573   1 -6  0 -9 
468 227   1 -3  0 -9 
468 353  -1 -5  0 -9 
468 446   1 -6  0 -9 
468 451  -1 -5  0 -9 
468 528   1 -7  0 -9 
468 574   1 -6  0 -9 
469 228   1 -3  0 -9 
469 354  -1 -5  0 -9 
469 447   1 -6  0 -9 
469 452  -1 -5  0 -9 
469 529   1 -7  0 -9 
469 575   1 -6  0 -9 
470 229   1 -3  0 -9 
470 355  -1 -5  0 -9 
470 448   1 -6  0 -9 
470 453  -1 -5  0 -9 
470 530   1 -7  0 -9 
470 576   1 -6  0 -9 
471 217  -1 -5  0 -9 
471 230   1 -3  0 -9 
471 240  -1 -5  0 -9 
471 326   1 -6  0 -9 
471 356  -1 -5  0 -9 
471 437   1 -6  0 -9 
471 441  -1 -5  0 -9 
471 447   1 -7  0 -9 
471 454  -1 -5  0 -9 
471 514   1 -6  0 -9 
471 531   1 -7  0 -9 
471 577   1 -6  0 -9 
472 212   1 -6  0 -9 
472 218  -1 -5  0 -9 
472 231   1 -3  0 -9 
472 241  -1 -5  0 -9 
472 242  -1 -5  0 -9 
472 278  -1 -5  0 -9 
472 321   1 -6  0 -9 
472 327   1 -6  0 -9 
472 328   1 -6  0 -9 
472 357  -1 -5  0 -9 
472 436   1 -7  0 -9 
472 438   1 -6  0 -9 
472 442  -1 -5  0 -9 
472 443  -1 -5  0 -9 
472 448   1 -7  0 -9 
472 455  -1 -5  0 -9 
472 515   1 -6  0 -9 
472 516   1 -6  0 -9 
472 532   1 -7  0 -9 
472 578   1 -6  0 -9 
473 232   1 -3  0 -9 
473 243  -1 -5  0 -9 
473 329   1 -6  0 -9 
473 358  -1 -5  0 -9 
473 444  -1 -5  0 -9 
473 456  -1 -5  0 -9 
473 517   1 -6  0 -9 
473 533   1 -7  0 -9 
473 579   1 -6  0 -9 
474 233   1 -3  0 -9 
474 359  -1 -5  0 -9 
474 448   1 -7  0 -9 
474 457  -1 -5  0 -9 
474 534   1 -7  0 -9 
474 580   1 -6  0 -9 
475 238  -1 -4  0 -9 
475 244   1 -3  0 -9 
475 302   1 -6  0 -9 
475 360  -1 -5  0 -9 
475 417  -1 -5  0 -9 
475 508   1 -6  0 -9 
475 526   1 -6  0 -9 
475 535  -1 -5  0 -9 
475 581   1 -6  0 -9 
476 240  -1 -5  0 -9 
476 245   1 -3  0 -9 
476 361  -1 -5  0 -9 
476 514   1 -6  0 -9 
476 523   1 -6  0 -9 
476 529   1 -6  0 -9 
476 536  -1 -5  0 -9 
476 582   1 -6  0 -9 
477 51  -1 -5  0 -9 
477 238  -1 -5  0 -9 
477 241  -1 -5  0 -9 
477 246   1 -3  0 -9 
477 362  -1 -5  0 -9 
477 493   1 -6  0 -9 
477 512   1 -6  0 -9 
477 515   1 -6  0 -9 
477 524   1 -6  0 -9 
477 527   1 -6  0 -9 
477 528   1 -6  0 -9 
477 530   1 -6  0 -9 
477 537  -1 -5  0 -9 
477 583   1 -6  0 -9 
478 247   1 -3  0 -9 
478 363  -1 -5  0 -9 
478 525   1 -6  0 -9 
478 530   1 -6  0 -9 
478 538  -1 -5  0 -9 
478 584   1 -6  0 -9 
479 239  -1 -4  0 -9 
479 248   1 -3  0 -9 
479 328   1 -6  0 -9 
479 364  -1 -5  0 -9 
479 443  -1 -5  0 -9 
479 516   1 -6  0 -9 
479 527   1 -6  0 -9 
479 539  -1 -5  0 -9 
479 585   1 -6  0 -9 
480 240  -1 -4  0 -9 
480 249   1 -3  0 -9 
480 365  -1 -5  0 -9 
480 531   1 -6  0 -9 
480 540  -1 -5  0 -9 
480 586   1 -6  0 -9 
481 241  -1 -4  0 -9 
481 250   1 -3  0 -9 
481 366  -1 -5  0 -9 
481 532   1 -6  0 -9 
481 541  -1 -5  0 -9 
481 587   1 -6  0 -9 
482 241  -1 -5  0 -9 
482 251   1 -3  0 -9 
482 367  -1 -5  0 -9 
482 515   1 -6  0 -9 
482 527   1 -6  0 -9 
482 530   1 -6  0 -9 
482 533   1 -6  0 -9 
482 542  -1 -5  0 -9 
482 588   1 -6  0 -9 
483 252   1 -3  0 -9 
483 368  -1 -5  0 -9 
483 534   1 -6  0 -9 
483 543  -1 -5  0 -9 
483 589   1 -6  0 -9 
484 112  -1 -4  0 -9 
484 353  -1 -4  0 -9 
484 360  -1 -4  0 -9 
484 369   1 -3  0 -9 
484 427  -1 -5  0 -9 
484 449  -1 -5  0 -9 
484 528   1 -6  0 -9 
484 544  -1 -5  0 -9 
484 566   1 -6  0 -9 
484 572   1 -6  0 -9 
484 592   1 -6  0 -9 
485 361  -1 -4  0 -9 
485 370   1 -3  0 -9 
485 430  -1 -5  0 -9 
485 545  -1 -5  0 -9 
485 569   1 -6  0 -9 
485 593   1 -6  0 -9 
486 362  -1 -4  0 -9 
486 371   1 -3  0 -9 
486 431  -1 -5  0 -9 
486 450  -1 -5  0 -9 
486 546  -1 -5  0 -9 
486 570   1 -6  0 -9 
486 573   1 -6  0 -9 
486 594   1 -6  0 -9 
487 354  -1 -4  0 -9 
487 364  -1 -4  0 -9 
487 365  -1 -4  0 -9 
487 372   1 -3  0 -9 
487 450  -1 -5  0 -9 
487 454  -1 -5  0 -9 
487 529   1 -6  0 -9 
487 547  -1 -5  0 -9 
487 573   1 -6  0 -9 
487 577   1 -6  0 -9 
487 595   1 -6  0 -9 
488 355  -1 -4  0 -9 
488 366  -1 -4  0 -9 
488 373   1 -3  0 -9 
488 455  -1 -5  0 -9 
488 530   1 -6  0 -9 
488 548  -1 -5  0 -9 
488 578   1 -6  0 -9 
488 596   1 -6  0 -9 
489 367  -1 -4  0 -9 
489 374   1 -3  0 -9 
489 450  -1 -5  0 -9 
489 456  -1 -5  0 -9 
489 549  -1 -5  0 -9 
489 573   1 -6  0 -9 
489 579   1 -6  0 -9 
489 597   1 -6  0 -9 
490 363  -1 -4  0 -9 
490 365  -1 -4  0 -9 
490 375   1 -3  0 -9 
490 550  -1 -5  0 -9 
490 598   1 -6  0 -9 
491 368  -1 -4  0 -9 
491 376   1 -3  0 -9 
491 551  -1 -5  0 -9 
491 599   1 -6  0 -9 
492 492   1 -8  0 -9 
493 493   1 -8  0 -9 
494 494   1 -8  0 -9 
495 495   1 -8  0 -9 
496 496   1 -8  0 -9 
497 497   1 -8  0 -9 
498 498  -1 -6  0 -9 
498 518   1 -7  0 -9 
498 556   1 -7  0 -9 
499 492   1 -7  0 -9 
499 499  -1 -6  0 -9 
499 519   1 -7  0 -9 
499 557   1 -7  0 -9 
500 500  -1 -6  0 -9 
500 520   1 -7  0 -9 
500 558   1 -7  0 -9 
501 493   1 -7  0 -9 
501 501  -1 -6  0 -9 
501 521   1 -7  0 -9 
501 559   1 -7  0 -9 
502 502  -1 -6  0 -9 
502 522   1 -7  0 -9 
502 560   1 -7  0 -9 
503 496   1 -7  0 -9 
503 503  -1 -6  0 -9 
503 523   1 -7  0 -9 
503 561   1 -7  0 -9 
504 493   1 -7  0 -9 
504 494   1 -7  0 -9 
504 497   1 -7  0 -9 
504 504  -1 -6  0 -9 
504 524   1 -7  0 -9 
504 562   1 -7  0 -9 
505 505  -1 -6  0 -9 
505 525   1 -7  0 -9 
505 563   1 -7  0 -9 
506 506  -1 -6  0 -9 
506 590   1 -7  0 -9 
507 507  -1 -6  0 -9 
507 591   1 -7  0 -9 
508 508   1 -8  0 -9 
509 509   1 -8  0 -9 
510 510   1 -8  0 -9 
511 511   1 -8  0 -9 
512 512   1 -8  0 -9 
513 513   1 -8  0 -9 
514 514   1 -8  0 -9 
515 515   1 -8  0 -9 
516 516   1 -8  0 -9 
517 517   1 -8  0 -9 
518 518   1 -8  0 -9 
519 519   1 -8  0 -9 
520 520   1 -8  0 -9 
521 521   1 -8  0 -9 
522 522   1 -8  0 -9 
523 523   1 -8  0 -9 
524 524   1 -8  0 -9 
525 525   1 -8  0 -9 
526 526   1 -8  0 -9 
527 527   1 -8  0 -9 
528 528   1 -8  0 -9 
529 529   1 -8  0 -9 
530 530   1 -8  0 -9 
531 531   1 -8  0 -9 
532 532   1 -8  0 -9 
533 533   1 -8  0 -9 
534 534   1 -8  0 -9 
535 526   1 -7  0 -9 
535 535  -1 -6  0 -9 
535 581   1 -7  0 -9 
536 514   1 -7  0 -9 
536 523   1 -7  0 -9 
536 529   1 -7  0 -9 
536 536  -1 -6  0 -9 
536 582   1 -7  0 -9 
537 493   1 -7  0 -9 
537 512   1 -7  0 -9 
537 515   1 -7  0 -9 
537 524   1 -7  0 -9 
537 527   1 -7  0 -9 
537 528   1 -7  0 -9 
537 530   1 -7  0 -9 
537 537  -1 -6  0 -9 
537 583   1 -7  0 -9 
538 525   1 -7  0 -9 
538 530   1 -7  0 -9 
538 538  -1 -6  0 -9 
538 584   1 -7  0 -9 
539 527   1 -7  0 -9 
539 539  -1 -6  0 -9 
539 585   1 -7  0 -9 
540 531   1 -7  0 -9 
540 540  -1 -6  0 -9 
540 586   1 -7  0 -9 
541 532   1 -7  0 -9 
541 541  -1 -6  0 -9 
541 587   1 -7  0 -9 
542 515   1 -7  0 -9 
542 527   1 -7  0 -9 
542 530   1 -7  0 -9 
542 533   1 -7  0 -9 
542 542  -1 -6  0 -9 
542 588   1 -7  0 -9 
543 534   1 -7  0 -9 
543 543  -1 -6  0 -9 
543 589   1 -7  0 -9 
544 528   1 -7  0 -9 
544 544  -1 -6  0 -9 
544 592   1 -7  0 -9 
545 545  -1 -6  0 -9 
545 593   1 -7  0 -9 
546 546  -1 -6  0 -9 
546 594   1 -7  0 -9 
547 529   1 -7  0 -9 
547 547  -1 -6  0 -9 
547 595   1 -7  0 -9 
548 530   1 -7  0 -9 
548 548  -1 -6  0 -9 
548 596   1 -7  0 -9 
549 549  -1 -6  0 -9 
549 597   1 -7  0 -9 
550 550  -1 -6  0 -9 
550 598   1 -7  0 -9 
551 551  -1 -6  0 -9 
551 599   1 -7  0 -9 
552 552   1 -8  0 -9 
553 553   1 -8  0 -9 
554 554   1 -8  0 -9 
555 555   1 -8  0 -9 
556 556   1 -8  0 -9 
557 557   1 -8  0 -9 
558 558   1 -8  0 -9 
559 559   1 -8  0 -9 
560 560   1 -8  0 -9 
561 561   1 -8  0 -9 
562 562   1 -8  0 -9 
563 563   1 -8  0 -9 
564 564   1 -8  0 -9 
565 565   1 -8  0 -9 
566 566   1 -8  0 -9 
567 567   1 -8  0 -9 
568 568   1 -8  0 -9 
569 569   1 -8  0 -9 
570 570   1 -8  0 -9 
571 571   1 -8  0 -9 
572 572   1 -8  0 -9 
573 573   1 -8  0 -9 
574 574   1 -8  0 -9 
575 575   1 -8  0 -9 
576 576   1 -8  0 -9 
577 577   1 -8  0 -9 
578 578   1 -8  0 -9 
579 579   1 -8  0 -9 
580 580   1 -8  0 -9 
581 581   1 -8  0 -9 
582 582   1 -8  0 -9 
583 583   1 -8  0 -9 
584 584   1 -8  0 -9 
585 585   1 -8  0 -9 
586 586   1 -8  0 -9 
587 587   1 -8  0 -9 
588 588   1 -8  0 -9 
589 589   1 -8  0 -9 
590 590   1 -8  0 -9 
591 591   1 -8  0 -9 
592 592   1 -8  0 -9 
593 593   1 -8  0 -9 
594 594   1 -8  0 -9 
595 595   1 -8  0 -9 
596 596   1 -8  0 -9 
597 597   1 -8  0 -9 
598 598   1 -8  0 -9 
599 599   1 -8  0 -9 
9999 9999
