 0  0  -1  2  0 -9 
 0  1  -1  0  0 -9 
 0  2   1  1  0 -9 
 0  3   1  1  0 -9 
 0  4  -1  0  0 -9 
 0  5   1 -1  0 -9 
 0  6   1 -1  0 -9 
 0  7  -1 -2  0 -9 
 1  6   1 -3  0 -9 
 1  7  -1 -4  0 -9 
 2  1  -1 -1  0 -9 
 2  2   1  0  0 -9 
 2  4  -1 -1  0 -9 
 2  5   1 -2  0 -9 
 2  6   1 -2  0 -9 
 2  7  -1 -3  0 -9 
 3  1  -1 -1  0 -9 
 3  3   1  0  0 -9 
 3  4  -1 -1  0 -9 
 3  5   1 -2  0 -9 
 3  6   1 -2  0 -9 
 3  7  -1 -3  0 -9 
 4  5   1 -3  0 -9 
 4  7  -1 -4  0 -9 
 5  4   1 -3  0 -9 
 5  7  -1 -5  0 -9 
 6  1   1 -3  0 -9 
 6  7  -1 -5  0 -9 
 7  7  -1 -6  0 -9 
 8  9   1 -3  0 -9 
 9  8   1 -3  0 -9 
10  8  -1  0  0 -9 
10 10  -1  2  0 -9 
10 11  -1  0  0 -9 
10 12   1  1  0 -9 
10 13   1  1  0 -9 
10 14  -1  0  0 -9 
10 15   1 -1  0 -9 
10 16   1 -1  0 -9 
10 17  -1 -2  0 -9 
11 16   1 -3  0 -9 
11 17  -1 -4  0 -9 
12 11  -1 -1  0 -9 
12 12   1  0  0 -9 
12 14  -1 -1  0 -9 
12 15   1 -2  0 -9 
12 16   1 -2  0 -9 
12 17  -1 -3  0 -9 
13  8  -1 -1  0 -9 
13  9   1 -2  0 -9 
13 11  -1 -1  0 -9 
13 13   1  0  0 -9 
13 14  -1 -1  0 -9 
13 15   1 -2  0 -9 
13 16   1 -2  0 -9 
13 17  -1 -3  0 -9 
14 15   1 -3  0 -9 
14 17  -1 -4  0 -9 
15 14   1 -3  0 -9 
15 17  -1 -5  0 -9 
16 11   1 -3  0 -9 
16 17  -1 -5  0 -9 
17 17  -1 -6  0 -9 
18  9  -1  0  0 -9 
18 18  -1  2  0 -9 
18 19  -1  0  0 -9 
18 20   1  1  0 -9 
18 21   1  1  0 -9 
18 22  -1  0  0 -9 
18 23   1 -1  0 -9 
18 24   1 -1  0 -9 
18 25  -1 -2  0 -9 
19 24   1 -3  0 -9 
19 25  -1 -4  0 -9 
20  8   1 -2  0 -9 
20  9  -1 -1  0 -9 
20 19  -1 -1  0 -9 
20 20   1  0  0 -9 
20 22  -1 -1  0 -9 
20 23   1 -2  0 -9 
20 24   1 -2  0 -9 
20 25  -1 -3  0 -9 
21 19  -1 -1  0 -9 
21 21   1  0  0 -9 
21 22  -1 -1  0 -9 
21 23   1 -2  0 -9 
21 24   1 -2  0 -9 
21 25  -1 -3  0 -9 
22 23   1 -3  0 -9 
22 25  -1 -4  0 -9 
23 22   1 -3  0 -9 
23 25  -1 -5  0 -9 
24 19   1 -3  0 -9 
24 25  -1 -5  0 -9 
25 25  -1 -6  0 -9 
26  1   1  1  0 -9 
26  6   1 -2  0 -9 
26  7  -1 -3  0 -9 
26 11   1  1  0 -9 
26 16   1 -2  0 -9 
26 17  -1 -3  0 -9 
26 19  -1  0  0 -9 
26 21   1  1  0 -9 
26 22  -1  0  0 -9 
26 23   1 -1  0 -9 
26 26  -1  2  0 -9 
26 27   1  1  0 -9 
26 28  -1  0  0 -9 
27 22  -1 -1  0 -9 
27 23   1 -2  0 -9 
27 25  -1 -3  0 -9 
27 27   1  0  0 -9 
27 28  -1 -1  0 -9 
27 29   1 -2  0 -9 
28 25  -1 -4  0 -9 
28 29   1 -3  0 -9 
29 25  -1 -5  0 -9 
29 28   1 -3  0 -9 
30 11  -1 -1  0 -9 
30 16   1 -2  0 -9 
30 17  -1 -3  0 -9 
30 30   1  0  0 -9 
30 32  -1 -1  0 -9 
30 33   1 -2  0 -9 
31 11  -1  0  0 -9 
31 12   1  1  0 -9 
31 14  -1  0  0 -9 
31 16   1 -1  0 -9 
31 22   1  1  0 -9 
31 23   1 -2  0 -9 
31 25  -1 -3  0 -9 
31 30   1  1  0 -9 
31 31  -1  2  0 -9 
31 32  -1  0  0 -9 
32 17  -1 -4  0 -9 
32 33   1 -3  0 -9 
33 17  -1 -5  0 -9 
33 32   1 -3  0 -9 
34 11  -1  0  0 -9 
34 16   1 -1  0 -9 
34 17  -1 -2  0 -9 
34 30   1  1  0 -9 
34 32  -1  0  0 -9 
34 33   1 -1  0 -9 
34 34  -1  2  0 -9 
34 36   1  1  0 -9 
34 37  -1  0  0 -9 
35 22  -1  0  0 -9 
35 23   1 -1  0 -9 
35 25  -1 -2  0 -9 
35 27   1  1  0 -9 
35 28  -1  0  0 -9 
35 29   1 -1  0 -9 
35 35  -1  2  0 -9 
35 38   1  1  0 -9 
35 39  -1  0  0 -9 
36 11  -1 -1  0 -9 
36 16   1 -2  0 -9 
36 17  -1 -3  0 -9 
36 32  -1 -1  0 -9 
36 33   1 -2  0 -9 
36 36   1  0  0 -9 
36 37  -1 -1  0 -9 
36 39   1 -2  0 -9 
37 39   1 -3  0 -9 
38 22  -1 -1  0 -9 
38 23   1 -2  0 -9 
38 25  -1 -3  0 -9 
38 28  -1 -1  0 -9 
38 29   1 -2  0 -9 
38 37   1 -2  0 -9 
38 38   1  0  0 -9 
38 39  -1 -1  0 -9 
39 37   1 -3  0 -9 
40 41   1 -3  0 -9 
41 40   1 -3  0 -9 
42 40  -1  0  0 -9 
42 42  -1  2  0 -9 
42 43  -1  0  0 -9 
42 44   1  1  0 -9 
42 45   1  1  0 -9 
42 46  -1  0  0 -9 
42 47   1 -1  0 -9 
42 48   1 -1  0 -9 
42 49  -1 -2  0 -9 
43 48   1 -3  0 -9 
43 49  -1 -4  0 -9 
44 43  -1 -1  0 -9 
44 44   1  0  0 -9 
44 46  -1 -1  0 -9 
44 47   1 -2  0 -9 
44 48   1 -2  0 -9 
44 49  -1 -3  0 -9 
45 40  -1 -1  0 -9 
45 41   1 -2  0 -9 
45 43  -1 -1  0 -9 
45 45   1  0  0 -9 
45 46  -1 -1  0 -9 
45 47   1 -2  0 -9 
45 48   1 -2  0 -9 
45 49  -1 -3  0 -9 
46 47   1 -3  0 -9 
46 49  -1 -4  0 -9 
47 46   1 -3  0 -9 
47 49  -1 -5  0 -9 
48 43   1 -3  0 -9 
48 49  -1 -5  0 -9 
49 49  -1 -6  0 -9 
50 41  -1  0  0 -9 
50 50  -1  2  0 -9 
50 51  -1  0  0 -9 
50 52   1  1  0 -9 
50 53   1  1  0 -9 
50 54  -1  0  0 -9 
50 55   1 -1  0 -9 
50 56   1 -1  0 -9 
50 57  -1 -2  0 -9 
51 56   1 -3  0 -9 
51 57  -1 -4  0 -9 
52 40   1 -2  0 -9 
52 41  -1 -1  0 -9 
52 51  -1 -1  0 -9 
52 52   1  0  0 -9 
52 54  -1 -1  0 -9 
52 55   1 -2  0 -9 
52 56   1 -2  0 -9 
52 57  -1 -3  0 -9 
53 51  -1 -1  0 -9 
53 53   1  0  0 -9 
53 54  -1 -1  0 -9 
53 55   1 -2  0 -9 
53 56   1 -2  0 -9 
53 57  -1 -3  0 -9 
54 55   1 -3  0 -9 
54 57  -1 -4  0 -9 
55 54   1 -3  0 -9 
55 57  -1 -5  0 -9 
56 51   1 -3  0 -9 
56 57  -1 -5  0 -9 
57 57  -1 -6  0 -9 
58 43   1  1  0 -9 
58 48   1 -2  0 -9 
58 49  -1 -3  0 -9 
58 51  -1  0  0 -9 
58 53   1  1  0 -9 
58 54  -1  0  0 -9 
58 55   1 -1  0 -9 
58 58  -1  2  0 -9 
58 59   1  1  0 -9 
58 60  -1  0  0 -9 
59 54  -1 -1  0 -9 
59 55   1 -2  0 -9 
59 57  -1 -3  0 -9 
59 59   1  0  0 -9 
59 60  -1 -1  0 -9 
59 61   1 -2  0 -9 
60 57  -1 -4  0 -9 
60 61   1 -3  0 -9 
61 57  -1 -5  0 -9 
61 60   1 -3  0 -9 
62 43  -1 -1  0 -9 
62 48   1 -2  0 -9 
62 49  -1 -3  0 -9 
62 62   1  0  0 -9 
62 64  -1 -1  0 -9 
62 65   1 -2  0 -9 
63  4   1  1  0 -9 
63  5   1 -2  0 -9 
63  7  -1 -3  0 -9 
63 43  -1  0  0 -9 
63 44   1  1  0 -9 
63 46  -1  0  0 -9 
63 48   1 -1  0 -9 
63 54   1  1  0 -9 
63 55   1 -2  0 -9 
63 57  -1 -3  0 -9 
63 62   1  1  0 -9 
63 63  -1  2  0 -9 
63 64  -1  0  0 -9 
64 49  -1 -4  0 -9 
64 65   1 -3  0 -9 
65 49  -1 -5  0 -9 
65 64   1 -3  0 -9 
66 43  -1  0  0 -9 
66 48   1 -1  0 -9 
66 49  -1 -2  0 -9 
66 62   1  1  0 -9 
66 64  -1  0  0 -9 
66 65   1 -1  0 -9 
66 66  -1  2  0 -9 
66 68   1  1  0 -9 
66 69  -1  0  0 -9 
67 54  -1  0  0 -9 
67 55   1 -1  0 -9 
67 57  -1 -2  0 -9 
67 59   1  1  0 -9 
67 60  -1  0  0 -9 
67 61   1 -1  0 -9 
67 67  -1  2  0 -9 
67 70   1  1  0 -9 
67 71  -1  0  0 -9 
68 43  -1 -1  0 -9 
68 48   1 -2  0 -9 
68 49  -1 -3  0 -9 
68 64  -1 -1  0 -9 
68 65   1 -2  0 -9 
68 68   1  0  0 -9 
68 69  -1 -1  0 -9 
68 71   1 -2  0 -9 
69 71   1 -3  0 -9 
70 54  -1 -1  0 -9 
70 55   1 -2  0 -9 
70 57  -1 -3  0 -9 
70 60  -1 -1  0 -9 
70 61   1 -2  0 -9 
70 69   1 -2  0 -9 
70 70   1  0  0 -9 
70 71  -1 -1  0 -9 
71 69   1 -3  0 -9 
72  9  -1  0  0 -9 
72 72  -1  2  0 -9 
72 73  -1  0  0 -9 
72 74   1  1  0 -9 
72 75   1  1  0 -9 
72 76  -1  0  0 -9 
72 77   1 -1  0 -9 
72 78   1 -1  0 -9 
72 79  -1 -2  0 -9 
73 78   1 -3  0 -9 
73 79  -1 -4  0 -9 
74  8   1 -2  0 -9 
74  9  -1 -1  0 -9 
74 73  -1 -1  0 -9 
74 74   1  0  0 -9 
74 76  -1 -1  0 -9 
74 77   1 -2  0 -9 
74 78   1 -2  0 -9 
74 79  -1 -3  0 -9 
75 73  -1 -1  0 -9 
75 75   1  0  0 -9 
75 76  -1 -1  0 -9 
75 77   1 -2  0 -9 
75 78   1 -2  0 -9 
75 79  -1 -3  0 -9 
76 77   1 -3  0 -9 
76 79  -1 -4  0 -9 
77 76   1 -3  0 -9 
77 79  -1 -5  0 -9 
78 73   1 -3  0 -9 
78 79  -1 -5  0 -9 
79 79  -1 -6  0 -9 
80 11   1  1  0 -9 
80 16   1 -2  0 -9 
80 17  -1 -3  0 -9 
80 73  -1  0  0 -9 
80 75   1  1  0 -9 
80 76  -1  0  0 -9 
80 77   1 -1  0 -9 
80 80  -1  2  0 -9 
80 81   1  1  0 -9 
80 82  -1  0  0 -9 
81 76  -1 -1  0 -9 
81 77   1 -2  0 -9 
81 79  -1 -3  0 -9 
81 81   1  0  0 -9 
81 82  -1 -1  0 -9 
81 83   1 -2  0 -9 
82 79  -1 -4  0 -9 
82 83   1 -3  0 -9 
83 79  -1 -5  0 -9 
83 82   1 -3  0 -9 
84 11  -1  0  0 -9 
84 16   1 -1  0 -9 
84 17  -1 -2  0 -9 
84 30   1  1  0 -9 
84 32  -1  0  0 -9 
84 33   1 -1  0 -9 
84 51  -1  0  0 -9 
84 53   1  1  0 -9 
84 54  -1  0  0 -9 
84 55   1 -1  0 -9 
84 56   1 -1  0 -9 
84 57  -1 -2  0 -9 
84 78  -1  0  0 -9 
84 79   1 -1  0 -9 
84 84  -1  2  0 -9 
84 86   1  1  0 -9 
84 87  -1  0  0 -9 
85 54   1  1  0 -9 
85 55   1 -2  0 -9 
85 57  -1 -3  0 -9 
85 76  -1  0  0 -9 
85 81   1  1  0 -9 
85 82  -1  0  0 -9 
85 83   1 -1  0 -9 
85 85  -1  2  0 -9 
85 88   1  1  0 -9 
85 89  -1  0  0 -9 
86 11  -1 -1  0 -9 
86 16   1 -2  0 -9 
86 17  -1 -3  0 -9 
86 32  -1 -1  0 -9 
86 33   1 -2  0 -9 
86 51  -1 -1  0 -9 
86 54  -1 -1  0 -9 
86 55   1 -2  0 -9 
86 56   1 -2  0 -9 
86 57  -1 -3  0 -9 
86 73   1 -2  0 -9 
86 78  -1 -1  0 -9 
86 79   1 -2 -1 -4  0 -9 
86 86   1  0  0 -9 
86 87  -1 -1  0 -9 
86 89   1 -2  0 -9 
87 79  -1 -5  0 -9 
87 89   1 -3  0 -9 
88 79  -1 -3  0 -9 
88 82  -1 -1  0 -9 
88 83   1 -2  0 -9 
88 87   1 -2  0 -9 
88 88   1  0  0 -9 
88 89  -1 -1  0 -9 
89 79  -1 -4  0 -9 
89 87   1 -3  0 -9 
90 69  -1  0  0 -9 
90 79  -1 -2  0 -9 
90 82  -1  0  0 -9 
90 83   1 -1  0 -9 
90 87   1 -1  0 -9 
90 88   1  1  0 -9 
90 89  -1  0  0 -9 
90 90  -1  2  0 -9 
90 91   1  1  0 -9 
91 69  -1 -1  0 -9 
91 71   1 -2  0 -9 
91 79  -1 -3  0 -9 
91 82  -1 -1  0 -9 
91 83   1 -2  0 -9 
91 87   1 -2  0 -9 
91 89  -1 -1  0 -9 
91 91   1  0  0 -9 
92 40  -1  0  0 -9 
92 92  -1  2  0 -9 
92 93  -1  0  0 -9 
92 94   1  1  0 -9 
92 95   1  1  0 -9 
92 96  -1  0  0 -9 
92 97   1 -1  0 -9 
92 98   1 -1  0 -9 
92 99  -1 -2  0 -9 
93 98   1 -3  0 -9 
93 99  -1 -4  0 -9 
94 93  -1 -1  0 -9 
94 94   1  0  0 -9 
94 96  -1 -1  0 -9 
94 97   1 -2  0 -9 
94 98   1 -2  0 -9 
94 99  -1 -3  0 -9 
95 40  -1 -1  0 -9 
95 41   1 -2  0 -9 
95 93  -1 -1  0 -9 
95 95   1  0  0 -9 
95 96  -1 -1  0 -9 
95 97   1 -2  0 -9 
95 98   1 -2  0 -9 
95 99  -1 -3  0 -9 
96 97   1 -3  0 -9 
96 99  -1 -4  0 -9 
97 96   1 -3  0 -9 
97 99  -1 -5  0 -9 
98 93   1 -3  0 -9 
98 99  -1 -5  0 -9 
99 99  -1 -6  0 -9 
100 93  -1 -1  0 -9 
100 98   1 -2  0 -9 
100 99  -1 -3  0 -9 
100 100   1  0  0 -9 
100 102  -1 -1  0 -9 
100 103   1 -2  0 -9 
101 54   1  1  0 -9 
101 55   1 -2  0 -9 
101 57  -1 -3  0 -9 
101 93  -1  0  0 -9 
101 94   1  1  0 -9 
101 96  -1  0  0 -9 
101 98   1 -1  0 -9 
101 100   1  1  0 -9 
101 101  -1  2  0 -9 
101 102  -1  0  0 -9 
102 99  -1 -4  0 -9 
102 103   1 -3  0 -9 
103 99  -1 -5  0 -9 
103 102   1 -3  0 -9 
104 11   1  1  0 -9 
104 16   1 -2  0 -9 
104 17  -1 -3  0 -9 
104 93  -1  0  0 -9 
104 100   1  1  0 -9 
104 102  -1  0  0 -9 
104 103   1 -1  0 -9 
104 104  -1  2  0 -9 
104 106   1  1  0 -9 
104 107  -1  0  0 -9 
105 11  -1  0  0 -9 
105 12   1  1  0 -9 
105 14  -1  0  0 -9 
105 15   1 -1  0 -9 
105 16   1 -1  0 -9 
105 17  -1 -2  0 -9 
105 54  -1  0  0 -9 
105 55   1 -1  0 -9 
105 57  -1 -2  0 -9 
105 59   1  1  0 -9 
105 60  -1  0  0 -9 
105 61   1 -1  0 -9 
105 97  -1  0  0 -9 
105 99   1 -1  0 -9 
105 105  -1  2  0 -9 
105 108   1  1  0 -9 
105 109  -1  0  0 -9 
106 99  -1 -3  0 -9 
106 102  -1 -1  0 -9 
106 103   1 -2  0 -9 
106 106   1  0  0 -9 
106 107  -1 -1  0 -9 
106 109   1 -2  0 -9 
107 99  -1 -4  0 -9 
107 109   1 -3  0 -9 
108 11  -1 -1  0 -9 
108 14  -1 -1  0 -9 
108 15   1 -2  0 -9 
108 16   1 -2  0 -9 
108 17  -1 -3  0 -9 
108 54  -1 -1  0 -9 
108 55   1 -2  0 -9 
108 57  -1 -3  0 -9 
108 60  -1 -1  0 -9 
108 61   1 -2  0 -9 
108 96   1 -2  0 -9 
108 97  -1 -1  0 -9 
108 99   1 -2 -1 -4  0 -9 
108 107   1 -2  0 -9 
108 108   1  0  0 -9 
108 109  -1 -1  0 -9 
109 99  -1 -5  0 -9 
109 107   1 -3  0 -9 
110 39  -1  0  0 -9 
110 99  -1 -2  0 -9 
110 102  -1  0  0 -9 
110 103   1 -1  0 -9 
110 106   1  1  0 -9 
110 107  -1  0  0 -9 
110 109   1 -1  0 -9 
110 110  -1  2  0 -9 
110 111   1  1  0 -9 
111 37   1 -2  0 -9 
111 39  -1 -1  0 -9 
111 99  -1 -3  0 -9 
111 102  -1 -1  0 -9 
111 103   1 -2  0 -9 
111 107  -1 -1  0 -9 
111 109   1 -2  0 -9 
111 111   1  0  0 -9 
112 112  -1  2  0 -9 
112 113  -1  0  0 -9 
112 114   1  1  0 -9 
112 115   1  1  0 -9 
112 116  -1  0  0 -9 
112 117   1 -1  0 -9 
112 118   1 -1  0 -9 
112 119  -1 -2  0 -9 
113 118   1 -3  0 -9 
113 119  -1 -4  0 -9 
114 113  -1 -1  0 -9 
114 114   1  0  0 -9 
114 116  -1 -1  0 -9 
114 117   1 -2  0 -9 
114 118   1 -2  0 -9 
114 119  -1 -3  0 -9 
115 113  -1 -1  0 -9 
115 115   1  0  0 -9 
115 116  -1 -1  0 -9 
115 117   1 -2  0 -9 
115 118   1 -2  0 -9 
115 119  -1 -3  0 -9 
116 117   1 -3  0 -9 
116 119  -1 -4  0 -9 
117 116   1 -3  0 -9 
117 119  -1 -5  0 -9 
118 113   1 -3  0 -9 
118 119  -1 -5  0 -9 
119 119  -1 -6  0 -9 
120 11  -1 -1  0 -9 
120 16   1 -2  0 -9 
120 17  -1 -3  0 -9 
120 113  -1 -1  0 -9 
120 118   1 -2  0 -9 
120 119  -1 -3  0 -9 
120 120   1  0  0 -9 
120 122  -1 -1  0 -9 
120 123   1 -2  0 -9 
121 11  -1  0  0 -9 
121 12   1  1  0 -9 
121 14  -1  0  0 -9 
121 16   1 -1  0 -9 
121 76   1  1  0 -9 
121 77   1 -2  0 -9 
121 79  -1 -3  0 -9 
121 113  -1  0  0 -9 
121 114   1  1  0 -9 
121 116  -1  0  0 -9 
121 118   1 -1  0 -9 
121 120   1  1  0 -9 
121 121  -1  2  0 -9 
121 122  -1  0  0 -9 
122 17  -1 -4  0 -9 
122 119  -1 -4  0 -9 
122 123   1 -3  0 -9 
123 17  -1 -5  0 -9 
123 119  -1 -5  0 -9 
123 122   1 -3  0 -9 
124 11  -1  0  0 -9 
124 16   1 -1  0 -9 
124 17  -1 -2  0 -9 
124 113  -1  0  0 -9 
124 120   1  1  0 -9 
124 122  -1  0  0 -9 
124 123   1 -1  0 -9 
124 124  -1  2  0 -9 
124 126   1  1  0 -9 
124 127  -1  0  0 -9 
125 76  -1  0  0 -9 
125 77   1 -1  0 -9 
125 79  -1 -2  0 -9 
125 81   1  1  0 -9 
125 82  -1  0  0 -9 
125 83   1 -1  0 -9 
125 117  -1  0  0 -9 
125 119   1 -1  0 -9 
125 125  -1  2  0 -9 
125 128   1  1  0 -9 
125 129  -1  0  0 -9 
126 11  -1 -1  0 -9 
126 16   1 -2  0 -9 
126 17  -1 -3  0 -9 
126 119  -1 -3  0 -9 
126 122  -1 -1  0 -9 
126 123   1 -2  0 -9 
126 126   1  0  0 -9 
126 127  -1 -1  0 -9 
126 129   1 -2  0 -9 
127 119  -1 -4  0 -9 
127 129   1 -3  0 -9 
128 76  -1 -1  0 -9 
128 77   1 -2  0 -9 
128 79  -1 -3  0 -9 
128 82  -1 -1  0 -9 
128 83   1 -2  0 -9 
128 116   1 -2  0 -9 
128 117  -1 -1  0 -9 
128 119   1 -2 -1 -4  0 -9 
128 127   1 -2  0 -9 
128 128   1  0  0 -9 
128 129  -1 -1  0 -9 
129 119  -1 -5  0 -9 
129 127   1 -3  0 -9 
130 51  -1  0  0 -9 
130 53   1  1  0 -9 
130 54  -1  0  0 -9 
130 55   1 -1  0 -9 
130 93   1  1  0 -9 
130 98   1 -2  0 -9 
130 99  -1 -3  0 -9 
130 113  -1  0  0 -9 
130 115   1  1  0 -9 
130 116  -1  0  0 -9 
130 117   1 -1  0 -9 
130 130  -1  2  0 -9 
130 131   1  1  0 -9 
130 132  -1  0  0 -9 
131 54  -1 -1  0 -9 
131 55   1 -2  0 -9 
131 57  -1 -3  0 -9 
131 116  -1 -1  0 -9 
131 117   1 -2  0 -9 
131 119  -1 -3  0 -9 
131 131   1  0  0 -9 
131 132  -1 -1  0 -9 
131 133   1 -2  0 -9 
132 57  -1 -4  0 -9 
132 119  -1 -4  0 -9 
132 133   1 -3  0 -9 
133 57  -1 -5  0 -9 
133 119  -1 -5  0 -9 
133 132   1 -3  0 -9 
134 93  -1  0  0 -9 
134 98   1 -1  0 -9 
134 99  -1 -2  0 -9 
134 100   1  1  0 -9 
134 102  -1  0  0 -9 
134 103   1 -1  0 -9 
134 118  -1  0  0 -9 
134 119   1 -1  0 -9 
134 134  -1  2  0 -9 
134 136   1  1  0 -9 
134 137  -1  0  0 -9 
135 54  -1  0  0 -9 
135 55   1 -1  0 -9 
135 57  -1 -2  0 -9 
135 116  -1  0  0 -9 
135 131   1  1  0 -9 
135 132  -1  0  0 -9 
135 133   1 -1  0 -9 
135 135  -1  2  0 -9 
135 138   1  1  0 -9 
135 139  -1  0  0 -9 
136 93  -1 -1  0 -9 
136 98   1 -2  0 -9 
136 99  -1 -3  0 -9 
136 102  -1 -1  0 -9 
136 103   1 -2  0 -9 
136 113   1 -2  0 -9 
136 118  -1 -1  0 -9 
136 119   1 -2 -1 -4  0 -9 
136 136   1  0  0 -9 
136 137  -1 -1  0 -9 
136 139   1 -2  0 -9 
137 119  -1 -5  0 -9 
137 139   1 -3  0 -9 
138 54  -1 -1  0 -9 
138 55   1 -2  0 -9 
138 57  -1 -3  0 -9 
138 119  -1 -3  0 -9 
138 132  -1 -1  0 -9 
138 133   1 -2  0 -9 
138 137   1 -2  0 -9 
138 138   1  0  0 -9 
138 139  -1 -1  0 -9 
139 119  -1 -4  0 -9 
139 137   1 -3  0 -9 
140 54  -1  0  0 -9 
140 55   1 -1  0 -9 
140 59   1  1  0 -9 
140 60  -1  0  0 -9 
140 79  -1 -3  0 -9 
140 82   1  1  0 -9 
140 83   1 -2  0 -9 
140 127  -1  0  0 -9 
140 132  -1  0  0 -9 
140 137   1 -1  0 -9 
140 138   1  1  0 -9 
140 139  -1  0  0 -9 
140 140  -1  2  0 -9 
140 141   1  1  0 -9 
141 119  -1 -3  0 -9 
141 127  -1 -1  0 -9 
141 129   1 -2  0 -9 
141 137   1 -2  0 -9 
141 139  -1 -1  0 -9 
141 141   1  0  0 -9 
142 11  -1  0  0 -9 
142 16   1 -1  0 -9 
142 30   1  1  0 -9 
142 32  -1  0  0 -9 
142 99  -1 -3  0 -9 
142 102   1  1  0 -9 
142 103   1 -2  0 -9 
142 122  -1  0  0 -9 
142 126   1  1  0 -9 
142 127  -1  0  0 -9 
142 129   1 -1  0 -9 
142 139  -1  0  0 -9 
142 142  -1  2  0 -9 
142 143   1  1  0 -9 
143 119  -1 -3  0 -9 
143 127  -1 -1  0 -9 
143 129   1 -2  0 -9 
143 137   1 -2  0 -9 
143 139  -1 -1  0 -9 
143 143   1  0  0 -9 
144 119  -1 -2  0 -9 
144 127  -1  0  0 -9 
144 129   1 -1  0 -9 
144 137   1 -1  0 -9 
144 139  -1  0  0 -9 
144 141   1  1  0 -9 
144 143   1  1  0 -9 
144 144  -1  2  0 -9 
9999 9999
