 0  3  -1 -4  0 -9 
 0 43   1 -3  0 -9 
 0 58  -1 -4  0 -9 
 0 91   1 -5  0 -9 
 1  0   1  1  0 -9 
 1  1  -1  2  0 -9 
 1  3  -1 -3  0 -9 
 1  4  -1  0  0 -9 
 1 12   1  1  0 -9 
 1 18   1 -1  0 -9 
 1 38   1  1  0 -9 
 1 40  -1  0  0 -9 
 1 43   1 -2  0 -9 
 1 52  -1  0  0 -9 
 1 58  -1 -3  0 -9 
 1 76   1 -1  0 -9 
 1 91   1 -4  0 -9 
 1 92  -1 -2  0 -9 
 2  0  -1  0  0 -9 
 2  2  -1  2  0 -9 
 2  3  -1  0 -1 -2  0 -9 
 2  5  -1  0  0 -9 
 2 13   1  1  0 -9 
 2 19   1 -1  0 -9 
 2 39   1  1  0 -9 
 2 41  -1  0  0 -9 
 2 43   1 -1  0 -9 
 2 53  -1  0  0 -9 
 2 58  -1 -2  0 -9 
 2 77   1 -1  0 -9 
 2 91   1 -3  0 -9 
 2 93  -1 -2  0 -9 
 3  3  -1 -6  0 -9 
 3 91   1 -7  0 -9 
 4  3  -1 -5  0 -9 
 4 18  -1 -5  0 -9 
 4 44   1 -3  0 -9 
 4 59  -1 -4  0 -9 
 4 91   1 -6  0 -9 
 4 92   1 -6  0 -9 
 5 19  -1 -5  0 -9 
 5 45   1 -3  0 -9 
 5 60  -1 -4  0 -9 
 5 93   1 -6  0 -9 
 6 20  -1 -5  0 -9 
 6 46   1 -3  0 -9 
 6 61  -1 -4  0 -9 
 6 94   1 -6  0 -9 
 7 21  -1 -5  0 -9 
 7 47   1 -3  0 -9 
 7 62  -1 -4  0 -9 
 7 95   1 -6  0 -9 
 8 22  -1 -5  0 -9 
 8 48   1 -3  0 -9 
 8 63  -1 -4  0 -9 
 8 96   1 -6  0 -9 
 9 23  -1 -5  0 -9 
 9 49   1 -3  0 -9 
 9 64  -1 -4  0 -9 
 9 97   1 -6  0 -9 
10 24  -1 -5  0 -9 
10 50   1 -3  0 -9 
10 65  -1 -4  0 -9 
10 98   1 -6  0 -9 
11 25  -1 -5  0 -9 
11 51   1 -3  0 -9 
11 66  -1 -4  0 -9 
11 99   1 -6  0 -9 
12  3  -1 -4  0 -9 
12  4  -1 -1  0 -9 
12 12   1  0  0 -9 
12 18   1 -2  0 -9 
12 44   1 -2  0 -9 
12 52  -1 -1  0 -9 
12 59  -1 -3  0 -9 
12 76   1 -2  0 -9 
12 91   1 -5  0 -9 
12 92  -1 -3  0 -9 
13  0  -1 -1  0 -9 
13  3  -1 -1 -1 -3 -1 -5  0 -9 
13  5  -1 -1  0 -9 
13 13   1  0  0 -9 
13 19   1 -2  0 -9 
13 43   1 -2  0 -9 
13 45   1 -2  0 -9 
13 53  -1 -1  0 -9 
13 58  -1 -3  0 -9 
13 60  -1 -3  0 -9 
13 77   1 -2  0 -9 
13 91   1 -4  1 -6  0 -9 
13 93  -1 -3  0 -9 
14  8  -1 -1  0 -9 
14 14   1  0  0 -9 
14 18   1 -3  0 -9 
14 22  -1 -4  0 -9 
14 26   1 -3  0 -9 
14 48   1 -2  0 -9 
14 54  -1 -1  0 -9 
14 63  -1 -3  0 -9 
14 78   1 -2  0 -9 
14 92  -1 -4  0 -9 
14 96   1 -5  0 -9 
14 100  -1 -4  0 -9 
15  6  -1 -1  0 -9 
15  9  -1 -1  0 -9 
15 15   1  0  0 -9 
15 20  -1 -4  0 -9 
15 23  -1 -4  0 -9 
15 27   1 -3  0 -9 
15 46   1 -2  0 -9 
15 49   1 -2  0 -9 
15 55  -1 -1  0 -9 
15 61  -1 -3  0 -9 
15 64  -1 -3  0 -9 
15 79   1 -2  0 -9 
15 94   1 -5  0 -9 
15 97   1 -5  0 -9 
15 101  -1 -4  0 -9 
16 10  -1 -1  0 -9 
16 16   1  0  0 -9 
16 24  -1 -4  0 -9 
16 28   1 -3  0 -9 
16 50   1 -2  0 -9 
16 56  -1 -1  0 -9 
16 65  -1 -3  0 -9 
16 80   1 -2  0 -9 
16 98   1 -5  0 -9 
16 102  -1 -4  0 -9 
17  7  -1 -1  0 -9 
17 11  -1 -1  0 -9 
17 17   1  0  0 -9 
17 21  -1 -4  0 -9 
17 25  -1 -4  0 -9 
17 29   1 -3  0 -9 
17 47   1 -2  0 -9 
17 51   1 -2  0 -9 
17 57  -1 -1  0 -9 
17 62  -1 -3  0 -9 
17 66  -1 -3  0 -9 
17 81   1 -2  0 -9 
17 95   1 -5  0 -9 
17 99   1 -5  0 -9 
17 103  -1 -4  0 -9 
18 18  -1 -6  0 -9 
18 92   1 -7  0 -9 
19 19  -1 -6  0 -9 
19 93   1 -7  0 -9 
20 20  -1 -6  0 -9 
20 94   1 -7  0 -9 
21 21  -1 -6  0 -9 
21 95   1 -7  0 -9 
22 22  -1 -6  0 -9 
22 96   1 -7  0 -9 
23 23  -1 -6  0 -9 
23 97   1 -7  0 -9 
24 24  -1 -6  0 -9 
24 98   1 -7  0 -9 
25 25  -1 -6  0 -9 
25 99   1 -7  0 -9 
26 26  -1 -6  0 -9 
26 100   1 -7  0 -9 
27 27  -1 -6  0 -9 
27 101   1 -7  0 -9 
28 28  -1 -6  0 -9 
28 102   1 -7  0 -9 
29 29  -1 -6  0 -9 
29 103   1 -7  0 -9 
30 30  -1 -6  0 -9 
30 104   1 -7  0 -9 
31 31  -1 -6  0 -9 
31 105   1 -7  0 -9 
32 32  -1 -6  0 -9 
32 106   1 -7  0 -9 
33 33  -1 -6  0 -9 
33 107   1 -7  0 -9 
34 34  -1 -6  0 -9 
34 108   1 -7  0 -9 
35 35  -1 -6  0 -9 
35 109   1 -7  0 -9 
36 36  -1 -6  0 -9 
36 110   1 -7  0 -9 
37 37  -1 -6  0 -9 
37 111   1 -7  0 -9 
38 38   1  0  0 -9 
38 40  -1 -1  0 -9 
38 52  -1 -1  0 -9 
38 59  -1 -3  0 -9 
38 67   1 -2  0 -9 
38 76   1 -2  0 -9 
38 82  -1 -3  0 -9 
38 92  -1 -3  0 -9 
38 112   1 -4  0 -9 
39  0  -1 -1  0 -9 
39  3  -1 -3  0 -9 
39 39   1  0  0 -9 
39 41  -1 -1  0 -9 
39 43   1 -2  0 -9 
39 53  -1 -1  0 -9 
39 58  -1 -3  0 -9 
39 60  -1 -3  0 -9 
39 68   1 -2  0 -9 
39 77   1 -2  0 -9 
39 83  -1 -3  0 -9 
39 91   1 -4  0 -9 
39 93  -1 -3  0 -9 
39 113   1 -4  0 -9 
40 59  -1 -4  0 -9 
40 67   1 -3  0 -9 
40 82  -1 -4  0 -9 
40 112   1 -5  0 -9 
41 60  -1 -4  0 -9 
41 68   1 -3  0 -9 
41 83  -1 -4  0 -9 
41 113   1 -5  0 -9 
42 41  -1 -1  0 -9 
42 42   1  0  0 -9 
42 60  -1 -3  0 -9 
42 68   1 -2  0 -9 
42 69  -1 -1  0 -9 
42 83  -1 -3  0 -9 
42 84   1 -2  0 -9 
42 113   1 -4  0 -9 
42 114  -1 -3  0 -9 
43  0   1 -3  0 -9 
43  3  -1 -5  0 -9 
43 58  -1 -5  0 -9 
43 91   1 -6  0 -9 
44  3  -1 -4  0 -9 
44  4   1 -3  0 -9 
44 18  -1 -4  0 -9 
44 59  -1 -5  0 -9 
44 112   1 -6  0 -9 
45  5   1 -3  0 -9 
45 19  -1 -4  0 -9 
45 60  -1 -5  0 -9 
45 113   1 -6  0 -9 
46  6   1 -3  0 -9 
46 20  -1 -4  0 -9 
46 61  -1 -5  0 -9 
46 115   1 -6  0 -9 
47  7   1 -3  0 -9 
47 21  -1 -4  0 -9 
47 62  -1 -5  0 -9 
47 116   1 -6  0 -9 
48  8   1 -3  0 -9 
48 22  -1 -4  0 -9 
48 63  -1 -5  0 -9 
48 117   1 -6  0 -9 
49  9   1 -3  0 -9 
49 23  -1 -4  0 -9 
49 64  -1 -5  0 -9 
49 118   1 -6  0 -9 
50 10   1 -3  0 -9 
50 24  -1 -4  0 -9 
50 65  -1 -5  0 -9 
50 119   1 -6  0 -9 
51 11   1 -3  0 -9 
51 25  -1 -4  0 -9 
51 66  -1 -5  0 -9 
51 120   1 -6  0 -9 
52 59  -1 -4  0 -9 
52 76   1 -3  0 -9 
52 82  -1 -4  0 -9 
52 92  -1 -4  0 -9 
52 112   1 -5  0 -9 
53  3  -1 -4  0 -9 
53 58  -1 -4  0 -9 
53 60  -1 -4  0 -9 
53 77   1 -3  0 -9 
53 83  -1 -4  0 -9 
53 91   1 -5  0 -9 
53 93  -1 -4  0 -9 
53 113   1 -5  0 -9 
54 63  -1 -4  0 -9 
54 78   1 -3  0 -9 
54 117   1 -5  0 -9 
54 136  -1 -4  0 -9 
55 61  -1 -4  0 -9 
55 64  -1 -4  0 -9 
55 79   1 -3  0 -9 
55 115   1 -5  0 -9 
55 118   1 -5  0 -9 
55 137  -1 -4  0 -9 
56 65  -1 -4  0 -9 
56 80   1 -3  0 -9 
56 119   1 -5  0 -9 
56 138  -1 -4  0 -9 
57 62  -1 -4  0 -9 
57 66  -1 -4  0 -9 
57 81   1 -3  0 -9 
57 116   1 -5  0 -9 
57 120   1 -5  0 -9 
57 139  -1 -4  0 -9 
58 58  -1 -6  0 -9 
58 91   1 -7  0 -9 
59 59  -1 -6  0 -9 
59 112   1 -7  0 -9 
60 60  -1 -6  0 -9 
60 113   1 -7  0 -9 
61 61  -1 -6  0 -9 
61 115   1 -7  0 -9 
62 62  -1 -6  0 -9 
62 116   1 -7  0 -9 
63 63  -1 -6  0 -9 
63 117   1 -7  0 -9 
64 64  -1 -6  0 -9 
64 118   1 -7  0 -9 
65 65  -1 -6  0 -9 
65 119   1 -7  0 -9 
66 66  -1 -6  0 -9 
66 120   1 -7  0 -9 
67 40   1 -3  0 -9 
67 59  -1 -5  0 -9 
67 82  -1 -5  0 -9 
67 112   1 -6  0 -9 
68 41   1 -3  0 -9 
68 60  -1 -5  0 -9 
68 83  -1 -5  0 -9 
68 113   1 -6  0 -9 
69 60  -1 -4  0 -9 
69 83  -1 -4  0 -9 
69 84   1 -3  0 -9 
69 113   1 -5  0 -9 
69 114  -1 -4  0 -9 
70 63  -1 -5  0 -9 
70 85   1 -3  0 -9 
70 117   1 -6  0 -9 
70 140  -1 -4  0 -9 
71 64  -1 -5  0 -9 
71 86   1 -3  0 -9 
71 118   1 -6  0 -9 
71 141  -1 -4  0 -9 
72 65  -1 -5  0 -9 
72 87   1 -3  0 -9 
72 119   1 -6  0 -9 
72 142  -1 -4  0 -9 
73 66  -1 -5  0 -9 
73 88   1 -3  0 -9 
73 120   1 -6  0 -9 
73 143  -1 -4  0 -9 
74 64  -1 -4  0 -9 
74 89   1 -3  0 -9 
74 118   1 -5  0 -9 
74 144  -1 -4  0 -9 
75 66  -1 -4  0 -9 
75 90   1 -3  0 -9 
75 120   1 -5  0 -9 
75 145  -1 -4  0 -9 
76 52   1 -3  0 -9 
76 59  -1 -5  0 -9 
76 82  -1 -5  0 -9 
76 92   1 -7  0 -9 
76 112   1 -6  0 -9 
77  3  -1 -5  0 -9 
77 53   1 -3  0 -9 
77 58  -1 -5  0 -9 
77 60  -1 -5  0 -9 
77 83  -1 -5  0 -9 
77 91   1 -6  0 -9 
77 93   1 -7  0 -9 
77 113   1 -6  0 -9 
78 54   1 -3  0 -9 
78 63  -1 -5  0 -9 
78 92   1 -6  0 -9 
78 100   1 -6  0 -9 
78 117   1 -6  0 -9 
78 136  -1 -5  0 -9 
79 55   1 -3  0 -9 
79 61  -1 -5  0 -9 
79 64  -1 -5  0 -9 
79 101   1 -6  0 -9 
79 115   1 -6  0 -9 
79 118   1 -6  0 -9 
79 137  -1 -5  0 -9 
80 56   1 -3  0 -9 
80 65  -1 -5  0 -9 
80 102   1 -6  0 -9 
80 119   1 -6  0 -9 
80 138  -1 -5  0 -9 
81 57   1 -3  0 -9 
81 62  -1 -5  0 -9 
81 66  -1 -5  0 -9 
81 103   1 -6  0 -9 
81 116   1 -6  0 -9 
81 120   1 -6  0 -9 
81 139  -1 -5  0 -9 
82 82  -1 -6  0 -9 
82 112   1 -7  0 -9 
83 83  -1 -6  0 -9 
83 113   1 -7  0 -9 
84 60  -1 -5  0 -9 
84 69   1 -3  0 -9 
84 83  -1 -5  0 -9 
84 113   1 -6  0 -9 
84 114   1 -7  0 -9 
85 63  -1 -4  0 -9 
85 70   1 -3  0 -9 
85 121   1 -6  0 -9 
85 140  -1 -5  0 -9 
86 64  -1 -4  0 -9 
86 71   1 -3  0 -9 
86 122   1 -6  0 -9 
86 141  -1 -5  0 -9 
87 65  -1 -4  0 -9 
87 72   1 -3  0 -9 
87 123   1 -6  0 -9 
87 142  -1 -5  0 -9 
88 66  -1 -4  0 -9 
88 73   1 -3  0 -9 
88 124   1 -6  0 -9 
88 143  -1 -5  0 -9 
89 64  -1 -5  0 -9 
89 74   1 -3  0 -9 
89 114   1 -6  0 -9 
89 118   1 -6  0 -9 
89 125   1 -6  0 -9 
89 144  -1 -5  0 -9 
90 66  -1 -5  0 -9 
90 75   1 -3  0 -9 
90 120   1 -6  0 -9 
90 126   1 -6  0 -9 
90 145  -1 -5  0 -9 
91 91   1 -8  0 -9 
92 92   1 -8  0 -9 
93 93   1 -8  0 -9 
94 94   1 -8  0 -9 
95 95   1 -8  0 -9 
96 96   1 -8  0 -9 
97 97   1 -8  0 -9 
98 98   1 -8  0 -9 
99 99   1 -8  0 -9 
100 100   1 -8  0 -9 
101 101   1 -8  0 -9 
102 102   1 -8  0 -9 
103 103   1 -8  0 -9 
104 104   1 -8  0 -9 
105 105   1 -8  0 -9 
106 106   1 -8  0 -9 
107 107   1 -8  0 -9 
108 108   1 -8  0 -9 
109 109   1 -8  0 -9 
110 110   1 -8  0 -9 
111 111   1 -8  0 -9 
112 112   1 -8  0 -9 
113 113   1 -8  0 -9 
114 114   1 -8  0 -9 
115 115   1 -8  0 -9 
116 116   1 -8  0 -9 
117 117   1 -8  0 -9 
118 118   1 -8  0 -9 
119 119   1 -8  0 -9 
120 120   1 -8  0 -9 
121 121   1 -8  0 -9 
122 122   1 -8  0 -9 
123 123   1 -8  0 -9 
124 124   1 -8  0 -9 
125 125   1 -8  0 -9 
126 126   1 -8  0 -9 
127 127   1 -8  0 -9 
128 128   1 -8  0 -9 
129 129   1 -8  0 -9 
130 130   1 -8  0 -9 
131 131   1 -8  0 -9 
132 132   1 -8  0 -9 
133 133   1 -8  0 -9 
134 134   1 -8  0 -9 
135 135   1 -8  0 -9 
136 92   1 -7  0 -9 
136 100   1 -7  0 -9 
136 117   1 -7  0 -9 
136 136  -1 -6  0 -9 
137 101   1 -7  0 -9 
137 115   1 -7  0 -9 
137 118   1 -7  0 -9 
137 137  -1 -6  0 -9 
138 102   1 -7  0 -9 
138 119   1 -7  0 -9 
138 138  -1 -6  0 -9 
139 103   1 -7  0 -9 
139 116   1 -7  0 -9 
139 120   1 -7  0 -9 
139 139  -1 -6  0 -9 
140 121   1 -7  0 -9 
140 140  -1 -6  0 -9 
141 122   1 -7  0 -9 
141 141  -1 -6  0 -9 
142 123   1 -7  0 -9 
142 142  -1 -6  0 -9 
143 124   1 -7  0 -9 
143 143  -1 -6  0 -9 
144 114   1 -7  0 -9 
144 118   1 -7  0 -9 
144 125   1 -7  0 -9 
144 144  -1 -6  0 -9 
145 120   1 -7  0 -9 
145 126   1 -7  0 -9 
145 145  -1 -6  0 -9 
146 100   1 -7  0 -9 
146 127   1 -7  0 -9 
146 146  -1 -6  0 -9 
147 109   1 -7  0 -9 
147 130   1 -7  0 -9 
147 147  -1 -6  0 -9 
148 110   1 -7  0 -9 
148 128   1 -7  0 -9 
148 129   1 -7  0 -9 
148 131   1 -7  0 -9 
148 148  -1 -6  0 -9 
149 111   1 -7  0 -9 
149 131   1 -7  0 -9 
149 149  -1 -6  0 -9 
150 125   1 -7  0 -9 
150 128   1 -7  0 -9 
150 150  -1 -6  0 -9 
151 132   1 -7  0 -9 
151 151  -1 -6  0 -9 
152 133   1 -7  0 -9 
152 152  -1 -6  0 -9 
153 128   1 -7  0 -9 
153 131   1 -7  0 -9 
153 134   1 -7  0 -9 
153 153  -1 -6  0 -9 
154 135   1 -7  0 -9 
154 154  -1 -6  0 -9 
9999 9999
