 0  0  -1  2  0 -9 
 0 30   1  1  0 -9 
 1  1  -1  2  0 -9 
 1  9   1  1  0 -9 
 1 18  -1  0  0 -9 
 1 31   1  1  0 -9 
 1 66   1 -2  0 -9 
 2  2  -1  2  0 -9 
 2 10   1  1  0 -9 
 2 19  -1  0  0 -9 
 2 32   1  1  0 -9 
 2 67   1 -2  0 -9 
 3  3  -1  2  0 -9 
 3 45   1  1  0 -9 
 3 69  -1  0  0 -9 
 3 104   1 -1  0 -9 
 4  4  -1  2  0 -9 
 4 46   1  1  0 -9 
 4 70  -1  0  0 -9 
 4 105   1 -1  0 -9 
 5  5  -1  2  0 -9 
 5 47   1  1  0 -9 
 5 66   1 -1  0 -9 
 5 71  -1  0  0 -9 
 5 106   1 -1  0 -9 
 6  6  -1  2  0 -9 
 6 48   1  1  0 -9 
 6 67   1 -1  0 -9 
 6 72  -1  0  0 -9 
 6 107   1 -1  0 -9 
 7  7  -1  2  0 -9 
 7 49   1  1  0 -9 
 7 73  -1  0  0 -9 
 7 108   1 -1  0 -9 
 8  8  -1  2  0 -9 
 8 50   1  1  0 -9 
 8 74  -1  0  0 -9 
 8 109   1 -1  0 -9 
 9  9   1  0  0 -9 
 9 18  -1 -1  0 -9 
 9 148   1 -2  0 -9 
10 10   1  0  0 -9 
10 19  -1 -1  0 -9 
10 149   1 -2  0 -9 
11 11   1  0  0 -9 
11 20  -1 -1  0 -9 
11 27  -1 -4  0 -9 
11 150   1 -2  0 -9 
11 186   1 -5  0 -9 
12 12  -1  2  0 -9 
12 21   1  1  0 -9 
12 51   1  1  0 -9 
12 75  -1  0  0 -9 
12 90  -1 -3  0 -9 
12 110   1 -1  0 -9 
12 172   1 -2  0 -9 
12 187  -1 -3  0 -9 
12 204   1 -4  0 -9 
13 13  -1  2  0 -9 
13 22   1  1  0 -9 
13 52   1  1  0 -9 
13 68   1 -1  0 -9 
13 76  -1  0  0 -9 
13 91  -1 -3  0 -9 
13 111   1 -1  0 -9 
13 173   1 -2  0 -9 
13 188  -1 -3  0 -9 
13 205   1 -4  0 -9 
14 14  -1  2  0 -9 
14 23   1  1  0 -9 
14 53   1  1  0 -9 
14 77  -1  0  0 -9 
14 92  -1 -3  0 -9 
14 112   1 -1  0 -9 
14 174   1 -2  0 -9 
14 189  -1 -3  0 -9 
14 206   1 -4  0 -9 
15 15  -1  2  0 -9 
15 24   1  1  0 -9 
15 54   1  1  0 -9 
15 78  -1  0  0 -9 
15 93  -1 -3  0 -9 
15 113   1 -1  0 -9 
15 175   1 -2  0 -9 
15 190  -1 -3  0 -9 
15 207   1 -4  0 -9 
16 11   1  1  0 -9 
16 16  -1  2  0 -9 
16 20  -1  0  0 -9 
16 25   1  1  0 -9 
16 27  -1 -3  0 -9 
16 55   1  1  0 -9 
16 68   1 -2  0 -9 
16 79  -1  0  0 -9 
16 94  -1 -3  0 -9 
16 114   1 -1  0 -9 
16 176   1 -2  0 -9 
16 186   1 -4  0 -9 
16 191  -1 -3  0 -9 
16 208   1 -4  0 -9 
17 17  -1  2  0 -9 
17 26   1  1  0 -9 
17 56   1  1  0 -9 
17 80  -1  0  0 -9 
17 95  -1 -3  0 -9 
17 115   1 -1  0 -9 
17 177   1 -2  0 -9 
17 192  -1 -3  0 -9 
17 209   1 -4  0 -9 
18 66  -1 -4  0 -9 
18 148   1 -3  0 -9 
19 67  -1 -4  0 -9 
19 149   1 -3  0 -9 
20 27  -1 -5  0 -9 
20 68  -1 -4  0 -9 
20 150   1 -3  0 -9 
20 186   1 -6  0 -9 
21 90  -1 -4  0 -9 
21 172   1 -3  0 -9 
21 187  -1 -4  0 -9 
21 204   1 -5  0 -9 
22 91  -1 -4  0 -9 
22 173   1 -3  0 -9 
22 188  -1 -4  0 -9 
22 205   1 -5  0 -9 
23 92  -1 -4  0 -9 
23 174   1 -3  0 -9 
23 189  -1 -4  0 -9 
23 206   1 -5  0 -9 
24 93  -1 -4  0 -9 
24 175   1 -3  0 -9 
24 190  -1 -4  0 -9 
24 207   1 -5  0 -9 
25 27  -1 -4  0 -9 
25 94  -1 -4  0 -9 
25 176   1 -3  0 -9 
25 186   1 -5  0 -9 
25 191  -1 -4  0 -9 
25 208   1 -5  0 -9 
26 95  -1 -4  0 -9 
26 177   1 -3  0 -9 
26 192  -1 -4  0 -9 
26 209   1 -5  0 -9 
27 27  -1 -6  0 -9 
27 186   1 -7  0 -9 
28 96  -1 -4  0 -9 
28 178   1 -3  0 -9 
28 193  -1 -4  0 -9 
28 210   1 -5  0 -9 
29 97  -1 -4  0 -9 
29 179   1 -3  0 -9 
29 194  -1 -4  0 -9 
29 211   1 -5  0 -9 
30 30   1  0  0 -9 
31 31   1  0  0 -9 
31 66   1 -3  0 -9 
32 32   1  0  0 -9 
32 67   1 -3  0 -9 
33 33   1  0  0 -9 
34 34   1  0  0 -9 
35 35   1  0  0 -9 
35 104   1 -3  0 -9 
36 36   1  0  0 -9 
36 105   1 -3  0 -9 
37 37   1  0  0 -9 
37 106   1 -3  0 -9 
38 38   1  0  0 -9 
38 107   1 -3  0 -9 
39 39   1  0  0 -9 
39 108   1 -3  0 -9 
40 40   1  0  0 -9 
40 109   1 -3  0 -9 
41 41   1  0  0 -9 
41 116   1 -3  0 -9 
42 42   1  0  0 -9 
42 117   1 -3  0 -9 
43 43   1  0  0 -9 
43 118   1 -3  0 -9 
44 44   1  0  0 -9 
44 119   1 -3  0 -9 
45 45   1  0  0 -9 
45 69  -1 -1  0 -9 
45 104   1 -2  0 -9 
45 151   1 -2  0 -9 
46 46   1  0  0 -9 
46 70  -1 -1  0 -9 
46 105   1 -2  0 -9 
46 152   1 -2  0 -9 
47 47   1  0  0 -9 
47 66   1 -2  0 -9 
47 71  -1 -1  0 -9 
47 106   1 -2  0 -9 
47 153   1 -2  0 -9 
48 48   1  0  0 -9 
48 67   1 -2  0 -9 
48 72  -1 -1  0 -9 
48 107   1 -2  0 -9 
48 154   1 -2  0 -9 
49 49   1  0  0 -9 
49 73  -1 -1  0 -9 
49 108   1 -2  0 -9 
49 155   1 -2  0 -9 
50 50   1  0  0 -9 
50 74  -1 -1  0 -9 
50 109   1 -2  0 -9 
50 156   1 -2  0 -9 
51 51   1  0  0 -9 
51 75  -1 -1  0 -9 
51 90  -1 -4  0 -9 
51 110   1 -2  0 -9 
51 157   1 -2  0 -9 
51 204   1 -5  0 -9 
52 52   1  0  0 -9 
52 68   1 -2  0 -9 
52 76  -1 -1  0 -9 
52 91  -1 -4  0 -9 
52 111   1 -2  0 -9 
52 158   1 -2  0 -9 
52 205   1 -5  0 -9 
53 53   1  0  0 -9 
53 77  -1 -1  0 -9 
53 92  -1 -4  0 -9 
53 112   1 -2  0 -9 
53 159   1 -2  0 -9 
53 206   1 -5  0 -9 
54 54   1  0  0 -9 
54 78  -1 -1  0 -9 
54 93  -1 -4  0 -9 
54 113   1 -2  0 -9 
54 160   1 -2  0 -9 
54 207   1 -5  0 -9 
55 55   1  0  0 -9 
55 68   1 -3  0 -9 
55 79  -1 -1  0 -9 
55 94  -1 -4  0 -9 
55 114   1 -2  0 -9 
55 161   1 -2  0 -9 
55 208   1 -5  0 -9 
56 56   1  0  0 -9 
56 80  -1 -1  0 -9 
56 95  -1 -4  0 -9 
56 115   1 -2  0 -9 
56 162   1 -2  0 -9 
56 209   1 -5  0 -9 
57 57   1  0  0 -9 
57 81  -1 -1  0 -9 
57 110   1 -3  0 -9 
57 120   1 -3  0 -9 
57 129  -1 -4  0 -9 
57 163   1 -2  0 -9 
57 212   1 -5  0 -9 
58 58   1  0  0 -9 
58 82  -1 -1  0 -9 
58 111   1 -3  0 -9 
58 121   1 -3  0 -9 
58 130  -1 -4  0 -9 
58 164   1 -2  0 -9 
58 213   1 -5  0 -9 
59 59   1  0  0 -9 
59 83  -1 -1  0 -9 
59 122   1 -3  0 -9 
59 131  -1 -4  0 -9 
59 165   1 -2  0 -9 
59 214   1 -5  0 -9 
60 60   1  0  0 -9 
60 84  -1 -1  0 -9 
60 123   1 -3  0 -9 
60 132  -1 -4  0 -9 
60 166   1 -2  0 -9 
60 215   1 -5  0 -9 
61 61   1  0  0 -9 
61 85  -1 -1  0 -9 
61 124   1 -3  0 -9 
61 133  -1 -4  0 -9 
61 167   1 -2  0 -9 
61 216   1 -5  0 -9 
62 62   1  0  0 -9 
62 86  -1 -1  0 -9 
62 112   1 -3  0 -9 
62 125   1 -3  0 -9 
62 134  -1 -4  0 -9 
62 168   1 -2  0 -9 
62 217   1 -5  0 -9 
63 63   1  0  0 -9 
63 87  -1 -1  0 -9 
63 113   1 -3  0 -9 
63 114   1 -3  0 -9 
63 126   1 -3  0 -9 
63 135  -1 -4  0 -9 
63 169   1 -2  0 -9 
63 218   1 -5  0 -9 
64 64   1  0  0 -9 
64 88  -1 -1  0 -9 
64 115   1 -3  0 -9 
64 127   1 -3  0 -9 
64 136  -1 -4  0 -9 
64 170   1 -2  0 -9 
64 219   1 -5  0 -9 
65 65   1  0  0 -9 
65 89  -1 -1  0 -9 
65 128   1 -3  0 -9 
65 137  -1 -4  0 -9 
65 171   1 -2  0 -9 
65 220   1 -5  0 -9 
66 66  -1 -6  0 -9 
67 67  -1 -6  0 -9 
68 68  -1 -6  0 -9 
69 104  -1 -5  0 -9 
69 151   1 -3  0 -9 
70 105  -1 -5  0 -9 
70 152   1 -3  0 -9 
71 66  -1 -5  0 -9 
71 106  -1 -5  0 -9 
71 153   1 -3  0 -9 
72 67  -1 -5  0 -9 
72 107  -1 -5  0 -9 
72 154   1 -3  0 -9 
73 108  -1 -5  0 -9 
73 155   1 -3  0 -9 
74 109  -1 -5  0 -9 
74 156   1 -3  0 -9 
75 90  -1 -5  0 -9 
75 110  -1 -5  0 -9 
75 157   1 -3  0 -9 
75 204   1 -6  0 -9 
76 68  -1 -5  0 -9 
76 91  -1 -5  0 -9 
76 111  -1 -5  0 -9 
76 158   1 -3  0 -9 
76 205   1 -6  0 -9 
77 92  -1 -5  0 -9 
77 112  -1 -5  0 -9 
77 159   1 -3  0 -9 
77 206   1 -6  0 -9 
78 93  -1 -5  0 -9 
78 113  -1 -5  0 -9 
78 160   1 -3  0 -9 
78 207   1 -6  0 -9 
79 94  -1 -5  0 -9 
79 114  -1 -5  0 -9 
79 161   1 -3  0 -9 
79 208   1 -6  0 -9 
80 95  -1 -5  0 -9 
80 115  -1 -5  0 -9 
80 162   1 -3  0 -9 
80 209   1 -6  0 -9 
81 129  -1 -5  0 -9 
81 163   1 -3  0 -9 
81 212   1 -6  0 -9 
82 130  -1 -5  0 -9 
82 164   1 -3  0 -9 
82 213   1 -6  0 -9 
83 131  -1 -5  0 -9 
83 165   1 -3  0 -9 
83 214   1 -6  0 -9 
84 132  -1 -5  0 -9 
84 166   1 -3  0 -9 
84 215   1 -6  0 -9 
85 133  -1 -5  0 -9 
85 167   1 -3  0 -9 
85 216   1 -6  0 -9 
86 134  -1 -5  0 -9 
86 168   1 -3  0 -9 
86 217   1 -6  0 -9 
87 135  -1 -5  0 -9 
87 169   1 -3  0 -9 
87 218   1 -6  0 -9 
88 136  -1 -5  0 -9 
88 170   1 -3  0 -9 
88 219   1 -6  0 -9 
89 137  -1 -5  0 -9 
89 171   1 -3  0 -9 
89 220   1 -6  0 -9 
90 90  -1 -6  0 -9 
90 204   1 -7  0 -9 
91 91  -1 -6  0 -9 
91 205   1 -7  0 -9 
92 92  -1 -6  0 -9 
92 206   1 -7  0 -9 
93 93  -1 -6  0 -9 
93 207   1 -7  0 -9 
94 94  -1 -6  0 -9 
94 208   1 -7  0 -9 
95 95  -1 -6  0 -9 
95 209   1 -7  0 -9 
96 96  -1 -6  0 -9 
96 210   1 -7  0 -9 
97 97  -1 -6  0 -9 
97 211   1 -7  0 -9 
98 96  -1 -5  0 -9 
98 138  -1 -5  0 -9 
98 180   1 -3  0 -9 
98 195  -1 -4  0 -9 
98 210   1 -6  0 -9 
98 221   1 -6  0 -9 
99 139  -1 -5  0 -9 
99 181   1 -3  0 -9 
99 196  -1 -4  0 -9 
99 222   1 -6  0 -9 
100 140  -1 -5  0 -9 
100 182   1 -3  0 -9 
100 197  -1 -4  0 -9 
100 223   1 -6  0 -9 
101 141  -1 -5  0 -9 
101 183   1 -3  0 -9 
101 198  -1 -4  0 -9 
101 224   1 -6  0 -9 
102 142  -1 -5  0 -9 
102 184   1 -3  0 -9 
102 199  -1 -4  0 -9 
102 225   1 -6  0 -9 
103 97  -1 -5  0 -9 
103 143  -1 -5  0 -9 
103 185   1 -3  0 -9 
103 200  -1 -4  0 -9 
103 211   1 -6  0 -9 
103 226   1 -6  0 -9 
104 104  -1 -6  0 -9 
105 105  -1 -6  0 -9 
106 106  -1 -6  0 -9 
107 107  -1 -6  0 -9 
108 108  -1 -6  0 -9 
109 109  -1 -6  0 -9 
110 110  -1 -6  0 -9 
111 111  -1 -6  0 -9 
112 112  -1 -6  0 -9 
113 113  -1 -6  0 -9 
114 114  -1 -6  0 -9 
115 115  -1 -6  0 -9 
116 116  -1 -6  0 -9 
117 117  -1 -6  0 -9 
118 118  -1 -6  0 -9 
119 119  -1 -6  0 -9 
120 120  -1 -6  0 -9 
121 121  -1 -6  0 -9 
122 122  -1 -6  0 -9 
123 123  -1 -6  0 -9 
124 124  -1 -6  0 -9 
125 125  -1 -6  0 -9 
126 126  -1 -6  0 -9 
127 127  -1 -6  0 -9 
128 128  -1 -6  0 -9 
129 129  -1 -6  0 -9 
129 212   1 -7  0 -9 
130 130  -1 -6  0 -9 
130 213   1 -7  0 -9 
131 131  -1 -6  0 -9 
131 214   1 -7  0 -9 
132 132  -1 -6  0 -9 
132 215   1 -7  0 -9 
133 133  -1 -6  0 -9 
133 216   1 -7  0 -9 
134 134  -1 -6  0 -9 
134 217   1 -7  0 -9 
135 135  -1 -6  0 -9 
135 218   1 -7  0 -9 
136 136  -1 -6  0 -9 
136 219   1 -7  0 -9 
137 137  -1 -6  0 -9 
137 220   1 -7  0 -9 
138 138  -1 -6  0 -9 
138 221   1 -7  0 -9 
139 139  -1 -6  0 -9 
139 222   1 -7  0 -9 
140 140  -1 -6  0 -9 
140 223   1 -7  0 -9 
141 141  -1 -6  0 -9 
141 224   1 -7  0 -9 
142 142  -1 -6  0 -9 
142 225   1 -7  0 -9 
143 143  -1 -6  0 -9 
143 226   1 -7  0 -9 
144 144  -1 -6  0 -9 
144 227   1 -7  0 -9 
145 145  -1 -6  0 -9 
145 228   1 -7  0 -9 
146 146  -1 -6  0 -9 
146 229   1 -7  0 -9 
147 147  -1 -6  0 -9 
147 230   1 -7  0 -9 
148 18   1 -3  0 -9 
148 66  -1 -5  0 -9 
149 19   1 -3  0 -9 
149 67  -1 -5  0 -9 
150 20   1 -3  0 -9 
150 27  -1 -4  0 -9 
150 68  -1 -5  0 -9 
151 69   1 -3  0 -9 
151 104  -1 -4  0 -9 
152 70   1 -3  0 -9 
152 105  -1 -4  0 -9 
153 66  -1 -4  0 -9 
153 71   1 -3  0 -9 
153 106  -1 -4  0 -9 
154 67  -1 -4  0 -9 
154 72   1 -3  0 -9 
154 107  -1 -4  0 -9 
155 73   1 -3  0 -9 
155 108  -1 -4  0 -9 
156 74   1 -3  0 -9 
156 109  -1 -4  0 -9 
157 75   1 -3  0 -9 
157 90  -1 -4  0 -9 
157 110  -1 -4  0 -9 
158 68  -1 -4  0 -9 
158 76   1 -3  0 -9 
158 91  -1 -4  0 -9 
158 111  -1 -4  0 -9 
159 77   1 -3  0 -9 
159 92  -1 -4  0 -9 
159 112  -1 -4  0 -9 
160 78   1 -3  0 -9 
160 93  -1 -4  0 -9 
160 113  -1 -4  0 -9 
161 79   1 -3  0 -9 
161 94  -1 -4  0 -9 
161 114  -1 -4  0 -9 
162 80   1 -3  0 -9 
162 95  -1 -4  0 -9 
162 115  -1 -4  0 -9 
163 81   1 -3  0 -9 
163 129  -1 -4  0 -9 
164 82   1 -3  0 -9 
164 130  -1 -4  0 -9 
165 83   1 -3  0 -9 
165 131  -1 -4  0 -9 
166 84   1 -3  0 -9 
166 132  -1 -4  0 -9 
167 85   1 -3  0 -9 
167 133  -1 -4  0 -9 
168 86   1 -3  0 -9 
168 134  -1 -4  0 -9 
169 87   1 -3  0 -9 
169 135  -1 -4  0 -9 
170 88   1 -3  0 -9 
170 136  -1 -4  0 -9 
171 89   1 -3  0 -9 
171 137  -1 -4  0 -9 
172 21   1 -3  0 -9 
172 90  -1 -5  0 -9 
172 187  -1 -5  0 -9 
172 204   1 -6  0 -9 
173 22   1 -3  0 -9 
173 91  -1 -5  0 -9 
173 188  -1 -5  0 -9 
173 205   1 -6  0 -9 
174 23   1 -3  0 -9 
174 92  -1 -5  0 -9 
174 189  -1 -5  0 -9 
174 206   1 -6  0 -9 
175 24   1 -3  0 -9 
175 93  -1 -5  0 -9 
175 190  -1 -5  0 -9 
175 207   1 -6  0 -9 
176 25   1 -3  0 -9 
176 27  -1 -5  0 -9 
176 94  -1 -5  0 -9 
176 186   1 -6  0 -9 
176 191  -1 -5  0 -9 
176 208   1 -6  0 -9 
177 26   1 -3  0 -9 
177 95  -1 -5  0 -9 
177 192  -1 -5  0 -9 
177 209   1 -6  0 -9 
178 28   1 -3  0 -9 
178 96  -1 -5  0 -9 
178 193  -1 -5  0 -9 
178 201   1 -6  0 -9 
178 210   1 -6  0 -9 
179 29   1 -3  0 -9 
179 97  -1 -5  0 -9 
179 194  -1 -5  0 -9 
179 202   1 -6  0 -9 
179 211   1 -6  0 -9 
180 96  -1 -4  0 -9 
180 98   1 -3  0 -9 
180 138  -1 -4  0 -9 
180 195  -1 -5  0 -9 
180 231   1 -6  0 -9 
181 99   1 -3  0 -9 
181 139  -1 -4  0 -9 
181 196  -1 -5  0 -9 
181 232   1 -6  0 -9 
182 100   1 -3  0 -9 
182 140  -1 -4  0 -9 
182 197  -1 -5  0 -9 
182 233   1 -6  0 -9 
183 101   1 -3  0 -9 
183 141  -1 -4  0 -9 
183 198  -1 -5  0 -9 
183 234   1 -6  0 -9 
184 102   1 -3  0 -9 
184 142  -1 -4  0 -9 
184 199  -1 -5  0 -9 
184 235   1 -6  0 -9 
185 97  -1 -4  0 -9 
185 103   1 -3  0 -9 
185 143  -1 -4  0 -9 
185 200  -1 -5  0 -9 
185 236   1 -6  0 -9 
186 186   1 -8  0 -9 
187 187  -1 -6  0 -9 
187 204   1 -7  0 -9 
188 188  -1 -6  0 -9 
188 205   1 -7  0 -9 
189 189  -1 -6  0 -9 
189 206   1 -7  0 -9 
190 190  -1 -6  0 -9 
190 207   1 -7  0 -9 
191 186   1 -7  0 -9 
191 191  -1 -6  0 -9 
191 208   1 -7  0 -9 
192 192  -1 -6  0 -9 
192 209   1 -7  0 -9 
193 193  -1 -6  0 -9 
193 201   1 -7  0 -9 
193 210   1 -7  0 -9 
194 194  -1 -6  0 -9 
194 202   1 -7  0 -9 
194 211   1 -7  0 -9 
195 195  -1 -6  0 -9 
195 231   1 -7  0 -9 
196 196  -1 -6  0 -9 
196 232   1 -7  0 -9 
197 197  -1 -6  0 -9 
197 233   1 -7  0 -9 
198 198  -1 -6  0 -9 
198 234   1 -7  0 -9 
199 199  -1 -6  0 -9 
199 235   1 -7  0 -9 
200 200  -1 -6  0 -9 
200 236   1 -7  0 -9 
201 201   1 -8  0 -9 
202 202   1 -8  0 -9 
203 203  -1 -6  0 -9 
203 237   1 -7  0 -9 
204 204   1 -8  0 -9 
205 205   1 -8  0 -9 
206 206   1 -8  0 -9 
207 207   1 -8  0 -9 
208 208   1 -8  0 -9 
209 209   1 -8  0 -9 
210 210   1 -8  0 -9 
211 211   1 -8  0 -9 
212 212   1 -8  0 -9 
213 213   1 -8  0 -9 
214 214   1 -8  0 -9 
215 215   1 -8  0 -9 
216 216   1 -8  0 -9 
217 217   1 -8  0 -9 
218 218   1 -8  0 -9 
219 219   1 -8  0 -9 
220 220   1 -8  0 -9 
221 221   1 -8  0 -9 
222 222   1 -8  0 -9 
223 223   1 -8  0 -9 
224 224   1 -8  0 -9 
225 225   1 -8  0 -9 
226 226   1 -8  0 -9 
227 227   1 -8  0 -9 
228 228   1 -8  0 -9 
229 229   1 -8  0 -9 
230 230   1 -8  0 -9 
231 231   1 -8  0 -9 
232 232   1 -8  0 -9 
233 233   1 -8  0 -9 
234 234   1 -8  0 -9 
235 235   1 -8  0 -9 
236 236   1 -8  0 -9 
237 237   1 -8  0 -9 
238 238   1 -8  0 -9 
239 239   1 -8  0 -9 
9999 9999
