 0  1   1 -3  0 -9 
 0  7  -1 -4  0 -9 
 0 16  -1 -4  0 -9 
 0 21   1 -5  0 -9 
 1  0   1 -3  0 -9 
 1  4   1 -6  0 -9 
 1  7  -1 -5  0 -9 
 1 16  -1 -5  0 -9 
 1 21   1 -6  0 -9 
 2  8  -1 -5  0 -9 
 2 16  -1 -4  0 -9 
 2 17   1 -3  0 -9 
 2 19  -1 -4  0 -9 
 2 22   1 -6  0 -9 
 3  9  -1 -5  0 -9 
 3 18   1 -3  0 -9 
 3 20  -1 -4  0 -9 
 3 23   1 -6  0 -9 
 4  4   1 -8  0 -9 
 5  5   1 -8  0 -9 
 6  6   1 -8  0 -9 
 7  4   1 -7  0 -9 
 7  7  -1 -6  0 -9 
 7 21   1 -7  0 -9 
 8  8  -1 -6  0 -9 
 8 22   1 -7  0 -9 
 9  9  -1 -6  0 -9 
 9 23   1 -7  0 -9 
10  5   1 -7  0 -9 
10 10  -1 -6  0 -9 
10 24   1 -7  0 -9 
11  6   1 -7  0 -9 
11 11  -1 -6  0 -9 
11 25   1 -7  0 -9 
12 12  -1 -6  0 -9 
12 26   1 -7  0 -9 
13 13  -1 -6  0 -9 
13 27   1 -7  0 -9 
14 14  -1 -6  0 -9 
14 28   1 -7  0 -9 
15 15  -1 -6  0 -9 
15 29   1 -7  0 -9 
16 16  -1 -6  0 -9 
16 21   1 -7  0 -9 
17  2   1 -3  0 -9 
17  8  -1 -4  0 -9 
17 16  -1 -5  0 -9 
17 19  -1 -5  0 -9 
17 21   1 -6  0 -9 
17 30   1 -6  0 -9 
18  3   1 -3  0 -9 
18  9  -1 -4  0 -9 
18 20  -1 -5  0 -9 
18 31   1 -6  0 -9 
19 19  -1 -6  0 -9 
19 30   1 -7  0 -9 
20 20  -1 -6  0 -9 
20 31   1 -7  0 -9 
21 21   1 -8  0 -9 
22 22   1 -8  0 -9 
23 23   1 -8  0 -9 
24 24   1 -8  0 -9 
25 25   1 -8  0 -9 
26 26   1 -8  0 -9 
27 27   1 -8  0 -9 
28 28   1 -8  0 -9 
29 29   1 -8  0 -9 
30 30   1 -8  0 -9 
31 31   1 -8  0 -9 
32 32   1 -8  0 -9 
33 33   1 -8  0 -9 
34 34   1 -8  0 -9 
35 35   1 -8  0 -9 
9999 9999
