 0  0  -1  2  0 -9 
 0 60   1  1  0 -9 
 1  1  -1  2  0 -9 
 1 61   1  1  0 -9 
 2  2  -1  2  0 -9 
 2 62   1  1  0 -9 
 3  3  -1  2  0 -9 
 3 63   1  1  0 -9 
 4  4  -1  2  0 -9 
 4 64   1  1  0 -9 
 5  5  -1  2  0 -9 
 5 65   1  1  0 -9 
 6  6  -1  2  0 -9 
 6 66   1  1  0 -9 
 7  7  -1  2  0 -9 
 7 67   1  1  0 -9 
 8  8  -1  2  0 -9 
 8 89   1  1  0 -9 
 8 143  -1  0  0 -9 
 9  9  -1  2  0 -9 
 9 90   1  1  0 -9 
 9 144  -1  0  0 -9 
10 10  -1  2  0 -9 
10 91   1  1  0 -9 
10 145  -1  0  0 -9 
11 11  -1  2  0 -9 
11 92   1  1  0 -9 
11 146  -1  0  0 -9 
12 12  -1  2  0 -9 
12 93   1  1  0 -9 
12 147  -1  0  0 -9 
13 13  -1  2  0 -9 
13 94   1  1  0 -9 
13 148  -1  0  0 -9 
14 14  -1  2  0 -9 
14 95   1  1  0 -9 
14 149  -1  0  0 -9 
15 15  -1  2  0 -9 
15 96   1  1  0 -9 
15 150  -1  0  0 -9 
16 16  -1  2  0 -9 
16 97   1  1  0 -9 
16 151  -1  0  0 -9 
17 17  -1  2  0 -9 
17 207   1  1  0 -9 
18 18  -1  2  0 -9 
18 208   1  1  0 -9 
19 19  -1  2  0 -9 
19 217   1  1  0 -9 
19 239  -1  0  0 -9 
19 259   1 -1  0 -9 
20 20  -1  2  0 -9 
20 218   1  1  0 -9 
20 240  -1  0  0 -9 
20 260   1 -1  0 -9 
21 21  -1  2  0 -9 
21 219   1  1  0 -9 
21 241  -1  0  0 -9 
21 261   1 -1  0 -9 
22 22  -1  2  0 -9 
22 220   1  1  0 -9 
22 242  -1  0  0 -9 
22 262   1 -1  0 -9 
23 23  -1  2  0 -9 
23 221   1  1  0 -9 
23 243  -1  0  0 -9 
23 263   1 -1  0 -9 
24 24  -1  2  0 -9 
24 222   1  1  0 -9 
24 244  -1  0  0 -9 
24 264   1 -1  0 -9 
25 25  -1  2  0 -9 
25 223   1  1  0 -9 
25 245  -1  0  0 -9 
25 265   1 -1  0 -9 
26 26  -1  2  0 -9 
26 224   1  1  0 -9 
26 246  -1  0  0 -9 
26 266   1 -1  0 -9 
27 27  -1  2  0 -9 
27 98   1  1  0 -9 
27 152  -1  0  0 -9 
27 292  -1  0  0 -9 
27 301   1  1  0 -9 
27 406   1 -1  0 -9 
28 28  -1  2  0 -9 
28 99   1  1  0 -9 
28 153  -1  0  0 -9 
28 295  -1  0  0 -9 
28 302   1  1  0 -9 
28 407   1 -1  0 -9 
29 29  -1  2  0 -9 
29 100   1  1  0 -9 
29 154  -1  0  0 -9 
29 293  -1  0  0 -9 
29 294  -1  0  0 -9 
29 296  -1  0  0 -9 
29 303   1  1  0 -9 
29 408   1 -1  0 -9 
30 30  -1  2  0 -9 
30 101   1  1  0 -9 
30 155  -1  0  0 -9 
30 296  -1  0  0 -9 
30 304   1  1  0 -9 
30 409   1 -1  0 -9 
31 31  -1  2  0 -9 
31 102   1  1  0 -9 
31 156  -1  0  0 -9 
31 293  -1  0  0 -9 
31 305   1  1  0 -9 
31 410   1 -1  0 -9 
32 32  -1  2  0 -9 
32 103   1  1  0 -9 
32 157  -1  0  0 -9 
32 297  -1  0  0 -9 
32 306   1  1  0 -9 
32 411   1 -1  0 -9 
33 33  -1  2  0 -9 
33 104   1  1  0 -9 
33 158  -1  0  0 -9 
33 298  -1  0  0 -9 
33 307   1  1  0 -9 
33 412   1 -1  0 -9 
34 34  -1  2  0 -9 
34 105   1  1  0 -9 
34 159  -1  0  0 -9 
34 293  -1  0  0 -9 
34 296  -1  0  0 -9 
34 299  -1  0  0 -9 
34 308   1  1  0 -9 
34 413   1 -1  0 -9 
35 35  -1  2  0 -9 
35 106   1  1  0 -9 
35 160  -1  0  0 -9 
35 300  -1  0  0 -9 
35 309   1  1  0 -9 
35 414   1 -1  0 -9 
36 36  -1  2  0 -9 
36 161  -1  0  0 -9 
36 185   1  1  0 -9 
36 310   1  1  0 -9 
36 334  -1  0  0 -9 
36 356   1 -1  0 -9 
36 427   1 -1  0 -9 
36 442  -1 -2  0 -9 
37 37  -1  2  0 -9 
37 148  -1  0  0 -9 
37 162  -1  0  0 -9 
37 186   1  1  0 -9 
37 311   1  1  0 -9 
37 335  -1  0  0 -9 
37 357   1 -1  0 -9 
37 428   1 -1  0 -9 
37 443  -1 -2  0 -9 
38 38  -1  2  0 -9 
38 149  -1  0  0 -9 
38 163  -1  0  0 -9 
38 187   1  1  0 -9 
38 312   1  1  0 -9 
38 336  -1  0  0 -9 
38 358   1 -1  0 -9 
38 429   1 -1  0 -9 
38 444  -1 -2  0 -9 
39 39  -1  2  0 -9 
39 150  -1  0  0 -9 
39 164  -1  0  0 -9 
39 188   1  1  0 -9 
39 313   1  1  0 -9 
39 337  -1  0  0 -9 
39 359   1 -1  0 -9 
39 430   1 -1  0 -9 
39 445  -1 -2  0 -9 
40 40  -1  2  0 -9 
40 151  -1  0  0 -9 
40 165  -1  0  0 -9 
40 189   1  1  0 -9 
40 314   1  1  0 -9 
40 338  -1  0  0 -9 
40 360   1 -1  0 -9 
40 431   1 -1  0 -9 
40 446  -1 -2  0 -9 
41 41  -1  2  0 -9 
41 166  -1  0  0 -9 
41 190   1  1  0 -9 
41 299  -1  0  0 -9 
41 315   1  1  0 -9 
41 339  -1  0  0 -9 
41 361   1 -1  0 -9 
41 432   1 -1  0 -9 
41 447  -1 -2  0 -9 
42 42  -1  2  0 -9 
42 113   1  1  0 -9 
42 167  -1  0  0 -9 
42 294  -1  0  0 -9 
42 316   1  1  0 -9 
42 371  -1  0  0 -9 
42 460   1 -1  0 -9 
43 43  -1  2  0 -9 
43 114   1  1  0 -9 
43 168  -1  0  0 -9 
43 317   1  1  0 -9 
43 372  -1  0  0 -9 
43 461   1 -1  0 -9 
44 44  -1  2  0 -9 
44 115   1  1  0 -9 
44 169  -1  0  0 -9 
44 318   1  1  0 -9 
44 373  -1  0  0 -9 
44 462   1 -1  0 -9 
45 45  -1  2  0 -9 
45 116   1  1  0 -9 
45 170  -1  0  0 -9 
45 295  -1  0  0 -9 
45 319   1  1  0 -9 
45 374  -1  0  0 -9 
45 463   1 -1  0 -9 
46 46  -1  2  0 -9 
46 117   1  1  0 -9 
46 171  -1  0  0 -9 
46 296  -1  0  0 -9 
46 320   1  1  0 -9 
46 375  -1  0  0 -9 
46 464   1 -1  0 -9 
47 47  -1  2  0 -9 
47 118   1  1  0 -9 
47 172  -1  0  0 -9 
47 321   1  1  0 -9 
47 376  -1  0  0 -9 
47 465   1 -1  0 -9 
48 48  -1  2  0 -9 
48 119   1  1  0 -9 
48 173  -1  0  0 -9 
48 322   1  1  0 -9 
48 377  -1  0  0 -9 
48 466   1 -1  0 -9 
49 49  -1  2  0 -9 
49 120   1  1  0 -9 
49 174  -1  0  0 -9 
49 323   1  1  0 -9 
49 378  -1  0  0 -9 
49 467   1 -1  0 -9 
50 50  -1  2  0 -9 
50 175  -1  0  0 -9 
50 192   1  1  0 -9 
50 324   1  1  0 -9 
50 341  -1  0  0 -9 
50 363   1 -1  0 -9 
50 379  -1  0  0 -9 
50 478   1 -1  0 -9 
50 493  -1 -2  0 -9 
51 51  -1  2  0 -9 
51 176  -1  0  0 -9 
51 193   1  1  0 -9 
51 325   1  1  0 -9 
51 342  -1  0  0 -9 
51 364   1 -1  0 -9 
51 380  -1  0  0 -9 
51 479   1 -1  0 -9 
51 494  -1 -2  0 -9 
52 52  -1  2  0 -9 
52 177  -1  0  0 -9 
52 194   1  1  0 -9 
52 326   1  1  0 -9 
52 343  -1  0  0 -9 
52 365   1 -1  0 -9 
52 381  -1  0  0 -9 
52 480   1 -1  0 -9 
52 495  -1 -2  0 -9 
53 53  -1  2  0 -9 
53 178  -1  0  0 -9 
53 195   1  1  0 -9 
53 300  -1  0  0 -9 
53 327   1  1  0 -9 
53 344  -1  0  0 -9 
53 366   1 -1  0 -9 
53 382  -1  0  0 -9 
53 481   1 -1  0 -9 
53 496  -1 -2  0 -9 
54 54  -1  2  0 -9 
54 179  -1  0  0 -9 
54 247  -1  0  0 -9 
54 251   1  1  0 -9 
54 277   1 -1  0 -9 
54 281  -1  0 -1 -2  0 -9 
54 328   1  1  0 -9 
54 383  -1  0  0 -9 
54 391  -1 -2  0 -9 
54 395   1 -1  0 -9 
54 482   1 -1  0 -9 
54 497  -1 -2  0 -9 
54 508   1 -3  0 -9 
55 55  -1  2  0 -9 
55 180  -1  0  0 -9 
55 248  -1  0  0 -9 
55 252   1  1  0 -9 
55 278   1 -1  0 -9 
55 282  -1  0 -1 -2  0 -9 
55 329   1  1  0 -9 
55 384  -1  0  0 -9 
55 392  -1 -2  0 -9 
55 396   1 -1  0 -9 
55 483   1 -1  0 -9 
55 498  -1 -2  0 -9 
55 509   1 -3  0 -9 
56 56  -1  2  0 -9 
56 181  -1  0  0 -9 
56 245  -1  0  0 -9 
56 248  -1  0  0 -9 
56 253   1  1  0 -9 
56 265   1 -1  0 -9 
56 278   1 -1  0 -9 
56 283  -1  0 -1 -2  0 -9 
56 330   1  1  0 -9 
56 385  -1  0  0 -9 
56 392  -1 -2  0 -9 
56 397   1 -1  0 -9 
56 484   1 -1  0 -9 
56 499  -1 -2  0 -9 
56 510   1 -3  0 -9 
57 57  -1  2  0 -9 
57 182  -1  0  0 -9 
57 246  -1  0  0 -9 
57 249  -1  0  0 -9 
57 254   1  1  0 -9 
57 266   1 -1  0 -9 
57 279   1 -1  0 -9 
57 284  -1  0 -1 -2  0 -9 
57 331   1  1  0 -9 
57 386  -1  0  0 -9 
57 393  -1 -2  0 -9 
57 398   1 -1  0 -9 
57 485   1 -1  0 -9 
57 500  -1 -2  0 -9 
57 511   1 -3  0 -9 
58 58  -1  2  0 -9 
58 183  -1  0  0 -9 
58 249  -1  0  0 -9 
58 255   1  1  0 -9 
58 279   1 -1  0 -9 
58 285  -1  0 -1 -2  0 -9 
58 332   1  1  0 -9 
58 387  -1  0  0 -9 
58 393  -1 -2  0 -9 
58 399   1 -1  0 -9 
58 486   1 -1  0 -9 
58 501  -1 -2  0 -9 
58 512   1 -3  0 -9 
59 59  -1  2  0 -9 
59 184  -1  0  0 -9 
59 250  -1  0  0 -9 
59 256   1  1  0 -9 
59 280   1 -1  0 -9 
59 286  -1  0 -1 -2  0 -9 
59 333   1  1  0 -9 
59 388  -1  0  0 -9 
59 394  -1 -2  0 -9 
59 400   1 -1  0 -9 
59 487   1 -1  0 -9 
59 502  -1 -2  0 -9 
59 513   1 -3  0 -9 
60 60   1  0  0 -9 
61 61   1  0  0 -9 
62 62   1  0  0 -9 
63 63   1  0  0 -9 
64 64   1  0  0 -9 
65 65   1  0  0 -9 
66 66   1  0  0 -9 
67 67   1  0  0 -9 
68 68  -1  2  0 -9 
68 98   1  1  0 -9 
68 152  -1  0  0 -9 
69 69  -1  2  0 -9 
69 99   1  1  0 -9 
69 153  -1  0  0 -9 
70 70  -1  2  0 -9 
70 100   1  1  0 -9 
70 154  -1  0  0 -9 
71 71  -1  2  0 -9 
71 101   1  1  0 -9 
71 155  -1  0  0 -9 
72 61   1  1  0 -9 
72 72  -1  2  0 -9 
72 102   1  1  0 -9 
72 156  -1  0  0 -9 
73 65   1  1  0 -9 
73 73  -1  2  0 -9 
73 103   1  1  0 -9 
73 157  -1  0  0 -9 
74 66   1  1  0 -9 
74 74  -1  2  0 -9 
74 104   1  1  0 -9 
74 158  -1  0  0 -9 
75 61   1  1  0 -9 
75 64   1  1  0 -9 
75 65   1  1  0 -9 
75 75  -1  2  0 -9 
75 105   1  1  0 -9 
75 159  -1  0  0 -9 
76 67   1  1  0 -9 
76 76  -1  2  0 -9 
76 106   1  1  0 -9 
76 160  -1  0  0 -9 
77 77  -1  2  0 -9 
77 113   1  1  0 -9 
77 167  -1  0  0 -9 
77 209   1  1  0 -9 
77 259   1 -2  0 -9 
78 78  -1  2  0 -9 
78 114   1  1  0 -9 
78 168  -1  0  0 -9 
78 210   1  1  0 -9 
78 260   1 -2  0 -9 
79 79  -1  2  0 -9 
79 115   1  1  0 -9 
79 169  -1  0  0 -9 
79 211   1  1  0 -9 
79 261   1 -2  0 -9 
80 63   1  1  0 -9 
80 80  -1  2  0 -9 
80 116   1  1  0 -9 
80 170  -1  0  0 -9 
80 212   1  1  0 -9 
80 262   1 -2  0 -9 
81 64   1  1  0 -9 
81 81  -1  2  0 -9 
81 117   1  1  0 -9 
81 171  -1  0  0 -9 
81 213   1  1  0 -9 
81 263   1 -2  0 -9 
82 82  -1  2  0 -9 
82 118   1  1  0 -9 
82 172  -1  0  0 -9 
82 214   1  1  0 -9 
82 264   1 -2  0 -9 
83 67   1  1  0 -9 
83 83  -1  2  0 -9 
83 119   1  1  0 -9 
83 173  -1  0  0 -9 
83 215   1  1  0 -9 
83 265   1 -2  0 -9 
84 84  -1  2  0 -9 
84 120   1  1  0 -9 
84 174  -1  0  0 -9 
84 216   1  1  0 -9 
84 266   1 -2  0 -9 
85 85  -1  2  0 -9 
85 229   1  1  0 -9 
85 260   1 -1  0 -9 
85 267  -1  0  0 -9 
86 86  -1  2  0 -9 
86 230   1  1  0 -9 
86 261   1 -1  0 -9 
86 268  -1  0  0 -9 
87 87  -1  2  0 -9 
87 231   1  1  0 -9 
87 265   1 -1  0 -9 
87 269  -1  0  0 -9 
88 88  -1  2  0 -9 
88 232   1  1  0 -9 
88 260   1 -1  0 -9 
88 266   1 -1  0 -9 
88 270  -1  0  0 -9 
89 89   1  0  0 -9 
89 143  -1 -1  0 -9 
89 292   1 -2  0 -9 
90 90   1  0  0 -9 
90 144  -1 -1  0 -9 
90 293   1 -2  0 -9 
91 91   1  0  0 -9 
91 145  -1 -1  0 -9 
91 294   1 -2  0 -9 
92 92   1  0  0 -9 
92 146  -1 -1  0 -9 
92 295   1 -2  0 -9 
93 93   1  0  0 -9 
93 147  -1 -1  0 -9 
93 296   1 -2  0 -9 
94 94   1  0  0 -9 
94 148  -1 -1  0 -9 
94 297   1 -2  0 -9 
95 95   1  0  0 -9 
95 149  -1 -1  0 -9 
95 298   1 -2  0 -9 
96 96   1  0  0 -9 
96 150  -1 -1  0 -9 
96 299   1 -2  0 -9 
97 97   1  0  0 -9 
97 151  -1 -1  0 -9 
97 300   1 -2  0 -9 
98 98   1  0  0 -9 
98 152  -1 -1  0 -9 
98 406   1 -2  0 -9 
99 99   1  0  0 -9 
99 153  -1 -1  0 -9 
99 407   1 -2  0 -9 
100 100   1  0  0 -9 
100 154  -1 -1  0 -9 
100 408   1 -2  0 -9 
101 101   1  0  0 -9 
101 155  -1 -1  0 -9 
101 409   1 -2  0 -9 
102 102   1  0  0 -9 
102 156  -1 -1  0 -9 
102 410   1 -2  0 -9 
103 103   1  0  0 -9 
103 157  -1 -1  0 -9 
103 411   1 -2  0 -9 
104 104   1  0  0 -9 
104 158  -1 -1  0 -9 
104 412   1 -2  0 -9 
105 105   1  0  0 -9 
105 159  -1 -1  0 -9 
105 413   1 -2  0 -9 
106 106   1  0  0 -9 
106 160  -1 -1  0 -9 
106 414   1 -2  0 -9 
107 102   1  1  0 -9 
107 107  -1  2  0 -9 
107 156  -1  0  0 -9 
107 161   1  1  0 -9 
107 427   1 -2  0 -9 
107 442  -1 -3  0 -9 
108 103   1  1  0 -9 
108 108  -1  2  0 -9 
108 157  -1  0  0 -9 
108 162   1  1  0 -9 
108 428   1 -2  0 -9 
108 443  -1 -3  0 -9 
109 104   1  1  0 -9 
109 109  -1  2  0 -9 
109 158  -1  0  0 -9 
109 163   1  1  0 -9 
109 429   1 -2  0 -9 
109 444  -1 -3  0 -9 
110 105   1  1  0 -9 
110 110  -1  2  0 -9 
110 159  -1  0  0 -9 
110 164   1  1  0 -9 
110 430   1 -2  0 -9 
110 445  -1 -3  0 -9 
111 106   1  1  0 -9 
111 111  -1  2  0 -9 
111 160  -1  0  0 -9 
111 165   1  1  0 -9 
111 431   1 -2  0 -9 
111 446  -1 -3  0 -9 
112 96   1  1  0 -9 
112 104   1  1  0 -9 
112 112  -1  2  0 -9 
112 150  -1  0  0 -9 
112 158  -1  0  0 -9 
112 166   1  1  0 -9 
112 432   1 -2  0 -9 
112 447  -1 -3  0 -9 
113 113   1  0  0 -9 
113 167  -1 -1  0 -9 
113 460   1 -2  0 -9 
114 114   1  0  0 -9 
114 168  -1 -1  0 -9 
114 461   1 -2  0 -9 
115 115   1  0  0 -9 
115 169  -1 -1  0 -9 
115 462   1 -2  0 -9 
116 116   1  0  0 -9 
116 170  -1 -1  0 -9 
116 463   1 -2  0 -9 
117 117   1  0  0 -9 
117 171  -1 -1  0 -9 
117 464   1 -2  0 -9 
118 118   1  0  0 -9 
118 172  -1 -1  0 -9 
118 465   1 -2  0 -9 
119 119   1  0  0 -9 
119 173  -1 -1  0 -9 
119 466   1 -2  0 -9 
120 120   1  0  0 -9 
120 174  -1 -1  0 -9 
120 467   1 -2  0 -9 
121 116   1  1  0 -9 
121 121  -1  2  0 -9 
121 170  -1  0  0 -9 
121 175   1  1  0 -9 
121 225   1  1  0 -9 
121 247  -1  0  0 -9 
121 262   1 -2  0 -9 
121 277  -1 -3  0 -9 
121 391   1 -4  0 -9 
121 478   1 -2  0 -9 
121 493  -1 -3  0 -9 
122 117   1  1  0 -9 
122 122  -1  2  0 -9 
122 171  -1  0  0 -9 
122 176   1  1  0 -9 
122 226   1  1  0 -9 
122 248  -1  0  0 -9 
122 263   1 -2  0 -9 
122 278  -1 -3  0 -9 
122 392   1 -4  0 -9 
122 479   1 -2  0 -9 
122 494  -1 -3  0 -9 
123 118   1  1  0 -9 
123 123  -1  2  0 -9 
123 172  -1  0  0 -9 
123 177   1  1  0 -9 
123 227   1  1  0 -9 
123 249  -1  0  0 -9 
123 264   1 -2  0 -9 
123 279  -1 -3  0 -9 
123 393   1 -4  0 -9 
123 480   1 -2  0 -9 
123 495  -1 -3  0 -9 
124 97   1  1  0 -9 
124 117   1  1  0 -9 
124 120   1  1  0 -9 
124 124  -1  2  0 -9 
124 151  -1  0  0 -9 
124 171  -1  0  0 -9 
124 174  -1  0  0 -9 
124 178   1  1  0 -9 
124 228   1  1  0 -9 
124 250  -1  0  0 -9 
124 263   1 -2  0 -9 
124 266   1 -2  0 -9 
124 280  -1 -3  0 -9 
124 394   1 -4  0 -9 
124 481   1 -2  0 -9 
124 496  -1 -3  0 -9 
125 125  -1  2  0 -9 
125 179   1  1  0 -9 
125 233   1  1  0 -9 
125 271  -1  0  0 -9 
125 281  -1 -3  0 -9 
125 482   1 -2  0 -9 
125 497  -1 -3  0 -9 
125 508   1 -4  0 -9 
126 126  -1  2  0 -9 
126 180   1  1  0 -9 
126 234   1  1  0 -9 
126 272  -1  0  0 -9 
126 282  -1 -3  0 -9 
126 483   1 -2  0 -9 
126 498  -1 -3  0 -9 
126 509   1 -4  0 -9 
127 119   1  1  0 -9 
127 127  -1  2  0 -9 
127 173  -1  0  0 -9 
127 181   1  1  0 -9 
127 235   1  1  0 -9 
127 265   1 -2  0 -9 
127 273  -1  0  0 -9 
127 283  -1 -3  0 -9 
127 484   1 -2  0 -9 
127 499  -1 -3  0 -9 
127 510   1 -4  0 -9 
128 120   1  1  0 -9 
128 128  -1  2  0 -9 
128 174  -1  0  0 -9 
128 182   1  1  0 -9 
128 236   1  1  0 -9 
128 266   1 -2  0 -9 
128 274  -1  0  0 -9 
128 284  -1 -3  0 -9 
128 485   1 -2  0 -9 
128 500  -1 -3  0 -9 
128 511   1 -4  0 -9 
129 129  -1  2  0 -9 
129 183   1  1  0 -9 
129 237   1  1  0 -9 
129 264   1 -1  0 -9 
129 275  -1  0  0 -9 
129 285  -1 -3  0 -9 
129 486   1 -2  0 -9 
129 501  -1 -3  0 -9 
129 512   1 -4  0 -9 
130 130  -1  2  0 -9 
130 184   1  1  0 -9 
130 238   1  1  0 -9 
130 266   1 -1  0 -9 
130 276  -1  0  0 -9 
130 286  -1 -3  0 -9 
130 487   1 -2  0 -9 
130 502  -1 -3  0 -9 
130 513   1 -4  0 -9 
131 103   1  1  0 -9 
131 114   1  1  0 -9 
131 131  -1  2  0 -9 
131 157  -1  0  0 -9 
131 168  -1  0  0 -9 
131 407  -1  0  0 -9 
131 411   1 -1  0 -9 
131 415   1  1  0 -9 
131 461   1 -1  0 -9 
131 468  -1  0  0 -9 
132 98   1  1  0 -9 
132 104   1  1  0 -9 
132 115   1  1  0 -9 
132 132  -1  2  0 -9 
132 152  -1  0  0 -9 
132 158  -1  0  0 -9 
132 169  -1  0  0 -9 
132 406   1 -1  0 -9 
132 408  -1  0  0 -9 
132 412   1 -1  0 -9 
132 416   1  1  0 -9 
132 462   1 -1  0 -9 
132 469  -1  0  0 -9 
133 119   1  1  0 -9 
133 133  -1  2  0 -9 
133 173  -1  0  0 -9 
133 409  -1  0  0 -9 
133 417   1  1  0 -9 
133 466   1 -1  0 -9 
133 470  -1  0  0 -9 
134 114   1  1  0 -9 
134 120   1  1  0 -9 
134 134  -1  2  0 -9 
134 168  -1  0  0 -9 
134 174  -1  0  0 -9 
134 418   1  1  0 -9 
134 461   1 -1  0 -9 
134 467   1 -1  0 -9 
134 471  -1  0  0 -9 
135 135  -1  2  0 -9 
135 162  -1  0  0 -9 
135 179  -1  0  0 -9 
135 198   1  1  0 -9 
135 419   1  1  0 -9 
135 428   1 -1  0 -9 
135 433  -1  0  0 -9 
135 443  -1 -2  0 -9 
135 448   1 -1  0 -9 
135 472  -1  0  0 -9 
135 482   1 -1  0 -9 
135 497  -1 -2  0 -9 
136 136  -1  2  0 -9 
136 163  -1  0  0 -9 
136 180  -1  0  0 -9 
136 199   1  1  0 -9 
136 420   1  1  0 -9 
136 429   1 -1  0 -9 
136 434  -1  0  0 -9 
136 444  -1 -2  0 -9 
136 449   1 -1  0 -9 
136 473  -1  0  0 -9 
136 483   1 -1  0 -9 
136 498  -1 -2  0 -9 
137 137  -1  2  0 -9 
137 181  -1  0  0 -9 
137 200   1  1  0 -9 
137 421   1  1  0 -9 
137 435  -1  0  0 -9 
137 450   1 -1  0 -9 
137 474  -1  0  0 -9 
137 484   1 -1  0 -9 
137 499  -1 -2  0 -9 
138 138  -1  2  0 -9 
138 182  -1  0  0 -9 
138 201   1  1  0 -9 
138 422   1  1  0 -9 
138 436  -1  0  0 -9 
138 451   1 -1  0 -9 
138 475  -1  0  0 -9 
138 485   1 -1  0 -9 
138 500  -1 -2  0 -9 
139 104   1  1  0 -9 
139 118   1  1  0 -9 
139 139  -1  2  0 -9 
139 158  -1  0  0 -9 
139 164  -1  0  0 -9 
139 172  -1  0  0 -9 
139 183  -1  0  0 -9 
139 202   1  1  0 -9 
139 412   1 -1  0 -9 
139 413  -1  0  0 -9 
139 423   1  1  0 -9 
139 430   1 -1  0 -9 
139 437  -1  0  0 -9 
139 445  -1 -2  0 -9 
139 452   1 -1  0 -9 
139 465   1 -1  0 -9 
139 476  -1  0  0 -9 
139 486   1 -1  0 -9 
139 501  -1 -2  0 -9 
140 120   1  1  0 -9 
140 140  -1  2  0 -9 
140 165  -1  0  0 -9 
140 174  -1  0  0 -9 
140 184  -1  0  0 -9 
140 203   1  1  0 -9 
140 414  -1  0  0 -9 
140 424   1  1  0 -9 
140 431   1 -1  0 -9 
140 438  -1  0  0 -9 
140 446  -1 -2  0 -9 
140 453   1 -1  0 -9 
140 467   1 -1  0 -9 
140 477  -1  0  0 -9 
140 487   1 -1  0 -9 
140 502  -1 -2  0 -9 
141 141  -1  2  0 -9 
141 179  -1  0  0 -9 
141 273  -1  0  0 -9 
141 281  -1  0 -1 -2  0 -9 
141 283   1 -1  0 -9 
141 289   1  1  0 -9 
141 425   1  1  0 -9 
141 482   1 -1  0 -9 
141 490  -1  0  0 -9 
141 497  -1 -2  0 -9 
141 508   1 -3  0 -9 
141 510  -1 -2  0 -9 
141 514   1 -1  0 -9 
142 142  -1  2  0 -9 
142 184  -1  0  0 -9 
142 274  -1  0  0 -9 
142 284   1 -1  0 -9 
142 286  -1  0 -1 -2  0 -9 
142 290   1  1  0 -9 
142 426   1  1  0 -9 
142 487   1 -1  0 -9 
142 491  -1  0  0 -9 
142 502  -1 -2  0 -9 
142 511  -1 -2  0 -9 
142 513   1 -3  0 -9 
142 515   1 -1  0 -9 
143 292   1 -3  0 -9 
144 293   1 -3  0 -9 
145 294   1 -3  0 -9 
146 295   1 -3  0 -9 
147 296   1 -3  0 -9 
148 297   1 -3  0 -9 
149 298   1 -3  0 -9 
150 299   1 -3  0 -9 
151 300   1 -3  0 -9 
152 406   1 -3  0 -9 
153 407   1 -3  0 -9 
154 408   1 -3  0 -9 
155 409   1 -3  0 -9 
156 410   1 -3  0 -9 
157 411   1 -3  0 -9 
158 412   1 -3  0 -9 
159 413   1 -3  0 -9 
160 414   1 -3  0 -9 
161 427   1 -3  0 -9 
161 442  -1 -4  0 -9 
162 428   1 -3  0 -9 
162 443  -1 -4  0 -9 
163 429   1 -3  0 -9 
163 444  -1 -4  0 -9 
164 430   1 -3  0 -9 
164 445  -1 -4  0 -9 
165 431   1 -3  0 -9 
165 446  -1 -4  0 -9 
166 432   1 -3  0 -9 
166 447  -1 -4  0 -9 
167 259  -1 -4  0 -9 
167 460   1 -3  0 -9 
168 260  -1 -4  0 -9 
168 461   1 -3  0 -9 
169 261  -1 -4  0 -9 
169 462   1 -3  0 -9 
170 262  -1 -4  0 -9 
170 463   1 -3  0 -9 
171 263  -1 -4  0 -9 
171 464   1 -3  0 -9 
172 264  -1 -4  0 -9 
172 465   1 -3  0 -9 
173 265  -1 -4  0 -9 
173 466   1 -3  0 -9 
174 266  -1 -4  0 -9 
174 467   1 -3  0 -9 
175 277  -1 -4  0 -9 
175 391   1 -5  0 -9 
175 478   1 -3  0 -9 
175 493  -1 -4  0 -9 
176 278  -1 -4  0 -9 
176 392   1 -5  0 -9 
176 479   1 -3  0 -9 
176 494  -1 -4  0 -9 
177 279  -1 -4  0 -9 
177 393   1 -5  0 -9 
177 480   1 -3  0 -9 
177 495  -1 -4  0 -9 
178 280  -1 -4  0 -9 
178 394   1 -5  0 -9 
178 481   1 -3  0 -9 
178 496  -1 -4  0 -9 
179 281  -1 -4  0 -9 
179 482   1 -3  0 -9 
179 497  -1 -4  0 -9 
179 508   1 -5  0 -9 
180 282  -1 -4  0 -9 
180 483   1 -3  0 -9 
180 498  -1 -4  0 -9 
180 509   1 -5  0 -9 
181 283  -1 -4  0 -9 
181 484   1 -3  0 -9 
181 499  -1 -4  0 -9 
181 510   1 -5  0 -9 
182 284  -1 -4  0 -9 
182 485   1 -3  0 -9 
182 500  -1 -4  0 -9 
182 511   1 -5  0 -9 
183 285  -1 -4  0 -9 
183 486   1 -3  0 -9 
183 501  -1 -4  0 -9 
183 512   1 -5  0 -9 
184 286  -1 -4  0 -9 
184 487   1 -3  0 -9 
184 502  -1 -4  0 -9 
184 513   1 -5  0 -9 
185 161  -1 -1  0 -9 
185 185   1  0  0 -9 
185 334  -1 -1  0 -9 
185 356   1 -2  0 -9 
185 427   1 -2  0 -9 
185 442  -1 -3  0 -9 
186 148  -1 -1  0 -9 
186 162  -1 -1  0 -9 
186 186   1  0  0 -9 
186 297   1 -2  0 -9 
186 335  -1 -1  0 -9 
186 357   1 -2  0 -9 
186 428   1 -2  0 -9 
186 443  -1 -3  0 -9 
187 149  -1 -1  0 -9 
187 163  -1 -1  0 -9 
187 187   1  0  0 -9 
187 298   1 -2  0 -9 
187 336  -1 -1  0 -9 
187 358   1 -2  0 -9 
187 429   1 -2  0 -9 
187 444  -1 -3  0 -9 
188 150  -1 -1  0 -9 
188 164  -1 -1  0 -9 
188 188   1  0  0 -9 
188 299   1 -2  0 -9 
188 337  -1 -1  0 -9 
188 359   1 -2  0 -9 
188 430   1 -2  0 -9 
188 445  -1 -3  0 -9 
189 151  -1 -1  0 -9 
189 165  -1 -1  0 -9 
189 189   1  0  0 -9 
189 300   1 -2  0 -9 
189 338  -1 -1  0 -9 
189 360   1 -2  0 -9 
189 431   1 -2  0 -9 
189 446  -1 -3  0 -9 
190 166  -1 -1  0 -9 
190 190   1  0  0 -9 
190 339  -1 -1  0 -9 
190 361   1 -2  0 -9 
190 432   1 -2  0 -9 
190 447  -1 -3  0 -9 
191 164   1  1  0 -9 
191 166  -1  0  0 -9 
191 190   1  1  0 -9 
191 191  -1  2  0 -9 
191 339  -1  0  0 -9 
191 340   1  1  0 -9 
191 361   1 -1  0 -9 
191 362  -1  0  0 -9 
191 430   1 -2  0 -9 
191 445  -1 -3  0 -9 
192 175  -1 -1  0 -9 
192 192   1  0  0 -9 
192 341  -1 -1  0 -9 
192 363   1 -2  0 -9 
192 478   1 -2  0 -9 
192 493  -1 -3  0 -9 
193 176  -1 -1  0 -9 
193 193   1  0  0 -9 
193 342  -1 -1  0 -9 
193 364   1 -2  0 -9 
193 479   1 -2  0 -9 
193 494  -1 -3  0 -9 
194 177  -1 -1  0 -9 
194 194   1  0  0 -9 
194 343  -1 -1  0 -9 
194 365   1 -2  0 -9 
194 480   1 -2  0 -9 
194 495  -1 -3  0 -9 
195 178  -1 -1  0 -9 
195 195   1  0  0 -9 
195 344  -1 -1  0 -9 
195 366   1 -2  0 -9 
195 481   1 -2  0 -9 
195 496  -1 -3  0 -9 
196 183   1  1  0 -9 
196 196  -1  2  0 -9 
196 257   1  1  0 -9 
196 285  -1 -3  0 -9 
196 287  -1  0  0 -9 
196 345   1  1  0 -9 
196 367  -1  0  0 -9 
196 389  -1  0  0 -9 
196 401   1 -1  0 -9 
196 486   1 -2  0 -9 
196 501  -1 -3  0 -9 
196 512   1 -4  0 -9 
197 165   1  1  0 -9 
197 177   1  1  0 -9 
197 178  -1  0  0 -9 
197 184   1  1  0 -9 
197 195   1  1  0 -9 
197 197  -1  2  0 -9 
197 249  -1  0  0 -9 
197 258   1  1  0 -9 
197 279  -1 -3  0 -9 
197 280   1 -2  0 -9 
197 286  -1 -3  0 -9 
197 288  -1  0  0 -9 
197 344  -1  0  0 -9 
197 346   1  1  0 -9 
197 366   1 -1  0 -9 
197 368  -1  0  0 -9 
197 390  -1  0  0 -9 
197 393   1 -4  0 -9 
197 394  -1 -3  0 -9 
197 402   1 -1  0 -9 
197 431   1 -2  0 -9 
197 446  -1 -3  0 -9 
197 480   1 -2  0 -9 
197 487   1 -2  0 -9 
197 495  -1 -3  0 -9 
197 502  -1 -3  0 -9 
197 513   1 -4  0 -9 
198 162  -1 -1  0 -9 
198 179  -1 -1  0 -9 
198 198   1  0  0 -9 
198 428   1 -2  0 -9 
198 433  -1 -1  0 -9 
198 443  -1 -3  0 -9 
198 448   1 -2  0 -9 
198 482   1 -2  0 -9 
198 497  -1 -3  0 -9 
199 163  -1 -1  0 -9 
199 180  -1 -1  0 -9 
199 199   1  0  0 -9 
199 429   1 -2  0 -9 
199 434  -1 -1  0 -9 
199 444  -1 -3  0 -9 
199 449   1 -2  0 -9 
199 483   1 -2  0 -9 
199 498  -1 -3  0 -9 
200 181  -1 -1  0 -9 
200 200   1  0  0 -9 
200 435  -1 -1  0 -9 
200 450   1 -2  0 -9 
200 484   1 -2  0 -9 
200 499  -1 -3  0 -9 
201 182  -1 -1  0 -9 
201 201   1  0  0 -9 
201 436  -1 -1  0 -9 
201 451   1 -2  0 -9 
201 485   1 -2  0 -9 
201 500  -1 -3  0 -9 
202 164  -1 -1  0 -9 
202 183  -1 -1  0 -9 
202 202   1  0  0 -9 
202 430   1 -2  0 -9 
202 437  -1 -1  0 -9 
202 445  -1 -3  0 -9 
202 452   1 -2  0 -9 
202 486   1 -2  0 -9 
202 501  -1 -3  0 -9 
203 165  -1 -1  0 -9 
203 184  -1 -1  0 -9 
203 203   1  0  0 -9 
203 431   1 -2  0 -9 
203 438  -1 -1  0 -9 
203 446  -1 -3  0 -9 
203 453   1 -2  0 -9 
203 487   1 -2  0 -9 
203 502  -1 -3  0 -9 
204 164  -1  0  0 -9 
204 183  -1  0  0 -9 
204 202   1  1  0 -9 
204 204  -1  2  0 -9 
204 430   1 -1  0 -9 
204 437  -1  0  0 -9 
204 439   1  1  0 -9 
204 445  -1 -2  0 -9 
204 452   1 -1  0 -9 
204 454  -1  0  0 -9 
204 486   1 -1  0 -9 
204 488  -1  0  0 -9 
204 501  -1 -2  0 -9 
204 503   1 -1  0 -9 
205 165  -1  0  0 -9 
205 184  -1  0  0 -9 
205 203   1  1  0 -9 
205 205  -1  2  0 -9 
205 431   1 -1  0 -9 
205 438  -1  0  0 -9 
205 440   1  1  0 -9 
205 446  -1 -2  0 -9 
205 453   1 -1  0 -9 
205 455  -1  0  0 -9 
205 487   1 -1  0 -9 
205 489  -1  0  0 -9 
205 502  -1 -2  0 -9 
205 504   1 -1  0 -9 
206 184   1  1  0 -9 
206 206  -1  2  0 -9 
206 286  -1 -3  0 -9 
206 288  -1  0  0 -9 
206 291   1  1  0 -9 
206 441   1  1  0 -9 
206 456  -1  0  0 -9 
206 487   1 -2  0 -9 
206 492  -1  0  0 -9 
206 502  -1 -3  0 -9 
206 513   1 -4  0 -9 
206 516   1 -1  0 -9 
207 207   1  0  0 -9 
208 208   1  0  0 -9 
209 209   1  0  0 -9 
209 259   1 -3  0 -9 
210 210   1  0  0 -9 
210 260   1 -3  0 -9 
211 211   1  0  0 -9 
211 261   1 -3  0 -9 
212 212   1  0  0 -9 
212 262   1 -3  0 -9 
213 213   1  0  0 -9 
213 263   1 -3  0 -9 
214 214   1  0  0 -9 
214 264   1 -3  0 -9 
215 215   1  0  0 -9 
215 265   1 -3  0 -9 
216 216   1  0  0 -9 
216 266   1 -3  0 -9 
217 217   1  0  0 -9 
217 239  -1 -1  0 -9 
217 259   1 -2  0 -9 
217 371   1 -2  0 -9 
218 218   1  0  0 -9 
218 240  -1 -1  0 -9 
218 260   1 -2  0 -9 
218 372   1 -2  0 -9 
219 219   1  0  0 -9 
219 241  -1 -1  0 -9 
219 261   1 -2  0 -9 
219 373   1 -2  0 -9 
220 220   1  0  0 -9 
220 242  -1 -1  0 -9 
220 262   1 -2  0 -9 
220 374   1 -2  0 -9 
221 221   1  0  0 -9 
221 243  -1 -1  0 -9 
221 263   1 -2  0 -9 
221 375   1 -2  0 -9 
222 222   1  0  0 -9 
222 244  -1 -1  0 -9 
222 264   1 -2  0 -9 
222 376   1 -2  0 -9 
223 223   1  0  0 -9 
223 245  -1 -1  0 -9 
223 265   1 -2  0 -9 
223 377   1 -2  0 -9 
224 224   1  0  0 -9 
224 246  -1 -1  0 -9 
224 266   1 -2  0 -9 
224 378   1 -2  0 -9 
225 225   1  0  0 -9 
225 247  -1 -1  0 -9 
225 262   1 -3  0 -9 
225 277  -1 -4  0 -9 
225 379   1 -2  0 -9 
225 391   1 -5  0 -9 
226 226   1  0  0 -9 
226 248  -1 -1  0 -9 
226 263   1 -3  0 -9 
226 278  -1 -4  0 -9 
226 380   1 -2  0 -9 
226 392   1 -5  0 -9 
227 227   1  0  0 -9 
227 249  -1 -1  0 -9 
227 264   1 -3  0 -9 
227 279  -1 -4  0 -9 
227 381   1 -2  0 -9 
227 393   1 -5  0 -9 
228 228   1  0  0 -9 
228 250  -1 -1  0 -9 
228 263   1 -3  0 -9 
228 266   1 -3  0 -9 
228 280  -1 -4  0 -9 
228 382   1 -2  0 -9 
228 394   1 -5  0 -9 
229 229   1  0  0 -9 
229 260   1 -2  0 -9 
229 267  -1 -1  0 -9 
229 468   1 -2  0 -9 
230 230   1  0  0 -9 
230 261   1 -2  0 -9 
230 268  -1 -1  0 -9 
230 469   1 -2  0 -9 
231 231   1  0  0 -9 
231 265   1 -2  0 -9 
231 269  -1 -1  0 -9 
231 470   1 -2  0 -9 
232 232   1  0  0 -9 
232 260   1 -2  0 -9 
232 266   1 -2  0 -9 
232 270  -1 -1  0 -9 
232 471   1 -2  0 -9 
233 233   1  0  0 -9 
233 271  -1 -1  0 -9 
233 281  -1 -4  0 -9 
233 472   1 -2  0 -9 
233 508   1 -5  0 -9 
234 234   1  0  0 -9 
234 272  -1 -1  0 -9 
234 282  -1 -4  0 -9 
234 473   1 -2  0 -9 
234 509   1 -5  0 -9 
235 235   1  0  0 -9 
235 265   1 -3  0 -9 
235 273  -1 -1  0 -9 
235 283  -1 -4  0 -9 
235 474   1 -2  0 -9 
235 510   1 -5  0 -9 
236 236   1  0  0 -9 
236 266   1 -3  0 -9 
236 274  -1 -1  0 -9 
236 284  -1 -4  0 -9 
236 475   1 -2  0 -9 
236 511   1 -5  0 -9 
237 237   1  0  0 -9 
237 264   1 -2  0 -9 
237 275  -1 -1  0 -9 
237 285  -1 -4  0 -9 
237 476   1 -2  0 -9 
237 512   1 -5  0 -9 
238 238   1  0  0 -9 
238 266   1 -2  0 -9 
238 276  -1 -1  0 -9 
238 286  -1 -4  0 -9 
238 477   1 -2  0 -9 
238 513   1 -5  0 -9 
239 259  -1 -5  0 -9 
239 371   1 -3  0 -9 
240 260  -1 -5  0 -9 
240 372   1 -3  0 -9 
241 261  -1 -5  0 -9 
241 373   1 -3  0 -9 
242 262  -1 -5  0 -9 
242 374   1 -3  0 -9 
243 263  -1 -5  0 -9 
243 375   1 -3  0 -9 
244 264  -1 -5  0 -9 
244 376   1 -3  0 -9 
245 265  -1 -5  0 -9 
245 377   1 -3  0 -9 
246 266  -1 -5  0 -9 
246 378   1 -3  0 -9 
247 277  -1 -5  0 -9 
247 379   1 -3  0 -9 
247 391   1 -6  0 -9 
248 278  -1 -5  0 -9 
248 380   1 -3  0 -9 
248 392   1 -6  0 -9 
249 279  -1 -5  0 -9 
249 381   1 -3  0 -9 
249 393   1 -6  0 -9 
250 280  -1 -5  0 -9 
250 382   1 -3  0 -9 
250 394   1 -6  0 -9 
251 179  -1 -1  0 -9 
251 247  -1 -1  0 -9 
251 251   1  0  0 -9 
251 277   1 -2  0 -9 
251 281  -1 -1 -1 -3 -1 -5  0 -9 
251 379   1 -2  0 -9 
251 383  -1 -1  0 -9 
251 391  -1 -3  0 -9 
251 395   1 -2  0 -9 
251 482   1 -2  0 -9 
251 497  -1 -3  0 -9 
251 508   1 -4  1 -6  0 -9 
252 180  -1 -1  0 -9 
252 248  -1 -1  0 -9 
252 252   1  0  0 -9 
252 278   1 -2  0 -9 
252 282  -1 -1 -1 -3 -1 -5  0 -9 
252 380   1 -2  0 -9 
252 384  -1 -1  0 -9 
252 392  -1 -3  0 -9 
252 396   1 -2  0 -9 
252 483   1 -2  0 -9 
252 498  -1 -3  0 -9 
252 509   1 -4  1 -6  0 -9 
253 181  -1 -1  0 -9 
253 245  -1 -1  0 -9 
253 248  -1 -1  0 -9 
253 253   1  0  0 -9 
253 265   1 -2  0 -9 
253 278   1 -2  0 -9 
253 283  -1 -1 -1 -3 -1 -5  0 -9 
253 377   1 -2  0 -9 
253 380   1 -2  0 -9 
253 385  -1 -1  0 -9 
253 392  -1 -3  0 -9 
253 397   1 -2  0 -9 
253 484   1 -2  0 -9 
253 499  -1 -3  0 -9 
253 510   1 -4  1 -6  0 -9 
254 182  -1 -1  0 -9 
254 246  -1 -1  0 -9 
254 249  -1 -1  0 -9 
254 254   1  0  0 -9 
254 266   1 -2  0 -9 
254 279   1 -2  0 -9 
254 284  -1 -1 -1 -3 -1 -5  0 -9 
254 378   1 -2  0 -9 
254 381   1 -2  0 -9 
254 386  -1 -1  0 -9 
254 393  -1 -3  0 -9 
254 398   1 -2  0 -9 
254 485   1 -2  0 -9 
254 500  -1 -3  0 -9 
254 511   1 -4  1 -6  0 -9 
255 183  -1 -1  0 -9 
255 249  -1 -1  0 -9 
255 255   1  0  0 -9 
255 279   1 -2  0 -9 
255 285  -1 -1 -1 -3 -1 -5  0 -9 
255 381   1 -2  0 -9 
255 387  -1 -1  0 -9 
255 393  -1 -3  0 -9 
255 399   1 -2  0 -9 
255 486   1 -2  0 -9 
255 501  -1 -3  0 -9 
255 512   1 -4  1 -6  0 -9 
256 184  -1 -1  0 -9 
256 250  -1 -1  0 -9 
256 256   1  0  0 -9 
256 280   1 -2  0 -9 
256 286  -1 -1 -1 -3 -1 -5  0 -9 
256 382   1 -2  0 -9 
256 388  -1 -1  0 -9 
256 394  -1 -3  0 -9 
256 400   1 -2  0 -9 
256 487   1 -2  0 -9 
256 502  -1 -3  0 -9 
256 513   1 -4  1 -6  0 -9 
257 257   1  0  0 -9 
257 285  -1 -4  0 -9 
257 287  -1 -1  0 -9 
257 389  -1 -1  0 -9 
257 401   1 -2  0 -9 
257 488   1 -2  0 -9 
257 503  -1 -3  0 -9 
257 512   1 -5  0 -9 
258 249  -1 -1  0 -9 
258 258   1  0  0 -9 
258 279  -1 -4  0 -9 
258 280   1 -3  0 -9 
258 286  -1 -4  0 -9 
258 288  -1 -1  0 -9 
258 381   1 -2  0 -9 
258 390  -1 -1  0 -9 
258 393   1 -5  0 -9 
258 394  -1 -4  0 -9 
258 402   1 -2  0 -9 
258 489   1 -2  0 -9 
258 504  -1 -3  0 -9 
258 513   1 -5  0 -9 
259 259  -1 -6  0 -9 
260 260  -1 -6  0 -9 
261 261  -1 -6  0 -9 
262 262  -1 -6  0 -9 
263 263  -1 -6  0 -9 
264 264  -1 -6  0 -9 
265 265  -1 -6  0 -9 
266 266  -1 -6  0 -9 
267 260  -1 -5  0 -9 
267 468   1 -3  0 -9 
268 261  -1 -5  0 -9 
268 469   1 -3  0 -9 
269 265  -1 -5  0 -9 
269 470   1 -3  0 -9 
270 260  -1 -5  0 -9 
270 266  -1 -5  0 -9 
270 471   1 -3  0 -9 
271 281  -1 -5  0 -9 
271 472   1 -3  0 -9 
271 508   1 -6  0 -9 
272 282  -1 -5  0 -9 
272 473   1 -3  0 -9 
272 509   1 -6  0 -9 
273 283  -1 -5  0 -9 
273 474   1 -3  0 -9 
273 510   1 -6  0 -9 
274 284  -1 -5  0 -9 
274 475   1 -3  0 -9 
274 511   1 -6  0 -9 
275 264  -1 -5  0 -9 
275 285  -1 -5  0 -9 
275 476   1 -3  0 -9 
275 512   1 -6  0 -9 
276 266  -1 -5  0 -9 
276 286  -1 -5  0 -9 
276 477   1 -3  0 -9 
276 513   1 -6  0 -9 
277 277  -1 -6  0 -9 
277 391   1 -7  0 -9 
278 278  -1 -6  0 -9 
278 392   1 -7  0 -9 
279 279  -1 -6  0 -9 
279 393   1 -7  0 -9 
280 280  -1 -6  0 -9 
280 394   1 -7  0 -9 
281 281  -1 -6  0 -9 
281 508   1 -7  0 -9 
282 282  -1 -6  0 -9 
282 509   1 -7  0 -9 
283 283  -1 -6  0 -9 
283 510   1 -7  0 -9 
284 284  -1 -6  0 -9 
284 511   1 -7  0 -9 
285 285  -1 -6  0 -9 
285 512   1 -7  0 -9 
286 286  -1 -6  0 -9 
286 513   1 -7  0 -9 
287 285  -1 -5  0 -9 
287 488   1 -3  0 -9 
287 503  -1 -4  0 -9 
287 512   1 -6  0 -9 
288 286  -1 -5  0 -9 
288 489   1 -3  0 -9 
288 504  -1 -4  0 -9 
288 513   1 -6  0 -9 
289 179  -1 -1  0 -9 
289 273  -1 -1  0 -9 
289 281  -1 -1 -1 -3 -1 -5  0 -9 
289 283   1 -2  0 -9 
289 289   1  0  0 -9 
289 474   1 -2  0 -9 
289 482   1 -2  0 -9 
289 490  -1 -1  0 -9 
289 497  -1 -3  0 -9 
289 508   1 -4  1 -6  0 -9 
289 510  -1 -3  0 -9 
289 514   1 -2  0 -9 
290 184  -1 -1  0 -9 
290 274  -1 -1  0 -9 
290 284   1 -2  0 -9 
290 286  -1 -1 -1 -3 -1 -5  0 -9 
290 290   1  0  0 -9 
290 475   1 -2  0 -9 
290 487   1 -2  0 -9 
290 491  -1 -1  0 -9 
290 502  -1 -3  0 -9 
290 511  -1 -3  0 -9 
290 513   1 -4  1 -6  0 -9 
290 515   1 -2  0 -9 
291 286  -1 -4  0 -9 
291 288  -1 -1  0 -9 
291 291   1  0  0 -9 
291 489   1 -2  0 -9 
291 492  -1 -1  0 -9 
291 504  -1 -3  0 -9 
291 513   1 -5  0 -9 
291 516   1 -2  0 -9 
292 143   1 -3  0 -9 
293 144   1 -3  0 -9 
294 145   1 -3  0 -9 
295 146   1 -3  0 -9 
296 147   1 -3  0 -9 
297 148   1 -3  0 -9 
298 149   1 -3  0 -9 
299 150   1 -3  0 -9 
300 151   1 -3  0 -9 
301 143   1 -2  0 -9 
301 152  -1 -1  0 -9 
301 292  -1 -1  0 -9 
301 301   1  0  0 -9 
301 406   1 -2  0 -9 
302 146   1 -2  0 -9 
302 153  -1 -1  0 -9 
302 295  -1 -1  0 -9 
302 302   1  0  0 -9 
302 407   1 -2  0 -9 
303 144   1 -2  0 -9 
303 145   1 -2  0 -9 
303 147   1 -2  0 -9 
303 154  -1 -1  0 -9 
303 293  -1 -1  0 -9 
303 294  -1 -1  0 -9 
303 296  -1 -1  0 -9 
303 303   1  0  0 -9 
303 408   1 -2  0 -9 
304 147   1 -2  0 -9 
304 155  -1 -1  0 -9 
304 296  -1 -1  0 -9 
304 304   1  0  0 -9 
304 409   1 -2  0 -9 
305 144   1 -2  0 -9 
305 156  -1 -1  0 -9 
305 293  -1 -1  0 -9 
305 305   1  0  0 -9 
305 410   1 -2  0 -9 
306 148   1 -2  0 -9 
306 157  -1 -1  0 -9 
306 297  -1 -1  0 -9 
306 306   1  0  0 -9 
306 411   1 -2  0 -9 
307 149   1 -2  0 -9 
307 158  -1 -1  0 -9 
307 298  -1 -1  0 -9 
307 307   1  0  0 -9 
307 412   1 -2  0 -9 
308 144   1 -2  0 -9 
308 147   1 -2  0 -9 
308 150   1 -2  0 -9 
308 159  -1 -1  0 -9 
308 293  -1 -1  0 -9 
308 296  -1 -1  0 -9 
308 299  -1 -1  0 -9 
308 308   1  0  0 -9 
308 413   1 -2  0 -9 
309 151   1 -2  0 -9 
309 160  -1 -1  0 -9 
309 300  -1 -1  0 -9 
309 309   1  0  0 -9 
309 414   1 -2  0 -9 
310 161  -1 -1  0 -9 
310 310   1  0  0 -9 
310 334  -1 -1  0 -9 
310 356   1 -2  0 -9 
310 427   1 -2  0 -9 
310 442  -1 -3  0 -9 
311 162  -1 -1  0 -9 
311 311   1  0  0 -9 
311 335  -1 -1  0 -9 
311 357   1 -2  0 -9 
311 428   1 -2  0 -9 
311 443  -1 -3  0 -9 
312 163  -1 -1  0 -9 
312 312   1  0  0 -9 
312 336  -1 -1  0 -9 
312 358   1 -2  0 -9 
312 429   1 -2  0 -9 
312 444  -1 -3  0 -9 
313 164  -1 -1  0 -9 
313 313   1  0  0 -9 
313 337  -1 -1  0 -9 
313 359   1 -2  0 -9 
313 430   1 -2  0 -9 
313 445  -1 -3  0 -9 
314 165  -1 -1  0 -9 
314 314   1  0  0 -9 
314 338  -1 -1  0 -9 
314 360   1 -2  0 -9 
314 431   1 -2  0 -9 
314 446  -1 -3  0 -9 
315 150   1 -2  0 -9 
315 166  -1 -1  0 -9 
315 299  -1 -1  0 -9 
315 315   1  0  0 -9 
315 339  -1 -1  0 -9 
315 361   1 -2  0 -9 
315 432   1 -2  0 -9 
315 447  -1 -3  0 -9 
316 145   1 -2  0 -9 
316 167  -1 -1  0 -9 
316 239   1 -2  0 -9 
316 259  -1 -3  0 -9 
316 294  -1 -1  0 -9 
316 316   1  0  0 -9 
316 371  -1 -1  0 -9 
316 460   1 -2  0 -9 
317 168  -1 -1  0 -9 
317 240   1 -2  0 -9 
317 260  -1 -3  0 -9 
317 317   1  0  0 -9 
317 372  -1 -1  0 -9 
317 461   1 -2  0 -9 
318 169  -1 -1  0 -9 
318 241   1 -2  0 -9 
318 261  -1 -3  0 -9 
318 318   1  0  0 -9 
318 373  -1 -1  0 -9 
318 462   1 -2  0 -9 
319 146   1 -2  0 -9 
319 170  -1 -1  0 -9 
319 242   1 -2  0 -9 
319 262  -1 -3  0 -9 
319 295  -1 -1  0 -9 
319 319   1  0  0 -9 
319 374  -1 -1  0 -9 
319 463   1 -2  0 -9 
320 147   1 -2  0 -9 
320 171  -1 -1  0 -9 
320 243   1 -2  0 -9 
320 263  -1 -3  0 -9 
320 296  -1 -1  0 -9 
320 320   1  0  0 -9 
320 375  -1 -1  0 -9 
320 464   1 -2  0 -9 
321 172  -1 -1  0 -9 
321 244   1 -2  0 -9 
321 264  -1 -3  0 -9 
321 321   1  0  0 -9 
321 376  -1 -1  0 -9 
321 465   1 -2  0 -9 
322 173  -1 -1  0 -9 
322 245   1 -2  0 -9 
322 265  -1 -3  0 -9 
322 322   1  0  0 -9 
322 377  -1 -1  0 -9 
322 466   1 -2  0 -9 
323 174  -1 -1  0 -9 
323 246   1 -2  0 -9 
323 266  -1 -3  0 -9 
323 323   1  0  0 -9 
323 378  -1 -1  0 -9 
323 467   1 -2  0 -9 
324 175  -1 -1  0 -9 
324 247   1 -2  0 -9 
324 277  -1 -3  0 -9 
324 324   1  0  0 -9 
324 341  -1 -1  0 -9 
324 363   1 -2  0 -9 
324 379  -1 -1  0 -9 
324 478   1 -2  0 -9 
324 493  -1 -3  0 -9 
325 176  -1 -1  0 -9 
325 248   1 -2  0 -9 
325 278  -1 -3  0 -9 
325 325   1  0  0 -9 
325 342  -1 -1  0 -9 
325 364   1 -2  0 -9 
325 380  -1 -1  0 -9 
325 479   1 -2  0 -9 
325 494  -1 -3  0 -9 
326 177  -1 -1  0 -9 
326 249   1 -2  0 -9 
326 279  -1 -3  0 -9 
326 326   1  0  0 -9 
326 343  -1 -1  0 -9 
326 365   1 -2  0 -9 
326 381  -1 -1  0 -9 
326 480   1 -2  0 -9 
326 495  -1 -3  0 -9 
327 151   1 -2  0 -9 
327 178  -1 -1  0 -9 
327 250   1 -2  0 -9 
327 280  -1 -3  0 -9 
327 300  -1 -1  0 -9 
327 327   1  0  0 -9 
327 344  -1 -1  0 -9 
327 366   1 -2  0 -9 
327 382  -1 -1  0 -9 
327 481   1 -2  0 -9 
327 496  -1 -3  0 -9 
328 179  -1 -1  0 -9 
328 281  -1 -3  0 -9 
328 328   1  0  0 -9 
328 383  -1 -1  0 -9 
328 391  -1 -3  0 -9 
328 395   1 -2  0 -9 
328 482   1 -2  0 -9 
328 497  -1 -3  0 -9 
328 508   1 -4  0 -9 
329 180  -1 -1  0 -9 
329 282  -1 -3  0 -9 
329 329   1  0  0 -9 
329 384  -1 -1  0 -9 
329 392  -1 -3  0 -9 
329 396   1 -2  0 -9 
329 483   1 -2  0 -9 
329 498  -1 -3  0 -9 
329 509   1 -4  0 -9 
330 181  -1 -1  0 -9 
330 283  -1 -3  0 -9 
330 330   1  0  0 -9 
330 385  -1 -1  0 -9 
330 392  -1 -3  0 -9 
330 397   1 -2  0 -9 
330 484   1 -2  0 -9 
330 499  -1 -3  0 -9 
330 510   1 -4  0 -9 
331 182  -1 -1  0 -9 
331 284  -1 -3  0 -9 
331 331   1  0  0 -9 
331 386  -1 -1  0 -9 
331 393  -1 -3  0 -9 
331 398   1 -2  0 -9 
331 485   1 -2  0 -9 
331 500  -1 -3  0 -9 
331 511   1 -4  0 -9 
332 183  -1 -1  0 -9 
332 285  -1 -3  0 -9 
332 332   1  0  0 -9 
332 387  -1 -1  0 -9 
332 393  -1 -3  0 -9 
332 399   1 -2  0 -9 
332 486   1 -2  0 -9 
332 501  -1 -3  0 -9 
332 512   1 -4  0 -9 
333 184  -1 -1  0 -9 
333 286  -1 -3  0 -9 
333 333   1  0  0 -9 
333 388  -1 -1  0 -9 
333 394  -1 -3  0 -9 
333 400   1 -2  0 -9 
333 487   1 -2  0 -9 
333 502  -1 -3  0 -9 
333 513   1 -4  0 -9 
334 356   1 -3  0 -9 
334 442  -1 -4  0 -9 
335 357   1 -3  0 -9 
335 443  -1 -4  0 -9 
336 358   1 -3  0 -9 
336 444  -1 -4  0 -9 
337 359   1 -3  0 -9 
337 445  -1 -4  0 -9 
338 360   1 -3  0 -9 
338 446  -1 -4  0 -9 
339 361   1 -3  0 -9 
339 447  -1 -4  0 -9 
340 339  -1 -1  0 -9 
340 340   1  0  0 -9 
340 361   1 -2  0 -9 
340 362  -1 -1  0 -9 
340 447  -1 -3  0 -9 
340 457   1 -2  0 -9 
341 363   1 -3  0 -9 
341 493  -1 -4  0 -9 
342 364   1 -3  0 -9 
342 494  -1 -4  0 -9 
343 365   1 -3  0 -9 
343 495  -1 -4  0 -9 
344 366   1 -3  0 -9 
344 496  -1 -4  0 -9 
345 345   1  0  0 -9 
345 367  -1 -1  0 -9 
345 389  -1 -1  0 -9 
345 401   1 -2  0 -9 
345 403  -1 -3  0 -9 
345 503  -1 -3  0 -9 
345 505   1 -2  0 -9 
345 517   1 -4  0 -9 
346 344  -1 -1  0 -9 
346 346   1  0  0 -9 
346 366   1 -2  0 -9 
346 368  -1 -1  0 -9 
346 390  -1 -1  0 -9 
346 402   1 -2  0 -9 
346 404  -1 -3  0 -9 
346 496  -1 -3  0 -9 
346 504  -1 -3  0 -9 
346 506   1 -2  0 -9 
346 518   1 -4  0 -9 
347 162  -1  0  0 -9 
347 179  -1  0  0 -9 
347 198   1  1  0 -9 
347 311   1  1  0 -9 
347 328   1  1  0 -9 
347 335  -1  0  0 -9 
347 341   1  1  0 -9 
347 347  -1  2  0 -9 
347 363   1 -2  0 -9 
347 383  -1  0  0 -9 
347 428   1 -1  0 -9 
347 433  -1  0  0 -9 
347 482   1 -1  0 -9 
347 493  -1 -3  0 -9 
348 163  -1  0  0 -9 
348 180  -1  0  0 -9 
348 199   1  1  0 -9 
348 312   1  1  0 -9 
348 329   1  1  0 -9 
348 334   1  1  0 -9 
348 336  -1  0  0 -9 
348 342   1  1  0 -9 
348 348  -1  2  0 -9 
348 356   1 -2  0 -9 
348 364   1 -2  0 -9 
348 384  -1  0  0 -9 
348 429   1 -1  0 -9 
348 434  -1  0  0 -9 
348 442  -1 -3  0 -9 
348 483   1 -1  0 -9 
348 494  -1 -3  0 -9 
349 181  -1  0  0 -9 
349 200   1  1  0 -9 
349 330   1  1  0 -9 
349 342   1  1  0 -9 
349 349  -1  2  0 -9 
349 364   1 -2  0 -9 
349 385  -1  0  0 -9 
349 435  -1  0  0 -9 
349 484   1 -1  0 -9 
349 494  -1 -3  0 -9 
350 182  -1  0  0 -9 
350 201   1  1  0 -9 
350 331   1  1  0 -9 
350 343   1  1  0 -9 
350 350  -1  2  0 -9 
350 365   1 -2  0 -9 
350 386  -1  0  0 -9 
350 436  -1  0  0 -9 
350 485   1 -1  0 -9 
350 495  -1 -3  0 -9 
351 164  -1  0  0 -9 
351 183  -1  0  0 -9 
351 202   1  1  0 -9 
351 313   1  1  0 -9 
351 332   1  1  0 -9 
351 337  -1  0  0 -9 
351 339   1  1  0 -9 
351 343   1  1  0 -9 
351 351  -1  2  0 -9 
351 361   1 -2  0 -9 
351 365   1 -2  0 -9 
351 387  -1  0  0 -9 
351 430   1 -1  0 -9 
351 437  -1  0  0 -9 
351 447  -1 -3  0 -9 
351 486   1 -1  0 -9 
351 495  -1 -3  0 -9 
352 165  -1  0  0 -9 
352 184  -1  0  0 -9 
352 203   1  1  0 -9 
352 314   1  1  0 -9 
352 333   1  1  0 -9 
352 338  -1  0  0 -9 
352 344   1  1  0 -9 
352 352  -1  2  0 -9 
352 366   1 -2  0 -9 
352 388  -1  0  0 -9 
352 431   1 -1  0 -9 
352 438  -1  0  0 -9 
352 487   1 -1  0 -9 
352 496  -1 -3  0 -9 
353 339  -1  0  0 -9 
353 340   1  1  0 -9 
353 345   1  1  0 -9 
353 353  -1  2  0 -9 
353 361   1 -1  0 -9 
353 362  -1  0  0 -9 
353 367  -1  0  0 -9 
353 369   1  1  0 -9 
353 389  -1  0  0 -9 
353 447  -1 -2  0 -9 
353 457   1 -1  0 -9 
353 458  -1  0  0 -9 
353 505   1 -1  0 -9 
354 344  -1  0  0 -9 
354 346   1  1  0 -9 
354 354  -1  2  0 -9 
354 366   1 -1  0 -9 
354 368  -1  0  0 -9 
354 370   1  1  0 -9 
354 390  -1  0  0 -9 
354 459  -1  0  0 -9 
354 496  -1 -2  0 -9 
354 506   1 -1  0 -9 
355 184  -1  0  0 -9 
355 286  -1  0 -1 -2  0 -9 
355 333   1  1  0 -9 
355 345   1  1  0 -9 
355 355  -1  2  0 -9 
355 367  -1  0  0 -9 
355 388  -1  0  0 -9 
355 389  -1  0  0 -9 
355 394  -1 -2  0 -9 
355 400   1 -1  0 -9 
355 401   1 -1  0 -9 
355 402  -1  0  0 -9 
355 403  -1  0 -1 -2  0 -9 
355 404   1 -1  0 -9 
355 405   1  1  0 -9 
355 487   1 -1  0 -9 
355 502  -1 -2  0 -9 
355 503  -1 -2  0 -9 
355 504   1 -1  0 -9 
355 505   1 -1  0 -9 
355 507  -1  0  0 -9 
355 513   1 -3  0 -9 
355 517   1 -3  0 -9 
355 518  -1 -2  0 -9 
355 519   1 -1  0 -9 
356 334   1 -3  0 -9 
356 442  -1 -5  0 -9 
357 335   1 -3  0 -9 
357 443  -1 -5  0 -9 
358 336   1 -3  0 -9 
358 444  -1 -5  0 -9 
359 337   1 -3  0 -9 
359 445  -1 -5  0 -9 
360 338   1 -3  0 -9 
360 446  -1 -5  0 -9 
361 339   1 -3  0 -9 
361 447  -1 -5  0 -9 
362 447  -1 -4  0 -9 
362 457   1 -3  0 -9 
363 341   1 -3  0 -9 
363 391   1 -6  0 -9 
363 493  -1 -5  0 -9 
364 342   1 -3  0 -9 
364 392   1 -6  0 -9 
364 494  -1 -5  0 -9 
365 343   1 -3  0 -9 
365 393   1 -6  0 -9 
365 495  -1 -5  0 -9 
366 344   1 -3  0 -9 
366 394   1 -6  0 -9 
366 496  -1 -5  0 -9 
367 403  -1 -4  0 -9 
367 503  -1 -4  0 -9 
367 505   1 -3  0 -9 
367 517   1 -5  0 -9 
368 394   1 -5  0 -9 
368 404  -1 -4  0 -9 
368 496  -1 -4  0 -9 
368 504  -1 -4  0 -9 
368 506   1 -3  0 -9 
368 518   1 -5  0 -9 
369 339  -1 -1  0 -9 
369 361   1 -2  0 -9 
369 362  -1 -1  0 -9 
369 367  -1 -1  0 -9 
369 369   1  0  0 -9 
369 447  -1 -3  0 -9 
369 454   1 -2  0 -9 
369 457   1 -2  0 -9 
369 458  -1 -1  0 -9 
369 503  -1 -3  0 -9 
369 505   1 -2  0 -9 
370 344  -1 -1  0 -9 
370 366   1 -2  0 -9 
370 368  -1 -1  0 -9 
370 370   1  0  0 -9 
370 455   1 -2  0 -9 
370 459  -1 -1  0 -9 
370 496  -1 -3  0 -9 
370 504  -1 -3  0 -9 
370 506   1 -2  0 -9 
371 239   1 -3  0 -9 
371 259  -1 -4  0 -9 
372 240   1 -3  0 -9 
372 260  -1 -4  0 -9 
373 241   1 -3  0 -9 
373 261  -1 -4  0 -9 
374 242   1 -3  0 -9 
374 262  -1 -4  0 -9 
375 243   1 -3  0 -9 
375 263  -1 -4  0 -9 
376 244   1 -3  0 -9 
376 264  -1 -4  0 -9 
377 245   1 -3  0 -9 
377 265  -1 -4  0 -9 
378 246   1 -3  0 -9 
378 266  -1 -4  0 -9 
379 247   1 -3  0 -9 
379 277  -1 -4  0 -9 
380 248   1 -3  0 -9 
380 278  -1 -4  0 -9 
381 249   1 -3  0 -9 
381 279  -1 -4  0 -9 
382 250   1 -3  0 -9 
382 280  -1 -4  0 -9 
383 281  -1 -4  0 -9 
383 391  -1 -4  0 -9 
383 395   1 -3  0 -9 
383 497  -1 -4  0 -9 
383 508   1 -5  0 -9 
384 282  -1 -4  0 -9 
384 392  -1 -4  0 -9 
384 396   1 -3  0 -9 
384 498  -1 -4  0 -9 
384 509   1 -5  0 -9 
385 283  -1 -4  0 -9 
385 392  -1 -4  0 -9 
385 397   1 -3  0 -9 
385 499  -1 -4  0 -9 
385 510   1 -5  0 -9 
386 284  -1 -4  0 -9 
386 393  -1 -4  0 -9 
386 398   1 -3  0 -9 
386 500  -1 -4  0 -9 
386 511   1 -5  0 -9 
387 285  -1 -4  0 -9 
387 393  -1 -4  0 -9 
387 399   1 -3  0 -9 
387 501  -1 -4  0 -9 
387 512   1 -5  0 -9 
388 286  -1 -4  0 -9 
388 394  -1 -4  0 -9 
388 400   1 -3  0 -9 
388 502  -1 -4  0 -9 
388 513   1 -5  0 -9 
389 401   1 -3  0 -9 
389 403  -1 -4  0 -9 
389 503  -1 -4  0 -9 
389 517   1 -5  0 -9 
390 402   1 -3  0 -9 
390 404  -1 -4  0 -9 
390 504  -1 -4  0 -9 
390 518   1 -5  0 -9 
391 391   1 -8  0 -9 
392 392   1 -8  0 -9 
393 393   1 -8  0 -9 
394 394   1 -8  0 -9 
395 281  -1 -5  0 -9 
395 383   1 -3  0 -9 
395 391   1 -7  0 -9 
395 497  -1 -5  0 -9 
395 508   1 -6  0 -9 
396 282  -1 -5  0 -9 
396 384   1 -3  0 -9 
396 392   1 -7  0 -9 
396 498  -1 -5  0 -9 
396 509   1 -6  0 -9 
397 283  -1 -5  0 -9 
397 385   1 -3  0 -9 
397 392   1 -7  0 -9 
397 499  -1 -5  0 -9 
397 510   1 -6  0 -9 
398 284  -1 -5  0 -9 
398 386   1 -3  0 -9 
398 393   1 -7  0 -9 
398 500  -1 -5  0 -9 
398 511   1 -6  0 -9 
399 285  -1 -5  0 -9 
399 387   1 -3  0 -9 
399 393   1 -7  0 -9 
399 501  -1 -5  0 -9 
399 512   1 -6  0 -9 
400 286  -1 -5  0 -9 
400 388   1 -3  0 -9 
400 394   1 -7  0 -9 
400 502  -1 -5  0 -9 
400 513   1 -6  0 -9 
401 389   1 -3  0 -9 
401 403  -1 -5  0 -9 
401 503  -1 -5  0 -9 
401 517   1 -6  0 -9 
402 390   1 -3  0 -9 
402 394   1 -6  0 -9 
402 404  -1 -5  0 -9 
402 504  -1 -5  0 -9 
402 518   1 -6  0 -9 
403 403  -1 -6  0 -9 
403 517   1 -7  0 -9 
404 394   1 -7  0 -9 
404 404  -1 -6  0 -9 
404 518   1 -7  0 -9 
405 184  -1 -1  0 -9 
405 286  -1 -1 -1 -3 -1 -5  0 -9 
405 367  -1 -1  0 -9 
405 388  -1 -1  0 -9 
405 389  -1 -1  0 -9 
405 390   1 -2  0 -9 
405 394  -1 -3  0 -9 
405 400   1 -2  0 -9 
405 401   1 -2  0 -9 
405 402  -1 -1  0 -9 
405 403  -1 -1 -1 -3 -1 -5  0 -9 
405 404   1 -2  0 -9 
405 405   1  0  0 -9 
405 456   1 -2  0 -9 
405 487   1 -2  0 -9 
405 502  -1 -3  0 -9 
405 503  -1 -3  0 -9 
405 504   1 -2 -1 -4  0 -9 
405 505   1 -2  0 -9 
405 507  -1 -1  0 -9 
405 513   1 -4  1 -6  0 -9 
405 517   1 -4  1 -6  0 -9 
405 518  -1 -3  0 -9 
405 519   1 -2  0 -9 
406 152   1 -3  0 -9 
407 153   1 -3  0 -9 
408 154   1 -3  0 -9 
409 155   1 -3  0 -9 
410 156   1 -3  0 -9 
411 157   1 -3  0 -9 
412 158   1 -3  0 -9 
413 159   1 -3  0 -9 
414 160   1 -3  0 -9 
415 153   1 -2  0 -9 
415 157  -1 -1  0 -9 
415 168  -1 -1  0 -9 
415 260  -1 -3  0 -9 
415 267   1 -2  0 -9 
415 407  -1 -1  0 -9 
415 411   1 -2  0 -9 
415 415   1  0  0 -9 
415 461   1 -2  0 -9 
415 468  -1 -1  0 -9 
416 152  -1 -1  0 -9 
416 154   1 -2  0 -9 
416 158  -1 -1  0 -9 
416 169  -1 -1  0 -9 
416 261  -1 -3  0 -9 
416 268   1 -2  0 -9 
416 406   1 -2  0 -9 
416 408  -1 -1  0 -9 
416 412   1 -2  0 -9 
416 416   1  0  0 -9 
416 462   1 -2  0 -9 
416 469  -1 -1  0 -9 
417 155   1 -2  0 -9 
417 173  -1 -1  0 -9 
417 265  -1 -3  0 -9 
417 269   1 -2  0 -9 
417 409  -1 -1  0 -9 
417 417   1  0  0 -9 
417 466   1 -2  0 -9 
417 470  -1 -1  0 -9 
418 168  -1 -1  0 -9 
418 174  -1 -1  0 -9 
418 260  -1 -3  0 -9 
418 266  -1 -3  0 -9 
418 270   1 -2  0 -9 
418 418   1  0  0 -9 
418 461   1 -2  0 -9 
418 467   1 -2  0 -9 
418 471  -1 -1  0 -9 
419 162  -1 -1  0 -9 
419 179  -1 -1  0 -9 
419 271   1 -2  0 -9 
419 281  -1 -3  0 -9 
419 419   1  0  0 -9 
419 428   1 -2  0 -9 
419 433  -1 -1  0 -9 
419 443  -1 -3  0 -9 
419 448   1 -2  0 -9 
419 472  -1 -1  0 -9 
419 482   1 -2  0 -9 
419 497  -1 -3  0 -9 
420 163  -1 -1  0 -9 
420 180  -1 -1  0 -9 
420 272   1 -2  0 -9 
420 282  -1 -3  0 -9 
420 420   1  0  0 -9 
420 429   1 -2  0 -9 
420 434  -1 -1  0 -9 
420 444  -1 -3  0 -9 
420 449   1 -2  0 -9 
420 473  -1 -1  0 -9 
420 483   1 -2  0 -9 
420 498  -1 -3  0 -9 
421 181  -1 -1  0 -9 
421 273   1 -2  0 -9 
421 283  -1 -3  0 -9 
421 421   1  0  0 -9 
421 435  -1 -1  0 -9 
421 450   1 -2  0 -9 
421 474  -1 -1  0 -9 
421 484   1 -2  0 -9 
421 499  -1 -3  0 -9 
422 182  -1 -1  0 -9 
422 274   1 -2  0 -9 
422 284  -1 -3  0 -9 
422 422   1  0  0 -9 
422 436  -1 -1  0 -9 
422 451   1 -2  0 -9 
422 475  -1 -1  0 -9 
422 485   1 -2  0 -9 
422 500  -1 -3  0 -9 
423 158  -1 -1  0 -9 
423 159   1 -2  0 -9 
423 164  -1 -1  0 -9 
423 172  -1 -1  0 -9 
423 183  -1 -1  0 -9 
423 264  -1 -3  0 -9 
423 275   1 -2  0 -9 
423 285  -1 -3  0 -9 
423 412   1 -2  0 -9 
423 413  -1 -1  0 -9 
423 423   1  0  0 -9 
423 430   1 -2  0 -9 
423 437  -1 -1  0 -9 
423 445  -1 -3  0 -9 
423 452   1 -2  0 -9 
423 465   1 -2  0 -9 
423 476  -1 -1  0 -9 
423 486   1 -2  0 -9 
423 501  -1 -3  0 -9 
424 160   1 -2  0 -9 
424 165  -1 -1  0 -9 
424 174  -1 -1  0 -9 
424 184  -1 -1  0 -9 
424 266  -1 -3  0 -9 
424 276   1 -2  0 -9 
424 286  -1 -3  0 -9 
424 414  -1 -1  0 -9 
424 424   1  0  0 -9 
424 431   1 -2  0 -9 
424 438  -1 -1  0 -9 
424 446  -1 -3  0 -9 
424 453   1 -2  0 -9 
424 467   1 -2  0 -9 
424 477  -1 -1  0 -9 
424 487   1 -2  0 -9 
424 502  -1 -3  0 -9 
425 179  -1 -1  0 -9 
425 281  -1 -3  0 -9 
425 425   1  0  0 -9 
425 482   1 -2  0 -9 
425 490  -1 -1  0 -9 
425 497  -1 -3  0 -9 
425 508   1 -4  0 -9 
425 510  -1 -3  0 -9 
425 514   1 -2  0 -9 
426 184  -1 -1  0 -9 
426 286  -1 -3  0 -9 
426 426   1  0  0 -9 
426 487   1 -2  0 -9 
426 491  -1 -1  0 -9 
426 502  -1 -3  0 -9 
426 511  -1 -3  0 -9 
426 513   1 -4  0 -9 
426 515   1 -2  0 -9 
427 161   1 -3  0 -9 
427 442  -1 -5  0 -9 
428 162   1 -3  0 -9 
428 443  -1 -5  0 -9 
429 163   1 -3  0 -9 
429 444  -1 -5  0 -9 
430 164   1 -3  0 -9 
430 445  -1 -5  0 -9 
431 165   1 -3  0 -9 
431 446  -1 -5  0 -9 
432 166   1 -3  0 -9 
432 447  -1 -5  0 -9 
433 443  -1 -4  0 -9 
433 448   1 -3  0 -9 
433 497  -1 -4  0 -9 
434 444  -1 -4  0 -9 
434 449   1 -3  0 -9 
434 498  -1 -4  0 -9 
435 450   1 -3  0 -9 
435 499  -1 -4  0 -9 
436 451   1 -3  0 -9 
436 500  -1 -4  0 -9 
437 445  -1 -4  0 -9 
437 452   1 -3  0 -9 
437 501  -1 -4  0 -9 
438 446  -1 -4  0 -9 
438 453   1 -3  0 -9 
438 502  -1 -4  0 -9 
439 164  -1 -1  0 -9 
439 183  -1 -1  0 -9 
439 285  -1 -3  0 -9 
439 287   1 -2  0 -9 
439 430   1 -2  0 -9 
439 437  -1 -1  0 -9 
439 439   1  0  0 -9 
439 445  -1 -3  0 -9 
439 452   1 -2  0 -9 
439 454  -1 -1  0 -9 
439 458   1 -2  0 -9 
439 486   1 -2  0 -9 
439 488  -1 -1  0 -9 
439 501  -1 -3  0 -9 
439 503   1 -2 -1 -4  0 -9 
439 517   1 -5  0 -9 
440 165  -1 -1  0 -9 
440 184  -1 -1  0 -9 
440 286  -1 -3  0 -9 
440 288   1 -2  0 -9 
440 431   1 -2  0 -9 
440 438  -1 -1  0 -9 
440 440   1  0  0 -9 
440 446  -1 -3  0 -9 
440 453   1 -2  0 -9 
440 455  -1 -1  0 -9 
440 459   1 -2  0 -9 
440 487   1 -2  0 -9 
440 489  -1 -1  0 -9 
440 502  -1 -3  0 -9 
440 504   1 -2 -1 -4  0 -9 
440 518   1 -5  0 -9 
441 441   1  0  0 -9 
441 456  -1 -1  0 -9 
441 492  -1 -1  0 -9 
441 504  -1 -3  0 -9 
441 507   1 -2  0 -9 
441 516   1 -2  0 -9 
441 518   1 -4  0 -9 
441 519  -1 -3  0 -9 
442 442  -1 -6  0 -9 
443 443  -1 -6  0 -9 
444 444  -1 -6  0 -9 
445 445  -1 -6  0 -9 
446 446  -1 -6  0 -9 
447 447  -1 -6  0 -9 
448 433   1 -3  0 -9 
448 443  -1 -5  0 -9 
448 497  -1 -5  0 -9 
448 508   1 -6  0 -9 
449 434   1 -3  0 -9 
449 444  -1 -5  0 -9 
449 498  -1 -5  0 -9 
449 509   1 -6  0 -9 
450 435   1 -3  0 -9 
450 499  -1 -5  0 -9 
450 510   1 -6  0 -9 
451 436   1 -3  0 -9 
451 500  -1 -5  0 -9 
451 511   1 -6  0 -9 
452 437   1 -3  0 -9 
452 445  -1 -5  0 -9 
452 501  -1 -5  0 -9 
452 512   1 -6  0 -9 
453 438   1 -3  0 -9 
453 446  -1 -5  0 -9 
453 502  -1 -5  0 -9 
453 513   1 -6  0 -9 
454 458   1 -3  0 -9 
454 503  -1 -5  0 -9 
454 517   1 -6  0 -9 
455 459   1 -3  0 -9 
455 504  -1 -5  0 -9 
455 518   1 -6  0 -9 
456 504  -1 -4  0 -9 
456 507   1 -3  0 -9 
456 518   1 -5  0 -9 
456 519  -1 -4  0 -9 
457 362   1 -3  0 -9 
457 447  -1 -5  0 -9 
458 454   1 -3  0 -9 
458 503  -1 -4  0 -9 
459 455   1 -3  0 -9 
459 504  -1 -4  0 -9 
460 167   1 -3  0 -9 
460 259  -1 -5  0 -9 
461 168   1 -3  0 -9 
461 260  -1 -5  0 -9 
462 169   1 -3  0 -9 
462 261  -1 -5  0 -9 
463 170   1 -3  0 -9 
463 262  -1 -5  0 -9 
464 171   1 -3  0 -9 
464 263  -1 -5  0 -9 
465 172   1 -3  0 -9 
465 264  -1 -5  0 -9 
466 173   1 -3  0 -9 
466 265  -1 -5  0 -9 
467 174   1 -3  0 -9 
467 266  -1 -5  0 -9 
468 260  -1 -4  0 -9 
468 267   1 -3  0 -9 
469 261  -1 -4  0 -9 
469 268   1 -3  0 -9 
470 265  -1 -4  0 -9 
470 269   1 -3  0 -9 
471 260  -1 -4  0 -9 
471 266  -1 -4  0 -9 
471 270   1 -3  0 -9 
472 271   1 -3  0 -9 
472 281  -1 -4  0 -9 
473 272   1 -3  0 -9 
473 282  -1 -4  0 -9 
474 273   1 -3  0 -9 
474 283  -1 -4  0 -9 
475 274   1 -3  0 -9 
475 284  -1 -4  0 -9 
476 264  -1 -4  0 -9 
476 275   1 -3  0 -9 
476 285  -1 -4  0 -9 
477 266  -1 -4  0 -9 
477 276   1 -3  0 -9 
477 286  -1 -4  0 -9 
478 175   1 -3  0 -9 
478 277  -1 -5  0 -9 
478 391   1 -6  0 -9 
478 493  -1 -5  0 -9 
479 176   1 -3  0 -9 
479 278  -1 -5  0 -9 
479 392   1 -6  0 -9 
479 494  -1 -5  0 -9 
480 177   1 -3  0 -9 
480 279  -1 -5  0 -9 
480 393   1 -6  0 -9 
480 495  -1 -5  0 -9 
481 178   1 -3  0 -9 
481 280  -1 -5  0 -9 
481 394   1 -6  0 -9 
481 496  -1 -5  0 -9 
482 179   1 -3  0 -9 
482 281  -1 -5  0 -9 
482 497  -1 -5  0 -9 
482 508   1 -6  0 -9 
483 180   1 -3  0 -9 
483 282  -1 -5  0 -9 
483 498  -1 -5  0 -9 
483 509   1 -6  0 -9 
484 181   1 -3  0 -9 
484 283  -1 -5  0 -9 
484 499  -1 -5  0 -9 
484 510   1 -6  0 -9 
485 182   1 -3  0 -9 
485 284  -1 -5  0 -9 
485 500  -1 -5  0 -9 
485 511   1 -6  0 -9 
486 183   1 -3  0 -9 
486 285  -1 -5  0 -9 
486 501  -1 -5  0 -9 
486 512   1 -6  0 -9 
487 184   1 -3  0 -9 
487 286  -1 -5  0 -9 
487 502  -1 -5  0 -9 
487 513   1 -6  0 -9 
488 285  -1 -4  0 -9 
488 287   1 -3  0 -9 
488 503  -1 -5  0 -9 
488 517   1 -6  0 -9 
489 286  -1 -4  0 -9 
489 288   1 -3  0 -9 
489 504  -1 -5  0 -9 
489 518   1 -6  0 -9 
490 281  -1 -4  0 -9 
490 497  -1 -4  0 -9 
490 508   1 -5  0 -9 
490 510  -1 -4  0 -9 
490 514   1 -3  0 -9 
491 286  -1 -4  0 -9 
491 502  -1 -4  0 -9 
491 511  -1 -4  0 -9 
491 513   1 -5  0 -9 
491 515   1 -3  0 -9 
492 504  -1 -4  0 -9 
492 516   1 -3  0 -9 
492 518   1 -5  0 -9 
492 519  -1 -4  0 -9 
493 391   1 -7  0 -9 
493 493  -1 -6  0 -9 
494 392   1 -7  0 -9 
494 494  -1 -6  0 -9 
495 393   1 -7  0 -9 
495 495  -1 -6  0 -9 
496 394   1 -7  0 -9 
496 496  -1 -6  0 -9 
497 497  -1 -6  0 -9 
497 508   1 -7  0 -9 
498 498  -1 -6  0 -9 
498 509   1 -7  0 -9 
499 499  -1 -6  0 -9 
499 510   1 -7  0 -9 
500 500  -1 -6  0 -9 
500 511   1 -7  0 -9 
501 501  -1 -6  0 -9 
501 512   1 -7  0 -9 
502 502  -1 -6  0 -9 
502 513   1 -7  0 -9 
503 503  -1 -6  0 -9 
503 517   1 -7  0 -9 
504 504  -1 -6  0 -9 
504 518   1 -7  0 -9 
505 367   1 -3  0 -9 
505 403  -1 -5  0 -9 
505 503  -1 -5  0 -9 
505 517   1 -6  0 -9 
506 368   1 -3  0 -9 
506 394   1 -6  0 -9 
506 404  -1 -5  0 -9 
506 496  -1 -5  0 -9 
506 504  -1 -5  0 -9 
506 518   1 -6  0 -9 
507 456   1 -3  0 -9 
507 504  -1 -5  0 -9 
507 518   1 -6  0 -9 
507 519  -1 -5  0 -9 
508 508   1 -8  0 -9 
509 509   1 -8  0 -9 
510 510   1 -8  0 -9 
511 511   1 -8  0 -9 
512 512   1 -8  0 -9 
513 513   1 -8  0 -9 
514 281  -1 -5  0 -9 
514 490   1 -3  0 -9 
514 497  -1 -5  0 -9 
514 508   1 -6  0 -9 
514 510   1 -7  0 -9 
515 286  -1 -5  0 -9 
515 491   1 -3  0 -9 
515 502  -1 -5  0 -9 
515 511   1 -7  0 -9 
515 513   1 -6  0 -9 
516 492   1 -3  0 -9 
516 504  -1 -5  0 -9 
516 518   1 -6  0 -9 
516 519  -1 -5  0 -9 
517 517   1 -8  0 -9 
518 518   1 -8  0 -9 
519 518   1 -7  0 -9 
519 519  -1 -6  0 -9 
9999 9999
