 0  0   1 -8  0 -9 
 1  0   1 -7  0 -9 
 1  1  -1 -6  0 -9 
 2  2   1 -8  0 -9 
 3  2   1 -7  0 -9 
 3  3  -1 -6  0 -9 
 4  0   1 -6  0 -9 
 4  1  -1 -5  0 -9 
 4  3  -1 -4  0 -9 
 4  5   1 -3  0 -9 
 5  1  -1 -4  0 -9 
 5  2   1 -6  0 -9 
 5  3  -1 -5  0 -9 
 5  4   1 -3  0 -9 
 6  6   1 -8  0 -9 
 7  0   1 -7  0 -9 
 7  6   1 -7  0 -9 
 7  7  -1 -6  0 -9 
 8  0   1 -5  0 -9 
 8  1  -1 -4  0 -9 
 8  7  -1 -4  0 -9 
 8  9   1 -3  0 -9 
 9  0   1 -6  0 -9 
 9  1  -1 -5  0 -9 
 9  6   1 -6  0 -9 
 9  7  -1 -5  0 -9 
 9  8   1 -3  0 -9 
10 10   1 -8  0 -9 
11 10   1 -7  0 -9 
11 11  -1 -6  0 -9 
12 11  -1 -4  0 -9 
12 13   1 -3  0 -9 
13 10   1 -6  0 -9 
13 11  -1 -5  0 -9 
13 12   1 -3  0 -9 
14  6   1 -7  0 -9 
14 14  -1 -6  0 -9 
15  1  -1 -3  0 -9 
15  2   1 -5  0 -9 
15  3  -1 -4  0 -9 
15  4   1 -2  0 -9 
15  5  -1 -1  0 -9 
15  6  -1 -4  0 -9 
15  8  -1 -1  0 -9 
15  9   1 -2  0 -9 
15 10   1 -5  0 -9 
15 11  -1 -4  0 -9 
15 12   1 -2  0 -9 
15 13  -1 -1  0 -9 
15 14   1 -3  0 -9 
15 15   1  0  0 -9 
16 16   1 -8  0 -9 
17 16   1 -7  0 -9 
17 17  -1 -6  0 -9 
18 16   1 -7  0 -9 
18 18  -1 -6  0 -9 
19 16   1 -6  0 -9 
19 17  -1 -5  0 -9 
19 18  -1 -5  0 -9 
19 20   1 -3  0 -9 
20 16   1 -5  0 -9 
20 17  -1 -4  0 -9 
20 18  -1 -4  0 -9 
20 19   1 -3  0 -9 
21  6  -1 -4  0 -9 
21 16   1 -5  0 -9 
21 17  -1 -4  0 -9 
21 18  -1 -4  0 -9 
21 22   1 -3  0 -9 
22  6   1 -7  0 -9 
22 16   1 -6  0 -9 
22 17  -1 -5  0 -9 
22 18  -1 -5  0 -9 
22 21   1 -3  0 -9 
23  6  -1 -3  0 -9 
23 16   1 -4  0 -9 
23 17  -1 -3  0 -9 
23 18  -1 -3  0 -9 
23 19   1 -2  0 -9 
23 20  -1 -1  0 -9 
23 21  -1 -1  0 -9 
23 22   1 -2  0 -9 
23 23   1  0  0 -9 
24 24   1 -8  0 -9 
25 24   1 -7  0 -9 
25 25  -1 -6  0 -9 
26 24   1 -7  0 -9 
26 26  -1 -6  0 -9 
27 24   1 -6  0 -9 
27 25  -1 -5  0 -9 
27 26  -1 -5  0 -9 
27 28   1 -3  0 -9 
28 24   1 -5  0 -9 
28 25  -1 -4  0 -9 
28 26  -1 -4  0 -9 
28 27   1 -3  0 -9 
29 14  -1 -4  0 -9 
29 16   1 -6  0 -9 
29 18  -1 -5  0 -9 
29 25  -1 -4  0 -9 
29 30   1 -3  0 -9 
30  6   1 -6  0 -9 
30 14  -1 -5  0 -9 
30 18  -1 -4  0 -9 
30 24   1 -6  0 -9 
30 25  -1 -5  0 -9 
30 29   1 -3  0 -9 
31  6  -1 -3  0 -9 
31 14   1 -2  0 -9 
31 18  -1 -3  0 -9 
31 21  -1 -1  0 -9 
31 22   1 -2  0 -9 
31 24   1 -5  0 -9 
31 25  -1 -4  0 -9 
31 29   1 -2  0 -9 
31 30  -1 -1  0 -9 
31 31   1  0  0 -9 
32  6  -1 -2  0 -9 
32 14   1 -1  0 -9 
32 20  -1  0  0 -9 
32 21  -1  0  0 -9 
32 22   1 -1  0 -9 
32 23   1  1  0 -9 
32 24   1 -4  0 -9 
32 25  -1 -3  0 -9 
32 26  -1 -3  0 -9 
32 27   1 -2  0 -9 
32 28   1  1  0 -9 
32 30  -1  0  0 -9 
32 31   1  1  0 -9 
32 32  -1  2  0 -9 
33 33   1 -8  0 -9 
34 10  -1 -4  0 -9 
34 24   1 -5  0 -9 
34 25  -1 -4  0 -9 
34 26  -1 -4  0 -9 
34 33  -1 -4  0 -9 
34 35   1 -3  0 -9 
35 10   1 -7  0 -9 
35 24   1 -6  0 -9 
35 25  -1 -5  0 -9 
35 26  -1 -5  0 -9 
35 33   1 -7  0 -9 
35 34   1 -3  0 -9 
36 10  -1 -3  0 -9 
36 24   1 -4  0 -9 
36 25  -1 -3  0 -9 
36 26  -1 -3  0 -9 
36 27   1 -2  0 -9 
36 28  -1 -1  0 -9 
36 33  -1 -3  0 -9 
36 34  -1 -1  0 -9 
36 35   1 -2  0 -9 
36 36   1  0  0 -9 
37 33   1 -7  0 -9 
37 37  -1 -6  0 -9 
38 37  -1 -4  0 -9 
38 39   1 -3  0 -9 
39 33   1 -6  0 -9 
39 37  -1 -5  0 -9 
39 38   1 -3  0 -9 
40 10  -1 -3  0 -9 
40 11   1 -2  0 -9 
40 12   1 -2  0 -9 
40 13  -1 -1  0 -9 
40 24   1 -4  1 -6  0 -9 
40 25  -1 -1 -1 -3 -1 -5  0 -9 
40 26  -1 -3  0 -9 
40 27   1 -2  0 -9 
40 28  -1 -1  0 -9 
40 33  -1 -3  0 -9 
40 34  -1 -1  0 -9 
40 35   1 -2  0 -9 
40 37   1 -2  0 -9 
40 38   1 -2  0 -9 
40 39  -1 -1  0 -9 
40 40   1  0  0 -9 
41 10  -1 -2  0 -9 
41 11   1 -1  0 -9 
41 13  -1  0  0 -9 
41 24   1 -3  0 -9 
41 25  -1  0 -1 -2  0 -9 
41 26  -1 -2  0 -9 
41 27   1 -1  0 -9 
41 28  -1  0  0 -9 
41 33  -1 -2  0 -9 
41 34  -1  0  0 -9 
41 35   1 -1  0 -9 
41 36   1  1  0 -9 
41 37   1 -1  0 -9 
41 39  -1  0  0 -9 
41 40   1  1  0 -9 
41 41  -1  2  0 -9 
42 33   1 -7  0 -9 
42 42  -1 -6  0 -9 
43 42  -1 -4  0 -9 
43 44   1 -3  0 -9 
44 33   1 -6  0 -9 
44 42  -1 -5  0 -9 
44 43   1 -3  0 -9 
45 33   1 -6  0 -9 
45 37  -1 -5  0 -9 
45 42  -1 -5  0 -9 
45 46   1 -3  0 -9 
46 33   1 -5  0 -9 
46 37  -1 -4  0 -9 
46 42  -1 -4  0 -9 
46 45   1 -3  0 -9 
47 42  -1 -3  0 -9 
47 43  -1 -1  0 -9 
47 44   1 -2  0 -9 
47 45   1 -2  0 -9 
47 46  -1 -1  0 -9 
47 47   1  0  0 -9 
48 37  -1 -3  0 -9 
48 38  -1 -1  0 -9 
48 39   1 -2  0 -9 
48 42  -1 -3  0 -9 
48 43  -1 -1  0 -9 
48 44   1 -2  0 -9 
48 45   1 -2  0 -9 
48 46  -1 -1  0 -9 
48 48   1  0  0 -9 
49 38  -1  0  0 -9 
49 42  -1 -2  0 -9 
49 43  -1  0  0 -9 
49 44   1 -1  0 -9 
49 45   1 -1  0 -9 
49 46  -1  0  0 -9 
49 47   1  1  0 -9 
49 48   1  1  0 -9 
49 49  -1  2  0 -9 
50 50   1 -8  0 -9 
51 50   1 -7  0 -9 
51 51  -1 -6  0 -9 
52 51  -1 -4  0 -9 
52 53   1 -3  0 -9 
53 50   1 -6  0 -9 
53 51  -1 -5  0 -9 
53 52   1 -3  0 -9 
54 54  -1 -6  0 -9 
55 50   1 -5  0 -9 
55 51  -1 -4  0 -9 
55 52   1 -2  0 -9 
55 53  -1 -1  0 -9 
55 54   1 -3  0 -9 
55 55   1  0  0 -9 
56 56  -1 -6  0 -9 
57 10   1 -5  0 -9 
57 11  -1 -4  0 -9 
57 12   1 -2  0 -9 
57 13  -1 -1  0 -9 
57 56   1 -3  0 -9 
57 57   1  0  0 -9 
58 58   1 -8  0 -9 
59 58   1 -7  0 -9 
59 59  -1 -6  0 -9 
60 58   1 -7  0 -9 
60 60  -1 -6  0 -9 
61 58   1 -6  0 -9 
61 59  -1 -5  0 -9 
61 60  -1 -5  0 -9 
61 62   1 -3  0 -9 
62 58   1 -5  0 -9 
62 59  -1 -4  0 -9 
62 60  -1 -4  0 -9 
62 61   1 -3  0 -9 
63 54  -1 -4  0 -9 
63 59  -1 -4  0 -9 
63 64   1 -3  0 -9 
64 54  -1 -5  0 -9 
64 58   1 -6  0 -9 
64 59  -1 -5  0 -9 
64 63   1 -3  0 -9 
65 54   1 -2  0 -9 
65 58   1 -5  0 -9 
65 59  -1 -4  0 -9 
65 63   1 -2  0 -9 
65 64  -1 -1  0 -9 
65 65   1  0  0 -9 
66 54   1 -1  0 -9 
66 58   1 -4  0 -9 
66 59  -1 -3  0 -9 
66 60  -1 -3  0 -9 
66 61   1 -2  0 -9 
66 62   1  1  0 -9 
66 64  -1  0  0 -9 
66 65   1  1  0 -9 
66 66  -1  2  0 -9 
67 67  -1 -6  0 -9 
68 25  -1 -4  0 -9 
68 56  -1 -4  0 -9 
68 67  -1 -4  0 -9 
68 69   1 -3  0 -9 
69 24   1 -6  0 -9 
69 25  -1 -5  0 -9 
69 56  -1 -5  0 -9 
69 67  -1 -5  0 -9 
69 68   1 -3  0 -9 
70 24   1 -5  0 -9 
70 25  -1 -4  0 -9 
70 56   1 -2  0 -9 
70 67   1 -2  0 -9 
70 68   1 -2  0 -9 
70 69  -1 -1  0 -9 
70 70   1  0  0 -9 
71 24   1 -4  0 -9 
71 25  -1 -3  0 -9 
71 26  -1 -3  0 -9 
71 27   1 -2  0 -9 
71 28   1  1  0 -9 
71 56   1 -1  0 -9 
71 67   1 -1  0 -9 
71 69  -1  0  0 -9 
71 70   1  1  0 -9 
71 71  -1  2  0 -9 
72 33   1 -5  0 -9 
72 37  -1 -4  0 -9 
72 38   1 -2  0 -9 
72 39  -1 -1  0 -9 
72 67   1 -3  0 -9 
72 72   1  0  0 -9 
73 67  -1 -5  0 -9 
73 74   1 -3  0 -9 
74 67  -1 -4  0 -9 
74 73   1 -3  0 -9 
75 73   1 -2  0 -9 
75 74  -1 -1  0 -9 
75 75   1  0  0 -9 
76 33   1 -4  0 -9 
76 37  -1 -3  0 -9 
76 39  -1  0  0 -9 
76 42  -1 -3  0 -9 
76 45   1 -2  0 -9 
76 46   1  1  0 -9 
76 67   1 -2  0 -9 
76 72   1  1  0 -9 
76 74  -1  0  0 -9 
76 75   1  1  0 -9 
76 76  -1  2  0 -9 
77 77   1 -8  0 -9 
78 58   1 -5  0 -9 
78 59  -1 -4  0 -9 
78 60  -1 -4  0 -9 
78 77  -1 -4  0 -9 
78 79   1 -3  0 -9 
79 58   1 -6  0 -9 
79 59  -1 -5  0 -9 
79 60  -1 -5  0 -9 
79 77   1 -7  0 -9 
79 78   1 -3  0 -9 
80 58   1 -4  0 -9 
80 59  -1 -3  0 -9 
80 60  -1 -3  0 -9 
80 61   1 -2  0 -9 
80 62  -1 -1  0 -9 
80 77  -1 -3  0 -9 
80 78  -1 -1  0 -9 
80 79   1 -2  0 -9 
80 80   1  0  0 -9 
81 77   1 -7  0 -9 
81 81  -1 -6  0 -9 
82 81  -1 -4  0 -9 
82 83   1 -3  0 -9 
83 77   1 -6  0 -9 
83 81  -1 -5  0 -9 
83 82   1 -3  0 -9 
84 58   1 -4  1 -6  0 -9 
84 59  -1 -1 -1 -3 -1 -5  0 -9 
84 60  -1 -3  0 -9 
84 61   1 -2  0 -9 
84 62  -1 -1  0 -9 
84 77  -1 -3  0 -9 
84 78  -1 -1  0 -9 
84 79   1 -2  0 -9 
84 81   1 -2  0 -9 
84 82   1 -2  0 -9 
84 83  -1 -1  0 -9 
84 84   1  0  0 -9 
85 58   1 -3  0 -9 
85 59  -1  0 -1 -2  0 -9 
85 60  -1 -2  0 -9 
85 61   1 -1  0 -9 
85 62  -1  0  0 -9 
85 77  -1 -2  0 -9 
85 78  -1  0  0 -9 
85 79   1 -1  0 -9 
85 80   1  1  0 -9 
85 81   1 -1  0 -9 
85 83  -1  0  0 -9 
85 84   1  1  0 -9 
85 85  -1  2  0 -9 
86 86  -1 -6  0 -9 
87 86  -1 -4  0 -9 
87 88   1 -3  0 -9 
88 86  -1 -5  0 -9 
88 87   1 -3  0 -9 
89 86   1 -2  0 -9 
89 87   1 -2  0 -9 
89 88  -1 -1  0 -9 
89 89   1  0  0 -9 
90 86   1 -1  0 -9 
90 88  -1  0  0 -9 
90 89   1  1  0 -9 
90 90  -1  2  0 -9 
91 54   1 -3  0 -9 
91 77   1 -5  0 -9 
91 81  -1 -4  0 -9 
91 82   1 -2  0 -9 
91 83  -1 -1  0 -9 
91 86   1 -3  0 -9 
91 91   1  0  0 -9 
92 67  -1 -4  0 -9 
92 93   1 -3  0 -9 
93 67  -1 -5  0 -9 
93 92   1 -3  0 -9 
94 67  -1 -3  0 -9 
94 73   1 -2  0 -9 
94 74  -1 -1  0 -9 
94 92  -1 -1  0 -9 
94 93   1 -2  0 -9 
94 94   1  0  0 -9 
95 73   1 -1  0 -9 
95 74  -1  0  0 -9 
95 75   1  1  0 -9 
95 92  -1  0  0 -9 
95 94   1  1  0 -9 
95 95  -1  2  0 -9 
96 67   1 -2  0 -9 
96 92   1 -2  0 -9 
96 93  -1 -1  0 -9 
96 96   1  0  0 -9 
97 67   1 -1  0 -9 
97 93  -1  0  0 -9 
97 96   1  1  0 -9 
97 97  -1  2  0 -9 
98 98   1 -8  0 -9 
99 98   1 -7  0 -9 
99 99  -1 -6  0 -9 
100 99  -1 -4  0 -9 
100 101   1 -3  0 -9 
101 98   1 -6  0 -9 
101 99  -1 -5  0 -9 
101 100   1 -3  0 -9 
102 102  -1 -6  0 -9 
103 98   1 -5  0 -9 
103 99  -1 -4  0 -9 
103 100   1 -2  0 -9 
103 101  -1 -1  0 -9 
103 102   1 -3  0 -9 
103 103   1  0  0 -9 
104 104  -1 -6  0 -9 
105 104   1 -3  0 -9 
105 105   1  0  0 -9 
106 106   1 -8  0 -9 
107 106   1 -7  0 -9 
107 107  -1 -6  0 -9 
108 106   1 -7  0 -9 
108 108  -1 -6  0 -9 
109 106   1 -6  0 -9 
109 107  -1 -5  0 -9 
109 108  -1 -5  0 -9 
109 110   1 -3  0 -9 
110 106   1 -5  0 -9 
110 107  -1 -4  0 -9 
110 108  -1 -4  0 -9 
110 109   1 -3  0 -9 
111 102  -1 -4  0 -9 
111 107  -1 -4  0 -9 
111 112   1 -3  0 -9 
112 102  -1 -5  0 -9 
112 106   1 -6  0 -9 
112 107  -1 -5  0 -9 
112 111   1 -3  0 -9 
113 102   1 -2  0 -9 
113 106   1 -5  0 -9 
113 107  -1 -4  0 -9 
113 111   1 -2  0 -9 
113 112  -1 -1  0 -9 
113 113   1  0  0 -9 
114 102   1 -1  0 -9 
114 106   1 -4  0 -9 
114 107  -1 -3  0 -9 
114 108  -1 -3  0 -9 
114 109   1 -2  0 -9 
114 110   1  1  0 -9 
114 112  -1  0  0 -9 
114 113   1  1  0 -9 
114 114  -1  2  0 -9 
115 115  -1 -6  0 -9 
116 104  -1 -4  0 -9 
116 115  -1 -4  0 -9 
116 117   1 -3  0 -9 
117 104  -1 -5  0 -9 
117 115  -1 -5  0 -9 
117 116   1 -3  0 -9 
118 104   1 -2  0 -9 
118 115   1 -2  0 -9 
118 116   1 -2  0 -9 
118 117  -1 -1  0 -9 
118 118   1  0  0 -9 
119 104   1 -1  0 -9 
119 115   1 -1  0 -9 
119 117  -1  0  0 -9 
119 118   1  1  0 -9 
119 119  -1  2  0 -9 
120 115   1 -3  0 -9 
120 120   1  0  0 -9 
121 115  -1 -5  0 -9 
121 122   1 -3  0 -9 
122 115  -1 -4  0 -9 
122 121   1 -3  0 -9 
123 121   1 -2  0 -9 
123 122  -1 -1  0 -9 
123 123   1  0  0 -9 
124 115   1 -2  0 -9 
124 120   1  1  0 -9 
124 122  -1  0  0 -9 
124 123   1  1  0 -9 
124 124  -1  2  0 -9 
125 125  -1 -6  0 -9 
126 125  -1 -4  0 -9 
126 127   1 -3  0 -9 
127 125  -1 -5  0 -9 
127 126   1 -3  0 -9 
128 125   1 -2  0 -9 
128 126   1 -2  0 -9 
128 127  -1 -1  0 -9 
128 128   1  0  0 -9 
129 125   1 -1  0 -9 
129 127  -1  0  0 -9 
129 128   1  1  0 -9 
129 129  -1  2  0 -9 
130 125   1 -3  0 -9 
130 130   1  0  0 -9 
131 86   1 -3  0 -9 
131 131   1  0  0 -9 
132 67   1 -3  0 -9 
132 132   1  0  0 -9 
133 67   1 -2  0 -9 
133 74  -1  0  0 -9 
133 75   1  1  0 -9 
133 132   1  1  0 -9 
133 133  -1  2  0 -9 
134 134   1 -8  0 -9 
135  0   1 -7  0 -9 
135 134   1 -7  0 -9 
135 135  -1 -6  0 -9 
136 134   1 -7  0 -9 
136 136  -1 -6  0 -9 
137  0   1 -6  0 -9 
137  1  -1 -5  0 -9 
137 134   1 -6  0 -9 
137 135  -1 -5  0 -9 
137 136  -1 -5  0 -9 
137 138   1 -3  0 -9 
138  0   1 -5  0 -9 
138  1  -1 -4  0 -9 
138 134   1 -5  0 -9 
138 135  -1 -4  0 -9 
138 136  -1 -4  0 -9 
138 137   1 -3  0 -9 
139  0   1 -5  0 -9 
139  1  -1 -4  0 -9 
139  2  -1 -4  0 -9 
139 134   1 -5  0 -9 
139 135  -1 -4  0 -9 
139 136  -1 -4  0 -9 
139 140   1 -3  0 -9 
140  0   1 -6  0 -9 
140  1  -1 -5  0 -9 
140  2   1 -7  0 -9 
140 134   1 -6  0 -9 
140 135  -1 -5  0 -9 
140 136  -1 -5  0 -9 
140 139   1 -3  0 -9 
141  0   1 -4  0 -9 
141  1  -1 -3  0 -9 
141  2  -1 -3  0 -9 
141 134   1 -4  0 -9 
141 135  -1 -3  0 -9 
141 136  -1 -3  0 -9 
141 137   1 -2  0 -9 
141 138  -1 -1  0 -9 
141 139  -1 -1  0 -9 
141 140   1 -2  0 -9 
141 141   1  0  0 -9 
142 142   1 -8  0 -9 
143 142   1 -7  0 -9 
143 143  -1 -6  0 -9 
144 142   1 -7  0 -9 
144 144  -1 -6  0 -9 
145 142   1 -6  0 -9 
145 143  -1 -5  0 -9 
145 144  -1 -5  0 -9 
145 146   1 -3  0 -9 
146 142   1 -5  0 -9 
146 143  -1 -4  0 -9 
146 144  -1 -4  0 -9 
146 145   1 -3  0 -9 
147 134   1 -6  0 -9 
147 136  -1 -5  0 -9 
147 143  -1 -4  0 -9 
147 148   1 -3  0 -9 
148 136  -1 -4  0 -9 
148 142   1 -6  0 -9 
148 143  -1 -5  0 -9 
148 147   1 -3  0 -9 
149  1  -1 -3  0 -9 
149  2  -1 -3  0 -9 
149  3   1 -2  0 -9 
149  4   1 -2  0 -9 
149  5  -1 -1  0 -9 
149 136  -1 -3  0 -9 
149 139  -1 -1  0 -9 
149 140   1 -2  0 -9 
149 142   1 -5  0 -9 
149 143  -1 -4  0 -9 
149 147   1 -2  0 -9 
149 148  -1 -1  0 -9 
149 149   1  0  0 -9 
150  2  -1 -2  0 -9 
150  3   1 -1  0 -9 
150  5  -1  0  0 -9 
150 138  -1  0  0 -9 
150 139  -1  0  0 -9 
150 140   1 -1  0 -9 
150 141   1  1  0 -9 
150 142   1 -4  0 -9 
150 143  -1 -3  0 -9 
150 144  -1 -3  0 -9 
150 145   1 -2  0 -9 
150 146   1  1  0 -9 
150 148  -1  0  0 -9 
150 149   1  1  0 -9 
150 150  -1  2  0 -9 
151 136  -1 -4  0 -9 
151 152   1 -3  0 -9 
152 134   1 -6  0 -9 
152 136  -1 -5  0 -9 
152 151   1 -3  0 -9 
153 153  -1 -6  0 -9 
154 144  -1 -4  0 -9 
154 153  -1 -4  0 -9 
154 155   1 -3  0 -9 
155 142   1 -6  0 -9 
155 144  -1 -5  0 -9 
155 153  -1 -5  0 -9 
155 154   1 -3  0 -9 
156 153  -1 -5  0 -9 
156 157   1 -3  0 -9 
157 153  -1 -4  0 -9 
157 156   1 -3  0 -9 
158 144  -1 -3  0 -9 
158 145   1 -2  0 -9 
158 146  -1 -1  0 -9 
158 153  -1 -3  0 -9 
158 154  -1 -1  0 -9 
158 155   1 -2  0 -9 
158 156   1 -2  0 -9 
158 157  -1 -1  0 -9 
158 158   1  0  0 -9 
159 134   1 -5  0 -9 
159 136   1 -2 -1 -4  0 -9 
159 143  -1 -3  0 -9 
159 144  -1 -3  0 -9 
159 145   1 -2  0 -9 
159 146  -1 -1  0 -9 
159 147  -1 -1  0 -9 
159 148   1 -2  0 -9 
159 151   1 -2  0 -9 
159 152  -1 -1  0 -9 
159 153  -1 -3  0 -9 
159 154  -1 -1  0 -9 
159 155   1 -2  0 -9 
159 156   1 -2  0 -9 
159 157  -1 -1  0 -9 
159 159   1  0  0 -9 
160 136   1 -1  0 -9 
160 144  -1 -2  0 -9 
160 145   1 -1  0 -9 
160 146  -1  0  0 -9 
160 147  -1  0  0 -9 
160 152  -1  0  0 -9 
160 153  -1 -2  0 -9 
160 154  -1  0  0 -9 
160 155   1 -1  0 -9 
160 156   1 -1  0 -9 
160 157  -1  0  0 -9 
160 158   1  1  0 -9 
160 159   1  1  0 -9 
160 160  -1  2  0 -9 
161 161   1 -8  0 -9 
162 50  -1 -4  0 -9 
162 58   1 -5  0 -9 
162 59  -1 -4  0 -9 
162 60  -1 -4  0 -9 
162 142   1 -5  0 -9 
162 143  -1 -4  0 -9 
162 144  -1 -4  0 -9 
162 161  -1 -4  0 -9 
162 163   1 -3  0 -9 
163 50   1 -7  0 -9 
163 58   1 -6  0 -9 
163 59  -1 -5  0 -9 
163 60  -1 -5  0 -9 
163 142   1 -6  0 -9 
163 143  -1 -5  0 -9 
163 144  -1 -5  0 -9 
163 161   1 -7  0 -9 
163 162   1 -3  0 -9 
164 50  -1 -3  0 -9 
164 58   1 -4  0 -9 
164 59  -1 -3  0 -9 
164 60  -1 -3  0 -9 
164 61   1 -2  0 -9 
164 62  -1 -1  0 -9 
164 142   1 -4  0 -9 
164 143  -1 -3  0 -9 
164 144  -1 -3  0 -9 
164 145   1 -2  0 -9 
164 146  -1 -1  0 -9 
164 161  -1 -3  0 -9 
164 162  -1 -1  0 -9 
164 163   1 -2  0 -9 
164 164   1  0  0 -9 
165 161   1 -7  0 -9 
165 165  -1 -6  0 -9 
166 165  -1 -4  0 -9 
166 167   1 -3  0 -9 
167 161   1 -6  0 -9 
167 165  -1 -5  0 -9 
167 166   1 -3  0 -9 
168 50  -1 -3  0 -9 
168 51   1 -2  0 -9 
168 52   1 -2  0 -9 
168 53  -1 -1  0 -9 
168 58   1 -4  1 -6  0 -9 
168 59  -1 -1 -1 -3 -1 -5  0 -9 
168 60  -1 -3  0 -9 
168 61   1 -2  0 -9 
168 62  -1 -1  0 -9 
168 142   1 -4  1 -6  0 -9 
168 143  -1 -1 -1 -3 -1 -5  0 -9 
168 144  -1 -3  0 -9 
168 145   1 -2  0 -9 
168 146  -1 -1  0 -9 
168 161  -1 -3  0 -9 
168 162  -1 -1  0 -9 
168 163   1 -2  0 -9 
168 165   1 -2  0 -9 
168 166   1 -2  0 -9 
168 167  -1 -1  0 -9 
168 168   1  0  0 -9 
169 50  -1 -2  0 -9 
169 51   1 -1  0 -9 
169 53  -1  0  0 -9 
169 58   1 -3  0 -9 
169 59  -1  0 -1 -2  0 -9 
169 60  -1 -2  0 -9 
169 61   1 -1  0 -9 
169 62  -1  0  0 -9 
169 142   1 -3  0 -9 
169 143  -1  0 -1 -2  0 -9 
169 144  -1 -2  0 -9 
169 145   1 -1  0 -9 
169 146  -1  0  0 -9 
169 161  -1 -2  0 -9 
169 162  -1  0  0 -9 
169 163   1 -1  0 -9 
169 164   1  1  0 -9 
169 165   1 -1  0 -9 
169 167  -1  0  0 -9 
169 168   1  1  0 -9 
169 169  -1  2  0 -9 
170 170  -1 -6  0 -9 
171 143  -1 -4  0 -9 
171 170  -1 -4  0 -9 
171 172   1 -3  0 -9 
172 142   1 -6  0 -9 
172 143  -1 -5  0 -9 
172 170  -1 -5  0 -9 
172 171   1 -3  0 -9 
173 142   1 -5  0 -9 
173 143  -1 -4  0 -9 
173 170   1 -2  0 -9 
173 171   1 -2  0 -9 
173 172  -1 -1  0 -9 
173 173   1  0  0 -9 
174 142   1 -4  0 -9 
174 143  -1 -3  0 -9 
174 144  -1 -3  0 -9 
174 145   1 -2  0 -9 
174 146   1  1  0 -9 
174 170   1 -1  0 -9 
174 172  -1  0  0 -9 
174 173   1  1  0 -9 
174 174  -1  2  0 -9 
175 161   1 -5  0 -9 
175 165  -1 -4  0 -9 
175 166   1 -2  0 -9 
175 167  -1 -1  0 -9 
175 170   1 -3  0 -9 
175 175   1  0  0 -9 
176 161   1 -7  0 -9 
176 176  -1 -6  0 -9 
177 176  -1 -4  0 -9 
177 178   1 -3  0 -9 
178 161   1 -6  0 -9 
178 176  -1 -5  0 -9 
178 177   1 -3  0 -9 
179 161   1 -6  0 -9 
179 165  -1 -5  0 -9 
179 176  -1 -5  0 -9 
179 180   1 -3  0 -9 
180 161   1 -5  0 -9 
180 165  -1 -4  0 -9 
180 176  -1 -4  0 -9 
180 179   1 -3  0 -9 
181 176  -1 -3  0 -9 
181 177  -1 -1  0 -9 
181 178   1 -2  0 -9 
181 179   1 -2  0 -9 
181 180  -1 -1  0 -9 
181 181   1  0  0 -9 
182 165  -1 -3  0 -9 
182 166  -1 -1  0 -9 
182 167   1 -2  0 -9 
182 176  -1 -3  0 -9 
182 177  -1 -1  0 -9 
182 178   1 -2  0 -9 
182 179   1 -2  0 -9 
182 180  -1 -1  0 -9 
182 182   1  0  0 -9 
183 166  -1  0  0 -9 
183 176  -1 -2  0 -9 
183 177  -1  0  0 -9 
183 178   1 -1  0 -9 
183 179   1 -1  0 -9 
183 180  -1  0  0 -9 
183 181   1  1  0 -9 
183 182   1  1  0 -9 
183 183  -1  2  0 -9 
184 170  -1 -5  0 -9 
184 185   1 -3  0 -9 
185 170  -1 -4  0 -9 
185 184   1 -3  0 -9 
186 184   1 -2  0 -9 
186 185  -1 -1  0 -9 
186 186   1  0  0 -9 
187 161   1 -4  0 -9 
187 165  -1 -3  0 -9 
187 167  -1  0  0 -9 
187 170   1 -2  0 -9 
187 175   1  1  0 -9 
187 176  -1 -3  0 -9 
187 179   1 -2  0 -9 
187 180   1  1  0 -9 
187 185  -1  0  0 -9 
187 186   1  1  0 -9 
187 187  -1  2  0 -9 
188 189   1 -3  0 -9 
189 188   1 -3  0 -9 
190 143  -1 -3  0 -9 
190 144  -1 -3  0 -9 
190 145   1 -2  0 -9 
190 146  -1 -1  0 -9 
190 153  -1 -3  0 -9 
190 154  -1 -1  0 -9 
190 155   1 -2  0 -9 
190 156   1 -2  0 -9 
190 157  -1 -1  0 -9 
190 170  -1 -3  0 -9 
190 171  -1 -1  0 -9 
190 172   1 -2  0 -9 
190 184   1 -2  0 -9 
190 185  -1 -1  0 -9 
190 188  -1 -1  0 -9 
190 189   1 -2  0 -9 
190 190   1  0  0 -9 
191 144  -1 -2  0 -9 
191 145   1 -1  0 -9 
191 146  -1  0  0 -9 
191 153  -1 -2  0 -9 
191 154  -1  0  0 -9 
191 155   1 -1  0 -9 
191 156   1 -1  0 -9 
191 157  -1  0  0 -9 
191 158   1  1  0 -9 
191 171  -1  0  0 -9 
191 184   1 -1  0 -9 
191 185  -1  0  0 -9 
191 186   1  1  0 -9 
191 188  -1  0  0 -9 
191 190   1  1  0 -9 
191 191  -1  2  0 -9 
192 188   1 -2  0 -9 
192 189  -1 -1  0 -9 
192 192   1  0  0 -9 
193 153  -1 -3  0 -9 
193 156   1 -2  0 -9 
193 157   1  1  0 -9 
193 189  -1  0  0 -9 
193 192   1  1  0 -9 
193 193  -1  2  0 -9 
194 194   1 -8  0 -9 
195 194   1 -7  0 -9 
195 195  -1 -6  0 -9 
196 194   1 -7  0 -9 
196 196  -1 -6  0 -9 
197 194   1 -6  0 -9 
197 195  -1 -5  0 -9 
197 196  -1 -5  0 -9 
197 198   1 -3  0 -9 
198 194   1 -5  0 -9 
198 195  -1 -4  0 -9 
198 196  -1 -4  0 -9 
198 197   1 -3  0 -9 
199 195  -1 -4  0 -9 
199 200   1 -3  0 -9 
200 194   1 -6  0 -9 
200 195  -1 -5  0 -9 
200 199   1 -3  0 -9 
201 194   1 -5  0 -9 
201 195  -1 -4  0 -9 
201 199   1 -2  0 -9 
201 200  -1 -1  0 -9 
201 201   1  0  0 -9 
202 194   1 -4  0 -9 
202 195  -1 -3  0 -9 
202 196  -1 -3  0 -9 
202 197   1 -2  0 -9 
202 198   1  1  0 -9 
202 200  -1  0  0 -9 
202 201   1  1  0 -9 
202 202  -1  2  0 -9 
203 203   1 -8  0 -9 
204 98  -1 -4  0 -9 
204 106   1 -5  0 -9 
204 107  -1 -4  0 -9 
204 108  -1 -4  0 -9 
204 194   1 -5  0 -9 
204 195  -1 -4  0 -9 
204 196  -1 -4  0 -9 
204 203  -1 -4  0 -9 
204 205   1 -3  0 -9 
205 98   1 -7  0 -9 
205 106   1 -6  0 -9 
205 107  -1 -5  0 -9 
205 108  -1 -5  0 -9 
205 194   1 -6  0 -9 
205 195  -1 -5  0 -9 
205 196  -1 -5  0 -9 
205 203   1 -7  0 -9 
205 204   1 -3  0 -9 
206 98  -1 -3  0 -9 
206 106   1 -4  0 -9 
206 107  -1 -3  0 -9 
206 108  -1 -3  0 -9 
206 109   1 -2  0 -9 
206 110  -1 -1  0 -9 
206 194   1 -4  0 -9 
206 195  -1 -3  0 -9 
206 196  -1 -3  0 -9 
206 197   1 -2  0 -9 
206 198  -1 -1  0 -9 
206 203  -1 -3  0 -9 
206 204  -1 -1  0 -9 
206 205   1 -2  0 -9 
206 206   1  0  0 -9 
207 203   1 -7  0 -9 
207 207  -1 -6  0 -9 
208 207  -1 -4  0 -9 
208 209   1 -3  0 -9 
209 203   1 -6  0 -9 
209 207  -1 -5  0 -9 
209 208   1 -3  0 -9 
210 98  -1 -3  0 -9 
210 99   1 -2  0 -9 
210 100   1 -2  0 -9 
210 101  -1 -1  0 -9 
210 106   1 -4  1 -6  0 -9 
210 107  -1 -1 -1 -3 -1 -5  0 -9 
210 108  -1 -3  0 -9 
210 109   1 -2  0 -9 
210 110  -1 -1  0 -9 
210 194   1 -4  1 -6  0 -9 
210 195  -1 -1 -1 -3 -1 -5  0 -9 
210 196  -1 -3  0 -9 
210 197   1 -2  0 -9 
210 198  -1 -1  0 -9 
210 203  -1 -3  0 -9 
210 204  -1 -1  0 -9 
210 205   1 -2  0 -9 
210 207   1 -2  0 -9 
210 208   1 -2  0 -9 
210 209  -1 -1  0 -9 
210 210   1  0  0 -9 
211 98  -1 -2  0 -9 
211 99   1 -1  0 -9 
211 101  -1  0  0 -9 
211 106   1 -3  0 -9 
211 107  -1  0 -1 -2  0 -9 
211 108  -1 -2  0 -9 
211 109   1 -1  0 -9 
211 110  -1  0  0 -9 
211 194   1 -3  0 -9 
211 195  -1  0 -1 -2  0 -9 
211 196  -1 -2  0 -9 
211 197   1 -1  0 -9 
211 198  -1  0  0 -9 
211 203  -1 -2  0 -9 
211 204  -1  0  0 -9 
211 205   1 -1  0 -9 
211 206   1  1  0 -9 
211 207   1 -1  0 -9 
211 209  -1  0  0 -9 
211 210   1  1  0 -9 
211 211  -1  2  0 -9 
212 212  -1 -6  0 -9 
213 212  -1 -4  0 -9 
213 214   1 -3  0 -9 
214 212  -1 -5  0 -9 
214 213   1 -3  0 -9 
215 212   1 -2  0 -9 
215 213   1 -2  0 -9 
215 214  -1 -1  0 -9 
215 215   1  0  0 -9 
216 212   1 -1  0 -9 
216 214  -1  0  0 -9 
216 215   1  1  0 -9 
216 216  -1  2  0 -9 
217 203   1 -5  0 -9 
217 207  -1 -4  0 -9 
217 208   1 -2  0 -9 
217 209  -1 -1  0 -9 
217 212   1 -3  0 -9 
217 217   1  0  0 -9 
218 203   1 -7  0 -9 
218 218  -1 -6  0 -9 
219 218  -1 -4  0 -9 
219 220   1 -3  0 -9 
220 203   1 -6  0 -9 
220 218  -1 -5  0 -9 
220 219   1 -3  0 -9 
221 203   1 -6  0 -9 
221 207  -1 -5  0 -9 
221 218  -1 -5  0 -9 
221 222   1 -3  0 -9 
222 203   1 -5  0 -9 
222 207  -1 -4  0 -9 
222 218  -1 -4  0 -9 
222 221   1 -3  0 -9 
223 218  -1 -3  0 -9 
223 219  -1 -1  0 -9 
223 220   1 -2  0 -9 
223 221   1 -2  0 -9 
223 222  -1 -1  0 -9 
223 223   1  0  0 -9 
224 207  -1 -3  0 -9 
224 208  -1 -1  0 -9 
224 209   1 -2  0 -9 
224 218  -1 -3  0 -9 
224 219  -1 -1  0 -9 
224 220   1 -2  0 -9 
224 221   1 -2  0 -9 
224 222  -1 -1  0 -9 
224 224   1  0  0 -9 
225 208  -1  0  0 -9 
225 218  -1 -2  0 -9 
225 219  -1  0  0 -9 
225 220   1 -1  0 -9 
225 221   1 -1  0 -9 
225 222  -1  0  0 -9 
225 223   1  1  0 -9 
225 224   1  1  0 -9 
225 225  -1  2  0 -9 
226 212  -1 -5  0 -9 
226 227   1 -3  0 -9 
227 212  -1 -4  0 -9 
227 226   1 -3  0 -9 
228 226   1 -2  0 -9 
228 227  -1 -1  0 -9 
228 228   1  0  0 -9 
229 203   1 -4  0 -9 
229 207  -1 -3  0 -9 
229 209  -1  0  0 -9 
229 212   1 -2  0 -9 
229 217   1  1  0 -9 
229 218  -1 -3  0 -9 
229 221   1 -2  0 -9 
229 222   1  1  0 -9 
229 227  -1  0  0 -9 
229 228   1  1  0 -9 
229 229  -1  2  0 -9 
230 231   1 -3  0 -9 
231 230   1 -3  0 -9 
232 212  -1 -3  0 -9 
232 213  -1 -1  0 -9 
232 214   1 -2  0 -9 
232 226   1 -2  0 -9 
232 227  -1 -1  0 -9 
232 230  -1 -1  0 -9 
232 231   1 -2  0 -9 
232 232   1  0  0 -9 
233 213  -1  0  0 -9 
233 226   1 -1  0 -9 
233 227  -1  0  0 -9 
233 228   1  1  0 -9 
233 230  -1  0  0 -9 
233 232   1  1  0 -9 
233 233  -1  2  0 -9 
234 230   1 -2  0 -9 
234 231  -1 -1  0 -9 
234 234   1  0  0 -9 
235 231  -1  0  0 -9 
235 234   1  1  0 -9 
235 235  -1  2  0 -9 
236 236  -1 -6  0 -9 
237 236  -1 -4  0 -9 
237 238   1 -3  0 -9 
238 236  -1 -5  0 -9 
238 237   1 -3  0 -9 
239 236   1 -2  0 -9 
239 237   1 -2  0 -9 
239 238  -1 -1  0 -9 
239 239   1  0  0 -9 
240 236   1 -1  0 -9 
240 238  -1  0  0 -9 
240 239   1  1  0 -9 
240 240  -1  2  0 -9 
241 236   1 -3  0 -9 
241 241   1  0  0 -9 
242 212   1 -3  0 -9 
242 242   1  0  0 -9 
243 236  -1 -5  0 -9 
243 244   1 -3  0 -9 
244 236  -1 -4  0 -9 
244 243   1 -3  0 -9 
245 243   1 -2  0 -9 
245 244  -1 -1  0 -9 
245 245   1  0  0 -9 
246 236   1 -2  0 -9 
246 241   1  1  0 -9 
246 244  -1  0  0 -9 
246 245   1  1  0 -9 
246 246  -1  2  0 -9 
247 247   1  0  0 -9 
248 212   1 -2  0 -9 
248 227  -1  0  0 -9 
248 228   1  1  0 -9 
248 242   1  1  0 -9 
248 247   1  1  0 -9 
248 248  -1  2  0 -9 
249 115  -1 -4  0 -9 
249 170  -1 -4  0 -9 
249 236  -1 -4  0 -9 
249 250   1 -3  0 -9 
250 115  -1 -5  0 -9 
250 170  -1 -5  0 -9 
250 236  -1 -5  0 -9 
250 249   1 -3  0 -9 
251 115  -1 -3  0 -9 
251 121   1 -2  0 -9 
251 122  -1 -1  0 -9 
251 170  -1 -3  0 -9 
251 184   1 -2  0 -9 
251 185  -1 -1  0 -9 
251 236  -1 -3  0 -9 
251 243   1 -2  0 -9 
251 244  -1 -1  0 -9 
251 249  -1 -1  0 -9 
251 250   1 -2  0 -9 
251 251   1  0  0 -9 
252 121   1 -1  0 -9 
252 122  -1  0  0 -9 
252 123   1  1  0 -9 
252 184   1 -1  0 -9 
252 185  -1  0  0 -9 
252 186   1  1  0 -9 
252 243   1 -1  0 -9 
252 244  -1  0  0 -9 
252 245   1  1  0 -9 
252 249  -1  0  0 -9 
252 251   1  1  0 -9 
252 252  -1  2  0 -9 
253 115   1 -2  0 -9 
253 170   1 -2  0 -9 
253 236   1 -2  0 -9 
253 249   1 -2  0 -9 
253 250  -1 -1  0 -9 
253 253   1  0  0 -9 
254 115   1 -1  0 -9 
254 170   1 -1  0 -9 
254 236   1 -1  0 -9 
254 250  -1  0  0 -9 
254 253   1  1  0 -9 
254 254  -1  2  0 -9 
255 170   1 -3  0 -9 
255 255   1  0  0 -9 
256 170   1 -2  0 -9 
256 185  -1  0  0 -9 
256 186   1  1  0 -9 
256 255   1  1  0 -9 
256 256  -1  2  0 -9 
257 189  -1  0  0 -9 
257 192   1  1  0 -9 
257 247   1  1  0 -9 
257 257  -1  2  0 -9 
258 258  -1 -6  0 -9 
259 196  -1 -4  0 -9 
259 258  -1 -4  0 -9 
259 260   1 -3  0 -9 
260 194   1 -6  0 -9 
260 196  -1 -5  0 -9 
260 258  -1 -5  0 -9 
260 259   1 -3  0 -9 
261 258  -1 -5  0 -9 
261 262   1 -3  0 -9 
262 258  -1 -4  0 -9 
262 261   1 -3  0 -9 
263 196  -1 -3  0 -9 
263 197   1 -2  0 -9 
263 198  -1 -1  0 -9 
263 258  -1 -3  0 -9 
263 259  -1 -1  0 -9 
263 260   1 -2  0 -9 
263 261   1 -2  0 -9 
263 262  -1 -1  0 -9 
263 263   1  0  0 -9 
264 195  -1 -3  0 -9 
264 196  -1 -3  0 -9 
264 197   1 -2  0 -9 
264 198  -1 -1  0 -9 
264 199  -1 -1  0 -9 
264 200   1 -2  0 -9 
264 258  -1 -3  0 -9 
264 259  -1 -1  0 -9 
264 260   1 -2  0 -9 
264 261   1 -2  0 -9 
264 262  -1 -1  0 -9 
264 264   1  0  0 -9 
265 196  -1 -2  0 -9 
265 197   1 -1  0 -9 
265 198  -1  0  0 -9 
265 199  -1  0  0 -9 
265 258  -1 -2  0 -9 
265 259  -1  0  0 -9 
265 260   1 -1  0 -9 
265 261   1 -1  0 -9 
265 262  -1  0  0 -9 
265 263   1  1  0 -9 
265 264   1  1  0 -9 
265 265  -1  2  0 -9 
266 267   1 -3  0 -9 
267 266   1 -3  0 -9 
268 266   1 -2  0 -9 
268 267  -1 -1  0 -9 
268 268   1  0  0 -9 
269 258  -1 -3  0 -9 
269 261   1 -2  0 -9 
269 262   1  1  0 -9 
269 267  -1  0  0 -9 
269 268   1  1  0 -9 
269 269  -1  2  0 -9 
270 271   1 -3  0 -9 
271 270   1 -3  0 -9 
272 236  -1 -3  0 -9 
272 237  -1 -1  0 -9 
272 238   1 -2  0 -9 
272 243   1 -2  0 -9 
272 244  -1 -1  0 -9 
272 266   1 -2  0 -9 
272 267  -1 -1  0 -9 
272 270  -1 -1  0 -9 
272 271   1 -2  0 -9 
272 272   1  0  0 -9 
273 237  -1  0  0 -9 
273 243   1 -1  0 -9 
273 244  -1  0  0 -9 
273 245   1  1  0 -9 
273 266   1 -1  0 -9 
273 267  -1  0  0 -9 
273 268   1  1  0 -9 
273 270  -1  0  0 -9 
273 272   1  1  0 -9 
273 273  -1  2  0 -9 
274 270   1 -2  0 -9 
274 271  -1 -1  0 -9 
274 274   1  0  0 -9 
275 271  -1  0  0 -9 
275 274   1  1  0 -9 
275 275  -1  2  0 -9 
276 276   1  0  0 -9 
277 267  -1  0  0 -9 
277 268   1  1  0 -9 
277 276   1  1  0 -9 
277 277  -1  2  0 -9 
278 278   1 -8  0 -9 
279 278   1 -7  0 -9 
279 279  -1 -6  0 -9 
280 279  -1 -4  0 -9 
280 281   1 -3  0 -9 
281 278   1 -6  0 -9 
281 279  -1 -5  0 -9 
281 280   1 -3  0 -9 
282 282  -1 -6  0 -9 
283 278   1 -5  0 -9 
283 279  -1 -4  0 -9 
283 280   1 -2  0 -9 
283 281  -1 -1  0 -9 
283 282   1 -3  0 -9 
283 283   1  0  0 -9 
284 284   1 -8  0 -9 
285 106   1 -5  0 -9 
285 107  -1 -4  0 -9 
285 108  -1 -4  0 -9 
285 284  -1 -4  0 -9 
285 286   1 -3  0 -9 
286 106   1 -6  0 -9 
286 107  -1 -5  0 -9 
286 108  -1 -5  0 -9 
286 284   1 -7  0 -9 
286 285   1 -3  0 -9 
287 106   1 -4  0 -9 
287 107  -1 -3  0 -9 
287 108  -1 -3  0 -9 
287 109   1 -2  0 -9 
287 110  -1 -1  0 -9 
287 284  -1 -3  0 -9 
287 285  -1 -1  0 -9 
287 286   1 -2  0 -9 
287 287   1  0  0 -9 
288 284   1 -7  0 -9 
288 288  -1 -6  0 -9 
289 288  -1 -4  0 -9 
289 290   1 -3  0 -9 
290 284   1 -6  0 -9 
290 288  -1 -5  0 -9 
290 289   1 -3  0 -9 
291 106   1 -4  1 -6  0 -9 
291 107  -1 -1 -1 -3 -1 -5  0 -9 
291 108  -1 -3  0 -9 
291 109   1 -2  0 -9 
291 110  -1 -1  0 -9 
291 284  -1 -3  0 -9 
291 285  -1 -1  0 -9 
291 286   1 -2  0 -9 
291 288   1 -2  0 -9 
291 289   1 -2  0 -9 
291 290  -1 -1  0 -9 
291 291   1  0  0 -9 
292 106   1 -3  0 -9 
292 107  -1  0 -1 -2  0 -9 
292 108  -1 -2  0 -9 
292 109   1 -1  0 -9 
292 110  -1  0  0 -9 
292 284  -1 -2  0 -9 
292 285  -1  0  0 -9 
292 286   1 -1  0 -9 
292 287   1  1  0 -9 
292 288   1 -1  0 -9 
292 290  -1  0  0 -9 
292 291   1  1  0 -9 
292 292  -1  2  0 -9 
293 293  -1 -6  0 -9 
294 293  -1 -4  0 -9 
294 295   1 -3  0 -9 
295 293  -1 -5  0 -9 
295 294   1 -3  0 -9 
296 293   1 -2  0 -9 
296 294   1 -2  0 -9 
296 295  -1 -1  0 -9 
296 296   1  0  0 -9 
297 293   1 -1  0 -9 
297 295  -1  0  0 -9 
297 296   1  1  0 -9 
297 297  -1  2  0 -9 
298 102   1 -3  0 -9 
298 284   1 -5  0 -9 
298 288  -1 -4  0 -9 
298 289   1 -2  0 -9 
298 290  -1 -1  0 -9 
298 293   1 -3  0 -9 
298 298   1  0  0 -9 
299 115  -1 -4  0 -9 
299 300   1 -3  0 -9 
300 115  -1 -5  0 -9 
300 299   1 -3  0 -9 
301 115  -1 -3  0 -9 
301 121   1 -2  0 -9 
301 122  -1 -1  0 -9 
301 299  -1 -1  0 -9 
301 300   1 -2  0 -9 
301 301   1  0  0 -9 
302 121   1 -1  0 -9 
302 122  -1  0  0 -9 
302 123   1  1  0 -9 
302 299  -1  0  0 -9 
302 301   1  1  0 -9 
302 302  -1  2  0 -9 
303 115   1 -2  0 -9 
303 299   1 -2  0 -9 
303 300  -1 -1  0 -9 
303 303   1  0  0 -9 
304 115   1 -1  0 -9 
304 300  -1  0  0 -9 
304 303   1  1  0 -9 
304 304  -1  2  0 -9 
305 305  -1 -6  0 -9 
306 305   1 -3  0 -9 
306 306   1  0  0 -9 
307 307  -1 -6  0 -9 
308 307  -1 -4  0 -9 
308 309   1 -3  0 -9 
309 307  -1 -5  0 -9 
309 308   1 -3  0 -9 
310 307   1 -2  0 -9 
310 308   1 -2  0 -9 
310 309  -1 -1  0 -9 
310 310   1  0  0 -9 
311 307   1 -1  0 -9 
311 309  -1  0  0 -9 
311 310   1  1  0 -9 
311 311  -1  2  0 -9 
312 307   1 -3  0 -9 
312 312   1  0  0 -9 
313 293   1 -3  0 -9 
313 313   1  0  0 -9 
314 314   1  0  0 -9 
315 314   1  1  0 -9 
315 315  -1  2  0 -9 
316 316  -1 -6  0 -9 
317 316   1 -3  0 -9 
317 317   1  0  0 -9 
318 318  -1 -6  0 -9 
319 318  -1 -4  0 -9 
319 320   1 -3  0 -9 
320 318  -1 -5  0 -9 
320 319   1 -3  0 -9 
321 318   1 -2  0 -9 
321 319   1 -2  0 -9 
321 320  -1 -1  0 -9 
321 321   1  0  0 -9 
322 318   1 -1  0 -9 
322 320  -1  0  0 -9 
322 321   1  1  0 -9 
322 322  -1  2  0 -9 
323 318   1 -3  0 -9 
323 323   1  0  0 -9 
324 324   1  0  0 -9 
325 325   1  0  0 -9 
326 325   1  1  0 -9 
326 326  -1  2  0 -9 
327 327   1  0  0 -9 
328 328   1 -8  0 -9 
329 328   1 -7  0 -9 
329 329  -1 -6  0 -9 
330 328   1 -7  0 -9 
330 330  -1 -6  0 -9 
331 328   1 -6  0 -9 
331 329  -1 -5  0 -9 
331 330  -1 -5  0 -9 
331 332   1 -3  0 -9 
332 328   1 -5  0 -9 
332 329  -1 -4  0 -9 
332 330  -1 -4  0 -9 
332 331   1 -3  0 -9 
333 282  -1 -4  0 -9 
333 329  -1 -4  0 -9 
333 334   1 -3  0 -9 
334 282  -1 -5  0 -9 
334 328   1 -6  0 -9 
334 329  -1 -5  0 -9 
334 333   1 -3  0 -9 
335 282   1 -2  0 -9 
335 328   1 -5  0 -9 
335 329  -1 -4  0 -9 
335 333   1 -2  0 -9 
335 334  -1 -1  0 -9 
335 335   1  0  0 -9 
336 282   1 -1  0 -9 
336 328   1 -4  0 -9 
336 329  -1 -3  0 -9 
336 330  -1 -3  0 -9 
336 331   1 -2  0 -9 
336 332   1  1  0 -9 
336 334  -1  0  0 -9 
336 335   1  1  0 -9 
336 336  -1  2  0 -9 
337 337   1 -8  0 -9 
338 278  -1 -4  0 -9 
338 328   1 -5  0 -9 
338 329  -1 -4  0 -9 
338 330  -1 -4  0 -9 
338 337  -1 -4  0 -9 
338 339   1 -3  0 -9 
339 278   1 -7  0 -9 
339 328   1 -6  0 -9 
339 329  -1 -5  0 -9 
339 330  -1 -5  0 -9 
339 337   1 -7  0 -9 
339 338   1 -3  0 -9 
340 278  -1 -3  0 -9 
340 328   1 -4  0 -9 
340 329  -1 -3  0 -9 
340 330  -1 -3  0 -9 
340 331   1 -2  0 -9 
340 332  -1 -1  0 -9 
340 337  -1 -3  0 -9 
340 338  -1 -1  0 -9 
340 339   1 -2  0 -9 
340 340   1  0  0 -9 
341 337   1 -7  0 -9 
341 341  -1 -6  0 -9 
342 341  -1 -4  0 -9 
342 343   1 -3  0 -9 
343 337   1 -6  0 -9 
343 341  -1 -5  0 -9 
343 342   1 -3  0 -9 
344 278  -1 -3  0 -9 
344 279   1 -2  0 -9 
344 280   1 -2  0 -9 
344 281  -1 -1  0 -9 
344 328   1 -4  1 -6  0 -9 
344 329  -1 -1 -1 -3 -1 -5  0 -9 
344 330  -1 -3  0 -9 
344 331   1 -2  0 -9 
344 332  -1 -1  0 -9 
344 337  -1 -3  0 -9 
344 338  -1 -1  0 -9 
344 339   1 -2  0 -9 
344 341   1 -2  0 -9 
344 342   1 -2  0 -9 
344 343  -1 -1  0 -9 
344 344   1  0  0 -9 
345 278  -1 -2  0 -9 
345 279   1 -1  0 -9 
345 281  -1  0  0 -9 
345 328   1 -3  0 -9 
345 329  -1  0 -1 -2  0 -9 
345 330  -1 -2  0 -9 
345 331   1 -1  0 -9 
345 332  -1  0  0 -9 
345 337  -1 -2  0 -9 
345 338  -1  0  0 -9 
345 339   1 -1  0 -9 
345 340   1  1  0 -9 
345 341   1 -1  0 -9 
345 343  -1  0  0 -9 
345 344   1  1  0 -9 
345 345  -1  2  0 -9 
346 346  -1 -6  0 -9 
347 346  -1 -4  0 -9 
347 348   1 -3  0 -9 
348 346  -1 -5  0 -9 
348 347   1 -3  0 -9 
349 346   1 -2  0 -9 
349 347   1 -2  0 -9 
349 348  -1 -1  0 -9 
349 349   1  0  0 -9 
350 346   1 -1  0 -9 
350 348  -1  0  0 -9 
350 349   1  1  0 -9 
350 350  -1  2  0 -9 
351 337   1 -5  0 -9 
351 341  -1 -4  0 -9 
351 342   1 -2  0 -9 
351 343  -1 -1  0 -9 
351 346   1 -3  0 -9 
351 351   1  0  0 -9 
352 337   1 -7  0 -9 
352 352  -1 -6  0 -9 
353 352  -1 -4  0 -9 
353 354   1 -3  0 -9 
354 337   1 -6  0 -9 
354 352  -1 -5  0 -9 
354 353   1 -3  0 -9 
355 337   1 -6  0 -9 
355 341  -1 -5  0 -9 
355 352  -1 -5  0 -9 
355 356   1 -3  0 -9 
356 337   1 -5  0 -9 
356 341  -1 -4  0 -9 
356 352  -1 -4  0 -9 
356 355   1 -3  0 -9 
357 352  -1 -3  0 -9 
357 353  -1 -1  0 -9 
357 354   1 -2  0 -9 
357 355   1 -2  0 -9 
357 356  -1 -1  0 -9 
357 357   1  0  0 -9 
358 341  -1 -3  0 -9 
358 342  -1 -1  0 -9 
358 343   1 -2  0 -9 
358 352  -1 -3  0 -9 
358 353  -1 -1  0 -9 
358 354   1 -2  0 -9 
358 355   1 -2  0 -9 
358 356  -1 -1  0 -9 
358 358   1  0  0 -9 
359 342  -1  0  0 -9 
359 352  -1 -2  0 -9 
359 353  -1  0  0 -9 
359 354   1 -1  0 -9 
359 355   1 -1  0 -9 
359 356  -1  0  0 -9 
359 357   1  1  0 -9 
359 358   1  1  0 -9 
359 359  -1  2  0 -9 
360 346  -1 -5  0 -9 
360 361   1 -3  0 -9 
361 346  -1 -4  0 -9 
361 360   1 -3  0 -9 
362 360   1 -2  0 -9 
362 361  -1 -1  0 -9 
362 362   1  0  0 -9 
363 337   1 -4  0 -9 
363 341  -1 -3  0 -9 
363 343  -1  0  0 -9 
363 346   1 -2  0 -9 
363 351   1  1  0 -9 
363 352  -1 -3  0 -9 
363 355   1 -2  0 -9 
363 356   1  1  0 -9 
363 361  -1  0  0 -9 
363 362   1  1  0 -9 
363 363  -1  2  0 -9 
364 365   1 -3  0 -9 
365 364   1 -3  0 -9 
366 346  -1 -3  0 -9 
366 347  -1 -1  0 -9 
366 348   1 -2  0 -9 
366 360   1 -2  0 -9 
366 361  -1 -1  0 -9 
366 364  -1 -1  0 -9 
366 365   1 -2  0 -9 
366 366   1  0  0 -9 
367 347  -1  0  0 -9 
367 360   1 -1  0 -9 
367 361  -1  0  0 -9 
367 362   1  1  0 -9 
367 364  -1  0  0 -9 
367 366   1  1  0 -9 
367 367  -1  2  0 -9 
368 364   1 -2  0 -9 
368 365  -1 -1  0 -9 
368 368   1  0  0 -9 
369 365  -1  0  0 -9 
369 368   1  1  0 -9 
369 369  -1  2  0 -9 
370 370  -1 -6  0 -9 
371 305  -1 -4  0 -9 
371 370  -1 -4  0 -9 
371 372   1 -3  0 -9 
372 305  -1 -5  0 -9 
372 370  -1 -5  0 -9 
372 371   1 -3  0 -9 
373 305   1 -2  0 -9 
373 370   1 -2  0 -9 
373 371   1 -2  0 -9 
373 372  -1 -1  0 -9 
373 373   1  0  0 -9 
374 305   1 -1  0 -9 
374 370   1 -1  0 -9 
374 372  -1  0  0 -9 
374 373   1  1  0 -9 
374 374  -1  2  0 -9 
375 370   1 -3  0 -9 
375 375   1  0  0 -9 
376 346   1 -3  0 -9 
376 376   1  0  0 -9 
377 370  -1 -5  0 -9 
377 378   1 -3  0 -9 
378 370  -1 -4  0 -9 
378 377   1 -3  0 -9 
379 377   1 -2  0 -9 
379 378  -1 -1  0 -9 
379 379   1  0  0 -9 
380 370   1 -2  0 -9 
380 375   1  1  0 -9 
380 378  -1  0  0 -9 
380 379   1  1  0 -9 
380 380  -1  2  0 -9 
381 381   1  0  0 -9 
382 346   1 -2  0 -9 
382 361  -1  0  0 -9 
382 362   1  1  0 -9 
382 376   1  1  0 -9 
382 381   1  1  0 -9 
382 382  -1  2  0 -9 
383 370  -1 -4  0 -9 
383 384   1 -3  0 -9 
384 370  -1 -5  0 -9 
384 383   1 -3  0 -9 
385 370  -1 -3  0 -9 
385 377   1 -2  0 -9 
385 378  -1 -1  0 -9 
385 383  -1 -1  0 -9 
385 384   1 -2  0 -9 
385 385   1  0  0 -9 
386 377   1 -1  0 -9 
386 378  -1  0  0 -9 
386 379   1  1  0 -9 
386 383  -1  0  0 -9 
386 385   1  1  0 -9 
386 386  -1  2  0 -9 
387 370   1 -2  0 -9 
387 383   1 -2  0 -9 
387 384  -1 -1  0 -9 
387 387   1  0  0 -9 
388 370   1 -1  0 -9 
388 384  -1  0  0 -9 
388 387   1  1  0 -9 
388 388  -1  2  0 -9 
389 389   1  0  0 -9 
390 389   1  1  0 -9 
390 390  -1  2  0 -9 
391 381   1  1  0 -9 
391 391  -1  2  0 -9 
392 392  -1 -6  0 -9 
393 316  -1 -4  0 -9 
393 392  -1 -4  0 -9 
393 394   1 -3  0 -9 
394 316  -1 -5  0 -9 
394 392  -1 -5  0 -9 
394 393   1 -3  0 -9 
395 316   1 -2  0 -9 
395 392   1 -2  0 -9 
395 393   1 -2  0 -9 
395 394  -1 -1  0 -9 
395 395   1  0  0 -9 
396 316   1 -1  0 -9 
396 392   1 -1  0 -9 
396 394  -1  0  0 -9 
396 395   1  1  0 -9 
396 396  -1  2  0 -9 
397 392   1 -3  0 -9 
397 397   1  0  0 -9 
398 398   1  0  0 -9 
399 392  -1 -5  0 -9 
399 400   1 -3  0 -9 
400 392  -1 -4  0 -9 
400 399   1 -3  0 -9 
401 399   1 -2  0 -9 
401 400  -1 -1  0 -9 
401 401   1  0  0 -9 
402 392   1 -2  0 -9 
402 397   1  1  0 -9 
402 400  -1  0  0 -9 
402 401   1  1  0 -9 
402 402  -1  2  0 -9 
403 403   1  0  0 -9 
404 398   1  1  0 -9 
404 403   1  1  0 -9 
404 404  -1  2  0 -9 
405 405   1  0  0 -9 
406 405   1  1  0 -9 
406 406  -1  2  0 -9 
407 407  -1 -6  0 -9 
408 407  -1 -4  0 -9 
408 409   1 -3  0 -9 
409 407  -1 -5  0 -9 
409 408   1 -3  0 -9 
410 407   1 -2  0 -9 
410 408   1 -2  0 -9 
410 409  -1 -1  0 -9 
410 410   1  0  0 -9 
411 407   1 -1  0 -9 
411 409  -1  0  0 -9 
411 410   1  1  0 -9 
411 411  -1  2  0 -9 
412 407   1 -3  0 -9 
412 412   1  0  0 -9 
413 115  -1 -4  0 -9 
413 236  -1 -4  0 -9 
413 392  -1 -4  0 -9 
413 414   1 -3  0 -9 
414 115  -1 -5  0 -9 
414 236  -1 -5  0 -9 
414 392  -1 -5  0 -9 
414 413   1 -3  0 -9 
415 115  -1 -3  0 -9 
415 121   1 -2  0 -9 
415 122  -1 -1  0 -9 
415 236  -1 -3  0 -9 
415 243   1 -2  0 -9 
415 244  -1 -1  0 -9 
415 392  -1 -3  0 -9 
415 399   1 -2  0 -9 
415 400  -1 -1  0 -9 
415 413  -1 -1  0 -9 
415 414   1 -2  0 -9 
415 415   1  0  0 -9 
416 121   1 -1  0 -9 
416 122  -1  0  0 -9 
416 123   1  1  0 -9 
416 243   1 -1  0 -9 
416 244  -1  0  0 -9 
416 245   1  1  0 -9 
416 399   1 -1  0 -9 
416 400  -1  0  0 -9 
416 401   1  1  0 -9 
416 413  -1  0  0 -9 
416 415   1  1  0 -9 
416 416  -1  2  0 -9 
417 115   1 -2  0 -9 
417 236   1 -2  0 -9 
417 392   1 -2  0 -9 
417 413   1 -2  0 -9 
417 414  -1 -1  0 -9 
417 417   1  0  0 -9 
418 115   1 -1  0 -9 
418 236   1 -1  0 -9 
418 392   1 -1  0 -9 
418 414  -1  0  0 -9 
418 417   1  1  0 -9 
418 418  -1  2  0 -9 
419 419   1  0  0 -9 
420 419   1  1  0 -9 
420 420  -1  2  0 -9 
421 247   1  1  0 -9 
421 403   1  1  0 -9 
421 421  -1  2  0 -9 
422 422   1  0  0 -9 
423 423   1  0  0 -9 
424 423   1  1  0 -9 
424 424  -1  2  0 -9 
425 407  -1 -5  0 -9 
425 426   1 -3  0 -9 
426 407  -1 -4  0 -9 
426 425   1 -3  0 -9 
427 425   1 -2  0 -9 
427 426  -1 -1  0 -9 
427 427   1  0  0 -9 
428 407   1 -2  0 -9 
428 412   1  1  0 -9 
428 426  -1  0  0 -9 
428 427   1  1  0 -9 
428 428  -1  2  0 -9 
429 430   1 -3  0 -9 
430 429   1 -3  0 -9 
431 407  -1 -3  0 -9 
431 408  -1 -1  0 -9 
431 409   1 -2  0 -9 
431 425   1 -2  0 -9 
431 426  -1 -1  0 -9 
431 429  -1 -1  0 -9 
431 430   1 -2  0 -9 
431 431   1  0  0 -9 
432 408  -1  0  0 -9 
432 425   1 -1  0 -9 
432 426  -1  0  0 -9 
432 427   1  1  0 -9 
432 429  -1  0  0 -9 
432 431   1  1  0 -9 
432 432  -1  2  0 -9 
433 429   1 -2  0 -9 
433 430  -1 -1  0 -9 
433 433   1  0  0 -9 
434 430  -1  0  0 -9 
434 433   1  1  0 -9 
434 434  -1  2  0 -9 
435 435   1  0  0 -9 
436 435   1  1  0 -9 
436 436  -1  2  0 -9 
437 437   1  0  0 -9 
438 422   1  1  0 -9 
438 437   1  1  0 -9 
438 438  -1  2  0 -9 
439 276   1  1  0 -9 
439 437   1  1  0 -9 
439 439  -1  2  0 -9 
9999 9999
