 0  0  -1  2  0 -9 
 0  2   1  1  0 -9 
 0  6  -1  0  0 -9 
 0 12   1 -1  0 -9 
 1  1  -1  2  0 -9 
 1  7  -1  0  0 -9 
 1 10   1  1  0 -9 
 1 16   1 -1  0 -9 
 1 21   1  1  0 -9 
 1 26  -1  0  0 -9 
 1 28   1 -1  0 -9 
 1 30  -1 -2  0 -9 
 2  2   1  0  0 -9 
 2  6  -1 -1  0 -9 
 2 12   1 -2  0 -9 
 2 22   1 -2  0 -9 
 3  3   1  0  0 -9 
 3  7  -1 -1  0 -9 
 3 12   1 -3  0 -9 
 3 16  -1 -4  0 -9 
 3 23   1 -2  0 -9 
 3 30   1 -5  0 -9 
 4  4   1  0  0 -9 
 4  8  -1 -1  0 -9 
 4 13   1 -3  0 -9 
 4 17  -1 -4  0 -9 
 4 24   1 -2  0 -9 
 4 31   1 -5  0 -9 
 5  5   1  0  0 -9 
 5  9  -1 -1  0 -9 
 5 14   1 -3  0 -9 
 5 18  -1 -4  0 -9 
 5 25   1 -2  0 -9 
 5 32   1 -5  0 -9 
 6 12  -1 -5  0 -9 
 6 22   1 -3  0 -9 
 7 16  -1 -5  0 -9 
 7 23   1 -3  0 -9 
 7 30   1 -6  0 -9 
 8 17  -1 -5  0 -9 
 8 24   1 -3  0 -9 
 8 31   1 -6  0 -9 
 9 18  -1 -5  0 -9 
 9 25   1 -3  0 -9 
 9 32   1 -6  0 -9 
10  7  -1 -1  0 -9 
10 10   1  0  0 -9 
10 16   1 -2  0 -9 
10 23   1 -2  0 -9 
10 26  -1 -1  0 -9 
10 28   1 -2  0 -9 
10 30  -1 -3  0 -9 
11  9  -1 -1  0 -9 
11 11   1  0  0 -9 
11 18  -1 -4  0 -9 
11 19   1 -3  0 -9 
11 25   1 -2  0 -9 
11 27  -1 -1  0 -9 
11 29   1 -2  0 -9 
11 32   1 -5  0 -9 
11 33  -1 -4  0 -9 
12 12  -1 -6  0 -9 
13 13  -1 -6  0 -9 
14 14  -1 -6  0 -9 
15 15  -1 -6  0 -9 
16 16  -1 -6  0 -9 
16 30   1 -7  0 -9 
17 17  -1 -6  0 -9 
17 31   1 -7  0 -9 
18 18  -1 -6  0 -9 
18 32   1 -7  0 -9 
19 19  -1 -6  0 -9 
19 33   1 -7  0 -9 
20 20  -1 -6  0 -9 
20 34   1 -7  0 -9 
21 21   1  0  0 -9 
21 26  -1 -1  0 -9 
21 28   1 -2  0 -9 
21 30  -1 -3  0 -9 
22  6   1 -3  0 -9 
22 12  -1 -4  0 -9 
23  7   1 -3  0 -9 
23 16  -1 -4  0 -9 
24  8   1 -3  0 -9 
24 17  -1 -4  0 -9 
25  9   1 -3  0 -9 
25 18  -1 -4  0 -9 
26 28   1 -3  0 -9 
26 30  -1 -4  0 -9 
27 29   1 -3  0 -9 
27 35  -1 -4  0 -9 
28 26   1 -3  0 -9 
28 30   1 -7  0 -9 
29 27   1 -3  0 -9 
29 33   1 -6  0 -9 
29 35  -1 -5  0 -9 
30 30   1 -8  0 -9 
31 31   1 -8  0 -9 
32 32   1 -8  0 -9 
33 33   1 -8  0 -9 
34 34   1 -8  0 -9 
35 33   1 -7  0 -9 
35 35  -1 -6  0 -9 
36  2   1  1  0 -9 
36  6  -1  0  0 -9 
36 12   1 -1  0 -9 
36 22   1 -1  0 -9 
36 36  -1  2  0 -9 
36 53   1  1  0 -9 
36 59  -1  0  0 -9 
37  3   1  1  0 -9 
37  7  -1  0  0 -9 
37 12   1 -2  0 -9 
37 16  -1 -3  0 -9 
37 23   1 -1  0 -9 
37 30   1 -4  0 -9 
37 37  -1  2  0 -9 
37 40  -1  0  0 -9 
37 44   1  1  0 -9 
37 54   1  1  0 -9 
37 63  -1  0  0 -9 
37 68   1 -1  0 -9 
38  4   1  1  0 -9 
38  8  -1  0  0 -9 
38 13   1 -2  0 -9 
38 17  -1 -3  0 -9 
38 24   1 -1  0 -9 
38 31   1 -4  0 -9 
38 38  -1  2  0 -9 
38 41  -1  0  0 -9 
38 45   1  1  0 -9 
38 49   1 -1  0 -9 
38 55   1  1  0 -9 
38 64  -1  0  0 -9 
38 69   1 -1  0 -9 
38 74  -1 -2  0 -9 
39  5   1  1  0 -9 
39  9  -1  0  0 -9 
39 14   1 -2  0 -9 
39 18  -1 -3  0 -9 
39 25   1 -1  0 -9 
39 32   1 -4  0 -9 
39 39  -1  2  0 -9 
39 42  -1  0  0 -9 
39 46   1  1  0 -9 
39 50   1 -1  0 -9 
39 56   1  1  0 -9 
39 65  -1  0  0 -9 
39 70   1 -1  0 -9 
39 75  -1 -2  0 -9 
40 12  -1 -4  0 -9 
40 59   1 -3  0 -9 
41 13  -1 -4  0 -9 
41 49  -1 -5  0 -9 
41 60   1 -3  0 -9 
41 74   1 -6  0 -9 
42 14  -1 -4  0 -9 
42 50  -1 -5  0 -9 
42 61   1 -3  0 -9 
42 75   1 -6  0 -9 
43 15  -1 -4  0 -9 
43 51  -1 -5  0 -9 
43 62   1 -3  0 -9 
43 76   1 -6  0 -9 
44 16  -1 -4  0 -9 
44 30   1 -5  0 -9 
44 40  -1 -1  0 -9 
44 44   1  0  0 -9 
44 59   1 -2  0 -9 
44 63  -1 -1  0 -9 
44 68   1 -2  0 -9 
45 17  -1 -4  0 -9 
45 31   1 -5  0 -9 
45 41  -1 -1  0 -9 
45 45   1  0  0 -9 
45 49   1 -2  0 -9 
45 60   1 -2  0 -9 
45 64  -1 -1  0 -9 
45 69   1 -2  0 -9 
45 74  -1 -3  0 -9 
46 18  -1 -4  0 -9 
46 32   1 -5  0 -9 
46 42  -1 -1  0 -9 
46 46   1  0  0 -9 
46 50   1 -2  0 -9 
46 61   1 -2  0 -9 
46 65  -1 -1  0 -9 
46 70   1 -2  0 -9 
46 75  -1 -3  0 -9 
47 19  -1 -4  0 -9 
47 33   1 -5  0 -9 
47 41  -1 -1  0 -9 
47 47   1  0  0 -9 
47 49  -1 -4  0 -9 
47 50   1 -3  0 -9 
47 60   1 -2  0 -9 
47 66  -1 -1  0 -9 
47 71   1 -2  0 -9 
47 74   1 -5  0 -9 
47 75  -1 -4  0 -9 
48 20  -1 -4  0 -9 
48 34   1 -5  0 -9 
48 43  -1 -1  0 -9 
48 48   1  0  0 -9 
48 51  -1 -4  0 -9 
48 52   1 -3  0 -9 
48 62   1 -2  0 -9 
48 67  -1 -1  0 -9 
48 72   1 -2  0 -9 
48 76   1 -5  0 -9 
48 77  -1 -4  0 -9 
49 49  -1 -6  0 -9 
49 74   1 -7  0 -9 
50 50  -1 -6  0 -9 
50 75   1 -7  0 -9 
51 51  -1 -6  0 -9 
51 76   1 -7  0 -9 
52 52  -1 -6  0 -9 
52 77   1 -7  0 -9 
53  6  -1 -1  0 -9 
53 12   1 -2 -1 -4  0 -9 
53 22   1 -2  0 -9 
53 40   1 -2  0 -9 
53 53   1  0  0 -9 
53 59  -1 -1  0 -9 
54  7  -1 -1  0 -9 
54 16   1 -2 -1 -4  0 -9 
54 23   1 -2  0 -9 
54 30   1 -5  0 -9 
54 54   1  0  0 -9 
54 63  -1 -1  0 -9 
54 68   1 -2  0 -9 
55  8  -1 -1  0 -9 
55 17   1 -2 -1 -4  0 -9 
55 24   1 -2  0 -9 
55 31   1 -5  0 -9 
55 55   1  0  0 -9 
55 64  -1 -1  0 -9 
55 69   1 -2  0 -9 
55 74  -1 -3  0 -9 
56  9  -1 -1  0 -9 
56 18   1 -2 -1 -4  0 -9 
56 25   1 -2  0 -9 
56 32   1 -5  0 -9 
56 56   1  0  0 -9 
56 65  -1 -1  0 -9 
56 70   1 -2  0 -9 
56 75  -1 -3  0 -9 
57  7  -1  0  0 -9 
57 10   1  1  0 -9 
57 16   1 -1  0 -9 
57 23   1 -1  0 -9 
57 26  -1  0  0 -9 
57 54   1  1  0 -9 
57 57  -1  2  0 -9 
57 63  -1  0  0 -9 
58  9  -1  0  0 -9 
58 11   1  1  0 -9 
58 18  -1 -3  0 -9 
58 19   1 -2  0 -9 
58 25   1 -1  0 -9 
58 27  -1  0  0 -9 
58 32   1 -4  0 -9 
58 33  -1 -3  0 -9 
58 35   1 -2  0 -9 
58 56   1  1  0 -9 
58 58  -1  2  0 -9 
58 65  -1  0  0 -9 
58 70   1 -1  0 -9 
58 71  -1  0  0 -9 
58 73   1  1  0 -9 
58 75  -1 -2  0 -9 
58 78   1 -1  0 -9 
59 12  -1 -5  0 -9 
59 40   1 -3  0 -9 
60 13  -1 -5  0 -9 
60 41   1 -3  0 -9 
60 49  -1 -4  0 -9 
61 14  -1 -5  0 -9 
61 42   1 -3  0 -9 
61 50  -1 -4  0 -9 
62 15  -1 -5  0 -9 
62 43   1 -3  0 -9 
62 51  -1 -4  0 -9 
63 16  -1 -5  0 -9 
63 30   1 -6  0 -9 
63 68   1 -3  0 -9 
64 17  -1 -5  0 -9 
64 31   1 -6  0 -9 
64 69   1 -3  0 -9 
64 74  -1 -4  0 -9 
65 18  -1 -5  0 -9 
65 32   1 -6  0 -9 
65 70   1 -3  0 -9 
65 75  -1 -4  0 -9 
66 19  -1 -5  0 -9 
66 33   1 -6  0 -9 
66 71   1 -3  0 -9 
66 78  -1 -4  0 -9 
67 20  -1 -5  0 -9 
67 34   1 -6  0 -9 
67 72   1 -3  0 -9 
67 79  -1 -4  0 -9 
68 16  -1 -4  0 -9 
68 63   1 -3  0 -9 
69 17  -1 -4  0 -9 
69 64   1 -3  0 -9 
69 74   1 -7  0 -9 
70 18  -1 -4  0 -9 
70 65   1 -3  0 -9 
70 75   1 -7  0 -9 
71 19  -1 -4  0 -9 
71 66   1 -3  0 -9 
71 75   1 -6  0 -9 
71 78  -1 -5  0 -9 
72 20  -1 -4  0 -9 
72 67   1 -3  0 -9 
72 77   1 -6  0 -9 
72 79  -1 -5  0 -9 
73 18  -1 -4  0 -9 
73 32   1 -5  0 -9 
73 33  -1 -4  0 -9 
73 35   1 -3  0 -9 
73 65  -1 -1  0 -9 
73 66   1 -2  0 -9 
73 70   1 -2  0 -9 
73 71  -1 -1  0 -9 
73 73   1  0  0 -9 
73 75  -1 -3  0 -9 
73 78   1 -2  0 -9 
74 74   1 -8  0 -9 
75 75   1 -8  0 -9 
76 76   1 -8  0 -9 
77 77   1 -8  0 -9 
78 75   1 -7  0 -9 
78 78  -1 -6  0 -9 
79 77   1 -7  0 -9 
79 79  -1 -6  0 -9 
80  6  -1  0  0 -9 
80 12   1 -1  0 -9 
80 40   1 -1  0 -9 
80 53   1  1  0 -9 
80 59  -1  0  0 -9 
80 80  -1  2  0 -9 
80 86   1  1  0 -9 
81  7  -1  0  0 -9 
81 16   1 -1  0 -9 
81 54   1  1  0 -9 
81 63  -1  0  0 -9 
81 68   1 -1  0 -9 
81 81  -1  2  0 -9 
81 90   1  1  0 -9 
81 95  -1  0  0 -9 
82  8  -1  0  0 -9 
82 17   1 -1  0 -9 
82 55   1  1  0 -9 
82 64  -1  0  0 -9 
82 69   1 -1  0 -9 
82 74  -1 -2  0 -9 
82 82  -1  2  0 -9 
82 91   1  1  0 -9 
82 96  -1  0  0 -9 
82 101   1 -1  0 -9 
83  9  -1  0  0 -9 
83 18   1 -1  0 -9 
83 56   1  1  0 -9 
83 65  -1  0  0 -9 
83 70   1 -1  0 -9 
83 75  -1 -2  0 -9 
83 83  -1  2  0 -9 
83 92   1  1  0 -9 
83 97  -1  0  0 -9 
83 102   1 -1  0 -9 
84 28  -1  0  0 -9 
84 30   1 -1  0 -9 
84 84  -1  2  0 -9 
84 107   1  1  0 -9 
84 109  -1  0  0 -9 
85 29  -1  0  0 -9 
85 35   1 -1  0 -9 
85 85  -1  2  0 -9 
85 98  -1  0  0 -9 
85 100   1  1  0 -9 
85 105   1 -1  0 -9 
85 108   1  1  0 -9 
85 114  -1  0  0 -9 
85 115   1 -1  0 -9 
85 116  -1 -2  0 -9 
86 12   1 -2  0 -9 
86 40   1 -2  0 -9 
86 59  -1 -1  0 -9 
86 86   1  0  0 -9 
87 13   1 -2  0 -9 
87 41   1 -2  0 -9 
87 60  -1 -1  0 -9 
87 74  -1 -4  0 -9 
87 87   1  0  0 -9 
87 101   1 -3  0 -9 
88 14   1 -2  0 -9 
88 42   1 -2  0 -9 
88 61  -1 -1  0 -9 
88 75  -1 -4  0 -9 
88 88   1  0  0 -9 
88 102   1 -3  0 -9 
89 15   1 -2  0 -9 
89 43   1 -2  0 -9 
89 62  -1 -1  0 -9 
89 76  -1 -4  0 -9 
89 89   1  0  0 -9 
89 103   1 -3  0 -9 
90 16   1 -2  0 -9 
90 30  -1 -3  0 -9 
90 63  -1 -1  0 -9 
90 68   1 -2  0 -9 
90 90   1  0  0 -9 
90 95  -1 -1  0 -9 
90 109   1 -2  0 -9 
91 17   1 -2  0 -9 
91 31  -1 -3  0 -9 
91 64  -1 -1  0 -9 
91 69   1 -2  0 -9 
91 74  -1 -3  0 -9 
91 91   1  0  0 -9 
91 96  -1 -1  0 -9 
91 101   1 -2  0 -9 
91 110   1 -2  0 -9 
92 18   1 -2  0 -9 
92 32  -1 -3  0 -9 
92 65  -1 -1  0 -9 
92 70   1 -2  0 -9 
92 75  -1 -3  0 -9 
92 92   1  0  0 -9 
92 97  -1 -1  0 -9 
92 102   1 -2  0 -9 
92 111   1 -2  0 -9 
93 19   1 -2  0 -9 
93 33  -1 -3  0 -9 
93 66  -1 -1  0 -9 
93 71   1 -2  0 -9 
93 75  -1 -4  0 -9 
93 93   1  0  0 -9 
93 98  -1 -1  0 -9 
93 102   1 -3  0 -9 
93 105  -1 -4  0 -9 
93 112   1 -2  0 -9 
93 116   1 -5  0 -9 
94 20   1 -2  0 -9 
94 34  -1 -3  0 -9 
94 67  -1 -1  0 -9 
94 72   1 -2  0 -9 
94 77  -1 -4  0 -9 
94 94   1  0  0 -9 
94 99  -1 -1  0 -9 
94 104   1 -3  0 -9 
94 106  -1 -4  0 -9 
94 113   1 -2  0 -9 
94 117   1 -5  0 -9 
95 30  -1 -4  0 -9 
95 109   1 -3  0 -9 
96 31  -1 -4  0 -9 
96 74   1 -6  0 -9 
96 101  -1 -5  0 -9 
96 110   1 -3  0 -9 
97 32  -1 -4  0 -9 
97 75   1 -6  0 -9 
97 102  -1 -5  0 -9 
97 111   1 -3  0 -9 
98 33  -1 -4  0 -9 
98 105  -1 -5  0 -9 
98 112   1 -3  0 -9 
98 116   1 -6  0 -9 
99 34  -1 -4  0 -9 
99 106  -1 -5  0 -9 
99 113   1 -3  0 -9 
99 117   1 -6  0 -9 
100 33  -1 -3  0 -9 
100 35   1 -2  0 -9 
100 98  -1 -1  0 -9 
100 100   1  0  0 -9 
100 105   1 -2  0 -9 
100 112   1 -2  0 -9 
100 114  -1 -1  0 -9 
100 115   1 -2  0 -9 
100 116  -1 -3  0 -9 
101 74   1 -7  0 -9 
101 101  -1 -6  0 -9 
102 75   1 -7  0 -9 
102 102  -1 -6  0 -9 
103 76   1 -7  0 -9 
103 103  -1 -6  0 -9 
104 77   1 -7  0 -9 
104 104  -1 -6  0 -9 
105 105  -1 -6  0 -9 
105 116   1 -7  0 -9 
106 106  -1 -6  0 -9 
106 117   1 -7  0 -9 
107 26   1 -2  0 -9 
107 28  -1 -1  0 -9 
107 30   1 -2  1 -6  0 -9 
107 95   1 -2  0 -9 
107 107   1  0  0 -9 
107 109  -1 -1  0 -9 
108 27   1 -2  0 -9 
108 29  -1 -1  0 -9 
108 33   1 -5  0 -9 
108 35   1 -2 -1 -4  0 -9 
108 108   1  0  0 -9 
108 114  -1 -1  0 -9 
108 115   1 -2  0 -9 
108 116  -1 -3  0 -9 
109 30   1 -7  0 -9 
109 95   1 -3  0 -9 
110 31   1 -7  0 -9 
110 96   1 -3  0 -9 
110 101  -1 -4  0 -9 
111 32   1 -7  0 -9 
111 97   1 -3  0 -9 
111 102  -1 -4  0 -9 
112 33   1 -7  0 -9 
112 98   1 -3  0 -9 
112 105  -1 -4  0 -9 
113 34   1 -7  0 -9 
113 99   1 -3  0 -9 
113 106  -1 -4  0 -9 
114 33   1 -6  0 -9 
114 35  -1 -5  0 -9 
114 115   1 -3  0 -9 
114 116  -1 -4  0 -9 
115 35  -1 -4  0 -9 
115 114   1 -3  0 -9 
115 116   1 -7  0 -9 
116 116   1 -8  0 -9 
117 117   1 -8  0 -9 
118 12   1 -1  0 -9 
118 59  -1  0  0 -9 
118 86   1  1  0 -9 
118 118  -1  2  0 -9 
119 13   1 -1  0 -9 
119 49   1 -2  0 -9 
119 60  -1  0  0 -9 
119 74  -1 -3  0 -9 
119 87   1  1  0 -9 
119 101   1 -2  0 -9 
119 119  -1  2  0 -9 
119 127   1  1  0 -9 
119 131  -1  0  0 -9 
120 14   1 -1  0 -9 
120 50   1 -2  0 -9 
120 61  -1  0  0 -9 
120 75  -1 -3  0 -9 
120 88   1  1  0 -9 
120 102   1 -2  0 -9 
120 120  -1  2  0 -9 
120 128   1  1  0 -9 
120 132  -1  0  0 -9 
121 15   1 -1  0 -9 
121 51   1 -2  0 -9 
121 62  -1  0  0 -9 
121 76  -1 -3  0 -9 
121 89   1  1  0 -9 
121 103   1 -2  0 -9 
121 121  -1  2  0 -9 
121 129   1  1  0 -9 
121 133  -1  0  0 -9 
121 137   1 -1  0 -9 
122 16   1 -1  0 -9 
122 30  -1 -2  0 -9 
122 63  -1  0  0 -9 
122 90   1  1  0 -9 
122 95  -1  0  0 -9 
122 109   1 -1  0 -9 
122 122  -1  2  0 -9 
122 139   1  1  0 -9 
123 17   1 -1  0 -9 
123 31  -1 -2  0 -9 
123 64  -1  0  0 -9 
123 91   1  1  0 -9 
123 96  -1  0  0 -9 
123 101   1 -1  0 -9 
123 110   1 -1  0 -9 
123 123  -1  2  0 -9 
123 140   1  1  0 -9 
123 145  -1  0  0 -9 
124 18   1 -1  0 -9 
124 32  -1 -2  0 -9 
124 65  -1  0  0 -9 
124 92   1  1  0 -9 
124 97  -1  0  0 -9 
124 102   1 -1  0 -9 
124 111   1 -1  0 -9 
124 124  -1  2  0 -9 
124 141   1  1  0 -9 
124 146  -1  0  0 -9 
125 19   1 -1  0 -9 
125 33  -1 -2  0 -9 
125 66  -1  0  0 -9 
125 75  -1 -3  0 -9 
125 78   1 -2  0 -9 
125 93   1  1  0 -9 
125 98  -1  0  0 -9 
125 102   1 -2  0 -9 
125 105  -1 -3  0 -9 
125 112   1 -1  0 -9 
125 116   1 -4  0 -9 
125 125  -1  2  0 -9 
125 132  -1  0  0 -9 
125 135   1  1  0 -9 
125 142   1  1  0 -9 
125 149  -1  0  0 -9 
125 151   1 -1  0 -9 
126 20   1 -1  0 -9 
126 34  -1 -2  0 -9 
126 67  -1  0  0 -9 
126 77  -1 -3  0 -9 
126 79   1 -2  0 -9 
126 94   1  1  0 -9 
126 99  -1  0  0 -9 
126 104   1 -2  0 -9 
126 106  -1 -3  0 -9 
126 113   1 -1  0 -9 
126 117   1 -4  0 -9 
126 126  -1  2  0 -9 
126 134  -1  0  0 -9 
126 136   1  1  0 -9 
126 138   1 -1  0 -9 
126 143   1  1  0 -9 
126 150  -1  0  0 -9 
126 152   1 -1  0 -9 
126 153  -1 -2  0 -9 
127 49   1 -3  0 -9 
127 74  -1 -4  0 -9 
127 127   1  0  0 -9 
127 131  -1 -1  0 -9 
127 145   1 -2  0 -9 
128 50   1 -3  0 -9 
128 75  -1 -4  0 -9 
128 128   1  0  0 -9 
128 132  -1 -1  0 -9 
128 146   1 -2  0 -9 
129 51   1 -3  0 -9 
129 76  -1 -4  0 -9 
129 129   1  0  0 -9 
129 133  -1 -1  0 -9 
129 137   1 -2  0 -9 
129 147   1 -2  0 -9 
130 52   1 -3  0 -9 
130 77  -1 -4  0 -9 
130 130   1  0  0 -9 
130 134  -1 -1  0 -9 
130 137   1 -3  0 -9 
130 138  -1 -4  0 -9 
130 148   1 -2  0 -9 
130 153   1 -5  0 -9 
131 101  -1 -4  0 -9 
131 145   1 -3  0 -9 
132 102  -1 -4  0 -9 
132 146   1 -3  0 -9 
133 103  -1 -4  0 -9 
133 137  -1 -5  0 -9 
133 147   1 -3  0 -9 
134 104  -1 -4  0 -9 
134 138  -1 -5  0 -9 
134 148   1 -3  0 -9 
134 153   1 -6  0 -9 
135 75  -1 -4  0 -9 
135 78   1 -3  0 -9 
135 105  -1 -4  0 -9 
135 116   1 -5  0 -9 
135 132  -1 -1  0 -9 
135 135   1  0  0 -9 
135 146   1 -2  0 -9 
135 149  -1 -1  0 -9 
135 151   1 -2  0 -9 
136 77  -1 -4  0 -9 
136 79   1 -3  0 -9 
136 106  -1 -4  0 -9 
136 117   1 -5  0 -9 
136 134  -1 -1  0 -9 
136 136   1  0  0 -9 
136 138   1 -2  0 -9 
136 148   1 -2  0 -9 
136 150  -1 -1  0 -9 
136 152   1 -2  0 -9 
136 153  -1 -3  0 -9 
137 137  -1 -6  0 -9 
138 138  -1 -6  0 -9 
138 153   1 -7  0 -9 
139 30  -1 -3  0 -9 
139 95  -1 -1  0 -9 
139 109   1 -2  0 -9 
139 139   1  0  0 -9 
140 31  -1 -3  0 -9 
140 74   1 -5  0 -9 
140 96  -1 -1  0 -9 
140 101   1 -2 -1 -4  0 -9 
140 110   1 -2  0 -9 
140 131   1 -2  0 -9 
140 140   1  0  0 -9 
140 145  -1 -1  0 -9 
141 32  -1 -3  0 -9 
141 75   1 -5  0 -9 
141 97  -1 -1  0 -9 
141 102   1 -2 -1 -4  0 -9 
141 111   1 -2  0 -9 
141 132   1 -2  0 -9 
141 141   1  0  0 -9 
141 146  -1 -1  0 -9 
142 33  -1 -3  0 -9 
142 98  -1 -1  0 -9 
142 105   1 -2 -1 -4  0 -9 
142 112   1 -2  0 -9 
142 116   1 -5  0 -9 
142 142   1  0  0 -9 
142 149  -1 -1  0 -9 
142 151   1 -2  0 -9 
143 34  -1 -3  0 -9 
143 99  -1 -1  0 -9 
143 106   1 -2 -1 -4  0 -9 
143 113   1 -2  0 -9 
143 117   1 -5  0 -9 
143 143   1  0  0 -9 
143 150  -1 -1  0 -9 
143 152   1 -2  0 -9 
143 153  -1 -3  0 -9 
144 33  -1 -2  0 -9 
144 35   1 -1  0 -9 
144 98  -1  0  0 -9 
144 100   1  1  0 -9 
144 105   1 -1  0 -9 
144 112   1 -1  0 -9 
144 114  -1  0  0 -9 
144 142   1  1  0 -9 
144 144  -1  2  0 -9 
144 149  -1  0  0 -9 
145 74   1 -6  0 -9 
145 101  -1 -5  0 -9 
145 131   1 -3  0 -9 
146 75   1 -6  0 -9 
146 102  -1 -5  0 -9 
146 132   1 -3  0 -9 
147 76   1 -6  0 -9 
147 103  -1 -5  0 -9 
147 133   1 -3  0 -9 
147 137  -1 -4  0 -9 
148 77   1 -6  0 -9 
148 104  -1 -5  0 -9 
148 134   1 -3  0 -9 
148 138  -1 -4  0 -9 
149 105  -1 -5  0 -9 
149 116   1 -6  0 -9 
149 151   1 -3  0 -9 
150 106  -1 -5  0 -9 
150 117   1 -6  0 -9 
150 152   1 -3  0 -9 
150 153  -1 -4  0 -9 
151 105  -1 -4  0 -9 
151 149   1 -3  0 -9 
152 106  -1 -4  0 -9 
152 150   1 -3  0 -9 
152 153   1 -7  0 -9 
153 153   1 -8  0 -9 
154 21   1  1  0 -9 
154 26  -1  0  0 -9 
154 28   1 -1  0 -9 
154 30  -1 -2  0 -9 
154 154  -1  2  0 -9 
154 159   1  1  0 -9 
154 161  -1  0  0 -9 
154 163   1 -1  0 -9 
155  6   1 -2  0 -9 
155 22  -1 -1  0 -9 
155 155   1  0  0 -9 
156  7   1 -2  0 -9 
156 23  -1 -1  0 -9 
156 30  -1 -4  0 -9 
156 156   1  0  0 -9 
156 163   1 -3  0 -9 
157  8   1 -2  0 -9 
157 24  -1 -1  0 -9 
157 31  -1 -4  0 -9 
157 157   1  0  0 -9 
157 164   1 -3  0 -9 
158  9   1 -2  0 -9 
158 25  -1 -1  0 -9 
158 32  -1 -4  0 -9 
158 158   1  0  0 -9 
158 165   1 -3  0 -9 
159 26  -1 -1  0 -9 
159 28   1 -2  0 -9 
159 30  -1 -3  0 -9 
159 159   1  0  0 -9 
159 161  -1 -1  0 -9 
159 163   1 -2  0 -9 
159 169   1 -2  0 -9 
160 27  -1 -1  0 -9 
160 29   1 -2  0 -9 
160 33  -1 -4  0 -9 
160 160   1  0  0 -9 
160 162  -1 -1  0 -9 
160 166   1 -3  0 -9 
160 168  -1 -4  0 -9 
160 170   1 -2  0 -9 
160 171   1 -5  0 -9 
161 30   1 -6  0 -9 
161 163  -1 -5  0 -9 
161 169   1 -3  0 -9 
162 168  -1 -5  0 -9 
162 170   1 -3  0 -9 
162 171   1 -6  0 -9 
163 30   1 -7  0 -9 
163 163  -1 -6  0 -9 
164 31   1 -7  0 -9 
164 164  -1 -6  0 -9 
165 32   1 -7  0 -9 
165 165  -1 -6  0 -9 
166 33   1 -7  0 -9 
166 166  -1 -6  0 -9 
167 34   1 -7  0 -9 
167 167  -1 -6  0 -9 
168 168  -1 -6  0 -9 
168 171   1 -7  0 -9 
169 161   1 -3  0 -9 
169 163  -1 -4  0 -9 
170 162   1 -3  0 -9 
170 168  -1 -4  0 -9 
171 171   1 -8  0 -9 
172 12   1 -2  0 -9 
172 22  -1  0  0 -9 
172 155   1  1  0 -9 
172 172  -1  2  0 -9 
172 178   1  1  0 -9 
173 16   1 -2  0 -9 
173 23  -1  0  0 -9 
173 30  -1 -3  0 -9 
173 156   1  1  0 -9 
173 163   1 -2  0 -9 
173 173  -1  2  0 -9 
173 182   1  1  0 -9 
173 187  -1  0  0 -9 
174 17   1 -2  0 -9 
174 24  -1  0  0 -9 
174 31  -1 -3  0 -9 
174 157   1  1  0 -9 
174 164   1 -2  0 -9 
174 174  -1  2  0 -9 
174 183   1  1  0 -9 
174 188  -1  0  0 -9 
174 193   1 -1  0 -9 
175 18   1 -2  0 -9 
175 25  -1  0  0 -9 
175 32  -1 -3  0 -9 
175 158   1  1  0 -9 
175 165   1 -2  0 -9 
175 175  -1  2  0 -9 
175 184   1  1  0 -9 
175 189  -1  0  0 -9 
175 194   1 -1  0 -9 
176 26  -1  0  0 -9 
176 159   1  1  0 -9 
176 161  -1  0  0 -9 
176 163   1 -1  0 -9 
176 169   1 -1  0 -9 
176 176  -1  2  0 -9 
176 199   1  1  0 -9 
176 201  -1  0  0 -9 
177 27  -1  0  0 -9 
177 33  -1 -3  0 -9 
177 35   1 -2  0 -9 
177 160   1  1  0 -9 
177 162  -1  0  0 -9 
177 166   1 -2  0 -9 
177 168  -1 -3  0 -9 
177 170   1 -1  0 -9 
177 171   1 -4  0 -9 
177 177  -1  2  0 -9 
177 190  -1  0  0 -9 
177 192   1  1  0 -9 
177 197   1 -1  0 -9 
177 200   1  1  0 -9 
177 206  -1  0  0 -9 
177 207   1 -1  0 -9 
177 208  -1 -2  0 -9 
178 12   1 -3  0 -9 
178 178   1  0  0 -9 
179 13   1 -3  0 -9 
179 179   1  0  0 -9 
179 193   1 -3  0 -9 
180 14   1 -3  0 -9 
180 180   1  0  0 -9 
180 194   1 -3  0 -9 
181 15   1 -3  0 -9 
181 181   1  0  0 -9 
181 195   1 -3  0 -9 
182 16   1 -3  0 -9 
182 30  -1 -4  0 -9 
182 182   1  0  0 -9 
182 187  -1 -1  0 -9 
182 201   1 -2  0 -9 
183 17   1 -3  0 -9 
183 31  -1 -4  0 -9 
183 183   1  0  0 -9 
183 188  -1 -1  0 -9 
183 193   1 -2  0 -9 
183 202   1 -2  0 -9 
184 18   1 -3  0 -9 
184 32  -1 -4  0 -9 
184 184   1  0  0 -9 
184 189  -1 -1  0 -9 
184 194   1 -2  0 -9 
184 203   1 -2  0 -9 
185 19   1 -3  0 -9 
185 33  -1 -4  0 -9 
185 185   1  0  0 -9 
185 190  -1 -1  0 -9 
185 194   1 -3  0 -9 
185 197  -1 -4  0 -9 
185 204   1 -2  0 -9 
185 208   1 -5  0 -9 
186 20   1 -3  0 -9 
186 34  -1 -4  0 -9 
186 186   1  0  0 -9 
186 191  -1 -1  0 -9 
186 196   1 -3  0 -9 
186 198  -1 -4  0 -9 
186 205   1 -2  0 -9 
186 209   1 -5  0 -9 
187 163  -1 -4  0 -9 
187 201   1 -3  0 -9 
188 164  -1 -4  0 -9 
188 193  -1 -5  0 -9 
188 202   1 -3  0 -9 
189 165  -1 -4  0 -9 
189 194  -1 -5  0 -9 
189 203   1 -3  0 -9 
190 166  -1 -4  0 -9 
190 197  -1 -5  0 -9 
190 204   1 -3  0 -9 
190 208   1 -6  0 -9 
191 167  -1 -4  0 -9 
191 198  -1 -5  0 -9 
191 205   1 -3  0 -9 
191 209   1 -6  0 -9 
192 33  -1 -4  0 -9 
192 35   1 -3  0 -9 
192 168  -1 -4  0 -9 
192 171   1 -5  0 -9 
192 190  -1 -1  0 -9 
192 192   1  0  0 -9 
192 197   1 -2  0 -9 
192 204   1 -2  0 -9 
192 206  -1 -1  0 -9 
192 207   1 -2  0 -9 
192 208  -1 -3  0 -9 
193 193  -1 -6  0 -9 
194 194  -1 -6  0 -9 
195 195  -1 -6  0 -9 
196 196  -1 -6  0 -9 
197 197  -1 -6  0 -9 
197 208   1 -7  0 -9 
198 198  -1 -6  0 -9 
198 209   1 -7  0 -9 
199 30   1 -5  0 -9 
199 161  -1 -1  0 -9 
199 163   1 -2 -1 -4  0 -9 
199 169   1 -2  0 -9 
199 187   1 -2  0 -9 
199 199   1  0  0 -9 
199 201  -1 -1  0 -9 
200 162  -1 -1  0 -9 
200 168   1 -2 -1 -4  0 -9 
200 170   1 -2  0 -9 
200 171   1 -5  0 -9 
200 200   1  0  0 -9 
200 206  -1 -1  0 -9 
200 207   1 -2  0 -9 
200 208  -1 -3  0 -9 
201 30   1 -6  0 -9 
201 163  -1 -5  0 -9 
201 187   1 -3  0 -9 
202 31   1 -6  0 -9 
202 164  -1 -5  0 -9 
202 188   1 -3  0 -9 
202 193  -1 -4  0 -9 
203 32   1 -6  0 -9 
203 165  -1 -5  0 -9 
203 189   1 -3  0 -9 
203 194  -1 -4  0 -9 
204 33   1 -6  0 -9 
204 166  -1 -5  0 -9 
204 190   1 -3  0 -9 
204 197  -1 -4  0 -9 
205 34   1 -6  0 -9 
205 167  -1 -5  0 -9 
205 191   1 -3  0 -9 
205 198  -1 -4  0 -9 
206 168  -1 -5  0 -9 
206 171   1 -6  0 -9 
206 207   1 -3  0 -9 
206 208  -1 -4  0 -9 
207 168  -1 -4  0 -9 
207 206   1 -3  0 -9 
207 208   1 -7  0 -9 
208 208   1 -8  0 -9 
209 209   1 -8  0 -9 
210 95  -1  0  0 -9 
210 161  -1  0  0 -9 
210 163   1 -1  0 -9 
210 187   1 -1  0 -9 
210 199   1  1  0 -9 
210 201  -1  0  0 -9 
210 210  -1  2  0 -9 
210 212   1  1  0 -9 
211 162  -1  0  0 -9 
211 168   1 -1  0 -9 
211 200   1  1  0 -9 
211 206  -1  0  0 -9 
211 207   1 -1  0 -9 
211 208  -1 -2  0 -9 
211 211  -1  2  0 -9 
211 217   1  1  0 -9 
211 218  -1  0  0 -9 
211 219   1 -1  0 -9 
212 30  -1 -3  0 -9 
212 95  -1 -1  0 -9 
212 109   1 -2  0 -9 
212 163   1 -2  0 -9 
212 187   1 -2  0 -9 
212 201  -1 -1  0 -9 
212 212   1  0  0 -9 
213 31  -1 -3  0 -9 
213 74   1 -5  0 -9 
213 96  -1 -1  0 -9 
213 101  -1 -4  0 -9 
213 110   1 -2  0 -9 
213 164   1 -2  0 -9 
213 188   1 -2  0 -9 
213 202  -1 -1  0 -9 
213 213   1  0  0 -9 
214 32  -1 -3  0 -9 
214 75   1 -5  0 -9 
214 97  -1 -1  0 -9 
214 102  -1 -4  0 -9 
214 111   1 -2  0 -9 
214 165   1 -2  0 -9 
214 189   1 -2  0 -9 
214 203  -1 -1  0 -9 
214 214   1  0  0 -9 
215 33  -1 -3  0 -9 
215 98  -1 -1  0 -9 
215 105  -1 -4  0 -9 
215 112   1 -2  0 -9 
215 116   1 -5  0 -9 
215 166   1 -2  0 -9 
215 190   1 -2  0 -9 
215 204  -1 -1  0 -9 
215 208  -1 -4  0 -9 
215 215   1  0  0 -9 
215 219   1 -3  0 -9 
216 34  -1 -3  0 -9 
216 99  -1 -1  0 -9 
216 106  -1 -4  0 -9 
216 113   1 -2  0 -9 
216 117   1 -5  0 -9 
216 167   1 -2  0 -9 
216 191   1 -2  0 -9 
216 205  -1 -1  0 -9 
216 209  -1 -4  0 -9 
216 216   1  0  0 -9 
216 220   1 -3  0 -9 
217 168   1 -2  0 -9 
217 171  -1 -3  0 -9 
217 206  -1 -1  0 -9 
217 207   1 -2  0 -9 
217 208  -1 -3  0 -9 
217 217   1  0  0 -9 
217 218  -1 -1  0 -9 
217 219   1 -2  0 -9 
217 221   1 -2  0 -9 
218 171  -1 -4  0 -9 
218 208   1 -6  0 -9 
218 219  -1 -5  0 -9 
218 221   1 -3  0 -9 
219 208   1 -7  0 -9 
219 219  -1 -6  0 -9 
220 209   1 -7  0 -9 
220 220  -1 -6  0 -9 
221 171   1 -7  0 -9 
221 218   1 -3  0 -9 
221 219  -1 -4  0 -9 
222 30  -1 -2  0 -9 
222 95  -1  0  0 -9 
222 109   1 -1  0 -9 
222 139   1  1  0 -9 
222 163   1 -1  0 -9 
222 201  -1  0  0 -9 
222 212   1  1  0 -9 
222 222  -1  2  0 -9 
223 31  -1 -2  0 -9 
223 74   1 -4  0 -9 
223 96  -1  0  0 -9 
223 101  -1 -3  0 -9 
223 110   1 -1  0 -9 
223 131   1 -1  0 -9 
223 140   1  1  0 -9 
223 145  -1  0  0 -9 
223 164   1 -1  0 -9 
223 193   1 -2  0 -9 
223 202  -1  0  0 -9 
223 213   1  1  0 -9 
223 223  -1  2  0 -9 
223 228   1  1  0 -9 
224 32  -1 -2  0 -9 
224 75   1 -4  0 -9 
224 97  -1  0  0 -9 
224 102  -1 -3  0 -9 
224 111   1 -1  0 -9 
224 132   1 -1  0 -9 
224 141   1  1  0 -9 
224 146  -1  0  0 -9 
224 165   1 -1  0 -9 
224 194   1 -2  0 -9 
224 203  -1  0  0 -9 
224 214   1  1  0 -9 
224 224  -1  2  0 -9 
224 229   1  1  0 -9 
225 33  -1 -2  0 -9 
225 98  -1  0  0 -9 
225 105  -1 -3  0 -9 
225 112   1 -1  0 -9 
225 116   1 -4  0 -9 
225 142   1  1  0 -9 
225 149  -1  0  0 -9 
225 151   1 -1  0 -9 
225 166   1 -1  0 -9 
225 197   1 -2  0 -9 
225 204  -1  0  0 -9 
225 208  -1 -3  0 -9 
225 215   1  1  0 -9 
225 219   1 -2  0 -9 
225 225  -1  2  0 -9 
225 232   1  1  0 -9 
225 234  -1  0  0 -9 
226 34  -1 -2  0 -9 
226 99  -1  0  0 -9 
226 106  -1 -3  0 -9 
226 113   1 -1  0 -9 
226 117   1 -4  0 -9 
226 143   1  1  0 -9 
226 150  -1  0  0 -9 
226 152   1 -1  0 -9 
226 153  -1 -2  0 -9 
226 167   1 -1  0 -9 
226 198   1 -2  0 -9 
226 205  -1  0  0 -9 
226 209  -1 -3  0 -9 
226 216   1  1  0 -9 
226 220   1 -2  0 -9 
226 226  -1  2  0 -9 
226 233   1  1  0 -9 
226 235  -1  0  0 -9 
226 236   1 -1  0 -9 
227 168   1 -1  0 -9 
227 171  -1 -2  0 -9 
227 206  -1  0  0 -9 
227 217   1  1  0 -9 
227 218  -1  0  0 -9 
227 219   1 -1  0 -9 
227 221   1 -1  0 -9 
227 227  -1  2  0 -9 
227 237   1  1  0 -9 
227 238  -1  0  0 -9 
228 74   1 -5  0 -9 
228 101  -1 -4  0 -9 
228 131   1 -2  0 -9 
228 145  -1 -1  0 -9 
228 193   1 -3  0 -9 
228 228   1  0  0 -9 
229 75   1 -5  0 -9 
229 102  -1 -4  0 -9 
229 132   1 -2  0 -9 
229 146  -1 -1  0 -9 
229 194   1 -3  0 -9 
229 229   1  0  0 -9 
230 76   1 -5  0 -9 
230 103  -1 -4  0 -9 
230 133   1 -2  0 -9 
230 147  -1 -1  0 -9 
230 195   1 -3  0 -9 
230 230   1  0  0 -9 
231 77   1 -5  0 -9 
231 104  -1 -4  0 -9 
231 134   1 -2  0 -9 
231 148  -1 -1  0 -9 
231 153  -1 -4  0 -9 
231 196   1 -3  0 -9 
231 231   1  0  0 -9 
231 236   1 -3  0 -9 
232 105  -1 -4  0 -9 
232 116   1 -5  0 -9 
232 149  -1 -1  0 -9 
232 151   1 -2  0 -9 
232 197   1 -3  0 -9 
232 208  -1 -4  0 -9 
232 232   1  0  0 -9 
232 234  -1 -1  0 -9 
232 238   1 -2  0 -9 
233 106  -1 -4  0 -9 
233 117   1 -5  0 -9 
233 150  -1 -1  0 -9 
233 152   1 -2  0 -9 
233 153  -1 -3  0 -9 
233 198   1 -3  0 -9 
233 209  -1 -4  0 -9 
233 233   1  0  0 -9 
233 235  -1 -1  0 -9 
233 236   1 -2  0 -9 
233 239   1 -2  0 -9 
234 219  -1 -4  0 -9 
234 238   1 -3  0 -9 
235 153   1 -6  0 -9 
235 220  -1 -4  0 -9 
235 236  -1 -5  0 -9 
235 239   1 -3  0 -9 
236 153   1 -7  0 -9 
236 236  -1 -6  0 -9 
237 171  -1 -3  0 -9 
237 208   1 -5  0 -9 
237 218  -1 -1  0 -9 
237 219   1 -2 -1 -4  0 -9 
237 221   1 -2  0 -9 
237 234   1 -2  0 -9 
237 237   1  0  0 -9 
237 238  -1 -1  0 -9 
238 208   1 -6  0 -9 
238 219  -1 -5  0 -9 
238 234   1 -3  0 -9 
239 209   1 -6  0 -9 
239 220  -1 -5  0 -9 
239 235   1 -3  0 -9 
239 236  -1 -4  0 -9 
9999 9999
