 0  0   1 -8  0 -9 
 1  0   1 -7  0 -9 
 1  1  -1 -6  0 -9 
 2  2   1 -8  0 -9 
 3  2   1 -7  0 -9 
 3  3  -1 -6  0 -9 
 4  3  -1 -4  0 -9 
 4  5   1 -3  0 -9 
 5  2   1 -6  0 -9 
 5  3  -1 -5  0 -9 
 5  4   1 -3  0 -9 
 6  6   1 -8  0 -9 
 7  6   1 -7  0 -9 
 7  7  -1 -6  0 -9 
 8  7  -1 -4  0 -9 
 8  9   1 -3  0 -9 
 9  6   1 -6  0 -9 
 9  7  -1 -5  0 -9 
 9  8   1 -3  0 -9 
10  2   1 -7  0 -9 
10 10  -1 -6  0 -9 
11  2  -1 -4  0 -9 
11  4  -1 -1  0 -9 
11  5   1 -2  0 -9 
11  6   1 -5  0 -9 
11  7  -1 -4  0 -9 
11  8   1 -2  0 -9 
11  9  -1 -1  0 -9 
11 10   1 -3  0 -9 
11 11   1  0  0 -9 
12 12   1 -8  0 -9 
13 12  -1 -4  0 -9 
13 14   1 -3  0 -9 
14 12   1 -7  0 -9 
14 13   1 -3  0 -9 
15 12  -1 -3  0 -9 
15 13  -1 -1  0 -9 
15 14   1 -2  0 -9 
15 15   1  0  0 -9 
16 12   1 -7  0 -9 
16 16  -1 -6  0 -9 
17 16  -1 -4  0 -9 
17 18   1 -3  0 -9 
18 12   1 -6  0 -9 
18 16  -1 -5  0 -9 
18 17   1 -3  0 -9 
19 12  -1 -3  0 -9 
19 13  -1 -1  0 -9 
19 14   1 -2  0 -9 
19 16   1 -2  0 -9 
19 17   1 -2  0 -9 
19 18  -1 -1  0 -9 
19 19   1  0  0 -9 
20 12  -1 -2  0 -9 
20 13  -1  0  0 -9 
20 14   1 -1  0 -9 
20 15   1  1  0 -9 
20 16   1 -1  0 -9 
20 18  -1  0  0 -9 
20 19   1  1  0 -9 
20 20  -1  2  0 -9 
21 21   1 -8  0 -9 
22 21   1 -7  0 -9 
22 22  -1 -6  0 -9 
23 22  -1 -4  0 -9 
23 24   1 -3  0 -9 
24 21   1 -6  0 -9 
24 22  -1 -5  0 -9 
24 23   1 -3  0 -9 
25 25   1 -8  0 -9 
26 25  -1 -4  0 -9 
26 27   1 -3  0 -9 
27 25   1 -7  0 -9 
27 26   1 -3  0 -9 
28 25  -1 -3  0 -9 
28 26  -1 -1  0 -9 
28 27   1 -2  0 -9 
28 28   1  0  0 -9 
29 25   1 -7  0 -9 
29 29  -1 -6  0 -9 
30 29  -1 -4  0 -9 
30 31   1 -3  0 -9 
31 25   1 -6  0 -9 
31 29  -1 -5  0 -9 
31 30   1 -3  0 -9 
32 25  -1 -3  0 -9 
32 26  -1 -1  0 -9 
32 27   1 -2  0 -9 
32 29   1 -2  0 -9 
32 30   1 -2  0 -9 
32 31  -1 -1  0 -9 
32 32   1  0  0 -9 
33 25  -1 -2  0 -9 
33 26  -1  0  0 -9 
33 27   1 -1  0 -9 
33 28   1  1  0 -9 
33 29   1 -1  0 -9 
33 31  -1  0  0 -9 
33 32   1  1  0 -9 
33 33  -1  2  0 -9 
34 35   1 -3  0 -9 
35 34   1 -3  0 -9 
36 34  -1 -1  0 -9 
36 35   1 -2  0 -9 
36 36   1  0  0 -9 
37 34  -1  0  0 -9 
37 36   1  1  0 -9 
37 37  -1  2  0 -9 
38 38   1 -8  0 -9 
39 38   1 -7  0 -9 
39 39  -1 -6  0 -9 
40 39  -1 -4  0 -9 
40 41   1 -3  0 -9 
41 38   1 -6  0 -9 
41 39  -1 -5  0 -9 
41 40   1 -3  0 -9 
42 21   1 -7  0 -9 
42 42  -1 -6  0 -9 
43 21  -1 -4  0 -9 
43 23  -1 -1  0 -9 
43 24   1 -2  0 -9 
43 38   1 -5  0 -9 
43 39  -1 -4  0 -9 
43 40   1 -2  0 -9 
43 41  -1 -1  0 -9 
43 42   1 -3  0 -9 
43 43   1  0  0 -9 
44 44   1 -8  0 -9 
45 44  -1 -4  0 -9 
45 46   1 -3  0 -9 
46 44   1 -7  0 -9 
46 45   1 -3  0 -9 
47 44  -1 -3  0 -9 
47 45  -1 -1  0 -9 
47 46   1 -2  0 -9 
47 47   1  0  0 -9 
48 44   1 -7  0 -9 
48 48  -1 -6  0 -9 
49 48  -1 -4  0 -9 
49 50   1 -3  0 -9 
50 44   1 -6  0 -9 
50 48  -1 -5  0 -9 
50 49   1 -3  0 -9 
51 44  -1 -3  0 -9 
51 45  -1 -1  0 -9 
51 46   1 -2  0 -9 
51 48   1 -2  0 -9 
51 49   1 -2  0 -9 
51 50  -1 -1  0 -9 
51 51   1  0  0 -9 
52 44  -1 -2  0 -9 
52 45  -1  0  0 -9 
52 46   1 -1  0 -9 
52 47   1  1  0 -9 
52 48   1 -1  0 -9 
52 50  -1  0  0 -9 
52 51   1  1  0 -9 
52 52  -1  2  0 -9 
53 25   1 -7  0 -9 
53 53  -1 -6  0 -9 
54 53  -1 -4  0 -9 
54 55   1 -3  0 -9 
55 25   1 -6  0 -9 
55 53  -1 -5  0 -9 
55 54   1 -3  0 -9 
56 25  -1 -3  0 -9 
56 26  -1 -1  0 -9 
56 27   1 -2  0 -9 
56 53   1 -2  0 -9 
56 54   1 -2  0 -9 
56 55  -1 -1  0 -9 
56 56   1  0  0 -9 
57 25  -1 -2  0 -9 
57 26  -1  0  0 -9 
57 27   1 -1  0 -9 
57 28   1  1  0 -9 
57 53   1 -1  0 -9 
57 55  -1  0  0 -9 
57 56   1  1  0 -9 
57 57  -1  2  0 -9 
58 25  -1 -4  0 -9 
58 30  -1 -1  0 -9 
58 31   1 -2  0 -9 
58 44   1 -5  0 -9 
58 48  -1 -4  0 -9 
58 49   1 -2  0 -9 
58 50  -1 -1  0 -9 
58 53   1 -3  0 -9 
58 58   1  0  0 -9 
59 60   1 -3  0 -9 
60 59   1 -3  0 -9 
61 59  -1 -1  0 -9 
61 60   1 -2  0 -9 
61 61   1  0  0 -9 
62 59  -1  0  0 -9 
62 61   1  1  0 -9 
62 62  -1  2  0 -9 
63 34  -1 -1  0 -9 
63 35   1 -2  0 -9 
63 59   1 -2  0 -9 
63 60  -1 -1  0 -9 
63 63   1  0  0 -9 
64 34  -1  0  0 -9 
64 35   1 -1  0 -9 
64 36   1  1  0 -9 
64 60  -1  0  0 -9 
64 63   1  1  0 -9 
64 64  -1  2  0 -9 
65 65   1 -8  0 -9 
66 65  -1 -4  0 -9 
66 67   1 -3  0 -9 
67 65   1 -7  0 -9 
67 66   1 -3  0 -9 
68 65  -1 -3  0 -9 
68 66  -1 -1  0 -9 
68 67   1 -2  0 -9 
68 68   1  0  0 -9 
69 65   1 -7  0 -9 
69 69  -1 -6  0 -9 
70 69  -1 -4  0 -9 
70 71   1 -3  0 -9 
71 65   1 -6  0 -9 
71 69  -1 -5  0 -9 
71 70   1 -3  0 -9 
72 65  -1 -3  0 -9 
72 66  -1 -1  0 -9 
72 67   1 -2  0 -9 
72 69   1 -2  0 -9 
72 70   1 -2  0 -9 
72 71  -1 -1  0 -9 
72 72   1  0  0 -9 
73 65  -1 -2  0 -9 
73 66  -1  0  0 -9 
73 67   1 -1  0 -9 
73 68   1  1  0 -9 
73 69   1 -1  0 -9 
73 71  -1  0  0 -9 
73 72   1  1  0 -9 
73 73  -1  2  0 -9 
74 75   1 -3  0 -9 
75 74   1 -3  0 -9 
76 74  -1 -1  0 -9 
76 75   1 -2  0 -9 
76 76   1  0  0 -9 
77 74  -1  0  0 -9 
77 76   1  1  0 -9 
77 77  -1  2  0 -9 
78 79   1 -3  0 -9 
79 78   1 -3  0 -9 
80 78  -1 -1  0 -9 
80 79   1 -2  0 -9 
80 80   1  0  0 -9 
81 78  -1  0  0 -9 
81 80   1  1  0 -9 
81 81  -1  2  0 -9 
82 74  -1 -1  0 -9 
82 75   1 -2  0 -9 
82 78   1 -2  0 -9 
82 79  -1 -1  0 -9 
82 82   1  0  0 -9 
83 74  -1  0  0 -9 
83 75   1 -1  0 -9 
83 76   1  1  0 -9 
83 79  -1  0  0 -9 
83 82   1  1  0 -9 
83 83  -1  2  0 -9 
84 84   1  0  0 -9 
85 84   1  1  0 -9 
85 85  -1  2  0 -9 
86 86   1 -8  0 -9 
87 86   1 -7  0 -9 
87 87  -1 -6  0 -9 
88 88   1 -8  0 -9 
89 88   1 -7  0 -9 
89 89  -1 -6  0 -9 
90 89  -1 -4  0 -9 
90 91   1 -3  0 -9 
91 88   1 -6  0 -9 
91 89  -1 -5  0 -9 
91 90   1 -3  0 -9 
92 92   1 -8  0 -9 
93 92   1 -7  0 -9 
93 93  -1 -6  0 -9 
94 93  -1 -4  0 -9 
94 95   1 -3  0 -9 
95 92   1 -6  0 -9 
95 93  -1 -5  0 -9 
95 94   1 -3  0 -9 
96 88   1 -7  0 -9 
96 96  -1 -6  0 -9 
97 88  -1 -4  0 -9 
97 90  -1 -1  0 -9 
97 91   1 -2  0 -9 
97 92   1 -5  0 -9 
97 93  -1 -4  0 -9 
97 94   1 -2  0 -9 
97 95  -1 -1  0 -9 
97 96   1 -3  0 -9 
97 97   1  0  0 -9 
98 98   1 -8  0 -9 
99 98  -1 -4  0 -9 
99 100   1 -3  0 -9 
100 98   1 -7  0 -9 
100 99   1 -3  0 -9 
101 98  -1 -3  0 -9 
101 99  -1 -1  0 -9 
101 100   1 -2  0 -9 
101 101   1  0  0 -9 
102 98   1 -7  0 -9 
102 102  -1 -6  0 -9 
103 102  -1 -4  0 -9 
103 104   1 -3  0 -9 
104 98   1 -6  0 -9 
104 102  -1 -5  0 -9 
104 103   1 -3  0 -9 
105 98  -1 -3  0 -9 
105 99  -1 -1  0 -9 
105 100   1 -2  0 -9 
105 102   1 -2  0 -9 
105 103   1 -2  0 -9 
105 104  -1 -1  0 -9 
105 105   1  0  0 -9 
106 98  -1 -2  0 -9 
106 99  -1  0  0 -9 
106 100   1 -1  0 -9 
106 101   1  1  0 -9 
106 102   1 -1  0 -9 
106 104  -1  0  0 -9 
106 105   1  1  0 -9 
106 106  -1  2  0 -9 
107  0   1 -7  0 -9 
107 107  -1 -6  0 -9 
108 108   1 -8  0 -9 
109 108   1 -7  0 -9 
109 109  -1 -6  0 -9 
110 109  -1 -4  0 -9 
110 111   1 -3  0 -9 
111 108   1 -6  0 -9 
111 109  -1 -5  0 -9 
111 110   1 -3  0 -9 
112  2   1 -7  0 -9 
112 112  -1 -6  0 -9 
113  2  -1 -4  0 -9 
113  4  -1 -1  0 -9 
113  5   1 -2  0 -9 
113 108   1 -5  0 -9 
113 109  -1 -4  0 -9 
113 110   1 -2  0 -9 
113 111  -1 -1  0 -9 
113 112   1 -3  0 -9 
113 113   1  0  0 -9 
114  6   1 -7  0 -9 
114 114  -1 -6  0 -9 
115  6  -1 -4  0 -9 
115  8  -1 -1  0 -9 
115  9   1 -2  0 -9 
115 92   1 -5  0 -9 
115 93  -1 -4  0 -9 
115 94   1 -2  0 -9 
115 95  -1 -1  0 -9 
115 114   1 -3  0 -9 
115 115   1  0  0 -9 
116 12   1 -7  0 -9 
116 116  -1 -6  0 -9 
117 116  -1 -4  0 -9 
117 118   1 -3  0 -9 
118 12   1 -6  0 -9 
118 116  -1 -5  0 -9 
118 117   1 -3  0 -9 
119 12  -1 -3  0 -9 
119 13  -1 -1  0 -9 
119 14   1 -2  0 -9 
119 116   1 -2  0 -9 
119 117   1 -2  0 -9 
119 118  -1 -1  0 -9 
119 119   1  0  0 -9 
120 12  -1 -2  0 -9 
120 13  -1  0  0 -9 
120 14   1 -1  0 -9 
120 15   1  1  0 -9 
120 116   1 -1  0 -9 
120 118  -1  0  0 -9 
120 119   1  1  0 -9 
120 120  -1  2  0 -9 
121 12  -1 -4  0 -9 
121 17  -1 -1  0 -9 
121 18   1 -2  0 -9 
121 98   1 -5  0 -9 
121 102  -1 -4  0 -9 
121 103   1 -2  0 -9 
121 104  -1 -1  0 -9 
121 116   1 -3  0 -9 
121 121   1  0  0 -9 
122 122   1 -8  0 -9 
123 122   1 -7  0 -9 
123 123  -1 -6  0 -9 
124 123  -1 -4  0 -9 
124 125   1 -3  0 -9 
125 122   1 -6  0 -9 
125 123  -1 -5  0 -9 
125 124   1 -3  0 -9 
126 126   1 -8  0 -9 
127 126  -1 -4  0 -9 
127 128   1 -3  0 -9 
128 126   1 -7  0 -9 
128 127   1 -3  0 -9 
129 126  -1 -3  0 -9 
129 127  -1 -1  0 -9 
129 128   1 -2  0 -9 
129 129   1  0  0 -9 
130 126   1 -7  0 -9 
130 130  -1 -6  0 -9 
131 130  -1 -4  0 -9 
131 132   1 -3  0 -9 
132 126   1 -6  0 -9 
132 130  -1 -5  0 -9 
132 131   1 -3  0 -9 
133 126  -1 -3  0 -9 
133 127  -1 -1  0 -9 
133 128   1 -2  0 -9 
133 130   1 -2  0 -9 
133 131   1 -2  0 -9 
133 132  -1 -1  0 -9 
133 133   1  0  0 -9 
134 126  -1 -2  0 -9 
134 127  -1  0  0 -9 
134 128   1 -1  0 -9 
134 129   1  1  0 -9 
134 130   1 -1  0 -9 
134 132  -1  0  0 -9 
134 133   1  1  0 -9 
134 134  -1  2  0 -9 
135 136   1 -3  0 -9 
136 135   1 -3  0 -9 
137 135  -1 -1  0 -9 
137 136   1 -2  0 -9 
137 137   1  0  0 -9 
138 135  -1  0  0 -9 
138 137   1  1  0 -9 
138 138  -1  2  0 -9 
139 139   1 -8  0 -9 
140 139   1 -7  0 -9 
140 140  -1 -6  0 -9 
141 140  -1 -4  0 -9 
141 142   1 -3  0 -9 
142 139   1 -6  0 -9 
142 140  -1 -5  0 -9 
142 141   1 -3  0 -9 
143 122   1 -7  0 -9 
143 143  -1 -6  0 -9 
144 122  -1 -4  0 -9 
144 124  -1 -1  0 -9 
144 125   1 -2  0 -9 
144 139   1 -5  0 -9 
144 140  -1 -4  0 -9 
144 141   1 -2  0 -9 
144 142  -1 -1  0 -9 
144 143   1 -3  0 -9 
144 144   1  0  0 -9 
145 145   1 -8  0 -9 
146 145  -1 -4  0 -9 
146 147   1 -3  0 -9 
147 145   1 -7  0 -9 
147 146   1 -3  0 -9 
148 145  -1 -3  0 -9 
148 146  -1 -1  0 -9 
148 147   1 -2  0 -9 
148 148   1  0  0 -9 
149 145   1 -7  0 -9 
149 149  -1 -6  0 -9 
150 149  -1 -4  0 -9 
150 151   1 -3  0 -9 
151 145   1 -6  0 -9 
151 149  -1 -5  0 -9 
151 150   1 -3  0 -9 
152 145  -1 -3  0 -9 
152 146  -1 -1  0 -9 
152 147   1 -2  0 -9 
152 149   1 -2  0 -9 
152 150   1 -2  0 -9 
152 151  -1 -1  0 -9 
152 152   1  0  0 -9 
153 145  -1 -2  0 -9 
153 146  -1  0  0 -9 
153 147   1 -1  0 -9 
153 148   1  1  0 -9 
153 149   1 -1  0 -9 
153 151  -1  0  0 -9 
153 152   1  1  0 -9 
153 153  -1  2  0 -9 
154 126   1 -7  0 -9 
154 154  -1 -6  0 -9 
155 154  -1 -4  0 -9 
155 156   1 -3  0 -9 
156 126   1 -6  0 -9 
156 154  -1 -5  0 -9 
156 155   1 -3  0 -9 
157 126  -1 -3  0 -9 
157 127  -1 -1  0 -9 
157 128   1 -2  0 -9 
157 154   1 -2  0 -9 
157 155   1 -2  0 -9 
157 156  -1 -1  0 -9 
157 157   1  0  0 -9 
158 126  -1 -2  0 -9 
158 127  -1  0  0 -9 
158 128   1 -1  0 -9 
158 129   1  1  0 -9 
158 154   1 -1  0 -9 
158 156  -1  0  0 -9 
158 157   1  1  0 -9 
158 158  -1  2  0 -9 
159 126  -1 -4  0 -9 
159 131  -1 -1  0 -9 
159 132   1 -2  0 -9 
159 145   1 -5  0 -9 
159 149  -1 -4  0 -9 
159 150   1 -2  0 -9 
159 151  -1 -1  0 -9 
159 154   1 -3  0 -9 
159 159   1  0  0 -9 
160 161   1 -3  0 -9 
161 160   1 -3  0 -9 
162 160  -1 -1  0 -9 
162 161   1 -2  0 -9 
162 162   1  0  0 -9 
163 160  -1  0  0 -9 
163 162   1  1  0 -9 
163 163  -1  2  0 -9 
164 135  -1 -1  0 -9 
164 136   1 -2  0 -9 
164 160   1 -2  0 -9 
164 161  -1 -1  0 -9 
164 164   1  0  0 -9 
165 135  -1  0  0 -9 
165 136   1 -1  0 -9 
165 137   1  1  0 -9 
165 161  -1  0  0 -9 
165 164   1  1  0 -9 
165 165  -1  2  0 -9 
166 166   1 -8  0 -9 
167 166   1 -7  0 -9 
167 167  -1 -6  0 -9 
168 167  -1 -4  0 -9 
168 169   1 -3  0 -9 
169 166   1 -6  0 -9 
169 167  -1 -5  0 -9 
169 168   1 -3  0 -9 
170 21   1 -7  0 -9 
170 170  -1 -6  0 -9 
171 21  -1 -4  0 -9 
171 23  -1 -1  0 -9 
171 24   1 -2  0 -9 
171 166   1 -5  0 -9 
171 167  -1 -4  0 -9 
171 168   1 -2  0 -9 
171 169  -1 -1  0 -9 
171 170   1 -3  0 -9 
171 171   1  0  0 -9 
172 172   1 -8  0 -9 
173 172  -1 -4  0 -9 
173 174   1 -3  0 -9 
174 172   1 -7  0 -9 
174 173   1 -3  0 -9 
175 172  -1 -3  0 -9 
175 173  -1 -1  0 -9 
175 174   1 -2  0 -9 
175 175   1  0  0 -9 
176 172   1 -7  0 -9 
176 176  -1 -6  0 -9 
177 176  -1 -4  0 -9 
177 178   1 -3  0 -9 
178 172   1 -6  0 -9 
178 176  -1 -5  0 -9 
178 177   1 -3  0 -9 
179 172  -1 -3  0 -9 
179 173  -1 -1  0 -9 
179 174   1 -2  0 -9 
179 176   1 -2  0 -9 
179 177   1 -2  0 -9 
179 178  -1 -1  0 -9 
179 179   1  0  0 -9 
180 172  -1 -2  0 -9 
180 173  -1  0  0 -9 
180 174   1 -1  0 -9 
180 175   1  1  0 -9 
180 176   1 -1  0 -9 
180 178  -1  0  0 -9 
180 179   1  1  0 -9 
180 180  -1  2  0 -9 
181 25   1 -7  0 -9 
181 181  -1 -6  0 -9 
182 181  -1 -4  0 -9 
182 183   1 -3  0 -9 
183 25   1 -6  0 -9 
183 181  -1 -5  0 -9 
183 182   1 -3  0 -9 
184 25  -1 -3  0 -9 
184 26  -1 -1  0 -9 
184 27   1 -2  0 -9 
184 181   1 -2  0 -9 
184 182   1 -2  0 -9 
184 183  -1 -1  0 -9 
184 184   1  0  0 -9 
185 25  -1 -2  0 -9 
185 26  -1  0  0 -9 
185 27   1 -1  0 -9 
185 28   1  1  0 -9 
185 181   1 -1  0 -9 
185 183  -1  0  0 -9 
185 184   1  1  0 -9 
185 185  -1  2  0 -9 
186 25  -1 -4  0 -9 
186 30  -1 -1  0 -9 
186 31   1 -2  0 -9 
186 172   1 -5  0 -9 
186 176  -1 -4  0 -9 
186 177   1 -2  0 -9 
186 178  -1 -1  0 -9 
186 181   1 -3  0 -9 
186 186   1  0  0 -9 
187 188   1 -3  0 -9 
188 187   1 -3  0 -9 
189 187  -1 -1  0 -9 
189 188   1 -2  0 -9 
189 189   1  0  0 -9 
190 187  -1  0  0 -9 
190 189   1  1  0 -9 
190 190  -1  2  0 -9 
191 34  -1 -1  0 -9 
191 35   1 -2  0 -9 
191 187   1 -2  0 -9 
191 188  -1 -1  0 -9 
191 191   1  0  0 -9 
192 34  -1  0  0 -9 
192 35   1 -1  0 -9 
192 36   1  1  0 -9 
192 188  -1  0  0 -9 
192 191   1  1  0 -9 
192 192  -1  2  0 -9 
193 38   1 -7  0 -9 
193 193  -1 -6  0 -9 
194 38  -1 -4  0 -9 
194 40  -1 -1  0 -9 
194 41   1 -2  0 -9 
194 139   1 -5  0 -9 
194 140  -1 -4  0 -9 
194 141   1 -2  0 -9 
194 142  -1 -1  0 -9 
194 193   1 -3  0 -9 
194 194   1  0  0 -9 
195 44   1 -7  0 -9 
195 195  -1 -6  0 -9 
196 195  -1 -4  0 -9 
196 197   1 -3  0 -9 
197 44   1 -6  0 -9 
197 195  -1 -5  0 -9 
197 196   1 -3  0 -9 
198 44  -1 -3  0 -9 
198 45  -1 -1  0 -9 
198 46   1 -2  0 -9 
198 195   1 -2  0 -9 
198 196   1 -2  0 -9 
198 197  -1 -1  0 -9 
198 198   1  0  0 -9 
199 44  -1 -2  0 -9 
199 45  -1  0  0 -9 
199 46   1 -1  0 -9 
199 47   1  1  0 -9 
199 195   1 -1  0 -9 
199 197  -1  0  0 -9 
199 198   1  1  0 -9 
199 199  -1  2  0 -9 
200 44  -1 -4  0 -9 
200 49  -1 -1  0 -9 
200 50   1 -2  0 -9 
200 145   1 -5  0 -9 
200 149  -1 -4  0 -9 
200 150   1 -2  0 -9 
200 151  -1 -1  0 -9 
200 195   1 -3  0 -9 
200 200   1  0  0 -9 
201 25  -1 -4  0 -9 
201 54  -1 -1  0 -9 
201 55   1 -2  0 -9 
201 126   1 -5  0 -9 
201 154  -1 -4  0 -9 
201 155   1 -2  0 -9 
201 156  -1 -1  0 -9 
201 181   1 -3  0 -9 
201 201   1  0  0 -9 
202 59  -1 -1  0 -9 
202 60   1 -2  0 -9 
202 160   1 -2  0 -9 
202 161  -1 -1  0 -9 
202 202   1  0  0 -9 
203 59  -1  0  0 -9 
203 60   1 -1  0 -9 
203 61   1  1  0 -9 
203 161  -1  0  0 -9 
203 202   1  1  0 -9 
203 203  -1  2  0 -9 
204 204   1 -8  0 -9 
205 204  -1 -4  0 -9 
205 206   1 -3  0 -9 
206 204   1 -7  0 -9 
206 205   1 -3  0 -9 
207 204  -1 -3  0 -9 
207 205  -1 -1  0 -9 
207 206   1 -2  0 -9 
207 207   1  0  0 -9 
208 204   1 -7  0 -9 
208 208  -1 -6  0 -9 
209 208  -1 -4  0 -9 
209 210   1 -3  0 -9 
210 204   1 -6  0 -9 
210 208  -1 -5  0 -9 
210 209   1 -3  0 -9 
211 204  -1 -3  0 -9 
211 205  -1 -1  0 -9 
211 206   1 -2  0 -9 
211 208   1 -2  0 -9 
211 209   1 -2  0 -9 
211 210  -1 -1  0 -9 
211 211   1  0  0 -9 
212 204  -1 -2  0 -9 
212 205  -1  0  0 -9 
212 206   1 -1  0 -9 
212 207   1  1  0 -9 
212 208   1 -1  0 -9 
212 210  -1  0  0 -9 
212 211   1  1  0 -9 
212 212  -1  2  0 -9 
213 214   1 -3  0 -9 
214 213   1 -3  0 -9 
215 213  -1 -1  0 -9 
215 214   1 -2  0 -9 
215 215   1  0  0 -9 
216 213  -1  0  0 -9 
216 215   1  1  0 -9 
216 216  -1  2  0 -9 
217 218   1 -3  0 -9 
218 217   1 -3  0 -9 
219 217  -1 -1  0 -9 
219 218   1 -2  0 -9 
219 219   1  0  0 -9 
220 217  -1  0  0 -9 
220 219   1  1  0 -9 
220 220  -1  2  0 -9 
221 213  -1 -1  0 -9 
221 214   1 -2  0 -9 
221 217   1 -2  0 -9 
221 218  -1 -1  0 -9 
221 221   1  0  0 -9 
222 213  -1  0  0 -9 
222 214   1 -1  0 -9 
222 215   1  1  0 -9 
222 218  -1  0  0 -9 
222 221   1  1  0 -9 
222 222  -1  2  0 -9 
223 223   1  0  0 -9 
224 223   1  1  0 -9 
224 224  -1  2  0 -9 
225 65   1 -7  0 -9 
225 225  -1 -6  0 -9 
226 225  -1 -4  0 -9 
226 227   1 -3  0 -9 
227 65   1 -6  0 -9 
227 225  -1 -5  0 -9 
227 226   1 -3  0 -9 
228 65  -1 -3  0 -9 
228 66  -1 -1  0 -9 
228 67   1 -2  0 -9 
228 225   1 -2  0 -9 
228 226   1 -2  0 -9 
228 227  -1 -1  0 -9 
228 228   1  0  0 -9 
229 65  -1 -2  0 -9 
229 66  -1  0  0 -9 
229 67   1 -1  0 -9 
229 68   1  1  0 -9 
229 225   1 -1  0 -9 
229 227  -1  0  0 -9 
229 228   1  1  0 -9 
229 229  -1  2  0 -9 
230 65  -1 -4  0 -9 
230 70  -1 -1  0 -9 
230 71   1 -2  0 -9 
230 204   1 -5  0 -9 
230 208  -1 -4  0 -9 
230 209   1 -2  0 -9 
230 210  -1 -1  0 -9 
230 225   1 -3  0 -9 
230 230   1  0  0 -9 
231 232   1 -3  0 -9 
232 231   1 -3  0 -9 
233 231  -1 -1  0 -9 
233 232   1 -2  0 -9 
233 233   1  0  0 -9 
234 231  -1  0  0 -9 
234 233   1  1  0 -9 
234 234  -1  2  0 -9 
235 74  -1 -1  0 -9 
235 75   1 -2  0 -9 
235 231   1 -2  0 -9 
235 232  -1 -1  0 -9 
235 235   1  0  0 -9 
236 74  -1  0  0 -9 
236 75   1 -1  0 -9 
236 76   1  1  0 -9 
236 232  -1  0  0 -9 
236 235   1  1  0 -9 
236 236  -1  2  0 -9 
237 78  -1 -1  0 -9 
237 79   1 -2  0 -9 
237 217   1 -2  0 -9 
237 218  -1 -1  0 -9 
237 237   1  0  0 -9 
238 78  -1  0  0 -9 
238 79   1 -1  0 -9 
238 80   1  1  0 -9 
238 218  -1  0  0 -9 
238 237   1  1  0 -9 
238 238  -1  2  0 -9 
239 84   1  1  0 -9 
239 239  -1  2  0 -9 
9999 9999
