 0  0   1  0  0 -9 
 0  4  -1 -1  0 -9 
 0 12   1 -2  0 -9 
 0 21  -1 -3  0 -9 
 1  0   1  1  0 -9 
 1  1  -1  2  0 -9 
 1  4  -1  0  0 -9 
 1  6   1  1  0 -9 
 1 14   1 -2  0 -9 
 1 30  -1 -3  0 -9 
 2  2  -1  2  0 -9 
 2  5  -1  0  0 -9 
 2  6  -1  0  0 -9 
 2  7   1  1  0 -9 
 2  9  -1  0  0 -9 
 2 14   1 -1  0 -9 
 2 15  -1  0  0 -9 
 2 17   1  1  0 -9 
 2 22   1 -1  0 -9 
 2 26  -1  0 -1 -2  0 -9 
 2 30  -1 -2  0 -9 
 2 31  -1 -2  0 -9 
 2 33   1 -1  0 -9 
 2 38   1 -3  0 -9 
 3  3  -1  2  0 -9 
 3  8   1  1  0 -9 
 3 10  -1  0  0 -9 
 3 13  -1  0  0 -9 
 3 16  -1  0  0 -9 
 3 18   1  1  0 -9 
 3 21  -1 -2  0 -9 
 3 23   1 -1  0 -9 
 3 25   1 -1  0 -9 
 3 27  -1  0 -1 -2  0 -9 
 3 32  -1 -2  0 -9 
 3 34   1 -1  0 -9 
 3 39   1 -3  0 -9 
 4 12   1 -3  0 -9 
 4 21  -1 -4  0 -9 
 5 13   1 -3  0 -9 
 5 25  -1 -4  0 -9 
 6 14   1 -3  0 -9 
 6 30  -1 -4  0 -9 
 7  5  -1 -1  0 -9 
 7  6  -1 -1  0 -9 
 7  7   1  0  0 -9 
 7  9  -1 -1  0 -9 
 7 13   1 -2  0 -9 
 7 14   1 -2  0 -9 
 7 15  -1 -1  0 -9 
 7 22   1 -2  0 -9 
 7 25  -1 -3  0 -9 
 7 26  -1 -3  0 -9 
 7 30  -1 -3  0 -9 
 7 31  -1 -3  0 -9 
 7 33   1 -2  0 -9 
 7 38   1 -4  0 -9 
 8  8   1  0  0 -9 
 8 10  -1 -1  0 -9 
 8 16  -1 -1  0 -9 
 8 21  -1 -3  0 -9 
 8 23   1 -2  0 -9 
 8 27  -1 -3  0 -9 
 8 32  -1 -3  0 -9 
 8 34   1 -2  0 -9 
 8 39   1 -4  0 -9 
 9 22   1 -3  0 -9 
 9 26  -1 -4  0 -9 
 9 31  -1 -4  0 -9 
 9 38   1 -5  0 -9 
10 21  -1 -4  0 -9 
10 23   1 -3  0 -9 
10 27  -1 -4  0 -9 
10 32  -1 -4  0 -9 
10 39   1 -5  0 -9 
11  9  -1 -1  0 -9 
11 11   1  0  0 -9 
11 22   1 -2  0 -9 
11 24  -1 -1  0 -9 
11 26  -1 -3  0 -9 
11 31  -1 -3  0 -9 
11 36   1 -2  0 -9 
11 38   1 -4  0 -9 
11 40  -1 -3  0 -9 
12  4   1 -3  0 -9 
12 21   1 -7  0 -9 
13  5   1 -3  0 -9 
13 21   1 -6  0 -9 
13 25  -1 -5  0 -9 
14  6   1 -3  0 -9 
14 21   1 -6  0 -9 
14 30  -1 -5  0 -9 
15 21   1 -5  0 -9 
15 25  -1 -4  0 -9 
15 26  -1 -4  0 -9 
15 30  -1 -4  0 -9 
15 31  -1 -4  0 -9 
15 33   1 -3  0 -9 
15 38   1 -5  0 -9 
16 27  -1 -4  0 -9 
16 32  -1 -4  0 -9 
16 34   1 -3  0 -9 
16 39   1 -5  0 -9 
17  6  -1 -1  0 -9 
17  9  -1 -1  0 -9 
17 14   1 -2  0 -9 
17 15  -1 -1  0 -9 
17 17   1  0  0 -9 
17 22   1 -2  0 -9 
17 26  -1 -1 -1 -3 -1 -5  0 -9 
17 30  -1 -3  0 -9 
17 31  -1 -3  0 -9 
17 33   1 -2  0 -9 
17 38   1 -4  1 -6  0 -9 
18  5   1 -2  0 -9 
18 10  -1 -1  0 -9 
18 13  -1 -1  0 -9 
18 16  -1 -1  0 -9 
18 18   1  0  0 -9 
18 21  -1 -3  0 -9 
18 23   1 -2  0 -9 
18 25   1 -2  0 -9 
18 27  -1 -1 -1 -3 -1 -5  0 -9 
18 32  -1 -3  0 -9 
18 34   1 -2  0 -9 
18 39   1 -4  1 -6  0 -9 
19  9  -1 -1  0 -9 
19 19   1  0  0 -9 
19 22   1 -2  0 -9 
19 27  -1 -4  0 -9 
19 28  -1 -1  0 -9 
19 31  -1 -3  0 -9 
19 35   1 -2  0 -9 
19 39   1 -5  0 -9 
20  9  -1  0  0 -9 
20 11   1  1  0 -9 
20 16   1  1  0 -9 
20 19   1  1  0 -9 
20 20  -1  2  0 -9 
20 22   1 -1  0 -9 
20 24  -1  0  0 -9 
20 27  -1 -3  0 -9 
20 28  -1  0  0 -9 
20 29   1  1  0 -9 
20 32  -1 -3  0 -9 
20 34   1 -2  0 -9 
20 37   1 -2  0 -9 
20 39   1 -4  0 -9 
20 41  -1 -3  0 -9 
21 21   1 -8  0 -9 
22  9   1 -3  0 -9 
22 26  -1 -5  0 -9 
22 31  -1 -5  0 -9 
22 38   1 -6  0 -9 
23 10   1 -3  0 -9 
23 21   1 -7  0 -9 
23 27  -1 -5  0 -9 
23 32  -1 -5  0 -9 
23 39   1 -6  0 -9 
24 26  -1 -4  0 -9 
24 31  -1 -4  0 -9 
24 36   1 -3  0 -9 
24 38   1 -5  0 -9 
24 40  -1 -4  0 -9 
25 21   1 -7  0 -9 
25 25  -1 -6  0 -9 
26 26  -1 -6  0 -9 
26 38   1 -7  0 -9 
27 27  -1 -6  0 -9 
27 39   1 -7  0 -9 
28 27  -1 -5  0 -9 
28 31  -1 -4  0 -9 
28 35   1 -3  0 -9 
28 39   1 -6  0 -9 
29 37   1 -3  0 -9 
29 41  -1 -4  0 -9 
30 21   1 -7  0 -9 
30 30  -1 -6  0 -9 
31 31  -1 -6  0 -9 
31 38   1 -7  0 -9 
32 32  -1 -6  0 -9 
32 39   1 -7  0 -9 
33 15   1 -3  0 -9 
33 21   1 -6  0 -9 
33 25  -1 -5  0 -9 
33 26  -1 -5  0 -9 
33 30  -1 -5  0 -9 
33 31  -1 -5  0 -9 
33 38   1 -6  0 -9 
34 16   1 -3  0 -9 
34 27  -1 -5  0 -9 
34 32  -1 -5  0 -9 
34 39   1 -6  0 -9 
35 27  -1 -4  0 -9 
35 28   1 -3  0 -9 
35 31  -1 -5  0 -9 
35 38   1 -6  0 -9 
36 24   1 -3  0 -9 
36 26  -1 -5  0 -9 
36 31  -1 -5  0 -9 
36 38   1 -6  0 -9 
36 40   1 -7  0 -9 
37 29   1 -3  0 -9 
37 40   1 -6  0 -9 
37 41  -1 -5  0 -9 
38 38   1 -8  0 -9 
39 39   1 -8  0 -9 
40 40   1 -8  0 -9 
41 40   1 -7  0 -9 
41 41  -1 -6  0 -9 
42 12  -1  0  0 -9 
42 21   1 -1  0 -9 
42 42  -1  2  0 -9 
42 71   1  1  0 -9 
42 80  -1  0  0 -9 
43 13  -1  0  0 -9 
43 25   1 -1  0 -9 
43 43  -1  2  0 -9 
43 50  -1  0  0 -9 
43 54   1  1  0 -9 
43 72   1  1  0 -9 
43 84  -1  0  0 -9 
43 89   1 -1  0 -9 
44 14  -1  0  0 -9 
44 30   1 -1  0 -9 
44 44  -1  2  0 -9 
44 73   1  1  0 -9 
44 95  -1  0  0 -9 
45 15  -1  0  0 -9 
45 45  -1  2  0 -9 
45 59  -1  0  0 -9 
45 60  -1  0  0 -9 
45 62   1  1  0 -9 
45 67   1 -1  0 -9 
45 74   1  1  0 -9 
45 98  -1  0  0 -9 
45 103   1 -1  0 -9 
45 107  -1 -2  0 -9 
46 16  -1  0  0 -9 
46 46  -1  2  0 -9 
46 61  -1  0  0 -9 
46 63   1  1  0 -9 
46 68   1 -1  0 -9 
46 75   1  1  0 -9 
46 99  -1  0  0 -9 
46 104   1 -1  0 -9 
46 108  -1 -2  0 -9 
47 22  -1  0  0 -9 
47 26   1 -1  0 -9 
47 31   1 -1  0 -9 
47 38  -1 -2  0 -9 
47 47  -1  2  0 -9 
47 51  -1  0  0 -9 
47 55   1  1  0 -9 
47 81   1  1  0 -9 
47 85  -1  0  0 -9 
47 90   1 -1  0 -9 
47 96  -1  0  0 -9 
47 113   1 -1  0 -9 
47 117  -1 -2  0 -9 
48 21   1 -1  0 -9 
48 23  -1  0  0 -9 
48 27   1 -1  0 -9 
48 32   1 -1  0 -9 
48 39  -1 -2  0 -9 
48 48  -1  2  0 -9 
48 52  -1  0  0 -9 
48 56   1  1  0 -9 
48 80  -1  0  0 -9 
48 82   1  1  0 -9 
48 86  -1  0  0 -9 
48 91   1 -1  0 -9 
48 97  -1  0  0 -9 
48 114   1 -1  0 -9 
48 118  -1 -2  0 -9 
49 24  -1  0  0 -9 
49 40  -1 -2  0 -9 
49 49  -1  2  0 -9 
49 53  -1  0  0 -9 
49 60  -1  0  0 -9 
49 65   1  1  0 -9 
49 67   1 -1  0 -9 
49 69  -1  0 -1 -2  0 -9 
49 83   1  1  0 -9 
49 101  -1  0  0 -9 
49 107  -1 -2  0 -9 
49 109   1 -1  0 -9 
49 115   1 -1  0 -9 
49 119  -1 -2  0 -9 
49 123   1 -3  0 -9 
50 21  -1 -4  0 -9 
50 80   1 -3  0 -9 
51 38  -1 -4  0 -9 
51 67  -1 -4  0 -9 
51 107   1 -5  0 -9 
51 113   1 -3  0 -9 
51 117  -1 -4  0 -9 
52 39  -1 -4  0 -9 
52 68  -1 -4  0 -9 
52 108   1 -5  0 -9 
52 114   1 -3  0 -9 
52 118  -1 -4  0 -9 
53 40  -1 -4  0 -9 
53 69  -1 -4  0 -9 
53 115   1 -3  0 -9 
53 119  -1 -4  0 -9 
53 123   1 -5  0 -9 
54 21  -1 -3  0 -9 
54 25   1 -2  0 -9 
54 50  -1 -1  0 -9 
54 54   1  0  0 -9 
54 80   1 -2  0 -9 
54 84  -1 -1  0 -9 
54 89   1 -2  0 -9 
55 26   1 -2  0 -9 
55 38  -1 -3  0 -9 
55 51  -1 -1  0 -9 
55 55   1  0  0 -9 
55 85  -1 -1  0 -9 
55 90   1 -2  0 -9 
55 113   1 -2  0 -9 
55 117  -1 -3  0 -9 
56 27   1 -2  0 -9 
56 39  -1 -3  0 -9 
56 52  -1 -1  0 -9 
56 56   1  0  0 -9 
56 86  -1 -1  0 -9 
56 91   1 -2  0 -9 
56 114   1 -2  0 -9 
56 118  -1 -3  0 -9 
57 27   1 -1  0 -9 
57 28  -1  0  0 -9 
57 38  -1 -3  0 -9 
57 51   1  1  0 -9 
57 52  -1  0  0 -9 
57 56   1  1  0 -9 
57 57  -1  2  0 -9 
57 60  -1  0  0 -9 
57 64   1  1  0 -9 
57 67  -1 -3  0 -9 
57 68   1 -2  0 -9 
57 86  -1  0  0 -9 
57 87   1  1  0 -9 
57 91   1 -1  0 -9 
57 92  -1  0  0 -9 
57 100  -1  0  0 -9 
57 105   1 -1  0 -9 
57 107   1 -4  0 -9 
57 108  -1 -3  0 -9 
57 113   1 -2  0 -9 
57 117  -1 -3  0 -9 
58 29  -1  0  0 -9 
58 40  -1 -3  0 -9 
58 53   1  1  0 -9 
58 58  -1  2  0 -9 
58 66   1  1  0 -9 
58 69  -1 -3  0 -9 
58 70  -1  0  0 -9 
58 88   1  1  0 -9 
58 93  -1  0  0 -9 
58 102  -1  0  0 -9 
58 110   1 -1  0 -9 
58 115   1 -2  0 -9 
58 119  -1 -3  0 -9 
58 123   1 -4  0 -9 
59 30  -1 -4  0 -9 
59 95   1 -3  0 -9 
60 31  -1 -4  0 -9 
60 67  -1 -5  0 -9 
60 96   1 -3  0 -9 
60 107   1 -6  0 -9 
61 32  -1 -4  0 -9 
61 68  -1 -5  0 -9 
61 97   1 -3  0 -9 
61 108   1 -6  0 -9 
62 30  -1 -3  0 -9 
62 31  -1 -3  0 -9 
62 59  -1 -1  0 -9 
62 60  -1 -1  0 -9 
62 62   1  0  0 -9 
62 67   1 -2  0 -9 
62 95   1 -2  0 -9 
62 96   1 -2  0 -9 
62 98  -1 -1  0 -9 
62 103   1 -2  0 -9 
62 107  -1 -3  0 -9 
63 32  -1 -3  0 -9 
63 61  -1 -1  0 -9 
63 63   1  0  0 -9 
63 68   1 -2  0 -9 
63 97   1 -2  0 -9 
63 99  -1 -1  0 -9 
63 104   1 -2  0 -9 
63 108  -1 -3  0 -9 
64 31  -1 -3  0 -9 
64 60  -1 -1  0 -9 
64 64   1  0  0 -9 
64 67  -1 -4  0 -9 
64 68   1 -3  0 -9 
64 96   1 -2  0 -9 
64 100  -1 -1  0 -9 
64 105   1 -2  0 -9 
64 107   1 -5  0 -9 
64 108  -1 -4  0 -9 
65 31  -1 -3  0 -9 
65 40  -1 -3  0 -9 
65 53  -1 -1  0 -9 
65 60  -1 -1  0 -9 
65 65   1  0  0 -9 
65 67   1 -2  0 -9 
65 69  -1 -1 -1 -3 -1 -5  0 -9 
65 96   1 -2  0 -9 
65 101  -1 -1  0 -9 
65 107  -1 -3  0 -9 
65 109   1 -2  0 -9 
65 115   1 -2  0 -9 
65 119  -1 -3  0 -9 
65 123   1 -4  1 -6  0 -9 
66 41  -1 -3  0 -9 
66 66   1  0  0 -9 
66 69  -1 -4  0 -9 
66 70  -1 -1  0 -9 
66 102  -1 -1  0 -9 
66 110   1 -2  0 -9 
66 116   1 -2  0 -9 
66 120  -1 -3  0 -9 
66 123   1 -5  0 -9 
67 67  -1 -6  0 -9 
67 107   1 -7  0 -9 
68 68  -1 -6  0 -9 
68 108   1 -7  0 -9 
69 69  -1 -6  0 -9 
69 123   1 -7  0 -9 
70 41  -1 -4  0 -9 
70 69  -1 -5  0 -9 
70 116   1 -3  0 -9 
70 120  -1 -4  0 -9 
70 123   1 -6  0 -9 
71  4   1 -2  0 -9 
71 12  -1 -1  0 -9 
71 21   1 -2  1 -6  0 -9 
71 50   1 -2  0 -9 
71 71   1  0  0 -9 
71 80  -1 -1  0 -9 
72  5   1 -2  0 -9 
72 13  -1 -1  0 -9 
72 21   1 -5  0 -9 
72 25   1 -2 -1 -4  0 -9 
72 72   1  0  0 -9 
72 84  -1 -1  0 -9 
72 89   1 -2  0 -9 
73  6   1 -2  0 -9 
73 14  -1 -1  0 -9 
73 21   1 -5  0 -9 
73 30   1 -2 -1 -4  0 -9 
73 59   1 -2  0 -9 
73 73   1  0  0 -9 
73 95  -1 -1  0 -9 
74 15  -1 -1  0 -9 
74 21   1 -4  0 -9 
74 25  -1 -3  0 -9 
74 26  -1 -3  0 -9 
74 30  -1 -3  0 -9 
74 31  -1 -3  0 -9 
74 33   1 -2  0 -9 
74 38   1 -4  0 -9 
74 74   1  0  0 -9 
74 98  -1 -1  0 -9 
74 103   1 -2  0 -9 
74 107  -1 -3  0 -9 
75 16  -1 -1  0 -9 
75 27  -1 -3  0 -9 
75 32  -1 -3  0 -9 
75 34   1 -2  0 -9 
75 39   1 -4  0 -9 
75 75   1  0  0 -9 
75 99  -1 -1  0 -9 
75 104   1 -2  0 -9 
75 108  -1 -3  0 -9 
76  6  -1  0  0 -9 
76  9  -1  0  0 -9 
76 15  -1  0  0 -9 
76 17   1  1  0 -9 
76 26  -1  0 -1 -4  0 -9 
76 33   1 -1  0 -9 
76 38   1 -5  0 -9 
76 74   1  1  0 -9 
76 76  -1  2  0 -9 
76 85   1  1  0 -9 
76 90   1 -2  0 -9 
76 98  -1  0  0 -9 
76 117  -1 -3  0 -9 
77  5   1 -1  0 -9 
77 10  -1  0  0 -9 
77 13  -1  0  0 -9 
77 16  -1  0  0 -9 
77 18   1  1  0 -9 
77 25   1 -1  0 -9 
77 27  -1  0 -1 -4  0 -9 
77 34   1 -1  0 -9 
77 39   1 -5  0 -9 
77 72   1  1  0 -9 
77 75   1  1  0 -9 
77 77  -1  2  0 -9 
77 84  -1  0  0 -9 
77 86   1  1  0 -9 
77 91   1 -2  0 -9 
77 99  -1  0  0 -9 
77 118  -1 -3  0 -9 
78  9  -1  0  0 -9 
78 19   1  1  0 -9 
78 26   1 -2  0 -9 
78 27  -1 -3  0 -9 
78 28  -1  0  0 -9 
78 35   1 -1  0 -9 
78 38  -1 -3  0 -9 
78 39   1 -4  0 -9 
78 78  -1  2  0 -9 
78 86  -1  0  0 -9 
78 87   1  1  0 -9 
78 91   1 -1  0 -9 
78 92  -1  0  0 -9 
78 94   1  1  0 -9 
78 100  -1  0  0 -9 
78 118  -1 -2  0 -9 
78 121   1 -1  0 -9 
79 16  -1  0  0 -9 
79 26   1 -1  0 -9 
79 27  -1  0 -1 -2  0 -9 
79 29  -1  0  0 -9 
79 31   1 -1  0 -9 
79 32  -1 -2  0 -9 
79 34   1 -1  0 -9 
79 36  -1  0  0 -9 
79 37   1 -1  0 -9 
79 38  -1 -2  0 -9 
79 39   1 -3  0 -9 
79 40   1 -1  0 -9 
79 41  -1 -2  0 -9 
79 75   1  1  0 -9 
79 79  -1  2  0 -9 
79 88   1  1  0 -9 
79 93  -1  0  0 -9 
79 99  -1  0  0 -9 
79 102  -1  0  0 -9 
79 104   1 -1  0 -9 
79 105  -1  0  0 -9 
79 106   1  1  0 -9 
79 108  -1 -2  0 -9 
79 110   1 -1  0 -9 
79 111   1 -1  0 -9 
79 112  -1  0 -1 -2  0 -9 
79 120  -1 -2  0 -9 
79 122   1 -1  0 -9 
79 124   1 -3  0 -9 
80 21   1 -7  0 -9 
80 50   1 -3  0 -9 
81  9   1 -2  0 -9 
81 22  -1 -1  0 -9 
81 26   1 -2 -1 -4  0 -9 
81 31   1 -2 -1 -4  0 -9 
81 38  -1 -3  1 -5  0 -9 
81 51  -1 -1  0 -9 
81 60   1 -2  0 -9 
81 67  -1 -3  0 -9 
81 81   1  0  0 -9 
81 85  -1 -1  0 -9 
81 90   1 -2  0 -9 
81 96  -1 -1  0 -9 
81 113   1 -2  0 -9 
81 117  -1 -3  0 -9 
82 10   1 -2  0 -9 
82 21   1 -2  1 -6  0 -9 
82 23  -1 -1  0 -9 
82 27   1 -2 -1 -4  0 -9 
82 32   1 -2 -1 -4  0 -9 
82 39  -1 -3  1 -5  0 -9 
82 50   1 -2  0 -9 
82 52  -1 -1  0 -9 
82 61   1 -2  0 -9 
82 68  -1 -3  0 -9 
82 80  -1 -1  0 -9 
82 82   1  0  0 -9 
82 86  -1 -1  0 -9 
82 91   1 -2  0 -9 
82 97  -1 -1  0 -9 
82 114   1 -2  0 -9 
82 118  -1 -3  0 -9 
83 24  -1 -1  0 -9 
83 26  -1 -3  0 -9 
83 31  -1 -3  0 -9 
83 36   1 -2  0 -9 
83 38   1 -4  0 -9 
83 40  -2 -3  0 -9 
83 53  -1 -1  0 -9 
83 69  -1 -3  0 -9 
83 83   1  0  0 -9 
83 101  -1 -1  0 -9 
83 107  -1 -3  0 -9 
83 109   1 -2  0 -9 
83 115   1 -2  0 -9 
83 119  -1 -3  0 -9 
83 123   1 -4  0 -9 
84 21   1 -6  0 -9 
84 25  -1 -5  0 -9 
84 89   1 -3  0 -9 
85 26  -1 -5  0 -9 
85 38   1 -6  0 -9 
85 90   1 -3  0 -9 
85 117  -1 -4  0 -9 
86 27  -1 -5  0 -9 
86 39   1 -6  0 -9 
86 91   1 -3  0 -9 
86 118  -1 -4  0 -9 
87 27   1 -2 -1 -4  0 -9 
87 28  -1 -1  0 -9 
87 31  -1 -3  0 -9 
87 35   1 -2  0 -9 
87 39   1 -5  0 -9 
87 86  -1 -1  0 -9 
87 87   1  0  0 -9 
87 91   1 -2  0 -9 
87 92  -1 -1  0 -9 
87 100  -1 -1  0 -9 
87 105   1 -2  0 -9 
87 111  -1 -3  0 -9 
87 118  -1 -3  0 -9 
87 121   1 -2  0 -9 
88 29  -1 -1  0 -9 
88 37   1 -2  0 -9 
88 41  -1 -3  0 -9 
88 88   1  0  0 -9 
88 93  -1 -1  0 -9 
88 102  -1 -1  0 -9 
88 110   1 -2  0 -9 
88 112  -1 -3  0 -9 
88 120  -1 -3  0 -9 
88 122   1 -2  0 -9 
88 124   1 -4  0 -9 
89 25  -1 -4  0 -9 
89 84   1 -3  0 -9 
90 26  -1 -4  0 -9 
90 85   1 -3  0 -9 
90 107   1 -6  0 -9 
90 117  -1 -5  0 -9 
91 27  -1 -4  0 -9 
91 86   1 -3  0 -9 
91 108   1 -6  0 -9 
91 118  -1 -5  0 -9 
92 108   1 -5  0 -9 
92 111  -1 -4  0 -9 
92 118  -1 -4  0 -9 
92 121   1 -3  0 -9 
93 112  -1 -4  0 -9 
93 120  -1 -4  0 -9 
93 122   1 -3  0 -9 
93 124   1 -5  0 -9 
94 26   1 -3  0 -9 
94 27  -1 -4  0 -9 
94 38  -1 -4  0 -9 
94 39   1 -5  0 -9 
94 86  -1 -1  0 -9 
94 91   1 -2  0 -9 
94 92  -1 -1  0 -9 
94 94   1  0  0 -9 
94 118  -1 -3  0 -9 
94 121   1 -2  0 -9 
95 21   1 -6  0 -9 
95 30  -1 -5  0 -9 
95 59   1 -3  0 -9 
96 31  -1 -5  0 -9 
96 38   1 -6  0 -9 
96 60   1 -3  0 -9 
96 67  -1 -4  0 -9 
97 32  -1 -5  0 -9 
97 39   1 -6  0 -9 
97 61   1 -3  0 -9 
97 68  -1 -4  0 -9 
98 21   1 -5  0 -9 
98 25  -1 -4  0 -9 
98 26  -1 -4  0 -9 
98 30  -1 -4  0 -9 
98 31  -1 -4  0 -9 
98 38   1 -5  0 -9 
98 103   1 -3  0 -9 
98 107  -1 -4  0 -9 
99 27  -1 -4  0 -9 
99 32  -1 -4  0 -9 
99 39   1 -5  0 -9 
99 104   1 -3  0 -9 
99 108  -1 -4  0 -9 
100 31  -1 -4  0 -9 
100 38   1 -5  0 -9 
100 105   1 -3  0 -9 
100 111  -1 -4  0 -9 
101 26  -1 -4  0 -9 
101 31  -1 -4  0 -9 
101 38   1 -5  0 -9 
101 40  -1 -4  1 -6  0 -9 
101 69  -1 -4  0 -9 
101 107  -1 -4  0 -9 
101 109   1 -3  0 -9 
101 119  -1 -4  0 -9 
101 123   1 -5  0 -9 
102 40   1 -5  0 -9 
102 41  -1 -4  0 -9 
102 110   1 -3  0 -9 
102 112  -1 -4  0 -9 
102 120  -1 -4  0 -9 
102 124   1 -5  0 -9 
103 21   1 -6  0 -9 
103 25  -1 -5  0 -9 
103 26  -1 -5  0 -9 
103 30  -1 -5  0 -9 
103 31  -1 -5  0 -9 
103 38   1 -6  0 -9 
103 98   1 -3  0 -9 
103 107   1 -7  0 -9 
104 27  -1 -5  0 -9 
104 32  -1 -5  0 -9 
104 39   1 -6  0 -9 
104 99   1 -3  0 -9 
104 108   1 -7  0 -9 
105 31  -1 -5  0 -9 
105 38   1 -6  0 -9 
105 100   1 -3  0 -9 
105 108   1 -6  0 -9 
105 111  -1 -5  0 -9 
106 16  -1 -1  0 -9 
106 24   1 -2  0 -9 
106 26   1 -2  0 -9 
106 27  -1 -1 -1 -3 -1 -5  0 -9 
106 29  -1 -1  0 -9 
106 31   1 -2 -1 -4  0 -9 
106 32  -1 -3  0 -9 
106 34   1 -2  0 -9 
106 36  -1 -1  0 -9 
106 37   1 -2  0 -9 
106 38  -1 -3  0 -9 
106 39   1 -4  1 -6  0 -9 
106 40   1 -2  1 -6  0 -9 
106 41  -1 -3  0 -9 
106 93  -1 -1  0 -9 
106 99  -1 -1  0 -9 
106 100   1 -2  0 -9 
106 102  -1 -1  0 -9 
106 104   1 -2  0 -9 
106 105  -1 -1  0 -9 
106 106   1  0  0 -9 
106 108  -1 -3  0 -9 
106 110   1 -2  0 -9 
106 111   1 -2  0 -9 
106 112  -1 -1 -1 -3 -1 -5  0 -9 
106 120  -1 -3  0 -9 
106 122   1 -2  0 -9 
106 124   1 -4  1 -6  0 -9 
107 107   1 -8  0 -9 
108 108   1 -8  0 -9 
109 26  -1 -5  0 -9 
109 31  -1 -5  0 -9 
109 38   1 -6  0 -9 
109 40  -1 -5  1 -7  0 -9 
109 69  -1 -5  0 -9 
109 101   1 -3  0 -9 
109 107   1 -7  0 -9 
109 119  -1 -5  0 -9 
109 123   1 -6  0 -9 
110 40   1 -6  0 -9 
110 41  -1 -5  0 -9 
110 102   1 -3  0 -9 
110 112  -1 -5  0 -9 
110 120  -1 -5  0 -9 
110 124   1 -6  0 -9 
111 38   1 -7  0 -9 
111 108   1 -7  0 -9 
111 111  -1 -6  0 -9 
112 40   1 -7  0 -9 
112 112  -1 -6  0 -9 
112 124   1 -7  0 -9 
113 38   1 -7  0 -9 
113 51   1 -3  0 -9 
113 67  -1 -5  0 -9 
113 107   1 -6  0 -9 
113 117  -1 -5  0 -9 
114 39   1 -7  0 -9 
114 52   1 -3  0 -9 
114 68  -1 -5  0 -9 
114 108   1 -6  0 -9 
114 118  -1 -5  0 -9 
115 40   1 -7  0 -9 
115 53   1 -3  0 -9 
115 69  -1 -5  0 -9 
115 119  -1 -5  0 -9 
115 123   1 -6  0 -9 
116 40   1 -6  0 -9 
116 41  -1 -5  0 -9 
116 69  -1 -4  0 -9 
116 70   1 -3  0 -9 
116 120  -1 -5  0 -9 
116 124   1 -6  0 -9 
117 107   1 -7  0 -9 
117 117  -1 -6  0 -9 
118 108   1 -7  0 -9 
118 118  -1 -6  0 -9 
119 119  -1 -6  0 -9 
119 123   1 -7  0 -9 
120 120  -1 -6  0 -9 
120 124   1 -7  0 -9 
121 38   1 -6  0 -9 
121 92   1 -3  0 -9 
121 108   1 -6  0 -9 
121 111  -1 -5  0 -9 
121 118  -1 -5  0 -9 
122 40   1 -6  0 -9 
122 93   1 -3  0 -9 
122 112  -1 -5  0 -9 
122 120  -1 -5  0 -9 
122 124   1 -6  0 -9 
123 123   1 -8  0 -9 
124 124   1 -8  0 -9 
125 21  -1 -3  0 -9 
125 50  -1 -1  0 -9 
125 80   1 -2  0 -9 
125 125   1  0  0 -9 
126 38  -1 -3  0 -9 
126 51  -1 -1  0 -9 
126 67  -1 -3  0 -9 
126 107   1 -4  0 -9 
126 113   1 -2  0 -9 
126 117  -1 -3  0 -9 
126 126   1  0  0 -9 
126 134  -1 -1  0 -9 
126 138   1 -2  0 -9 
127 39  -1 -3  0 -9 
127 52  -1 -1  0 -9 
127 68  -1 -3  0 -9 
127 108   1 -4  0 -9 
127 114   1 -2  0 -9 
127 118  -1 -3  0 -9 
127 127   1  0  0 -9 
127 135  -1 -1  0 -9 
127 139   1 -2  0 -9 
128 40  -1 -3  0 -9 
128 53  -1 -1  0 -9 
128 69  -1 -3  0 -9 
128 115   1 -2  0 -9 
128 119  -1 -3  0 -9 
128 123   1 -4  0 -9 
128 128   1  0  0 -9 
128 136  -1 -1  0 -9 
128 140   1 -2  0 -9 
128 144  -1 -3  0 -9 
129 21  -1 -2  0 -9 
129 25   1 -1  0 -9 
129 50  -1  0  0 -9 
129 54   1  1  0 -9 
129 80   1 -1  0 -9 
129 84  -1  0  0 -9 
129 125   1  1  0 -9 
129 129  -1  2  0 -9 
130 26   1 -1  0 -9 
130 38  -1 -2  0 -9 
130 51  -1  0  0 -9 
130 55   1  1  0 -9 
130 85  -1  0  0 -9 
130 113   1 -1  0 -9 
130 126   1  1  0 -9 
130 130  -1  2  0 -9 
130 134  -1  0  0 -9 
131 27   1 -1  0 -9 
131 39  -1 -2  0 -9 
131 52  -1  0  0 -9 
131 56   1  1  0 -9 
131 86  -1  0  0 -9 
131 114   1 -1  0 -9 
131 127   1  1  0 -9 
131 131  -1  2  0 -9 
131 135  -1  0  0 -9 
132 38  -1 -2  0 -9 
132 51  -1  0  0 -9 
132 67  -1  0 -1 -2  0 -9 
132 68   1 -1  0 -9 
132 107   1 -3  0 -9 
132 108  -1 -2  0 -9 
132 111   1 -1  0 -9 
132 113   1 -1  0 -9 
132 117  -1 -2  0 -9 
132 118   1 -1  0 -9 
132 121  -1  0  0 -9 
132 126   1  1  0 -9 
132 132  -1  2  0 -9 
132 134  -1  0  0 -9 
132 138   1 -1  0 -9 
132 139  -1  0  0 -9 
132 142   1  1  0 -9 
133 40  -1 -2  0 -9 
133 53  -1  0  0 -9 
133 69  -1  0 -1 -2  0 -9 
133 112   1 -1  0 -9 
133 115   1 -1  0 -9 
133 119  -1 -2  0 -9 
133 120   1 -1  0 -9 
133 122  -1  0  0 -9 
133 123   1 -3  0 -9 
133 124  -1 -2  0 -9 
133 128   1  1  0 -9 
133 133  -1  2  0 -9 
133 136  -1  0  0 -9 
133 140   1 -1  0 -9 
133 141  -1  0  0 -9 
133 143   1  1  0 -9 
133 144  -1 -2  0 -9 
133 145   1 -1  0 -9 
134 67  -1 -4  0 -9 
134 107   1 -5  0 -9 
134 117  -1 -4  0 -9 
134 138   1 -3  0 -9 
135 68  -1 -4  0 -9 
135 108   1 -5  0 -9 
135 118  -1 -4  0 -9 
135 139   1 -3  0 -9 
136 69  -1 -4  0 -9 
136 119  -1 -4  0 -9 
136 123   1 -5  0 -9 
136 140   1 -3  0 -9 
136 144  -1 -4  0 -9 
137 120  -1 -4  0 -9 
137 124   1 -5  0 -9 
137 141   1 -3  0 -9 
137 145  -1 -4  0 -9 
138 67  -1 -5  0 -9 
138 107   1 -6  0 -9 
138 117  -1 -5  0 -9 
138 134   1 -3  0 -9 
139 68  -1 -5  0 -9 
139 108   1 -6  0 -9 
139 118  -1 -5  0 -9 
139 135   1 -3  0 -9 
140 69  -1 -5  0 -9 
140 119  -1 -5  0 -9 
140 123   1 -6  0 -9 
140 136   1 -3  0 -9 
140 144   1 -7  0 -9 
141 120  -1 -5  0 -9 
141 124   1 -6  0 -9 
141 137   1 -3  0 -9 
141 144   1 -6  0 -9 
141 145  -1 -5  0 -9 
142 38  -1 -3  0 -9 
142 51  -1 -1  0 -9 
142 67  -1 -1 -1 -3 -1 -5  0 -9 
142 68   1 -2  0 -9 
142 92   1 -2  0 -9 
142 107   1 -4  1 -6  0 -9 
142 108  -1 -3  0 -9 
142 111   1 -2  0 -9 
142 113   1 -2  0 -9 
142 117  -1 -3  0 -9 
142 118   1 -2 -1 -4  0 -9 
142 121  -1 -1  0 -9 
142 134  -1 -1  0 -9 
142 135   1 -2  0 -9 
142 138   1 -2  0 -9 
142 139  -1 -1  0 -9 
142 142   1  0  0 -9 
143 40  -1 -3  0 -9 
143 53  -1 -1  0 -9 
143 69  -1 -1 -1 -3 -1 -5  0 -9 
143 93   1 -2  0 -9 
143 112   1 -2  0 -9 
143 115   1 -2  0 -9 
143 119  -1 -3  0 -9 
143 120   1 -2 -1 -4  0 -9 
143 122  -1 -1  0 -9 
143 123   1 -4  1 -6  0 -9 
143 124  -1 -3  0 -9 
143 136  -1 -1  0 -9 
143 137   1 -2  0 -9 
143 140   1 -2  0 -9 
143 141  -1 -1  0 -9 
143 143   1  0  0 -9 
143 144  -1 -3  0 -9 
143 145   1 -2  0 -9 
144 144   1 -8  0 -9 
145 124   1 -7  0 -9 
145 144   1 -7  0 -9 
145 145  -1 -6  0 -9 
146  0   1  1  0 -9 
146  4  -1  0  0 -9 
146 12   1 -1  0 -9 
146 21  -1 -2  0 -9 
146 146  -1  2  0 -9 
146 150   1  1  0 -9 
146 158  -1  0  0 -9 
146 167   1 -1  0 -9 
147  6  -1  0  0 -9 
147 14   1 -1  0 -9 
147 30  -1 -2  0 -9 
147 147  -1  2  0 -9 
147 152   1  1  0 -9 
147 160  -1  0  0 -9 
147 176  -1  0  0 -9 
147 178   1  1  0 -9 
147 191   1 -1  0 -9 
148 148  -1  2  0 -9 
148 161  -1  0  0 -9 
148 163   1  1  0 -9 
148 172  -1  0 -1 -2  0 -9 
148 177  -1  0  0 -9 
148 179   1  1  0 -9 
148 181  -1  0  0 -9 
148 186   1 -1  0 -9 
148 194   1 -1  0 -9 
148 199  -1 -2  0 -9 
148 203   1 -3  0 -9 
149 149  -1  2  0 -9 
149 159  -1  0  0 -9 
149 162  -1  0  0 -9 
149 164   1  1  0 -9 
149 171   1 -1  0 -9 
149 173  -1  0 -1 -2  0 -9 
149 180   1  1  0 -9 
149 182  -1  0  0 -9 
149 185  -1 -2  0 -9 
149 187   1 -1  0 -9 
149 195   1 -1  0 -9 
149 200  -1 -2  0 -9 
149 204   1 -3  0 -9 
150  4  -1 -1  0 -9 
150 12   1 -2  0 -9 
150 21  -1 -3  0 -9 
150 150   1  0  0 -9 
150 158  -1 -1  0 -9 
150 167   1 -2  0 -9 
150 176   1 -2  0 -9 
151  5  -1 -1  0 -9 
151 13   1 -2  0 -9 
151 21  -1 -4  0 -9 
151 151   1  0  0 -9 
151 159  -1 -1  0 -9 
151 167   1 -3  0 -9 
151 171  -1 -4  0 -9 
151 177   1 -2  0 -9 
151 185   1 -5  0 -9 
152  6  -1 -1  0 -9 
152 14   1 -2  0 -9 
152 30  -1 -3  0 -9 
152 152   1  0  0 -9 
152 160  -1 -1  0 -9 
152 191   1 -2  0 -9 
153  5  -1  0  0 -9 
153  6  -1  0  0 -9 
153  7   1  1  0 -9 
153  9  -1  0  0 -9 
153 13   1 -1  0 -9 
153 14   1 -1  0 -9 
153 15  -1  0  0 -9 
153 21  -1 -3  0 -9 
153 22   1 -1  0 -9 
153 151   1  1  0 -9 
153 152   1  1  0 -9 
153 153  -1  2  0 -9 
153 155   1  1  0 -9 
153 159  -1  0  0 -9 
153 160  -1  0  0 -9 
153 161   1  1  0 -9 
153 167   1 -2  0 -9 
153 168  -1  0  0 -9 
153 171  -1 -3  0 -9 
153 172  -1 -3  0 -9 
153 185   1 -4  0 -9 
153 194   1 -2  0 -9 
153 199  -1 -3  0 -9 
153 203   1 -4  0 -9 
154  8   1  1  0 -9 
154 10  -1  0  0 -9 
154 16  -1  0  0 -9 
154 21  -1 -2  0 -9 
154 23   1 -1  0 -9 
154 154  -1  2  0 -9 
154 156   1  1  0 -9 
154 162   1  1  0 -9 
154 167   1 -1  0 -9 
154 169  -1  0  0 -9 
154 173  -1 -3  0 -9 
154 195   1 -2  0 -9 
154 200  -1 -3  0 -9 
154 204   1 -4  0 -9 
155  9  -1 -1  0 -9 
155 22   1 -2  0 -9 
155 31  -1 -3  0 -9 
155 155   1  0  0 -9 
155 168  -1 -1  0 -9 
155 172  -1 -4  0 -9 
155 192   1 -2  0 -9 
155 203   1 -5  0 -9 
156 10  -1 -1  0 -9 
156 21  -1 -3  0 -9 
156 23   1 -2  0 -9 
156 32  -1 -3  0 -9 
156 156   1  0  0 -9 
156 167   1 -2  0 -9 
156 169  -1 -1  0 -9 
156 173  -1 -4  0 -9 
156 193   1 -2  0 -9 
156 204   1 -5  0 -9 
157  9  -1  0  0 -9 
157 11   1  1  0 -9 
157 22   1 -1  0 -9 
157 24  -1  0  0 -9 
157 155   1  1  0 -9 
157 157  -1  2  0 -9 
157 168  -1  0  0 -9 
157 170   1  1  0 -9 
157 172  -1 -3  0 -9 
157 197   1 -2  0 -9 
157 203   1 -4  0 -9 
157 205  -1 -3  0 -9 
158 21   1 -6  0 -9 
158 167  -1 -5  0 -9 
158 176   1 -3  0 -9 
159 171  -1 -5  0 -9 
159 177   1 -3  0 -9 
159 185   1 -6  0 -9 
160 21   1 -5  0 -9 
160 30  -1 -4  0 -9 
160 167  -1 -4  0 -9 
160 191   1 -3  0 -9 
161 171  -1 -4  0 -9 
161 172  -1 -4  0 -9 
161 185   1 -5  0 -9 
161 194   1 -3  0 -9 
161 199  -1 -4  0 -9 
161 203   1 -5  0 -9 
162 173  -1 -4  0 -9 
162 195   1 -3  0 -9 
162 200  -1 -4  0 -9 
162 204   1 -5  0 -9 
163 161  -1 -1  0 -9 
163 163   1  0  0 -9 
163 172  -1 -1 -1 -3 -1 -5  0 -9 
163 181  -1 -1  0 -9 
163 186   1 -2  0 -9 
163 194   1 -2  0 -9 
163 199  -1 -3  0 -9 
163 203   1 -4  1 -6  0 -9 
164 159  -1 -1  0 -9 
164 162  -1 -1  0 -9 
164 164   1  0  0 -9 
164 171   1 -2  0 -9 
164 173  -1 -1 -1 -3 -1 -5  0 -9 
164 177   1 -2  0 -9 
164 182  -1 -1  0 -9 
164 185  -1 -3  0 -9 
164 187   1 -2  0 -9 
164 195   1 -2  0 -9 
164 200  -1 -3  0 -9 
164 204   1 -4  1 -6  0 -9 
165 165   1  0  0 -9 
165 173  -1 -4  0 -9 
165 174  -1 -1  0 -9 
165 183  -1 -1  0 -9 
165 188   1 -2  0 -9 
165 196   1 -2  0 -9 
165 201  -1 -3  0 -9 
165 204   1 -5  0 -9 
166 162   1  1  0 -9 
166 165   1  1  0 -9 
166 166  -1  2  0 -9 
166 173  -1 -3  0 -9 
166 174  -1  0  0 -9 
166 175   1  1  0 -9 
166 183  -1  0  0 -9 
166 184   1  1  0 -9 
166 188   1 -1  0 -9 
166 189  -1  0  0 -9 
166 195   1 -2  0 -9 
166 198   1 -2  0 -9 
166 200  -1 -3  0 -9 
166 204   1 -4  0 -9 
166 206  -1 -3  0 -9 
167 21   1 -7  0 -9 
167 167  -1 -6  0 -9 
168 31  -1 -4  0 -9 
168 172  -1 -5  0 -9 
168 192   1 -3  0 -9 
168 203   1 -6  0 -9 
169 21   1 -6  0 -9 
169 32  -1 -4  0 -9 
169 167  -1 -5  0 -9 
169 173  -1 -5  0 -9 
169 193   1 -3  0 -9 
169 204   1 -6  0 -9 
170 172  -1 -4  0 -9 
170 197   1 -3  0 -9 
170 203   1 -5  0 -9 
170 205  -1 -4  0 -9 
171 171  -1 -6  0 -9 
171 185   1 -7  0 -9 
172 172  -1 -6  0 -9 
172 203   1 -7  0 -9 
173 173  -1 -6  0 -9 
173 204   1 -7  0 -9 
174 173  -1 -5  0 -9 
174 196   1 -3  0 -9 
174 201  -1 -4  0 -9 
174 204   1 -6  0 -9 
175 198   1 -3  0 -9 
175 206  -1 -4  0 -9 
176 158   1 -3  0 -9 
176 167  -1 -4  0 -9 
177 159   1 -3  0 -9 
177 171  -1 -4  0 -9 
178  6  -1 -1  0 -9 
178 14   1 -2  0 -9 
178 30  -1 -3  0 -9 
178 158   1 -2  0 -9 
178 160  -1 -1  0 -9 
178 167  -1 -3  0 -9 
178 176  -1 -1  0 -9 
178 178   1  0  0 -9 
178 191   1 -2  0 -9 
179 159   1 -2  0 -9 
179 161  -1 -1  0 -9 
179 171  -1 -3  0 -9 
179 172  -1 -3  0 -9 
179 177  -1 -1  0 -9 
179 179   1  0  0 -9 
179 181  -1 -1  0 -9 
179 186   1 -2  0 -9 
179 194   1 -2  0 -9 
179 199  -1 -3  0 -9 
179 203   1 -4  0 -9 
180 162  -1 -1  0 -9 
180 173  -1 -3  0 -9 
180 180   1  0  0 -9 
180 182  -1 -1  0 -9 
180 185  -1 -3  0 -9 
180 187   1 -2  0 -9 
180 195   1 -2  0 -9 
180 200  -1 -3  0 -9 
180 204   1 -4  0 -9 
181 172  -1 -4  0 -9 
181 186   1 -3  0 -9 
181 199  -1 -4  0 -9 
181 203   1 -5  0 -9 
182 173  -1 -4  0 -9 
182 185  -1 -4  0 -9 
182 187   1 -3  0 -9 
182 200  -1 -4  0 -9 
182 204   1 -5  0 -9 
183 188   1 -3  0 -9 
183 190  -1 -4  0 -9 
183 201  -1 -4  0 -9 
183 207   1 -5  0 -9 
184 183  -1 -1  0 -9 
184 184   1  0  0 -9 
184 188   1 -2  0 -9 
184 189  -1 -1  0 -9 
184 190  -1 -3  0 -9 
184 201  -1 -3  0 -9 
184 202   1 -2  0 -9 
184 207   1 -4  0 -9 
184 208  -1 -3  0 -9 
185 185   1 -8  0 -9 
186 172  -1 -5  0 -9 
186 181   1 -3  0 -9 
186 185   1 -6  0 -9 
186 199  -1 -5  0 -9 
186 203   1 -6  0 -9 
187 173  -1 -5  0 -9 
187 182   1 -3  0 -9 
187 185   1 -7  0 -9 
187 200  -1 -5  0 -9 
187 204   1 -6  0 -9 
188 183   1 -3  0 -9 
188 190  -1 -5  0 -9 
188 201  -1 -5  0 -9 
188 207   1 -6  0 -9 
189 190  -1 -4  0 -9 
189 201  -1 -4  0 -9 
189 202   1 -3  0 -9 
189 207   1 -5  0 -9 
189 208  -1 -4  0 -9 
190 190  -1 -6  0 -9 
190 207   1 -7  0 -9 
191 21   1 -6  0 -9 
191 30  -1 -5  0 -9 
191 160   1 -3  0 -9 
191 167  -1 -5  0 -9 
192 31  -1 -5  0 -9 
192 38   1 -6  0 -9 
192 168   1 -3  0 -9 
192 172  -1 -4  0 -9 
193 32  -1 -5  0 -9 
193 39   1 -6  0 -9 
193 167  -1 -4  0 -9 
193 169   1 -3  0 -9 
193 173  -1 -4  0 -9 
194 161   1 -3  0 -9 
194 171  -1 -5  0 -9 
194 172  -1 -5  0 -9 
194 185   1 -6  0 -9 
194 199  -1 -5  0 -9 
194 203   1 -6  0 -9 
195 162   1 -3  0 -9 
195 173  -1 -5  0 -9 
195 200  -1 -5  0 -9 
195 204   1 -6  0 -9 
196 173  -1 -4  0 -9 
196 174   1 -3  0 -9 
196 201  -1 -5  0 -9 
196 207   1 -6  0 -9 
197 40   1 -6  0 -9 
197 170   1 -3  0 -9 
197 172  -1 -5  0 -9 
197 203   1 -6  0 -9 
197 205  -1 -5  0 -9 
198 175   1 -3  0 -9 
198 206  -1 -5  0 -9 
198 208   1 -6  0 -9 
199 185   1 -7  0 -9 
199 199  -1 -6  0 -9 
199 203   1 -7  0 -9 
200 200  -1 -6  0 -9 
200 204   1 -7  0 -9 
201 201  -1 -6  0 -9 
201 207   1 -7  0 -9 
202 189   1 -3  0 -9 
202 190  -1 -5  0 -9 
202 201  -1 -5  0 -9 
202 207   1 -6  0 -9 
202 208   1 -7  0 -9 
203 203   1 -8  0 -9 
204 204   1 -8  0 -9 
205 40   1 -7  0 -9 
205 203   1 -7  0 -9 
205 205  -1 -6  0 -9 
206 206  -1 -6  0 -9 
206 208   1 -7  0 -9 
207 207   1 -8  0 -9 
208 208   1 -8  0 -9 
209  4  -1  0  0 -9 
209 150   1  1  0 -9 
209 158  -1  0  0 -9 
209 167   1 -1  0 -9 
209 176   1 -1  0 -9 
209 209  -1  2  0 -9 
209 238   1  1  0 -9 
209 247  -1  0  0 -9 
210  5  -1  0  0 -9 
210 21  -1 -3  0 -9 
210 25   1 -2  0 -9 
210 151   1  1  0 -9 
210 159  -1  0  0 -9 
210 167   1 -2  0 -9 
210 171  -1 -3  0 -9 
210 177   1 -1  0 -9 
210 185   1 -4  0 -9 
210 210  -1  2  0 -9 
210 217  -1  0  0 -9 
210 221   1  1  0 -9 
210 239   1  1  0 -9 
210 251  -1  0  0 -9 
210 256   1 -1  0 -9 
211  6  -1  0  0 -9 
211 152   1  1  0 -9 
211 160  -1  0  0 -9 
211 191   1 -1  0 -9 
211 211  -1  2  0 -9 
211 240   1  1  0 -9 
211 262  -1  0  0 -9 
212 21  -1 -2  0 -9 
212 25   1 -1  0 -9 
212 26   1 -1  0 -9 
212 30   1 -1  0 -9 
212 31   1 -1  0 -9 
212 33  -1  0  0 -9 
212 38  -1 -2  0 -9 
212 161  -1  0  0 -9 
212 167   1 -1  0 -9 
212 171  -1  0 -1 -2  0 -9 
212 172  -1  0 -1 -2  0 -9 
212 185   1 -3  0 -9 
212 194   1 -1  0 -9 
212 199  -1 -2  0 -9 
212 203   1 -3  0 -9 
212 212  -1  2  0 -9 
212 226  -1  0  0 -9 
212 227  -1  0  0 -9 
212 229   1  1  0 -9 
212 234   1 -1  0 -9 
212 241   1  1  0 -9 
212 265  -1  0  0 -9 
212 270   1 -1  0 -9 
212 274  -1 -2  0 -9 
213 27   1 -1  0 -9 
213 32   1 -1  0 -9 
213 34  -1  0  0 -9 
213 39  -1 -2  0 -9 
213 162  -1  0  0 -9 
213 173  -1  0 -1 -2  0 -9 
213 195   1 -1  0 -9 
213 200  -1 -2  0 -9 
213 204   1 -3  0 -9 
213 213  -1  2  0 -9 
213 228  -1  0  0 -9 
213 230   1  1  0 -9 
213 235   1 -1  0 -9 
213 242   1  1  0 -9 
213 266  -1  0  0 -9 
213 271   1 -1  0 -9 
213 275  -1 -2  0 -9 
214  9  -1  0  0 -9 
214 26   1 -2  0 -9 
214 38  -1 -3  0 -9 
214 155   1  1  0 -9 
214 168  -1  0  0 -9 
214 172  -1 -3  0 -9 
214 192   1 -1  0 -9 
214 203   1 -4  0 -9 
214 214  -1  2  0 -9 
214 218  -1  0  0 -9 
214 222   1  1  0 -9 
214 248   1  1  0 -9 
214 252  -1  0  0 -9 
214 257   1 -1  0 -9 
214 263  -1  0  0 -9 
214 280   1 -1  0 -9 
214 284  -1 -2  0 -9 
215 10  -1  0  0 -9 
215 27   1 -2  0 -9 
215 39  -1 -3  0 -9 
215 156   1  1  0 -9 
215 167   1 -1  0 -9 
215 169  -1  0  0 -9 
215 173  -1 -3  0 -9 
215 193   1 -1  0 -9 
215 204   1 -4  0 -9 
215 215  -1  2  0 -9 
215 219  -1  0  0 -9 
215 223   1  1  0 -9 
215 247  -1  0  0 -9 
215 249   1  1  0 -9 
215 253  -1  0  0 -9 
215 258   1 -1  0 -9 
215 264  -1  0  0 -9 
215 281   1 -1  0 -9 
215 285  -1 -2  0 -9 
216 26   1 -1  0 -9 
216 31   1 -1  0 -9 
216 36  -1  0  0 -9 
216 38  -1 -2  0 -9 
216 40   1 -1  0 -9 
216 170  -1  0  0 -9 
216 172  -1  0 -1 -2  0 -9 
216 197   1 -1  0 -9 
216 203   1 -3  0 -9 
216 205  -1 -2  0 -9 
216 216  -1  2  0 -9 
216 220  -1  0  0 -9 
216 227  -1  0  0 -9 
216 232   1  1  0 -9 
216 234   1 -1  0 -9 
216 236  -1  0 -1 -2  0 -9 
216 250   1  1  0 -9 
216 268  -1  0  0 -9 
216 274  -1 -2  0 -9 
216 276   1 -1  0 -9 
216 282   1 -1  0 -9 
216 286  -1 -2  0 -9 
216 290   1 -3  0 -9 
217 167  -1 -4  0 -9 
217 247   1 -3  0 -9 
218 234  -1 -4  0 -9 
218 274   1 -5  0 -9 
218 280   1 -3  0 -9 
218 284  -1 -4  0 -9 
219 235  -1 -4  0 -9 
219 275   1 -5  0 -9 
219 281   1 -3  0 -9 
219 285  -1 -4  0 -9 
220 236  -1 -4  0 -9 
220 282   1 -3  0 -9 
220 286  -1 -4  0 -9 
220 290   1 -5  0 -9 
221 21  -1 -4  0 -9 
221 25   1 -3  0 -9 
221 171  -1 -4  0 -9 
221 185   1 -5  0 -9 
221 217  -1 -1  0 -9 
221 221   1  0  0 -9 
221 247   1 -2  0 -9 
221 251  -1 -1  0 -9 
221 256   1 -2  0 -9 
222 26   1 -3  0 -9 
222 38  -1 -4  0 -9 
222 172  -1 -4  0 -9 
222 203   1 -5  0 -9 
222 218  -1 -1  0 -9 
222 222   1  0  0 -9 
222 252  -1 -1  0 -9 
222 257   1 -2  0 -9 
222 280   1 -2  0 -9 
222 284  -1 -3  0 -9 
223 27   1 -3  0 -9 
223 39  -1 -4  0 -9 
223 173  -1 -4  0 -9 
223 204   1 -5  0 -9 
223 219  -1 -1  0 -9 
223 223   1  0  0 -9 
223 253  -1 -1  0 -9 
223 258   1 -2  0 -9 
223 281   1 -2  0 -9 
223 285  -1 -3  0 -9 
224 27   1 -2  0 -9 
224 31   1 -1  0 -9 
224 35  -1  0  0 -9 
224 39  -1 -3  0 -9 
224 173  -1 -3  0 -9 
224 174  -1  0  0 -9 
224 196   1 -1  0 -9 
224 201  -1 -2  0 -9 
224 204   1 -4  0 -9 
224 218   1  1  0 -9 
224 219  -1  0  0 -9 
224 223   1  1  0 -9 
224 224  -1  2  0 -9 
224 227  -1  0  0 -9 
224 231   1  1  0 -9 
224 234  -1 -3  0 -9 
224 235   1 -2  0 -9 
224 253  -1  0  0 -9 
224 254   1  1  0 -9 
224 258   1 -1  0 -9 
224 259  -1  0  0 -9 
224 267  -1  0  0 -9 
224 272   1 -1  0 -9 
224 274   1 -4  0 -9 
224 275  -1 -3  0 -9 
224 280   1 -2  0 -9 
224 284  -1 -3  0 -9 
225 37  -1  0  0 -9 
225 41   1 -1  0 -9 
225 175  -1  0  0 -9 
225 198   1 -1  0 -9 
225 206  -1 -2  0 -9 
225 220   1  1  0 -9 
225 225  -1  2  0 -9 
225 233   1  1  0 -9 
225 236  -1 -3  0 -9 
225 237  -1  0  0 -9 
225 255   1  1  0 -9 
225 260  -1  0  0 -9 
225 269  -1  0  0 -9 
225 277   1 -1  0 -9 
225 282   1 -2  0 -9 
225 286  -1 -3  0 -9 
225 290   1 -4  0 -9 
226 21   1 -6  0 -9 
226 30  -1 -5  0 -9 
226 167  -1 -5  0 -9 
226 262   1 -3  0 -9 
227 31  -1 -5  0 -9 
227 38   1 -6  0 -9 
227 234  -1 -5  0 -9 
227 263   1 -3  0 -9 
227 274   1 -6  0 -9 
228 32  -1 -5  0 -9 
228 39   1 -6  0 -9 
228 235  -1 -5  0 -9 
228 264   1 -3  0 -9 
228 275   1 -6  0 -9 
229 15   1 -2  0 -9 
229 21  -1 -3  0 -9 
229 25   1 -2  0 -9 
229 26   1 -2  0 -9 
229 30   1 -2 -1 -4  0 -9 
229 31   1 -2 -1 -4  0 -9 
229 33  -1 -1  0 -9 
229 38  -1 -3  0 -9 
229 161  -1 -1  0 -9 
229 167   1 -2  0 -9 
229 171  -1 -1 -1 -3 -1 -5  0 -9 
229 172  -1 -1 -1 -3 -1 -5  0 -9 
229 185   1 -4  1 -6  0 -9 
229 194   1 -2  0 -9 
229 199  -1 -3  0 -9 
229 203   1 -4  1 -6  0 -9 
229 226  -1 -1  0 -9 
229 227  -1 -1  0 -9 
229 229   1  0  0 -9 
229 234   1 -2  0 -9 
229 262   1 -2  0 -9 
229 263   1 -2  0 -9 
229 265  -1 -1  0 -9 
229 270   1 -2  0 -9 
229 274  -1 -3  0 -9 
230 16   1 -2  0 -9 
230 27   1 -2  0 -9 
230 32   1 -2 -1 -4  0 -9 
230 34  -1 -1  0 -9 
230 39  -1 -3  0 -9 
230 162  -1 -1  0 -9 
230 173  -1 -1 -1 -3 -1 -5  0 -9 
230 195   1 -2  0 -9 
230 200  -1 -3  0 -9 
230 204   1 -4  1 -6  0 -9 
230 228  -1 -1  0 -9 
230 230   1  0  0 -9 
230 235   1 -2  0 -9 
230 264   1 -2  0 -9 
230 266  -1 -1  0 -9 
230 271   1 -2  0 -9 
230 275  -1 -3  0 -9 
231 28   1 -2  0 -9 
231 31   1 -2 -1 -4  0 -9 
231 35  -1 -1  0 -9 
231 38   1 -5  0 -9 
231 39  -1 -4  0 -9 
231 173  -1 -4  0 -9 
231 174  -1 -1  0 -9 
231 196   1 -2  0 -9 
231 201  -1 -3  0 -9 
231 204   1 -5  0 -9 
231 227  -1 -1  0 -9 
231 231   1  0  0 -9 
231 234  -1 -4  0 -9 
231 235   1 -3  0 -9 
231 263   1 -2  0 -9 
231 267  -1 -1  0 -9 
231 272   1 -2  0 -9 
231 274   1 -5  0 -9 
231 275  -1 -4  0 -9 
232 24   1 -2  0 -9 
232 26   1 -2  0 -9 
232 31   1 -2 -1 -4  0 -9 
232 36  -1 -1  0 -9 
232 38  -1 -3  0 -9 
232 40   1 -2  1 -6  0 -9 
232 170  -1 -1  0 -9 
232 172  -1 -1 -1 -3 -1 -5  0 -9 
232 197   1 -2  0 -9 
232 203   1 -4  1 -6  0 -9 
232 205  -1 -3  0 -9 
232 220  -1 -1  0 -9 
232 227  -1 -1  0 -9 
232 232   1  0  0 -9 
232 234   1 -2  0 -9 
232 236  -1 -1 -1 -3 -1 -5  0 -9 
232 263   1 -2  0 -9 
232 268  -1 -1  0 -9 
232 274  -1 -3  0 -9 
232 276   1 -2  0 -9 
232 282   1 -2  0 -9 
232 286  -1 -3  0 -9 
232 290   1 -4  1 -6  0 -9 
233 29   1 -2  0 -9 
233 37  -1 -1  0 -9 
233 40   1 -5  0 -9 
233 41   1 -2 -1 -4  0 -9 
233 175  -1 -1  0 -9 
233 198   1 -2  0 -9 
233 206  -1 -3  0 -9 
233 233   1  0  0 -9 
233 236  -1 -4  0 -9 
233 237  -1 -1  0 -9 
233 269  -1 -1  0 -9 
233 277   1 -2  0 -9 
233 283   1 -2  0 -9 
233 287  -1 -3  0 -9 
233 290   1 -5  0 -9 
234 38   1 -7  0 -9 
234 234  -1 -6  0 -9 
234 274   1 -7  0 -9 
235 39   1 -7  0 -9 
235 235  -1 -6  0 -9 
235 275   1 -7  0 -9 
236 40   1 -7  0 -9 
236 236  -1 -6  0 -9 
236 290   1 -7  0 -9 
237 40   1 -6  0 -9 
237 41  -1 -5  0 -9 
237 236  -1 -5  0 -9 
237 283   1 -3  0 -9 
237 287  -1 -4  0 -9 
237 290   1 -6  0 -9 
238 21   1 -5  0 -9 
238 158  -1 -1  0 -9 
238 167   1 -2 -1 -4  0 -9 
238 176   1 -2  0 -9 
238 217   1 -2  0 -9 
238 238   1  0  0 -9 
238 247  -1 -1  0 -9 
239 159  -1 -1  0 -9 
239 171   1 -2 -1 -4  0 -9 
239 177   1 -2  0 -9 
239 185   1 -5  0 -9 
239 239   1  0  0 -9 
239 251  -1 -1  0 -9 
239 256   1 -2  0 -9 
240 21   1 -4  0 -9 
240 30  -1 -3  0 -9 
240 160  -1 -1  0 -9 
240 167  -1 -3  0 -9 
240 191   1 -2  0 -9 
240 226   1 -2  0 -9 
240 240   1  0  0 -9 
240 262  -1 -1  0 -9 
241 161  -1 -1  0 -9 
241 171  -1 -3  0 -9 
241 172  -1 -3  0 -9 
241 185   1 -4  0 -9 
241 194   1 -2  0 -9 
241 199  -1 -3  0 -9 
241 203   1 -4  0 -9 
241 241   1  0  0 -9 
241 265  -1 -1  0 -9 
241 270   1 -2  0 -9 
241 274  -1 -3  0 -9 
242 162  -1 -1  0 -9 
242 173  -1 -3  0 -9 
242 195   1 -2  0 -9 
242 200  -1 -3  0 -9 
242 204   1 -4  0 -9 
242 242   1  0  0 -9 
242 266  -1 -1  0 -9 
242 271   1 -2  0 -9 
242 275  -1 -3  0 -9 
243 161  -1  0  0 -9 
243 163   1  1  0 -9 
243 172  -1  0 -1 -4  0 -9 
243 181  -1  0  0 -9 
243 194   1 -1  0 -9 
243 203   1 -5  0 -9 
243 241   1  1  0 -9 
243 243  -1  2  0 -9 
243 252   1  1  0 -9 
243 257   1 -2  0 -9 
243 265  -1  0  0 -9 
243 284  -1 -3  0 -9 
244 159  -1  0  0 -9 
244 162  -1  0  0 -9 
244 164   1  1  0 -9 
244 171   1 -1  0 -9 
244 173  -1  0 -1 -4  0 -9 
244 177   1 -1  0 -9 
244 182  -1  0  0 -9 
244 195   1 -1  0 -9 
244 204   1 -5  0 -9 
244 239   1  1  0 -9 
244 242   1  1  0 -9 
244 244  -1  2  0 -9 
244 251  -1  0  0 -9 
244 253   1  1  0 -9 
244 258   1 -2  0 -9 
244 266  -1  0  0 -9 
244 285  -1 -3  0 -9 
245 165   1  1  0 -9 
245 173  -1 -3  0 -9 
245 174  -1  0  0 -9 
245 183  -1  0  0 -9 
245 190   1 -2  0 -9 
245 196   1 -1  0 -9 
245 204   1 -4  0 -9 
245 207  -1 -3  0 -9 
245 245  -1  2  0 -9 
245 253  -1  0  0 -9 
245 254   1  1  0 -9 
245 258   1 -1  0 -9 
245 259  -1  0  0 -9 
245 261   1  1  0 -9 
245 267  -1  0  0 -9 
245 285  -1 -2  0 -9 
245 288   1 -1  0 -9 
246 162  -1  0  0 -9 
246 173  -1  0 -1 -2  0 -9 
246 175  -1  0  0 -9 
246 190   1 -1  0 -9 
246 195   1 -1  0 -9 
246 198   1 -1  0 -9 
246 200  -1 -2  0 -9 
246 201   1 -1  0 -9 
246 202  -1  0  0 -9 
246 204   1 -3  0 -9 
246 206  -1 -2  0 -9 
246 207  -1 -2  0 -9 
246 208   1 -1  0 -9 
246 242   1  1  0 -9 
246 246  -1  2  0 -9 
246 255   1  1  0 -9 
246 260  -1  0  0 -9 
246 266  -1  0  0 -9 
246 269  -1  0  0 -9 
246 271   1 -1  0 -9 
246 272  -1  0  0 -9 
246 273   1  1  0 -9 
246 275  -1 -2  0 -9 
246 277   1 -1  0 -9 
246 278   1 -1  0 -9 
246 279  -1  0 -1 -2  0 -9 
246 287  -1 -2  0 -9 
246 289   1 -1  0 -9 
246 291   1 -3  0 -9 
247 21   1 -6  0 -9 
247 167  -1 -5  0 -9 
247 217   1 -3  0 -9 
248 31  -1 -3  0 -9 
248 168  -1 -1  0 -9 
248 172   1 -2 -1 -4  0 -9 
248 192   1 -2  0 -9 
248 203   1 -5  0 -9 
248 218  -1 -1  0 -9 
248 227   1 -2  0 -9 
248 234  -1 -3  0 -9 
248 248   1  0  0 -9 
248 252  -1 -1  0 -9 
248 257   1 -2  0 -9 
248 263  -1 -1  0 -9 
248 280   1 -2  0 -9 
248 284  -1 -3  0 -9 
249 21   1 -5  0 -9 
249 32  -1 -3  0 -9 
249 167   1 -2 -1 -4  0 -9 
249 169  -1 -1  0 -9 
249 173   1 -2 -1 -4  0 -9 
249 193   1 -2  0 -9 
249 204   1 -5  0 -9 
249 217   1 -2  0 -9 
249 219  -1 -1  0 -9 
249 228   1 -2  0 -9 
249 235  -1 -3  0 -9 
249 247  -1 -1  0 -9 
249 249   1  0  0 -9 
249 253  -1 -1  0 -9 
249 258   1 -2  0 -9 
249 264  -1 -1  0 -9 
249 281   1 -2  0 -9 
249 285  -1 -3  0 -9 
250 170  -1 -1  0 -9 
250 172  -1 -3  0 -9 
250 197   1 -2  0 -9 
250 203   1 -4  0 -9 
250 205  -1 -3  0 -9 
250 220  -1 -1  0 -9 
250 236  -1 -3  0 -9 
250 250   1  0  0 -9 
250 268  -1 -1  0 -9 
250 274  -1 -3  0 -9 
250 276   1 -2  0 -9 
250 282   1 -2  0 -9 
250 286  -1 -3  0 -9 
250 290   1 -4  0 -9 
251 171  -1 -5  0 -9 
251 185   1 -6  0 -9 
251 256   1 -3  0 -9 
252 172  -1 -5  0 -9 
252 203   1 -6  0 -9 
252 257   1 -3  0 -9 
252 284  -1 -4  0 -9 
253 173  -1 -5  0 -9 
253 204   1 -6  0 -9 
253 258   1 -3  0 -9 
253 285  -1 -4  0 -9 
254 173   1 -2 -1 -4  0 -9 
254 174  -1 -1  0 -9 
254 196   1 -2  0 -9 
254 201  -1 -3  0 -9 
254 204   1 -5  0 -9 
254 253  -1 -1  0 -9 
254 254   1  0  0 -9 
254 258   1 -2  0 -9 
254 259  -1 -1  0 -9 
254 267  -1 -1  0 -9 
254 272   1 -2  0 -9 
254 278  -1 -3  0 -9 
254 285  -1 -3  0 -9 
254 288   1 -2  0 -9 
255 175  -1 -1  0 -9 
255 198   1 -2  0 -9 
255 206  -1 -3  0 -9 
255 255   1  0  0 -9 
255 260  -1 -1  0 -9 
255 269  -1 -1  0 -9 
255 277   1 -2  0 -9 
255 279  -1 -3  0 -9 
255 287  -1 -3  0 -9 
255 289   1 -2  0 -9 
255 291   1 -4  0 -9 
256 171  -1 -4  0 -9 
256 251   1 -3  0 -9 
257 172  -1 -4  0 -9 
257 252   1 -3  0 -9 
257 274   1 -6  0 -9 
257 284  -1 -5  0 -9 
258 173  -1 -4  0 -9 
258 253   1 -3  0 -9 
258 275   1 -6  0 -9 
258 285  -1 -5  0 -9 
259 275   1 -5  0 -9 
259 278  -1 -4  0 -9 
259 285  -1 -4  0 -9 
259 288   1 -3  0 -9 
260 279  -1 -4  0 -9 
260 287  -1 -4  0 -9 
260 289   1 -3  0 -9 
260 291   1 -5  0 -9 
261 173  -1 -4  0 -9 
261 190   1 -3  0 -9 
261 204   1 -5  0 -9 
261 207  -1 -4  0 -9 
261 253  -1 -1  0 -9 
261 258   1 -2  0 -9 
261 259  -1 -1  0 -9 
261 261   1  0  0 -9 
261 285  -1 -3  0 -9 
261 288   1 -2  0 -9 
262 21   1 -5  0 -9 
262 30  -1 -4  0 -9 
262 167  -1 -4  0 -9 
262 226   1 -3  0 -9 
263 31  -1 -4  0 -9 
263 38   1 -5  0 -9 
263 227   1 -3  0 -9 
263 234  -1 -4  0 -9 
264 32  -1 -4  0 -9 
264 39   1 -5  0 -9 
264 228   1 -3  0 -9 
264 235  -1 -4  0 -9 
265 171  -1 -4  0 -9 
265 172  -1 -4  0 -9 
265 185   1 -5  0 -9 
265 199  -1 -4  0 -9 
265 203   1 -5  0 -9 
265 270   1 -3  0 -9 
265 274  -1 -4  0 -9 
266 173  -1 -4  0 -9 
266 200  -1 -4  0 -9 
266 204   1 -5  0 -9 
266 271   1 -3  0 -9 
266 275  -1 -4  0 -9 
267 201  -1 -4  0 -9 
267 207   1 -5  0 -9 
267 272   1 -3  0 -9 
267 278  -1 -4  0 -9 
268 40   1 -5  0 -9 
268 172  -1 -4  0 -9 
268 203   1 -5  0 -9 
268 205  -1 -4  0 -9 
268 236  -1 -4  0 -9 
268 274  -1 -4  0 -9 
268 276   1 -3  0 -9 
268 286  -1 -4  0 -9 
268 290   1 -5  0 -9 
269 206  -1 -4  0 -9 
269 208   1 -5  0 -9 
269 277   1 -3  0 -9 
269 279  -1 -4  0 -9 
269 287  -1 -4  0 -9 
269 291   1 -5  0 -9 
270 171  -1 -5  0 -9 
270 172  -1 -5  0 -9 
270 185   1 -6  0 -9 
270 199  -1 -5  0 -9 
270 203   1 -6  0 -9 
270 265   1 -3  0 -9 
270 274   1 -7  0 -9 
271 173  -1 -5  0 -9 
271 200  -1 -5  0 -9 
271 204   1 -6  0 -9 
271 266   1 -3  0 -9 
271 275   1 -7  0 -9 
272 201  -1 -5  0 -9 
272 207   1 -6  0 -9 
272 267   1 -3  0 -9 
272 275   1 -6  0 -9 
272 278  -1 -5  0 -9 
273 162  -1 -1  0 -9 
273 173  -1 -1 -1 -3 -1 -5  0 -9 
273 175  -1 -1  0 -9 
273 189   1 -2  0 -9 
273 190   1 -2  0 -9 
273 195   1 -2  0 -9 
273 198   1 -2  0 -9 
273 200  -1 -3  0 -9 
273 201   1 -2 -1 -4  0 -9 
273 202  -1 -1  0 -9 
273 204   1 -4  1 -6  0 -9 
273 206  -1 -3  0 -9 
273 207  -1 -3  0 -9 
273 208   1 -2  1 -6  0 -9 
273 260  -1 -1  0 -9 
273 266  -1 -1  0 -9 
273 267   1 -2  0 -9 
273 269  -1 -1  0 -9 
273 271   1 -2  0 -9 
273 272  -1 -1  0 -9 
273 273   1  0  0 -9 
273 275  -1 -3  0 -9 
273 277   1 -2  0 -9 
273 278   1 -2  0 -9 
273 279  -1 -1 -1 -3 -1 -5  0 -9 
273 287  -1 -3  0 -9 
273 289   1 -2  0 -9 
273 291   1 -4  1 -6  0 -9 
274 274   1 -8  0 -9 
275 275   1 -8  0 -9 
276 40   1 -6  0 -9 
276 172  -1 -5  0 -9 
276 203   1 -6  0 -9 
276 205  -1 -5  0 -9 
276 236  -1 -5  0 -9 
276 268   1 -3  0 -9 
276 274   1 -7  0 -9 
276 286  -1 -5  0 -9 
276 290   1 -6  0 -9 
277 206  -1 -5  0 -9 
277 208   1 -6  0 -9 
277 269   1 -3  0 -9 
277 279  -1 -5  0 -9 
277 287  -1 -5  0 -9 
277 291   1 -6  0 -9 
278 207   1 -7  0 -9 
278 275   1 -7  0 -9 
278 278  -1 -6  0 -9 
279 208   1 -7  0 -9 
279 279  -1 -6  0 -9 
279 291   1 -7  0 -9 
280 38   1 -6  0 -9 
280 218   1 -3  0 -9 
280 234  -1 -5  0 -9 
280 274   1 -6  0 -9 
280 284  -1 -5  0 -9 
281 39   1 -6  0 -9 
281 219   1 -3  0 -9 
281 235  -1 -5  0 -9 
281 275   1 -6  0 -9 
281 285  -1 -5  0 -9 
282 40   1 -6  0 -9 
282 220   1 -3  0 -9 
282 236  -1 -5  0 -9 
282 286  -1 -5  0 -9 
282 290   1 -6  0 -9 
283 40   1 -5  0 -9 
283 41  -1 -4  0 -9 
283 236  -1 -4  0 -9 
283 237   1 -3  0 -9 
283 287  -1 -5  0 -9 
283 291   1 -6  0 -9 
284 274   1 -7  0 -9 
284 284  -1 -6  0 -9 
285 275   1 -7  0 -9 
285 285  -1 -6  0 -9 
286 286  -1 -6  0 -9 
286 290   1 -7  0 -9 
287 287  -1 -6  0 -9 
287 291   1 -7  0 -9 
288 207   1 -6  0 -9 
288 259   1 -3  0 -9 
288 275   1 -6  0 -9 
288 278  -1 -5  0 -9 
288 285  -1 -5  0 -9 
289 208   1 -6  0 -9 
289 260   1 -3  0 -9 
289 279  -1 -5  0 -9 
289 287  -1 -5  0 -9 
289 291   1 -6  0 -9 
290 290   1 -8  0 -9 
291 291   1 -8  0 -9 
292 50  -1  0  0 -9 
292 158  -1  0  0 -9 
292 167   1 -1  0 -9 
292 217   1 -1  0 -9 
292 238   1  1  0 -9 
292 247  -1  0  0 -9 
292 292  -1  2  0 -9 
292 301   1  1  0 -9 
293 159  -1  0  0 -9 
293 171   1 -1  0 -9 
293 239   1  1  0 -9 
293 251  -1  0  0 -9 
293 256   1 -1  0 -9 
293 293  -1  2  0 -9 
293 305   1  1  0 -9 
293 310  -1  0  0 -9 
294 59  -1  0  0 -9 
294 160  -1  0  0 -9 
294 226   1 -1  0 -9 
294 240   1  1  0 -9 
294 262  -1  0  0 -9 
294 294  -1  2  0 -9 
294 316   1  1  0 -9 
295 161  -1  0  0 -9 
295 241   1  1  0 -9 
295 265  -1  0  0 -9 
295 270   1 -1  0 -9 
295 274  -1 -2  0 -9 
295 295  -1  2  0 -9 
295 319   1  1  0 -9 
295 324  -1  0  0 -9 
295 328   1 -1  0 -9 
296 162  -1  0  0 -9 
296 242   1  1  0 -9 
296 266  -1  0  0 -9 
296 271   1 -1  0 -9 
296 275  -1 -2  0 -9 
296 296  -1  2  0 -9 
296 320   1  1  0 -9 
296 325  -1  0  0 -9 
296 329   1 -1  0 -9 
297 172   1 -1  0 -9 
297 186  -1  0  0 -9 
297 199   1 -1  0 -9 
297 203  -1 -2  0 -9 
297 252  -1  0  0 -9 
297 257   1 -1  0 -9 
297 284  -1 -2  0 -9 
297 297  -1  2  0 -9 
297 306   1  1  0 -9 
297 311  -1  0  0 -9 
297 335   1  1  0 -9 
297 341  -1  0  0 -9 
297 347   1 -1  0 -9 
298 173   1 -1  0 -9 
298 185   1 -1  0 -9 
298 187  -1  0  0 -9 
298 200   1 -1  0 -9 
298 204  -1 -2  0 -9 
298 253  -1  0  0 -9 
298 258   1 -1  0 -9 
298 285  -1 -2  0 -9 
298 298  -1  2  0 -9 
298 307   1  1  0 -9 
298 312  -1  0  0 -9 
298 334  -1  0  0 -9 
298 336   1  1  0 -9 
298 342  -1  0  0 -9 
298 348   1 -1  0 -9 
299 188  -1  0  0 -9 
299 190   1 -1  0 -9 
299 201   1 -1  0 -9 
299 207  -1 -2  0 -9 
299 299  -1  2  0 -9 
299 313  -1  0  0 -9 
299 315   1  1  0 -9 
299 337   1  1  0 -9 
299 339  -1  0  0 -9 
299 340   1 -1  0 -9 
299 343  -1  0  0 -9 
299 351   1 -1  0 -9 
299 353  -1 -2  0 -9 
300 189  -1  0  0 -9 
300 208  -1 -2  0 -9 
300 300  -1  2  0 -9 
300 314  -1  0  0 -9 
300 326  -1  0  0 -9 
300 327   1  1  0 -9 
300 332   1 -1  0 -9 
300 333  -1  0 -1 -2  0 -9 
300 338   1  1  0 -9 
300 344  -1  0  0 -9 
300 345  -1 -2  0 -9 
300 346   1 -1  0 -9 
300 352   1 -1  0 -9 
300 354  -1 -2  0 -9 
300 355   1 -3  0 -9 
301 21  -1 -3  0 -9 
301 50  -1 -1  0 -9 
301 80   1 -2  0 -9 
301 167   1 -2  0 -9 
301 217   1 -2  0 -9 
301 247  -1 -1  0 -9 
301 301   1  0  0 -9 
302 38  -1 -3  0 -9 
302 51   1  1  0 -9 
302 60  -1  0  0 -9 
302 67  -1 -3  0 -9 
302 107   1 -4  0 -9 
302 113   1 -2  0 -9 
302 117  -1 -3  0 -9 
302 168  -1  0  0 -9 
302 172   1 -1  0 -9 
302 218  -1  0  0 -9 
302 227   1 -1  0 -9 
302 248   1  1  0 -9 
302 252  -1  0  0 -9 
302 257   1 -1  0 -9 
302 263  -1  0  0 -9 
302 274  -1 -3  0 -9 
302 302  -1  2  0 -9 
302 306   1  1  0 -9 
302 311  -1  0  0 -9 
302 317   1  1  0 -9 
302 328   1 -2  0 -9 
303 39  -1 -3  0 -9 
303 50  -1  0  0 -9 
303 52   1  1  0 -9 
303 61  -1  0  0 -9 
303 68  -1 -3  0 -9 
303 108   1 -4  0 -9 
303 114   1 -2  0 -9 
303 118  -1 -3  0 -9 
303 167   1 -1  0 -9 
303 169  -1  0  0 -9 
303 173   1 -1  0 -9 
303 217   1 -1  0 -9 
303 219  -1  0  0 -9 
303 228   1 -1  0 -9 
303 247  -1  0  0 -9 
303 249   1  1  0 -9 
303 253  -1  0  0 -9 
303 258   1 -1  0 -9 
303 264  -1  0  0 -9 
303 275  -1 -3  0 -9 
303 301   1  1  0 -9 
303 303  -1  2  0 -9 
303 307   1  1  0 -9 
303 312  -1  0  0 -9 
303 318   1  1  0 -9 
303 329   1 -2  0 -9 
304 40  -1 -3  0 -9 
304 53   1  1  0 -9 
304 69  -1 -3  0 -9 
304 115   1 -2  0 -9 
304 119  -1 -3  0 -9 
304 123   1 -4  0 -9 
304 170  -1  0  0 -9 
304 220  -1  0  0 -9 
304 250   1  1  0 -9 
304 268  -1  0  0 -9 
304 274  -1 -2  0 -9 
304 276   1 -1  0 -9 
304 304  -1  2  0 -9 
304 322   1  1  0 -9 
304 328   1 -1  0 -9 
304 330  -1  0  0 -9 
305 171   1 -2  0 -9 
305 185  -1 -3  0 -9 
305 251  -1 -1  0 -9 
305 256   1 -2  0 -9 
305 305   1  0  0 -9 
305 310  -1 -1  0 -9 
305 334   1 -2  0 -9 
306 172   1 -2  0 -9 
306 203  -1 -3  0 -9 
306 252  -1 -1  0 -9 
306 257   1 -2  0 -9 
306 284  -1 -3  0 -9 
306 306   1  0  0 -9 
306 311  -1 -1  0 -9 
306 347   1 -2  0 -9 
307 173   1 -2  0 -9 
307 204  -1 -3  0 -9 
307 253  -1 -1  0 -9 
307 258   1 -2  0 -9 
307 285  -1 -3  0 -9 
307 307   1  0  0 -9 
307 312  -1 -1  0 -9 
307 348   1 -2  0 -9 
308 173   1 -1  0 -9 
308 174  -1  0  0 -9 
308 207  -1 -3  0 -9 
308 253  -1  0  0 -9 
308 254   1  1  0 -9 
308 258   1 -1  0 -9 
308 259  -1  0  0 -9 
308 267  -1  0  0 -9 
308 272   1 -1  0 -9 
308 275  -1 -3  0 -9 
308 307   1  1  0 -9 
308 308  -1  2  0 -9 
308 312  -1  0  0 -9 
308 313   1  1  0 -9 
308 321   1  1  0 -9 
308 326  -1  0  0 -9 
308 329   1 -2  0 -9 
308 332  -1 -3  0 -9 
308 345   1 -4  0 -9 
308 351   1 -2  0 -9 
308 353  -1 -3  0 -9 
309 175  -1  0  0 -9 
309 208  -1 -3  0 -9 
309 255   1  1  0 -9 
309 260  -1  0  0 -9 
309 269  -1  0  0 -9 
309 277   1 -1  0 -9 
309 309  -1  2  0 -9 
309 314   1  1  0 -9 
309 323   1  1  0 -9 
309 331  -1  0  0 -9 
309 333  -1 -3  0 -9 
309 352   1 -2  0 -9 
309 354  -1 -3  0 -9 
309 355   1 -4  0 -9 
310 185  -1 -4  0 -9 
310 334   1 -3  0 -9 
311 203  -1 -4  0 -9 
311 274   1 -5  0 -9 
311 284  -1 -4  0 -9 
311 328  -1 -4  0 -9 
311 347   1 -3  0 -9 
312 204  -1 -4  0 -9 
312 275   1 -5  0 -9 
312 285  -1 -4  0 -9 
312 329  -1 -4  0 -9 
312 348   1 -3  0 -9 
313 207  -1 -4  0 -9 
313 332  -1 -4  0 -9 
313 345   1 -5  0 -9 
313 351   1 -3  0 -9 
313 353  -1 -4  0 -9 
314 208  -1 -4  0 -9 
314 333  -1 -4  0 -9 
314 352   1 -3  0 -9 
314 354  -1 -4  0 -9 
314 355   1 -5  0 -9 
315 190   1 -2  0 -9 
315 207  -1 -3  0 -9 
315 313  -1 -1  0 -9 
315 315   1  0  0 -9 
315 339  -1 -1  0 -9 
315 340   1 -2  0 -9 
315 351   1 -2  0 -9 
315 353  -1 -3  0 -9 
316 30  -1 -3  0 -9 
316 59  -1 -1  0 -9 
316 95   1 -2  0 -9 
316 226   1 -2  0 -9 
316 262  -1 -1  0 -9 
316 316   1  0  0 -9 
317 31  -1 -3  0 -9 
317 60  -1 -1  0 -9 
317 67  -1 -4  0 -9 
317 96   1 -2  0 -9 
317 107   1 -5  0 -9 
317 227   1 -2  0 -9 
317 263  -1 -1  0 -9 
317 274  -1 -4  0 -9 
317 317   1  0  0 -9 
317 328   1 -3  0 -9 
318 32  -1 -3  0 -9 
318 61  -1 -1  0 -9 
318 68  -1 -4  0 -9 
318 97   1 -2  0 -9 
318 108   1 -5  0 -9 
318 228   1 -2  0 -9 
318 264  -1 -1  0 -9 
318 275  -1 -4  0 -9 
318 318   1  0  0 -9 
318 329   1 -3  0 -9 
319 199  -1 -3  0 -9 
319 265  -1 -1  0 -9 
319 270   1 -2  0 -9 
319 274  -1 -3  0 -9 
319 319   1  0  0 -9 
319 324  -1 -1  0 -9 
319 328   1 -2  0 -9 
319 341   1 -2  0 -9 
320 200  -1 -3  0 -9 
320 266  -1 -1  0 -9 
320 271   1 -2  0 -9 
320 275  -1 -3  0 -9 
320 320   1  0  0 -9 
320 325  -1 -1  0 -9 
320 329   1 -2  0 -9 
320 342   1 -2  0 -9 
321 201  -1 -3  0 -9 
321 267  -1 -1  0 -9 
321 272   1 -2  0 -9 
321 275  -1 -4  0 -9 
321 321   1  0  0 -9 
321 326  -1 -1  0 -9 
321 329   1 -3  0 -9 
321 332  -1 -4  0 -9 
321 343   1 -2  0 -9 
321 345   1 -5  0 -9 
322 69  -1 -4  0 -9 
322 123   1 -5  0 -9 
322 205  -1 -3  0 -9 
322 268  -1 -1  0 -9 
322 274  -1 -3  0 -9 
322 276   1 -2  0 -9 
322 286  -1 -3  0 -9 
322 322   1  0  0 -9 
322 328   1 -2  0 -9 
322 330  -1 -1  0 -9 
322 349   1 -2  0 -9 
323 206  -1 -3  0 -9 
323 269  -1 -1  0 -9 
323 277   1 -2  0 -9 
323 287  -1 -3  0 -9 
323 323   1  0  0 -9 
323 331  -1 -1  0 -9 
323 333  -1 -4  0 -9 
323 350   1 -2  0 -9 
323 355   1 -5  0 -9 
324 199  -1 -4  0 -9 
324 274   1 -6  0 -9 
324 328  -1 -5  0 -9 
324 341   1 -3  0 -9 
325 200  -1 -4  0 -9 
325 275   1 -6  0 -9 
325 329  -1 -5  0 -9 
325 342   1 -3  0 -9 
326 201  -1 -4  0 -9 
326 332  -1 -5  0 -9 
326 343   1 -3  0 -9 
326 345   1 -6  0 -9 
327 201  -1 -3  0 -9 
327 208  -1 -3  0 -9 
327 314  -1 -1  0 -9 
327 326  -1 -1  0 -9 
327 327   1  0  0 -9 
327 332   1 -2  0 -9 
327 333  -1 -1 -1 -3 -1 -5  0 -9 
327 343   1 -2  0 -9 
327 344  -1 -1  0 -9 
327 345  -1 -3  0 -9 
327 346   1 -2  0 -9 
327 352   1 -2  0 -9 
327 354  -1 -3  0 -9 
327 355   1 -4  1 -6  0 -9 
328 274   1 -7  0 -9 
328 328  -1 -6  0 -9 
329 275   1 -7  0 -9 
329 329  -1 -6  0 -9 
330 69  -1 -5  0 -9 
330 123   1 -6  0 -9 
330 205  -1 -4  0 -9 
330 274   1 -6  0 -9 
330 286  -1 -4  0 -9 
330 328  -1 -5  0 -9 
330 349   1 -3  0 -9 
331 206  -1 -4  0 -9 
331 287  -1 -4  0 -9 
331 333  -1 -5  0 -9 
331 350   1 -3  0 -9 
331 355   1 -6  0 -9 
332 332  -1 -6  0 -9 
332 345   1 -7  0 -9 
333 333  -1 -6  0 -9 
333 355   1 -7  0 -9 
334 185   1 -7  0 -9 
334 310   1 -3  0 -9 
335 172   1 -2 -1 -4  0 -9 
335 181   1 -2  0 -9 
335 185   1 -5  0 -9 
335 186  -1 -1  0 -9 
335 199   1 -2 -1 -4  0 -9 
335 203  -1 -3  1 -5  0 -9 
335 252  -1 -1  0 -9 
335 257   1 -2  0 -9 
335 284  -1 -3  0 -9 
335 311  -1 -1  0 -9 
335 324   1 -2  0 -9 
335 328  -1 -3  0 -9 
335 335   1  0  0 -9 
335 341  -1 -1  0 -9 
335 347   1 -2  0 -9 
336 173   1 -2 -1 -4  0 -9 
336 182   1 -2  0 -9 
336 185   1 -2  1 -6  0 -9 
336 187  -1 -1  0 -9 
336 200   1 -2 -1 -4  0 -9 
336 204  -1 -3  1 -5  0 -9 
336 253  -1 -1  0 -9 
336 258   1 -2  0 -9 
336 285  -1 -3  0 -9 
336 310   1 -2  0 -9 
336 312  -1 -1  0 -9 
336 325   1 -2  0 -9 
336 329  -1 -3  0 -9 
336 334  -1 -1  0 -9 
336 336   1  0  0 -9 
336 342  -1 -1  0 -9 
336 348   1 -2  0 -9 
337 183   1 -2  0 -9 
337 188  -1 -1  0 -9 
337 190   1 -2 -1 -4  0 -9 
337 201   1 -2 -1 -4  0 -9 
337 207  -1 -3  1 -5  0 -9 
337 313  -1 -1  0 -9 
337 326   1 -2  0 -9 
337 332  -1 -3  0 -9 
337 337   1  0  0 -9 
337 339  -1 -1  0 -9 
337 340   1 -2  0 -9 
337 343  -1 -1  0 -9 
337 351   1 -2  0 -9 
337 353  -1 -3  0 -9 
338 189  -1 -1  0 -9 
338 190  -1 -3  0 -9 
338 201  -1 -3  0 -9 
338 202   1 -2  0 -9 
338 207   1 -4  0 -9 
338 208  -2 -3  0 -9 
338 314  -1 -1  0 -9 
338 333  -1 -3  0 -9 
338 338   1  0  0 -9 
338 344  -1 -1  0 -9 
338 345  -1 -3  0 -9 
338 346   1 -2  0 -9 
338 352   1 -2  0 -9 
338 354  -1 -3  0 -9 
338 355   1 -4  0 -9 
339 190  -1 -5  0 -9 
339 207   1 -6  0 -9 
339 340   1 -3  0 -9 
339 353  -1 -4  0 -9 
340 190  -1 -4  0 -9 
340 339   1 -3  0 -9 
340 345   1 -6  0 -9 
340 353  -1 -5  0 -9 
341 185   1 -6  0 -9 
341 199  -1 -5  0 -9 
341 203   1 -6  0 -9 
341 324   1 -3  0 -9 
341 328  -1 -4  0 -9 
342 200  -1 -5  0 -9 
342 204   1 -6  0 -9 
342 325   1 -3  0 -9 
342 329  -1 -4  0 -9 
343 201  -1 -5  0 -9 
343 207   1 -6  0 -9 
343 326   1 -3  0 -9 
343 332  -1 -4  0 -9 
344 190  -1 -4  0 -9 
344 201  -1 -4  0 -9 
344 207   1 -5  0 -9 
344 208  -1 -4  1 -6  0 -9 
344 333  -1 -4  0 -9 
344 345  -1 -4  0 -9 
344 346   1 -3  0 -9 
344 354  -1 -4  0 -9 
344 355   1 -5  0 -9 
345 345   1 -8  0 -9 
346 190  -1 -5  0 -9 
346 201  -1 -5  0 -9 
346 207   1 -6  0 -9 
346 208  -1 -5  1 -7  0 -9 
346 333  -1 -5  0 -9 
346 344   1 -3  0 -9 
346 345   1 -7  0 -9 
346 354  -1 -5  0 -9 
346 355   1 -6  0 -9 
347 203   1 -7  0 -9 
347 274   1 -6  0 -9 
347 284  -1 -5  0 -9 
347 311   1 -3  0 -9 
347 328  -1 -5  0 -9 
348 204   1 -7  0 -9 
348 275   1 -6  0 -9 
348 285  -1 -5  0 -9 
348 312   1 -3  0 -9 
348 329  -1 -5  0 -9 
349 40   1 -6  0 -9 
349 69  -1 -4  0 -9 
349 203   1 -6  0 -9 
349 205  -1 -5  0 -9 
349 286  -1 -5  0 -9 
349 290   1 -6  0 -9 
349 328  -1 -4  0 -9 
349 330   1 -3  0 -9 
350 206  -1 -5  0 -9 
350 208   1 -6  0 -9 
350 287  -1 -5  0 -9 
350 291   1 -6  0 -9 
350 331   1 -3  0 -9 
350 333  -1 -4  0 -9 
351 207   1 -7  0 -9 
351 313   1 -3  0 -9 
351 332  -1 -5  0 -9 
351 345   1 -6  0 -9 
351 353  -1 -5  0 -9 
352 208   1 -7  0 -9 
352 314   1 -3  0 -9 
352 333  -1 -5  0 -9 
352 354  -1 -5  0 -9 
352 355   1 -6  0 -9 
353 345   1 -7  0 -9 
353 353  -1 -6  0 -9 
354 354  -1 -6  0 -9 
354 355   1 -7  0 -9 
355 355   1 -8  0 -9 
356 21  -1 -2  0 -9 
356 50  -1  0  0 -9 
356 80   1 -1  0 -9 
356 125   1  1  0 -9 
356 167   1 -1  0 -9 
356 247  -1  0  0 -9 
356 301   1  1  0 -9 
356 356  -1  2  0 -9 
357 38  -1 -2  0 -9 
357 51  -1  0  0 -9 
357 67  -1  0 -1 -2  0 -9 
357 107   1 -3  0 -9 
357 113   1 -1  0 -9 
357 117  -1 -2  0 -9 
357 126   1  1  0 -9 
357 134  -1  0  0 -9 
357 138   1 -1  0 -9 
357 234   1 -1  0 -9 
357 274  -1 -2  0 -9 
357 280  -1  0  0 -9 
357 284   1 -1  0 -9 
357 328   1 -1  0 -9 
357 357  -1  2  0 -9 
357 365   1  1  0 -9 
357 369  -1  0  0 -9 
358 39  -1 -2  0 -9 
358 52  -1  0  0 -9 
358 68  -1  0 -1 -2  0 -9 
358 108   1 -3  0 -9 
358 114   1 -1  0 -9 
358 118  -1 -2  0 -9 
358 127   1  1  0 -9 
358 135  -1  0  0 -9 
358 139   1 -1  0 -9 
358 235   1 -1  0 -9 
358 275  -1 -2  0 -9 
358 281  -1  0  0 -9 
358 285   1 -1  0 -9 
358 329   1 -1  0 -9 
358 358  -1  2  0 -9 
358 366   1  1  0 -9 
358 370  -1  0  0 -9 
359 40  -1 -2  0 -9 
359 53  -1  0  0 -9 
359 69  -1  0 -1 -2  0 -9 
359 115   1 -1  0 -9 
359 119  -1 -2  0 -9 
359 123   1 -3  0 -9 
359 128   1  1  0 -9 
359 136  -1  0  0 -9 
359 140   1 -1  0 -9 
359 144  -1 -2  0 -9 
359 236   1 -1  0 -9 
359 282  -1  0  0 -9 
359 286   1 -1  0 -9 
359 290  -1 -2  0 -9 
359 359  -1  2  0 -9 
359 367   1  1  0 -9 
359 371  -1  0  0 -9 
359 375   1 -1  0 -9 
360 171   1 -1  0 -9 
360 185  -1 -2  0 -9 
360 251  -1  0  0 -9 
360 305   1  1  0 -9 
360 310  -1  0  0 -9 
360 334   1 -1  0 -9 
360 360  -1  2  0 -9 
360 377   1  1  0 -9 
361 172   1 -1  0 -9 
361 203  -1 -2  0 -9 
361 252  -1  0  0 -9 
361 306   1  1  0 -9 
361 311  -1  0  0 -9 
361 347   1 -1  0 -9 
361 361  -1  2  0 -9 
361 378   1  1  0 -9 
361 383  -1  0  0 -9 
362 173   1 -1  0 -9 
362 204  -1 -2  0 -9 
362 253  -1  0  0 -9 
362 307   1  1  0 -9 
362 312  -1  0  0 -9 
362 348   1 -1  0 -9 
362 362  -1  2  0 -9 
362 379   1  1  0 -9 
362 384  -1  0  0 -9 
363 207  -1 -2  0 -9 
363 275  -1 -2  0 -9 
363 278   1 -1  0 -9 
363 285   1 -1  0 -9 
363 288  -1  0  0 -9 
363 313  -1  0  0 -9 
363 329   1 -1  0 -9 
363 332  -1  0 -1 -2  0 -9 
363 345   1 -3  0 -9 
363 351   1 -1  0 -9 
363 353  -1 -2  0 -9 
363 363  -1  2  0 -9 
363 370  -1  0  0 -9 
363 373   1  1  0 -9 
363 380   1  1  0 -9 
363 387  -1  0  0 -9 
363 389   1 -1  0 -9 
364 208  -1 -2  0 -9 
364 279   1 -1  0 -9 
364 287   1 -1  0 -9 
364 289  -1  0  0 -9 
364 291  -1 -2  0 -9 
364 314  -1  0  0 -9 
364 333  -1  0 -1 -2  0 -9 
364 352   1 -1  0 -9 
364 354  -1 -2  0 -9 
364 355   1 -3  0 -9 
364 364  -1  2  0 -9 
364 372  -1  0  0 -9 
364 374   1  1  0 -9 
364 376   1 -1  0 -9 
364 381   1  1  0 -9 
364 388  -1  0  0 -9 
364 390   1 -1  0 -9 
364 391  -1 -2  0 -9 
365 38  -1 -3  0 -9 
365 51  -1 -1  0 -9 
365 67  -1 -1 -1 -3 -1 -5  0 -9 
365 107   1 -4  1 -6  0 -9 
365 113   1 -2  0 -9 
365 117  -1 -3  0 -9 
365 134  -1 -1  0 -9 
365 138   1 -2  0 -9 
365 218   1 -2  0 -9 
365 234   1 -2  0 -9 
365 274  -1 -3  0 -9 
365 280  -1 -1  0 -9 
365 284   1 -2 -1 -4  0 -9 
365 328   1 -2  0 -9 
365 365   1  0  0 -9 
365 369  -1 -1  0 -9 
365 383   1 -2  0 -9 
366 39  -1 -3  0 -9 
366 52  -1 -1  0 -9 
366 68  -1 -1 -1 -3 -1 -5  0 -9 
366 108   1 -4  1 -6  0 -9 
366 114   1 -2  0 -9 
366 118  -1 -3  0 -9 
366 135  -1 -1  0 -9 
366 139   1 -2  0 -9 
366 219   1 -2  0 -9 
366 235   1 -2  0 -9 
366 275  -1 -3  0 -9 
366 281  -1 -1  0 -9 
366 285   1 -2 -1 -4  0 -9 
366 329   1 -2  0 -9 
366 366   1  0  0 -9 
366 370  -1 -1  0 -9 
366 384   1 -2  0 -9 
367 40  -1 -3  0 -9 
367 53  -1 -1  0 -9 
367 69  -1 -1 -1 -3 -1 -5  0 -9 
367 115   1 -2  0 -9 
367 119  -1 -3  0 -9 
367 123   1 -4  1 -6  0 -9 
367 136  -1 -1  0 -9 
367 140   1 -2  0 -9 
367 144  -1 -3  0 -9 
367 220   1 -2  0 -9 
367 236   1 -2  0 -9 
367 282  -1 -1  0 -9 
367 286   1 -2 -1 -4  0 -9 
367 290  -1 -3  0 -9 
367 367   1  0  0 -9 
367 371  -1 -1  0 -9 
367 375   1 -2  0 -9 
367 385   1 -2  0 -9 
368 41  -1 -3  0 -9 
368 69  -1 -4  0 -9 
368 70  -1 -1  0 -9 
368 116   1 -2  0 -9 
368 120  -1 -3  0 -9 
368 123   1 -5  0 -9 
368 137  -1 -1  0 -9 
368 141   1 -2  0 -9 
368 144  -1 -4  0 -9 
368 237   1 -2  0 -9 
368 283  -1 -1  0 -9 
368 287   1 -2 -1 -4  0 -9 
368 290  -1 -4  0 -9 
368 291   1 -5  0 -9 
368 368   1  0  0 -9 
368 372  -1 -1  0 -9 
368 375   1 -3  0 -9 
368 376  -1 -4  0 -9 
368 386   1 -2  0 -9 
368 391   1 -5  0 -9 
369 274   1 -6  0 -9 
369 284  -1 -5  0 -9 
369 328  -1 -5  0 -9 
369 383   1 -3  0 -9 
370 275   1 -6  0 -9 
370 285  -1 -5  0 -9 
370 329  -1 -5  0 -9 
370 384   1 -3  0 -9 
371 144   1 -6  0 -9 
371 286  -1 -5  0 -9 
371 290   1 -6  0 -9 
371 375  -1 -5  0 -9 
371 385   1 -3  0 -9 
372 287  -1 -5  0 -9 
372 291   1 -6  0 -9 
372 376  -1 -5  0 -9 
372 386   1 -3  0 -9 
372 391   1 -6  0 -9 
373 207  -1 -3  0 -9 
373 259   1 -2  0 -9 
373 275  -1 -3  0 -9 
373 278   1 -2  0 -9 
373 285   1 -2 -1 -4  0 -9 
373 288  -1 -1  0 -9 
373 313  -1 -1  0 -9 
373 329   1 -2  0 -9 
373 332  -1 -1 -1 -3 -1 -5  0 -9 
373 345   1 -4  1 -6  0 -9 
373 351   1 -2  0 -9 
373 353  -1 -3  0 -9 
373 370  -1 -1  0 -9 
373 373   1  0  0 -9 
373 384   1 -2  0 -9 
373 387  -1 -1  0 -9 
373 389   1 -2  0 -9 
374 208  -1 -3  0 -9 
374 260   1 -2  0 -9 
374 279   1 -2  0 -9 
374 287   1 -2 -1 -4  0 -9 
374 289  -1 -1  0 -9 
374 291  -1 -3  0 -9 
374 314  -1 -1  0 -9 
374 333  -1 -1 -1 -3 -1 -5  0 -9 
374 352   1 -2  0 -9 
374 354  -1 -3  0 -9 
374 355   1 -4  1 -6  0 -9 
374 372  -1 -1  0 -9 
374 374   1  0  0 -9 
374 376   1 -2  0 -9 
374 386   1 -2  0 -9 
374 388  -1 -1  0 -9 
374 390   1 -2  0 -9 
374 391  -1 -3  0 -9 
375 144   1 -7  0 -9 
375 290   1 -7  0 -9 
375 375  -1 -6  0 -9 
376 291   1 -7  0 -9 
376 376  -1 -6  0 -9 
376 391   1 -7  0 -9 
377 185  -1 -3  0 -9 
377 310  -1 -1  0 -9 
377 334   1 -2  0 -9 
377 377   1  0  0 -9 
378 203  -1 -3  0 -9 
378 274   1 -4  0 -9 
378 284  -1 -3  0 -9 
378 311  -1 -1  0 -9 
378 328  -1 -3  0 -9 
378 347   1 -2  0 -9 
378 369   1 -2  0 -9 
378 378   1  0  0 -9 
378 383  -1 -1  0 -9 
379 204  -1 -3  0 -9 
379 275   1 -4  0 -9 
379 285  -1 -3  0 -9 
379 312  -1 -1  0 -9 
379 329  -1 -3  0 -9 
379 348   1 -2  0 -9 
379 370   1 -2  0 -9 
379 379   1  0  0 -9 
379 384  -1 -1  0 -9 
380 207  -1 -3  0 -9 
380 313  -1 -1  0 -9 
380 332  -1 -3  0 -9 
380 345   1 -4  0 -9 
380 351   1 -2  0 -9 
380 353  -1 -3  0 -9 
380 380   1  0  0 -9 
380 387  -1 -1  0 -9 
380 389   1 -2  0 -9 
381 208  -1 -3  0 -9 
381 314  -1 -1  0 -9 
381 333  -1 -3  0 -9 
381 352   1 -2  0 -9 
381 354  -1 -3  0 -9 
381 355   1 -4  0 -9 
381 381   1  0  0 -9 
381 388  -1 -1  0 -9 
381 390   1 -2  0 -9 
381 391  -1 -3  0 -9 
382 190   1 -1  0 -9 
382 207  -1 -2  0 -9 
382 313  -1  0  0 -9 
382 315   1  1  0 -9 
382 339  -1  0  0 -9 
382 351   1 -1  0 -9 
382 380   1  1  0 -9 
382 382  -1  2  0 -9 
382 387  -1  0  0 -9 
383 274   1 -5  0 -9 
383 284  -1 -4  0 -9 
383 328  -1 -4  0 -9 
383 369   1 -3  0 -9 
384 275   1 -5  0 -9 
384 285  -1 -4  0 -9 
384 329  -1 -4  0 -9 
384 370   1 -3  0 -9 
385 286  -1 -4  0 -9 
385 290   1 -5  0 -9 
385 371   1 -3  0 -9 
385 375  -1 -4  0 -9 
386 287  -1 -4  0 -9 
386 291   1 -5  0 -9 
386 372   1 -3  0 -9 
386 376  -1 -4  0 -9 
387 332  -1 -4  0 -9 
387 345   1 -5  0 -9 
387 353  -1 -4  0 -9 
387 389   1 -3  0 -9 
388 333  -1 -4  0 -9 
388 354  -1 -4  0 -9 
388 355   1 -5  0 -9 
388 390   1 -3  0 -9 
388 391  -1 -4  0 -9 
389 332  -1 -5  0 -9 
389 345   1 -6  0 -9 
389 353  -1 -5  0 -9 
389 387   1 -3  0 -9 
390 333  -1 -5  0 -9 
390 354  -1 -5  0 -9 
390 355   1 -6  0 -9 
390 388   1 -3  0 -9 
390 391   1 -7  0 -9 
391 391   1 -8  0 -9 
392 30  -1 -3  0 -9 
392 59  -1 -1  0 -9 
392 95   1 -2  0 -9 
392 167  -1 -3  0 -9 
392 217  -1 -1  0 -9 
392 226   1 -2  0 -9 
392 247   1 -2  0 -9 
392 262  -1 -1  0 -9 
392 392   1  0  0 -9 
393 31  -1 -3  0 -9 
393 60  -1 -1  0 -9 
393 67   1 -2 -1 -4  0 -9 
393 96   1 -2  0 -9 
393 107   1 -5  0 -9 
393 218  -1 -1  0 -9 
393 227   1 -2  0 -9 
393 234  -1 -3  0 -9 
393 263  -1 -1  0 -9 
393 280   1 -2  0 -9 
393 284  -1 -3  0 -9 
393 393   1  0  0 -9 
393 400  -1 -1  0 -9 
393 404   1 -2  0 -9 
394 32  -1 -3  0 -9 
394 61  -1 -1  0 -9 
394 68   1 -2 -1 -4  0 -9 
394 97   1 -2  0 -9 
394 108   1 -5  0 -9 
394 219  -1 -1  0 -9 
394 228   1 -2  0 -9 
394 235  -1 -3  0 -9 
394 264  -1 -1  0 -9 
394 281   1 -2  0 -9 
394 285  -1 -3  0 -9 
394 394   1  0  0 -9 
394 401  -1 -1  0 -9 
394 405   1 -2  0 -9 
395 21  -1 -3  0 -9 
395 25   1 -2  0 -9 
395 26   1 -2  0 -9 
395 38  -1 -3  0 -9 
395 59  -1  0  0 -9 
395 60  -1  0  0 -9 
395 62   1  1  0 -9 
395 67   1 -1  0 -9 
395 95   1 -1  0 -9 
395 96   1 -1  0 -9 
395 98  -1  0  0 -9 
395 171  -1 -3  0 -9 
395 172  -1 -3  0 -9 
395 185   1 -4  0 -9 
395 199  -1 -3  0 -9 
395 203   1 -4  0 -9 
395 217  -1  0  0 -9 
395 218  -1  0  0 -9 
395 221   1  1  0 -9 
395 222   1  1  0 -9 
395 247   1 -1  0 -9 
395 251  -1  0  0 -9 
395 252  -1  0  0 -9 
395 262  -1  0  0 -9 
395 263  -1  0  0 -9 
395 265   1  1  0 -9 
395 270   1 -2  0 -9 
395 274  -1 -3  0 -9 
395 280   1 -1  0 -9 
395 392   1  1  0 -9 
395 393   1  1  0 -9 
395 395  -1  2  0 -9 
395 400  -1  0  0 -9 
396 27   1 -2  0 -9 
396 39  -1 -3  0 -9 
396 61  -1  0  0 -9 
396 63   1  1  0 -9 
396 68   1 -1  0 -9 
396 97   1 -1  0 -9 
396 99  -1  0  0 -9 
396 173  -1 -3  0 -9 
396 200  -1 -3  0 -9 
396 204   1 -4  0 -9 
396 219  -1  0  0 -9 
396 223   1  1  0 -9 
396 253  -1  0  0 -9 
396 264  -1  0  0 -9 
396 266   1  1  0 -9 
396 271   1 -2  0 -9 
396 275  -1 -3  0 -9 
396 281   1 -1  0 -9 
396 394   1  1  0 -9 
396 396  -1  2  0 -9 
396 401  -1  0  0 -9 
397 38  -1 -3  0 -9 
397 60  -1  0  0 -9 
397 64   1  1  0 -9 
397 67  -1 -3  0 -9 
397 68   1 -2  0 -9 
397 96   1 -1  0 -9 
397 100  -1  0  0 -9 
397 107   1 -4  0 -9 
397 108  -1 -3  0 -9 
397 111   1 -2  0 -9 
397 201  -1 -3  0 -9 
397 207   1 -4  0 -9 
397 218  -1  0  0 -9 
397 263  -1  0  0 -9 
397 267   1  1  0 -9 
397 272   1 -2  0 -9 
397 278  -1 -3  0 -9 
397 280   1 -1  0 -9 
397 284  -1 -2  0 -9 
397 285   1 -1  0 -9 
397 288  -1  0  0 -9 
397 393   1  1  0 -9 
397 397  -1  2  0 -9 
397 400  -1  0  0 -9 
397 404   1 -1  0 -9 
397 405  -1  0  0 -9 
397 408   1  1  0 -9 
398 26   1 -2  0 -9 
398 38  -1 -3  0 -9 
398 53  -1  0  0 -9 
398 60  -1  0  0 -9 
398 65   1  1  0 -9 
398 67   1 -1  0 -9 
398 69  -1  0 -1 -4  0 -9 
398 96   1 -1  0 -9 
398 101  -1  0  0 -9 
398 115   1 -1  0 -9 
398 123   1 -5  0 -9 
398 128   1  1  0 -9 
398 136  -1  0  0 -9 
398 172  -1 -3  0 -9 
398 203   1 -4  0 -9 
398 205  -1 -3  0 -9 
398 218  -1  0  0 -9 
398 220   1  1 -1 -1  0 -9 
398 222   1  1  0 -9 
398 236  -1 -3  0 -9 
398 252  -1  0  0 -9 
398 263  -1  0  0 -9 
398 268   1  1  0 -9 
398 274  -1 -3  0 -9 
398 276   1 -2  0 -9 
398 280   1 -1  0 -9 
398 282  -1  0  1 -2  0 -9 
398 286  -2 -3  0 -9 
398 290   1 -4  0 -9 
398 393   1  1  0 -9 
398 398  -1  2  0 -9 
398 400  -1  0  0 -9 
398 402   1  1  0 -9 
398 406   1 -2  0 -9 
398 410  -1 -3  0 -9 
399 40  -1 -3  0 -9 
399 66   1  1  0 -9 
399 69  -1 -3  0 -9 
399 70  -1  0  0 -9 
399 102  -1  0  0 -9 
399 112   1 -2  0 -9 
399 116   1 -1  0 -9 
399 123   1 -4  0 -9 
399 124  -1 -3  0 -9 
399 137  -1  0  0 -9 
399 206  -1 -3  0 -9 
399 208   1 -4  0 -9 
399 220  -1  0  0 -9 
399 269   1  1  0 -9 
399 277   1 -2  0 -9 
399 279  -1 -3  0 -9 
399 282   1 -1  0 -9 
399 283  -1  0  0 -9 
399 286  -1 -2  0 -9 
399 287   1 -1 -1 -3  0 -9 
399 289  -1  0  0 -9 
399 291   1 -4  0 -9 
399 399  -1  2  0 -9 
399 402  -1  0  0 -9 
399 403   1  1  0 -9 
399 406   1 -1  0 -9 
399 407  -1  0  0 -9 
399 409   1  1  0 -9 
399 410  -1 -2  0 -9 
399 411   1 -1  0 -9 
400 67  -1 -5  0 -9 
400 107   1 -6  0 -9 
400 284  -1 -4  0 -9 
400 404   1 -3  0 -9 
401 68  -1 -5  0 -9 
401 108   1 -6  0 -9 
401 285  -1 -4  0 -9 
401 405   1 -3  0 -9 
402 69  -1 -5  0 -9 
402 123   1 -6  0 -9 
402 286  -1 -4  0 -9 
402 406   1 -3  0 -9 
402 410  -1 -4  0 -9 
403 41  -1 -3  0 -9 
403 69   1 -2 -1 -4  0 -9 
403 70  -1 -1  0 -9 
403 116   1 -2  0 -9 
403 120  -1 -3  0 -9 
403 123   1 -5  0 -9 
403 137  -1 -1  0 -9 
403 141   1 -2  0 -9 
403 145  -1 -3  0 -9 
403 220  -1 -1  0 -9 
403 236  -1 -3  0 -9 
403 237   1 -2  0 -9 
403 282   1 -2  0 -9 
403 283  -1 -1  0 -9 
403 286  -1 -3  0 -9 
403 287   1 -2 -1 -4  0 -9 
403 291   1 -5  0 -9 
403 402  -1 -1  0 -9 
403 403   1  0  0 -9 
403 406   1 -2  0 -9 
403 407  -1 -1  0 -9 
403 410  -1 -3  0 -9 
403 411   1 -2  0 -9 
404 67  -1 -4  0 -9 
404 274   1 -6  0 -9 
404 284  -1 -5  0 -9 
404 400   1 -3  0 -9 
405 68  -1 -4  0 -9 
405 275   1 -6  0 -9 
405 285  -1 -5  0 -9 
405 401   1 -3  0 -9 
406 69  -1 -4  0 -9 
406 144   1 -6  0 -9 
406 286  -1 -5  0 -9 
406 290   1 -6  0 -9 
406 402   1 -3  0 -9 
406 410  -1 -5  0 -9 
407 144   1 -5  0 -9 
407 145  -1 -4  0 -9 
407 287  -1 -5  0 -9 
407 291   1 -6  0 -9 
407 410  -1 -4  0 -9 
407 411   1 -3  0 -9 
408 38  -1 -4  0 -9 
408 67  -1 -4  0 -9 
408 107   1 -5  0 -9 
408 108  -1 -4  0 -9 
408 111   1 -3  0 -9 
408 207   1 -5  0 -9 
408 218  -1 -1  0 -9 
408 259   1 -2  0 -9 
408 275   1 -5  0 -9 
408 278  -1 -4  0 -9 
408 280   1 -2  0 -9 
408 284  -1 -3  0 -9 
408 285   1 -2 -1 -4  0 -9 
408 288  -1 -1  0 -9 
408 400  -1 -1  0 -9 
408 401   1 -2  0 -9 
408 404   1 -2  0 -9 
408 405  -1 -1  0 -9 
408 408   1  0  0 -9 
409 40  -1 -4  0 -9 
409 69  -1 -4  0 -9 
409 112   1 -3  0 -9 
409 123   1 -5  0 -9 
409 124  -1 -4  0 -9 
409 208   1 -5  0 -9 
409 220  -1 -1  0 -9 
409 260   1 -2  0 -9 
409 279  -1 -4  0 -9 
409 282   1 -2  0 -9 
409 286  -1 -3  0 -9 
409 287   1 -2 -1 -4  0 -9 
409 289  -1 -1  0 -9 
409 291   1 -5  0 -9 
409 402  -1 -1  0 -9 
409 406   1 -2  0 -9 
409 407  -1 -1  0 -9 
409 409   1  0  0 -9 
409 410  -1 -3  0 -9 
409 411   1 -2  0 -9 
410 144   1 -7  0 -9 
410 410  -1 -6  0 -9 
411 124   1 -6  0 -9 
411 144   1 -6  0 -9 
411 145  -1 -5  0 -9 
411 287  -1 -4  0 -9 
411 407   1 -3  0 -9 
411 410  -1 -5  0 -9 
412 30  -1 -2  0 -9 
412 59  -1  0  0 -9 
412 95   1 -1  0 -9 
412 217  -1  0  0 -9 
412 226   1 -1  0 -9 
412 262  -1  0  0 -9 
412 316   1  1  0 -9 
412 392   1  1  0 -9 
412 412  -1  2  0 -9 
413 31  -1 -2  0 -9 
413 60  -1  0  0 -9 
413 67  -1 -3  0 -9 
413 96   1 -1  0 -9 
413 107   1 -4  0 -9 
413 218  -1  0  0 -9 
413 227   1 -1  0 -9 
413 263  -1  0  0 -9 
413 274  -1 -3  0 -9 
413 317   1  1  0 -9 
413 328   1 -2  0 -9 
413 393   1  1  0 -9 
413 400  -1  0  0 -9 
413 404   1 -1  0 -9 
413 413  -1  2  0 -9 
413 420   1  1  0 -9 
413 424  -1  0  0 -9 
414 32  -1 -2  0 -9 
414 61  -1  0  0 -9 
414 68  -1 -3  0 -9 
414 97   1 -1  0 -9 
414 108   1 -4  0 -9 
414 219  -1  0  0 -9 
414 228   1 -1  0 -9 
414 264  -1  0  0 -9 
414 275  -1 -3  0 -9 
414 318   1  1  0 -9 
414 329   1 -2  0 -9 
414 394   1  1  0 -9 
414 401  -1  0  0 -9 
414 405   1 -1  0 -9 
414 414  -1  2  0 -9 
414 421   1  1  0 -9 
414 425  -1  0  0 -9 
415 199  -1 -2  0 -9 
415 256  -1  0  0 -9 
415 257  -1  0  0 -9 
415 265  -1  0  0 -9 
415 270   1 -1  0 -9 
415 274  -1 -2  0 -9 
415 284   1 -1  0 -9 
415 319   1  1  0 -9 
415 324  -1  0  0 -9 
415 328   1 -1  0 -9 
415 341   1 -1  0 -9 
415 415  -1  2  0 -9 
415 430   1  1  0 -9 
415 434  -1  0  0 -9 
416 200  -1 -2  0 -9 
416 258  -1  0  0 -9 
416 266  -1  0  0 -9 
416 271   1 -1  0 -9 
416 275  -1 -2  0 -9 
416 285   1 -1  0 -9 
416 320   1  1  0 -9 
416 325  -1  0  0 -9 
416 329   1 -1  0 -9 
416 342   1 -1  0 -9 
416 416  -1  2  0 -9 
416 431   1  1  0 -9 
416 435  -1  0  0 -9 
417 201  -1 -2  0 -9 
417 259  -1  0  0 -9 
417 267  -1  0  0 -9 
417 272   1 -1  0 -9 
417 275  -1 -3  0 -9 
417 321   1  1  0 -9 
417 326  -1  0  0 -9 
417 329   1 -2  0 -9 
417 332  -1 -3  0 -9 
417 343   1 -1  0 -9 
417 345   1 -4  0 -9 
417 417  -1  2  0 -9 
417 425  -1  0  0 -9 
417 428   1  1  0 -9 
417 432   1  1  0 -9 
417 438  -1  0  0 -9 
417 440   1 -1  0 -9 
418 69  -1 -3  0 -9 
418 123   1 -4  0 -9 
418 205  -1 -2  0 -9 
418 220  -1  0  0 -9 
418 257  -1  0  0 -9 
418 268  -1  0  0 -9 
418 274  -1 -2  0 -9 
418 276   1 -1  0 -9 
418 284   1 -1  0 -9 
418 286  -1  0 -1 -2  0 -9 
418 322   1  1  0 -9 
418 328   1 -1  0 -9 
418 330  -1  0  0 -9 
418 349   1 -1  0 -9 
418 385  -1  0  0 -9 
418 402  -1  0  0 -9 
418 406   1 -1  0 -9 
418 410  -1 -2  0 -9 
418 418  -1  2  0 -9 
418 422   1  1  0 -9 
418 426  -1  0  0 -9 
418 434  -1  0  0 -9 
418 436   1  1  0 -9 
418 442   1 -1  0 -9 
419 206  -1 -2  0 -9 
419 260  -1  0  0 -9 
419 269  -1  0  0 -9 
419 277   1 -1  0 -9 
419 287  -1  0 -1 -2  0 -9 
419 323   1  1  0 -9 
419 331  -1  0  0 -9 
419 333  -1 -3  0 -9 
419 350   1 -1  0 -9 
419 355   1 -4  0 -9 
419 386  -1  0  0 -9 
419 419  -1  2  0 -9 
419 427  -1  0  0 -9 
419 429   1  1  0 -9 
419 437   1  1  0 -9 
419 439  -1  0  0 -9 
419 441   1 -1  0 -9 
419 443   1 -1  0 -9 
419 444  -1 -2  0 -9 
420 67  -1 -4  0 -9 
420 107   1 -5  0 -9 
420 284  -1 -3  0 -9 
420 400  -1 -1  0 -9 
420 404   1 -2  0 -9 
420 420   1  0  0 -9 
420 424  -1 -1  0 -9 
420 434   1 -2  0 -9 
421 68  -1 -4  0 -9 
421 108   1 -5  0 -9 
421 285  -1 -3  0 -9 
421 401  -1 -1  0 -9 
421 405   1 -2  0 -9 
421 421   1  0  0 -9 
421 425  -1 -1  0 -9 
421 435   1 -2  0 -9 
422 69  -1 -4  0 -9 
422 123   1 -5  0 -9 
422 286  -1 -3  0 -9 
422 402  -1 -1  0 -9 
422 406   1 -2  0 -9 
422 410  -1 -3  0 -9 
422 422   1  0  0 -9 
422 426  -1 -1  0 -9 
422 442   1 -2  0 -9 
423 41  -1 -2  0 -9 
423 69  -1 -3  0 -9 
423 70  -1  0  0 -9 
423 116   1 -1  0 -9 
423 120  -1 -2  0 -9 
423 123   1 -4  0 -9 
423 137  -1  0  0 -9 
423 141   1 -1  0 -9 
423 144  -1 -3  0 -9 
423 220  -1  0  0 -9 
423 237   1 -1  0 -9 
423 283  -1  0  0 -9 
423 287   1 -1 -1 -3  0 -9 
423 290  -1 -3  0 -9 
423 291   1 -4  0 -9 
423 368   1  1  0 -9 
423 372  -1  0  0 -9 
423 375   1 -2  0 -9 
423 376  -1 -3  0 -9 
423 391   1 -4  0 -9 
423 402  -1  0  0 -9 
423 403   1  1  0 -9 
423 406   1 -1  0 -9 
423 407  -1  0  0 -9 
423 422   1  1  0 -9 
423 423  -1  2  0 -9 
423 426  -1  0  0 -9 
423 427   1  1  0 -9 
423 443   1 -2  0 -9 
423 444  -1 -3  0 -9 
424 274   1 -5  0 -9 
424 284  -1 -4  0 -9 
424 328  -1 -4  0 -9 
424 434   1 -3  0 -9 
425 275   1 -5  0 -9 
425 285  -1 -4  0 -9 
425 329  -1 -4  0 -9 
425 435   1 -3  0 -9 
426 144   1 -5  0 -9 
426 286  -1 -4  0 -9 
426 290   1 -5  0 -9 
426 375  -1 -4  0 -9 
426 410  -1 -4  0 -9 
426 442   1 -3  0 -9 
427 287  -1 -4  0 -9 
427 291   1 -5  0 -9 
427 376  -1 -4  0 -9 
427 391   1 -5  0 -9 
427 443   1 -3  0 -9 
427 444  -1 -4  0 -9 
428 285  -1 -3  0 -9 
428 332  -1 -4  0 -9 
428 345   1 -5  0 -9 
428 425  -1 -1  0 -9 
428 428   1  0  0 -9 
428 435   1 -2  0 -9 
428 438  -1 -1  0 -9 
428 440   1 -2  0 -9 
429 287  -1 -3  0 -9 
429 333  -1 -4  0 -9 
429 355   1 -5  0 -9 
429 427  -1 -1  0 -9 
429 429   1  0  0 -9 
429 439  -1 -1  0 -9 
429 441   1 -2  0 -9 
429 443   1 -2  0 -9 
429 444  -1 -3  0 -9 
430 171  -1 -3  0 -9 
430 172  -1 -3  0 -9 
430 199  -1 -3  0 -9 
430 251   1 -2  0 -9 
430 252   1 -2  0 -9 
430 256  -1 -1  0 -9 
430 257  -1 -1  0 -9 
430 265  -1 -1  0 -9 
430 270   1 -2  0 -9 
430 274  -1 -3  1 -5  0 -9 
430 284   1 -2 -1 -4  0 -9 
430 324  -1 -1  0 -9 
430 328   1 -2 -1 -4  0 -9 
430 341   1 -2  0 -9 
430 424   1 -2  0 -9 
430 430   1  0  0 -9 
430 434  -1 -1  0 -9 
431 173  -1 -3  0 -9 
431 200  -1 -3  0 -9 
431 253   1 -2  0 -9 
431 258  -1 -1  0 -9 
431 266  -1 -1  0 -9 
431 271   1 -2  0 -9 
431 275  -1 -3  1 -5  0 -9 
431 285   1 -2 -1 -4  0 -9 
431 325  -1 -1  0 -9 
431 329   1 -2 -1 -4  0 -9 
431 342   1 -2  0 -9 
431 425   1 -2  0 -9 
431 431   1  0  0 -9 
431 435  -1 -1  0 -9 
432 201  -1 -3  0 -9 
432 259  -1 -1  0 -9 
432 267  -1 -1  0 -9 
432 272   1 -2  0 -9 
432 278  -1 -3  0 -9 
432 285  -1 -3  0 -9 
432 288   1 -2  0 -9 
432 326  -1 -1  0 -9 
432 332   1 -2 -1 -4  0 -9 
432 343   1 -2  0 -9 
432 345   1 -5  0 -9 
432 432   1  0  0 -9 
432 438  -1 -1  0 -9 
432 440   1 -2  0 -9 
433 173  -1 -3  0 -9 
433 190   1 -2  0 -9 
433 200  -1 -3  0 -9 
433 204   1 -4  0 -9 
433 206  -1 -3  0 -9 
433 207  -1 -3  0 -9 
433 253  -1  0  0 -9 
433 259  -1  0  0 -9 
433 260   1  1 -1 -1  0 -9 
433 261   1  1  0 -9 
433 266   1  1  0 -9 
433 267  -1  0  0 -9 
433 269   1  1  0 -9 
433 271   1 -2  0 -9 
433 275  -1 -3  0 -9 
433 277   1 -2  0 -9 
433 279  -1 -3  0 -9 
433 287  -2 -3  0 -9 
433 288   1 -1  0 -9 
433 289  -1  0  1 -2  0 -9 
433 291   1 -4  0 -9 
433 314  -1  0  0 -9 
433 326  -1  0  0 -9 
433 327   1  1  0 -9 
433 332   1 -1  0 -9 
433 333  -1  0 -1 -4  0 -9 
433 343   1 -1  0 -9 
433 344  -1  0  0 -9 
433 352   1 -1  0 -9 
433 355   1 -5  0 -9 
433 381   1  1  0 -9 
433 388  -1  0  0 -9 
433 432   1  1  0 -9 
433 433  -1  2  0 -9 
433 438  -1  0  0 -9 
433 439   1  1  0 -9 
433 441   1 -2  0 -9 
433 444  -1 -3  0 -9 
434 274   1 -6  0 -9 
434 284  -1 -5  0 -9 
434 328  -1 -5  0 -9 
434 424   1 -3  0 -9 
435 275   1 -6  0 -9 
435 285  -1 -5  0 -9 
435 329  -1 -5  0 -9 
435 425   1 -3  0 -9 
436 69   1 -2 -1 -4  0 -9 
436 123   1 -5  0 -9 
436 172  -1 -3  0 -9 
436 205  -1 -3  0 -9 
436 220  -1 -1  0 -9 
436 236  -1 -3  0 -9 
436 252   1 -2  0 -9 
436 257  -1 -1  0 -9 
436 268  -1 -1  0 -9 
436 274  -1 -3  1 -5  0 -9 
436 276   1 -2  0 -9 
436 282   1 -2  0 -9 
436 284   1 -2 -1 -4  0 -9 
436 286  -1 -1 -2 -3 -1 -5  0 -9 
436 290   1 -4  1 -6  0 -9 
436 328   1 -2 -1 -4  0 -9 
436 330  -1 -1  0 -9 
436 349   1 -2  0 -9 
436 371   1 -2  0 -9 
436 375  -1 -3  0 -9 
436 385  -1 -1  0 -9 
436 402  -1 -1  0 -9 
436 406   1 -2  0 -9 
436 410  -1 -3  0 -9 
436 424   1 -2  0 -9 
436 426  -1 -1  0 -9 
436 434  -1 -1  0 -9 
436 436   1  0  0 -9 
436 442   1 -2  0 -9 
437 206  -1 -3  0 -9 
437 260  -1 -1  0 -9 
437 269  -1 -1  0 -9 
437 277   1 -2  0 -9 
437 279  -1 -3  0 -9 
437 287  -1 -1 -2 -3 -1 -5  0 -9 
437 289   1 -2  0 -9 
437 291   1 -4  1 -6  0 -9 
437 331  -1 -1  0 -9 
437 333   1 -2 -1 -4  0 -9 
437 350   1 -2  0 -9 
437 355   1 -5  0 -9 
437 372   1 -2  0 -9 
437 376  -1 -3  0 -9 
437 386  -1 -1  0 -9 
437 427  -1 -1  0 -9 
437 437   1  0  0 -9 
437 439  -1 -1  0 -9 
437 441   1 -2  0 -9 
437 443   1 -2  0 -9 
437 444  -1 -3  0 -9 
438 285  -1 -4  0 -9 
438 332  -1 -5  0 -9 
438 345   1 -6  0 -9 
438 440   1 -3  0 -9 
439 287  -1 -4  0 -9 
439 333  -1 -5  0 -9 
439 355   1 -6  0 -9 
439 441   1 -3  0 -9 
439 444  -1 -4  0 -9 
440 275   1 -6  0 -9 
440 285  -1 -5  0 -9 
440 332  -1 -4  0 -9 
440 438   1 -3  0 -9 
441 287  -1 -5  0 -9 
441 291   1 -6  0 -9 
441 333  -1 -4  0 -9 
441 391   1 -6  0 -9 
441 439   1 -3  0 -9 
441 444  -1 -5  0 -9 
442 144   1 -6  0 -9 
442 286  -1 -5  0 -9 
442 290   1 -6  0 -9 
442 375  -1 -5  0 -9 
442 410  -1 -5  0 -9 
442 426   1 -3  0 -9 
443 287  -1 -5  0 -9 
443 291   1 -6  0 -9 
443 376  -1 -5  0 -9 
443 391   1 -6  0 -9 
443 427   1 -3  0 -9 
443 444  -1 -5  0 -9 
444 391   1 -7  0 -9 
444 444  -1 -6  0 -9 
445 67  -1 -3  0 -9 
445 107   1 -4  0 -9 
445 117  -1 -3  0 -9 
445 134   1  1  0 -9 
445 138   1 -2  0 -9 
445 383  -1  0  0 -9 
445 400  -1  0  0 -9 
445 420   1  1  0 -9 
445 424  -1  0  0 -9 
445 434   1 -1  0 -9 
445 445  -1  2  0 -9 
445 451   1  1  0 -9 
446 68  -1 -3  0 -9 
446 108   1 -4  0 -9 
446 118  -1 -3  0 -9 
446 135   1  1  0 -9 
446 139   1 -2  0 -9 
446 384  -1  0  0 -9 
446 401  -1  0  0 -9 
446 421   1  1  0 -9 
446 425  -1  0  0 -9 
446 435   1 -1  0 -9 
446 446  -1  2  0 -9 
446 452   1  1  0 -9 
447 69  -1 -3  0 -9 
447 119  -1 -3  0 -9 
447 123   1 -4  0 -9 
447 136   1  1  0 -9 
447 140   1 -2  0 -9 
447 144  -1 -3  0 -9 
447 385  -1  0  0 -9 
447 402  -1  0  0 -9 
447 422   1  1  0 -9 
447 426  -1  0  0 -9 
447 442   1 -1  0 -9 
447 447  -1  2  0 -9 
447 453   1  1  0 -9 
447 457  -1  0  0 -9 
448 120  -1 -3  0 -9 
448 124   1 -4  0 -9 
448 137   1  1  0 -9 
448 141   1 -2  0 -9 
448 145  -1 -3  0 -9 
448 386  -1  0  0 -9 
448 410   1 -1  0 -9 
448 411  -1  0  0 -9 
448 427  -1  0  0 -9 
448 443   1 -1  0 -9 
448 444  -1 -2  0 -9 
448 448  -1  2  0 -9 
448 449  -1  0  0 -9 
448 450   1  1  0 -9 
448 454   1  1  0 -9 
448 458  -1  0  0 -9 
448 459   1 -1  0 -9 
449 144   1 -6  0 -9 
449 410  -1 -5  0 -9 
449 457   1 -3  0 -9 
450 124   1 -5  0 -9 
450 144   1 -5  0 -9 
450 145  -1 -4  0 -9 
450 287  -1 -3  0 -9 
450 407   1 -2  0 -9 
450 410   1 -2 -1 -4  0 -9 
450 411  -1 -1  0 -9 
450 427  -1 -1  0 -9 
450 443   1 -2  0 -9 
450 444  -1 -3  0 -9 
450 449  -1 -1  0 -9 
450 450   1  0  0 -9 
450 457   1 -2  0 -9 
450 458  -1 -1  0 -9 
450 459   1 -2  0 -9 
451 274   1 -4  0 -9 
451 284  -1 -3  0 -9 
451 328  -1 -3  0 -9 
451 369   1 -2  0 -9 
451 383  -1 -1  0 -9 
451 424  -1 -1  0 -9 
451 434   1 -2  0 -9 
451 451   1  0  0 -9 
452 275   1 -4  0 -9 
452 285  -1 -3  0 -9 
452 329  -1 -3  0 -9 
452 370   1 -2  0 -9 
452 384  -1 -1  0 -9 
452 425  -1 -1  0 -9 
452 435   1 -2  0 -9 
452 452   1  0  0 -9 
453 286  -1 -3  0 -9 
453 290   1 -4  0 -9 
453 371   1 -2  0 -9 
453 375  -1 -3  0 -9 
453 385  -1 -1  0 -9 
453 410  -1 -3  0 -9 
453 426  -1 -1  0 -9 
453 442   1 -2  0 -9 
453 449   1 -2  0 -9 
453 453   1  0  0 -9 
453 457  -1 -1  0 -9 
454 287  -1 -3  0 -9 
454 291   1 -4  0 -9 
454 372   1 -2  0 -9 
454 376  -1 -3  0 -9 
454 386  -1 -1  0 -9 
454 427  -1 -1  0 -9 
454 443   1 -2  0 -9 
454 444  -1 -3  0 -9 
454 454   1  0  0 -9 
454 458  -1 -1  0 -9 
454 459   1 -2  0 -9 
455 332  -1 -3  0 -9 
455 345   1 -4  0 -9 
455 353  -1 -3  0 -9 
455 384  -1  0  0 -9 
455 387   1  1  0 -9 
455 389   1 -2  0 -9 
455 425  -1  0  0 -9 
455 428   1  1  0 -9 
455 435   1 -1  0 -9 
455 438  -1  0  0 -9 
455 452   1  1  0 -9 
455 455  -1  2  0 -9 
456 333  -1 -3  0 -9 
456 354  -1 -3  0 -9 
456 355   1 -4  0 -9 
456 386  -1  0  0 -9 
456 388   1  1  0 -9 
456 390   1 -2  0 -9 
456 391  -1 -3  0 -9 
456 427  -1  0  0 -9 
456 429   1  1  0 -9 
456 439  -1  0  0 -9 
456 443   1 -1  0 -9 
456 454   1  1  0 -9 
456 456  -1  2  0 -9 
456 458  -1  0  0 -9 
457 410  -1 -4  0 -9 
457 449   1 -3  0 -9 
458 444  -1 -4  0 -9 
458 459   1 -3  0 -9 
459 391   1 -6  0 -9 
459 444  -1 -5  0 -9 
459 458   1 -3  0 -9 
9999 9999
