 0  0   1 -8  0 -9 
 1  0   1 -7  0 -9 
 1  1  -1 -6  0 -9 
 2  0   1 -7  0 -9 
 2  2  -1 -6  0 -9 
 3  0   1 -6  0 -9 
 3  1  -1 -5  0 -9 
 3  2  -1 -5  0 -9 
 3  4   1 -3  0 -9 
 4  0   1 -5  0 -9 
 4  1  -1 -4  0 -9 
 4  2  -1 -4  0 -9 
 4  3   1 -3  0 -9 
 5  0   1 -5  0 -9 
 5  1  -1 -4  0 -9 
 5  2  -1 -4  0 -9 
 5  6   1 -3  0 -9 
 6  0   1 -6  0 -9 
 6  1  -1 -5  0 -9 
 6  2  -1 -5  0 -9 
 6  5   1 -3  0 -9 
 7  0   1 -4  0 -9 
 7  1  -1 -3  0 -9 
 7  2  -1 -3  0 -9 
 7  3   1 -2  0 -9 
 7  4  -1 -1  0 -9 
 7  5  -1 -1  0 -9 
 7  6   1 -2  0 -9 
 7  7   1  0  0 -9 
 8  8   1 -8  0 -9 
 9  8   1 -7  0 -9 
 9  9  -1 -6  0 -9 
10  8   1 -6  0 -9 
10  9  -1 -5  0 -9 
10 11   1 -3  0 -9 
11  9  -1 -4  0 -9 
11 10   1 -3  0 -9 
12 12   1 -8  0 -9 
13  8   1 -7  0 -9 
13 12   1 -7  0 -9 
13 13  -1 -6  0 -9 
14 12   1 -7  0 -9 
14 14  -1 -6  0 -9 
15  8   1 -6  0 -9 
15 12   1 -6  0 -9 
15 13  -1 -5  0 -9 
15 14  -1 -5  0 -9 
15 16   1 -3  0 -9 
16 12   1 -5  0 -9 
16 13  -1 -4  0 -9 
16 14  -1 -4  0 -9 
16 15   1 -3  0 -9 
17  8   1 -5  0 -9 
17  9  -1 -4  0 -9 
17 12   1 -5  0 -9 
17 13  -1 -4  0 -9 
17 14  -1 -4  0 -9 
17 18   1 -3  0 -9 
18  8   1 -6  0 -9 
18  9  -1 -5  0 -9 
18 12   1 -6  0 -9 
18 13  -1 -5  0 -9 
18 14  -1 -5  0 -9 
18 17   1 -3  0 -9 
19  9  -1 -3  0 -9 
19 10   1 -2  0 -9 
19 11  -1 -1  0 -9 
19 12   1 -4  0 -9 
19 13  -1 -3  0 -9 
19 14  -1 -3  0 -9 
19 15   1 -2  0 -9 
19 16  -1 -1  0 -9 
19 17  -1 -1  0 -9 
19 18   1 -2  0 -9 
19 19   1  0  0 -9 
20 20   1 -8  0 -9 
21 20   1 -7  0 -9 
21 21  -1 -6  0 -9 
22 20   1 -7  0 -9 
22 22  -1 -6  0 -9 
23  8   1 -7  0 -9 
23 20   1 -6  0 -9 
23 21  -1 -5  0 -9 
23 22  -1 -5  0 -9 
23 24   1 -3  0 -9 
24  8  -1 -4  0 -9 
24 20   1 -5  0 -9 
24 21  -1 -4  0 -9 
24 22  -1 -4  0 -9 
24 23   1 -3  0 -9 
25 20   1 -5  0 -9 
25 21  -1 -4  0 -9 
25 22  -1 -4  0 -9 
25 26   1 -3  0 -9 
26 20   1 -6  0 -9 
26 21  -1 -5  0 -9 
26 22  -1 -5  0 -9 
26 25   1 -3  0 -9 
27  8  -1 -3  0 -9 
27 20   1 -4  0 -9 
27 21  -1 -3  0 -9 
27 22  -1 -3  0 -9 
27 23   1 -2  0 -9 
27 24  -1 -1  0 -9 
27 25  -1 -1  0 -9 
27 26   1 -2  0 -9 
27 27   1  0  0 -9 
28 28   1 -8  0 -9 
29 28   1 -7  0 -9 
29 29  -1 -6  0 -9 
30  8   1 -7  0 -9 
30 28   1 -7  0 -9 
30 30  -1 -6  0 -9 
31  8   1 -6  0 -9 
31 28   1 -6  0 -9 
31 29  -1 -5  0 -9 
31 30  -1 -5  0 -9 
31 32   1 -3  0 -9 
32 28   1 -5  0 -9 
32 29  -1 -4  0 -9 
32 30  -1 -4  0 -9 
32 31   1 -3  0 -9 
33 20   1 -6  0 -9 
33 22  -1 -5  0 -9 
33 29  -1 -4  0 -9 
33 34   1 -3  0 -9 
34 22  -1 -4  0 -9 
34 28   1 -6  0 -9 
34 29  -1 -5  0 -9 
34 33   1 -3  0 -9 
35 22  -1 -3  0 -9 
35 25  -1 -1  0 -9 
35 26   1 -2  0 -9 
35 28   1 -5  0 -9 
35 29  -1 -4  0 -9 
35 33   1 -2  0 -9 
35 34  -1 -1  0 -9 
35 35   1  0  0 -9 
36 24  -1  0  0 -9 
36 25  -1  0  0 -9 
36 26   1 -1  0 -9 
36 27   1  1  0 -9 
36 28   1 -4  0 -9 
36 29  -1 -3  0 -9 
36 30  -1 -3  0 -9 
36 31   1 -2  0 -9 
36 32   1  1  0 -9 
36 34  -1  0  0 -9 
36 35   1  1  0 -9 
36 36  -1  2  0 -9 
37 37   1 -8  0 -9 
38  0   1 -5  0 -9 
38  1  -1 -4  0 -9 
38  2  -1 -4  0 -9 
38  8   1 -5  0 -9 
38 12   1 -5  0 -9 
38 13  -1 -4  0 -9 
38 14  -1 -4  0 -9 
38 28   1 -5  0 -9 
38 29  -1 -4  0 -9 
38 30  -1 -4  0 -9 
38 37  -1 -4  0 -9 
38 39   1 -3  0 -9 
39  0   1 -6  0 -9 
39  1  -1 -5  0 -9 
39  2  -1 -5  0 -9 
39  8   1 -6  0 -9 
39 12   1 -6  0 -9 
39 13  -1 -5  0 -9 
39 14  -1 -5  0 -9 
39 28   1 -6  0 -9 
39 29  -1 -5  0 -9 
39 30  -1 -5  0 -9 
39 37   1 -7  0 -9 
39 38   1 -3  0 -9 
40  0   1 -4  0 -9 
40  1  -1 -3  0 -9 
40  2  -1 -3  0 -9 
40  3   1 -2  0 -9 
40  4  -1 -1  0 -9 
40 12   1 -4  0 -9 
40 13  -1 -3  0 -9 
40 14  -1 -3  0 -9 
40 15   1 -2  0 -9 
40 16  -1 -1  0 -9 
40 28   1 -4  0 -9 
40 29  -1 -3  0 -9 
40 30  -1 -3  0 -9 
40 31   1 -2  0 -9 
40 32  -1 -1  0 -9 
40 37  -1 -3  0 -9 
40 38  -1 -1  0 -9 
40 39   1 -2  0 -9 
40 40   1  0  0 -9 
41 37   1 -7  0 -9 
41 41  -1 -6  0 -9 
42  0   1 -6  0 -9 
42  2  -1 -5  0 -9 
42 12   1 -6  0 -9 
42 14  -1 -5  0 -9 
42 41  -1 -4  0 -9 
42 43   1 -3  0 -9 
43  2  -1 -4  0 -9 
43 14  -1 -4  0 -9 
43 37   1 -6  0 -9 
43 41  -1 -5  0 -9 
43 42   1 -3  0 -9 
44  2  -1 -3  0 -9 
44 14  -1 -3  0 -9 
44 28   1 -4  1 -6  0 -9 
44 29  -1 -1 -1 -3 -1 -5  0 -9 
44 30  -1 -3  0 -9 
44 31   1 -2  0 -9 
44 32  -1 -1  0 -9 
44 37  -1 -3  0 -9 
44 38  -1 -1  0 -9 
44 39   1 -2  0 -9 
44 41   1 -2  0 -9 
44 42   1 -2  0 -9 
44 43  -1 -1  0 -9 
44 44   1  0  0 -9 
45  4  -1  0  0 -9 
45 16  -1  0  0 -9 
45 28   1 -3  0 -9 
45 29  -1  0 -1 -2  0 -9 
45 30  -1 -2  0 -9 
45 31   1 -1  0 -9 
45 32  -1  0  0 -9 
45 37  -1 -2  0 -9 
45 38  -1  0  0 -9 
45 39   1 -1  0 -9 
45 40   1  1  0 -9 
45 41   1 -1  0 -9 
45 43  -1  0  0 -9 
45 44   1  1  0 -9 
45 45  -1  2  0 -9 
46 14  -1 -4  0 -9 
46 20   1 -6  0 -9 
46 21  -1 -5  0 -9 
46 47   1 -3  0 -9 
47 12   1 -6  0 -9 
47 14  -1 -5  0 -9 
47 21  -1 -4  0 -9 
47 46   1 -3  0 -9 
48 37   1 -7  0 -9 
48 48  -1 -6  0 -9 
49  0   1 -6  0 -9 
49  1  -1 -5  0 -9 
49 28   1 -6  0 -9 
49 29  -1 -5  0 -9 
49 48  -1 -4  0 -9 
49 50   1 -3  0 -9 
50  1  -1 -4  0 -9 
50 29  -1 -4  0 -9 
50 37   1 -6  0 -9 
50 48  -1 -5  0 -9 
50 49   1 -3  0 -9 
51  0   1 -7  0 -9 
51 37   1 -6  0 -9 
51 41  -1 -5  0 -9 
51 48  -1 -5  0 -9 
51 52   1 -3  0 -9 
52  0  -1 -4  0 -9 
52 37   1 -5  0 -9 
52 41  -1 -4  0 -9 
52 48  -1 -4  0 -9 
52 51   1 -3  0 -9 
53  0  -1 -3  0 -9 
53  1   1 -2  0 -9 
53 28   1 -5  0 -9 
53 29  -1 -4  0 -9 
53 48  -1 -3  0 -9 
53 49  -1 -1  0 -9 
53 50   1 -2  0 -9 
53 51   1 -2  0 -9 
53 52  -1 -1  0 -9 
53 53   1  0  0 -9 
54  0  -1 -3  1 -5  0 -9 
54  1   1 -2 -1 -4  0 -9 
54  2   1 -2 -1 -4  0 -9 
54  5   1 -2  0 -9 
54  6  -1 -1  0 -9 
54 12   1 -5  0 -9 
54 14   1 -2 -1 -4  0 -9 
54 21  -1 -3  0 -9 
54 22  -1 -3  0 -9 
54 25  -1 -1  0 -9 
54 26   1 -2  0 -9 
54 28   1 -5  0 -9 
54 29   1 -2 -1 -4  0 -9 
54 33   1 -2  0 -9 
54 34  -1 -1  0 -9 
54 41  -1 -3  0 -9 
54 42  -1 -1  0 -9 
54 43   1 -2  0 -9 
54 46   1 -2  0 -9 
54 47  -1 -1  0 -9 
54 48  -1 -3  0 -9 
54 49  -1 -1  0 -9 
54 50   1 -2  0 -9 
54 51   1 -2  0 -9 
54 52  -1 -1  0 -9 
54 54   1  0  0 -9 
55  0  -1 -2  0 -9 
55  1   1 -1  0 -9 
55  2   1 -1  0 -9 
55  6  -1  0  0 -9 
55 14   1 -1  0 -9 
55 22  -1 -2  0 -9 
55 25  -1  0  0 -9 
55 26   1 -1  0 -9 
55 28   1 -4  0 -9 
55 29  -1 -3  0 -9 
55 33   1 -1  0 -9 
55 34  -1  0  0 -9 
55 35   1  1  0 -9 
55 42  -1  0  0 -9 
55 47  -1  0  0 -9 
55 48  -1 -2  0 -9 
55 49  -1  0  0 -9 
55 50   1 -1  0 -9 
55 51   1 -1  0 -9 
55 52  -1  0  0 -9 
55 53   1  1  0 -9 
55 54   1  1  0 -9 
55 55  -1  2  0 -9 
56 56   1 -8  0 -9 
57 56   1 -7  0 -9 
57 57  -1 -6  0 -9 
58 56   1 -6  0 -9 
58 57  -1 -5  0 -9 
58 59   1 -3  0 -9 
59 57  -1 -4  0 -9 
59 58   1 -3  0 -9 
60 60   1 -8  0 -9 
61 60   1 -7  0 -9 
61 61  -1 -6  0 -9 
62 60   1 -7  0 -9 
62 62  -1 -6  0 -9 
63 56   1 -7  0 -9 
63 60   1 -6  0 -9 
63 61  -1 -5  0 -9 
63 62  -1 -5  0 -9 
63 64   1 -3  0 -9 
64 56  -1 -4  0 -9 
64 60   1 -5  0 -9 
64 61  -1 -4  0 -9 
64 62  -1 -4  0 -9 
64 63   1 -3  0 -9 
65 60   1 -5  0 -9 
65 61  -1 -4  0 -9 
65 62  -1 -4  0 -9 
65 66   1 -3  0 -9 
66 60   1 -6  0 -9 
66 61  -1 -5  0 -9 
66 62  -1 -5  0 -9 
66 65   1 -3  0 -9 
67 56  -1 -3  0 -9 
67 60   1 -4  0 -9 
67 61  -1 -3  0 -9 
67 62  -1 -3  0 -9 
67 63   1 -2  0 -9 
67 64  -1 -1  0 -9 
67 65  -1 -1  0 -9 
67 66   1 -2  0 -9 
67 67   1  0  0 -9 
68 68   1 -8  0 -9 
69 68   1 -7  0 -9 
69 69  -1 -6  0 -9 
70 68   1 -7  0 -9 
70 70  -1 -6  0 -9 
71  8   1 -7  0 -9 
71 68   1 -6  0 -9 
71 69  -1 -5  0 -9 
71 70  -1 -5  0 -9 
71 72   1 -3  0 -9 
72  8  -1 -4  0 -9 
72 68   1 -5  0 -9 
72 69  -1 -4  0 -9 
72 70  -1 -4  0 -9 
72 71   1 -3  0 -9 
73  8   1 -6  0 -9 
73  9  -1 -5  0 -9 
73 12   1 -6  0 -9 
73 14  -1 -5  0 -9 
73 60   1 -6  0 -9 
73 62  -1 -5  0 -9 
73 69  -1 -4  0 -9 
73 74   1 -3  0 -9 
74  9  -1 -4  0 -9 
74 14  -1 -4  0 -9 
74 62  -1 -4  0 -9 
74 68   1 -6  0 -9 
74 69  -1 -5  0 -9 
74 73   1 -3  0 -9 
75  9  -1 -3  0 -9 
75 14  -1 -3  0 -9 
75 17  -1 -1  0 -9 
75 18   1 -2  0 -9 
75 62  -1 -3  0 -9 
75 65  -1 -1  0 -9 
75 66   1 -2  0 -9 
75 68   1 -5  0 -9 
75 69  -1 -4  0 -9 
75 73   1 -2  0 -9 
75 74  -1 -1  0 -9 
75 75   1  0  0 -9 
76  8  -1 -3  0 -9 
76 11  -1  0  0 -9 
76 16  -1  0  0 -9 
76 17  -1  0  0 -9 
76 18   1 -1  0 -9 
76 19   1  1  0 -9 
76 57  -1 -3  0 -9 
76 58   1 -2  0 -9 
76 59   1  1  0 -9 
76 64  -1  0  0 -9 
76 65  -1  0  0 -9 
76 66   1 -1  0 -9 
76 67   1  1  0 -9 
76 68   1 -4  0 -9 
76 69  -1 -3  0 -9 
76 70  -1 -3  0 -9 
76 71   1 -2  0 -9 
76 72   1  1  0 -9 
76 74  -1  0  0 -9 
76 75   1  1  0 -9 
76 76  -1  2  0 -9 
77 77   1 -8  0 -9 
78 68   1 -5  0 -9 
78 69  -1 -4  0 -9 
78 70  -1 -4  0 -9 
78 77  -1 -4  0 -9 
78 79   1 -3  0 -9 
79 68   1 -6  0 -9 
79 69  -1 -5  0 -9 
79 70  -1 -5  0 -9 
79 77   1 -7  0 -9 
79 78   1 -3  0 -9 
80  8  -1 -3  0 -9 
80 68   1 -4  0 -9 
80 69  -1 -3  0 -9 
80 70  -1 -3  0 -9 
80 71   1 -2  0 -9 
80 72  -1 -1  0 -9 
80 77  -1 -3  0 -9 
80 78  -1 -1  0 -9 
80 79   1 -2  0 -9 
80 80   1  0  0 -9 
81 12   1 -7  0 -9 
81 77   1 -7  0 -9 
81 81  -1 -6  0 -9 
82 12   1 -5  0 -9 
82 14  -1 -4  0 -9 
82 81  -1 -4  0 -9 
82 83   1 -3  0 -9 
83 12   1 -6  0 -9 
83 14  -1 -5  0 -9 
83 77   1 -6  0 -9 
83 81  -1 -5  0 -9 
83 82   1 -3  0 -9 
84  8  -1 -3  0 -9 
84 12  -1 -3  0 -9 
84 13   1 -2  0 -9 
84 14   1 -2 -1 -4  0 -9 
84 15  -1 -1  0 -9 
84 16   1 -2  0 -9 
84 68   1 -4  1 -6  0 -9 
84 69  -1 -1 -1 -3 -1 -5  0 -9 
84 70  -1 -3  0 -9 
84 71   1 -2  0 -9 
84 72  -1 -1  0 -9 
84 77  -1 -3  0 -9 
84 78  -1 -1  0 -9 
84 79   1 -2  0 -9 
84 81   1 -2  0 -9 
84 82   1 -2  0 -9 
84 83  -1 -1  0 -9 
84 84   1  0  0 -9 
85  8  -1 -2  0 -9 
85 12  -1 -2  0 -9 
85 13   1 -1  0 -9 
85 14   1 -1  0 -9 
85 15  -1  0  0 -9 
85 68   1 -3  0 -9 
85 69  -1  0 -1 -2  0 -9 
85 70  -1 -2  0 -9 
85 71   1 -1  0 -9 
85 72  -1  0  0 -9 
85 77  -1 -2  0 -9 
85 78  -1  0  0 -9 
85 79   1 -1  0 -9 
85 80   1  1  0 -9 
85 81   1 -1  0 -9 
85 83  -1  0  0 -9 
85 84   1  1  0 -9 
85 85  -1  2  0 -9 
86 28   1 -7  0 -9 
86 77   1 -7  0 -9 
86 86  -1 -6  0 -9 
87 28   1 -5  0 -9 
87 29  -1 -4  0 -9 
87 86  -1 -4  0 -9 
87 88   1 -3  0 -9 
88 28   1 -6  0 -9 
88 29  -1 -5  0 -9 
88 77   1 -6  0 -9 
88 86  -1 -5  0 -9 
88 87   1 -3  0 -9 
89 12   1 -6  0 -9 
89 14  -1 -5  0 -9 
89 20   1 -7  0 -9 
89 28   1 -6  0 -9 
89 29  -1 -5  0 -9 
89 60   1 -6  0 -9 
89 61  -1 -5  0 -9 
89 62  -1 -5  0 -9 
89 77   1 -6  0 -9 
89 81  -1 -5  0 -9 
89 86  -1 -5  0 -9 
89 90   1 -3  0 -9 
90 12   1 -5  0 -9 
90 14  -1 -4  0 -9 
90 20  -1 -4  0 -9 
90 28   1 -5  0 -9 
90 29  -1 -4  0 -9 
90 60   1 -5  0 -9 
90 61  -1 -4  0 -9 
90 62  -1 -4  0 -9 
90 77   1 -5  0 -9 
90 81  -1 -4  0 -9 
90 86  -1 -4  0 -9 
90 89   1 -3  0 -9 
91 14  -1 -3  0 -9 
91 20  -1 -3  0 -9 
91 21   1 -2  0 -9 
91 28   1 -4  1 -6  0 -9 
91 29  -1 -1 -1 -3 -1 -5  0 -9 
91 46  -1 -1  0 -9 
91 47   1 -2  0 -9 
91 60   1 -4  1 -6  0 -9 
91 61  -1 -1 -1 -3 -1 -5  0 -9 
91 62  -1 -3  0 -9 
91 65  -1 -1  0 -9 
91 66   1 -2  0 -9 
91 86  -1 -3  0 -9 
91 87  -1 -1  0 -9 
91 88   1 -2  0 -9 
91 89   1 -2  0 -9 
91 90  -1 -1  0 -9 
91 91   1  0  0 -9 
92 12   1 -4  0 -9 
92 14  -1 -3  0 -9 
92 20  -1 -3  0 -9 
92 28   1 -4  0 -9 
92 29  -1 -3  0 -9 
92 60   1 -4  0 -9 
92 61  -1 -3  0 -9 
92 62  -1 -3  0 -9 
92 65  -1 -1  0 -9 
92 66   1 -2  0 -9 
92 81  -1 -3  0 -9 
92 82  -1 -1  0 -9 
92 83   1 -2  0 -9 
92 86  -1 -3  0 -9 
92 87  -1 -1  0 -9 
92 88   1 -2  0 -9 
92 89   1 -2  0 -9 
92 90  -1 -1  0 -9 
92 92   1  0  0 -9 
93 20  -1 -2  0 -9 
93 21   1 -1  0 -9 
93 28   1 -3  0 -9 
93 29  -1  0 -1 -2  0 -9 
93 46  -1  0  0 -9 
93 60   1 -3  0 -9 
93 61  -1  0 -1 -2  0 -9 
93 62  -1 -2  0 -9 
93 65  -1  0  0 -9 
93 66   1 -1  0 -9 
93 82  -1  0  0 -9 
93 86  -1 -2  0 -9 
93 87  -1  0  0 -9 
93 88   1 -1  0 -9 
93 89   1 -1  0 -9 
93 90  -1  0  0 -9 
93 91   1  1  0 -9 
93 92   1  1  0 -9 
93 93  -1  2  0 -9 
94 37   1 -5  0 -9 
94 41  -1 -4  0 -9 
94 48  -1 -4  0 -9 
94 77  -1 -4  0 -9 
94 95   1 -3  0 -9 
95 37   1 -6  0 -9 
95 41  -1 -5  0 -9 
95 48  -1 -5  0 -9 
95 77   1 -7  0 -9 
95 94   1 -3  0 -9 
96  0  -1 -3  0 -9 
96 37   1 -4  0 -9 
96 41  -1 -3  0 -9 
96 48  -1 -3  0 -9 
96 51   1 -2  0 -9 
96 52  -1 -1  0 -9 
96 77  -1 -3  0 -9 
96 94  -1 -1  0 -9 
96 95   1 -2  0 -9 
96 96   1  0  0 -9 
97  0  -1 -2  0 -9 
97  1   1 -1  0 -9 
97 28   1 -4  0 -9 
97 29  -1 -3  0 -9 
97 49  -1  0  0 -9 
97 51   1 -1  0 -9 
97 52  -1  0  0 -9 
97 53   1  1  0 -9 
97 86  -1 -3  0 -9 
97 87   1  1  0 -9 
97 88   1 -2  0 -9 
97 94  -1  0  0 -9 
97 96   1  1  0 -9 
97 97  -1  2  0 -9 
98 98   1 -8  0 -9 
99 98   1 -7  0 -9 
99 99  -1 -6  0 -9 
100 98   1 -6  0 -9 
100 99  -1 -5  0 -9 
100 101   1 -3  0 -9 
101 99  -1 -4  0 -9 
101 100   1 -3  0 -9 
102 102   1 -8  0 -9 
103 98   1 -7  0 -9 
103 102   1 -7  0 -9 
103 103  -1 -6  0 -9 
104 102   1 -7  0 -9 
104 104  -1 -6  0 -9 
105 98   1 -6  0 -9 
105 102   1 -6  0 -9 
105 103  -1 -5  0 -9 
105 104  -1 -5  0 -9 
105 106   1 -3  0 -9 
106 102   1 -5  0 -9 
106 103  -1 -4  0 -9 
106 104  -1 -4  0 -9 
106 105   1 -3  0 -9 
107 98   1 -5  0 -9 
107 99  -1 -4  0 -9 
107 102   1 -5  0 -9 
107 103  -1 -4  0 -9 
107 104  -1 -4  0 -9 
107 108   1 -3  0 -9 
108 98   1 -6  0 -9 
108 99  -1 -5  0 -9 
108 102   1 -6  0 -9 
108 103  -1 -5  0 -9 
108 104  -1 -5  0 -9 
108 107   1 -3  0 -9 
109 99  -1 -3  0 -9 
109 100   1 -2  0 -9 
109 101  -1 -1  0 -9 
109 102   1 -4  0 -9 
109 103  -1 -3  0 -9 
109 104  -1 -3  0 -9 
109 105   1 -2  0 -9 
109 106  -1 -1  0 -9 
109 107  -1 -1  0 -9 
109 108   1 -2  0 -9 
109 109   1  0  0 -9 
110 110   1 -8  0 -9 
111 110   1 -7  0 -9 
111 111  -1 -6  0 -9 
112 110   1 -7  0 -9 
112 112  -1 -6  0 -9 
113 98   1 -7  0 -9 
113 110   1 -6  0 -9 
113 111  -1 -5  0 -9 
113 112  -1 -5  0 -9 
113 114   1 -3  0 -9 
114 98  -1 -4  0 -9 
114 110   1 -5  0 -9 
114 111  -1 -4  0 -9 
114 112  -1 -4  0 -9 
114 113   1 -3  0 -9 
115 110   1 -5  0 -9 
115 111  -1 -4  0 -9 
115 112  -1 -4  0 -9 
115 116   1 -3  0 -9 
116 110   1 -6  0 -9 
116 111  -1 -5  0 -9 
116 112  -1 -5  0 -9 
116 115   1 -3  0 -9 
117 98  -1 -3  0 -9 
117 110   1 -4  0 -9 
117 111  -1 -3  0 -9 
117 112  -1 -3  0 -9 
117 113   1 -2  0 -9 
117 114  -1 -1  0 -9 
117 115  -1 -1  0 -9 
117 116   1 -2  0 -9 
117 117   1  0  0 -9 
118 118   1 -8  0 -9 
119 118   1 -7  0 -9 
119 119  -1 -6  0 -9 
120 98   1 -7  0 -9 
120 118   1 -7  0 -9 
120 120  -1 -6  0 -9 
121 98   1 -6  0 -9 
121 118   1 -6  0 -9 
121 119  -1 -5  0 -9 
121 120  -1 -5  0 -9 
121 122   1 -3  0 -9 
122 118   1 -5  0 -9 
122 119  -1 -4  0 -9 
122 120  -1 -4  0 -9 
122 121   1 -3  0 -9 
123 110   1 -6  0 -9 
123 112  -1 -5  0 -9 
123 119  -1 -4  0 -9 
123 124   1 -3  0 -9 
124 112  -1 -4  0 -9 
124 118   1 -6  0 -9 
124 119  -1 -5  0 -9 
124 123   1 -3  0 -9 
125 112  -1 -3  0 -9 
125 115  -1 -1  0 -9 
125 116   1 -2  0 -9 
125 118   1 -5  0 -9 
125 119  -1 -4  0 -9 
125 123   1 -2  0 -9 
125 124  -1 -1  0 -9 
125 125   1  0  0 -9 
126 114  -1  0  0 -9 
126 115  -1  0  0 -9 
126 116   1 -1  0 -9 
126 117   1  1  0 -9 
126 118   1 -4  0 -9 
126 119  -1 -3  0 -9 
126 120  -1 -3  0 -9 
126 121   1 -2  0 -9 
126 122   1  1  0 -9 
126 124  -1  0  0 -9 
126 125   1  1  0 -9 
126 126  -1  2  0 -9 
127 127   1 -8  0 -9 
128 98   1 -5  0 -9 
128 102   1 -5  0 -9 
128 103  -1 -4  0 -9 
128 104  -1 -4  0 -9 
128 118   1 -5  0 -9 
128 119  -1 -4  0 -9 
128 120  -1 -4  0 -9 
128 127  -1 -4  0 -9 
128 129   1 -3  0 -9 
129 98   1 -6  0 -9 
129 102   1 -6  0 -9 
129 103  -1 -5  0 -9 
129 104  -1 -5  0 -9 
129 118   1 -6  0 -9 
129 119  -1 -5  0 -9 
129 120  -1 -5  0 -9 
129 127   1 -7  0 -9 
129 128   1 -3  0 -9 
130 102   1 -4  0 -9 
130 103  -1 -3  0 -9 
130 104  -1 -3  0 -9 
130 105   1 -2  0 -9 
130 106  -1 -1  0 -9 
130 118   1 -4  0 -9 
130 119  -1 -3  0 -9 
130 120  -1 -3  0 -9 
130 121   1 -2  0 -9 
130 122  -1 -1  0 -9 
130 127  -1 -3  0 -9 
130 128  -1 -1  0 -9 
130 129   1 -2  0 -9 
130 130   1  0  0 -9 
131 127   1 -7  0 -9 
131 131  -1 -6  0 -9 
132 102   1 -6  0 -9 
132 104  -1 -5  0 -9 
132 131  -1 -4  0 -9 
132 133   1 -3  0 -9 
133 104  -1 -4  0 -9 
133 127   1 -6  0 -9 
133 131  -1 -5  0 -9 
133 132   1 -3  0 -9 
134 104  -1 -3  0 -9 
134 118   1 -4  1 -6  0 -9 
134 119  -1 -1 -1 -3 -1 -5  0 -9 
134 120  -1 -3  0 -9 
134 121   1 -2  0 -9 
134 122  -1 -1  0 -9 
134 127  -1 -3  0 -9 
134 128  -1 -1  0 -9 
134 129   1 -2  0 -9 
134 131   1 -2  0 -9 
134 132   1 -2  0 -9 
134 133  -1 -1  0 -9 
134 134   1  0  0 -9 
135 106  -1  0  0 -9 
135 118   1 -3  0 -9 
135 119  -1  0 -1 -2  0 -9 
135 120  -1 -2  0 -9 
135 121   1 -1  0 -9 
135 122  -1  0  0 -9 
135 127  -1 -2  0 -9 
135 128  -1  0  0 -9 
135 129   1 -1  0 -9 
135 130   1  1  0 -9 
135 131   1 -1  0 -9 
135 133  -1  0  0 -9 
135 134   1  1  0 -9 
135 135  -1  2  0 -9 
136  0   1 -6  0 -9 
136  1  -1 -5  0 -9 
136 104  -1 -4  0 -9 
136 110   1 -6  0 -9 
136 111  -1 -5  0 -9 
136 137   1 -3  0 -9 
137  1  -1 -4  0 -9 
137 102   1 -6  0 -9 
137 104  -1 -5  0 -9 
137 111  -1 -4  0 -9 
137 136   1 -3  0 -9 
138  0   1 -7  0 -9 
138 127   1 -7  0 -9 
138 138  -1 -6  0 -9 
139  0   1 -5  0 -9 
139  1  -1 -4  0 -9 
139 118   1 -6  0 -9 
139 119  -1 -5  0 -9 
139 138  -1 -4  0 -9 
139 140   1 -3  0 -9 
140  0   1 -6  0 -9 
140  1  -1 -5  0 -9 
140 119  -1 -4  0 -9 
140 127   1 -6  0 -9 
140 138  -1 -5  0 -9 
140 139   1 -3  0 -9 
141  0   1 -6  0 -9 
141 127   1 -6  0 -9 
141 131  -1 -5  0 -9 
141 138  -1 -5  0 -9 
141 142   1 -3  0 -9 
142 127   1 -5  0 -9 
142 131  -1 -4  0 -9 
142 138  -1 -4  0 -9 
142 141   1 -3  0 -9 
143 118   1 -5  0 -9 
143 119  -1 -4  0 -9 
143 138  -1 -3  0 -9 
143 139  -1 -1  0 -9 
143 140   1 -2  0 -9 
143 141   1 -2  0 -9 
143 142  -1 -1  0 -9 
143 143   1  0  0 -9 
144  1  -1 -3  0 -9 
144 102   1 -5  0 -9 
144 104   1 -2 -1 -4  0 -9 
144 111  -1 -3  0 -9 
144 112  -1 -3  0 -9 
144 115  -1 -1  0 -9 
144 116   1 -2  0 -9 
144 118   1 -5  0 -9 
144 119   1 -2 -1 -4  0 -9 
144 123   1 -2  0 -9 
144 124  -1 -1  0 -9 
144 131  -1 -3  0 -9 
144 132  -1 -1  0 -9 
144 133   1 -2  0 -9 
144 136   1 -2  0 -9 
144 137  -1 -1  0 -9 
144 138  -1 -3  0 -9 
144 139  -1 -1  0 -9 
144 140   1 -2  0 -9 
144 141   1 -2  0 -9 
144 142  -1 -1  0 -9 
144 144   1  0  0 -9 
145 104   1 -1  0 -9 
145 112  -1 -2  0 -9 
145 115  -1  0  0 -9 
145 116   1 -1  0 -9 
145 118   1 -4  0 -9 
145 119  -1 -3  0 -9 
145 123   1 -1  0 -9 
145 124  -1  0  0 -9 
145 125   1  1  0 -9 
145 132  -1  0  0 -9 
145 137  -1  0  0 -9 
145 138  -1 -2  0 -9 
145 139  -1  0  0 -9 
145 140   1 -1  0 -9 
145 141   1 -1  0 -9 
145 142  -1  0  0 -9 
145 143   1  1  0 -9 
145 144   1  1  0 -9 
145 145  -1  2  0 -9 
146 146   1 -8  0 -9 
147 146   1 -7  0 -9 
147 147  -1 -6  0 -9 
148 146   1 -6  0 -9 
148 147  -1 -5  0 -9 
148 149   1 -3  0 -9 
149 147  -1 -4  0 -9 
149 148   1 -3  0 -9 
150 150   1 -8  0 -9 
151 150   1 -7  0 -9 
151 151  -1 -6  0 -9 
152 150   1 -7  0 -9 
152 152  -1 -6  0 -9 
153  8   1 -7  0 -9 
153 146   1 -7  0 -9 
153 150   1 -6  0 -9 
153 151  -1 -5  0 -9 
153 152  -1 -5  0 -9 
153 154   1 -3  0 -9 
154  8  -1 -4  0 -9 
154 146  -1 -4  0 -9 
154 150   1 -5  0 -9 
154 151  -1 -4  0 -9 
154 152  -1 -4  0 -9 
154 153   1 -3  0 -9 
155 150   1 -5  0 -9 
155 151  -1 -4  0 -9 
155 152  -1 -4  0 -9 
155 156   1 -3  0 -9 
156 150   1 -6  0 -9 
156 151  -1 -5  0 -9 
156 152  -1 -5  0 -9 
156 155   1 -3  0 -9 
157  8  -1 -3  0 -9 
157 146  -1 -3  0 -9 
157 150   1 -4  0 -9 
157 151  -1 -3  0 -9 
157 152  -1 -3  0 -9 
157 153   1 -2  0 -9 
157 154  -1 -1  0 -9 
157 155  -1 -1  0 -9 
157 156   1 -2  0 -9 
157 157   1  0  0 -9 
158 158   1 -8  0 -9 
159 158   1 -7  0 -9 
159 159  -1 -6  0 -9 
160  8   1 -7  0 -9 
160 158   1 -7  0 -9 
160 160  -1 -6  0 -9 
161  8   1 -6  0 -9 
161 158   1 -6  0 -9 
161 159  -1 -5  0 -9 
161 160  -1 -5  0 -9 
161 162   1 -3  0 -9 
162 158   1 -5  0 -9 
162 159  -1 -4  0 -9 
162 160  -1 -4  0 -9 
162 161   1 -3  0 -9 
163 150   1 -6  0 -9 
163 152  -1 -5  0 -9 
163 159  -1 -4  0 -9 
163 164   1 -3  0 -9 
164 152  -1 -4  0 -9 
164 158   1 -6  0 -9 
164 159  -1 -5  0 -9 
164 163   1 -3  0 -9 
165 152  -1 -3  0 -9 
165 155  -1 -1  0 -9 
165 156   1 -2  0 -9 
165 158   1 -5  0 -9 
165 159  -1 -4  0 -9 
165 163   1 -2  0 -9 
165 164  -1 -1  0 -9 
165 165   1  0  0 -9 
166 147  -1 -3  0 -9 
166 148   1 -2  0 -9 
166 149   1  1  0 -9 
166 154  -1  0  0 -9 
166 155  -1  0  0 -9 
166 156   1 -1  0 -9 
166 157   1  1  0 -9 
166 158   1 -4  0 -9 
166 159  -1 -3  0 -9 
166 160  -1 -3  0 -9 
166 161   1 -2  0 -9 
166 162   1  1  0 -9 
166 164  -1  0  0 -9 
166 165   1  1  0 -9 
166 166  -1  2  0 -9 
167 167   1 -8  0 -9 
168  8   1 -5  0 -9 
168 12   1 -5  0 -9 
168 13  -1 -4  0 -9 
168 14  -1 -4  0 -9 
168 158   1 -5  0 -9 
168 159  -1 -4  0 -9 
168 160  -1 -4  0 -9 
168 167  -1 -4  0 -9 
168 169   1 -3  0 -9 
169  8   1 -6  0 -9 
169 12   1 -6  0 -9 
169 13  -1 -5  0 -9 
169 14  -1 -5  0 -9 
169 158   1 -6  0 -9 
169 159  -1 -5  0 -9 
169 160  -1 -5  0 -9 
169 167   1 -7  0 -9 
169 168   1 -3  0 -9 
170 12   1 -4  0 -9 
170 13  -1 -3  0 -9 
170 14  -1 -3  0 -9 
170 15   1 -2  0 -9 
170 16  -1 -1  0 -9 
170 158   1 -4  0 -9 
170 159  -1 -3  0 -9 
170 160  -1 -3  0 -9 
170 161   1 -2  0 -9 
170 162  -1 -1  0 -9 
170 167  -1 -3  0 -9 
170 168  -1 -1  0 -9 
170 169   1 -2  0 -9 
170 170   1  0  0 -9 
171 167   1 -7  0 -9 
171 171  -1 -6  0 -9 
172 12   1 -6  0 -9 
172 14  -1 -5  0 -9 
172 171  -1 -4  0 -9 
172 173   1 -3  0 -9 
173 14  -1 -4  0 -9 
173 167   1 -6  0 -9 
173 171  -1 -5  0 -9 
173 172   1 -3  0 -9 
174 14  -1 -3  0 -9 
174 158   1 -4  1 -6  0 -9 
174 159  -1 -1 -1 -3 -1 -5  0 -9 
174 160  -1 -3  0 -9 
174 161   1 -2  0 -9 
174 162  -1 -1  0 -9 
174 167  -1 -3  0 -9 
174 168  -1 -1  0 -9 
174 169   1 -2  0 -9 
174 171   1 -2  0 -9 
174 172   1 -2  0 -9 
174 173  -1 -1  0 -9 
174 174   1  0  0 -9 
175 16  -1  0  0 -9 
175 158   1 -3  0 -9 
175 159  -1  0 -1 -2  0 -9 
175 160  -1 -2  0 -9 
175 161   1 -1  0 -9 
175 162  -1  0  0 -9 
175 167  -1 -2  0 -9 
175 168  -1  0  0 -9 
175 169   1 -1  0 -9 
175 170   1  1  0 -9 
175 171   1 -1  0 -9 
175 173  -1  0  0 -9 
175 174   1  1  0 -9 
175 175  -1  2  0 -9 
176 176   1 -8  0 -9 
177 176   1 -7  0 -9 
177 177  -1 -6  0 -9 
178 56   1 -7  0 -9 
178 176   1 -7  0 -9 
178 178  -1 -6  0 -9 
179 56   1 -6  0 -9 
179 176   1 -6  0 -9 
179 177  -1 -5  0 -9 
179 178  -1 -5  0 -9 
179 180   1 -3  0 -9 
180 176   1 -5  0 -9 
180 177  -1 -4  0 -9 
180 178  -1 -4  0 -9 
180 179   1 -3  0 -9 
181 60   1 -6  0 -9 
181 62  -1 -5  0 -9 
181 177  -1 -4  0 -9 
181 182   1 -3  0 -9 
182 62  -1 -4  0 -9 
182 176   1 -6  0 -9 
182 177  -1 -5  0 -9 
182 181   1 -3  0 -9 
183 62  -1 -3  0 -9 
183 65  -1 -1  0 -9 
183 66   1 -2  0 -9 
183 176   1 -5  0 -9 
183 177  -1 -4  0 -9 
183 181   1 -2  0 -9 
183 182  -1 -1  0 -9 
183 183   1  0  0 -9 
184 64  -1  0  0 -9 
184 65  -1  0  0 -9 
184 66   1 -1  0 -9 
184 67   1  1  0 -9 
184 176   1 -4  0 -9 
184 177  -1 -3  0 -9 
184 178  -1 -3  0 -9 
184 179   1 -2  0 -9 
184 180   1  1  0 -9 
184 182  -1  0  0 -9 
184 183   1  1  0 -9 
184 184  -1  2  0 -9 
185 77   1 -7  0 -9 
185 185  -1 -6  0 -9 
186 68   1 -6  0 -9 
186 70  -1 -5  0 -9 
186 159  -1 -4  0 -9 
186 185  -1 -4  0 -9 
186 187   1 -3  0 -9 
187 70  -1 -4  0 -9 
187 77   1 -6  0 -9 
187 158   1 -6  0 -9 
187 159  -1 -5  0 -9 
187 185  -1 -5  0 -9 
187 186   1 -3  0 -9 
188 70  -1 -3  0 -9 
188 77  -1 -3  0 -9 
188 78  -1 -1  0 -9 
188 79   1 -2  0 -9 
188 158   1 -5  0 -9 
188 159  -1 -4  0 -9 
188 185   1 -2  0 -9 
188 186   1 -2  0 -9 
188 187  -1 -1  0 -9 
188 188   1  0  0 -9 
189 72  -1  0  0 -9 
189 77  -1 -2  0 -9 
189 78  -1  0  0 -9 
189 79   1 -1  0 -9 
189 80   1  1  0 -9 
189 158   1 -4  0 -9 
189 159  -1 -3  0 -9 
189 160  -1 -3  0 -9 
189 161   1 -2  0 -9 
189 162   1  1  0 -9 
189 185   1 -1  0 -9 
189 187  -1  0  0 -9 
189 188   1  1  0 -9 
189 189  -1  2  0 -9 
190 14  -1 -3  0 -9 
190 77  -1 -4  0 -9 
190 82  -1 -1  0 -9 
190 83   1 -2  0 -9 
190 167   1 -5  0 -9 
190 171  -1 -4  0 -9 
190 172   1 -2  0 -9 
190 173  -1 -1  0 -9 
190 185   1 -3  0 -9 
190 190   1  0  0 -9 
191 20   1 -7  0 -9 
191 118   1 -7  0 -9 
191 167   1 -7  0 -9 
191 176   1 -7  0 -9 
191 191  -1 -6  0 -9 
192 20   1 -5  0 -9 
192 21  -1 -4  0 -9 
192 118   1 -5  0 -9 
192 119  -1 -4  0 -9 
192 176   1 -5  0 -9 
192 177  -1 -4  0 -9 
192 191  -1 -4  0 -9 
192 193   1 -3  0 -9 
193 20   1 -6  0 -9 
193 21  -1 -5  0 -9 
193 118   1 -6  0 -9 
193 119  -1 -5  0 -9 
193 167   1 -6  0 -9 
193 176   1 -6  0 -9 
193 177  -1 -5  0 -9 
193 191  -1 -5  0 -9 
193 192   1 -3  0 -9 
194 20   1 -6  0 -9 
194 118   1 -6  0 -9 
194 119  -1 -5  0 -9 
194 167   1 -6  0 -9 
194 171  -1 -5  0 -9 
194 176   1 -6  0 -9 
194 177  -1 -5  0 -9 
194 191  -1 -5  0 -9 
194 195   1 -3  0 -9 
195 118   1 -5  0 -9 
195 119  -1 -4  0 -9 
195 167   1 -5  0 -9 
195 171  -1 -4  0 -9 
195 176   1 -5  0 -9 
195 177  -1 -4  0 -9 
195 191  -1 -4  0 -9 
195 194   1 -3  0 -9 
196 118   1 -4  1 -6  0 -9 
196 119  -1 -1 -1 -3 -1 -5  0 -9 
196 176   1 -4  1 -6  0 -9 
196 177  -1 -1 -1 -3 -1 -5  0 -9 
196 191  -1 -3  0 -9 
196 192  -1 -1  0 -9 
196 193   1 -2  0 -9 
196 194   1 -2  0 -9 
196 195  -1 -1  0 -9 
196 196   1  0  0 -9 
197 12   1 -5  0 -9 
197 14   1 -2 -1 -4  0 -9 
197 21  -1 -3  0 -9 
197 46   1 -2  0 -9 
197 47  -1 -1  0 -9 
197 118   1 -4  0 -9 
197 119  -1 -3  0 -9 
197 171  -1 -3  0 -9 
197 172  -1 -1  0 -9 
197 173   1 -2  0 -9 
197 176   1 -4  0 -9 
197 177  -1 -3  0 -9 
197 191  -1 -3  0 -9 
197 192  -1 -1  0 -9 
197 193   1 -2  0 -9 
197 194   1 -2  0 -9 
197 195  -1 -1  0 -9 
197 197   1  0  0 -9 
198 14   1 -1  0 -9 
198 47  -1  0  0 -9 
198 118   1 -3  0 -9 
198 119  -1  0 -1 -2  0 -9 
198 172  -1  0  0 -9 
198 176   1 -3  0 -9 
198 177  -1  0 -1 -2  0 -9 
198 191  -1 -2  0 -9 
198 192  -1  0  0 -9 
198 193   1 -1  0 -9 
198 194   1 -1  0 -9 
198 195  -1  0  0 -9 
198 196   1  1  0 -9 
198 197   1  1  0 -9 
198 198  -1  2  0 -9 
199 28   1 -6  0 -9 
199 77   1 -6  0 -9 
199 86  -1 -5  0 -9 
199 119  -1 -4  0 -9 
199 185  -1 -5  0 -9 
199 200   1 -3  0 -9 
200 77   1 -5  0 -9 
200 86  -1 -4  0 -9 
200 118   1 -6  0 -9 
200 119  -1 -5  0 -9 
200 185  -1 -4  0 -9 
200 199   1 -3  0 -9 
201 86  -1 -3  0 -9 
201 87  -1 -1  0 -9 
201 88   1 -2  0 -9 
201 118   1 -5  0 -9 
201 119  -1 -4  0 -9 
201 199   1 -2  0 -9 
201 200  -1 -1  0 -9 
201 201   1  0  0 -9 
202 65  -1  0  0 -9 
202 66   1 -1  0 -9 
202 77  -1 -3  0 -9 
202 82  -1  0  0 -9 
202 83   1 -1  0 -9 
202 87  -1  0  0 -9 
202 88   1 -1  0 -9 
202 90  -1  0  0 -9 
202 92   1  1  0 -9 
202 118   1 -4  0 -9 
202 119  -1 -3  0 -9 
202 167   1 -4  0 -9 
202 171  -1 -3  0 -9 
202 173  -1  0  0 -9 
202 176   1 -4  0 -9 
202 177  -1 -3  0 -9 
202 182  -1  0  0 -9 
202 183   1  1  0 -9 
202 185   1 -2  0 -9 
202 190   1  1  0 -9 
202 191  -1 -3  0 -9 
202 194   1 -2  0 -9 
202 195   1  1  0 -9 
202 200  -1  0  0 -9 
202 201   1  1  0 -9 
202 202  -1  2  0 -9 
203 37   1 -6  0 -9 
203 48  -1 -5  0 -9 
203 131  -1 -4  0 -9 
203 185  -1 -4  0 -9 
203 204   1 -3  0 -9 
204 48  -1 -4  0 -9 
204 77   1 -6  0 -9 
204 127   1 -6  0 -9 
204 131  -1 -5  0 -9 
204 185  -1 -5  0 -9 
204 203   1 -3  0 -9 
205  1  -1 -3  0 -9 
205 29  -1 -3  0 -9 
205 37   1 -5  0 -9 
205 48   1 -2 -1 -4  0 -9 
205 49   1 -2  0 -9 
205 50  -1 -1  0 -9 
205 86  -1 -3  0 -9 
205 87  -1 -1  0 -9 
205 88   1 -2  0 -9 
205 118   1 -5  0 -9 
205 119   1 -2 -1 -4  0 -9 
205 131  -1 -3  0 -9 
205 138  -1 -3  0 -9 
205 139  -1 -1  0 -9 
205 140   1 -2  0 -9 
205 141   1 -2  0 -9 
205 142  -1 -1  0 -9 
205 185  -1 -3  0 -9 
205 199   1 -2  0 -9 
205 200  -1 -1  0 -9 
205 203  -1 -1  0 -9 
205 204   1 -2  0 -9 
205 205   1  0  0 -9 
206 48   1 -1  0 -9 
206 50  -1  0  0 -9 
206 86  -1 -2  0 -9 
206 87  -1  0  0 -9 
206 88   1 -1  0 -9 
206 118   1 -4  0 -9 
206 119  -1 -3  0 -9 
206 138  -1 -2  0 -9 
206 139  -1  0  0 -9 
206 140   1 -1  0 -9 
206 141   1 -1  0 -9 
206 142  -1  0  0 -9 
206 143   1  1  0 -9 
206 199   1 -1  0 -9 
206 200  -1  0  0 -9 
206 201   1  1  0 -9 
206 203  -1  0  0 -9 
206 205   1  1  0 -9 
206 206  -1  2  0 -9 
207 48  -1 -3  0 -9 
207 77  -1 -3  0 -9 
207 94  -1 -1  0 -9 
207 95   1 -2  0 -9 
207 127   1 -5  0 -9 
207 131  -1 -4  0 -9 
207 185   1 -2  0 -9 
207 203   1 -2  0 -9 
207 204  -1 -1  0 -9 
207 207   1  0  0 -9 
208 52  -1  0  0 -9 
208 77  -1 -2  0 -9 
208 94  -1  0  0 -9 
208 95   1 -1  0 -9 
208 96   1  1  0 -9 
208 127   1 -4  0 -9 
208 131  -1 -3  0 -9 
208 138  -1 -3  0 -9 
208 141   1 -2  0 -9 
208 142   1  1  0 -9 
208 185   1 -1  0 -9 
208 204  -1  0  0 -9 
208 207   1  1  0 -9 
208 208  -1  2  0 -9 
209 209   1 -8  0 -9 
210 56   1 -7  0 -9 
210 98   1 -7  0 -9 
210 209   1 -7  0 -9 
210 210  -1 -6  0 -9 
211 209   1 -7  0 -9 
211 211  -1 -6  0 -9 
212 56   1 -6  0 -9 
212 98   1 -6  0 -9 
212 209   1 -6  0 -9 
212 210  -1 -5  0 -9 
212 211  -1 -5  0 -9 
212 213   1 -3  0 -9 
213 209   1 -5  0 -9 
213 210  -1 -4  0 -9 
213 211  -1 -4  0 -9 
213 212   1 -3  0 -9 
214 56   1 -5  0 -9 
214 57  -1 -4  0 -9 
214 98   1 -5  0 -9 
214 99  -1 -4  0 -9 
214 209   1 -5  0 -9 
214 210  -1 -4  0 -9 
214 211  -1 -4  0 -9 
214 215   1 -3  0 -9 
215 56   1 -6  0 -9 
215 57  -1 -5  0 -9 
215 98   1 -6  0 -9 
215 99  -1 -5  0 -9 
215 209   1 -6  0 -9 
215 210  -1 -5  0 -9 
215 211  -1 -5  0 -9 
215 214   1 -3  0 -9 
216 57  -1 -3  0 -9 
216 58   1 -2  0 -9 
216 59  -1 -1  0 -9 
216 99  -1 -3  0 -9 
216 100   1 -2  0 -9 
216 101  -1 -1  0 -9 
216 209   1 -4  0 -9 
216 210  -1 -3  0 -9 
216 211  -1 -3  0 -9 
216 212   1 -2  0 -9 
216 213  -1 -1  0 -9 
216 214  -1 -1  0 -9 
216 215   1 -2  0 -9 
216 216   1  0  0 -9 
217 217   1 -8  0 -9 
218 217   1 -7  0 -9 
218 218  -1 -6  0 -9 
219 217   1 -7  0 -9 
219 219  -1 -6  0 -9 
220 98   1 -7  0 -9 
220 217   1 -6  0 -9 
220 218  -1 -5  0 -9 
220 219  -1 -5  0 -9 
220 221   1 -3  0 -9 
221 98  -1 -4  0 -9 
221 217   1 -5  0 -9 
221 218  -1 -4  0 -9 
221 219  -1 -4  0 -9 
221 220   1 -3  0 -9 
222 98   1 -6  0 -9 
222 99  -1 -5  0 -9 
222 209   1 -6  0 -9 
222 211  -1 -5  0 -9 
222 218  -1 -4  0 -9 
222 223   1 -3  0 -9 
223 99  -1 -4  0 -9 
223 211  -1 -4  0 -9 
223 217   1 -6  0 -9 
223 218  -1 -5  0 -9 
223 222   1 -3  0 -9 
224 57  -1 -3  0 -9 
224 58   1 -2  0 -9 
224 59  -1 -1  0 -9 
224 99  -1 -3  0 -9 
224 211  -1 -3  0 -9 
224 214  -1 -1  0 -9 
224 215   1 -2  0 -9 
224 217   1 -5  0 -9 
224 218  -1 -4  0 -9 
224 222   1 -2  0 -9 
224 223  -1 -1  0 -9 
224 224   1  0  0 -9 
225 57  -1 -2  0 -9 
225 58   1 -1  0 -9 
225 59  -1  0  0 -9 
225 98  -1 -3  0 -9 
225 101  -1  0  0 -9 
225 213  -1  0  0 -9 
225 214  -1  0  0 -9 
225 215   1 -1  0 -9 
225 216   1  1  0 -9 
225 217   1 -4  0 -9 
225 218  -1 -3  0 -9 
225 219  -1 -3  0 -9 
225 220   1 -2  0 -9 
225 221   1  1  0 -9 
225 223  -1  0  0 -9 
225 224   1  1  0 -9 
225 225  -1  2  0 -9 
226 60   1 -6  0 -9 
226 61  -1 -5  0 -9 
226 110   1 -6  0 -9 
226 111  -1 -5  0 -9 
226 211  -1 -4  0 -9 
226 227   1 -3  0 -9 
227 61  -1 -4  0 -9 
227 111  -1 -4  0 -9 
227 209   1 -6  0 -9 
227 211  -1 -5  0 -9 
227 226   1 -3  0 -9 
228 77   1 -7  0 -9 
228 127   1 -7  0 -9 
228 228  -1 -6  0 -9 
229 14  -1 -4  0 -9 
229 68   1 -6  0 -9 
229 69  -1 -5  0 -9 
229 98   1 -6  0 -9 
229 102   1 -6  0 -9 
229 103  -1 -5  0 -9 
229 118   1 -6  0 -9 
229 119  -1 -5  0 -9 
229 219  -1 -4  0 -9 
229 228  -1 -4  0 -9 
229 230   1 -3  0 -9 
230 12   1 -6  0 -9 
230 14  -1 -5  0 -9 
230 69  -1 -4  0 -9 
230 77   1 -6  0 -9 
230 103  -1 -4  0 -9 
230 119  -1 -4  0 -9 
230 127   1 -6  0 -9 
230 217   1 -6  0 -9 
230 219  -1 -5  0 -9 
230 228  -1 -5  0 -9 
230 229   1 -3  0 -9 
231 12   1 -6  0 -9 
231 14  -1 -5  0 -9 
231 77   1 -6  0 -9 
231 81  -1 -5  0 -9 
231 102   1 -7  0 -9 
231 127   1 -6  0 -9 
231 131  -1 -5  0 -9 
231 228  -1 -5  0 -9 
231 232   1 -3  0 -9 
232 12   1 -5  0 -9 
232 14  -1 -4  0 -9 
232 77   1 -5  0 -9 
232 81  -1 -4  0 -9 
232 102  -1 -4  0 -9 
232 127   1 -5  0 -9 
232 131  -1 -4  0 -9 
232 228  -1 -4  0 -9 
232 231   1 -3  0 -9 
233 14  -1 -3  0 -9 
233 68   1 -5  0 -9 
233 69  -1 -4  0 -9 
233 98  -1 -3  0 -9 
233 102  -1 -3  0 -9 
233 103   1 -2  0 -9 
233 118   1 -5  0 -9 
233 119  -1 -4  0 -9 
233 219  -1 -3  0 -9 
233 220   1 -2  0 -9 
233 221  -1 -1  0 -9 
233 228  -1 -3  0 -9 
233 229  -1 -1  0 -9 
233 230   1 -2  0 -9 
233 231   1 -2  0 -9 
233 232  -1 -1  0 -9 
233 233   1  0  0 -9 
234  9  -1 -3  0 -9 
234 12   1 -4  1 -6  0 -9 
234 13  -1 -3  0 -9 
234 14  -1 -1 -2 -3 -1 -5  0 -9 
234 15   1 -2  0 -9 
234 16  -1 -1  0 -9 
234 17  -1 -1  0 -9 
234 18   1 -2  0 -9 
234 61  -1 -3  0 -9 
234 62  -1 -3  0 -9 
234 65  -1 -1  0 -9 
234 66   1 -2  0 -9 
234 68   1 -5  0 -9 
234 69   1 -2 -1 -4  0 -9 
234 73   1 -2  0 -9 
234 74  -1 -1  0 -9 
234 81  -1 -3  0 -9 
234 82  -1 -1  0 -9 
234 83   1 -2  0 -9 
234 98  -1 -3  1 -5  0 -9 
234 99   1 -2 -1 -4  0 -9 
234 102  -1 -3  1 -5  0 -9 
234 103   1 -2 -1 -4  0 -9 
234 104   1 -2 -1 -4  0 -9 
234 107   1 -2  0 -9 
234 108  -1 -1  0 -9 
234 111  -1 -3  0 -9 
234 112  -1 -3  0 -9 
234 115  -1 -1  0 -9 
234 116   1 -2  0 -9 
234 118   1 -5  0 -9 
234 119   1 -2 -1 -4  0 -9 
234 123   1 -2  0 -9 
234 124  -1 -1  0 -9 
234 131  -1 -3  0 -9 
234 132  -1 -1  0 -9 
234 133   1 -2  0 -9 
234 209   1 -5  0 -9 
234 211   1 -2 -1 -4  0 -9 
234 218  -1 -3  0 -9 
234 219  -1 -3  0 -9 
234 220   1 -2  0 -9 
234 221  -1 -1  0 -9 
234 222  -1 -1  0 -9 
234 223   1 -2  0 -9 
234 226   1 -2  0 -9 
234 227  -1 -1  0 -9 
234 228  -1 -3  0 -9 
234 229  -1 -1  0 -9 
234 230   1 -2  0 -9 
234 231   1 -2  0 -9 
234 232  -1 -1  0 -9 
234 234   1  0  0 -9 
235  9  -1 -2  0 -9 
235 14  -1  0 -1 -2  0 -9 
235 16  -1  0  0 -9 
235 17  -1  0  0 -9 
235 18   1 -1  0 -9 
235 62  -1 -2  0 -9 
235 65  -1  0  0 -9 
235 66   1 -1  0 -9 
235 68   1 -4  0 -9 
235 69  -1 -3  0 -9 
235 73   1 -1  0 -9 
235 74  -1  0  0 -9 
235 75   1  1  0 -9 
235 82  -1  0  0 -9 
235 98  -1 -2  0 -9 
235 99   1 -1  0 -9 
235 102  -1 -2  0 -9 
235 103   1 -1  0 -9 
235 104   1 -1  0 -9 
235 108  -1  0  0 -9 
235 112  -1 -2  0 -9 
235 115  -1  0  0 -9 
235 116   1 -1  0 -9 
235 118   1 -4  0 -9 
235 119  -1 -3  0 -9 
235 123   1 -1  0 -9 
235 124  -1  0  0 -9 
235 125   1  1  0 -9 
235 132  -1  0  0 -9 
235 211   1 -1  0 -9 
235 219  -1 -2  0 -9 
235 220   1 -1  0 -9 
235 221  -1  0  0 -9 
235 222  -1  0  0 -9 
235 227  -1  0  0 -9 
235 228  -1 -2  0 -9 
235 229  -1  0  0 -9 
235 230   1 -1  0 -9 
235 231   1 -1  0 -9 
235 232  -1  0  0 -9 
235 233   1  1  0 -9 
235 234   1  1  0 -9 
235 235  -1  2  0 -9 
236 236   1 -8  0 -9 
237 217   1 -5  0 -9 
237 218  -1 -4  0 -9 
237 219  -1 -4  0 -9 
237 236  -1 -4  0 -9 
237 238   1 -3  0 -9 
238 217   1 -6  0 -9 
238 218  -1 -5  0 -9 
238 219  -1 -5  0 -9 
238 236   1 -7  0 -9 
238 237   1 -3  0 -9 
239 98  -1 -3  0 -9 
239 217   1 -4  0 -9 
239 218  -1 -3  0 -9 
239 219  -1 -3  0 -9 
239 220   1 -2  0 -9 
239 221  -1 -1  0 -9 
239 236  -1 -3  0 -9 
239 237  -1 -1  0 -9 
239 238   1 -2  0 -9 
239 239   1  0  0 -9 
240 209   1 -7  0 -9 
240 236   1 -7  0 -9 
240 240  -1 -6  0 -9 
241 209   1 -5  0 -9 
241 211  -1 -4  0 -9 
241 240  -1 -4  0 -9 
241 242   1 -3  0 -9 
242 209   1 -6  0 -9 
242 211  -1 -5  0 -9 
242 236   1 -6  0 -9 
242 240  -1 -5  0 -9 
242 241   1 -3  0 -9 
243 56  -1 -3  0 -9 
243 60   1 -4  1 -6  0 -9 
243 61  -1 -1 -1 -3 -1 -5  0 -9 
243 62  -1 -3  0 -9 
243 63   1 -2  0 -9 
243 64  -1 -1  0 -9 
243 65  -1 -1  0 -9 
243 66   1 -2  0 -9 
243 98  -1 -3  0 -9 
243 209  -1 -3  0 -9 
243 210   1 -2  0 -9 
243 211   1 -2 -1 -4  0 -9 
243 212  -1 -1  0 -9 
243 213   1 -2  0 -9 
243 217   1 -4  1 -6  0 -9 
243 218  -1 -1 -1 -3 -1 -5  0 -9 
243 219  -1 -3  0 -9 
243 220   1 -2  0 -9 
243 221  -1 -1  0 -9 
243 236  -1 -3  0 -9 
243 237  -1 -1  0 -9 
243 238   1 -2  0 -9 
243 240   1 -2  0 -9 
243 241   1 -2  0 -9 
243 242  -1 -1  0 -9 
243 243   1  0  0 -9 
244 56  -1 -2  0 -9 
244 60   1 -3  0 -9 
244 61  -1  0 -1 -2  0 -9 
244 62  -1 -2  0 -9 
244 63   1 -1  0 -9 
244 64  -1  0  0 -9 
244 65  -1  0  0 -9 
244 66   1 -1  0 -9 
244 67   1  1  0 -9 
244 98  -1 -2  0 -9 
244 209  -1 -2  0 -9 
244 210   1 -1  0 -9 
244 211   1 -1  0 -9 
244 212  -1  0  0 -9 
244 217   1 -3  0 -9 
244 218  -1  0 -1 -2  0 -9 
244 219  -1 -2  0 -9 
244 220   1 -1  0 -9 
244 221  -1  0  0 -9 
244 236  -1 -2  0 -9 
244 237  -1  0  0 -9 
244 238   1 -1  0 -9 
244 239   1  1  0 -9 
244 240   1 -1  0 -9 
244 242  -1  0  0 -9 
244 243   1  1  0 -9 
244 244  -1  2  0 -9 
245 118   1 -7  0 -9 
245 236   1 -7  0 -9 
245 245  -1 -6  0 -9 
246 118   1 -5  0 -9 
246 119  -1 -4  0 -9 
246 245  -1 -4  0 -9 
246 247   1 -3  0 -9 
247 118   1 -6  0 -9 
247 119  -1 -5  0 -9 
247 236   1 -6  0 -9 
247 245  -1 -5  0 -9 
247 246   1 -3  0 -9 
248 110   1 -7  0 -9 
248 118   1 -6  0 -9 
248 119  -1 -5  0 -9 
248 209   1 -6  0 -9 
248 211  -1 -5  0 -9 
248 236   1 -6  0 -9 
248 240  -1 -5  0 -9 
248 245  -1 -5  0 -9 
248 249   1 -3  0 -9 
249 110  -1 -4  0 -9 
249 118   1 -5  0 -9 
249 119  -1 -4  0 -9 
249 209   1 -5  0 -9 
249 211  -1 -4  0 -9 
249 236   1 -5  0 -9 
249 240  -1 -4  0 -9 
249 245  -1 -4  0 -9 
249 248   1 -3  0 -9 
250 60   1 -5  0 -9 
250 61  -1 -4  0 -9 
250 110  -1 -3  0 -9 
250 111   1 -2  0 -9 
250 118   1 -4  1 -6  0 -9 
250 119  -1 -1 -1 -3 -1 -5  0 -9 
250 211  -1 -3  0 -9 
250 226  -1 -1  0 -9 
250 227   1 -2  0 -9 
250 245  -1 -3  0 -9 
250 246  -1 -1  0 -9 
250 247   1 -2  0 -9 
250 248   1 -2  0 -9 
250 249  -1 -1  0 -9 
250 250   1  0  0 -9 
251 110  -1 -3  0 -9 
251 118   1 -4  0 -9 
251 119  -1 -3  0 -9 
251 209   1 -4  0 -9 
251 211  -1 -3  0 -9 
251 240  -1 -3  0 -9 
251 241  -1 -1  0 -9 
251 242   1 -2  0 -9 
251 245  -1 -3  0 -9 
251 246  -1 -1  0 -9 
251 247   1 -2  0 -9 
251 248   1 -2  0 -9 
251 249  -1 -1  0 -9 
251 251   1  0  0 -9 
252 60   1 -4  0 -9 
252 61  -1 -3  0 -9 
252 62  -1 -3  0 -9 
252 65   1  1  0 -9 
252 66   1 -2  0 -9 
252 110  -1 -2  0 -9 
252 111   1 -1  0 -9 
252 118   1 -3  0 -9 
252 119  -1  0 -1 -2  0 -9 
252 226  -1  0  0 -9 
252 241  -1  0  0 -9 
252 245  -1 -2  0 -9 
252 246  -1  0  0 -9 
252 247   1 -1  0 -9 
252 248   1 -1  0 -9 
252 249  -1  0  0 -9 
252 250   1  1  0 -9 
252 251   1  1  0 -9 
252 252  -1  2  0 -9 
253 127   1 -5  0 -9 
253 131  -1 -4  0 -9 
253 228  -1 -4  0 -9 
253 254   1 -3  0 -9 
254 77   1 -6  0 -9 
254 127   1 -6  0 -9 
254 131  -1 -5  0 -9 
254 228  -1 -5  0 -9 
254 253   1 -3  0 -9 
255 12   1 -4  0 -9 
255 14  -1 -3  0 -9 
255 81  -1 -3  0 -9 
255 82  -1 -1  0 -9 
255 83   1 -2  0 -9 
255 102  -1 -3  0 -9 
255 127   1 -4  0 -9 
255 131  -1 -3  0 -9 
255 228  -1 -3  0 -9 
255 231   1 -2  0 -9 
255 232  -1 -1  0 -9 
255 253  -1 -1  0 -9 
255 254   1 -2  0 -9 
255 255   1  0  0 -9 
256 68   1 -4  0 -9 
256 69  -1 -3  0 -9 
256 70  -1 -3  0 -9 
256 77  -1 -3  0 -9 
256 78   1  1  0 -9 
256 79   1 -2  0 -9 
256 82  -1  0  0 -9 
256 98  -1 -2  0 -9 
256 102  -1 -2  0 -9 
256 103   1 -1  0 -9 
256 118   1 -4  0 -9 
256 119  -1 -3  0 -9 
256 220   1 -1  0 -9 
256 221  -1  0  0 -9 
256 229  -1  0  0 -9 
256 231   1 -1  0 -9 
256 232  -1  0  0 -9 
256 233   1  1  0 -9 
256 237  -1  0  0 -9 
256 239   1  1  0 -9 
256 245  -1 -3  0 -9 
256 246   1  1  0 -9 
256 247   1 -2  0 -9 
256 253  -1  0  0 -9 
256 255   1  1  0 -9 
256 256  -1  2  0 -9 
257 257   1 -8  0 -9 
258 146   1 -7  0 -9 
258 257   1 -7  0 -9 
258 258  -1 -6  0 -9 
259 257   1 -7  0 -9 
259 259  -1 -6  0 -9 
260 146   1 -6  0 -9 
260 257   1 -6  0 -9 
260 258  -1 -5  0 -9 
260 259  -1 -5  0 -9 
260 261   1 -3  0 -9 
261 257   1 -5  0 -9 
261 258  -1 -4  0 -9 
261 259  -1 -4  0 -9 
261 260   1 -3  0 -9 
262 146   1 -5  0 -9 
262 147  -1 -4  0 -9 
262 257   1 -5  0 -9 
262 258  -1 -4  0 -9 
262 259  -1 -4  0 -9 
262 263   1 -3  0 -9 
263 146   1 -6  0 -9 
263 147  -1 -5  0 -9 
263 257   1 -6  0 -9 
263 258  -1 -5  0 -9 
263 259  -1 -5  0 -9 
263 262   1 -3  0 -9 
264 147  -1 -3  0 -9 
264 148   1 -2  0 -9 
264 149  -1 -1  0 -9 
264 257   1 -4  0 -9 
264 258  -1 -3  0 -9 
264 259  -1 -3  0 -9 
264 260   1 -2  0 -9 
264 261  -1 -1  0 -9 
264 262  -1 -1  0 -9 
264 263   1 -2  0 -9 
264 264   1  0  0 -9 
265 265   1 -8  0 -9 
266 265   1 -7  0 -9 
266 266  -1 -6  0 -9 
267 265   1 -7  0 -9 
267 267  -1 -6  0 -9 
268 265   1 -6  0 -9 
268 266  -1 -5  0 -9 
268 267  -1 -5  0 -9 
268 269   1 -3  0 -9 
269 265   1 -5  0 -9 
269 266  -1 -4  0 -9 
269 267  -1 -4  0 -9 
269 268   1 -3  0 -9 
270 257   1 -6  0 -9 
270 259  -1 -5  0 -9 
270 266  -1 -4  0 -9 
270 271   1 -3  0 -9 
271 259  -1 -4  0 -9 
271 265   1 -6  0 -9 
271 266  -1 -5  0 -9 
271 270   1 -3  0 -9 
272 147  -1 -3  0 -9 
272 148   1 -2  0 -9 
272 149  -1 -1  0 -9 
272 259  -1 -3  0 -9 
272 262  -1 -1  0 -9 
272 263   1 -2  0 -9 
272 265   1 -5  0 -9 
272 266  -1 -4  0 -9 
272 270   1 -2  0 -9 
272 271  -1 -1  0 -9 
272 272   1  0  0 -9 
273 147  -1 -2  0 -9 
273 148   1 -1  0 -9 
273 149  -1  0  0 -9 
273 261  -1  0  0 -9 
273 262  -1  0  0 -9 
273 263   1 -1  0 -9 
273 264   1  1  0 -9 
273 265   1 -4  0 -9 
273 266  -1 -3  0 -9 
273 267  -1 -3  0 -9 
273 268   1 -2  0 -9 
273 269   1  1  0 -9 
273 271  -1  0  0 -9 
273 272   1  1  0 -9 
273 273  -1  2  0 -9 
274 14  -1 -4  0 -9 
274 150   1 -6  0 -9 
274 151  -1 -5  0 -9 
274 259  -1 -4  0 -9 
274 275   1 -3  0 -9 
275 12   1 -6  0 -9 
275 14  -1 -5  0 -9 
275 151  -1 -4  0 -9 
275 257   1 -6  0 -9 
275 259  -1 -5  0 -9 
275 274   1 -3  0 -9 
276 167   1 -7  0 -9 
276 276  -1 -6  0 -9 
277 158   1 -6  0 -9 
277 159  -1 -5  0 -9 
277 267  -1 -4  0 -9 
277 276  -1 -4  0 -9 
277 278   1 -3  0 -9 
278 159  -1 -4  0 -9 
278 167   1 -6  0 -9 
278 265   1 -6  0 -9 
278 267  -1 -5  0 -9 
278 276  -1 -5  0 -9 
278 277   1 -3  0 -9 
279 167   1 -6  0 -9 
279 171  -1 -5  0 -9 
279 276  -1 -5  0 -9 
279 280   1 -3  0 -9 
280 167   1 -5  0 -9 
280 171  -1 -4  0 -9 
280 276  -1 -4  0 -9 
280 279   1 -3  0 -9 
281 158   1 -5  0 -9 
281 159  -1 -4  0 -9 
281 267  -1 -3  0 -9 
281 268   1 -2  0 -9 
281 269  -1 -1  0 -9 
281 276  -1 -3  0 -9 
281 277  -1 -1  0 -9 
281 278   1 -2  0 -9 
281 279   1 -2  0 -9 
281 280  -1 -1  0 -9 
281 281   1  0  0 -9 
282 12   1 -5  0 -9 
282 14   1 -2 -1 -4  0 -9 
282 151  -1 -3  0 -9 
282 152  -1 -3  0 -9 
282 155  -1 -1  0 -9 
282 156   1 -2  0 -9 
282 158   1 -5  0 -9 
282 159   1 -2 -1 -4  0 -9 
282 163   1 -2  0 -9 
282 164  -1 -1  0 -9 
282 171  -1 -3  0 -9 
282 172  -1 -1  0 -9 
282 173   1 -2  0 -9 
282 257   1 -5  0 -9 
282 259   1 -2 -1 -4  0 -9 
282 266  -1 -3  0 -9 
282 267  -1 -3  0 -9 
282 268   1 -2  0 -9 
282 269  -1 -1  0 -9 
282 270  -1 -1  0 -9 
282 271   1 -2  0 -9 
282 274   1 -2  0 -9 
282 275  -1 -1  0 -9 
282 276  -1 -3  0 -9 
282 277  -1 -1  0 -9 
282 278   1 -2  0 -9 
282 279   1 -2  0 -9 
282 280  -1 -1  0 -9 
282 282   1  0  0 -9 
283 14   1 -1  0 -9 
283 152  -1 -2  0 -9 
283 155  -1  0  0 -9 
283 156   1 -1  0 -9 
283 158   1 -4  0 -9 
283 159  -1 -3  0 -9 
283 163   1 -1  0 -9 
283 164  -1  0  0 -9 
283 165   1  1  0 -9 
283 172  -1  0  0 -9 
283 259   1 -1  0 -9 
283 267  -1 -2  0 -9 
283 268   1 -1  0 -9 
283 269  -1  0  0 -9 
283 270  -1  0  0 -9 
283 275  -1  0  0 -9 
283 276  -1 -2  0 -9 
283 277  -1  0  0 -9 
283 278   1 -1  0 -9 
283 279   1 -1  0 -9 
283 280  -1  0  0 -9 
283 281   1  1  0 -9 
283 282   1  1  0 -9 
283 283  -1  2  0 -9 
284 284   1 -8  0 -9 
285 56   1 -5  0 -9 
285 98   1 -5  0 -9 
285 118   1 -5  0 -9 
285 119  -1 -4  0 -9 
285 120  -1 -4  0 -9 
285 176   1 -5  0 -9 
285 177  -1 -4  0 -9 
285 178  -1 -4  0 -9 
285 209   1 -5  0 -9 
285 210  -1 -4  0 -9 
285 211  -1 -4  0 -9 
285 265   1 -5  0 -9 
285 266  -1 -4  0 -9 
285 267  -1 -4  0 -9 
285 284  -1 -4  0 -9 
285 286   1 -3  0 -9 
286 56   1 -6  0 -9 
286 98   1 -6  0 -9 
286 118   1 -6  0 -9 
286 119  -1 -5  0 -9 
286 120  -1 -5  0 -9 
286 176   1 -6  0 -9 
286 177  -1 -5  0 -9 
286 178  -1 -5  0 -9 
286 209   1 -6  0 -9 
286 210  -1 -5  0 -9 
286 211  -1 -5  0 -9 
286 265   1 -6  0 -9 
286 266  -1 -5  0 -9 
286 267  -1 -5  0 -9 
286 284   1 -7  0 -9 
286 285   1 -3  0 -9 
287 118   1 -4  0 -9 
287 119  -1 -3  0 -9 
287 120  -1 -3  0 -9 
287 121   1 -2  0 -9 
287 122  -1 -1  0 -9 
287 176   1 -4  0 -9 
287 177  -1 -3  0 -9 
287 178  -1 -3  0 -9 
287 179   1 -2  0 -9 
287 180  -1 -1  0 -9 
287 209   1 -4  0 -9 
287 210  -1 -3  0 -9 
287 211  -1 -3  0 -9 
287 212   1 -2  0 -9 
287 213  -1 -1  0 -9 
287 265   1 -4  0 -9 
287 266  -1 -3  0 -9 
287 267  -1 -3  0 -9 
287 268   1 -2  0 -9 
287 269  -1 -1  0 -9 
287 284  -1 -3  0 -9 
287 285  -1 -1  0 -9 
287 286   1 -2  0 -9 
287 287   1  0  0 -9 
288 284   1 -7  0 -9 
288 288  -1 -6  0 -9 
289 209   1 -6  0 -9 
289 211  -1 -5  0 -9 
289 288  -1 -4  0 -9 
289 290   1 -3  0 -9 
290 211  -1 -4  0 -9 
290 284   1 -6  0 -9 
290 288  -1 -5  0 -9 
290 289   1 -3  0 -9 
291 118   1 -4  1 -6  0 -9 
291 119  -1 -1 -1 -3 -1 -5  0 -9 
291 120  -1 -3  0 -9 
291 121   1 -2  0 -9 
291 122  -1 -1  0 -9 
291 176   1 -4  1 -6  0 -9 
291 177  -1 -1 -1 -3 -1 -5  0 -9 
291 178  -1 -3  0 -9 
291 179   1 -2  0 -9 
291 180  -1 -1  0 -9 
291 211  -1 -3  0 -9 
291 265   1 -4  1 -6  0 -9 
291 266  -1 -1 -1 -3 -1 -5  0 -9 
291 267  -1 -3  0 -9 
291 268   1 -2  0 -9 
291 269  -1 -1  0 -9 
291 284  -1 -3  0 -9 
291 285  -1 -1  0 -9 
291 286   1 -2  0 -9 
291 288   1 -2  0 -9 
291 289   1 -2  0 -9 
291 290  -1 -1  0 -9 
291 291   1  0  0 -9 
292 118   1 -3  0 -9 
292 119  -1  0 -1 -2  0 -9 
292 120  -1 -2  0 -9 
292 121   1 -1  0 -9 
292 122  -1  0  0 -9 
292 176   1 -3  0 -9 
292 177  -1  0 -1 -2  0 -9 
292 178  -1 -2  0 -9 
292 179   1 -1  0 -9 
292 180  -1  0  0 -9 
292 213  -1  0  0 -9 
292 265   1 -3  0 -9 
292 266  -1  0 -1 -2  0 -9 
292 267  -1 -2  0 -9 
292 268   1 -1  0 -9 
292 269  -1  0  0 -9 
292 284  -1 -2  0 -9 
292 285  -1  0  0 -9 
292 286   1 -1  0 -9 
292 287   1  1  0 -9 
292 288   1 -1  0 -9 
292 290  -1  0  0 -9 
292 291   1  1  0 -9 
292 292  -1  2  0 -9 
293 236   1 -7  0 -9 
293 293  -1 -6  0 -9 
294 119  -1 -4  0 -9 
294 217   1 -6  0 -9 
294 219  -1 -5  0 -9 
294 266  -1 -4  0 -9 
294 293  -1 -4  0 -9 
294 295   1 -3  0 -9 
295 118   1 -6  0 -9 
295 119  -1 -5  0 -9 
295 219  -1 -4  0 -9 
295 236   1 -6  0 -9 
295 265   1 -6  0 -9 
295 266  -1 -5  0 -9 
295 293  -1 -5  0 -9 
295 294   1 -3  0 -9 
296 118   1 -5  0 -9 
296 119  -1 -4  0 -9 
296 219  -1 -3  0 -9 
296 236  -1 -3  0 -9 
296 237  -1 -1  0 -9 
296 238   1 -2  0 -9 
296 265   1 -5  0 -9 
296 266  -1 -4  0 -9 
296 293   1 -2  0 -9 
296 294   1 -2  0 -9 
296 295  -1 -1  0 -9 
296 296   1  0  0 -9 
297 118   1 -4  0 -9 
297 119  -1 -3  0 -9 
297 120  -1 -3  0 -9 
297 121   1 -2  0 -9 
297 122   1  1  0 -9 
297 221  -1  0  0 -9 
297 236  -1 -2  0 -9 
297 237  -1  0  0 -9 
297 238   1 -1  0 -9 
297 239   1  1  0 -9 
297 265   1 -4  0 -9 
297 266  -1 -3  0 -9 
297 267  -1 -3  0 -9 
297 268   1 -2  0 -9 
297 269   1  1  0 -9 
297 293   1 -1  0 -9 
297 295  -1  0  0 -9 
297 296   1  1  0 -9 
297 297  -1  2  0 -9 
298 211  -1 -3  0 -9 
298 236  -1 -4  0 -9 
298 241  -1 -1  0 -9 
298 242   1 -2  0 -9 
298 284   1 -5  0 -9 
298 288  -1 -4  0 -9 
298 289   1 -2  0 -9 
298 290  -1 -1  0 -9 
298 293   1 -3  0 -9 
298 298   1  0  0 -9 
299 284   1 -7  0 -9 
299 299  -1 -6  0 -9 
300 118   1 -6  0 -9 
300 119  -1 -5  0 -9 
300 176   1 -6  0 -9 
300 177  -1 -5  0 -9 
300 299  -1 -4  0 -9 
300 301   1 -3  0 -9 
301 119  -1 -4  0 -9 
301 177  -1 -4  0 -9 
301 284   1 -6  0 -9 
301 299  -1 -5  0 -9 
301 300   1 -3  0 -9 
302 284   1 -6  0 -9 
302 288  -1 -5  0 -9 
302 299  -1 -5  0 -9 
302 303   1 -3  0 -9 
303 284   1 -5  0 -9 
303 288  -1 -4  0 -9 
303 299  -1 -4  0 -9 
303 302   1 -3  0 -9 
304 118   1 -5  0 -9 
304 119  -1 -4  0 -9 
304 176   1 -5  0 -9 
304 177  -1 -4  0 -9 
304 299  -1 -3  0 -9 
304 300  -1 -1  0 -9 
304 301   1 -2  0 -9 
304 302   1 -2  0 -9 
304 303  -1 -1  0 -9 
304 304   1  0  0 -9 
305 61  -1 -3  0 -9 
305 62  -1 -3  0 -9 
305 65  -1 -1  0 -9 
305 66   1 -2  0 -9 
305 111  -1 -3  0 -9 
305 112  -1 -3  0 -9 
305 115  -1 -1  0 -9 
305 116   1 -2  0 -9 
305 118   1 -5  0 -9 
305 119   1 -2 -1 -4  0 -9 
305 123   1 -2  0 -9 
305 124  -1 -1  0 -9 
305 176   1 -5  0 -9 
305 177   1 -2 -1 -4  0 -9 
305 181   1 -2  0 -9 
305 182  -1 -1  0 -9 
305 209   1 -5  0 -9 
305 211   1 -2 -1 -4  0 -9 
305 226   1 -2  0 -9 
305 227  -1 -1  0 -9 
305 288  -1 -3  0 -9 
305 289  -1 -1  0 -9 
305 290   1 -2  0 -9 
305 299  -1 -3  0 -9 
305 300  -1 -1  0 -9 
305 301   1 -2  0 -9 
305 302   1 -2  0 -9 
305 303  -1 -1  0 -9 
305 305   1  0  0 -9 
306 62  -1 -2  0 -9 
306 65  -1  0  0 -9 
306 66   1 -1  0 -9 
306 112  -1 -2  0 -9 
306 115  -1  0  0 -9 
306 116   1 -1  0 -9 
306 118   1 -4  0 -9 
306 119  -1 -3  0 -9 
306 123   1 -1  0 -9 
306 124  -1  0  0 -9 
306 125   1  1  0 -9 
306 176   1 -4  0 -9 
306 177  -1 -3  0 -9 
306 181   1 -1  0 -9 
306 182  -1  0  0 -9 
306 183   1  1  0 -9 
306 211   1 -1  0 -9 
306 227  -1  0  0 -9 
306 289  -1  0  0 -9 
306 299  -1 -2  0 -9 
306 300  -1  0  0 -9 
306 301   1 -1  0 -9 
306 302   1 -1  0 -9 
306 303  -1  0  0 -9 
306 304   1  1  0 -9 
306 305   1  1  0 -9 
306 306  -1  2  0 -9 
307 118   1 -6  0 -9 
307 119  -1 -5  0 -9 
307 236   1 -6  0 -9 
307 245  -1 -5  0 -9 
307 293  -1 -5  0 -9 
307 308   1 -3  0 -9 
308 118   1 -5  0 -9 
308 119  -1 -4  0 -9 
308 236   1 -5  0 -9 
308 245  -1 -4  0 -9 
308 293  -1 -4  0 -9 
308 307   1 -3  0 -9 
309 118   1 -4  1 -6  0 -9 
309 119  -1 -1 -1 -3 -1 -5  0 -9 
309 245  -1 -3  0 -9 
309 246  -1 -1  0 -9 
309 247   1 -2  0 -9 
309 307   1 -2  0 -9 
309 308  -1 -1  0 -9 
309 309   1  0  0 -9 
310 112  -1 -3  0 -9 
310 118   1 -5  0 -9 
310 119  -1  0 -1 -4  0 -9 
310 123   1 -2  0 -9 
310 124   1  1  0 -9 
310 236  -1 -3  0 -9 
310 241  -1  0  0 -9 
310 242   1 -1  0 -9 
310 246  -1  0  0 -9 
310 247   1 -1  0 -9 
310 249  -1  0  0 -9 
310 251   1  1  0 -9 
310 284   1 -4  0 -9 
310 288  -1 -3  0 -9 
310 290  -1  0  0 -9 
310 293   1 -2  0 -9 
310 298   1  1  0 -9 
310 299  -1 -3  0 -9 
310 302   1 -2  0 -9 
310 303   1  1  0 -9 
310 308  -1  0  0 -9 
310 309   1  1  0 -9 
310 310  -1  2  0 -9 
311 77   1 -6  0 -9 
311 127   1 -6  0 -9 
311 131  -1 -5  0 -9 
311 185  -1 -5  0 -9 
311 228  -1 -5  0 -9 
311 312   1 -3  0 -9 
312 77   1 -5  0 -9 
312 127   1 -5  0 -9 
312 131  -1 -4  0 -9 
312 185  -1 -4  0 -9 
312 228  -1 -4  0 -9 
312 311   1 -3  0 -9 
313 12   1 -5  0 -9 
313 14   1 -2 -1 -4  0 -9 
313 69  -1 -3  0 -9 
313 70  -1 -3  0 -9 
313 77  -1 -3  1 -5  0 -9 
313 78  -1 -1  0 -9 
313 79   1 -2  0 -9 
313 103  -1 -3  0 -9 
313 104  -1 -3  0 -9 
313 118   1 -4  1 -6  0 -9 
313 119  -1 -1 -2 -3 -1 -5  0 -9 
313 120  -1 -3  0 -9 
313 121   1 -2  0 -9 
313 122  -1 -1  0 -9 
313 127  -1 -3  1 -5  0 -9 
313 128  -1 -1  0 -9 
313 129   1 -2  0 -9 
313 131   1 -2 -1 -4  0 -9 
313 132   1 -2  0 -9 
313 133  -1 -1  0 -9 
313 158   1 -5  0 -9 
313 159   1 -2 -1 -4  0 -9 
313 171  -1 -3  0 -9 
313 172  -1 -1  0 -9 
313 173   1 -2  0 -9 
313 185   1 -2 -1 -4  0 -9 
313 186   1 -2  0 -9 
313 187  -1 -1  0 -9 
313 217   1 -5  0 -9 
313 219   1 -2 -1 -4  0 -9 
313 228   1 -2 -1 -4  0 -9 
313 229   1 -2  0 -9 
313 230  -1 -1  0 -9 
313 245  -1 -3  0 -9 
313 246  -1 -1  0 -9 
313 247   1 -2  0 -9 
313 266  -1 -3  0 -9 
313 267  -1 -3  0 -9 
313 268   1 -2  0 -9 
313 269  -1 -1  0 -9 
313 276  -1 -3  0 -9 
313 277  -1 -1  0 -9 
313 278   1 -2  0 -9 
313 279   1 -2  0 -9 
313 280  -1 -1  0 -9 
313 293  -1 -3  0 -9 
313 294  -1 -1  0 -9 
313 295   1 -2  0 -9 
313 307   1 -2  0 -9 
313 308  -1 -1  0 -9 
313 311  -1 -1  0 -9 
313 312   1 -2  0 -9 
313 313   1  0  0 -9 
314 14   1 -1  0 -9 
314 70  -1 -2  0 -9 
314 77  -1 -2  0 -9 
314 78  -1  0  0 -9 
314 79   1 -1  0 -9 
314 104  -1 -2  0 -9 
314 118   1 -3  1 -5  0 -9 
314 119  -2  0 -1 -2 -1 -4  0 -9 
314 120  -1 -2  0 -9 
314 121   1 -1  0 -9 
314 122  -1  0  0 -9 
314 127  -1 -2  0 -9 
314 128  -1  0  0 -9 
314 129   1 -1  0 -9 
314 131   1 -1  0 -9 
314 132   1 -1  0 -9 
314 133  -1  0  0 -9 
314 134   1  1  0 -9 
314 158   1 -4  0 -9 
314 159  -1 -3  0 -9 
314 172  -1  0  0 -9 
314 185   1 -1  0 -9 
314 186   1 -1  0 -9 
314 187  -1  0  0 -9 
314 188   1  1  0 -9 
314 219   1 -1  0 -9 
314 228   1 -1  0 -9 
314 230  -1  0  0 -9 
314 245  -1 -2  0 -9 
314 246  -1  0  0 -9 
314 247   1 -1  0 -9 
314 267  -1 -2  0 -9 
314 268   1 -1  0 -9 
314 269  -1  0  0 -9 
314 276  -1 -2  0 -9 
314 277  -1  0  0 -9 
314 278   1 -1  0 -9 
314 279   1 -1  0 -9 
314 280  -1  0  0 -9 
314 281   1  1  0 -9 
314 294  -1  0  0 -9 
314 307   1 -1  0 -9 
314 308  -1  0  0 -9 
314 309   1  1  0 -9 
314 311  -1  0  0 -9 
314 313   1  1  0 -9 
314 314  -1  2  0 -9 
315 127   1 -4  1 -6  0 -9 
315 131  -1 -1 -1 -3 -1 -5  0 -9 
315 228  -1 -3  0 -9 
315 253  -1 -1  0 -9 
315 254   1 -2  0 -9 
315 311   1 -2  0 -9 
315 312  -1 -1  0 -9 
315 315   1  0  0 -9 
316 77  -1 -3  0 -9 
316 82  -1  0  0 -9 
316 83   1 -1  0 -9 
316 104  -1 -3  0 -9 
316 127   1 -5  0 -9 
316 131  -1  0 -1 -4  0 -9 
316 132   1 -2  0 -9 
316 133   1  1  0 -9 
316 167   1 -4  0 -9 
316 171  -1 -3  0 -9 
316 173  -1  0  0 -9 
316 185   1 -2  0 -9 
316 190   1  1  0 -9 
316 232  -1  0  0 -9 
316 253  -1  0  0 -9 
316 254   1 -1  0 -9 
316 255   1  1  0 -9 
316 276  -1 -3  0 -9 
316 279   1 -2  0 -9 
316 280   1  1  0 -9 
316 312  -1  0  0 -9 
316 315   1  1  0 -9 
316 316  -1  2  0 -9 
317 317   1 -8  0 -9 
318 317   1 -7  0 -9 
318 318  -1 -6  0 -9 
319 317   1 -7  0 -9 
319 319  -1 -6  0 -9 
320 146   1 -7  0 -9 
320 317   1 -6  0 -9 
320 318  -1 -5  0 -9 
320 319  -1 -5  0 -9 
320 321   1 -3  0 -9 
321 146  -1 -4  0 -9 
321 317   1 -5  0 -9 
321 318  -1 -4  0 -9 
321 319  -1 -4  0 -9 
321 320   1 -3  0 -9 
322 317   1 -5  0 -9 
322 318  -1 -4  0 -9 
322 319  -1 -4  0 -9 
322 323   1 -3  0 -9 
323 317   1 -6  0 -9 
323 318  -1 -5  0 -9 
323 319  -1 -5  0 -9 
323 322   1 -3  0 -9 
324 146  -1 -3  0 -9 
324 317   1 -4  0 -9 
324 318  -1 -3  0 -9 
324 319  -1 -3  0 -9 
324 320   1 -2  0 -9 
324 321  -1 -1  0 -9 
324 322  -1 -1  0 -9 
324 323   1 -2  0 -9 
324 324   1  0  0 -9 
325 325   1 -8  0 -9 
326 265   1 -5  0 -9 
326 266  -1 -4  0 -9 
326 267  -1 -4  0 -9 
326 325  -1 -4  0 -9 
326 327   1 -3  0 -9 
327 265   1 -6  0 -9 
327 266  -1 -5  0 -9 
327 267  -1 -5  0 -9 
327 325   1 -7  0 -9 
327 326   1 -3  0 -9 
328 265   1 -4  0 -9 
328 266  -1 -3  0 -9 
328 267  -1 -3  0 -9 
328 268   1 -2  0 -9 
328 269  -1 -1  0 -9 
328 325  -1 -3  0 -9 
328 326  -1 -1  0 -9 
328 327   1 -2  0 -9 
328 328   1  0  0 -9 
329 257   1 -7  0 -9 
329 325   1 -7  0 -9 
329 329  -1 -6  0 -9 
330 257   1 -5  0 -9 
330 259  -1 -4  0 -9 
330 329  -1 -4  0 -9 
330 331   1 -3  0 -9 
331 257   1 -6  0 -9 
331 259  -1 -5  0 -9 
331 325   1 -6  0 -9 
331 329  -1 -5  0 -9 
331 330   1 -3  0 -9 
332 146  -1 -3  0 -9 
332 257  -1 -3  0 -9 
332 258   1 -2  0 -9 
332 259   1 -2 -1 -4  0 -9 
332 260  -1 -1  0 -9 
332 261   1 -2  0 -9 
332 265   1 -4  1 -6  0 -9 
332 266  -1 -1 -1 -3 -1 -5  0 -9 
332 267  -1 -3  0 -9 
332 268   1 -2  0 -9 
332 269  -1 -1  0 -9 
332 317   1 -4  1 -6  0 -9 
332 318  -1 -1 -1 -3 -1 -5  0 -9 
332 319  -1 -3  0 -9 
332 320   1 -2  0 -9 
332 321  -1 -1  0 -9 
332 322  -1 -1  0 -9 
332 323   1 -2  0 -9 
332 325  -1 -3  0 -9 
332 326  -1 -1  0 -9 
332 327   1 -2  0 -9 
332 329   1 -2  0 -9 
332 330   1 -2  0 -9 
332 331  -1 -1  0 -9 
332 332   1  0  0 -9 
333 146  -1 -2  0 -9 
333 257  -1 -2  0 -9 
333 258   1 -1  0 -9 
333 259   1 -1  0 -9 
333 260  -1  0  0 -9 
333 265   1 -3  0 -9 
333 266  -1  0 -1 -2  0 -9 
333 267  -1 -2  0 -9 
333 268   1 -1  0 -9 
333 269  -1  0  0 -9 
333 317   1 -3  0 -9 
333 318  -1  0 -1 -2  0 -9 
333 319  -1 -2  0 -9 
333 320   1 -1  0 -9 
333 321  -1  0  0 -9 
333 322  -1  0  0 -9 
333 323   1 -1  0 -9 
333 324   1  1  0 -9 
333 325  -1 -2  0 -9 
333 326  -1  0  0 -9 
333 327   1 -1  0 -9 
333 328   1  1  0 -9 
333 329   1 -1  0 -9 
333 331  -1  0  0 -9 
333 332   1  1  0 -9 
333 333  -1  2  0 -9 
334 77   1 -7  0 -9 
334 158   1 -7  0 -9 
334 325   1 -7  0 -9 
334 334  -1 -6  0 -9 
335 158   1 -5  0 -9 
335 159  -1 -4  0 -9 
335 334  -1 -4  0 -9 
335 336   1 -3  0 -9 
336 77   1 -6  0 -9 
336 158   1 -6  0 -9 
336 159  -1 -5  0 -9 
336 325   1 -6  0 -9 
336 334  -1 -5  0 -9 
336 335   1 -3  0 -9 
337 12   1 -6  0 -9 
337 14  -1 -5  0 -9 
337 60   1 -6  0 -9 
337 61  -1 -5  0 -9 
337 62  -1 -5  0 -9 
337 77   1 -6  0 -9 
337 81  -1 -5  0 -9 
337 150   1 -7  0 -9 
337 158   1 -6  0 -9 
337 159  -1 -5  0 -9 
337 257   1 -6  0 -9 
337 259  -1 -5  0 -9 
337 325   1 -6  0 -9 
337 329  -1 -5  0 -9 
337 334  -1 -5  0 -9 
337 338   1 -3  0 -9 
338 12   1 -5  0 -9 
338 14  -1 -4  0 -9 
338 60   1 -5  0 -9 
338 61  -1 -4  0 -9 
338 62  -1 -4  0 -9 
338 77   1 -5  0 -9 
338 81  -1 -4  0 -9 
338 150  -1 -4  0 -9 
338 158   1 -5  0 -9 
338 159  -1 -4  0 -9 
338 257   1 -5  0 -9 
338 259  -1 -4  0 -9 
338 325   1 -5  0 -9 
338 329  -1 -4  0 -9 
338 334  -1 -4  0 -9 
338 337   1 -3  0 -9 
339 14  -1 -3  0 -9 
339 60   1 -4  1 -6  0 -9 
339 61  -1 -1 -1 -3 -1 -5  0 -9 
339 62  -1 -3  0 -9 
339 65  -1 -1  0 -9 
339 66   1 -2  0 -9 
339 150  -1 -3  0 -9 
339 151   1 -2  0 -9 
339 158   1 -4  1 -6  0 -9 
339 159  -1 -1 -1 -3 -1 -5  0 -9 
339 259  -1 -3  0 -9 
339 274  -1 -1  0 -9 
339 275   1 -2  0 -9 
339 334  -1 -3  0 -9 
339 335  -1 -1  0 -9 
339 336   1 -2  0 -9 
339 337   1 -2  0 -9 
339 338  -1 -1  0 -9 
339 339   1  0  0 -9 
340 12   1 -4  0 -9 
340 14  -1 -3  0 -9 
340 60   1 -4  0 -9 
340 61  -1 -3  0 -9 
340 62  -1 -3  0 -9 
340 65  -1 -1  0 -9 
340 66   1 -2  0 -9 
340 81  -1 -3  0 -9 
340 82  -1 -1  0 -9 
340 83   1 -2  0 -9 
340 150  -1 -3  0 -9 
340 158   1 -4  0 -9 
340 159  -1 -3  0 -9 
340 257   1 -4  0 -9 
340 259  -1 -3  0 -9 
340 329  -1 -3  0 -9 
340 330  -1 -1  0 -9 
340 331   1 -2  0 -9 
340 334  -1 -3  0 -9 
340 335  -1 -1  0 -9 
340 336   1 -2  0 -9 
340 337   1 -2  0 -9 
340 338  -1 -1  0 -9 
340 340   1  0  0 -9 
341 60   1 -3  0 -9 
341 61  -1  0 -1 -2  0 -9 
341 62  -1 -2  0 -9 
341 65  -1  0  0 -9 
341 66   1 -1  0 -9 
341 82  -1  0  0 -9 
341 150  -1 -2  0 -9 
341 151   1 -1  0 -9 
341 158   1 -3  0 -9 
341 159  -1  0 -1 -2  0 -9 
341 274  -1  0  0 -9 
341 330  -1  0  0 -9 
341 334  -1 -2  0 -9 
341 335  -1  0  0 -9 
341 336   1 -1  0 -9 
341 337   1 -1  0 -9 
341 338  -1  0  0 -9 
341 339   1  1  0 -9 
341 340   1  1  0 -9 
341 341  -1  2  0 -9 
342 77  -1 -4  0 -9 
342 167   1 -5  0 -9 
342 171  -1 -4  0 -9 
342 276  -1 -4  0 -9 
342 343   1 -3  0 -9 
343 77   1 -7  0 -9 
343 167   1 -6  0 -9 
343 171  -1 -5  0 -9 
343 276  -1 -5  0 -9 
343 342   1 -3  0 -9 
344 77  -1 -3  0 -9 
344 167   1 -4  0 -9 
344 171  -1 -3  0 -9 
344 276  -1 -3  0 -9 
344 279   1 -2  0 -9 
344 280  -1 -1  0 -9 
344 342  -1 -1  0 -9 
344 343   1 -2  0 -9 
344 344   1  0  0 -9 
345 158   1 -4  0 -9 
345 159  -1 -3  0 -9 
345 268   1 -1  0 -9 
345 269  -1  0  0 -9 
345 277  -1  0  0 -9 
345 279   1 -1  0 -9 
345 280  -1  0  0 -9 
345 281   1  1  0 -9 
345 326  -1  0  0 -9 
345 328   1  1  0 -9 
345 334  -1 -3  0 -9 
345 335   1  1  0 -9 
345 336   1 -2  0 -9 
345 342  -1  0  0 -9 
345 344   1  1  0 -9 
345 345  -1  2  0 -9 
346 346   1 -8  0 -9 
347 346   1 -7  0 -9 
347 347  -1 -6  0 -9 
348 346   1 -7  0 -9 
348 348  -1 -6  0 -9 
349 346   1 -6  0 -9 
349 347  -1 -5  0 -9 
349 348  -1 -5  0 -9 
349 350   1 -3  0 -9 
350 346   1 -5  0 -9 
350 347  -1 -4  0 -9 
350 348  -1 -4  0 -9 
350 349   1 -3  0 -9 
351 317   1 -6  0 -9 
351 319  -1 -5  0 -9 
351 347  -1 -4  0 -9 
351 352   1 -3  0 -9 
352 319  -1 -4  0 -9 
352 346   1 -6  0 -9 
352 347  -1 -5  0 -9 
352 351   1 -3  0 -9 
353 319  -1 -3  0 -9 
353 322  -1 -1  0 -9 
353 323   1 -2  0 -9 
353 346   1 -5  0 -9 
353 347  -1 -4  0 -9 
353 351   1 -2  0 -9 
353 352  -1 -1  0 -9 
353 353   1  0  0 -9 
354 147  -1 -3  0 -9 
354 148   1 -2  0 -9 
354 149   1  1  0 -9 
354 321  -1  0  0 -9 
354 322  -1  0  0 -9 
354 323   1 -1  0 -9 
354 324   1  1  0 -9 
354 346   1 -4  0 -9 
354 347  -1 -3  0 -9 
354 348  -1 -3  0 -9 
354 349   1 -2  0 -9 
354 350   1  1  0 -9 
354 352  -1  0  0 -9 
354 353   1  1  0 -9 
354 354  -1  2  0 -9 
355 355   1 -8  0 -9 
356 346   1 -5  0 -9 
356 347  -1 -4  0 -9 
356 348  -1 -4  0 -9 
356 355  -1 -4  0 -9 
356 357   1 -3  0 -9 
357 346   1 -6  0 -9 
357 347  -1 -5  0 -9 
357 348  -1 -5  0 -9 
357 355   1 -7  0 -9 
357 356   1 -3  0 -9 
358 346   1 -4  0 -9 
358 347  -1 -3  0 -9 
358 348  -1 -3  0 -9 
358 349   1 -2  0 -9 
358 350  -1 -1  0 -9 
358 355  -1 -3  0 -9 
358 356  -1 -1  0 -9 
358 357   1 -2  0 -9 
358 358   1  0  0 -9 
359 355   1 -7  0 -9 
359 359  -1 -6  0 -9 
360 359  -1 -4  0 -9 
360 361   1 -3  0 -9 
361 355   1 -6  0 -9 
361 359  -1 -5  0 -9 
361 360   1 -3  0 -9 
362 346   1 -4  1 -6  0 -9 
362 347  -1 -1 -1 -3 -1 -5  0 -9 
362 348  -1 -3  0 -9 
362 349   1 -2  0 -9 
362 350  -1 -1  0 -9 
362 355  -1 -3  0 -9 
362 356  -1 -1  0 -9 
362 357   1 -2  0 -9 
362 359   1 -2  0 -9 
362 360   1 -2  0 -9 
362 361  -1 -1  0 -9 
362 362   1  0  0 -9 
363 346   1 -3  0 -9 
363 347  -1  0 -1 -2  0 -9 
363 348  -1 -2  0 -9 
363 349   1 -1  0 -9 
363 350  -1  0  0 -9 
363 355  -1 -2  0 -9 
363 356  -1  0  0 -9 
363 357   1 -1  0 -9 
363 358   1  1  0 -9 
363 359   1 -1  0 -9 
363 361  -1  0  0 -9 
363 362   1  1  0 -9 
363 363  -1  2  0 -9 
364 325   1 -7  0 -9 
364 364  -1 -6  0 -9 
365 364  -1 -4  0 -9 
365 366   1 -3  0 -9 
366 325   1 -6  0 -9 
366 364  -1 -5  0 -9 
366 365   1 -3  0 -9 
367 265   1 -4  1 -6  0 -9 
367 266  -1 -1 -1 -3 -1 -5  0 -9 
367 267  -1 -3  0 -9 
367 268   1 -2  0 -9 
367 269  -1 -1  0 -9 
367 325  -1 -3  0 -9 
367 326  -1 -1  0 -9 
367 327   1 -2  0 -9 
367 364   1 -2  0 -9 
367 365   1 -2  0 -9 
367 366  -1 -1  0 -9 
367 367   1  0  0 -9 
368 265   1 -3  0 -9 
368 266  -1  0 -1 -2  0 -9 
368 267  -1 -2  0 -9 
368 268   1 -1  0 -9 
368 269  -1  0  0 -9 
368 325  -1 -2  0 -9 
368 326  -1  0  0 -9 
368 327   1 -1  0 -9 
368 328   1  1  0 -9 
368 364   1 -1  0 -9 
368 366  -1  0  0 -9 
368 367   1  1  0 -9 
368 368  -1  2  0 -9 
369 259  -1 -3  0 -9 
369 265   1 -5  0 -9 
369 266  -1 -4  0 -9 
369 270   1 -2  0 -9 
369 271  -1 -1  0 -9 
369 325  -1 -4  0 -9 
369 330  -1 -1  0 -9 
369 331   1 -2  0 -9 
369 355   1 -5  0 -9 
369 359  -1 -4  0 -9 
369 360   1 -2  0 -9 
369 361  -1 -1  0 -9 
369 364   1 -3  0 -9 
369 369   1  0  0 -9 
370 176   1 -7  0 -9 
370 355   1 -7  0 -9 
370 370  -1 -6  0 -9 
371 176   1 -5  0 -9 
371 177  -1 -4  0 -9 
371 370  -1 -4  0 -9 
371 372   1 -3  0 -9 
372 176   1 -6  0 -9 
372 177  -1 -5  0 -9 
372 355   1 -6  0 -9 
372 370  -1 -5  0 -9 
372 371   1 -3  0 -9 
373 176   1 -6  0 -9 
373 177  -1 -5  0 -9 
373 355   1 -6  0 -9 
373 359  -1 -5  0 -9 
373 370  -1 -5  0 -9 
373 374   1 -3  0 -9 
374 176   1 -5  0 -9 
374 177  -1 -4  0 -9 
374 355   1 -5  0 -9 
374 359  -1 -4  0 -9 
374 370  -1 -4  0 -9 
374 373   1 -3  0 -9 
375 176   1 -4  1 -6  0 -9 
375 177  -1 -1 -1 -3 -1 -5  0 -9 
375 370  -1 -3  0 -9 
375 371  -1 -1  0 -9 
375 372   1 -2  0 -9 
375 373   1 -2  0 -9 
375 374  -1 -1  0 -9 
375 375   1  0  0 -9 
376 176   1 -4  0 -9 
376 177  -1 -3  0 -9 
376 359  -1 -3  0 -9 
376 360  -1 -1  0 -9 
376 361   1 -2  0 -9 
376 370  -1 -3  0 -9 
376 371  -1 -1  0 -9 
376 372   1 -2  0 -9 
376 373   1 -2  0 -9 
376 374  -1 -1  0 -9 
376 376   1  0  0 -9 
377 176   1 -3  0 -9 
377 177  -1  0 -1 -2  0 -9 
377 360  -1  0  0 -9 
377 370  -1 -2  0 -9 
377 371  -1  0  0 -9 
377 372   1 -1  0 -9 
377 373   1 -1  0 -9 
377 374  -1  0  0 -9 
377 375   1  1  0 -9 
377 376   1  1  0 -9 
377 377  -1  2  0 -9 
378 77   1 -6  0 -9 
378 158   1 -6  0 -9 
378 159  -1 -5  0 -9 
378 185  -1 -5  0 -9 
378 325   1 -6  0 -9 
378 334  -1 -5  0 -9 
378 364  -1 -5  0 -9 
378 379   1 -3  0 -9 
379 77   1 -5  0 -9 
379 158   1 -5  0 -9 
379 159  -1 -4  0 -9 
379 185  -1 -4  0 -9 
379 325   1 -5  0 -9 
379 334  -1 -4  0 -9 
379 364  -1 -4  0 -9 
379 378   1 -3  0 -9 
380 158   1 -4  1 -6  0 -9 
380 159  -1 -1 -1 -3 -1 -5  0 -9 
380 334  -1 -3  0 -9 
380 335  -1 -1  0 -9 
380 336   1 -2  0 -9 
380 378   1 -2  0 -9 
380 379  -1 -1  0 -9 
380 380   1  0  0 -9 
381 65  -1  0  0 -9 
381 66   1 -1  0 -9 
381 77  -1 -3  0 -9 
381 82  -1  0  0 -9 
381 83   1 -1  0 -9 
381 152  -1 -3  0 -9 
381 158   1 -5  0 -9 
381 159  -1  0 -1 -4  0 -9 
381 163   1 -2  0 -9 
381 164   1  1  0 -9 
381 167   1 -4  0 -9 
381 171  -1 -3  0 -9 
381 173  -1  0  0 -9 
381 176   1 -4  0 -9 
381 177  -1 -3  0 -9 
381 182  -1  0  0 -9 
381 183   1  1  0 -9 
381 185   1 -2  0 -9 
381 190   1  1  0 -9 
381 265   1 -4  0 -9 
381 266  -1 -3  0 -9 
381 267  -1 -3  0 -9 
381 268   1 -2  0 -9 
381 269   1  1  0 -9 
381 271  -1  0  0 -9 
381 276  -1 -3  0 -9 
381 279   1 -2  0 -9 
381 280   1  1  0 -9 
381 325  -1 -3  0 -9 
381 330  -1  0  0 -9 
381 331   1 -1  0 -9 
381 335  -1  0  0 -9 
381 336   1 -1  0 -9 
381 338  -1  0  0 -9 
381 340   1  1  0 -9 
381 355   1 -4  0 -9 
381 359  -1 -3  0 -9 
381 361  -1  0  0 -9 
381 364   1 -2  0 -9 
381 369   1  1  0 -9 
381 370  -1 -3  0 -9 
381 373   1 -2  0 -9 
381 374   1  1  0 -9 
381 379  -1  0  0 -9 
381 380   1  1  0 -9 
381 381  -1  2  0 -9 
382 185  -1 -4  0 -9 
382 383   1 -3  0 -9 
383 77   1 -6  0 -9 
383 185  -1 -5  0 -9 
383 382   1 -3  0 -9 
384 158   1 -4  0 -9 
384 159  -1 -3  0 -9 
384 185  -1 -3  0 -9 
384 334  -1 -3  0 -9 
384 335  -1 -1  0 -9 
384 336   1 -2  0 -9 
384 364  -1 -3  0 -9 
384 365  -1 -1  0 -9 
384 366   1 -2  0 -9 
384 378   1 -2  0 -9 
384 379  -1 -1  0 -9 
384 382  -1 -1  0 -9 
384 383   1 -2  0 -9 
384 384   1  0  0 -9 
385 158   1 -3  0 -9 
385 159  -1  0 -1 -2  0 -9 
385 334  -1 -2  0 -9 
385 335  -1  0  0 -9 
385 336   1 -1  0 -9 
385 365  -1  0  0 -9 
385 378   1 -1  0 -9 
385 379  -1  0  0 -9 
385 380   1  1  0 -9 
385 382  -1  0  0 -9 
385 384   1  1  0 -9 
385 385  -1  2  0 -9 
386 77  -1 -3  0 -9 
386 167   1 -4  1 -6  0 -9 
386 171  -1 -1 -1 -3 -1 -5  0 -9 
386 185   1 -2  0 -9 
386 276  -1 -3  0 -9 
386 279   1 -2  0 -9 
386 280  -1 -1  0 -9 
386 342  -1 -1  0 -9 
386 343   1 -2  0 -9 
386 382   1 -2  0 -9 
386 383  -1 -1  0 -9 
386 386   1  0  0 -9 
387 77  -1 -2  0 -9 
387 167   1 -3  0 -9 
387 171  -1  0 -1 -2  0 -9 
387 185   1 -1  0 -9 
387 276  -1 -2  0 -9 
387 279   1 -1  0 -9 
387 280  -1  0  0 -9 
387 342  -1  0  0 -9 
387 343   1 -1  0 -9 
387 344   1  1  0 -9 
387 383  -1  0  0 -9 
387 386   1  1  0 -9 
387 387  -1  2  0 -9 
388 236  -1 -4  0 -9 
388 284   1 -5  0 -9 
388 288  -1 -4  0 -9 
388 299  -1 -4  0 -9 
388 355  -1 -4  0 -9 
388 389   1 -3  0 -9 
389 236   1 -7  0 -9 
389 284   1 -6  0 -9 
389 288  -1 -5  0 -9 
389 299  -1 -5  0 -9 
389 355   1 -7  0 -9 
389 388   1 -3  0 -9 
390 236  -1 -3  0 -9 
390 284   1 -4  0 -9 
390 288  -1 -3  0 -9 
390 299  -1 -3  0 -9 
390 302   1 -2  0 -9 
390 303  -1 -1  0 -9 
390 355  -1 -3  0 -9 
390 388  -1 -1  0 -9 
390 389   1 -2  0 -9 
390 390   1  0  0 -9 
391 118   1 -4  0 -9 
391 119  -1 -3  0 -9 
391 176   1 -4  0 -9 
391 177  -1 -3  0 -9 
391 245  -1 -3  0 -9 
391 246   1  1  0 -9 
391 247   1 -2  0 -9 
391 300  -1  0  0 -9 
391 302   1 -1  0 -9 
391 303  -1  0  0 -9 
391 304   1  1  0 -9 
391 370  -1 -3  0 -9 
391 371   1  1  0 -9 
391 372   1 -2  0 -9 
391 388  -1  0  0 -9 
391 390   1  1  0 -9 
391 391  -1  2  0 -9 
392 293  -1 -4  0 -9 
392 393   1 -3  0 -9 
393 236   1 -6  0 -9 
393 293  -1 -5  0 -9 
393 392   1 -3  0 -9 
394 118   1 -4  0 -9 
394 119  -1 -3  0 -9 
394 245  -1 -3  0 -9 
394 246  -1 -1  0 -9 
394 247   1 -2  0 -9 
394 293  -1 -3  0 -9 
394 307   1 -2  0 -9 
394 308  -1 -1  0 -9 
394 392  -1 -1  0 -9 
394 393   1 -2  0 -9 
394 394   1  0  0 -9 
395 118   1 -3  0 -9 
395 119  -1  0 -1 -2  0 -9 
395 245  -1 -2  0 -9 
395 246  -1  0  0 -9 
395 247   1 -1  0 -9 
395 307   1 -1  0 -9 
395 308  -1  0  0 -9 
395 309   1  1  0 -9 
395 392  -1  0  0 -9 
395 394   1  1  0 -9 
395 395  -1  2  0 -9 
396 236  -1 -3  0 -9 
396 284   1 -4  1 -6  0 -9 
396 288  -1 -1 -1 -3 -1 -5  0 -9 
396 293   1 -2  0 -9 
396 299  -1 -3  0 -9 
396 302   1 -2  0 -9 
396 303  -1 -1  0 -9 
396 355  -1 -3  0 -9 
396 359   1 -2  0 -9 
396 360   1 -2  0 -9 
396 361  -1 -1  0 -9 
396 388  -1 -1  0 -9 
396 389   1 -2  0 -9 
396 392   1 -2  0 -9 
396 393  -1 -1  0 -9 
396 396   1  0  0 -9 
397 236  -1 -2  0 -9 
397 284   1 -3  0 -9 
397 288  -1  0 -1 -2  0 -9 
397 293   1 -1  0 -9 
397 299  -1 -2  0 -9 
397 302   1 -1  0 -9 
397 303  -1  0  0 -9 
397 355  -1 -2  0 -9 
397 359   1 -1  0 -9 
397 361  -1  0  0 -9 
397 388  -1  0  0 -9 
397 389   1 -1  0 -9 
397 390   1  1  0 -9 
397 393  -1  0  0 -9 
397 396   1  1  0 -9 
397 397  -1  2  0 -9 
398 127   1 -4  0 -9 
398 131  -1 -3  0 -9 
398 185  -1 -3  0 -9 
398 228  -1 -3  0 -9 
398 253  -1 -1  0 -9 
398 254   1 -2  0 -9 
398 311   1 -2  0 -9 
398 312  -1 -1  0 -9 
398 382  -1 -1  0 -9 
398 383   1 -2  0 -9 
398 398   1  0  0 -9 
399 127   1 -3  0 -9 
399 131  -1  0 -1 -2  0 -9 
399 228  -1 -2  0 -9 
399 253  -1  0  0 -9 
399 254   1 -1  0 -9 
399 311   1 -1  0 -9 
399 312  -1  0  0 -9 
399 315   1  1  0 -9 
399 382  -1  0  0 -9 
399 398   1  1  0 -9 
399 399  -1  2  0 -9 
9999 9999
