 0  0   1 -8  0 -9 
 1  0   1 -7  0 -9 
 1  1  -1 -6  0 -9 
 1  2   1 -7  0 -9 
 2  2   1 -8  0 -9 
 3  1  -1 -4  0 -9 
 3  2   1 -5  0 -9 
 3  4  -1 -5  0 -9 
 3  5   1 -3  0 -9 
 3  6  -1 -4  0 -9 
 3  7   1 -6  0 -9 
 4  4  -1 -6  0 -9 
 4  7   1 -7  0 -9 
 5  0   1 -6  0 -9 
 5  1  -1 -5  0 -9 
 5  2   1 -6  0 -9 
 5  3   1 -3  0 -9 
 5  4  -1 -4  0 -9 
 5  6  -1 -5  0 -9 
 5  8   1 -6  0 -9 
 6  2   1 -7  0 -9 
 6  6  -1 -6  0 -9 
 6  8   1 -7  0 -9 
 7  7   1 -8  0 -9 
 8  8   1 -8  0 -9 
 9  9  -1 -6  0 -9 
 9 10   1 -7  0 -9 
10 10   1 -8  0 -9 
11 10   1 -7  0 -9 
11 11  -1 -6  0 -9 
12  0   1 -5  0 -9 
12  1  -1 -4  0 -9 
12  2   1 -5  0 -9 
12  3   1 -2  0 -9 
12  5  -1 -1  0 -9 
12  6   1 -2 -1 -4  0 -9 
12  7  -1 -4  0 -9 
12  8   1 -5  0 -9 
12  9   1 -3  0 -9 
12 10  -1 -4  0 -9 
12 12   1  0  0 -9 
12 13  -1 -1  0 -9 
12 14   1 -3  0 -9 
12 15  -1 -4  0 -9 
12 16   1 -2  0 -9 
12 17   1 -5  0 -9 
13  2   1 -6  0 -9 
13  6  -1 -5  0 -9 
13  8   1 -6  0 -9 
13 11  -1 -4  0 -9 
13 15  -1 -5  0 -9 
13 16   1 -3  0 -9 
13 17   1 -6  0 -9 
14  7   1 -7  0 -9 
14 14  -1 -6  0 -9 
15  8   1 -7  0 -9 
15 15  -1 -6  0 -9 
15 17   1 -7  0 -9 
16  6  -1 -4  0 -9 
16  8   1 -5  0 -9 
16 10   1 -6  0 -9 
16 11  -1 -5  0 -9 
16 13   1 -3  0 -9 
16 15  -1 -4  0 -9 
17 17   1 -8  0 -9 
18 18  -1 -6  0 -9 
18 19   1 -7  0 -9 
19 19   1 -8  0 -9 
20  6  -1 -4  0 -9 
20  8   1 -5  0 -9 
20 18  -1 -5  0 -9 
20 19   1 -6  0 -9 
20 21   1 -3  0 -9 
20 23  -1 -4  0 -9 
21  2   1 -6  0 -9 
21  6  -1 -5  0 -9 
21  8   1 -6  0 -9 
21 18  -1 -4  0 -9 
21 20   1 -3  0 -9 
21 22   1 -6  0 -9 
21 23  -1 -5  0 -9 
22 22   1 -8  0 -9 
23  8   1 -7  0 -9 
23 22   1 -7  0 -9 
23 23  -1 -6  0 -9 
24 24  -1 -6  0 -9 
24 25   1 -7  0 -9 
25 25   1 -8  0 -9 
26  2   1 -7  0 -9 
26 25   1 -7  0 -9 
26 26  -1 -6  0 -9 
27  6  -1 -3  0 -9 
27 18  -1 -4  0 -9 
27 19   1 -5  0 -9 
27 20  -1 -1  0 -9 
27 21   1 -2  0 -9 
27 22  -1 -4  0 -9 
27 24   1 -3  0 -9 
27 25  -1 -4  0 -9 
27 27   1  0  0 -9 
27 28  -1 -1  0 -9 
27 29   1 -3  0 -9 
27 30  -1 -4  0 -9 
27 31   1 -2  0 -9 
27 32   1 -5  0 -9 
28  2   1 -5  0 -9 
28  6  -1 -4  0 -9 
28 26  -1 -4  0 -9 
28 30  -1 -5  0 -9 
28 31   1 -3  0 -9 
28 32   1 -6  0 -9 
29 22   1 -7  0 -9 
29 29  -1 -6  0 -9 
30 30  -1 -6  0 -9 
30 32   1 -7  0 -9 
31  2   1 -6  0 -9 
31  6  -1 -5  0 -9 
31  8   1 -6  0 -9 
31 25   1 -6  0 -9 
31 26  -1 -5  0 -9 
31 28   1 -3  0 -9 
31 30  -1 -4  0 -9 
32 32   1 -8  0 -9 
33 33  -1 -6  0 -9 
33 34   1 -7  0 -9 
34 34   1 -8  0 -9 
35 34   1 -7  0 -9 
35 35  -1 -6  0 -9 
36 33   1 -3  0 -9 
36 34  -1 -4  0 -9 
36 36   1  0  0 -9 
36 37  -1 -1  0 -9 
36 38   1 -3  0 -9 
36 39  -1 -4  0 -9 
36 40   1 -2  0 -9 
36 41   1 -5  0 -9 
37 35  -1 -4  0 -9 
37 39  -1 -5  0 -9 
37 40   1 -3  0 -9 
37 41   1 -6  0 -9 
38 38  -1 -6  0 -9 
39 39  -1 -6  0 -9 
39 41   1 -7  0 -9 
40 34   1 -6  0 -9 
40 35  -1 -5  0 -9 
40 37   1 -3  0 -9 
40 39  -1 -4  0 -9 
41 41   1 -8  0 -9 
42 25   1 -7  0 -9 
42 42  -1 -6  0 -9 
43  6  -1 -3  0 -9 
43 10   1 -5  0 -9 
43 11  -1 -4  0 -9 
43 13   1 -2  0 -9 
43 16  -1 -1  0 -9 
43 17  -1 -4  0 -9 
43 25  -1 -4  0 -9 
43 28  -1 -1  0 -9 
43 30  -1 -4  0 -9 
43 31   1 -2  0 -9 
43 32   1 -5  0 -9 
43 34   1 -5  0 -9 
43 35  -1 -4  0 -9 
43 37   1 -2  0 -9 
43 40  -1 -1  0 -9 
43 41  -1 -4  0 -9 
43 42   1 -3  0 -9 
43 43   1  0  0 -9 
43 44   1 -3  0 -9 
44 17   1 -7  0 -9 
44 41   1 -7  0 -9 
44 44  -1 -6  0 -9 
45 45   1 -8  0 -9 
46 46  -1 -6  0 -9 
46 47   1 -7  0 -9 
47 47   1 -8  0 -9 
48 45  -1 -4  0 -9 
48 46  -1 -4  0 -9 
48 47   1 -5  0 -9 
48 49  -1 -5  0 -9 
48 50   1 -3  0 -9 
48 51  -1 -4  0 -9 
48 52   1 -6  0 -9 
49 49  -1 -6  0 -9 
49 52   1 -7  0 -9 
50 45   1 -7  0 -9 
50 46  -1 -5  0 -9 
50 47   1 -6  0 -9 
50 48   1 -3  0 -9 
50 49  -1 -4  0 -9 
50 51  -1 -5  0 -9 
50 53   1 -6  0 -9 
51 47   1 -7  0 -9 
51 51  -1 -6  0 -9 
51 53   1 -7  0 -9 
52 52   1 -8  0 -9 
53 53   1 -8  0 -9 
54 46  -1 -4  0 -9 
54 47   1 -5  0 -9 
54 51  -1 -4  0 -9 
54 53   1 -5  0 -9 
54 55   1 -3  0 -9 
54 57  -1 -4  0 -9 
55 46  -1 -5  0 -9 
55 47   1 -6  0 -9 
55 51  -1 -5  0 -9 
55 53   1 -6  0 -9 
55 54   1 -3  0 -9 
55 56   1 -6  0 -9 
55 57  -1 -5  0 -9 
56 56   1 -8  0 -9 
57 53   1 -7  0 -9 
57 56   1 -7  0 -9 
57 57  -1 -6  0 -9 
58 45  -1 -3  0 -9 
58 46  -1 -3  0 -9 
58 47   1 -4  0 -9 
58 48  -1 -1  0 -9 
58 49   1 -2 -1 -4  0 -9 
58 50   1 -2  0 -9 
58 51  -1 -3  0 -9 
58 52   1 -5  0 -9 
58 54  -1 -1  0 -9 
58 55   1 -2  0 -9 
58 57  -1 -3  0 -9 
58 58   1  0  0 -9 
58 59  -1 -1  0 -9 
58 60  -1 -1  0 -9 
58 61   1 -2  0 -9 
58 62  -1 -3  0 -9 
58 63  -1 -3  0 -9 
58 64   1 -2  0 -9 
58 65   1 -4  0 -9 
59 56   1 -5  0 -9 
59 57  -1 -4  0 -9 
59 62  -1 -4  0 -9 
59 63  -1 -4  0 -9 
59 64   1 -3  0 -9 
59 65   1 -5  0 -9 
60 49  -1 -5  0 -9 
60 52   1 -6  0 -9 
60 61   1 -3  0 -9 
60 62  -1 -4  0 -9 
60 63  -1 -4  0 -9 
60 65   1 -5  0 -9 
61 49  -1 -4  0 -9 
61 56   1 -6  0 -9 
61 60   1 -3  0 -9 
61 62  -1 -5  0 -9 
61 63  -1 -5  0 -9 
61 65   1 -6  0 -9 
62 62  -1 -6  0 -9 
62 65   1 -7  0 -9 
63 56   1 -7  0 -9 
63 63  -1 -6  0 -9 
63 65   1 -7  0 -9 
64 53   1 -6  0 -9 
64 56   1 -6  0 -9 
64 57  -1 -5  0 -9 
64 59   1 -3  0 -9 
64 62  -1 -5  0 -9 
64 63  -1 -5  0 -9 
64 65   1 -6  0 -9 
65 65   1 -8  0 -9 
66 45   1 -7  0 -9 
66 66  -1 -6  0 -9 
66 67   1 -7  0 -9 
67 67   1 -8  0 -9 
68 67   1 -7  0 -9 
68 68  -1 -6  0 -9 
69 66  -1 -4  0 -9 
69 67   1 -5  0 -9 
69 70  -1 -5  0 -9 
69 71   1 -3  0 -9 
69 72  -1 -4  0 -9 
69 73   1 -6  0 -9 
70 70  -1 -6  0 -9 
70 73   1 -7  0 -9 
71 45   1 -6  0 -9 
71 66  -1 -5  0 -9 
71 67   1 -6  0 -9 
71 69   1 -3  0 -9 
71 70  -1 -4  0 -9 
71 72  -1 -5  0 -9 
71 74   1 -6  0 -9 
72 67   1 -7  0 -9 
72 72  -1 -6  0 -9 
72 74   1 -7  0 -9 
73 73   1 -8  0 -9 
74 74   1 -8  0 -9 
75 45  -1 -3  0 -9 
75 46  -1 -1 -1 -3 -1 -5  0 -9 
75 47   1 -4  1 -6  0 -9 
75 48  -1 -1  0 -9 
75 49  -1 -4  0 -9 
75 50   1 -2  0 -9 
75 51  -1 -3  0 -9 
75 52   1 -5  0 -9 
75 54  -1 -1  0 -9 
75 55   1 -2  0 -9 
75 56  -1 -4  0 -9 
75 66   1 -2  0 -9 
75 67  -1 -3  0 -9 
75 68   1 -2  0 -9 
75 69   1 -2  0 -9 
75 71  -1 -1  0 -9 
75 72   1 -2 -1 -4  0 -9 
75 73  -1 -4  0 -9 
75 74   1 -5  0 -9 
75 75   1  0  0 -9 
75 76  -1 -1  0 -9 
75 77   1 -3  0 -9 
75 78  -1 -4  0 -9 
75 79   1 -2  0 -9 
75 80   1 -5  0 -9 
76 67   1 -6  0 -9 
76 68  -1 -5  0 -9 
76 72  -1 -5  0 -9 
76 74   1 -6  0 -9 
76 78  -1 -5  0 -9 
76 79   1 -3  0 -9 
76 80   1 -6  0 -9 
77 56   1 -7  0 -9 
77 73   1 -7  0 -9 
77 77  -1 -6  0 -9 
78 74   1 -7  0 -9 
78 78  -1 -6  0 -9 
78 80   1 -7  0 -9 
79 67   1 -5  0 -9 
79 68  -1 -4  0 -9 
79 72  -1 -4  0 -9 
79 74   1 -5  0 -9 
79 76   1 -3  0 -9 
79 78  -1 -4  0 -9 
80 80   1 -8  0 -9 
81 45  -1 -2  0 -9 
81 46  -1  0 -1 -2  0 -9 
81 47   1 -3  0 -9 
81 48  -1  0  0 -9 
81 49  -1 -3  0 -9 
81 50   1 -1  0 -9 
81 51  -1 -2  0 -9 
81 52   1 -4  0 -9 
81 54  -1  0  0 -9 
81 55   1 -1  0 -9 
81 56  -1 -3  0 -9 
81 58   1  1  0 -9 
81 59  -1  0  0 -9 
81 60  -1  0  0 -9 
81 61   1 -1  0 -9 
81 66   1 -1  0 -9 
81 67  -1 -2  0 -9 
81 68   1 -1  0 -9 
81 70   1 -2  0 -9 
81 71  -1  0  0 -9 
81 72   1 -1  0 -9 
81 73  -1 -3  0 -9 
81 75   1  1  0 -9 
81 76  -1  0  0 -9 
81 77   1 -2  0 -9 
81 78  -1 -3  0 -9 
81 80   1 -4  0 -9 
81 81  -1  2  0 -9 
81 82   1  1  0 -9 
81 83   1  1  0 -9 
81 84  -1  0  0 -9 
81 85  -1 -3  0 -9 
81 87   1 -2  0 -9 
81 88  -1 -3  0 -9 
81 89   1 -4  0 -9 
82 78  -1 -4  0 -9 
82 80   1 -5  0 -9 
82 85  -1 -4  0 -9 
82 87   1 -3  0 -9 
82 88  -1 -4  0 -9 
82 89   1 -5  0 -9 
83 49  -1 -4  0 -9 
83 52   1 -5  0 -9 
83 60  -1 -1  0 -9 
83 61   1 -2  0 -9 
83 63  -1 -3  0 -9 
83 70   1 -3  0 -9 
83 73  -1 -4  0 -9 
83 83   1  0  0 -9 
83 84  -1 -1  0 -9 
83 85  -1 -4  0 -9 
83 86   1 -2  0 -9 
83 89   1 -5  0 -9 
84 56   1 -5  0 -9 
84 63  -1 -4  0 -9 
84 77  -1 -4  0 -9 
84 85  -1 -5  0 -9 
84 86   1 -3  0 -9 
84 89   1 -6  0 -9 
85 85  -1 -6  0 -9 
85 89   1 -7  0 -9 
86 56   1 -6  0 -9 
86 63  -1 -5  0 -9 
86 65   1 -6  0 -9 
86 73   1 -6  0 -9 
86 77  -1 -5  0 -9 
86 84   1 -3  0 -9 
86 85  -1 -4  0 -9 
87 74   1 -6  0 -9 
87 78  -1 -5  0 -9 
87 80   1 -6  0 -9 
87 82   1 -3  0 -9 
87 85  -1 -5  0 -9 
87 88  -1 -5  0 -9 
87 89   1 -6  0 -9 
88 80   1 -7  0 -9 
88 88  -1 -6  0 -9 
88 89   1 -7  0 -9 
89 89   1 -8  0 -9 
90 24  -1 -5  0 -9 
90 25   1 -6  0 -9 
90 46  -1 -5  0 -9 
90 47   1 -6  0 -9 
90 72  -1 -4  0 -9 
90 74   1 -5  0 -9 
90 91   1 -3  0 -9 
90 93  -1 -4  0 -9 
91 24  -1 -4  0 -9 
91 46  -1 -4  0 -9 
91 67   1 -6  0 -9 
91 72  -1 -5  0 -9 
91 74   1 -6  0 -9 
91 90   1 -3  0 -9 
91 92   1 -6  0 -9 
91 93  -1 -5  0 -9 
92 92   1 -8  0 -9 
93 74   1 -7  0 -9 
93 92   1 -7  0 -9 
93 93  -1 -6  0 -9 
94 24   1 -2  0 -9 
94 25  -1 -3  0 -9 
94 46  -1 -4  0 -9 
94 47   1 -5  0 -9 
94 72  -1 -3  0 -9 
94 90  -1 -1  0 -9 
94 91   1 -2  0 -9 
94 92  -1 -4  0 -9 
94 94   1  0  0 -9 
94 95  -1 -1  0 -9 
94 96   1 -3  0 -9 
94 97  -1 -4  0 -9 
94 98   1 -2  0 -9 
94 99   1 -5  0 -9 
95 25  -1 -4  0 -9 
95 67   1 -5  0 -9 
95 68  -1 -4  0 -9 
95 72  -1 -4  0 -9 
95 97  -1 -5  0 -9 
95 98   1 -3  0 -9 
95 99   1 -6  0 -9 
96 92   1 -7  0 -9 
96 96  -1 -6  0 -9 
97 97  -1 -6  0 -9 
97 99   1 -7  0 -9 
98 25   1 -7  0 -9 
98 67   1 -6  0 -9 
98 68  -1 -5  0 -9 
98 72  -1 -5  0 -9 
98 74   1 -6  0 -9 
98 95   1 -3  0 -9 
98 97  -1 -4  0 -9 
99 99   1 -8  0 -9 
100 24   1 -1  0 -9 
100 25  -1 -2  0 -9 
100 46  -1 -3  0 -9 
100 47   1 -4  0 -9 
100 51  -1 -3  0 -9 
100 53   1 -4  0 -9 
100 54   1  1  0 -9 
100 55   1 -2  0 -9 
100 57  -1 -3  0 -9 
100 62   1 -1  0 -9 
100 63   1 -1  0 -9 
100 64  -1  0  0 -9 
100 65  -1 -2  0 -9 
100 74  -1 -3  0 -9 
100 79  -1  0  0 -9 
100 82  -1  0  0 -9 
100 85  -1  0 -1 -2  0 -9 
100 87   1 -1  0 -9 
100 88  -1 -2  0 -9 
100 89   1 -3  0 -9 
100 90  -1  0  0 -9 
100 92  -1 -3  0 -9 
100 93   1 -2  0 -9 
100 94   1  1  0 -9 
100 95  -1  0  0 -9 
100 96   1 -2  0 -9 
100 97  -1 -3  0 -9 
100 98   1 -1  0 -9 
100 99   1 -4  0 -9 
100 100  -1  2  0 -9 
100 101  -1  0  0 -9 
100 102   1  1  0 -9 
100 103   1 -1  0 -9 
100 104   1  1  0 -9 
100 106  -1  0  0 -9 
100 107   1 -1  0 -9 
100 108  -1 -2  0 -9 
101 56   1 -6  0 -9 
101 63  -1 -5  0 -9 
101 65   1 -6  0 -9 
101 96  -1 -4  0 -9 
101 103  -1 -5  0 -9 
101 105   1 -3  0 -9 
101 108   1 -6  0 -9 
102 53   1 -5  0 -9 
102 56   1 -5  0 -9 
102 57  -1 -4  0 -9 
102 59   1 -2  0 -9 
102 62   1 -2  0 -9 
102 63   1 -2 -1 -4  0 -9 
102 64  -1 -1  0 -9 
102 65  -1 -3  0 -9 
102 74  -1 -4  0 -9 
102 82  -1 -1  0 -9 
102 85  -1 -1 -1 -3 -1 -5  0 -9 
102 87   1 -2  0 -9 
102 88  -1 -3  0 -9 
102 89   1 -4  1 -6  0 -9 
102 92  -1 -4  0 -9 
102 93   1 -3  0 -9 
102 97  -1 -4  0 -9 
102 99   1 -5  0 -9 
102 101  -1 -1  0 -9 
102 102   1  0  0 -9 
102 103   1 -2  0 -9 
102 105   1 -2  0 -9 
102 106  -1 -1  0 -9 
102 107   1 -2  0 -9 
102 108  -1 -3  0 -9 
103 65   1 -7  0 -9 
103 103  -1 -6  0 -9 
103 108   1 -7  0 -9 
104 25  -1 -3  0 -9 
104 67   1 -4  0 -9 
104 68  -1 -3  0 -9 
104 72  -1 -3  0 -9 
104 76   1 -2  0 -9 
104 78  -1 -3  0 -9 
104 79  -1 -1  0 -9 
104 82  -1 -1  0 -9 
104 85  -1 -3  0 -9 
104 87   1 -2  0 -9 
104 88  -1 -3  0 -9 
104 89   1 -4  0 -9 
104 95  -1 -1  0 -9 
104 97   1 -2 -1 -4  0 -9 
104 98   1 -2  0 -9 
104 99   1 -5  0 -9 
104 104   1  0  0 -9 
104 106  -1 -1  0 -9 
104 107   1 -2  0 -9 
104 108  -1 -3  0 -9 
105 63  -1 -4  0 -9 
105 65   1 -5  0 -9 
105 92   1 -6  0 -9 
105 96  -1 -5  0 -9 
105 101   1 -3  0 -9 
105 103  -1 -4  0 -9 
106 85  -1 -4  0 -9 
106 88  -1 -4  0 -9 
106 89   1 -5  0 -9 
106 97  -1 -5  0 -9 
106 99   1 -6  0 -9 
106 107   1 -3  0 -9 
106 108  -1 -4  0 -9 
107 80   1 -6  0 -9 
107 85  -1 -5  0 -9 
107 88  -1 -5  0 -9 
107 89   1 -6  0 -9 
107 97  -1 -4  0 -9 
107 106   1 -3  0 -9 
107 108   1 -7  0 -9 
108 108   1 -8  0 -9 
109 109  -1 -6  0 -9 
109 110   1 -7  0 -9 
110 110   1 -8  0 -9 
111 110   1 -7  0 -9 
111 111  -1 -6  0 -9 
112 109  -1 -4  0 -9 
112 110   1 -5  0 -9 
112 113  -1 -5  0 -9 
112 114   1 -3  0 -9 
112 115  -1 -4  0 -9 
112 116   1 -6  0 -9 
113 113  -1 -6  0 -9 
113 116   1 -7  0 -9 
114 109  -1 -5  0 -9 
114 110   1 -6  0 -9 
114 112   1 -3  0 -9 
114 113  -1 -4  0 -9 
114 115  -1 -5  0 -9 
114 117   1 -6  0 -9 
115 110   1 -7  0 -9 
115 115  -1 -6  0 -9 
115 117   1 -7  0 -9 
116 116   1 -8  0 -9 
117 117   1 -8  0 -9 
118 109   1 -2  0 -9 
118 110  -1 -3  0 -9 
118 111   1 -2  0 -9 
118 112   1 -2  0 -9 
118 114  -1 -1  0 -9 
118 115   1 -2 -1 -4  0 -9 
118 116  -1 -4  0 -9 
118 117   1 -5  0 -9 
118 118   1  0  0 -9 
118 119  -1 -1  0 -9 
118 120   1 -3  0 -9 
118 121  -1 -4  0 -9 
118 122   1 -2  0 -9 
118 123   1 -5  0 -9 
119 110   1 -6  0 -9 
119 111  -1 -5  0 -9 
119 115  -1 -5  0 -9 
119 117   1 -6  0 -9 
119 121  -1 -5  0 -9 
119 122   1 -3  0 -9 
119 123   1 -6  0 -9 
120 116   1 -7  0 -9 
120 120  -1 -6  0 -9 
121 117   1 -7  0 -9 
121 121  -1 -6  0 -9 
121 123   1 -7  0 -9 
122 110   1 -5  0 -9 
122 111  -1 -4  0 -9 
122 115  -1 -4  0 -9 
122 117   1 -5  0 -9 
122 119   1 -3  0 -9 
122 121  -1 -4  0 -9 
123 123   1 -8  0 -9 
124 109   1 -1  0 -9 
124 110  -1 -2  0 -9 
124 111   1 -1  0 -9 
124 113   1 -2  0 -9 
124 114  -1  0  0 -9 
124 115   1 -1  0 -9 
124 116  -1 -3  0 -9 
124 118   1  1  0 -9 
124 119  -1  0  0 -9 
124 120   1 -2  0 -9 
124 121  -1 -3  0 -9 
124 123   1 -4  0 -9 
124 124  -1  2  0 -9 
124 125   1  1  0 -9 
124 126   1  1  0 -9 
124 127  -1  0  0 -9 
124 128  -1 -3  0 -9 
124 130   1 -2  0 -9 
124 131  -1 -3  0 -9 
124 132   1 -4  0 -9 
125 121  -1 -4  0 -9 
125 123   1 -5  0 -9 
125 128  -1 -4  0 -9 
125 130   1 -3  0 -9 
125 131  -1 -4  0 -9 
125 132   1 -5  0 -9 
126 113   1 -3  0 -9 
126 116  -1 -4  0 -9 
126 126   1  0  0 -9 
126 127  -1 -1  0 -9 
126 128  -1 -4  0 -9 
126 129   1 -2  0 -9 
126 132   1 -5  0 -9 
127 120  -1 -4  0 -9 
127 128  -1 -5  0 -9 
127 129   1 -3  0 -9 
127 132   1 -6  0 -9 
128 128  -1 -6  0 -9 
128 132   1 -7  0 -9 
129 116   1 -6  0 -9 
129 120  -1 -5  0 -9 
129 127   1 -3  0 -9 
129 128  -1 -4  0 -9 
130 117   1 -6  0 -9 
130 121  -1 -5  0 -9 
130 123   1 -6  0 -9 
130 125   1 -3  0 -9 
130 128  -1 -5  0 -9 
130 131  -1 -5  0 -9 
130 132   1 -6  0 -9 
131 123   1 -7  0 -9 
131 131  -1 -6  0 -9 
131 132   1 -7  0 -9 
132 132   1 -8  0 -9 
133 24   1 -3  0 -9 
133 25  -1 -4  0 -9 
133 45   1 -5  0 -9 
133 66  -1 -4  0 -9 
133 67   1 -5  0 -9 
133 69   1 -2  0 -9 
133 71  -1 -1  0 -9 
133 72   1 -2 -1 -4  0 -9 
133 73  -1 -4  0 -9 
133 74   1 -5  0 -9 
133 109   1 -3  0 -9 
133 110  -1 -4  0 -9 
133 133   1  0  0 -9 
133 134  -1 -1  0 -9 
133 135   1 -3  0 -9 
133 136  -1 -4  0 -9 
133 137   1 -2  0 -9 
133 138   1 -5  0 -9 
134 42  -1 -4  0 -9 
134 67   1 -6  0 -9 
134 72  -1 -5  0 -9 
134 74   1 -6  0 -9 
134 111  -1 -4  0 -9 
134 136  -1 -5  0 -9 
134 137   1 -3  0 -9 
134 138   1 -6  0 -9 
135 73   1 -7  0 -9 
135 135  -1 -6  0 -9 
136 74   1 -7  0 -9 
136 136  -1 -6  0 -9 
136 138   1 -7  0 -9 
137 25   1 -6  0 -9 
137 42  -1 -5  0 -9 
137 72  -1 -4  0 -9 
137 74   1 -5  0 -9 
137 110   1 -6  0 -9 
137 111  -1 -5  0 -9 
137 134   1 -3  0 -9 
137 136  -1 -4  0 -9 
138 138   1 -8  0 -9 
139 25  -1 -3  0 -9 
139 42   1 -2  0 -9 
139 72  -1 -3  0 -9 
139 95  -1 -1  0 -9 
139 97  -1 -4  0 -9 
139 98   1 -2  0 -9 
139 99   1 -5  0 -9 
139 110   1 -5  0 -9 
139 111  -1 -4  0 -9 
139 134   1 -2  0 -9 
139 137  -1 -1  0 -9 
139 138  -1 -4  0 -9 
139 139   1  0  0 -9 
139 140   1 -3  0 -9 
140 138   1 -7  0 -9 
140 140  -1 -6  0 -9 
141 25  -1 -2  0 -9 
141 42   1 -1  0 -9 
141 74  -1 -3  0 -9 
141 79  -1  0  0 -9 
141 82  -1  0  0 -9 
141 85  -1  0 -1 -2  0 -9 
141 87   1 -1  0 -9 
141 88  -1 -2  0 -9 
141 89   1 -3  0 -9 
141 95  -1  0  0 -9 
141 97  -1 -3  0 -9 
141 98   1 -1  0 -9 
141 99   1 -4  0 -9 
141 104   1  1  0 -9 
141 106  -1  0  0 -9 
141 107   1 -1  0 -9 
141 108  -1 -2  0 -9 
141 110   1 -4  0 -9 
141 111  -1 -3  0 -9 
141 115  -1 -3  0 -9 
141 117   1 -4  0 -9 
141 119   1 -2  0 -9 
141 121  -1 -3  0 -9 
141 122   1  1  0 -9 
141 128   1 -1  0 -9 
141 130  -1  0  0 -9 
141 131   1 -1  0 -9 
141 132  -1 -2  0 -9 
141 136   1 -2  0 -9 
141 137  -1  0  0 -9 
141 138  -1 -3  0 -9 
141 139   1  1  0 -9 
141 140   1 -2  0 -9 
141 141  -1  2  0 -9 
141 143   1  1  0 -9 
141 144  -1  0  0 -9 
141 145   1 -1  0 -9 
142 63  -1 -3  0 -9 
142 73  -1 -4  0 -9 
142 84  -1 -1  0 -9 
142 85  -1 -4  0 -9 
142 86   1 -2  0 -9 
142 89   1 -5  0 -9 
142 92   1 -5  0 -9 
142 96  -1 -4  0 -9 
142 101   1 -2  0 -9 
142 105  -1 -1  0 -9 
142 108  -1 -4  0 -9 
142 116   1 -5  0 -9 
142 120  -1 -4  0 -9 
142 127   1 -2  0 -9 
142 129  -1 -1  0 -9 
142 132  -1 -4  0 -9 
142 135   1 -3  0 -9 
142 142   1  0  0 -9 
142 145   1 -3  0 -9 
143 74  -1 -4  0 -9 
143 82  -1 -1  0 -9 
143 85  -1 -1 -1 -3 -1 -5  0 -9 
143 87   1 -2  0 -9 
143 88  -1 -3  0 -9 
143 89   1 -4  1 -6  0 -9 
143 97  -1 -4  0 -9 
143 99   1 -5  0 -9 
143 106  -1 -1  0 -9 
143 107   1 -2  0 -9 
143 108  -1 -3  0 -9 
143 117   1 -5  0 -9 
143 121  -1 -4  0 -9 
143 123   1 -5  0 -9 
143 125   1 -2  0 -9 
143 128   1 -2  0 -9 
143 130  -1 -1  0 -9 
143 131   1 -2 -1 -4  0 -9 
143 132  -1 -3  0 -9 
143 136   1 -3  0 -9 
143 138  -1 -4  0 -9 
143 143   1  0  0 -9 
143 144  -1 -1  0 -9 
143 145   1 -2  0 -9 
143 146   1 -2  0 -9 
144 108   1 -6  0 -9 
144 123   1 -6  0 -9 
144 131  -1 -5  0 -9 
144 132   1 -6  0 -9 
144 140  -1 -4  0 -9 
144 145  -1 -5  0 -9 
144 146   1 -3  0 -9 
145 108   1 -7  0 -9 
145 132   1 -7  0 -9 
145 145  -1 -6  0 -9 
146 131  -1 -4  0 -9 
146 132   1 -5  0 -9 
146 138   1 -6  0 -9 
146 140  -1 -5  0 -9 
146 144   1 -3  0 -9 
146 145  -1 -4  0 -9 
147 147  -1 -6  0 -9 
147 148   1 -7  0 -9 
148 148   1 -8  0 -9 
149 33  -1 -5  0 -9 
149 34   1 -6  0 -9 
149 115  -1 -4  0 -9 
149 117   1 -5  0 -9 
149 147  -1 -5  0 -9 
149 148   1 -6  0 -9 
149 150   1 -3  0 -9 
149 152  -1 -4  0 -9 
150 33  -1 -4  0 -9 
150 110   1 -6  0 -9 
150 115  -1 -5  0 -9 
150 117   1 -6  0 -9 
150 147  -1 -4  0 -9 
150 149   1 -3  0 -9 
150 151   1 -6  0 -9 
150 152  -1 -5  0 -9 
151 151   1 -8  0 -9 
152 117   1 -7  0 -9 
152 151   1 -7  0 -9 
152 152  -1 -6  0 -9 
153 33   1 -2  0 -9 
153 34  -1 -3  0 -9 
153 115  -1 -3  0 -9 
153 147   1 -2  0 -9 
153 148  -1 -3  0 -9 
153 149  -1 -1  0 -9 
153 150   1 -2  0 -9 
153 151  -1 -4  0 -9 
153 153   1  0  0 -9 
153 154  -1 -1  0 -9 
153 155   1 -3  0 -9 
153 156  -1 -4  0 -9 
153 157   1 -2  0 -9 
153 158   1 -5  0 -9 
154 34  -1 -4  0 -9 
154 110   1 -5  0 -9 
154 111  -1 -4  0 -9 
154 115  -1 -4  0 -9 
154 148  -1 -4  0 -9 
154 156  -1 -5  0 -9 
154 157   1 -3  0 -9 
154 158   1 -6  0 -9 
155 151   1 -7  0 -9 
155 155  -1 -6  0 -9 
156 156  -1 -6  0 -9 
156 158   1 -7  0 -9 
157 34   1 -7  0 -9 
157 110   1 -6  0 -9 
157 111  -1 -5  0 -9 
157 115  -1 -5  0 -9 
157 117   1 -6  0 -9 
157 148   1 -7  0 -9 
157 154   1 -3  0 -9 
157 156  -1 -4  0 -9 
158 158   1 -8  0 -9 
159 33   1 -1  0 -9 
159 34  -1 -2  0 -9 
159 117  -1 -3  0 -9 
159 122  -1  0  0 -9 
159 125  -1  0  0 -9 
159 128  -1  0 -1 -2  0 -9 
159 130   1 -1  0 -9 
159 131  -1 -2  0 -9 
159 132   1 -3  0 -9 
159 147   1 -1  0 -9 
159 148  -1 -2  0 -9 
159 149  -1  0  0 -9 
159 151  -1 -3  0 -9 
159 152   1 -2  0 -9 
159 153   1  1  0 -9 
159 154  -1  0  0 -9 
159 155   1 -2  0 -9 
159 156  -1 -3  0 -9 
159 157   1 -1  0 -9 
159 158   1 -4  0 -9 
159 159  -1  2  0 -9 
159 160  -1  0  0 -9 
159 161   1  1  0 -9 
159 162   1 -1  0 -9 
159 163   1  1  0 -9 
159 165  -1  0  0 -9 
159 166   1 -1  0 -9 
159 167  -1 -2  0 -9 
160 155  -1 -4  0 -9 
160 162  -1 -5  0 -9 
160 164   1 -3  0 -9 
160 167   1 -6  0 -9 
161 117  -1 -4  0 -9 
161 125  -1 -1  0 -9 
161 128  -1 -1 -1 -3 -1 -5  0 -9 
161 130   1 -2  0 -9 
161 131  -1 -3  0 -9 
161 132   1 -4  1 -6  0 -9 
161 151  -1 -4  0 -9 
161 152   1 -3  0 -9 
161 156  -1 -4  0 -9 
161 158   1 -5  0 -9 
161 160  -1 -1  0 -9 
161 161   1  0  0 -9 
161 162   1 -2  0 -9 
161 164   1 -2  0 -9 
161 165  -1 -1  0 -9 
161 166   1 -2  0 -9 
161 167  -1 -3  0 -9 
162 162  -1 -6  0 -9 
162 167   1 -7  0 -9 
163 34  -1 -3  0 -9 
163 110   1 -4  0 -9 
163 111  -1 -3  0 -9 
163 115  -1 -3  0 -9 
163 119   1 -2  0 -9 
163 121  -1 -3  0 -9 
163 122  -1 -1  0 -9 
163 125  -1 -1  0 -9 
163 128  -1 -3  0 -9 
163 130   1 -2  0 -9 
163 131  -1 -3  0 -9 
163 132   1 -4  0 -9 
163 148  -1 -3  0 -9 
163 154  -1 -1  0 -9 
163 156   1 -2 -1 -4  0 -9 
163 157   1 -2  0 -9 
163 158   1 -5  0 -9 
163 163   1  0  0 -9 
163 165  -1 -1  0 -9 
163 166   1 -2  0 -9 
163 167  -1 -3  0 -9 
164 151   1 -6  0 -9 
164 155  -1 -5  0 -9 
164 160   1 -3  0 -9 
164 162  -1 -4  0 -9 
165 128  -1 -4  0 -9 
165 131  -1 -4  0 -9 
165 132   1 -5  0 -9 
165 156  -1 -5  0 -9 
165 158   1 -6  0 -9 
165 166   1 -3  0 -9 
165 167  -1 -4  0 -9 
166 123   1 -6  0 -9 
166 128  -1 -5  0 -9 
166 131  -1 -5  0 -9 
166 132   1 -6  0 -9 
166 156  -1 -4  0 -9 
166 165   1 -3  0 -9 
166 167   1 -7  0 -9 
167 167   1 -8  0 -9 
168 148   1 -7  0 -9 
168 168  -1 -6  0 -9 
169 147   1 -3  0 -9 
169 148  -1 -4  0 -9 
169 169   1  0  0 -9 
169 170  -1 -1  0 -9 
169 171   1 -3  0 -9 
169 172  -1 -4  0 -9 
169 173   1 -2  0 -9 
169 174   1 -5  0 -9 
170 168  -1 -4  0 -9 
170 172  -1 -5  0 -9 
170 173   1 -3  0 -9 
170 174   1 -6  0 -9 
171 171  -1 -6  0 -9 
172 172  -1 -6  0 -9 
172 174   1 -7  0 -9 
173 148   1 -6  0 -9 
173 168  -1 -5  0 -9 
173 170   1 -3  0 -9 
173 172  -1 -4  0 -9 
174 174   1 -8  0 -9 
175 34  -1 -3  0 -9 
175 35   1 -2  0 -9 
175 37   1 -2  0 -9 
175 40  -1 -1  0 -9 
175 41  -1 -4  0 -9 
175 110   1 -4  1 -6  0 -9 
175 111  -1 -1 -1 -3 -1 -5  0 -9 
175 115  -1 -3  0 -9 
175 119   1 -2  0 -9 
175 122  -1 -1  0 -9 
175 123  -1 -4  0 -9 
175 148  -1 -3  0 -9 
175 154  -1 -1  0 -9 
175 156  -1 -4  0 -9 
175 157   1 -2  0 -9 
175 158   1 -5  0 -9 
175 168   1 -2  0 -9 
175 170   1 -2  0 -9 
175 173  -1 -1  0 -9 
175 174  -1 -4  0 -9 
175 175   1  0  0 -9 
175 176   1 -3  0 -9 
176 41   1 -7  0 -9 
176 123   1 -7  0 -9 
176 174   1 -7  0 -9 
176 176  -1 -6  0 -9 
177 34  -1 -2  0 -9 
177 35   1 -1  0 -9 
177 39   1 -2  0 -9 
177 40  -1  0  0 -9 
177 41  -1 -3  0 -9 
177 110   1 -3  0 -9 
177 111  -1  0 -1 -2  0 -9 
177 115  -1 -2  0 -9 
177 119   1 -1  0 -9 
177 122  -1  0  0 -9 
177 123  -1 -3  0 -9 
177 125  -1  0  0 -9 
177 148  -1 -2  0 -9 
177 154  -1  0  0 -9 
177 156  -1 -3  0 -9 
177 157   1 -1  0 -9 
177 158   1 -4  0 -9 
177 163   1  1  0 -9 
177 165  -1  0  0 -9 
177 166   1 -1  0 -9 
177 167  -1 -2  0 -9 
177 168   1 -1  0 -9 
177 172   1 -2  0 -9 
177 173  -1  0  0 -9 
177 174  -1 -3  0 -9 
177 175   1  1  0 -9 
177 176   1 -2  0 -9 
177 177  -1  2  0 -9 
177 179   1  1  0 -9 
177 180  -1  0  0 -9 
177 181   1 -1  0 -9 
178 38   1 -3  0 -9 
178 151   1 -5  0 -9 
178 155  -1 -4  0 -9 
178 160   1 -2  0 -9 
178 164  -1 -1  0 -9 
178 167  -1 -4  0 -9 
178 171   1 -3  0 -9 
178 178   1  0  0 -9 
178 181   1 -3  0 -9 
179 39   1 -3  0 -9 
179 41  -1 -4  0 -9 
179 131  -1 -3  0 -9 
179 156  -1 -4  0 -9 
179 158   1 -5  0 -9 
179 165  -1 -1  0 -9 
179 166   1 -2  0 -9 
179 167  -1 -3  0 -9 
179 172   1 -3  0 -9 
179 174  -1 -4  0 -9 
179 179   1  0  0 -9 
179 180  -1 -1  0 -9 
179 181   1 -2  0 -9 
179 182   1 -2  0 -9 
180 123   1 -5  0 -9 
180 131  -1 -4  0 -9 
180 167   1 -6  0 -9 
180 176  -1 -4  0 -9 
180 181  -1 -5  0 -9 
180 182   1 -3  0 -9 
181 167   1 -7  0 -9 
181 181  -1 -6  0 -9 
182 41   1 -6  0 -9 
182 123   1 -6  0 -9 
182 131  -1 -5  0 -9 
182 132   1 -6  0 -9 
182 174   1 -6  0 -9 
182 176  -1 -5  0 -9 
182 180   1 -3  0 -9 
182 181  -1 -4  0 -9 
183 147  -1 -4  0 -9 
183 148   1 -5  0 -9 
183 184  -1 -5  0 -9 
183 185   1 -3  0 -9 
183 186  -1 -4  0 -9 
183 187   1 -6  0 -9 
184 184  -1 -6  0 -9 
184 187   1 -7  0 -9 
185 147  -1 -5  0 -9 
185 148   1 -6  0 -9 
185 183   1 -3  0 -9 
185 184  -1 -4  0 -9 
185 186  -1 -5  0 -9 
185 188   1 -6  0 -9 
186 148   1 -7  0 -9 
186 186  -1 -6  0 -9 
186 188   1 -7  0 -9 
187 187   1 -8  0 -9 
188 188   1 -8  0 -9 
189 147  -1 -4  0 -9 
189 148   1 -5  0 -9 
189 186  -1 -4  0 -9 
189 188   1 -5  0 -9 
189 190   1 -3  0 -9 
189 192  -1 -4  0 -9 
190 147  -1 -5  0 -9 
190 148   1 -6  0 -9 
190 186  -1 -5  0 -9 
190 188   1 -6  0 -9 
190 189   1 -3  0 -9 
190 191   1 -6  0 -9 
190 192  -1 -5  0 -9 
191 191   1 -8  0 -9 
192 188   1 -7  0 -9 
192 191   1 -7  0 -9 
192 192  -1 -6  0 -9 
193 186  -1 -3  0 -9 
193 189  -1 -1  0 -9 
193 190   1 -2  0 -9 
193 191  -1 -4  0 -9 
193 193   1  0  0 -9 
193 194  -1 -1  0 -9 
193 195   1 -3  0 -9 
193 196  -1 -4  0 -9 
193 197   1 -2  0 -9 
193 198   1 -5  0 -9 
194 186  -1 -4  0 -9 
194 196  -1 -5  0 -9 
194 197   1 -3  0 -9 
194 198   1 -6  0 -9 
195 191   1 -7  0 -9 
195 195  -1 -6  0 -9 
196 196  -1 -6  0 -9 
196 198   1 -7  0 -9 
197 148   1 -6  0 -9 
197 186  -1 -5  0 -9 
197 188   1 -6  0 -9 
197 194   1 -3  0 -9 
197 196  -1 -4  0 -9 
198 198   1 -8  0 -9 
199 147  -1 -3  0 -9 
199 148   1 -4  0 -9 
199 183  -1 -1  0 -9 
199 184   1 -2 -1 -4  0 -9 
199 185   1 -2  0 -9 
199 186  -1 -3  0 -9 
199 187   1 -5  0 -9 
199 189  -1 -1  0 -9 
199 190   1 -2  0 -9 
199 192  -1 -3  0 -9 
199 199   1  0  0 -9 
199 200  -1 -1  0 -9 
199 201  -1 -1  0 -9 
199 202   1 -2  0 -9 
199 203  -1 -3  0 -9 
199 204  -1 -3  0 -9 
199 205   1 -2  0 -9 
199 206   1 -4  0 -9 
200 191   1 -5  0 -9 
200 192  -1 -4  0 -9 
200 203  -1 -4  0 -9 
200 204  -1 -4  0 -9 
200 205   1 -3  0 -9 
200 206   1 -5  0 -9 
201 184  -1 -5  0 -9 
201 187   1 -6  0 -9 
201 202   1 -3  0 -9 
201 203  -1 -4  0 -9 
201 204  -1 -4  0 -9 
201 206   1 -5  0 -9 
202 184  -1 -4  0 -9 
202 191   1 -6  0 -9 
202 201   1 -3  0 -9 
202 203  -1 -5  0 -9 
202 204  -1 -5  0 -9 
202 206   1 -6  0 -9 
203 203  -1 -6  0 -9 
203 206   1 -7  0 -9 
204 191   1 -7  0 -9 
204 204  -1 -6  0 -9 
204 206   1 -7  0 -9 
205 188   1 -6  0 -9 
205 191   1 -6  0 -9 
205 192  -1 -5  0 -9 
205 200   1 -3  0 -9 
205 203  -1 -5  0 -9 
205 204  -1 -5  0 -9 
205 206   1 -6  0 -9 
206 206   1 -8  0 -9 
207 183  -1  0  0 -9 
207 184   1 -1  0 -9 
207 188  -1 -3  0 -9 
207 189  -1  0  0 -9 
207 190   1 -1  0 -9 
207 191  -1 -3  0 -9 
207 193   1  1  0 -9 
207 194  -1  0  0 -9 
207 195   1 -2  0 -9 
207 196  -1 -3  0 -9 
207 198   1 -4  0 -9 
207 199   1  1  0 -9 
207 200  -1  0  0 -9 
207 201  -1  0  0 -9 
207 202   1 -1  0 -9 
207 207  -1  2  0 -9 
207 208   1  1  0 -9 
207 209   1  1  0 -9 
207 210  -1  0  0 -9 
207 211  -1 -3  0 -9 
207 213   1 -2  0 -9 
207 214  -1 -3  0 -9 
207 215   1 -4  0 -9 
208 188  -1 -4  0 -9 
208 196  -1 -4  0 -9 
208 198   1 -5  0 -9 
208 211  -1 -4  0 -9 
208 213   1 -3  0 -9 
208 214  -1 -4  0 -9 
208 215   1 -5  0 -9 
209 184   1 -2  0 -9 
209 187  -1 -3  0 -9 
209 201  -1 -1  0 -9 
209 202   1 -2  0 -9 
209 204  -1 -3  0 -9 
209 209   1  0  0 -9 
209 210  -1 -1  0 -9 
209 211  -1 -4  0 -9 
209 212   1 -2  0 -9 
209 215   1 -5  0 -9 
210 187  -1 -4  0 -9 
210 191   1 -5  0 -9 
210 195  -1 -4  0 -9 
210 204  -1 -4  0 -9 
210 211  -1 -5  0 -9 
210 212   1 -3  0 -9 
210 215   1 -6  0 -9 
211 211  -1 -6  0 -9 
211 215   1 -7  0 -9 
212 187   1 -7  0 -9 
212 191   1 -6  0 -9 
212 195  -1 -5  0 -9 
212 204  -1 -5  0 -9 
212 206   1 -6  0 -9 
212 210   1 -3  0 -9 
212 211  -1 -4  0 -9 
213 188   1 -7  0 -9 
213 196  -1 -5  0 -9 
213 198   1 -6  0 -9 
213 208   1 -3  0 -9 
213 211  -1 -5  0 -9 
213 214  -1 -5  0 -9 
213 215   1 -6  0 -9 
214 198   1 -7  0 -9 
214 214  -1 -6  0 -9 
214 215   1 -7  0 -9 
215 215   1 -8  0 -9 
216 188  -1 -2  0 -9 
216 191  -1 -2  0 -9 
216 192   1 -1  0 -9 
216 195   1 -1  0 -9 
216 196  -1  0 -1 -2  0 -9 
216 198   1 -3  0 -9 
216 203   1 -1  0 -9 
216 204   1 -1  0 -9 
216 205  -1  0  0 -9 
216 206  -1 -2  0 -9 
216 208  -1  0  0 -9 
216 211  -1  0 -1 -2  0 -9 
216 213   1 -1  0 -9 
216 214  -1 -2  0 -9 
216 215   1 -3  0 -9 
216 216  -1  2  0 -9 
216 217  -1  0  0 -9 
216 218   1  1  0 -9 
216 219   1 -1  0 -9 
216 220   1  1  0 -9 
216 222  -1  0  0 -9 
216 223   1 -1  0 -9 
216 224  -1 -2  0 -9 
217 191   1 -6  0 -9 
217 195  -1 -5  0 -9 
217 204  -1 -5  0 -9 
217 206   1 -6  0 -9 
217 219  -1 -5  0 -9 
217 221   1 -3  0 -9 
217 224   1 -6  0 -9 
218 188  -1 -3  0 -9 
218 191  -1 -3  0 -9 
218 192   1 -2  0 -9 
218 195   1 -2  0 -9 
218 196  -1 -1 -1 -3 -1 -5  0 -9 
218 198   1 -4  1 -6  0 -9 
218 200   1 -2  0 -9 
218 203   1 -2  0 -9 
218 204   1 -2 -1 -4  0 -9 
218 205  -1 -1  0 -9 
218 206  -1 -3  0 -9 
218 208  -1 -1  0 -9 
218 211  -1 -1 -1 -3 -1 -5  0 -9 
218 213   1 -2  0 -9 
218 214  -1 -3  0 -9 
218 215   1 -4  1 -6  0 -9 
218 217  -1 -1  0 -9 
218 218   1  0  0 -9 
218 219   1 -2  0 -9 
218 221   1 -2  0 -9 
218 222  -1 -1  0 -9 
218 223   1 -2  0 -9 
218 224  -1 -3  0 -9 
219 206   1 -7  0 -9 
219 219  -1 -6  0 -9 
219 224   1 -7  0 -9 
220 188  -1 -3  0 -9 
220 196  -1 -3  0 -9 
220 198   1 -4  0 -9 
220 208  -1 -1  0 -9 
220 211  -1 -3  0 -9 
220 213   1 -2  0 -9 
220 214  -1 -3  0 -9 
220 215   1 -4  0 -9 
220 220   1  0  0 -9 
220 222  -1 -1  0 -9 
220 223   1 -2  0 -9 
220 224  -1 -3  0 -9 
221 191   1 -5  0 -9 
221 195  -1 -4  0 -9 
221 204  -1 -4  0 -9 
221 206   1 -5  0 -9 
221 217   1 -3  0 -9 
221 219  -1 -4  0 -9 
222 196  -1 -4  0 -9 
222 198   1 -5  0 -9 
222 211  -1 -4  0 -9 
222 214  -1 -4  0 -9 
222 215   1 -5  0 -9 
222 223   1 -3  0 -9 
222 224  -1 -4  0 -9 
223 196  -1 -5  0 -9 
223 198   1 -6  0 -9 
223 211  -1 -5  0 -9 
223 214  -1 -5  0 -9 
223 215   1 -6  0 -9 
223 222   1 -3  0 -9 
223 224   1 -7  0 -9 
224 224   1 -8  0 -9 
225 184   1 -1  0 -9 
225 187  -1 -2  0 -9 
225 201  -1  0  0 -9 
225 203   1 -2  0 -9 
225 206  -1 -3  0 -9 
225 209   1  1  0 -9 
225 210  -1  0  0 -9 
225 211  -1 -3  0 -9 
225 212   1 -1  0 -9 
225 215   1 -4  0 -9 
225 221  -1  0  0 -9 
225 225  -1  2  0 -9 
225 226  -1  0  0 -9 
225 227   1  1  0 -9 
225 228   1  1  0 -9 
225 229  -1  0  0 -9 
225 230   1 -1  0 -9 
225 231   1 -1  0 -9 
225 232  -1 -2  0 -9 
226 219  -1 -4  0 -9 
226 224   1 -5  0 -9 
226 231   1 -3  0 -9 
226 232  -1 -4  0 -9 
227 203   1 -3  0 -9 
227 206  -1 -4  0 -9 
227 211  -1 -4  0 -9 
227 215   1 -5  0 -9 
227 226  -1 -1  0 -9 
227 227   1  0  0 -9 
227 229  -1 -1  0 -9 
227 230   1 -2  0 -9 
227 231   1 -2  0 -9 
227 232  -1 -3  0 -9 
228 187  -1 -3  0 -9 
228 191   1 -4  0 -9 
228 195  -1 -3  0 -9 
228 204  -1 -3  0 -9 
228 210  -1 -1  0 -9 
228 211   1 -2 -1 -4  0 -9 
228 212   1 -2  0 -9 
228 215   1 -5  0 -9 
228 217   1 -2  0 -9 
228 219  -1 -3  0 -9 
228 221  -1 -1  0 -9 
228 226  -1 -1  0 -9 
228 228   1  0  0 -9 
228 229  -1 -1  0 -9 
228 230   1 -2  0 -9 
228 231   1 -2  0 -9 
228 232  -1 -3  0 -9 
229 211  -1 -5  0 -9 
229 215   1 -6  0 -9 
229 230   1 -3  0 -9 
229 232  -1 -4  0 -9 
230 211  -1 -4  0 -9 
230 224   1 -6  0 -9 
230 229   1 -3  0 -9 
230 232  -1 -5  0 -9 
231 206   1 -6  0 -9 
231 219  -1 -5  0 -9 
231 224   1 -6  0 -9 
231 226   1 -3  0 -9 
231 232  -1 -5  0 -9 
232 224   1 -7  0 -9 
232 232  -1 -6  0 -9 
233 147   1 -2  0 -9 
233 148  -1 -3  0 -9 
233 168   1 -2  0 -9 
233 183   1 -2  0 -9 
233 185  -1 -1  0 -9 
233 186   1 -2 -1 -4  0 -9 
233 187  -1 -4  0 -9 
233 188   1 -5  0 -9 
233 233   1  0  0 -9 
233 234  -1 -1  0 -9 
233 235   1 -3  0 -9 
233 236  -1 -4  0 -9 
233 237   1 -2  0 -9 
233 238   1 -5  0 -9 
234 148   1 -6  0 -9 
234 168  -1 -5  0 -9 
234 186  -1 -5  0 -9 
234 188   1 -6  0 -9 
234 236  -1 -5  0 -9 
234 237   1 -3  0 -9 
234 238   1 -6  0 -9 
235 187   1 -7  0 -9 
235 235  -1 -6  0 -9 
236 188   1 -7  0 -9 
236 236  -1 -6  0 -9 
236 238   1 -7  0 -9 
237 148   1 -5  0 -9 
237 168  -1 -4  0 -9 
237 186  -1 -4  0 -9 
237 188   1 -5  0 -9 
237 234   1 -3  0 -9 
237 236  -1 -4  0 -9 
238 238   1 -8  0 -9 
239 186  -1 -3  0 -9 
239 194  -1 -1  0 -9 
239 196  -1 -4  0 -9 
239 197   1 -2  0 -9 
239 198   1 -5  0 -9 
239 234   1 -2  0 -9 
239 237  -1 -1  0 -9 
239 238  -1 -4  0 -9 
239 239   1  0  0 -9 
239 240   1 -3  0 -9 
240 238   1 -7  0 -9 
240 240  -1 -6  0 -9 
241 147   1 -1  0 -9 
241 148  -1 -2  0 -9 
241 168   1 -1  0 -9 
241 184   1 -2  0 -9 
241 185  -1  0  0 -9 
241 186   1 -1  0 -9 
241 187  -1 -3  0 -9 
241 233   1  1  0 -9 
241 234  -1  0  0 -9 
241 235   1 -2  0 -9 
241 236  -1 -3  0 -9 
241 238   1 -4  0 -9 
241 241  -1  2  0 -9 
241 242   1  1  0 -9 
241 243   1  1  0 -9 
241 244  -1  0  0 -9 
241 245  -1 -3  0 -9 
241 247   1 -2  0 -9 
241 248  -1 -3  0 -9 
241 249   1 -4  0 -9 
242 236  -1 -4  0 -9 
242 238   1 -5  0 -9 
242 245  -1 -4  0 -9 
242 247   1 -3  0 -9 
242 248  -1 -4  0 -9 
242 249   1 -5  0 -9 
243 184   1 -3  0 -9 
243 187  -1 -4  0 -9 
243 243   1  0  0 -9 
243 244  -1 -1  0 -9 
243 245  -1 -4  0 -9 
243 246   1 -2  0 -9 
243 249   1 -5  0 -9 
244 235  -1 -4  0 -9 
244 245  -1 -5  0 -9 
244 246   1 -3  0 -9 
244 249   1 -6  0 -9 
245 245  -1 -6  0 -9 
245 249   1 -7  0 -9 
246 187   1 -6  0 -9 
246 235  -1 -5  0 -9 
246 244   1 -3  0 -9 
246 245  -1 -4  0 -9 
247 188   1 -6  0 -9 
247 236  -1 -5  0 -9 
247 238   1 -6  0 -9 
247 242   1 -3  0 -9 
247 245  -1 -5  0 -9 
247 248  -1 -5  0 -9 
247 249   1 -6  0 -9 
248 238   1 -7  0 -9 
248 248  -1 -6  0 -9 
248 249   1 -7  0 -9 
249 249   1 -8  0 -9 
250 188  -1 -2  0 -9 
250 196  -1  0 -1 -2  0 -9 
250 198   1 -3  0 -9 
250 208  -1  0  0 -9 
250 211  -1  0 -1 -2  0 -9 
250 213   1 -1  0 -9 
250 214  -1 -2  0 -9 
250 215   1 -3  0 -9 
250 220   1  1  0 -9 
250 222  -1  0  0 -9 
250 223   1 -1  0 -9 
250 224  -1 -2  0 -9 
250 236   1 -1  0 -9 
250 238  -1 -2  0 -9 
250 240   1 -1  0 -9 
250 245   1 -1  0 -9 
250 247  -1  0  0 -9 
250 248   1 -1  0 -9 
250 249  -1 -2  0 -9 
250 250  -1  2  0 -9 
250 252   1  1  0 -9 
250 253  -1  0  0 -9 
250 254   1 -1  0 -9 
251 187  -1 -3  0 -9 
251 191   1 -4  1 -6  0 -9 
251 195  -1 -1 -1 -3 -1 -5  0 -9 
251 204  -1 -3  0 -9 
251 210  -1 -1  0 -9 
251 211  -1 -4  0 -9 
251 212   1 -2  0 -9 
251 215   1 -5  0 -9 
251 217   1 -2  0 -9 
251 221  -1 -1  0 -9 
251 224  -1 -4  0 -9 
251 235   1 -2  0 -9 
251 244   1 -2  0 -9 
251 246  -1 -1  0 -9 
251 249  -1 -4  0 -9 
251 251   1  0  0 -9 
251 254   1 -3  0 -9 
252 188  -1 -3  0 -9 
252 196  -1 -1 -1 -3 -1 -5  0 -9 
252 198   1 -4  1 -6  0 -9 
252 208  -1 -1  0 -9 
252 211  -1 -1 -1 -3 -1 -5  0 -9 
252 213   1 -2  0 -9 
252 214  -1 -3  0 -9 
252 215   1 -4  1 -6  0 -9 
252 222  -1 -1  0 -9 
252 223   1 -2  0 -9 
252 224  -1 -3  0 -9 
252 236   1 -2  0 -9 
252 238  -1 -3  0 -9 
252 240   1 -2  0 -9 
252 242   1 -2  0 -9 
252 245   1 -2  0 -9 
252 247  -1 -1  0 -9 
252 248   1 -2 -1 -4  0 -9 
252 249  -1 -3  0 -9 
252 252   1  0  0 -9 
252 253  -1 -1  0 -9 
252 254   1 -2  0 -9 
252 255   1 -2  0 -9 
253 224   1 -6  0 -9 
253 238   1 -6  0 -9 
253 240  -1 -5  0 -9 
253 248  -1 -5  0 -9 
253 249   1 -6  0 -9 
253 254  -1 -5  0 -9 
253 255   1 -3  0 -9 
254 224   1 -7  0 -9 
254 249   1 -7  0 -9 
254 254  -1 -6  0 -9 
255 238   1 -5  0 -9 
255 240  -1 -4  0 -9 
255 248  -1 -4  0 -9 
255 249   1 -5  0 -9 
255 253   1 -3  0 -9 
255 254  -1 -4  0 -9 
256 187  -1 -2  0 -9 
256 191   1 -3  0 -9 
256 195  -1  0 -1 -2  0 -9 
256 204  -1 -2  0 -9 
256 210  -1  0  0 -9 
256 211  -1 -3  0 -9 
256 212   1 -1  0 -9 
256 215   1 -4  0 -9 
256 217   1 -1  0 -9 
256 221  -1  0  0 -9 
256 224  -1 -3  0 -9 
256 226  -1  0  0 -9 
256 228   1  1  0 -9 
256 229  -1  0  0 -9 
256 230   1 -1  0 -9 
256 235   1 -1  0 -9 
256 245   1 -2  0 -9 
256 246  -1  0  0 -9 
256 249  -1 -3  0 -9 
256 251   1  1  0 -9 
256 254   1 -2  0 -9 
256 256  -1  2  0 -9 
256 257   1  1  0 -9 
256 258  -1  0  0 -9 
257 211  -1 -4  0 -9 
257 215   1 -5  0 -9 
257 229  -1 -1  0 -9 
257 230   1 -2  0 -9 
257 232  -1 -3  0 -9 
257 245   1 -3  0 -9 
257 249  -1 -4  0 -9 
257 257   1  0  0 -9 
257 258  -1 -1  0 -9 
257 259   1 -2  0 -9 
258 224   1 -5  0 -9 
258 232  -1 -4  0 -9 
258 254  -1 -4  0 -9 
258 259   1 -3  0 -9 
259 224   1 -6  0 -9 
259 232  -1 -5  0 -9 
259 249   1 -6  0 -9 
259 254  -1 -5  0 -9 
259 258   1 -3  0 -9 
260 147   1 -2  0 -9 
260 148  -1 -3  0 -9 
260 169   1  1  0 -9 
260 170  -1  0  0 -9 
260 171   1 -2  0 -9 
260 172  -1 -3  0 -9 
260 173   1 -1  0 -9 
260 174   1 -4  0 -9 
260 188  -1 -3  0 -9 
260 189  -1  0  0 -9 
260 191  -1 -3  0 -9 
260 192   1 -2  0 -9 
260 193   1  1  0 -9 
260 194  -1  0  0 -9 
260 195   1 -2  0 -9 
260 196  -1 -3  0 -9 
260 197   1 -1  0 -9 
260 198   1 -4  0 -9 
260 237  -1  0  0 -9 
260 242  -1  0  0 -9 
260 245  -1  0 -1 -2  0 -9 
260 247   1 -1  0 -9 
260 248  -1 -2  0 -9 
260 249   1 -3  0 -9 
260 260  -1  2  0 -9 
260 261  -1  0  0 -9 
260 262   1  1  0 -9 
260 263   1 -1  0 -9 
260 264   1  1  0 -9 
260 266  -1  0  0 -9 
260 267   1 -1  0 -9 
260 268  -1 -2  0 -9 
261 171  -1 -4  0 -9 
261 195  -1 -4  0 -9 
261 263  -1 -5  0 -9 
261 265   1 -3  0 -9 
261 268   1 -6  0 -9 
262 172  -1 -4  0 -9 
262 174   1 -5  0 -9 
262 188  -1 -4  0 -9 
262 191  -1 -4  0 -9 
262 192   1 -3  0 -9 
262 196  -1 -4  0 -9 
262 198   1 -5  0 -9 
262 242  -1 -1  0 -9 
262 245  -1 -1 -1 -3 -1 -5  0 -9 
262 247   1 -2  0 -9 
262 248  -1 -3  0 -9 
262 249   1 -4  1 -6  0 -9 
262 261  -1 -1  0 -9 
262 262   1  0  0 -9 
262 263   1 -2  0 -9 
262 265   1 -2  0 -9 
262 266  -1 -1  0 -9 
262 267   1 -2  0 -9 
262 268  -1 -3  0 -9 
263 263  -1 -6  0 -9 
263 268   1 -7  0 -9 
264 168  -1 -3  0 -9 
264 170  -1 -1  0 -9 
264 172   1 -2 -1 -4  0 -9 
264 173   1 -2  0 -9 
264 174   1 -5  0 -9 
264 186  -1 -3  0 -9 
264 194  -1 -1  0 -9 
264 196   1 -2 -1 -4  0 -9 
264 197   1 -2  0 -9 
264 198   1 -5  0 -9 
264 234   1 -2  0 -9 
264 236  -1 -3  0 -9 
264 237  -1 -1  0 -9 
264 242  -1 -1  0 -9 
264 245  -1 -3  0 -9 
264 247   1 -2  0 -9 
264 248  -1 -3  0 -9 
264 249   1 -4  0 -9 
264 264   1  0  0 -9 
264 266  -1 -1  0 -9 
264 267   1 -2  0 -9 
264 268  -1 -3  0 -9 
265 171  -1 -5  0 -9 
265 191   1 -6  0 -9 
265 195  -1 -5  0 -9 
265 261   1 -3  0 -9 
265 263  -1 -4  0 -9 
266 172  -1 -5  0 -9 
266 174   1 -6  0 -9 
266 196  -1 -5  0 -9 
266 198   1 -6  0 -9 
266 245  -1 -4  0 -9 
266 248  -1 -4  0 -9 
266 249   1 -5  0 -9 
266 267   1 -3  0 -9 
266 268  -1 -4  0 -9 
267 172  -1 -4  0 -9 
267 196  -1 -4  0 -9 
267 238   1 -6  0 -9 
267 245  -1 -5  0 -9 
267 248  -1 -5  0 -9 
267 249   1 -6  0 -9 
267 266   1 -3  0 -9 
267 268   1 -7  0 -9 
268 268   1 -8  0 -9 
269 170  -1  0  0 -9 
269 172   1 -1  0 -9 
269 186  -1 -2  0 -9 
269 194  -1  0  0 -9 
269 196  -1 -3  0 -9 
269 197   1 -1  0 -9 
269 198   1 -4  0 -9 
269 234   1 -1  0 -9 
269 237  -1  0  0 -9 
269 238  -1 -3  0 -9 
269 239   1  1  0 -9 
269 240   1 -2  0 -9 
269 242  -1  0  0 -9 
269 264   1  1  0 -9 
269 266  -1  0  0 -9 
269 267   1 -1  0 -9 
269 268  -1 -2  0 -9 
269 269  -1  2  0 -9 
269 271   1  1  0 -9 
269 272  -1  0  0 -9 
269 273   1 -1  0 -9 
270 171   1 -2  0 -9 
270 191   1 -5  0 -9 
270 195  -1 -4  0 -9 
270 261   1 -2  0 -9 
270 265  -1 -1  0 -9 
270 268  -1 -4  0 -9 
270 270   1  0  0 -9 
270 273   1 -3  0 -9 
271 172   1 -2  0 -9 
271 174  -1 -3  0 -9 
271 196  -1 -4  0 -9 
271 198   1 -5  0 -9 
271 248  -1 -3  0 -9 
271 266  -1 -1  0 -9 
271 267   1 -2  0 -9 
271 268  -1 -3  0 -9 
271 271   1  0  0 -9 
271 272  -1 -1  0 -9 
271 273   1 -2  0 -9 
271 274   1 -2  0 -9 
272 174  -1 -4  0 -9 
272 238   1 -5  0 -9 
272 240  -1 -4  0 -9 
272 248  -1 -4  0 -9 
272 268   1 -6  0 -9 
272 273  -1 -5  0 -9 
272 274   1 -3  0 -9 
273 268   1 -7  0 -9 
273 273  -1 -6  0 -9 
274 174   1 -7  0 -9 
274 238   1 -6  0 -9 
274 240  -1 -5  0 -9 
274 248  -1 -5  0 -9 
274 249   1 -6  0 -9 
274 272   1 -3  0 -9 
274 273  -1 -4  0 -9 
275 171   1 -1  0 -9 
275 191   1 -4  0 -9 
275 195  -1 -3  0 -9 
275 204  -1 -3  0 -9 
275 206   1 -4  0 -9 
275 217   1 -2  0 -9 
275 219  -1 -3  0 -9 
275 221   1  1  0 -9 
275 231  -1  0  0 -9 
275 232   1 -1  0 -9 
275 263   1 -2  0 -9 
275 265  -1  0  0 -9 
275 268  -1 -3  0 -9 
275 270   1  1  0 -9 
275 273   1 -2  0 -9 
275 275  -1  2  0 -9 
275 277   1  1  0 -9 
275 278  -1  0  0 -9 
276 172   1 -1  0 -9 
276 174  -1 -2  0 -9 
276 196  -1 -3  0 -9 
276 198   1 -4  0 -9 
276 211  -1 -3  0 -9 
276 214  -1 -3  0 -9 
276 215   1 -4  0 -9 
276 222   1  1  0 -9 
276 223   1 -2  0 -9 
276 224  -1 -3  0 -9 
276 229  -1  0  0 -9 
276 245   1 -2  0 -9 
276 249  -1 -3  0 -9 
276 255  -1  0  0 -9 
276 257   1  1  0 -9 
276 258  -1  0  0 -9 
276 259   1 -1  0 -9 
276 266  -1  0  0 -9 
276 271   1  1  0 -9 
276 272  -1  0  0 -9 
276 273   1 -1  0 -9 
276 274   1 -1  0 -9 
276 276  -1  2  0 -9 
276 279   1  1  0 -9 
276 280  -1  0  0 -9 
277 206   1 -5  0 -9 
277 219  -1 -4  0 -9 
277 224   1 -5  0 -9 
277 226   1 -2  0 -9 
277 231  -1 -1  0 -9 
277 232   1 -2 -1 -4  0 -9 
277 263   1 -3  0 -9 
277 268  -1 -4  0 -9 
277 277   1  0  0 -9 
277 278  -1 -1  0 -9 
277 280   1 -2  0 -9 
278 224   1 -6  0 -9 
278 232  -1 -5  0 -9 
278 273  -1 -4  0 -9 
278 280   1 -3  0 -9 
279 174  -1 -3  0 -9 
279 232  -1 -3  0 -9 
279 238   1 -4  0 -9 
279 240  -1 -3  0 -9 
279 248  -1 -3  0 -9 
279 253   1 -2  0 -9 
279 254  -1 -3  0 -9 
279 255  -1 -1  0 -9 
279 258  -1 -1  0 -9 
279 259   1 -2  0 -9 
279 268   1 -5  0 -9 
279 272  -1 -1  0 -9 
279 273   1 -2 -1 -4  0 -9 
279 274   1 -2  0 -9 
279 278   1 -2  0 -9 
279 279   1  0  0 -9 
279 280  -1 -1  0 -9 
280 232  -1 -4  0 -9 
280 268   1 -6  0 -9 
280 273  -1 -5  0 -9 
280 278   1 -3  0 -9 
281 281  -1 -6  0 -9 
281 282   1 -7  0 -9 
282 282   1 -8  0 -9 
283 282   1 -7  0 -9 
283 283  -1 -6  0 -9 
284 281   1 -3  0 -9 
284 282  -1 -4  0 -9 
284 284   1  0  0 -9 
284 285  -1 -1  0 -9 
284 286   1 -3  0 -9 
284 287  -1 -4  0 -9 
284 288   1 -2  0 -9 
284 289   1 -5  0 -9 
285 283  -1 -4  0 -9 
285 287  -1 -5  0 -9 
285 288   1 -3  0 -9 
285 289   1 -6  0 -9 
286 286  -1 -6  0 -9 
287 287  -1 -6  0 -9 
287 289   1 -7  0 -9 
288 282   1 -6  0 -9 
288 283  -1 -5  0 -9 
288 285   1 -3  0 -9 
288 287  -1 -4  0 -9 
289 289   1 -8  0 -9 
290 290  -1 -6  0 -9 
291 282   1 -5  0 -9 
291 283  -1 -4  0 -9 
291 285   1 -2  0 -9 
291 288  -1 -1  0 -9 
291 289  -1 -4  0 -9 
291 290   1 -3  0 -9 
291 291   1  0  0 -9 
291 292   1 -3  0 -9 
292 289   1 -7  0 -9 
292 292  -1 -6  0 -9 
293 293  -1 -6  0 -9 
294 34   1 -5  0 -9 
294 35  -1 -4  0 -9 
294 37   1 -2  0 -9 
294 40  -1 -1  0 -9 
294 41  -1 -4  0 -9 
294 293   1 -3  0 -9 
294 294   1  0  0 -9 
294 295   1 -3  0 -9 
295 41   1 -7  0 -9 
295 295  -1 -6  0 -9 
296 296  -1 -6  0 -9 
296 297   1 -7  0 -9 
297 297   1 -8  0 -9 
298 297   1 -7  0 -9 
298 298  -1 -6  0 -9 
299 296  -1 -4  0 -9 
299 297   1 -5  0 -9 
299 300  -1 -5  0 -9 
299 301   1 -3  0 -9 
299 302  -1 -4  0 -9 
299 303   1 -6  0 -9 
300 300  -1 -6  0 -9 
300 303   1 -7  0 -9 
301 296  -1 -5  0 -9 
301 297   1 -6  0 -9 
301 299   1 -3  0 -9 
301 300  -1 -4  0 -9 
301 302  -1 -5  0 -9 
301 304   1 -6  0 -9 
302 297   1 -7  0 -9 
302 302  -1 -6  0 -9 
302 304   1 -7  0 -9 
303 303   1 -8  0 -9 
304 304   1 -8  0 -9 
305 296   1 -2  0 -9 
305 297  -1 -3  0 -9 
305 298   1 -2  0 -9 
305 299   1 -2  0 -9 
305 301  -1 -1  0 -9 
305 302   1 -2 -1 -4  0 -9 
305 303  -1 -4  0 -9 
305 304   1 -5  0 -9 
305 305   1  0  0 -9 
305 306  -1 -1  0 -9 
305 307   1 -3  0 -9 
305 308  -1 -4  0 -9 
305 309   1 -2  0 -9 
305 310   1 -5  0 -9 
306 297   1 -6  0 -9 
306 298  -1 -5  0 -9 
306 302  -1 -5  0 -9 
306 304   1 -6  0 -9 
306 308  -1 -5  0 -9 
306 309   1 -3  0 -9 
306 310   1 -6  0 -9 
307 303   1 -7  0 -9 
307 307  -1 -6  0 -9 
308 304   1 -7  0 -9 
308 308  -1 -6  0 -9 
308 310   1 -7  0 -9 
309 297   1 -5  0 -9 
309 298  -1 -4  0 -9 
309 302  -1 -4  0 -9 
309 304   1 -5  0 -9 
309 306   1 -3  0 -9 
309 308  -1 -4  0 -9 
310 310   1 -8  0 -9 
311 296   1 -1  0 -9 
311 297  -1 -2  0 -9 
311 298   1 -1  0 -9 
311 300   1 -2  0 -9 
311 301  -1  0  0 -9 
311 302   1 -1  0 -9 
311 303  -1 -3  0 -9 
311 305   1  1  0 -9 
311 306  -1  0  0 -9 
311 307   1 -2  0 -9 
311 308  -1 -3  0 -9 
311 310   1 -4  0 -9 
311 311  -1  2  0 -9 
311 312   1  1  0 -9 
311 313   1  1  0 -9 
311 314  -1  0  0 -9 
311 315  -1 -3  0 -9 
311 317   1 -2  0 -9 
311 318  -1 -3  0 -9 
311 319   1 -4  0 -9 
312 308  -1 -4  0 -9 
312 310   1 -5  0 -9 
312 315  -1 -4  0 -9 
312 317   1 -3  0 -9 
312 318  -1 -4  0 -9 
312 319   1 -5  0 -9 
313 300   1 -3  0 -9 
313 303  -1 -4  0 -9 
313 313   1  0  0 -9 
313 314  -1 -1  0 -9 
313 315  -1 -4  0 -9 
313 316   1 -2  0 -9 
313 319   1 -5  0 -9 
314 307  -1 -4  0 -9 
314 315  -1 -5  0 -9 
314 316   1 -3  0 -9 
314 319   1 -6  0 -9 
315 315  -1 -6  0 -9 
315 319   1 -7  0 -9 
316 303   1 -6  0 -9 
316 307  -1 -5  0 -9 
316 314   1 -3  0 -9 
316 315  -1 -4  0 -9 
317 304   1 -6  0 -9 
317 308  -1 -5  0 -9 
317 310   1 -6  0 -9 
317 312   1 -3  0 -9 
317 315  -1 -5  0 -9 
317 318  -1 -5  0 -9 
317 319   1 -6  0 -9 
318 310   1 -7  0 -9 
318 318  -1 -6  0 -9 
318 319   1 -7  0 -9 
319 319   1 -8  0 -9 
320 296   1 -3  0 -9 
320 297  -1 -4  0 -9 
320 320   1  0  0 -9 
320 321  -1 -1  0 -9 
320 322   1 -3  0 -9 
320 323  -1 -4  0 -9 
320 324   1 -2  0 -9 
320 325   1 -5  0 -9 
321 290  -1 -4  0 -9 
321 298  -1 -4  0 -9 
321 323  -1 -5  0 -9 
321 324   1 -3  0 -9 
321 325   1 -6  0 -9 
322 322  -1 -6  0 -9 
323 323  -1 -6  0 -9 
323 325   1 -7  0 -9 
324 290  -1 -5  0 -9 
324 297   1 -6  0 -9 
324 298  -1 -5  0 -9 
324 321   1 -3  0 -9 
324 323  -1 -4  0 -9 
325 325   1 -8  0 -9 
326 290   1 -2  0 -9 
326 297   1 -5  0 -9 
326 298  -1 -4  0 -9 
326 321   1 -2  0 -9 
326 324  -1 -1  0 -9 
326 325  -1 -4  0 -9 
326 326   1  0  0 -9 
326 327   1 -3  0 -9 
327 325   1 -7  0 -9 
327 327  -1 -6  0 -9 
328 290   1 -1  0 -9 
328 297   1 -4  0 -9 
328 298  -1 -3  0 -9 
328 302  -1 -3  0 -9 
328 304   1 -4  0 -9 
328 306   1 -2  0 -9 
328 308  -1 -3  0 -9 
328 309   1  1  0 -9 
328 315   1 -1  0 -9 
328 317  -1  0  0 -9 
328 318   1 -1  0 -9 
328 319  -1 -2  0 -9 
328 323   1 -2  0 -9 
328 324  -1  0  0 -9 
328 325  -1 -3  0 -9 
328 326   1  1  0 -9 
328 327   1 -2  0 -9 
328 328  -1  2  0 -9 
328 330   1  1  0 -9 
328 331  -1  0  0 -9 
328 332   1 -1  0 -9 
329 303   1 -5  0 -9 
329 307  -1 -4  0 -9 
329 314   1 -2  0 -9 
329 316  -1 -1  0 -9 
329 319  -1 -4  0 -9 
329 322   1 -3  0 -9 
329 329   1  0  0 -9 
329 332   1 -3  0 -9 
330 304   1 -5  0 -9 
330 308  -1 -4  0 -9 
330 310   1 -5  0 -9 
330 312   1 -2  0 -9 
330 315   1 -2  0 -9 
330 317  -1 -1  0 -9 
330 318   1 -2 -1 -4  0 -9 
330 319  -1 -3  0 -9 
330 323   1 -3  0 -9 
330 325  -1 -4  0 -9 
330 330   1  0  0 -9 
330 331  -1 -1  0 -9 
330 332   1 -2  0 -9 
330 333   1 -2  0 -9 
331 310   1 -6  0 -9 
331 318  -1 -5  0 -9 
331 319   1 -6  0 -9 
331 327  -1 -4  0 -9 
331 332  -1 -5  0 -9 
331 333   1 -3  0 -9 
332 319   1 -7  0 -9 
332 332  -1 -6  0 -9 
333 318  -1 -4  0 -9 
333 319   1 -5  0 -9 
333 325   1 -6  0 -9 
333 327  -1 -5  0 -9 
333 331   1 -3  0 -9 
333 332  -1 -4  0 -9 
334 334  -1 -6  0 -9 
335 109   1 -3  0 -9 
335 110  -1 -4  0 -9 
335 335   1  0  0 -9 
335 336  -1 -1  0 -9 
335 337   1 -3  0 -9 
335 338  -1 -4  0 -9 
335 339   1 -2  0 -9 
335 340   1 -5  0 -9 
336 111  -1 -4  0 -9 
336 293  -1 -4  0 -9 
336 334  -1 -4  0 -9 
336 338  -1 -5  0 -9 
336 339   1 -3  0 -9 
336 340   1 -6  0 -9 
337 337  -1 -6  0 -9 
338 338  -1 -6  0 -9 
338 340   1 -7  0 -9 
339 110   1 -6  0 -9 
339 111  -1 -5  0 -9 
339 293  -1 -5  0 -9 
339 334  -1 -5  0 -9 
339 336   1 -3  0 -9 
339 338  -1 -4  0 -9 
340 340   1 -8  0 -9 
341 110   1 -5  0 -9 
341 111  -1 -4  0 -9 
341 293   1 -2  0 -9 
341 334   1 -2  0 -9 
341 336   1 -2  0 -9 
341 339  -1 -1  0 -9 
341 340  -1 -4  0 -9 
341 341   1  0  0 -9 
341 342   1 -3  0 -9 
342 340   1 -7  0 -9 
342 342  -1 -6  0 -9 
343 110   1 -4  0 -9 
343 111  -1 -3  0 -9 
343 115  -1 -3  0 -9 
343 117   1 -4  0 -9 
343 119   1 -2  0 -9 
343 121  -1 -3  0 -9 
343 122   1  1  0 -9 
343 128   1 -1  0 -9 
343 130  -1  0  0 -9 
343 131   1 -1  0 -9 
343 132  -1 -2  0 -9 
343 293   1 -1  0 -9 
343 334   1 -1  0 -9 
343 338   1 -2  0 -9 
343 339  -1  0  0 -9 
343 340  -1 -3  0 -9 
343 341   1  1  0 -9 
343 342   1 -2  0 -9 
343 343  -1  2  0 -9 
343 345   1  1  0 -9 
343 346  -1  0  0 -9 
343 347   1 -1  0 -9 
344 116   1 -5  0 -9 
344 120  -1 -4  0 -9 
344 127   1 -2  0 -9 
344 129  -1 -1  0 -9 
344 132  -1 -4  0 -9 
344 337   1 -3  0 -9 
344 344   1  0  0 -9 
344 347   1 -3  0 -9 
345 117   1 -5  0 -9 
345 121  -1 -4  0 -9 
345 123   1 -5  0 -9 
345 125   1 -2  0 -9 
345 128   1 -2  0 -9 
345 130  -1 -1  0 -9 
345 131   1 -2 -1 -4  0 -9 
345 132  -1 -3  0 -9 
345 338   1 -3  0 -9 
345 340  -1 -4  0 -9 
345 345   1  0  0 -9 
345 346  -1 -1  0 -9 
345 347   1 -2  0 -9 
345 348   1 -2  0 -9 
346 123   1 -6  0 -9 
346 131  -1 -5  0 -9 
346 132   1 -6  0 -9 
346 342  -1 -4  0 -9 
346 347  -1 -5  0 -9 
346 348   1 -3  0 -9 
347 132   1 -7  0 -9 
347 347  -1 -6  0 -9 
348 131  -1 -4  0 -9 
348 132   1 -5  0 -9 
348 340   1 -6  0 -9 
348 342  -1 -5  0 -9 
348 346   1 -3  0 -9 
348 347  -1 -4  0 -9 
349 148   1 -5  0 -9 
349 168  -1 -4  0 -9 
349 170   1 -2  0 -9 
349 173  -1 -1  0 -9 
349 174  -1 -4  0 -9 
349 334   1 -3  0 -9 
349 349   1  0  0 -9 
349 350   1 -3  0 -9 
350 174   1 -7  0 -9 
350 350  -1 -6  0 -9 
351 41  -1 -4  0 -9 
351 131  -1 -3  0 -9 
351 167   1 -5  0 -9 
351 174  -1 -4  0 -9 
351 180  -1 -1  0 -9 
351 181  -1 -4  0 -9 
351 182   1 -2  0 -9 
351 295   1 -3  0 -9 
351 340   1 -5  0 -9 
351 342  -1 -4  0 -9 
351 346   1 -2  0 -9 
351 348  -1 -1  0 -9 
351 350   1 -3  0 -9 
351 351   1  0  0 -9 
352 334   1 -2  0 -9 
352 352   1  0  0 -9 
352 353  -1 -1  0 -9 
352 354   1 -3  0 -9 
352 355  -1 -4  0 -9 
352 356   1 -2  0 -9 
352 357   1 -5  0 -9 
353 334  -1 -5  0 -9 
353 355  -1 -5  0 -9 
353 356   1 -3  0 -9 
353 357   1 -6  0 -9 
354 354  -1 -6  0 -9 
355 355  -1 -6  0 -9 
355 357   1 -7  0 -9 
356 334  -1 -4  0 -9 
356 353   1 -3  0 -9 
356 355  -1 -4  0 -9 
357 357   1 -8  0 -9 
358 353   1 -2  0 -9 
358 356  -1 -1  0 -9 
358 357  -1 -4  0 -9 
358 358   1  0  0 -9 
358 359   1 -3  0 -9 
359 357   1 -7  0 -9 
359 359  -1 -6  0 -9 
360 334   1 -1  0 -9 
360 352   1  1  0 -9 
360 353  -1  0  0 -9 
360 354   1 -2  0 -9 
360 355  -1 -3  0 -9 
360 357   1 -4  0 -9 
360 360  -1  2  0 -9 
360 361   1  1  0 -9 
360 362   1  1  0 -9 
360 363  -1  0  0 -9 
360 364  -1 -3  0 -9 
360 366   1 -2  0 -9 
360 367  -1 -3  0 -9 
360 368   1 -4  0 -9 
361 355  -1 -4  0 -9 
361 357   1 -5  0 -9 
361 364  -1 -4  0 -9 
361 366   1 -3  0 -9 
361 367  -1 -4  0 -9 
361 368   1 -5  0 -9 
362 362   1  0  0 -9 
362 363  -1 -1  0 -9 
362 364  -1 -4  0 -9 
362 365   1 -2  0 -9 
362 368   1 -5  0 -9 
363 354  -1 -4  0 -9 
363 364  -1 -5  0 -9 
363 365   1 -3  0 -9 
363 368   1 -6  0 -9 
364 364  -1 -6  0 -9 
364 368   1 -7  0 -9 
365 354  -1 -5  0 -9 
365 363   1 -3  0 -9 
365 364  -1 -4  0 -9 
366 355  -1 -5  0 -9 
366 357   1 -6  0 -9 
366 361   1 -3  0 -9 
366 364  -1 -5  0 -9 
366 367  -1 -5  0 -9 
366 368   1 -6  0 -9 
367 357   1 -7  0 -9 
367 367  -1 -6  0 -9 
367 368   1 -7  0 -9 
368 368   1 -8  0 -9 
369 355   1 -1  0 -9 
369 357  -1 -2  0 -9 
369 359   1 -1  0 -9 
369 364   1 -1  0 -9 
369 366  -1  0  0 -9 
369 367   1 -1  0 -9 
369 368  -1 -2  0 -9 
369 369  -1  2  0 -9 
369 371   1  1  0 -9 
369 372  -1  0  0 -9 
369 373   1 -1  0 -9 
370 354   1 -2  0 -9 
370 363   1 -2  0 -9 
370 365  -1 -1  0 -9 
370 368  -1 -4  0 -9 
370 370   1  0  0 -9 
370 373   1 -3  0 -9 
371 355   1 -2  0 -9 
371 357  -1 -3  0 -9 
371 359   1 -2  0 -9 
371 361   1 -2  0 -9 
371 364   1 -2  0 -9 
371 366  -1 -1  0 -9 
371 367   1 -2 -1 -4  0 -9 
371 368  -1 -3  0 -9 
371 371   1  0  0 -9 
371 372  -1 -1  0 -9 
371 373   1 -2  0 -9 
371 374   1 -2  0 -9 
372 357   1 -6  0 -9 
372 359  -1 -5  0 -9 
372 367  -1 -5  0 -9 
372 368   1 -6  0 -9 
372 373  -1 -5  0 -9 
372 374   1 -3  0 -9 
373 368   1 -7  0 -9 
373 373  -1 -6  0 -9 
374 357   1 -5  0 -9 
374 359  -1 -4  0 -9 
374 367  -1 -4  0 -9 
374 368   1 -5  0 -9 
374 372   1 -3  0 -9 
374 373  -1 -4  0 -9 
375 354   1 -1  0 -9 
375 364   1 -2  0 -9 
375 365  -1  0  0 -9 
375 368  -1 -3  0 -9 
375 370   1  1  0 -9 
375 373   1 -2  0 -9 
375 375  -1  2  0 -9 
375 376   1  1  0 -9 
375 377  -1  0  0 -9 
376 364   1 -3  0 -9 
376 368  -1 -4  0 -9 
376 376   1  0  0 -9 
376 377  -1 -1  0 -9 
376 378   1 -2  0 -9 
377 373  -1 -4  0 -9 
377 378   1 -3  0 -9 
378 368   1 -6  0 -9 
378 373  -1 -5  0 -9 
378 377   1 -3  0 -9 
379 148   1 -4  0 -9 
379 168  -1 -3  0 -9 
379 172   1 -2  0 -9 
379 173  -1  0  0 -9 
379 174  -1 -3  0 -9 
379 186  -1 -3  0 -9 
379 188   1 -4  0 -9 
379 234   1 -2  0 -9 
379 236  -1 -3  0 -9 
379 237   1  1  0 -9 
379 245   1 -1  0 -9 
379 247  -1  0  0 -9 
379 248   1 -1  0 -9 
379 249  -1 -2  0 -9 
379 334   1 -2  0 -9 
379 349   1  1  0 -9 
379 350   1 -2  0 -9 
379 355   1 -2  0 -9 
379 356  -1  0  0 -9 
379 357  -1 -3  0 -9 
379 358   1  1  0 -9 
379 359   1 -2  0 -9 
379 379  -1  2  0 -9 
379 381   1  1  0 -9 
379 382  -1  0  0 -9 
379 383   1 -1  0 -9 
380 171   1 -3  0 -9 
380 187   1 -5  0 -9 
380 235  -1 -4  0 -9 
380 244   1 -2  0 -9 
380 246  -1 -1  0 -9 
380 249  -1 -4  0 -9 
380 354   1 -3  0 -9 
380 380   1  0  0 -9 
380 383   1 -3  0 -9 
381 172   1 -3  0 -9 
381 174  -1 -4  0 -9 
381 188   1 -5  0 -9 
381 236  -1 -4  0 -9 
381 238   1 -5  0 -9 
381 242   1 -2  0 -9 
381 245   1 -2  0 -9 
381 247  -1 -1  0 -9 
381 248   1 -2 -1 -4  0 -9 
381 249  -1 -3  0 -9 
381 355   1 -3  0 -9 
381 357  -1 -4  0 -9 
381 381   1  0  0 -9 
381 382  -1 -1  0 -9 
381 383   1 -2  0 -9 
381 384   1 -2  0 -9 
382 238   1 -6  0 -9 
382 248  -1 -5  0 -9 
382 249   1 -6  0 -9 
382 350  -1 -4  0 -9 
382 359  -1 -4  0 -9 
382 383  -1 -5  0 -9 
382 384   1 -3  0 -9 
383 249   1 -7  0 -9 
383 383  -1 -6  0 -9 
384 174   1 -6  0 -9 
384 248  -1 -4  0 -9 
384 249   1 -5  0 -9 
384 350  -1 -5  0 -9 
384 357   1 -6  0 -9 
384 359  -1 -5  0 -9 
384 382   1 -3  0 -9 
384 383  -1 -4  0 -9 
385 174  -1 -3  0 -9 
385 248  -1 -3  0 -9 
385 268   1 -5  0 -9 
385 272  -1 -1  0 -9 
385 273  -1 -4  0 -9 
385 274   1 -2  0 -9 
385 350   1 -2  0 -9 
385 357   1 -5  0 -9 
385 359  -1 -4  0 -9 
385 382   1 -2  0 -9 
385 384  -1 -1  0 -9 
385 385   1  0  0 -9 
386 174  -1 -2  0 -9 
386 232  -1 -2  0 -9 
386 249  -1 -3  0 -9 
386 255  -1  0  0 -9 
386 258  -1  0  0 -9 
386 259   1 -1  0 -9 
386 268   1 -4  0 -9 
386 272  -1  0  0 -9 
386 273  -1 -3  0 -9 
386 274   1 -1  0 -9 
386 278   1 -1  0 -9 
386 279   1  1  0 -9 
386 280  -1  0  0 -9 
386 350   1 -1  0 -9 
386 357   1 -4  0 -9 
386 359  -1 -3  0 -9 
386 367  -1 -3  0 -9 
386 368   1 -4  0 -9 
386 372   1 -2  0 -9 
386 373  -1 -3  0 -9 
386 374   1  1  0 -9 
386 378  -1  0  0 -9 
386 383   1 -2  0 -9 
386 384  -1  0  0 -9 
386 385   1  1  0 -9 
386 386  -1  2  0 -9 
386 387   1  1  0 -9 
387 232  -1 -3  0 -9 
387 249  -1 -4  0 -9 
387 258  -1 -1  0 -9 
387 259   1 -2  0 -9 
387 268   1 -5  0 -9 
387 273  -1 -4  0 -9 
387 278   1 -2  0 -9 
387 280  -1 -1  0 -9 
387 368   1 -5  0 -9 
387 373  -1 -4  0 -9 
387 377   1 -2  0 -9 
387 378  -1 -1  0 -9 
387 383   1 -3  0 -9 
387 387   1  0  0 -9 
388 388  -1 -6  0 -9 
388 389   1 -7  0 -9 
389 389   1 -8  0 -9 
390 302  -1 -4  0 -9 
390 304   1 -5  0 -9 
390 388  -1 -5  0 -9 
390 389   1 -6  0 -9 
390 391   1 -3  0 -9 
390 393  -1 -4  0 -9 
391 297   1 -6  0 -9 
391 302  -1 -5  0 -9 
391 304   1 -6  0 -9 
391 388  -1 -4  0 -9 
391 390   1 -3  0 -9 
391 392   1 -6  0 -9 
391 393  -1 -5  0 -9 
392 392   1 -8  0 -9 
393 304   1 -7  0 -9 
393 392   1 -7  0 -9 
393 393  -1 -6  0 -9 
394 302  -1 -3  0 -9 
394 388   1 -2  0 -9 
394 389  -1 -3  0 -9 
394 390  -1 -1  0 -9 
394 391   1 -2  0 -9 
394 392  -1 -4  0 -9 
394 394   1  0  0 -9 
394 395  -1 -1  0 -9 
394 396   1 -3  0 -9 
394 397  -1 -4  0 -9 
394 398   1 -2  0 -9 
394 399   1 -5  0 -9 
395 297   1 -5  0 -9 
395 298  -1 -4  0 -9 
395 302  -1 -4  0 -9 
395 389  -1 -4  0 -9 
395 397  -1 -5  0 -9 
395 398   1 -3  0 -9 
395 399   1 -6  0 -9 
396 392   1 -7  0 -9 
396 396  -1 -6  0 -9 
397 397  -1 -6  0 -9 
397 399   1 -7  0 -9 
398 297   1 -6  0 -9 
398 298  -1 -5  0 -9 
398 302  -1 -5  0 -9 
398 304   1 -6  0 -9 
398 389   1 -7  0 -9 
398 395   1 -3  0 -9 
398 397  -1 -4  0 -9 
399 399   1 -8  0 -9 
400 304  -1 -3  0 -9 
400 309  -1  0  0 -9 
400 312  -1  0  0 -9 
400 315  -1  0 -1 -2  0 -9 
400 317   1 -1  0 -9 
400 318  -1 -2  0 -9 
400 319   1 -3  0 -9 
400 388   1 -1  0 -9 
400 389  -1 -2  0 -9 
400 390  -1  0  0 -9 
400 392  -1 -3  0 -9 
400 393   1 -2  0 -9 
400 394   1  1  0 -9 
400 395  -1  0  0 -9 
400 396   1 -2  0 -9 
400 397  -1 -3  0 -9 
400 398   1 -1  0 -9 
400 399   1 -4  0 -9 
400 400  -1  2  0 -9 
400 401  -1  0  0 -9 
400 402   1  1  0 -9 
400 403   1 -1  0 -9 
400 404   1  1  0 -9 
400 406  -1  0  0 -9 
400 407   1 -1  0 -9 
400 408  -1 -2  0 -9 
401 396  -1 -4  0 -9 
401 403  -1 -5  0 -9 
401 405   1 -3  0 -9 
401 408   1 -6  0 -9 
402 304  -1 -4  0 -9 
402 312  -1 -1  0 -9 
402 315  -1 -1 -1 -3 -1 -5  0 -9 
402 317   1 -2  0 -9 
402 318  -1 -3  0 -9 
402 319   1 -4  1 -6  0 -9 
402 392  -1 -4  0 -9 
402 393   1 -3  0 -9 
402 397  -1 -4  0 -9 
402 399   1 -5  0 -9 
402 401  -1 -1  0 -9 
402 402   1  0  0 -9 
402 403   1 -2  0 -9 
402 405   1 -2  0 -9 
402 406  -1 -1  0 -9 
402 407   1 -2  0 -9 
402 408  -1 -3  0 -9 
403 403  -1 -6  0 -9 
403 408   1 -7  0 -9 
404 297   1 -4  0 -9 
404 298  -1 -3  0 -9 
404 302  -1 -3  0 -9 
404 306   1 -2  0 -9 
404 308  -1 -3  0 -9 
404 309  -1 -1  0 -9 
404 312  -1 -1  0 -9 
404 315  -1 -3  0 -9 
404 317   1 -2  0 -9 
404 318  -1 -3  0 -9 
404 319   1 -4  0 -9 
404 389  -1 -3  0 -9 
404 395  -1 -1  0 -9 
404 397   1 -2 -1 -4  0 -9 
404 398   1 -2  0 -9 
404 399   1 -5  0 -9 
404 404   1  0  0 -9 
404 406  -1 -1  0 -9 
404 407   1 -2  0 -9 
404 408  -1 -3  0 -9 
405 392   1 -6  0 -9 
405 396  -1 -5  0 -9 
405 401   1 -3  0 -9 
405 403  -1 -4  0 -9 
406 315  -1 -4  0 -9 
406 318  -1 -4  0 -9 
406 319   1 -5  0 -9 
406 397  -1 -5  0 -9 
406 399   1 -6  0 -9 
406 407   1 -3  0 -9 
406 408  -1 -4  0 -9 
407 310   1 -6  0 -9 
407 315  -1 -5  0 -9 
407 318  -1 -5  0 -9 
407 319   1 -6  0 -9 
407 397  -1 -4  0 -9 
407 406   1 -3  0 -9 
407 408   1 -7  0 -9 
408 408   1 -8  0 -9 
409 389   1 -7  0 -9 
409 409  -1 -6  0 -9 
410 388   1 -3  0 -9 
410 389  -1 -4  0 -9 
410 410   1  0  0 -9 
410 411  -1 -1  0 -9 
410 412   1 -3  0 -9 
410 413  -1 -4  0 -9 
410 414   1 -2  0 -9 
410 415   1 -5  0 -9 
411 409  -1 -4  0 -9 
411 413  -1 -5  0 -9 
411 414   1 -3  0 -9 
411 415   1 -6  0 -9 
412 412  -1 -6  0 -9 
413 413  -1 -6  0 -9 
413 415   1 -7  0 -9 
414 389   1 -6  0 -9 
414 409  -1 -5  0 -9 
414 411   1 -3  0 -9 
414 413  -1 -4  0 -9 
415 415   1 -8  0 -9 
416 297   1 -4  1 -6  0 -9 
416 298  -1 -1 -1 -3 -1 -5  0 -9 
416 302  -1 -3  0 -9 
416 306   1 -2  0 -9 
416 309  -1 -1  0 -9 
416 310  -1 -4  0 -9 
416 389  -1 -3  0 -9 
416 395  -1 -1  0 -9 
416 397  -1 -4  0 -9 
416 398   1 -2  0 -9 
416 399   1 -5  0 -9 
416 409   1 -2  0 -9 
416 411   1 -2  0 -9 
416 414  -1 -1  0 -9 
416 415  -1 -4  0 -9 
416 416   1  0  0 -9 
416 417   1 -3  0 -9 
417 310   1 -7  0 -9 
417 415   1 -7  0 -9 
417 417  -1 -6  0 -9 
418 297   1 -3  0 -9 
418 298  -1  0 -1 -2  0 -9 
418 302  -1 -2  0 -9 
418 306   1 -1  0 -9 
418 309  -1  0  0 -9 
418 310  -1 -3  0 -9 
418 312  -1  0  0 -9 
418 389  -1 -2  0 -9 
418 395  -1  0  0 -9 
418 397  -1 -3  0 -9 
418 398   1 -1  0 -9 
418 399   1 -4  0 -9 
418 404   1  1  0 -9 
418 406  -1  0  0 -9 
418 407   1 -1  0 -9 
418 408  -1 -2  0 -9 
418 409   1 -1  0 -9 
418 413   1 -2  0 -9 
418 414  -1  0  0 -9 
418 415  -1 -3  0 -9 
418 416   1  1  0 -9 
418 417   1 -2  0 -9 
418 418  -1  2  0 -9 
418 420   1  1  0 -9 
418 421  -1  0  0 -9 
418 422   1 -1  0 -9 
419 392   1 -5  0 -9 
419 396  -1 -4  0 -9 
419 401   1 -2  0 -9 
419 405  -1 -1  0 -9 
419 408  -1 -4  0 -9 
419 412   1 -3  0 -9 
419 419   1  0  0 -9 
419 422   1 -3  0 -9 
420 318  -1 -3  0 -9 
420 397  -1 -4  0 -9 
420 399   1 -5  0 -9 
420 406  -1 -1  0 -9 
420 407   1 -2  0 -9 
420 408  -1 -3  0 -9 
420 413   1 -3  0 -9 
420 415  -1 -4  0 -9 
420 420   1  0  0 -9 
420 421  -1 -1  0 -9 
420 422   1 -2  0 -9 
420 423   1 -2  0 -9 
421 310   1 -5  0 -9 
421 318  -1 -4  0 -9 
421 408   1 -6  0 -9 
421 417  -1 -4  0 -9 
421 422  -1 -5  0 -9 
421 423   1 -3  0 -9 
422 408   1 -7  0 -9 
422 422  -1 -6  0 -9 
423 310   1 -6  0 -9 
423 318  -1 -5  0 -9 
423 319   1 -6  0 -9 
423 415   1 -6  0 -9 
423 417  -1 -5  0 -9 
423 421   1 -3  0 -9 
423 422  -1 -4  0 -9 
424 424  -1 -6  0 -9 
425 425   1  0  0 -9 
425 426  -1 -1  0 -9 
425 427   1 -3  0 -9 
425 428  -1 -4  0 -9 
425 429   1 -2  0 -9 
425 430   1 -5  0 -9 
426 424  -1 -4  0 -9 
426 428  -1 -5  0 -9 
426 429   1 -3  0 -9 
426 430   1 -6  0 -9 
427 427  -1 -6  0 -9 
428 428  -1 -6  0 -9 
428 430   1 -7  0 -9 
429 424  -1 -5  0 -9 
429 426   1 -3  0 -9 
429 428  -1 -4  0 -9 
430 430   1 -8  0 -9 
431 424   1 -2  0 -9 
431 426   1 -2  0 -9 
431 429  -1 -1  0 -9 
431 430  -1 -4  0 -9 
431 431   1  0  0 -9 
431 432   1 -3  0 -9 
432 430   1 -7  0 -9 
432 432  -1 -6  0 -9 
433 424   1 -1  0 -9 
433 428   1 -2  0 -9 
433 429  -1  0  0 -9 
433 430  -1 -3  0 -9 
433 431   1  1  0 -9 
433 432   1 -2  0 -9 
433 433  -1  2  0 -9 
433 435   1  1  0 -9 
433 436  -1  0  0 -9 
433 437   1 -1  0 -9 
434 427   1 -3  0 -9 
434 434   1  0  0 -9 
434 437   1 -3  0 -9 
435 428   1 -3  0 -9 
435 430  -1 -4  0 -9 
435 435   1  0  0 -9 
435 436  -1 -1  0 -9 
435 437   1 -2  0 -9 
435 438   1 -2  0 -9 
436 432  -1 -4  0 -9 
436 437  -1 -5  0 -9 
436 438   1 -3  0 -9 
437 437  -1 -6  0 -9 
438 430   1 -6  0 -9 
438 432  -1 -5  0 -9 
438 436   1 -3  0 -9 
438 437  -1 -4  0 -9 
439 290   1 -3  0 -9 
439 389   1 -5  0 -9 
439 409  -1 -4  0 -9 
439 411   1 -2  0 -9 
439 414  -1 -1  0 -9 
439 415  -1 -4  0 -9 
439 424   1 -3  0 -9 
439 439   1  0  0 -9 
439 440   1 -3  0 -9 
440 415   1 -7  0 -9 
440 440  -1 -6  0 -9 
441 318  -1 -3  0 -9 
441 325   1 -5  0 -9 
441 327  -1 -4  0 -9 
441 331   1 -2  0 -9 
441 333  -1 -1  0 -9 
441 408   1 -5  0 -9 
441 415  -1 -4  0 -9 
441 421  -1 -1  0 -9 
441 422  -1 -4  0 -9 
441 423   1 -2  0 -9 
441 430   1 -5  0 -9 
441 432  -1 -4  0 -9 
441 436   1 -2  0 -9 
441 438  -1 -1  0 -9 
441 440   1 -3  0 -9 
441 441   1  0  0 -9 
442 442   1  0  0 -9 
442 443  -1 -1  0 -9 
442 444   1 -3  0 -9 
442 445  -1 -4  0 -9 
442 446   1 -2  0 -9 
442 447   1 -5  0 -9 
443 334  -1 -4  0 -9 
443 445  -1 -5  0 -9 
443 446   1 -3  0 -9 
443 447   1 -6  0 -9 
444 444  -1 -6  0 -9 
445 445  -1 -6  0 -9 
445 447   1 -7  0 -9 
446 334  -1 -5  0 -9 
446 443   1 -3  0 -9 
446 445  -1 -4  0 -9 
447 447   1 -8  0 -9 
448 356  -1  0  0 -9 
448 361  -1  0  0 -9 
448 364  -1  0 -1 -2  0 -9 
448 366   1 -1  0 -9 
448 367  -1 -2  0 -9 
448 368   1 -3  0 -9 
448 442   1  1  0 -9 
448 443  -1  0  0 -9 
448 444   1 -2  0 -9 
448 445  -1 -3  0 -9 
448 446   1 -1  0 -9 
448 447   1 -4  0 -9 
448 448  -1  2  0 -9 
448 449  -1  0  0 -9 
448 450   1  1  0 -9 
448 451   1 -1  0 -9 
448 452   1  1  0 -9 
448 454  -1  0  0 -9 
448 455   1 -1  0 -9 
448 456  -1 -2  0 -9 
449 444  -1 -4  0 -9 
449 451  -1 -5  0 -9 
449 453   1 -3  0 -9 
449 456   1 -6  0 -9 
450 361  -1 -1  0 -9 
450 364  -1 -1 -1 -3 -1 -5  0 -9 
450 366   1 -2  0 -9 
450 367  -1 -3  0 -9 
450 368   1 -4  1 -6  0 -9 
450 445  -1 -4  0 -9 
450 447   1 -5  0 -9 
450 449  -1 -1  0 -9 
450 450   1  0  0 -9 
450 451   1 -2  0 -9 
450 453   1 -2  0 -9 
450 454  -1 -1  0 -9 
450 455   1 -2  0 -9 
450 456  -1 -3  0 -9 
451 451  -1 -6  0 -9 
451 456   1 -7  0 -9 
452 334  -1 -3  0 -9 
452 353   1 -2  0 -9 
452 355  -1 -3  0 -9 
452 356  -1 -1  0 -9 
452 361  -1 -1  0 -9 
452 364  -1 -3  0 -9 
452 366   1 -2  0 -9 
452 367  -1 -3  0 -9 
452 368   1 -4  0 -9 
452 443  -1 -1  0 -9 
452 445   1 -2 -1 -4  0 -9 
452 446   1 -2  0 -9 
452 447   1 -5  0 -9 
452 452   1  0  0 -9 
452 454  -1 -1  0 -9 
452 455   1 -2  0 -9 
452 456  -1 -3  0 -9 
453 444  -1 -5  0 -9 
453 449   1 -3  0 -9 
453 451  -1 -4  0 -9 
454 364  -1 -4  0 -9 
454 367  -1 -4  0 -9 
454 368   1 -5  0 -9 
454 445  -1 -5  0 -9 
454 447   1 -6  0 -9 
454 455   1 -3  0 -9 
454 456  -1 -4  0 -9 
455 357   1 -6  0 -9 
455 364  -1 -5  0 -9 
455 367  -1 -5  0 -9 
455 368   1 -6  0 -9 
455 445  -1 -4  0 -9 
455 454   1 -3  0 -9 
455 456   1 -7  0 -9 
456 456   1 -8  0 -9 
457 353   1 -1  0 -9 
457 356  -1  0  0 -9 
457 357  -1 -3  0 -9 
457 358   1  1  0 -9 
457 359   1 -2  0 -9 
457 361  -1  0  0 -9 
457 443  -1  0  0 -9 
457 445   1 -1  0 -9 
457 452   1  1  0 -9 
457 454  -1  0  0 -9 
457 455   1 -1  0 -9 
457 456  -1 -2  0 -9 
457 457  -1  2  0 -9 
457 459   1  1  0 -9 
457 460  -1  0  0 -9 
457 461   1 -1  0 -9 
458 444   1 -2  0 -9 
458 449   1 -2  0 -9 
458 453  -1 -1  0 -9 
458 456  -1 -4  0 -9 
458 458   1  0  0 -9 
458 461   1 -3  0 -9 
459 367  -1 -3  0 -9 
459 445   1 -2  0 -9 
459 447  -1 -3  0 -9 
459 454  -1 -1  0 -9 
459 455   1 -2  0 -9 
459 456  -1 -3  0 -9 
459 459   1  0  0 -9 
459 460  -1 -1  0 -9 
459 461   1 -2  0 -9 
459 462   1 -2  0 -9 
460 357   1 -5  0 -9 
460 359  -1 -4  0 -9 
460 367  -1 -4  0 -9 
460 447  -1 -4  0 -9 
460 456   1 -6  0 -9 
460 461  -1 -5  0 -9 
460 462   1 -3  0 -9 
461 456   1 -7  0 -9 
461 461  -1 -6  0 -9 
462 357   1 -6  0 -9 
462 359  -1 -5  0 -9 
462 367  -1 -5  0 -9 
462 368   1 -6  0 -9 
462 447   1 -7  0 -9 
462 460   1 -3  0 -9 
462 461  -1 -4  0 -9 
463 444   1 -1  0 -9 
463 451   1 -2  0 -9 
463 453  -1  0  0 -9 
463 456  -1 -3  0 -9 
463 458   1  1  0 -9 
463 461   1 -2  0 -9 
463 463  -1  2  0 -9 
463 465   1  1  0 -9 
463 466  -1  0  0 -9 
464 364   1 -2  0 -9 
464 368  -1 -3  0 -9 
464 374  -1  0  0 -9 
464 376   1  1  0 -9 
464 377  -1  0  0 -9 
464 378   1 -1  0 -9 
464 445   1 -1  0 -9 
464 447  -1 -2  0 -9 
464 454  -1  0  0 -9 
464 459   1  1  0 -9 
464 460  -1  0  0 -9 
464 461   1 -1  0 -9 
464 462   1 -1  0 -9 
464 464  -1  2  0 -9 
464 467   1  1  0 -9 
464 468  -1  0  0 -9 
465 451   1 -3  0 -9 
465 456  -1 -4  0 -9 
465 465   1  0  0 -9 
465 466  -1 -1  0 -9 
465 468   1 -2  0 -9 
466 461  -1 -4  0 -9 
466 468   1 -3  0 -9 
467 357   1 -4  0 -9 
467 359  -1 -3  0 -9 
467 367  -1 -3  0 -9 
467 372   1 -2  0 -9 
467 373  -1 -3  0 -9 
467 374  -1 -1  0 -9 
467 377  -1 -1  0 -9 
467 378   1 -2  0 -9 
467 447  -1 -3  0 -9 
467 456   1 -5  0 -9 
467 460  -1 -1  0 -9 
467 461   1 -2 -1 -4  0 -9 
467 462   1 -2  0 -9 
467 466   1 -2  0 -9 
467 467   1  0  0 -9 
467 468  -1 -1  0 -9 
468 456   1 -6  0 -9 
468 461  -1 -5  0 -9 
468 466   1 -3  0 -9 
469 334   1 -2  0 -9 
469 443   1 -2  0 -9 
469 446  -1 -1  0 -9 
469 447  -1 -4  0 -9 
469 469   1  0  0 -9 
469 470   1 -3  0 -9 
470 447   1 -7  0 -9 
470 470  -1 -6  0 -9 
471 334   1 -1  0 -9 
471 445   1 -2  0 -9 
471 446  -1  0  0 -9 
471 447  -1 -3  0 -9 
471 469   1  1  0 -9 
471 470   1 -2  0 -9 
471 471  -1  2  0 -9 
471 473   1  1  0 -9 
471 474  -1  0  0 -9 
471 475   1 -1  0 -9 
472 444   1 -3  0 -9 
472 472   1  0  0 -9 
472 475   1 -3  0 -9 
473 445   1 -3  0 -9 
473 447  -1 -4  0 -9 
473 473   1  0  0 -9 
473 474  -1 -1  0 -9 
473 475   1 -2  0 -9 
473 476   1 -2  0 -9 
474 470  -1 -4  0 -9 
474 475  -1 -5  0 -9 
474 476   1 -3  0 -9 
475 475  -1 -6  0 -9 
476 447   1 -6  0 -9 
476 470  -1 -5  0 -9 
476 474   1 -3  0 -9 
476 475  -1 -4  0 -9 
477 357   1 -4  1 -6  0 -9 
477 359  -1 -1 -1 -3 -1 -5  0 -9 
477 367  -1 -3  0 -9 
477 372   1 -2  0 -9 
477 374  -1 -1  0 -9 
477 447  -1 -3  0 -9 
477 456   1 -5  0 -9 
477 460  -1 -1  0 -9 
477 461  -1 -4  0 -9 
477 462   1 -2  0 -9 
477 470   1 -2  0 -9 
477 474   1 -2  0 -9 
477 476  -1 -1  0 -9 
477 477   1  0  0 -9 
478 357   1 -3  0 -9 
478 359  -1  0 -1 -2  0 -9 
478 367  -1 -2  0 -9 
478 372   1 -1  0 -9 
478 374  -1  0  0 -9 
478 377  -1  0  0 -9 
478 447  -1 -2  0 -9 
478 456   1 -4  0 -9 
478 460  -1  0  0 -9 
478 461  -1 -3  0 -9 
478 462   1 -1  0 -9 
478 466   1 -1  0 -9 
478 467   1  1  0 -9 
478 468  -1  0  0 -9 
478 470   1 -1  0 -9 
478 475   1 -2  0 -9 
478 476  -1  0  0 -9 
478 477   1  1  0 -9 
478 478  -1  2  0 -9 
478 479   1  1  0 -9 
479 456   1 -5  0 -9 
479 461  -1 -4  0 -9 
479 466   1 -2  0 -9 
479 468  -1 -1  0 -9 
479 475   1 -3  0 -9 
479 479   1  0  0 -9 
9999 9999
