 0  4  -1 -4  0 -9 
 0 12   1 -3  0 -9 
 0 20  -1 -4  0 -9 
 0 29   1 -5  0 -9 
 1  0  -1 -1  0 -9 
 1  1   1  0  0 -9 
 1  6  -1 -4  0 -9 
 1 12   1 -2  0 -9 
 1 14  -1 -1  0 -9 
 1 20  -1 -3  0 -9 
 1 22   1 -2  0 -9 
 1 40   1 -5  0 -9 
 2  0  -1  0  0 -9 
 2  1   1  1  0 -9 
 2  2  -1  2  0 -9 
 2  6  -1 -3  0 -9 
 2  7  -1  0  0 -9 
 2  9   1  1  0 -9 
 2 12   1 -1  0 -9 
 2 13  -1  0  0 -9 
 2 14  -1  0  0 -9 
 2 15   1  1  0 -9 
 2 17  -1  0  0 -9 
 2 20  -1 -2  0 -9 
 2 21   1 -1  0 -9 
 2 22   1 -1  0 -9 
 2 23  -1  0  0 -9 
 2 30   1 -1  0 -9 
 2 38   1 -1  0 -9 
 2 40   1 -4  0 -9 
 2 41  -1 -2  0 -9 
 3  3  -1  2  0 -9 
 3  4   1 -1  0 -9 
 3  5  -1  0  0 -9 
 3  6  -1  0 -1 -2  0 -9 
 3  8  -1  0  0 -9 
 3 10   1  1  0 -9 
 3 16   1  1  0 -9 
 3 18  -1  0  0 -9 
 3 24  -1  0  0 -9 
 3 29  -1 -2  0 -9 
 3 31   1 -1  0 -9 
 3 39   1 -1  0 -9 
 3 40   1 -3  0 -9 
 3 42  -1 -2  0 -9 
 4  4  -1 -6  0 -9 
 4 29   1 -7  0 -9 
 5  4  -1 -5  0 -9 
 5 13   1 -3  0 -9 
 5 21  -1 -4  0 -9 
 5 29   1 -6  0 -9 
 6  6  -1 -6  0 -9 
 6 40   1 -7  0 -9 
 7  6  -1 -5  0 -9 
 7 38   1 -3  0 -9 
 7 40   1 -6  0 -9 
 7 41  -1 -4  0 -9 
 8  6  -1 -4  0 -9 
 8 39   1 -3  0 -9 
 8 40   1 -5  0 -9 
 8 42  -1 -4  0 -9 
 9  6  -1 -4  0 -9 
 9  7  -1 -1  0 -9 
 9  9   1  0  0 -9 
 9 17  -1 -1  0 -9 
 9 30   1 -2  0 -9 
 9 38   1 -2  0 -9 
 9 40   1 -5  0 -9 
 9 41  -1 -3  0 -9 
10  4   1 -2  0 -9 
10  5  -1 -1  0 -9 
10  6  -1 -1 -1 -3 -1 -5  0 -9 
10  8  -1 -1  0 -9 
10 10   1  0  0 -9 
10 13   1 -2  0 -9 
10 18  -1 -1  0 -9 
10 21  -1 -3  0 -9 
10 29  -1 -3  0 -9 
10 31   1 -2  0 -9 
10 39   1 -2  0 -9 
10 40   1 -4  1 -6  0 -9 
10 42  -1 -3  0 -9 
11  6  -1 -3  0 -9 
11  7  -1  0  0 -9 
11  8   1  1  0 -9 
11  9   1  1  0 -9 
11 11  -1  2  0 -9 
11 17  -1  0  0 -9 
11 19   1  1  0 -9 
11 30   1 -1  0 -9 
11 32  -1  0  0 -9 
11 39   1 -2  0 -9 
11 40   1 -4  0 -9 
11 42  -1 -3  0 -9 
12  0   1 -3  0 -9 
12  4  -1 -5  0 -9 
12 20  -1 -5  0 -9 
12 29   1 -6  0 -9 
13  4  -1 -4  0 -9 
13  5   1 -3  0 -9 
13 21  -1 -5  0 -9 
13 33   1 -6  0 -9 
14  6  -1 -5  0 -9 
14 20  -1 -4  0 -9 
14 22   1 -3  0 -9 
14 40   1 -6  0 -9 
15  0  -1 -1  0 -9 
15  4  -1 -3  0 -9 
15  5   1 -2  0 -9 
15  6   1 -2 -1 -4  0 -9 
15  7  -1 -1  0 -9 
15 12   1 -2  0 -9 
15 13  -1 -1  0 -9 
15 14  -1 -1  0 -9 
15 15   1  0  0 -9 
15 17  -1 -1  0 -9 
15 20  -1 -3  0 -9 
15 21   1 -2 -1 -4  0 -9 
15 22   1 -2  0 -9 
15 23  -1 -1  0 -9 
15 25   1 -2  0 -9 
15 30   1 -2  0 -9 
15 33   1 -5  0 -9 
15 34  -1 -3  0 -9 
15 38   1 -2  0 -9 
15 40   1 -5  0 -9 
15 41  -1 -3  0 -9 
16  6  -1 -3  0 -9 
16  8  -1 -1  0 -9 
16 16   1  0  0 -9 
16 18  -1 -1  0 -9 
16 21  -1 -3  0 -9 
16 24  -1 -1  0 -9 
16 26   1 -2  0 -9 
16 29  -1 -3  0 -9 
16 31   1 -2  0 -9 
16 33   1 -4  0 -9 
16 35  -1 -3  0 -9 
16 39   1 -2  0 -9 
16 40   1 -4  0 -9 
16 42  -1 -3  0 -9 
17 30   1 -3  0 -9 
17 34  -1 -4  0 -9 
17 41  -1 -4  0 -9 
17 43   1 -5  0 -9 
18  6  -1 -4  0 -9 
18 21  -1 -4  0 -9 
18 29  -1 -4  0 -9 
18 31   1 -3  0 -9 
18 33   1 -5  0 -9 
18 35  -1 -4  0 -9 
18 40   1 -5  0 -9 
18 42  -1 -4  0 -9 
18 44   1 -5  0 -9 
19 17  -1 -1  0 -9 
19 19   1  0  0 -9 
19 30   1 -2  0 -9 
19 32  -1 -1  0 -9 
19 34  -1 -3  0 -9 
19 41  -1 -3  0 -9 
19 43   1 -4  0 -9 
19 44  -1 -3  0 -9 
19 46   1 -2  0 -9 
20 20  -1 -6  0 -9 
20 29   1 -7  0 -9 
21 21  -1 -6  0 -9 
21 33   1 -7  0 -9 
22  6  -1 -4  0 -9 
22 14   1 -3  0 -9 
22 20  -1 -5  0 -9 
22 29   1 -6  0 -9 
23 21  -1 -5  0 -9 
23 25   1 -3  0 -9 
23 33   1 -6  0 -9 
23 34  -1 -4  0 -9 
24 21  -1 -4  0 -9 
24 26   1 -3  0 -9 
24 33   1 -5  0 -9 
24 35  -1 -4  0 -9 
25 21  -1 -4  0 -9 
25 23   1 -3  0 -9 
25 34  -1 -5  0 -9 
25 43   1 -6  0 -9 
26 21  -1 -5  0 -9 
26 24   1 -3  0 -9 
26 33   1 -6  0 -9 
26 35  -1 -5  0 -9 
26 44   1 -6  0 -9 
27 21  -1 -4  0 -9 
27 33   1 -5  0 -9 
27 35  -1 -4  0 -9 
27 36   1 -3  0 -9 
27 44   1 -5  0 -9 
27 45  -1 -4  0 -9 
28 21  -1 -3  0 -9 
28 24  -1 -1  0 -9 
28 26   1 -2  0 -9 
28 27  -1 -1  0 -9 
28 28   1  0  0 -9 
28 33   1 -4  0 -9 
28 35  -1 -3  0 -9 
28 36   1 -2  0 -9 
28 37  -1 -1  0 -9 
28 45  -1 -3  0 -9 
28 47   1 -2  0 -9 
29 29   1 -8  0 -9 
30 17   1 -3  0 -9 
30 34  -1 -5  0 -9 
30 41  -1 -5  0 -9 
30 43   1 -6  0 -9 
31  6  -1 -5  0 -9 
31 18   1 -3  0 -9 
31 21  -1 -5  0 -9 
31 29   1 -7  0 -9 
31 33   1 -6  0 -9 
31 35  -1 -5  0 -9 
31 40   1 -6  0 -9 
31 42  -1 -5  0 -9 
31 44   1 -6  0 -9 
32 34  -1 -4  0 -9 
32 41  -1 -4  0 -9 
32 43   1 -5  0 -9 
32 44  -1 -4  0 -9 
32 46   1 -3  0 -9 
33 33   1 -8  0 -9 
34 34  -1 -6  0 -9 
34 43   1 -7  0 -9 
35 33   1 -7  0 -9 
35 35  -1 -6  0 -9 
35 44   1 -7  0 -9 
36 21  -1 -5  0 -9 
36 27   1 -3  0 -9 
36 33   1 -6  0 -9 
36 35  -1 -5  0 -9 
36 44   1 -6  0 -9 
36 45  -1 -5  0 -9 
37 45  -1 -4  0 -9 
37 47   1 -3  0 -9 
38  6  -1 -4  0 -9 
38  7   1 -3  0 -9 
38 41  -1 -5  0 -9 
38 43   1 -6  0 -9 
39  6  -1 -5  0 -9 
39  8   1 -3  0 -9 
39 40   1 -6  0 -9 
39 42  -1 -5  0 -9 
39 44   1 -6  0 -9 
40 40   1 -8  0 -9 
41 41  -1 -6  0 -9 
41 43   1 -7  0 -9 
42 40   1 -7  0 -9 
42 42  -1 -6  0 -9 
42 44   1 -7  0 -9 
43 43   1 -8  0 -9 
44 44   1 -8  0 -9 
45 44   1 -7  0 -9 
45 45  -1 -6  0 -9 
46 32   1 -3  0 -9 
46 34  -1 -5  0 -9 
46 41  -1 -5  0 -9 
46 43   1 -6  0 -9 
46 44   1 -7  0 -9 
47 37   1 -3  0 -9 
47 44   1 -6  0 -9 
47 45  -1 -5  0 -9 
48  4   1 -1  0 -9 
48 12  -1  0  0 -9 
48 20   1 -1  0 -9 
48 29  -1 -2  0 -9 
48 48  -1  2  0 -9 
48 52   1  1  0 -9 
48 60  -1  0  0 -9 
48 69   1 -1  0 -9 
49  6   1 -1  0 -9 
49 14  -1  0  0 -9 
49 40  -1 -2  0 -9 
49 49  -1  2  0 -9 
49 54   1  1  0 -9 
49 62  -1  0  0 -9 
49 78  -1  0  0 -9 
49 80   1  1  0 -9 
49 93   1 -1  0 -9 
50 25  -1  0  0 -9 
50 34   1 -1  0 -9 
50 43  -1 -2  0 -9 
50 50  -1  2  0 -9 
50 63  -1  0  0 -9 
50 65   1  1  0 -9 
50 74  -1  0 -1 -2  0 -9 
50 79  -1  0  0 -9 
50 81   1  1  0 -9 
50 83  -1  0  0 -9 
50 88   1 -1  0 -9 
50 96   1 -1  0 -9 
50 101  -1 -2  0 -9 
50 105   1 -3  0 -9 
51 21   1 -1  0 -9 
51 26  -1  0  0 -9 
51 33  -1 -2  0 -9 
51 35   1 -1  0 -9 
51 44  -1 -2  0 -9 
51 51  -1  2  0 -9 
51 61  -1  0  0 -9 
51 64  -1  0  0 -9 
51 66   1  1  0 -9 
51 73   1 -1  0 -9 
51 75  -1  0 -1 -2  0 -9 
51 82   1  1  0 -9 
51 84  -1  0  0 -9 
51 87  -1 -2  0 -9 
51 89   1 -1  0 -9 
51 97   1 -1  0 -9 
51 102  -1 -2  0 -9 
51 106   1 -3  0 -9 
52  0   1 -2  0 -9 
52  4   1 -2  0 -9 
52 12  -1 -1  0 -9 
52 20   1 -2 -1 -4  0 -9 
52 29  -1 -3  0 -9 
52 52   1  0  0 -9 
52 60  -1 -1  0 -9 
52 69   1 -2  0 -9 
52 78   1 -2  0 -9 
53  5   1 -2  0 -9 
53 13  -1 -1  0 -9 
53 21   1 -2 -1 -4  0 -9 
53 29  -1 -4  0 -9 
53 33   1 -5  0 -9 
53 53   1  0  0 -9 
53 61  -1 -1  0 -9 
53 69   1 -3  0 -9 
53 73  -1 -4  0 -9 
53 79   1 -2  0 -9 
53 87   1 -5  0 -9 
54  6   1 -2  0 -9 
54 14  -1 -1  0 -9 
54 20  -1 -3  0 -9 
54 22   1 -2  0 -9 
54 40  -1 -3  0 -9 
54 54   1  0  0 -9 
54 62  -1 -1  0 -9 
54 93   1 -2  0 -9 
55  0  -1  0  0 -9 
55  5   1 -1  0 -9 
55  6   1 -1  0 -9 
55  7  -1  0  0 -9 
55 13  -1  0  0 -9 
55 14  -1  0  0 -9 
55 15   1  1  0 -9 
55 17  -1  0  0 -9 
55 21   1 -1 -1 -3  0 -9 
55 22   1 -1  0 -9 
55 23  -1  0  0 -9 
55 29  -1 -3  0 -9 
55 30   1 -1  0 -9 
55 33   1 -4  0 -9 
55 43  -1 -3  0 -9 
55 53   1  1  0 -9 
55 54   1  1  0 -9 
55 55  -1  2  0 -9 
55 57   1  1  0 -9 
55 61  -1  0  0 -9 
55 62  -1  0  0 -9 
55 63   1  1  0 -9 
55 69   1 -2  0 -9 
55 70  -1  0  0 -9 
55 73  -1 -3  0 -9 
55 74  -1 -3  0 -9 
55 87   1 -4  0 -9 
55 96   1 -2  0 -9 
55 101  -1 -3  0 -9 
55 105   1 -4  0 -9 
56  8  -1  0  0 -9 
56 16   1  1  0 -9 
56 18  -1  0  0 -9 
56 24  -1  0  0 -9 
56 29  -1 -2  0 -9 
56 31   1 -1  0 -9 
56 44  -1 -3  0 -9 
56 56  -1  2  0 -9 
56 58   1  1  0 -9 
56 64   1  1  0 -9 
56 69   1 -1  0 -9 
56 71  -1  0  0 -9 
56 75  -1 -3  0 -9 
56 97   1 -2  0 -9 
56 102  -1 -3  0 -9 
56 106   1 -4  0 -9 
57 17  -1 -1  0 -9 
57 30   1 -2  0 -9 
57 41  -1 -3  0 -9 
57 57   1  0  0 -9 
57 70  -1 -1  0 -9 
57 74  -1 -4  0 -9 
57 94   1 -2  0 -9 
57 105   1 -5  0 -9 
58 18  -1 -1  0 -9 
58 21  -1 -3  0 -9 
58 29  -1 -3  0 -9 
58 31   1 -2  0 -9 
58 42  -1 -3  0 -9 
58 58   1  0  0 -9 
58 69   1 -2  0 -9 
58 71  -1 -1  0 -9 
58 75  -1 -4  0 -9 
58 95   1 -2  0 -9 
58 106   1 -5  0 -9 
59 17  -1  0  0 -9 
59 19   1  1  0 -9 
59 30   1 -1  0 -9 
59 32  -1  0  0 -9 
59 57   1  1  0 -9 
59 59  -1  2  0 -9 
59 70  -1  0  0 -9 
59 72   1  1  0 -9 
59 74  -1 -3  0 -9 
59 99   1 -2  0 -9 
59 105   1 -4  0 -9 
59 107  -1 -3  0 -9 
60 20  -1 -5  0 -9 
60 29   1 -6  0 -9 
60 69  -1 -5  0 -9 
60 78   1 -3  0 -9 
61 21  -1 -5  0 -9 
61 33   1 -6  0 -9 
61 73  -1 -5  0 -9 
61 79   1 -3  0 -9 
61 87   1 -6  0 -9 
62 20  -1 -4  0 -9 
62 29   1 -5  0 -9 
62 40  -1 -4  0 -9 
62 69  -1 -4  0 -9 
62 93   1 -3  0 -9 
63 21  -1 -4  0 -9 
63 33   1 -5  0 -9 
63 43  -1 -4  0 -9 
63 73  -1 -4  0 -9 
63 74  -1 -4  0 -9 
63 87   1 -5  0 -9 
63 96   1 -3  0 -9 
63 101  -1 -4  0 -9 
63 105   1 -5  0 -9 
64 44  -1 -4  0 -9 
64 75  -1 -4  0 -9 
64 97   1 -3  0 -9 
64 102  -1 -4  0 -9 
64 106   1 -5  0 -9 
65 21  -1 -3  0 -9 
65 23   1 -2  0 -9 
65 25  -1 -1  0 -9 
65 34   1 -2  0 -9 
65 43  -1 -3  0 -9 
65 63  -1 -1  0 -9 
65 65   1  0  0 -9 
65 74  -1 -1 -1 -3 -1 -5  0 -9 
65 83  -1 -1  0 -9 
65 88   1 -2  0 -9 
65 96   1 -2  0 -9 
65 101  -1 -3  0 -9 
65 105   1 -4  1 -6  0 -9 
66 21   1 -2 -1 -4  0 -9 
66 24   1 -2  0 -9 
66 26  -1 -1  0 -9 
66 33  -1 -3  0 -9 
66 35   1 -2  0 -9 
66 44  -1 -3  0 -9 
66 61  -1 -1  0 -9 
66 64  -1 -1  0 -9 
66 66   1  0  0 -9 
66 73   1 -2  0 -9 
66 75  -1 -1 -1 -3 -1 -5  0 -9 
66 79   1 -2  0 -9 
66 84  -1 -1  0 -9 
66 87  -1 -3  0 -9 
66 89   1 -2  0 -9 
66 97   1 -2  0 -9 
66 102  -1 -3  0 -9 
66 106   1 -4  1 -6  0 -9 
67 21  -1 -3  0 -9 
67 27  -1 -1  0 -9 
67 36   1 -2  0 -9 
67 45  -1 -3  0 -9 
67 67   1  0  0 -9 
67 75  -1 -4  0 -9 
67 76  -1 -1  0 -9 
67 85  -1 -1  0 -9 
67 90   1 -2  0 -9 
67 98   1 -2  0 -9 
67 103  -1 -3  0 -9 
67 106   1 -5  0 -9 
68 24  -1  0  0 -9 
68 27  -1  0  0 -9 
68 28   1  1  0 -9 
68 36   1 -1  0 -9 
68 37  -1  0  0 -9 
68 44  -1 -3  0 -9 
68 64   1  1  0 -9 
68 67   1  1  0 -9 
68 68  -1  2  0 -9 
68 75  -1 -3  0 -9 
68 76  -1  0  0 -9 
68 77   1  1  0 -9 
68 85  -1  0  0 -9 
68 86   1  1  0 -9 
68 90   1 -1  0 -9 
68 91  -1  0  0 -9 
68 97   1 -2  0 -9 
68 100   1 -2  0 -9 
68 102  -1 -3  0 -9 
68 106   1 -4  0 -9 
68 108  -1 -3  0 -9 
69 29   1 -7  0 -9 
69 69  -1 -6  0 -9 
70 41  -1 -4  0 -9 
70 74  -1 -5  0 -9 
70 94   1 -3  0 -9 
70 105   1 -6  0 -9 
71 21  -1 -4  0 -9 
71 29   1 -6  0 -9 
71 42  -1 -4  0 -9 
71 69  -1 -5  0 -9 
71 75  -1 -5  0 -9 
71 95   1 -3  0 -9 
71 106   1 -6  0 -9 
72 74  -1 -4  0 -9 
72 99   1 -3  0 -9 
72 105   1 -5  0 -9 
72 107  -1 -4  0 -9 
73 33   1 -7  0 -9 
73 73  -1 -6  0 -9 
73 87   1 -7  0 -9 
74 74  -1 -6  0 -9 
74 105   1 -7  0 -9 
75 75  -1 -6  0 -9 
75 106   1 -7  0 -9 
76 21  -1 -4  0 -9 
76 45  -1 -4  0 -9 
76 75  -1 -5  0 -9 
76 98   1 -3  0 -9 
76 103  -1 -4  0 -9 
76 106   1 -6  0 -9 
77 100   1 -3  0 -9 
77 108  -1 -4  0 -9 
78 20  -1 -4  0 -9 
78 29   1 -5  0 -9 
78 60   1 -3  0 -9 
78 69  -1 -4  0 -9 
79 21  -1 -4  0 -9 
79 33   1 -5  0 -9 
79 61   1 -3  0 -9 
79 73  -1 -4  0 -9 
80 20  -1 -3  0 -9 
80 29   1 -4  0 -9 
80 40  -1 -3  0 -9 
80 60   1 -2  0 -9 
80 62  -1 -1  0 -9 
80 69  -1 -3  0 -9 
80 78  -1 -1  0 -9 
80 80   1  0  0 -9 
80 93   1 -2  0 -9 
81 21  -1 -3  0 -9 
81 33   1 -4  0 -9 
81 43  -1 -3  0 -9 
81 61   1 -2  0 -9 
81 63  -1 -1  0 -9 
81 73  -1 -3  0 -9 
81 74  -1 -3  0 -9 
81 79  -1 -1  0 -9 
81 81   1  0  0 -9 
81 83  -1 -1  0 -9 
81 88   1 -2  0 -9 
81 96   1 -2  0 -9 
81 101  -1 -3  0 -9 
81 105   1 -4  0 -9 
82 44  -1 -3  0 -9 
82 64  -1 -1  0 -9 
82 75  -1 -3  0 -9 
82 82   1  0  0 -9 
82 84  -1 -1  0 -9 
82 87  -1 -3  0 -9 
82 89   1 -2  0 -9 
82 97   1 -2  0 -9 
82 102  -1 -3  0 -9 
82 106   1 -4  0 -9 
83 74  -1 -4  0 -9 
83 88   1 -3  0 -9 
83 101  -1 -4  0 -9 
83 105   1 -5  0 -9 
84 75  -1 -4  0 -9 
84 87  -1 -4  0 -9 
84 89   1 -3  0 -9 
84 102  -1 -4  0 -9 
84 106   1 -5  0 -9 
85 90   1 -3  0 -9 
85 92  -1 -4  0 -9 
85 103  -1 -4  0 -9 
85 109   1 -5  0 -9 
86 85  -1 -1  0 -9 
86 86   1  0  0 -9 
86 90   1 -2  0 -9 
86 91  -1 -1  0 -9 
86 92  -1 -3  0 -9 
86 103  -1 -3  0 -9 
86 104   1 -2  0 -9 
86 109   1 -4  0 -9 
86 110  -1 -3  0 -9 
87 87   1 -8  0 -9 
88 74  -1 -5  0 -9 
88 83   1 -3  0 -9 
88 87   1 -6  0 -9 
88 101  -1 -5  0 -9 
88 105   1 -6  0 -9 
89 75  -1 -5  0 -9 
89 84   1 -3  0 -9 
89 87   1 -7  0 -9 
89 102  -1 -5  0 -9 
89 106   1 -6  0 -9 
90 85   1 -3  0 -9 
90 92  -1 -5  0 -9 
90 103  -1 -5  0 -9 
90 109   1 -6  0 -9 
91 92  -1 -4  0 -9 
91 103  -1 -4  0 -9 
91 104   1 -3  0 -9 
91 109   1 -5  0 -9 
91 110  -1 -4  0 -9 
92 92  -1 -6  0 -9 
92 109   1 -7  0 -9 
93 20  -1 -5  0 -9 
93 29   1 -6  0 -9 
93 40   1 -7  0 -9 
93 62   1 -3  0 -9 
93 69  -1 -5  0 -9 
94 41  -1 -5  0 -9 
94 43   1 -6  0 -9 
94 70   1 -3  0 -9 
94 74  -1 -4  0 -9 
95 21  -1 -5  0 -9 
95 33   1 -6  0 -9 
95 40   1 -6  0 -9 
95 42  -1 -5  0 -9 
95 44   1 -6  0 -9 
95 69  -1 -4  0 -9 
95 71   1 -3  0 -9 
95 75  -1 -4  0 -9 
96 21  -1 -5  0 -9 
96 33   1 -6  0 -9 
96 43   1 -7  0 -9 
96 63   1 -3  0 -9 
96 73  -1 -5  0 -9 
96 74  -1 -5  0 -9 
96 87   1 -6  0 -9 
96 101  -1 -5  0 -9 
96 105   1 -6  0 -9 
97 44   1 -7  0 -9 
97 64   1 -3  0 -9 
97 75  -1 -5  0 -9 
97 102  -1 -5  0 -9 
97 106   1 -6  0 -9 
98 21  -1 -5  0 -9 
98 33   1 -6  0 -9 
98 44   1 -6  0 -9 
98 45  -1 -5  0 -9 
98 75  -1 -4  0 -9 
98 76   1 -3  0 -9 
98 103  -1 -5  0 -9 
98 109   1 -6  0 -9 
99 44   1 -6  0 -9 
99 72   1 -3  0 -9 
99 74  -1 -5  0 -9 
99 105   1 -6  0 -9 
99 107  -1 -5  0 -9 
100 77   1 -3  0 -9 
100 108  -1 -5  0 -9 
100 110   1 -6  0 -9 
101 87   1 -7  0 -9 
101 101  -1 -6  0 -9 
101 105   1 -7  0 -9 
102 102  -1 -6  0 -9 
102 106   1 -7  0 -9 
103 103  -1 -6  0 -9 
103 109   1 -7  0 -9 
104 91   1 -3  0 -9 
104 92  -1 -5  0 -9 
104 103  -1 -5  0 -9 
104 109   1 -6  0 -9 
104 110   1 -7  0 -9 
105 105   1 -8  0 -9 
106 106   1 -8  0 -9 
107 44   1 -7  0 -9 
107 105   1 -7  0 -9 
107 107  -1 -6  0 -9 
108 108  -1 -6  0 -9 
108 110   1 -7  0 -9 
109 109   1 -8  0 -9 
110 110   1 -8  0 -9 
111  4   1 -3  0 -9 
111 29  -1 -4  0 -9 
111 111   1  0  0 -9 
111 119  -1 -1  0 -9 
111 138   1 -2  0 -9 
112  4   1 -2  0 -9 
112 13  -1  0  0 -9 
112 21   1 -1  0 -9 
112 29  -1 -3  0 -9 
112 53   1  1  0 -9 
112 61  -1  0  0 -9 
112 69   1 -2  0 -9 
112 73  -1 -3  0 -9 
112 87   1 -4  0 -9 
112 111   1  1  0 -9 
112 112  -1  2  0 -9 
112 119  -1  0  0 -9 
112 120   1  1  0 -9 
112 142   1 -2  0 -9 
112 147  -1 -3  0 -9 
113  6   1 -3  0 -9 
113 40  -1 -4  0 -9 
113 113   1  0  0 -9 
113 121  -1 -1  0 -9 
113 153   1 -2  0 -9 
114  6   1 -2  0 -9 
114 38  -1  0  0 -9 
114 40  -1 -3  0 -9 
114 41   1 -1  0 -9 
114 113   1  1  0 -9 
114 114  -1  2  0 -9 
114 121  -1  0  0 -9 
114 122   1  1  0 -9 
114 128   1  1  0 -9 
114 130   1 -2  0 -9 
114 131  -1  0  0 -9 
114 133  -1 -3  0 -9 
114 156   1 -2  0 -9 
114 161  -1 -3  0 -9 
114 165   1 -4  0 -9 
115  6   1 -1  0 -9 
115 39  -1  0  0 -9 
115 40  -1 -2  0 -9 
115 42   1 -1  0 -9 
115 115  -1  2  0 -9 
115 123   1  1  0 -9 
115 129   1  1  0 -9 
115 130   1 -1  0 -9 
115 132  -1  0  0 -9 
115 134  -1 -3  0 -9 
115 157   1 -2  0 -9 
115 162  -1 -3  0 -9 
115 166   1 -4  0 -9 
116 17  -1  0  0 -9 
116 34   1 -2  0 -9 
116 43  -1 -3  0 -9 
116 57   1  1  0 -9 
116 70  -1  0  0 -9 
116 74  -1 -3  0 -9 
116 94   1 -1  0 -9 
116 105   1 -4  0 -9 
116 116  -1  2  0 -9 
116 122  -1  0  0 -9 
116 124   1  1  0 -9 
116 139   1  1  0 -9 
116 143  -1  0  0 -9 
116 148   1 -1  0 -9 
116 154  -1  0  0 -9 
116 156   1 -1  0 -9 
116 161  -1 -2  0 -9 
117  6   1 -2  0 -9 
117 18  -1  0  0 -9 
117 33  -1 -3  0 -9 
117 35   1 -2  0 -9 
117 40  -1 -3  0 -9 
117 44  -1 -3  0 -9 
117 58   1  1  0 -9 
117 69   1 -1  0 -9 
117 71  -1  0  0 -9 
117 75  -1 -3  0 -9 
117 79  -1  0  0 -9 
117 95   1 -1  0 -9 
117 106   1 -4  0 -9 
117 113   1  1  0 -9 
117 117  -1  2  0 -9 
117 120  -1  0  0 -9 
117 121  -1  0  0 -9 
117 123  -1  0  0 -9 
117 125   1  1  0 -9 
117 138  -1  0  0 -9 
117 140   1  1  0 -9 
117 142   1 -1  0 -9 
117 144  -1  0  0 -9 
117 147  -1 -2  0 -9 
117 149   1 -1  0 -9 
117 153   1 -1  0 -9 
117 155  -1  0  0 -9 
117 157   1 -1  0 -9 
117 162  -1 -2  0 -9 
118 34   1 -1  0 -9 
118 41   1 -1  0 -9 
118 43  -1 -2  0 -9 
118 44   1 -1  0 -9 
118 46  -1  0  0 -9 
118 72  -1  0  0 -9 
118 74  -1  0 -1 -2  0 -9 
118 99   1 -1  0 -9 
118 105   1 -3  0 -9 
118 107  -1 -2  0 -9 
118 118  -1  2  0 -9 
118 123  -1  0  0 -9 
118 131  -1  0  0 -9 
118 133   1 -1  0 -9 
118 134  -1  0 -1 -2  0 -9 
118 136   1  1  0 -9 
118 141   1  1  0 -9 
118 157   1 -1  0 -9 
118 159  -1  0  0 -9 
118 162  -1 -2  0 -9 
118 165  -1 -2  0 -9 
118 166   1 -3  0 -9 
118 167   1 -1  0 -9 
119 69  -1 -4  0 -9 
119 138   1 -3  0 -9 
120 73  -1 -4  0 -9 
120 87   1 -5  0 -9 
120 142   1 -3  0 -9 
120 147  -1 -4  0 -9 
121 130  -1 -4  0 -9 
121 153   1 -3  0 -9 
122 133  -1 -4  0 -9 
122 156   1 -3  0 -9 
122 161  -1 -4  0 -9 
122 165   1 -5  0 -9 
123 134  -1 -4  0 -9 
123 157   1 -3  0 -9 
123 162  -1 -4  0 -9 
123 166   1 -5  0 -9 
124 34   1 -3  0 -9 
124 43  -1 -4  0 -9 
124 74  -1 -4  0 -9 
124 105   1 -5  0 -9 
124 122  -1 -1  0 -9 
124 124   1  0  0 -9 
124 143  -1 -1  0 -9 
124 148   1 -2  0 -9 
124 156   1 -2  0 -9 
124 161  -1 -3  0 -9 
125 33  -1 -4  0 -9 
125 35   1 -3  0 -9 
125 44  -1 -4  0 -9 
125 75  -1 -4  0 -9 
125 106   1 -5  0 -9 
125 120  -1 -1  0 -9 
125 123  -1 -1  0 -9 
125 125   1  0  0 -9 
125 142   1 -2  0 -9 
125 144  -1 -1  0 -9 
125 147  -1 -3  0 -9 
125 149   1 -2  0 -9 
125 157   1 -2  0 -9 
125 162  -1 -3  0 -9 
126 27  -1  0  0 -9 
126 33  -1 -3  0 -9 
126 35   1 -2  0 -9 
126 44  -1 -3  0 -9 
126 67   1  1  0 -9 
126 75  -1 -3  0 -9 
126 76  -1  0  0 -9 
126 79  -1  0  0 -9 
126 85  -1  0  0 -9 
126 90   1 -1  0 -9 
126 98   1 -1  0 -9 
126 103  -1 -2  0 -9 
126 106   1 -4  0 -9 
126 120  -1  0  0 -9 
126 123  -1  0  0 -9 
126 125   1  1  0 -9 
126 126  -1  2  0 -9 
126 142   1 -1  0 -9 
126 144  -1  0  0 -9 
126 145   1  1  0 -9 
126 147  -1 -2  0 -9 
126 149   1 -1  0 -9 
126 150  -1  0  0 -9 
126 157   1 -1  0 -9 
126 158  -1  0  0 -9 
126 162  -1 -2  0 -9 
126 163   1 -1  0 -9 
127 45   1 -1  0 -9 
127 47  -1  0  0 -9 
127 77  -1  0  0 -9 
127 100   1 -1  0 -9 
127 108  -1 -2  0 -9 
127 123   1  1  0 -9 
127 127  -1  2  0 -9 
127 134  -1 -3  0 -9 
127 135  -1  0  0 -9 
127 137   1  1  0 -9 
127 146   1  1  0 -9 
127 151  -1  0  0 -9 
127 157   1 -2  0 -9 
127 160  -1  0  0 -9 
127 162  -1 -3  0 -9 
127 166   1 -4  0 -9 
127 168   1 -1  0 -9 
128  7   1 -2  0 -9 
128 38  -1 -1  0 -9 
128 40  -1 -4  0 -9 
128 41   1 -2 -1 -4  0 -9 
128 43   1 -5  0 -9 
128 128   1  0  0 -9 
128 130   1 -3  0 -9 
128 131  -1 -1  0 -9 
128 133  -1 -4  0 -9 
128 154   1 -2  0 -9 
128 165   1 -5  0 -9 
129  6   1 -2  0 -9 
129  8   1 -2  0 -9 
129 39  -1 -1  0 -9 
129 40  -1 -3  0 -9 
129 42   1 -2 -1 -4  0 -9 
129 44   1 -5  0 -9 
129 129   1  0  0 -9 
129 130   1 -2  0 -9 
129 132  -1 -1  0 -9 
129 134  -1 -4  0 -9 
129 155   1 -2  0 -9 
129 166   1 -5  0 -9 
130 40   1 -7  0 -9 
130 130  -1 -6  0 -9 
131 41  -1 -5  0 -9 
131 43   1 -6  0 -9 
131 133  -1 -5  0 -9 
131 154   1 -3  0 -9 
131 165   1 -6  0 -9 
132 40   1 -6  0 -9 
132 42  -1 -5  0 -9 
132 44   1 -6  0 -9 
132 130  -1 -5  0 -9 
132 134  -1 -5  0 -9 
132 155   1 -3  0 -9 
132 166   1 -6  0 -9 
133 43   1 -7  0 -9 
133 133  -1 -6  0 -9 
133 165   1 -7  0 -9 
134 44   1 -7  0 -9 
134 134  -1 -6  0 -9 
134 166   1 -7  0 -9 
135 44   1 -6  0 -9 
135 45  -1 -5  0 -9 
135 134  -1 -5  0 -9 
135 158   1 -3  0 -9 
135 163  -1 -4  0 -9 
135 166   1 -6  0 -9 
136 32   1 -2  0 -9 
136 34   1 -2  0 -9 
136 41   1 -2 -1 -4  0 -9 
136 43  -1 -3  0 -9 
136 44   1 -2  1 -6  0 -9 
136 46  -1 -1  0 -9 
136 72  -1 -1  0 -9 
136 74  -1 -1 -1 -3 -1 -5  0 -9 
136 99   1 -2  0 -9 
136 105   1 -4  1 -6  0 -9 
136 107  -1 -3  0 -9 
136 123  -1 -1  0 -9 
136 131  -1 -1  0 -9 
136 133   1 -2  0 -9 
136 134  -1 -1 -1 -3 -1 -5  0 -9 
136 136   1  0  0 -9 
136 154   1 -2  0 -9 
136 157   1 -2  0 -9 
136 159  -1 -1  0 -9 
136 162  -1 -3  0 -9 
136 165  -1 -3  0 -9 
136 166   1 -4  1 -6  0 -9 
136 167   1 -2  0 -9 
137 37   1 -2  0 -9 
137 44   1 -5  0 -9 
137 45   1 -2 -1 -4  0 -9 
137 47  -1 -1  0 -9 
137 77  -1 -1  0 -9 
137 100   1 -2  0 -9 
137 108  -1 -3  0 -9 
137 134  -1 -4  0 -9 
137 135  -1 -1  0 -9 
137 137   1  0  0 -9 
137 158   1 -2  0 -9 
137 160  -1 -1  0 -9 
137 163  -1 -3  0 -9 
137 166   1 -5  0 -9 
137 168   1 -2  0 -9 
138 29   1 -6  0 -9 
138 69  -1 -5  0 -9 
138 119   1 -3  0 -9 
139 41  -1 -3  0 -9 
139 70  -1 -1  0 -9 
139 74   1 -2 -1 -4  0 -9 
139 94   1 -2  0 -9 
139 105   1 -5  0 -9 
139 122  -1 -1  0 -9 
139 131   1 -2  0 -9 
139 133  -1 -3  0 -9 
139 139   1  0  0 -9 
139 143  -1 -1  0 -9 
139 148   1 -2  0 -9 
139 154  -1 -1  0 -9 
139 156   1 -2  0 -9 
139 161  -1 -3  0 -9 
140 21  -1 -3  0 -9 
140 29   1 -5  0 -9 
140 42  -1 -3  0 -9 
140 61   1 -2  0 -9 
140 69   1 -2 -1 -4  0 -9 
140 71  -1 -1  0 -9 
140 73  -1 -3  0 -9 
140 75   1 -2 -1 -4  0 -9 
140 79  -1 -1  0 -9 
140 95   1 -2  0 -9 
140 106   1 -5  0 -9 
140 119   1 -2  0 -9 
140 120  -1 -1  0 -9 
140 121  -1 -1  0 -9 
140 123  -1 -1  0 -9 
140 130  -1 -3  0 -9 
140 132   1 -2  0 -9 
140 134  -1 -3  0 -9 
140 138  -1 -1  0 -9 
140 140   1  0  0 -9 
140 142   1 -2  0 -9 
140 144  -1 -1  0 -9 
140 147  -1 -3  0 -9 
140 149   1 -2  0 -9 
140 153   1 -2  0 -9 
140 155  -1 -1  0 -9 
140 157   1 -2  0 -9 
140 162  -1 -3  0 -9 
141 72  -1 -1  0 -9 
141 74  -1 -3  0 -9 
141 99   1 -2  0 -9 
141 105   1 -4  0 -9 
141 107  -1 -3  0 -9 
141 123  -1 -1  0 -9 
141 134  -1 -3  0 -9 
141 141   1  0  0 -9 
141 157   1 -2  0 -9 
141 159  -1 -1  0 -9 
141 162  -1 -3  0 -9 
141 165  -1 -3  0 -9 
141 166   1 -4  0 -9 
141 167   1 -2  0 -9 
142 33   1 -6  0 -9 
142 73  -1 -5  0 -9 
142 87   1 -6  0 -9 
142 120   1 -3  0 -9 
142 147  -1 -5  0 -9 
143 74  -1 -5  0 -9 
143 105   1 -6  0 -9 
143 148   1 -3  0 -9 
143 161  -1 -4  0 -9 
144 75  -1 -5  0 -9 
144 106   1 -6  0 -9 
144 147  -1 -4  0 -9 
144 149   1 -3  0 -9 
144 162  -1 -4  0 -9 
145 21  -1 -3  0 -9 
145 45  -1 -3  0 -9 
145 61   1 -2  0 -9 
145 73  -1 -3  0 -9 
145 75   1 -2 -1 -4  0 -9 
145 76  -1 -1  0 -9 
145 79  -1 -1  0 -9 
145 85  -1 -1  0 -9 
145 90   1 -2  0 -9 
145 92  -1 -3  0 -9 
145 98   1 -2  0 -9 
145 103  -1 -3  0 -9 
145 106   1 -5  0 -9 
145 120  -1 -1  0 -9 
145 123  -1 -1  0 -9 
145 134  -1 -3  0 -9 
145 135   1 -2  0 -9 
145 142   1 -2  0 -9 
145 144  -1 -1  0 -9 
145 145   1  0  0 -9 
145 147  -1 -3  0 -9 
145 149   1 -2  0 -9 
145 150  -1 -1  0 -9 
145 152   1 -2  0 -9 
145 157   1 -2  0 -9 
145 158  -1 -1  0 -9 
145 162  -1 -3  0 -9 
145 163   1 -2 -1 -4  0 -9 
145 169   1 -5  0 -9 
146 77  -1 -1  0 -9 
146 100   1 -2  0 -9 
146 108  -1 -3  0 -9 
146 146   1  0  0 -9 
146 151  -1 -1  0 -9 
146 160  -1 -1  0 -9 
146 163  -1 -3  0 -9 
146 164   1 -2  0 -9 
146 168   1 -2  0 -9 
146 169   1 -4  0 -9 
146 170  -1 -3  0 -9 
147 87   1 -7  0 -9 
147 147  -1 -6  0 -9 
148 74  -1 -4  0 -9 
148 143   1 -3  0 -9 
148 161  -1 -5  0 -9 
148 165   1 -6  0 -9 
149 75  -1 -4  0 -9 
149 87   1 -6  0 -9 
149 144   1 -3  0 -9 
149 147  -1 -5  0 -9 
149 162  -1 -5  0 -9 
149 166   1 -6  0 -9 
150 92  -1 -4  0 -9 
150 152   1 -3  0 -9 
150 163  -1 -5  0 -9 
150 169   1 -6  0 -9 
151 163  -1 -4  0 -9 
151 164   1 -3  0 -9 
151 169   1 -5  0 -9 
151 170  -1 -4  0 -9 
152 92  -1 -5  0 -9 
152 109   1 -6  0 -9 
152 150   1 -3  0 -9 
152 163  -1 -4  0 -9 
153 40   1 -6  0 -9 
153 121   1 -3  0 -9 
153 130  -1 -5  0 -9 
154 41  -1 -4  0 -9 
154 43   1 -5  0 -9 
154 131   1 -3  0 -9 
154 133  -1 -4  0 -9 
155 40   1 -5  0 -9 
155 42  -1 -4  0 -9 
155 44   1 -5  0 -9 
155 130  -1 -4  0 -9 
155 132   1 -3  0 -9 
155 134  -1 -4  0 -9 
156 43   1 -6  0 -9 
156 122   1 -3  0 -9 
156 133  -1 -5  0 -9 
156 161  -1 -5  0 -9 
156 165   1 -6  0 -9 
157 44   1 -6  0 -9 
157 123   1 -3  0 -9 
157 134  -1 -5  0 -9 
157 162  -1 -5  0 -9 
157 166   1 -6  0 -9 
158 44   1 -5  0 -9 
158 45  -1 -4  0 -9 
158 134  -1 -4  0 -9 
158 135   1 -3  0 -9 
158 163  -1 -5  0 -9 
158 169   1 -6  0 -9 
159 44   1 -5  0 -9 
159 74  -1 -4  0 -9 
159 105   1 -5  0 -9 
159 107  -1 -4  0 -9 
159 134  -1 -4  0 -9 
159 162  -1 -4  0 -9 
159 165  -1 -4  0 -9 
159 166   1 -5  0 -9 
159 167   1 -3  0 -9 
160 108  -1 -4  0 -9 
160 110   1 -5  0 -9 
160 163  -1 -4  0 -9 
160 168   1 -3  0 -9 
160 169   1 -5  0 -9 
160 170  -1 -4  0 -9 
161 161  -1 -6  0 -9 
161 165   1 -7  0 -9 
162 162  -1 -6  0 -9 
162 166   1 -7  0 -9 
163 163  -1 -6  0 -9 
163 169   1 -7  0 -9 
164 110   1 -6  0 -9 
164 151   1 -3  0 -9 
164 163  -1 -5  0 -9 
164 169   1 -6  0 -9 
164 170  -1 -5  0 -9 
165 165   1 -8  0 -9 
166 166   1 -8  0 -9 
167 44   1 -6  0 -9 
167 74  -1 -5  0 -9 
167 105   1 -6  0 -9 
167 107  -1 -5  0 -9 
167 134  -1 -5  0 -9 
167 159   1 -3  0 -9 
167 162  -1 -5  0 -9 
167 165   1 -7  0 -9 
167 166   1 -6  0 -9 
168 108  -1 -5  0 -9 
168 110   1 -6  0 -9 
168 160   1 -3  0 -9 
168 163  -1 -5  0 -9 
168 169   1 -6  0 -9 
168 170  -1 -5  0 -9 
169 169   1 -8  0 -9 
170 110   1 -7  0 -9 
170 169   1 -7  0 -9 
170 170  -1 -6  0 -9 
171 20  -1 -3  0 -9 
171 29   1 -4  0 -9 
171 60   1 -2  0 -9 
171 69  -1 -3  0 -9 
171 78   1  1  0 -9 
171 138  -1  0  0 -9 
171 171  -1  2  0 -9 
171 180   1  1  0 -9 
172 21  -1 -3  0 -9 
172 33   1 -4  0 -9 
172 61   1 -2  0 -9 
172 73  -1 -3  0 -9 
172 79   1  1  0 -9 
172 142  -1  0  0 -9 
172 147   1 -1  0 -9 
172 172  -1  2  0 -9 
172 184   1  1  0 -9 
172 189  -1  0  0 -9 
173 20  -1 -2  0 -9 
173 29   1 -3  0 -9 
173 40  -1 -2  0 -9 
173 60   1 -1  0 -9 
173 62  -1  0  0 -9 
173 69  -1  0 -1 -2  0 -9 
173 78  -1  0  0 -9 
173 80   1  1  0 -9 
173 93   1 -1  0 -9 
173 130   1 -1  0 -9 
173 153  -1  0  0 -9 
173 173  -1  2  0 -9 
173 195   1  1  0 -9 
174 21  -1 -2  0 -9 
174 33   1 -3  0 -9 
174 43  -1 -2  0 -9 
174 61   1 -1  0 -9 
174 63  -1  0  0 -9 
174 73  -1  0 -1 -2  0 -9 
174 74  -1  0 -1 -2  0 -9 
174 79  -1  0  0 -9 
174 81   1  1  0 -9 
174 83  -1  0  0 -9 
174 87   1 -1  0 -9 
174 88   1 -1  0 -9 
174 96   1 -1  0 -9 
174 101  -1 -2  0 -9 
174 105   1 -3  0 -9 
174 133   1 -1  0 -9 
174 156  -1  0  0 -9 
174 161   1 -1  0 -9 
174 165  -1 -2  0 -9 
174 174  -1  2  0 -9 
174 198   1  1  0 -9 
174 203  -1  0  0 -9 
174 207   1 -1  0 -9 
175 44  -1 -2  0 -9 
175 64  -1  0  0 -9 
175 75  -1  0 -1 -2  0 -9 
175 82   1  1  0 -9 
175 84  -1  0  0 -9 
175 87  -1 -2  0 -9 
175 89   1 -1  0 -9 
175 97   1 -1  0 -9 
175 102  -1 -2  0 -9 
175 106   1 -3  0 -9 
175 134   1 -1  0 -9 
175 157  -1  0  0 -9 
175 162   1 -1  0 -9 
175 166  -1 -2  0 -9 
175 175  -1  2  0 -9 
175 199   1  1  0 -9 
175 204  -1  0  0 -9 
175 208   1 -1  0 -9 
176 74  -1 -3  0 -9 
176 83   1  1  0 -9 
176 88   1 -2  0 -9 
176 101  -1 -3  0 -9 
176 105   1 -4  0 -9 
176 143  -1  0  0 -9 
176 176  -1  2  0 -9 
176 185   1  1  0 -9 
176 190  -1  0  0 -9 
176 214   1  1  0 -9 
176 220  -1  0  0 -9 
176 226   1 -1  0 -9 
177 75  -1 -3  0 -9 
177 84   1  1  0 -9 
177 87  -1 -3  0 -9 
177 89   1 -2  0 -9 
177 102  -1 -3  0 -9 
177 106   1 -4  0 -9 
177 144  -1  0  0 -9 
177 177  -1  2  0 -9 
177 186   1  1  0 -9 
177 191  -1  0  0 -9 
177 213  -1  0  0 -9 
177 215   1  1  0 -9 
177 221  -1  0  0 -9 
177 227   1 -1  0 -9 
178 85   1  1  0 -9 
178 90   1 -2  0 -9 
178 92  -1 -3  0 -9 
178 103  -1 -3  0 -9 
178 109   1 -4  0 -9 
178 152  -1  0  0 -9 
178 178  -1  2  0 -9 
178 192  -1  0  0 -9 
178 194   1  1  0 -9 
178 216   1  1  0 -9 
178 218  -1  0  0 -9 
178 219   1 -1  0 -9 
178 222  -1  0  0 -9 
178 230   1 -1  0 -9 
178 232  -1 -2  0 -9 
179 85  -1  0  0 -9 
179 86   1  1  0 -9 
179 90   1 -1  0 -9 
179 91  -1  0  0 -9 
179 92  -1  0 -1 -2  0 -9 
179 103  -1 -2  0 -9 
179 104   1 -1  0 -9 
179 109   1 -3  0 -9 
179 110  -1 -2  0 -9 
179 163   1 -1  0 -9 
179 164  -1  0  0 -9 
179 169  -1 -2  0 -9 
179 170   1 -1  0 -9 
179 179  -1  2  0 -9 
179 193  -1  0  0 -9 
179 205  -1  0  0 -9 
179 206   1  1  0 -9 
179 211   1 -1  0 -9 
179 212  -1  0 -1 -2  0 -9 
179 217   1  1  0 -9 
179 223  -1  0  0 -9 
179 224  -1 -2  0 -9 
179 225   1 -1  0 -9 
179 231   1 -1  0 -9 
179 233  -1 -2  0 -9 
179 234   1 -3  0 -9 
180 29   1 -5  0 -9 
180 69  -1 -4  0 -9 
180 119   1 -2  0 -9 
180 138  -1 -1  0 -9 
180 180   1  0  0 -9 
181 41  -1 -2  0 -9 
181 70  -1  0  0 -9 
181 74  -1 -3  0 -9 
181 94   1 -1  0 -9 
181 105   1 -4  0 -9 
181 122  -1  0  0 -9 
181 131   1 -1  0 -9 
181 139   1  1  0 -9 
181 143  -1  0  0 -9 
181 148   1 -1  0 -9 
181 154  -1  0  0 -9 
181 165  -1 -3  0 -9 
181 181  -1  2  0 -9 
181 185   1  1  0 -9 
181 190  -1  0  0 -9 
181 196   1  1  0 -9 
181 207   1 -2  0 -9 
182 21  -1 -2  0 -9 
182 29   1 -4  0 -9 
182 42  -1 -2  0 -9 
182 61   1 -1  0 -9 
182 69  -1 -3  0 -9 
182 71  -1  0  0 -9 
182 75  -1 -3  0 -9 
182 79  -1  0  0 -9 
182 87  -1 -3  0 -9 
182 95   1 -1  0 -9 
182 106   1 -4  0 -9 
182 119   1 -1  0 -9 
182 120  -1  0  0 -9 
182 121  -1  0  0 -9 
182 123  -1  0  0 -9 
182 132   1 -1  0 -9 
182 138  -1  0  0 -9 
182 140   1  1  0 -9 
182 144  -1  0  0 -9 
182 149   1 -1  0 -9 
182 155  -1  0  0 -9 
182 166  -1 -3  0 -9 
182 180   1  1  0 -9 
182 182  -1  2  0 -9 
182 186   1  1  0 -9 
182 191  -1  0  0 -9 
182 197   1  1  0 -9 
182 208   1 -2  0 -9 
183 72  -1  0  0 -9 
183 74  -1  0 -1 -2  0 -9 
183 99   1 -1  0 -9 
183 105   1 -3  0 -9 
183 107  -1 -2  0 -9 
183 123  -1  0  0 -9 
183 141   1  1  0 -9 
183 159  -1  0  0 -9 
183 165  -1 -2  0 -9 
183 167   1 -1  0 -9 
183 183  -1  2  0 -9 
183 201   1  1  0 -9 
183 207   1 -1  0 -9 
183 209  -1  0  0 -9 
184 33   1 -5  0 -9 
184 73  -1 -4  0 -9 
184 87   1 -5  0 -9 
184 120   1 -2  0 -9 
184 142  -1 -1  0 -9 
184 147   1 -2 -1 -4  0 -9 
184 184   1  0  0 -9 
184 189  -1 -1  0 -9 
184 213   1 -2  0 -9 
185 74  -1 -4  0 -9 
185 105   1 -5  0 -9 
185 143  -1 -1  0 -9 
185 148   1 -2  0 -9 
185 161  -1 -3  0 -9 
185 185   1  0  0 -9 
185 190  -1 -1  0 -9 
185 226   1 -2  0 -9 
186 75  -1 -4  0 -9 
186 106   1 -5  0 -9 
186 144  -1 -1  0 -9 
186 147  -1 -3  0 -9 
186 149   1 -2  0 -9 
186 162  -1 -3  0 -9 
186 186   1  0  0 -9 
186 191  -1 -1  0 -9 
186 227   1 -2  0 -9 
187 21  -1 -2  0 -9 
187 45  -1 -2  0 -9 
187 61   1 -1  0 -9 
187 75  -1 -3  0 -9 
187 76  -1  0  0 -9 
187 79  -1  0  0 -9 
187 85  -1  0  0 -9 
187 87  -1 -3  0 -9 
187 90   1 -1  0 -9 
187 98   1 -1  0 -9 
187 103  -1 -2  0 -9 
187 106   1 -4  0 -9 
187 120  -1  0  0 -9 
187 123  -1  0  0 -9 
187 135   1 -1  0 -9 
187 144  -1  0  0 -9 
187 145   1  1  0 -9 
187 149   1 -1  0 -9 
187 150  -1  0  0 -9 
187 158  -1  0  0 -9 
187 163   1 -1 -1 -3  0 -9 
187 166  -1 -3  0 -9 
187 169   1 -4  0 -9 
187 186   1  1  0 -9 
187 187  -1  2  0 -9 
187 191  -1  0  0 -9 
187 192   1  1  0 -9 
187 200   1  1  0 -9 
187 205  -1  0  0 -9 
187 208   1 -2  0 -9 
187 211  -1 -3  0 -9 
187 224   1 -4  0 -9 
187 230   1 -2  0 -9 
187 232  -1 -3  0 -9 
188 77  -1  0  0 -9 
188 100   1 -1  0 -9 
188 108  -1 -2  0 -9 
188 146   1  1  0 -9 
188 151  -1  0  0 -9 
188 160  -1  0  0 -9 
188 168   1 -1  0 -9 
188 188  -1  2  0 -9 
188 193   1  1  0 -9 
188 202   1  1  0 -9 
188 210  -1  0  0 -9 
188 212  -1 -3  0 -9 
188 231   1 -2  0 -9 
188 233  -1 -3  0 -9 
188 234   1 -4  0 -9 
189 87   1 -6  0 -9 
189 147  -1 -5  0 -9 
189 213   1 -3  0 -9 
190 161  -1 -4  0 -9 
190 165   1 -5  0 -9 
190 207  -1 -4  0 -9 
190 226   1 -3  0 -9 
191 87   1 -5  0 -9 
191 147  -1 -4  0 -9 
191 162  -1 -4  0 -9 
191 166   1 -5  0 -9 
191 208  -1 -4  0 -9 
191 227   1 -3  0 -9 
192 163  -1 -4  0 -9 
192 169   1 -5  0 -9 
192 211  -1 -4  0 -9 
192 224   1 -5  0 -9 
192 230   1 -3  0 -9 
192 232  -1 -4  0 -9 
193 212  -1 -4  0 -9 
193 231   1 -3  0 -9 
193 233  -1 -4  0 -9 
193 234   1 -5  0 -9 
194 92  -1 -4  0 -9 
194 109   1 -5  0 -9 
194 150   1 -2  0 -9 
194 152  -1 -1  0 -9 
194 163  -1 -3  0 -9 
194 192  -1 -1  0 -9 
194 194   1  0  0 -9 
194 218  -1 -1  0 -9 
194 219   1 -2  0 -9 
194 230   1 -2  0 -9 
194 232  -1 -3  0 -9 
195 20  -1 -3  0 -9 
195 29   1 -4  1 -6  0 -9 
195 40  -1 -3  0 -9 
195 60   1 -2  0 -9 
195 62  -1 -1  0 -9 
195 69  -1 -1 -1 -3 -1 -5  0 -9 
195 78  -1 -1  0 -9 
195 93   1 -2  0 -9 
195 121   1 -2  0 -9 
195 130   1 -2  0 -9 
195 153  -1 -1  0 -9 
195 195   1  0  0 -9 
196 41  -1 -3  0 -9 
196 70  -1 -1  0 -9 
196 74  -1 -4  0 -9 
196 94   1 -2  0 -9 
196 105   1 -5  0 -9 
196 131   1 -2  0 -9 
196 154  -1 -1  0 -9 
196 165  -1 -4  0 -9 
196 196   1  0  0 -9 
196 207   1 -3  0 -9 
197 21  -1 -3  0 -9 
197 29   1 -5  0 -9 
197 42  -1 -3  0 -9 
197 61   1 -2  0 -9 
197 69  -1 -4  0 -9 
197 71  -1 -1  0 -9 
197 75  -1 -4  0 -9 
197 79  -1 -1  0 -9 
197 87  -1 -4  0 -9 
197 95   1 -2  0 -9 
197 106   1 -5  0 -9 
197 132   1 -2  0 -9 
197 155  -1 -1  0 -9 
197 166  -1 -4  0 -9 
197 197   1  0  0 -9 
197 208   1 -3  0 -9 
198 21  -1 -3  0 -9 
198 33   1 -4  1 -6  0 -9 
198 43  -1 -3  0 -9 
198 61   1 -2  0 -9 
198 63  -1 -1  0 -9 
198 73  -1 -1 -1 -3 -1 -5  0 -9 
198 74  -1 -1 -1 -3 -1 -5  0 -9 
198 79  -1 -1  0 -9 
198 83  -1 -1  0 -9 
198 87   1 -2  1 -6  0 -9 
198 88   1 -2  0 -9 
198 96   1 -2  0 -9 
198 101  -1 -3  0 -9 
198 105   1 -4  1 -6  0 -9 
198 122   1 -2  0 -9 
198 133   1 -2  0 -9 
198 156  -1 -1  0 -9 
198 161   1 -2 -1 -4  0 -9 
198 165  -1 -3  0 -9 
198 198   1  0  0 -9 
198 203  -1 -1  0 -9 
198 207   1 -2  0 -9 
198 220   1 -2  0 -9 
199 44  -1 -3  0 -9 
199 64  -1 -1  0 -9 
199 75  -1 -1 -1 -3 -1 -5  0 -9 
199 84  -1 -1  0 -9 
199 87  -1 -3  0 -9 
199 89   1 -2  0 -9 
199 97   1 -2  0 -9 
199 102  -1 -3  0 -9 
199 106   1 -4  1 -6  0 -9 
199 123   1 -2  0 -9 
199 134   1 -2  0 -9 
199 157  -1 -1  0 -9 
199 162   1 -2 -1 -4  0 -9 
199 166  -1 -3  0 -9 
199 199   1  0  0 -9 
199 204  -1 -1  0 -9 
199 208   1 -2  0 -9 
199 221   1 -2  0 -9 
200 21  -1 -3  0 -9 
200 45  -1 -3  0 -9 
200 61   1 -2  0 -9 
200 75  -1 -4  0 -9 
200 76  -1 -1  0 -9 
200 79  -1 -1  0 -9 
200 85  -1 -1  0 -9 
200 87  -1 -4  0 -9 
200 90   1 -2  0 -9 
200 98   1 -2  0 -9 
200 103  -1 -3  0 -9 
200 106   1 -5  0 -9 
200 135   1 -2  0 -9 
200 158  -1 -1  0 -9 
200 163   1 -2 -1 -4  0 -9 
200 166  -1 -4  0 -9 
200 169   1 -5  0 -9 
200 200   1  0  0 -9 
200 205  -1 -1  0 -9 
200 208   1 -3  0 -9 
200 211  -1 -4  0 -9 
200 222   1 -2  0 -9 
200 224   1 -5  0 -9 
201 72  -1 -1  0 -9 
201 74  -1 -1 -1 -3 -1 -5  0 -9 
201 99   1 -2  0 -9 
201 105   1 -4  1 -6  0 -9 
201 107  -1 -3  0 -9 
201 159  -1 -1  0 -9 
201 162  -1 -3  0 -9 
201 165  -1 -3  0 -9 
201 167   1 -2  0 -9 
201 201   1  0  0 -9 
201 207   1 -2  0 -9 
201 209  -1 -1  0 -9 
201 228   1 -2  0 -9 
202 77  -1 -1  0 -9 
202 100   1 -2  0 -9 
202 108  -1 -3  0 -9 
202 160  -1 -1  0 -9 
202 163  -1 -3  0 -9 
202 168   1 -2  0 -9 
202 202   1  0  0 -9 
202 210  -1 -1  0 -9 
202 212  -1 -4  0 -9 
202 229   1 -2  0 -9 
202 234   1 -5  0 -9 
203 87   1 -7  0 -9 
203 161  -1 -5  0 -9 
203 165   1 -6  0 -9 
203 207  -1 -5  0 -9 
203 220   1 -3  0 -9 
204 87   1 -6  0 -9 
204 162  -1 -5  0 -9 
204 166   1 -6  0 -9 
204 208  -1 -5  0 -9 
204 221   1 -3  0 -9 
205 163  -1 -5  0 -9 
205 169   1 -6  0 -9 
205 211  -1 -5  0 -9 
205 222   1 -3  0 -9 
205 224   1 -6  0 -9 
206 85  -1 -1  0 -9 
206 90   1 -2  0 -9 
206 91  -1 -1  0 -9 
206 92  -1 -1 -1 -3 -1 -5  0 -9 
206 103  -1 -3  0 -9 
206 104   1 -2  0 -9 
206 109   1 -4  1 -6  0 -9 
206 110  -1 -3  0 -9 
206 151   1 -2  0 -9 
206 163   1 -2 -1 -4  0 -9 
206 164  -1 -1  0 -9 
206 169  -1 -3  0 -9 
206 170   1 -2  0 -9 
206 193  -1 -1  0 -9 
206 205  -1 -1  0 -9 
206 206   1  0  0 -9 
206 211   1 -2  0 -9 
206 212  -1 -1 -1 -3 -1 -5  0 -9 
206 222   1 -2  0 -9 
206 223  -1 -1  0 -9 
206 224  -1 -3  0 -9 
206 225   1 -2  0 -9 
206 231   1 -2  0 -9 
206 233  -1 -3  0 -9 
206 234   1 -4  1 -6  0 -9 
207 165   1 -7  0 -9 
207 207  -1 -6  0 -9 
208 87   1 -7  0 -9 
208 166   1 -7  0 -9 
208 208  -1 -6  0 -9 
209 162  -1 -4  0 -9 
209 165   1 -6  0 -9 
209 207  -1 -5  0 -9 
209 228   1 -3  0 -9 
210 163  -1 -4  0 -9 
210 212  -1 -5  0 -9 
210 229   1 -3  0 -9 
210 234   1 -6  0 -9 
211 169   1 -7  0 -9 
211 211  -1 -6  0 -9 
211 224   1 -7  0 -9 
212 212  -1 -6  0 -9 
212 234   1 -7  0 -9 
213 147  -1 -4  0 -9 
213 189   1 -3  0 -9 
214 87  -1 -3  0 -9 
214 161  -1 -3  0 -9 
214 165   1 -4  0 -9 
214 190  -1 -1  0 -9 
214 203   1 -2  0 -9 
214 207  -1 -3  0 -9 
214 214   1  0  0 -9 
214 220  -1 -1  0 -9 
214 226   1 -2  0 -9 
215 147  -1 -3  0 -9 
215 162  -1 -3  0 -9 
215 166   1 -4  0 -9 
215 189   1 -2  0 -9 
215 191  -1 -1  0 -9 
215 204   1 -2  0 -9 
215 208  -1 -3  0 -9 
215 213  -1 -1  0 -9 
215 215   1  0  0 -9 
215 221  -1 -1  0 -9 
215 227   1 -2  0 -9 
216 163  -1 -3  0 -9 
216 169   1 -4  0 -9 
216 192  -1 -1  0 -9 
216 205   1 -2  0 -9 
216 211  -1 -3  0 -9 
216 216   1  0  0 -9 
216 218  -1 -1  0 -9 
216 219   1 -2  0 -9 
216 222  -1 -1  0 -9 
216 230   1 -2  0 -9 
216 232  -1 -3  0 -9 
217 193  -1 -1  0 -9 
217 212  -1 -3  0 -9 
217 217   1  0  0 -9 
217 223  -1 -1  0 -9 
217 224  -1 -3  0 -9 
217 225   1 -2  0 -9 
217 231   1 -2  0 -9 
217 233  -1 -3  0 -9 
217 234   1 -4  0 -9 
218 219   1 -3  0 -9 
218 232  -1 -4  0 -9 
219 218   1 -3  0 -9 
219 224   1 -6  0 -9 
219 232  -1 -5  0 -9 
220 87  -1 -4  0 -9 
220 161  -1 -4  0 -9 
220 165   1 -5  0 -9 
220 203   1 -3  0 -9 
220 207  -1 -4  0 -9 
221 162  -1 -4  0 -9 
221 166   1 -5  0 -9 
221 204   1 -3  0 -9 
221 208  -1 -4  0 -9 
222 163  -1 -4  0 -9 
222 169   1 -5  0 -9 
222 205   1 -3  0 -9 
222 211  -1 -4  0 -9 
223 212  -1 -4  0 -9 
223 224  -1 -4  0 -9 
223 225   1 -3  0 -9 
223 233  -1 -4  0 -9 
223 234   1 -5  0 -9 
224 224   1 -8  0 -9 
225 212  -1 -5  0 -9 
225 223   1 -3  0 -9 
225 224   1 -7  0 -9 
225 233  -1 -5  0 -9 
225 234   1 -6  0 -9 
226 161  -1 -5  0 -9 
226 165   1 -6  0 -9 
226 190   1 -3  0 -9 
226 207  -1 -5  0 -9 
227 87   1 -6  0 -9 
227 147  -1 -5  0 -9 
227 162  -1 -5  0 -9 
227 166   1 -6  0 -9 
227 191   1 -3  0 -9 
227 208  -1 -5  0 -9 
228 162  -1 -5  0 -9 
228 166   1 -6  0 -9 
228 207  -1 -4  0 -9 
228 209   1 -3  0 -9 
229 163  -1 -5  0 -9 
229 169   1 -6  0 -9 
229 210   1 -3  0 -9 
229 212  -1 -4  0 -9 
230 163  -1 -5  0 -9 
230 169   1 -6  0 -9 
230 192   1 -3  0 -9 
230 211  -1 -5  0 -9 
230 224   1 -6  0 -9 
230 232  -1 -5  0 -9 
231 193   1 -3  0 -9 
231 212  -1 -5  0 -9 
231 233  -1 -5  0 -9 
231 234   1 -6  0 -9 
232 224   1 -7  0 -9 
232 232  -1 -6  0 -9 
233 233  -1 -6  0 -9 
233 234   1 -7  0 -9 
234 234   1 -8  0 -9 
9999 9999
