 0  0  -1  2  0 -9 
 0 17   1  1  0 -9 
 0 23  -1  0  0 -9 
 1  1  -1  2  0 -9 
 1  4  -1  0  0 -9 
 1  8   1  1  0 -9 
 1 18   1  1  0 -9 
 1 27  -1  0  0 -9 
 1 32   1 -1  0 -9 
 2  2  -1  2  0 -9 
 2  5  -1  0  0 -9 
 2  9   1  1  0 -9 
 2 13   1 -1  0 -9 
 2 19   1  1  0 -9 
 2 28  -1  0  0 -9 
 2 33   1 -1  0 -9 
 2 38  -1 -2  0 -9 
 3  3  -1  2  0 -9 
 3  6  -1  0  0 -9 
 3 10   1  1  0 -9 
 3 14   1 -1  0 -9 
 3 20   1  1  0 -9 
 3 29  -1  0  0 -9 
 3 34   1 -1  0 -9 
 3 39  -1 -2  0 -9 
 4 23   1 -3  0 -9 
 5 13  -1 -5  0 -9 
 5 24   1 -3  0 -9 
 5 38   1 -6  0 -9 
 6 14  -1 -5  0 -9 
 6 25   1 -3  0 -9 
 6 39   1 -6  0 -9 
 7 15  -1 -5  0 -9 
 7 26   1 -3  0 -9 
 7 40   1 -6  0 -9 
 8  4  -1 -1  0 -9 
 8  8   1  0  0 -9 
 8 23   1 -2  0 -9 
 8 27  -1 -1  0 -9 
 8 32   1 -2  0 -9 
 9  5  -1 -1  0 -9 
 9  9   1  0  0 -9 
 9 13   1 -2  0 -9 
 9 24   1 -2  0 -9 
 9 28  -1 -1  0 -9 
 9 33   1 -2  0 -9 
 9 38  -1 -3  0 -9 
10  6  -1 -1  0 -9 
10 10   1  0  0 -9 
10 14   1 -2  0 -9 
10 25   1 -2  0 -9 
10 29  -1 -1  0 -9 
10 34   1 -2  0 -9 
10 39  -1 -3  0 -9 
11  5  -1 -1  0 -9 
11 11   1  0  0 -9 
11 13  -1 -4  0 -9 
11 14   1 -3  0 -9 
11 24   1 -2  0 -9 
11 30  -1 -1  0 -9 
11 35   1 -2  0 -9 
11 38   1 -5  0 -9 
11 39  -1 -4  0 -9 
12  7  -1 -1  0 -9 
12 12   1  0  0 -9 
12 15  -1 -4  0 -9 
12 16   1 -3  0 -9 
12 26   1 -2  0 -9 
12 31  -1 -1  0 -9 
12 36   1 -2  0 -9 
12 40   1 -5  0 -9 
12 41  -1 -4  0 -9 
13 13  -1 -6  0 -9 
13 38   1 -7  0 -9 
14 14  -1 -6  0 -9 
14 39   1 -7  0 -9 
15 15  -1 -6  0 -9 
15 40   1 -7  0 -9 
16 16  -1 -6  0 -9 
16 41   1 -7  0 -9 
17  4   1 -2  0 -9 
17 17   1  0  0 -9 
17 23  -1 -1  0 -9 
18 18   1  0  0 -9 
18 27  -1 -1  0 -9 
18 32   1 -2  0 -9 
19 19   1  0  0 -9 
19 28  -1 -1  0 -9 
19 33   1 -2  0 -9 
19 38  -1 -3  0 -9 
20 20   1  0  0 -9 
20 29  -1 -1  0 -9 
20 34   1 -2  0 -9 
20 39  -1 -3  0 -9 
21 18   1  1  0 -9 
21 21  -1  2  0 -9 
21 27  -1  0  0 -9 
22 20   1  1  0 -9 
22 22  -1  2  0 -9 
22 29  -1  0  0 -9 
22 34   1 -1  0 -9 
22 35  -1  0  0 -9 
22 37   1  1  0 -9 
22 39  -1 -2  0 -9 
22 42   1 -1  0 -9 
23  4   1 -3  0 -9 
24  5   1 -3  0 -9 
24 13  -1 -4  0 -9 
25  6   1 -3  0 -9 
25 14  -1 -4  0 -9 
26  7   1 -3  0 -9 
26 15  -1 -4  0 -9 
27 32   1 -3  0 -9 
28 33   1 -3  0 -9 
28 38  -1 -4  0 -9 
29 34   1 -3  0 -9 
29 39  -1 -4  0 -9 
30 35   1 -3  0 -9 
30 42  -1 -4  0 -9 
31 36   1 -3  0 -9 
31 43  -1 -4  0 -9 
32 27   1 -3  0 -9 
33 28   1 -3  0 -9 
33 38   1 -7  0 -9 
34 29   1 -3  0 -9 
34 39   1 -7  0 -9 
35 30   1 -3  0 -9 
35 39   1 -6  0 -9 
35 42  -1 -5  0 -9 
36 31   1 -3  0 -9 
36 41   1 -6  0 -9 
36 43  -1 -5  0 -9 
37 29  -1 -1  0 -9 
37 30   1 -2  0 -9 
37 34   1 -2  0 -9 
37 35  -1 -1  0 -9 
37 37   1  0  0 -9 
37 39  -1 -3  0 -9 
37 42   1 -2  0 -9 
38 38   1 -8  0 -9 
39 39   1 -8  0 -9 
40 40   1 -8  0 -9 
41 41   1 -8  0 -9 
42 39   1 -7  0 -9 
42 42  -1 -6  0 -9 
43 41   1 -7  0 -9 
43 43  -1 -6  0 -9 
44  4  -1 -1  0 -9 
44 23   1 -2  0 -9 
44 44   1  0  0 -9 
45  5  -1 -1  0 -9 
45 13   1 -2 -1 -4  0 -9 
45 24   1 -2  0 -9 
45 38   1 -5  0 -9 
45 45   1  0  0 -9 
45 53  -1 -1  0 -9 
45 57   1 -2  0 -9 
46  6  -1 -1  0 -9 
46 14   1 -2 -1 -4  0 -9 
46 25   1 -2  0 -9 
46 39   1 -5  0 -9 
46 46   1  0  0 -9 
46 54  -1 -1  0 -9 
46 58   1 -2  0 -9 
47  7  -1 -1  0 -9 
47 15   1 -2 -1 -4  0 -9 
47 26   1 -2  0 -9 
47 40   1 -5  0 -9 
47 47   1  0  0 -9 
47 55  -1 -1  0 -9 
47 59   1 -2  0 -9 
47 63  -1 -3  0 -9 
48  4  -1  0  0 -9 
48  8   1  1  0 -9 
48 23   1 -1  0 -9 
48 27  -1  0  0 -9 
48 44   1  1  0 -9 
48 48  -1  2  0 -9 
49  5  -1  0  0 -9 
49  9   1  1  0 -9 
49 13   1 -1  0 -9 
49 24   1 -1  0 -9 
49 28  -1  0  0 -9 
49 45   1  1  0 -9 
49 49  -1  2  0 -9 
49 53  -1  0  0 -9 
50  6  -1  0  0 -9 
50 10   1  1  0 -9 
50 14   1 -1  0 -9 
50 25   1 -1  0 -9 
50 29  -1  0  0 -9 
50 46   1  1  0 -9 
50 50  -1  2  0 -9 
50 54  -1  0  0 -9 
51  5  -1  0  0 -9 
51 11   1  1  0 -9 
51 13  -1 -3  0 -9 
51 14   1 -2  0 -9 
51 24   1 -1  0 -9 
51 30  -1  0  0 -9 
51 38   1 -4  0 -9 
51 39  -1 -3  0 -9 
51 42   1 -2  0 -9 
51 45   1  1  0 -9 
51 51  -1  2  0 -9 
51 53  -1  0  0 -9 
51 57   1 -1  0 -9 
51 58  -1  0  0 -9 
51 61   1  1  0 -9 
52  7  -1  0  0 -9 
52 12   1  1  0 -9 
52 15  -1 -3  0 -9 
52 16   1 -2  0 -9 
52 26   1 -1  0 -9 
52 31  -1  0  0 -9 
52 40   1 -4  0 -9 
52 41  -1 -3  0 -9 
52 43   1 -2  0 -9 
52 47   1  1  0 -9 
52 52  -1  2  0 -9 
52 55  -1  0  0 -9 
52 59   1 -1  0 -9 
52 60  -1  0  0 -9 
52 62   1  1  0 -9 
52 63  -1 -2  0 -9 
52 64   1 -1  0 -9 
53 13  -1 -5  0 -9 
53 38   1 -6  0 -9 
53 57   1 -3  0 -9 
54 14  -1 -5  0 -9 
54 39   1 -6  0 -9 
54 58   1 -3  0 -9 
55 15  -1 -5  0 -9 
55 40   1 -6  0 -9 
55 59   1 -3  0 -9 
55 63  -1 -4  0 -9 
56 16  -1 -5  0 -9 
56 41   1 -6  0 -9 
56 60   1 -3  0 -9 
56 64  -1 -4  0 -9 
57 13  -1 -4  0 -9 
57 53   1 -3  0 -9 
58 14  -1 -4  0 -9 
58 54   1 -3  0 -9 
59 15  -1 -4  0 -9 
59 55   1 -3  0 -9 
59 63   1 -7  0 -9 
60 16  -1 -4  0 -9 
60 56   1 -3  0 -9 
60 63   1 -6  0 -9 
60 64  -1 -5  0 -9 
61 13  -1 -4  0 -9 
61 38   1 -5  0 -9 
61 39  -1 -4  0 -9 
61 42   1 -3  0 -9 
61 53  -1 -1  0 -9 
61 54   1 -2  0 -9 
61 57   1 -2  0 -9 
61 58  -1 -1  0 -9 
61 61   1  0  0 -9 
62 15  -1 -4  0 -9 
62 40   1 -5  0 -9 
62 41  -1 -4  0 -9 
62 43   1 -3  0 -9 
62 55  -1 -1  0 -9 
62 56   1 -2  0 -9 
62 59   1 -2  0 -9 
62 60  -1 -1  0 -9 
62 62   1  0  0 -9 
62 63  -1 -3  0 -9 
62 64   1 -2  0 -9 
63 63   1 -8  0 -9 
64 63   1 -7  0 -9 
64 64  -1 -6  0 -9 
65  4  -1  0  0 -9 
65 44   1  1  0 -9 
65 65  -1  2  0 -9 
66  5  -1  0  0 -9 
66 13   1 -1  0 -9 
66 45   1  1  0 -9 
66 53  -1  0  0 -9 
66 57   1 -1  0 -9 
66 66  -1  2  0 -9 
66 74   1  1  0 -9 
66 78  -1  0  0 -9 
67  6  -1  0  0 -9 
67 14   1 -1  0 -9 
67 46   1  1  0 -9 
67 54  -1  0  0 -9 
67 58   1 -1  0 -9 
67 67  -1  2  0 -9 
67 75   1  1  0 -9 
67 79  -1  0  0 -9 
68  7  -1  0  0 -9 
68 15   1 -1  0 -9 
68 47   1  1  0 -9 
68 55  -1  0  0 -9 
68 59   1 -1  0 -9 
68 63  -1 -2  0 -9 
68 68  -1  2  0 -9 
68 76   1  1  0 -9 
68 80  -1  0  0 -9 
68 84   1 -1  0 -9 
69 32  -1  0  0 -9 
69 69  -1  2  0 -9 
69 86   1  1  0 -9 
70 33  -1  0  0 -9 
70 38   1 -1  0 -9 
70 70  -1  2  0 -9 
70 87   1  1  0 -9 
70 92  -1  0  0 -9 
71 34  -1  0  0 -9 
71 39   1 -1  0 -9 
71 71  -1  2  0 -9 
71 88   1  1  0 -9 
71 93  -1  0  0 -9 
72 35  -1  0  0 -9 
72 42   1 -1  0 -9 
72 72  -1  2  0 -9 
72 79  -1  0  0 -9 
72 82   1  1  0 -9 
72 89   1  1  0 -9 
72 96  -1  0  0 -9 
72 98   1 -1  0 -9 
73 36  -1  0  0 -9 
73 43   1 -1  0 -9 
73 73  -1  2  0 -9 
73 81  -1  0  0 -9 
73 83   1  1  0 -9 
73 85   1 -1  0 -9 
73 90   1  1  0 -9 
73 97  -1  0  0 -9 
73 99   1 -1  0 -9 
73 100  -1 -2  0 -9 
74 13   1 -2  0 -9 
74 38  -1 -3  0 -9 
74 53  -1 -1  0 -9 
74 57   1 -2  0 -9 
74 74   1  0  0 -9 
74 78  -1 -1  0 -9 
74 92   1 -2  0 -9 
75 14   1 -2  0 -9 
75 39  -1 -3  0 -9 
75 54  -1 -1  0 -9 
75 58   1 -2  0 -9 
75 75   1  0  0 -9 
75 79  -1 -1  0 -9 
75 93   1 -2  0 -9 
76 15   1 -2  0 -9 
76 40  -1 -3  0 -9 
76 55  -1 -1  0 -9 
76 59   1 -2  0 -9 
76 63  -1 -3  0 -9 
76 76   1  0  0 -9 
76 80  -1 -1  0 -9 
76 84   1 -2  0 -9 
76 94   1 -2  0 -9 
77 16   1 -2  0 -9 
77 41  -1 -3  0 -9 
77 56  -1 -1  0 -9 
77 60   1 -2  0 -9 
77 63  -1 -4  0 -9 
77 77   1  0  0 -9 
77 81  -1 -1  0 -9 
77 84   1 -3  0 -9 
77 85  -1 -4  0 -9 
77 95   1 -2  0 -9 
77 100   1 -5  0 -9 
78 38  -1 -4  0 -9 
78 92   1 -3  0 -9 
79 39  -1 -4  0 -9 
79 93   1 -3  0 -9 
80 40  -1 -4  0 -9 
80 63   1 -6  0 -9 
80 84  -1 -5  0 -9 
80 94   1 -3  0 -9 
81 41  -1 -4  0 -9 
81 85  -1 -5  0 -9 
81 95   1 -3  0 -9 
81 100   1 -6  0 -9 
82 39  -1 -3  0 -9 
82 42   1 -2  0 -9 
82 79  -1 -1  0 -9 
82 82   1  0  0 -9 
82 93   1 -2  0 -9 
82 96  -1 -1  0 -9 
82 98   1 -2  0 -9 
83 41  -1 -3  0 -9 
83 43   1 -2  0 -9 
83 81  -1 -1  0 -9 
83 83   1  0  0 -9 
83 85   1 -2  0 -9 
83 95   1 -2  0 -9 
83 97  -1 -1  0 -9 
83 99   1 -2  0 -9 
83 100  -1 -3  0 -9 
84 63   1 -7  0 -9 
84 84  -1 -6  0 -9 
85 85  -1 -6  0 -9 
85 100   1 -7  0 -9 
86 27   1 -2  0 -9 
86 32  -1 -1  0 -9 
86 86   1  0  0 -9 
87 28   1 -2  0 -9 
87 33  -1 -1  0 -9 
87 38   1 -2  1 -6  0 -9 
87 78   1 -2  0 -9 
87 87   1  0  0 -9 
87 92  -1 -1  0 -9 
88 29   1 -2  0 -9 
88 34  -1 -1  0 -9 
88 39   1 -2  1 -6  0 -9 
88 79   1 -2  0 -9 
88 88   1  0  0 -9 
88 93  -1 -1  0 -9 
89 30   1 -2  0 -9 
89 35  -1 -1  0 -9 
89 39   1 -5  0 -9 
89 42   1 -2 -1 -4  0 -9 
89 89   1  0  0 -9 
89 96  -1 -1  0 -9 
89 98   1 -2  0 -9 
90 31   1 -2  0 -9 
90 36  -1 -1  0 -9 
90 41   1 -5  0 -9 
90 43   1 -2 -1 -4  0 -9 
90 90   1  0  0 -9 
90 97  -1 -1  0 -9 
90 99   1 -2  0 -9 
90 100  -1 -3  0 -9 
91 29  -1  0  0 -9 
91 30   1 -1  0 -9 
91 35  -1  0  0 -9 
91 37   1  1  0 -9 
91 42   1 -1  0 -9 
91 89   1  1  0 -9 
91 91  -1  2  0 -9 
91 96  -1  0  0 -9 
92 38   1 -7  0 -9 
92 78   1 -3  0 -9 
93 39   1 -7  0 -9 
93 79   1 -3  0 -9 
94 40   1 -7  0 -9 
94 80   1 -3  0 -9 
94 84  -1 -4  0 -9 
95 41   1 -7  0 -9 
95 81   1 -3  0 -9 
95 85  -1 -4  0 -9 
96 39   1 -6  0 -9 
96 42  -1 -5  0 -9 
96 98   1 -3  0 -9 
97 41   1 -6  0 -9 
97 43  -1 -5  0 -9 
97 99   1 -3  0 -9 
97 100  -1 -4  0 -9 
98 42  -1 -4  0 -9 
98 96   1 -3  0 -9 
99 43  -1 -4  0 -9 
99 97   1 -3  0 -9 
99 100   1 -7  0 -9 
100 100   1 -8  0 -9 
101 13   1 -1  0 -9 
101 38  -1 -2  0 -9 
101 53  -1  0  0 -9 
101 74   1  1  0 -9 
101 78  -1  0  0 -9 
101 92   1 -1  0 -9 
101 101  -1  2  0 -9 
101 107   1  1  0 -9 
102 14   1 -1  0 -9 
102 39  -1 -2  0 -9 
102 54  -1  0  0 -9 
102 75   1  1  0 -9 
102 79  -1  0  0 -9 
102 93   1 -1  0 -9 
102 102  -1  2  0 -9 
102 108   1  1  0 -9 
103 15   1 -1  0 -9 
103 40  -1 -2  0 -9 
103 55  -1  0  0 -9 
103 76   1  1  0 -9 
103 80  -1  0  0 -9 
103 84   1 -1  0 -9 
103 94   1 -1  0 -9 
103 103  -1  2  0 -9 
103 109   1  1  0 -9 
103 113  -1  0  0 -9 
104 16   1 -1  0 -9 
104 41  -1 -2  0 -9 
104 56  -1  0  0 -9 
104 63  -1 -3  0 -9 
104 64   1 -2  0 -9 
104 77   1  1  0 -9 
104 81  -1  0  0 -9 
104 84   1 -2  0 -9 
104 85  -1 -3  0 -9 
104 95   1 -1  0 -9 
104 100   1 -4  0 -9 
104 104  -1  2  0 -9 
104 105  -1  0  0 -9 
104 106   1  1  0 -9 
104 110   1  1  0 -9 
104 114  -1  0  0 -9 
104 115   1 -1  0 -9 
105 84  -1 -4  0 -9 
105 113   1 -3  0 -9 
106 63  -1 -4  0 -9 
106 64   1 -3  0 -9 
106 85  -1 -4  0 -9 
106 100   1 -5  0 -9 
106 105  -1 -1  0 -9 
106 106   1  0  0 -9 
106 113   1 -2  0 -9 
106 114  -1 -1  0 -9 
106 115   1 -2  0 -9 
107 38  -1 -3  0 -9 
107 78  -1 -1  0 -9 
107 92   1 -2  0 -9 
107 107   1  0  0 -9 
108 39  -1 -3  0 -9 
108 79  -1 -1  0 -9 
108 93   1 -2  0 -9 
108 108   1  0  0 -9 
109 40  -1 -3  0 -9 
109 63   1 -5  0 -9 
109 80  -1 -1  0 -9 
109 84   1 -2 -1 -4  0 -9 
109 94   1 -2  0 -9 
109 105   1 -2  0 -9 
109 109   1  0  0 -9 
109 113  -1 -1  0 -9 
110 41  -1 -3  0 -9 
110 81  -1 -1  0 -9 
110 85   1 -2 -1 -4  0 -9 
110 95   1 -2  0 -9 
110 100   1 -5  0 -9 
110 110   1  0  0 -9 
110 114  -1 -1  0 -9 
110 115   1 -2  0 -9 
111 39  -1 -2  0 -9 
111 42   1 -1  0 -9 
111 79  -1  0  0 -9 
111 82   1  1  0 -9 
111 93   1 -1  0 -9 
111 96  -1  0  0 -9 
111 108   1  1  0 -9 
111 111  -1  2  0 -9 
112 41  -1 -2  0 -9 
112 43   1 -1  0 -9 
112 81  -1  0  0 -9 
112 83   1  1  0 -9 
112 85   1 -1  0 -9 
112 95   1 -1  0 -9 
112 97  -1  0  0 -9 
112 110   1  1  0 -9 
112 112  -1  2  0 -9 
112 114  -1  0  0 -9 
113 63   1 -6  0 -9 
113 84  -1 -5  0 -9 
113 105   1 -3  0 -9 
114 85  -1 -5  0 -9 
114 100   1 -6  0 -9 
114 115   1 -3  0 -9 
115 85  -1 -4  0 -9 
115 114   1 -3  0 -9 
9999 9999
