176
14
90
91
350
715
364
910
2835
1925
2925
1001
1638
7007
9100
11088
9450
7722
2002
2002
11375
22113
25025
12740
42042
26950
13650
24948
14300
3003
1430
11583
32032
35100
35035
91000
53625
57330
58968
100100
44550
42042
43120
19305
3432
5005
25025
27027
45045
108108
61425
25025
135135
112112
184275
75075
90090
122850
159250
150150
51975
34398
70070
51975
19305
3003
21450
50050
28028
30030
128700
100100
162162
63700
80080
175175
231660
243243
221130
70070
50050
210210
156000
112112
221130
150150
43120
63700
75075
44550
14300
2002
6006
54054
96525
126126
125125
112112
34398
81081
100100
75075
292864
210210
125125
243243
159250
42042
100100
126126
231660
122850
162162
184275
100100
24948
28028
61425
53625
26950
7722
1001
24024
75075
50050
81081
96525
175175
90090
100100
112112
58968
13650
54054
80080
128700
135135
57330
50050
108108
91000
42042
9450
27027
35100
25025
11088
2925
364
6006
30030
25025
21450
45045
35035
12740
25025
32032
22113
9100
1925
5005
11583
11375
7007
2835
715
91
1430
2002
1638
910
350
90
14

