 0  2   1  3  0 -9 
 0  4  -1  4  0 -9 
 0  8  -1  4  0 -9 
 0 12   1  5  0 -9 
 1  0  -1  1  0 -9 
 1  1   1  0  0 -9 
 1  2   1  2  0 -9 
 1  3  -1  1  0 -9 
 1  4  -1  3  0 -9 
 1  8  -1  3  0 -9 
 1  9   1  2  0 -9 
 1 12   1  4  0 -9 
 1 14  -1  3  0 -9 
 2  0   1  3  0 -9 
 2  4  -1  5  0 -9 
 2  8  -1  5  0 -9 
 2 12   1  6  0 -9 
 3  4  -1  4  0 -9 
 3  8  -1  4  0 -9 
 3  9   1  3  0 -9 
 3 12   1  5  0 -9 
 3 14  -1  4  0 -9 
 4  4  -1  6  0 -9 
 4 12   1  7  0 -9 
 5  5  -1  6  0 -9 
 5 13   1  7  0 -9 
 6  5  -1  4  0 -9 
 6 10   1  3  0 -9 
 6 13   1  5  0 -9 
 6 15  -1  4  0 -9 
 7  5  -1  5  0 -9 
 7 11   1  3  0 -9 
 7 13   1  6  0 -9 
 7 16  -1  4  0 -9 
 8  8  -1  6  0 -9 
 8 12   1  7  0 -9 
 9  3   1  3  0 -9 
 9  4  -1  5  0 -9 
 9  8  -1  5  0 -9 
 9 12   1  6  0 -9 
 9 14   1  7  0 -9 
10  5  -1  5  0 -9 
10  6   1  3  0 -9 
10 13   1  6  0 -9 
10 14   1  6  0 -9 
10 15  -1  5  0 -9 
10 17   1  6  0 -9 
11  5  -1  4  0 -9 
11  7   1  3  0 -9 
11 16  -1  5  0 -9 
11 18   1  6  0 -9 
12 12   1  8  0 -9 
13 13   1  8  0 -9 
14 14   1  8  0 -9 
15 13   1  7  0 -9 
15 14   1  7  0 -9 
15 15  -1  6  0 -9 
15 17   1  7  0 -9 
16 16  -1  6  0 -9 
16 18   1  7  0 -9 
17 17   1  8  0 -9 
18 18   1  8  0 -9 
19 17   1  7  0 -9 
19 19  -1  6  0 -9 
20 22   1  3  0 -9 
20 26  -1  4  0 -9 
20 30  -1  5  0 -9 
20 34   1  6  0 -9 
21 30  -1  4  0 -9 
21 31   1  3  0 -9 
21 34   1  5  0 -9 
21 36  -1  4  0 -9 
22 20   1  3  0 -9 
22 26  -1  5  0 -9 
22 30  -1  4  0 -9 
22 42   1  6  0 -9 
23  5  -1  4  0 -9 
23 13   1  5  0 -9 
23 26  -1  4  0 -9 
23 27   1  3  0 -9 
23 42   1  5  0 -9 
23 43  -1  4  0 -9 
24 17  -1  3  0 -9 
24 21  -1  1  0 -9 
24 24   1  0  0 -9 
24 28  -1  1  0 -9 
24 30  -1  3  0 -9 
24 31   1  2  0 -9 
24 32  -1  1  0 -9 
24 34   1  4  0 -9 
24 35  -1  3  0 -9 
24 36  -1  3  0 -9 
24 37   1  2  0 -9 
24 39  -1  3  0 -9 
24 45  -1  3  0 -9 
24 47   1  2  0 -9 
24 50   1  4  0 -9 
25  5  -1  3  0 -9 
25 13   1  4  0 -9 
25 18  -1  3  0 -9 
25 23  -1  1  0 -9 
25 25   1  0  0 -9 
25 26  -1  3  0 -9 
25 27   1  2  0 -9 
25 29  -1  1  0 -9 
25 33  -1  1  0 -9 
25 38   1  2  0 -9 
25 40  -1  3  0 -9 
25 42   1  4  0 -9 
25 43  -1  3  0 -9 
25 44  -1  3  0 -9 
25 46  -1  3  0 -9 
25 48   1  2  0 -9 
25 51   1  4  0 -9 
26 26  -1  6  0 -9 
26 42   1  7  0 -9 
27  5  -1  5  0 -9 
27 13   1  6  0 -9 
27 23   1  3  0 -9 
27 26  -1  5  0 -9 
27 35   1  6  0 -9 
27 42   1  6  0 -9 
27 43  -1  5  0 -9 
28 17  -1  4  0 -9 
28 39  -1  4  0 -9 
28 45  -1  4  0 -9 
28 47   1  3  0 -9 
28 50   1  5  0 -9 
29  5  -1  4  0 -9 
29 13   1  5  0 -9 
29 18  -1  4  0 -9 
29 26  -1  4  0 -9 
29 35   1  5  0 -9 
29 40  -1  4  0 -9 
29 42   1  5  0 -9 
29 43  -1  4  0 -9 
29 44  -1  4  0 -9 
29 46  -1  4  0 -9 
29 48   1  3  0 -9 
29 51   1  5  0 -9 
30 30  -1  6  0 -9 
30 34   1  7  0 -9 
31 21   1  3  0 -9 
31 30  -1  5  0 -9 
31 34   1  6  0 -9 
31 36  -1  5  0 -9 
31 44   1  6  0 -9 
32 30  -1  4  0 -9 
32 34   1  5  0 -9 
32 35  -1  4  0 -9 
32 36  -1  4  0 -9 
32 37   1  3  0 -9 
32 39  -1  4  0 -9 
32 44   1  5  0 -9 
32 45  -1  4  0 -9 
32 50   1  5  0 -9 
33 38   1  3  0 -9 
33 40  -1  4  0 -9 
33 46  -1  4  0 -9 
33 51   1  5  0 -9 
34 34   1  8  0 -9 
35 35   1  8  0 -9 
36 34   1  7  0 -9 
36 36  -1  6  0 -9 
36 44   1  7  0 -9 
37 30  -1  5  0 -9 
37 32   1  3  0 -9 
37 34   1  6  0 -9 
37 35   1  7  0 -9 
37 36  -1  5  0 -9 
37 39  -1  5  0 -9 
37 44   1  6  0 -9 
37 45  -1  5  0 -9 
37 50   1  6  0 -9 
38 33   1  3  0 -9 
38 35   1  6  0 -9 
38 40  -1  5  0 -9 
38 46  -1  5  0 -9 
38 51   1  6  0 -9 
39 39  -1  6  0 -9 
39 50   1  7  0 -9 
40 35   1  7  0 -9 
40 40  -1  6  0 -9 
40 51   1  7  0 -9 
41 19  -1  4  0 -9 
41 39  -1  5  0 -9 
41 46  -1  4  0 -9 
41 49   1  3  0 -9 
41 50   1  6  0 -9 
42 42   1  8  0 -9 
43 13   1  7  0 -9 
43 35   1  7  0 -9 
43 42   1  7  0 -9 
43 43  -1  6  0 -9 
44 44   1  8  0 -9 
45 44   1  7  0 -9 
45 45  -1  6  0 -9 
45 50   1  7  0 -9 
46 46  -1  6  0 -9 
46 51   1  7  0 -9 
47 17   1  7  0 -9 
47 28   1  3  0 -9 
47 39  -1  5  0 -9 
47 44   1  6  0 -9 
47 45  -1  5  0 -9 
47 50   1  6  0 -9 
48  5  -1  5  0 -9 
48 13   1  6  0 -9 
48 18   1  7  0 -9 
48 26  -1  5  0 -9 
48 29   1  3  0 -9 
48 35   1  6  0 -9 
48 40  -1  5  0 -9 
48 42   1  6  0 -9 
48 43  -1  5  0 -9 
48 44   1  7  0 -9 
48 46  -1  5  0 -9 
48 51   1  6  0 -9 
49 17   1  6  0 -9 
49 19  -1  5  0 -9 
49 39  -1  4  0 -9 
49 41   1  3  0 -9 
49 46  -1  5  0 -9 
49 51   1  6  0 -9 
50 50   1  8  0 -9 
51 51   1  8  0 -9 
52  4  -1  4  0 -9 
52 54   1  3  0 -9 
52 58  -1  4  0 -9 
52 62  -1  5  0 -9 
52 66   1  6  0 -9 
53 62  -1  4  0 -9 
53 63   1  3  0 -9 
53 66   1  5  0 -9 
53 68  -1  4  0 -9 
54  4  -1  5  0 -9 
54 12   1  6  0 -9 
54 52   1  3  0 -9 
54 58  -1  5  0 -9 
54 62  -1  4  0 -9 
54 74   1  6  0 -9 
55  5  -1  5  0 -9 
55 13   1  6  0 -9 
55 58  -1  4  0 -9 
55 59   1  3  0 -9 
55 74   1  5  0 -9 
55 75  -1  4  0 -9 
56  5  -1  3  0 -9 
56  6  -1  1  0 -9 
56 10   1  2  0 -9 
56 13   1  4  0 -9 
56 15  -1  3  0 -9 
56 53  -1  1  0 -9 
56 56   1  0  0 -9 
56 60  -1  1  0 -9 
56 62  -1  3  0 -9 
56 63   1  2  0 -9 
56 64  -1  1  0 -9 
56 66   1  4  0 -9 
56 67  -1  3  0 -9 
56 68  -1  3  0 -9 
56 69   1  2  0 -9 
56 71  -1  3  0 -9 
56 77  -1  3  0 -9 
56 79   1  2  0 -9 
56 82   1  4  0 -9 
57  5  -1  4  1  2  0 -9 
57  7  -1  1  0 -9 
57 11   1  2  0 -9 
57 13   1  5  0 -9 
57 16  -1  3  0 -9 
57 55  -1  1  0 -9 
57 57   1  0  0 -9 
57 58  -1  3  0 -9 
57 59   1  2  0 -9 
57 61  -1  1  0 -9 
57 65  -1  1  0 -9 
57 70   1  2  0 -9 
57 72  -1  3  0 -9 
57 74   1  4  0 -9 
57 75  -1  3  0 -9 
57 76  -1  3  0 -9 
57 78  -1  3  0 -9 
57 80   1  2  0 -9 
57 83   1  4  0 -9 
58 58  -1  6  0 -9 
58 74   1  7  0 -9 
59  5  -1  4  0 -9 
59 55   1  3  0 -9 
59 58  -1  5  0 -9 
59 67   1  6  0 -9 
59 74   1  6  0 -9 
59 75  -1  5  0 -9 
60 71  -1  4  0 -9 
60 77  -1  4  0 -9 
60 79   1  3  0 -9 
60 82   1  5  0 -9 
61 58  -1  4  0 -9 
61 67   1  5  0 -9 
61 72  -1  4  0 -9 
61 74   1  5  0 -9 
61 75  -1  4  0 -9 
61 76  -1  4  0 -9 
61 78  -1  4  0 -9 
61 80   1  3  0 -9 
61 83   1  5  0 -9 
62 62  -1  6  0 -9 
62 66   1  7  0 -9 
63 14   1  6  0 -9 
63 53   1  3  0 -9 
63 62  -1  5  0 -9 
63 66   1  6  0 -9 
63 68  -1  5  0 -9 
63 76   1  6  0 -9 
64  5  -1  4  0 -9 
64 13   1  5  0 -9 
64 14   1  5  0 -9 
64 15  -1  4  0 -9 
64 17   1  5  0 -9 
64 62  -1  4  0 -9 
64 66   1  5  0 -9 
64 67  -1  4  0 -9 
64 68  -1  4  0 -9 
64 69   1  3  0 -9 
64 71  -1  4  0 -9 
64 76   1  5  0 -9 
64 77  -1  4  0 -9 
64 82   1  5  0 -9 
65 16  -1  4  0 -9 
65 18   1  5  0 -9 
65 70   1  3  0 -9 
65 72  -1  4  0 -9 
65 78  -1  4  0 -9 
65 83   1  5  0 -9 
66 66   1  8  0 -9 
67 67   1  8  0 -9 
68 14   1  7  0 -9 
68 66   1  7  0 -9 
68 68  -1  6  0 -9 
68 76   1  7  0 -9 
69  5  -1  5  0 -9 
69 13   1  6  0 -9 
69 14   1  6  0 -9 
69 15  -1  5  0 -9 
69 17   1  6  0 -9 
69 62  -1  5  0 -9 
69 64   1  3  0 -9 
69 66   1  6  0 -9 
69 67   1  7  0 -9 
69 68  -1  5  0 -9 
69 71  -1  5  0 -9 
69 76   1  6  0 -9 
69 77  -1  5  0 -9 
69 82   1  6  0 -9 
70 16  -1  5  0 -9 
70 18   1  6  0 -9 
70 65   1  3  0 -9 
70 67   1  6  0 -9 
70 72  -1  5  0 -9 
70 78  -1  5  0 -9 
70 83   1  6  0 -9 
71 17   1  7  0 -9 
71 71  -1  6  0 -9 
71 82   1  7  0 -9 
72 18   1  7  0 -9 
72 67   1  7  0 -9 
72 72  -1  6  0 -9 
72 83   1  7  0 -9 
73 17   1  6  0 -9 
73 19  -1  5  0 -9 
73 71  -1  5  0 -9 
73 78  -1  4  0 -9 
73 81   1  3  0 -9 
73 82   1  6  0 -9 
74 74   1  8  0 -9 
75 67   1  7  0 -9 
75 74   1  7  0 -9 
75 75  -1  6  0 -9 
76 76   1  8  0 -9 
77 76   1  7  0 -9 
77 77  -1  6  0 -9 
77 82   1  7  0 -9 
78 78  -1  6  0 -9 
78 83   1  7  0 -9 
79 17   1  6  0 -9 
79 60   1  3  0 -9 
79 71  -1  5  0 -9 
79 76   1  6  0 -9 
79 77  -1  5  0 -9 
79 82   1  6  0 -9 
80 18   1  6  0 -9 
80 58  -1  5  0 -9 
80 61   1  3  0 -9 
80 67   1  6  0 -9 
80 72  -1  5  0 -9 
80 74   1  6  0 -9 
80 75  -1  5  0 -9 
80 76   1  7  0 -9 
80 78  -1  5  0 -9 
80 83   1  6  0 -9 
81 17   1  5  0 -9 
81 19  -1  4  0 -9 
81 71  -1  4  0 -9 
81 73   1  3  0 -9 
81 78  -1  5  0 -9 
81 83   1  6  0 -9 
82 82   1  8  0 -9 
83 83   1  8  0 -9 
84  0   1 -1  0 -9 
84  2   1  2  0 -9 
84  4  -1  3  0 -9 
84  8  -1  3  0 -9 
84 12   1  4  0 -9 
84 54  -1  0  0 -9 
84 58   1  1  0 -9 
84 74  -1  2  0 -9 
84 84  -1 -2  0 -9 
84 86  -1  0  0 -9 
84 88   1 -1  0 -9 
84 92  -1  2 -1  0  0 -9 
84 108   1 -1  0 -9 
84 110  -1  0  0 -9 
84 114   1  1  0 -9 
84 120  -1  0  0 -9 
84 133   1  1  0 -9 
84 141  -1  2  0 -9 
84 150   1  3  0 -9 
85  0  -1  0  0 -9 
85  1   1 -1  0 -9 
85  2   1  1  0 -9 
85  3  -1  0  0 -9 
85  4  -1  2 -1  0  0 -9 
85  8  -1  2  0 -9 
85  9   1  1  0 -9 
85 12   1  3  0 -9 
85 14  -1  2  0 -9 
85 62   1  1  0 -9 
85 63  -1  0  0 -9 
85 66  -1  2  0 -9 
85 68   1  1  0 -9 
85 76  -1  2  0 -9 
85 85  -1 -2  0 -9 
85 87  -1  0  0 -9 
85 96  -1  0  0 -9 
85 97   1 -1  0 -9 
85 100   1  1  0 -9 
85 102  -1  2 -1  0  0 -9 
85 109   1 -1  0 -9 
85 121  -1  0  0 -9 
85 124  -1  2  0 -9 
85 126   1  1  0 -9 
85 135   1  1  0 -9 
85 143  -1  2  0 -9 
85 159   1  3  0 -9 
86 62  -1  4  0 -9 
86 66   1  5  0 -9 
86 74  -1  4  0 -9 
86 92  -1  4  0 -9 
86 100  -1  4  0 -9 
86 124   1  5  0 -9 
86 133   1  3  0 -9 
86 141  -1  4  0 -9 
86 150   1  5  0 -9 
87 76  -1  4  0 -9 
87 102  -1  4  0 -9 
87 135   1  3  0 -9 
87 143  -1  4  0 -9 
87 159   1  5  0 -9 
88  4  -1  4  0 -9 
88 12   1  5  0 -9 
88 52   1  2  0 -9 
88 54  -1  1  0 -9 
88 58   1  2  0 -9 
88 62  -1  3  0 -9 
88 74  -1  3  0 -9 
88 86  -1  1  0 -9 
88 88   1  0  0 -9 
88 92  -1  5 -1  3 -1  1  0 -9 
88 110  -1  1  0 -9 
88 114   1  2  0 -9 
88 133   1  2  0 -9 
88 141  -1  3  0 -9 
88 150   1  6  1  4  0 -9 
89  5  -1  4  0 -9 
89 13   1  5  0 -9 
89 55  -1  1  0 -9 
89 59   1  2  0 -9 
89 75  -1  3  0 -9 
89 89   1  0  0 -9 
89 92  -1  4  0 -9 
89 93  -1  1  0 -9 
89 111  -1  1  0 -9 
89 115   1  2  0 -9 
89 134   1  2  0 -9 
89 142  -1  3  0 -9 
89 150   1  5  0 -9 
90  5  -1  2 -1  0  0 -9 
90  6  -1  0  0 -9 
90 10   1  1  0 -9 
90 13   1  3  0 -9 
90 15  -1  2  0 -9 
90 53  -1  0  0 -9 
90 56   1 -1  0 -9 
90 60  -1  0  0 -9 
90 64  -1  0  0 -9 
90 67  -1  2  0 -9 
90 69   1  1  0 -9 
90 76  -1  3  0 -9 
90 87   1 -1  0 -9 
90 90  -1 -2  0 -9 
90 94   1 -1  0 -9 
90 98   1 -1  0 -9 
90 101   1  1  0 -9 
90 102  -1  3  0 -9 
90 103  -1  0  0 -9 
90 105  -1  3  0 -9 
90 112   1 -1  0 -9 
90 116  -1  0  0 -9 
90 122  -1  0  0 -9 
90 125  -1  2  0 -9 
90 127   1  1  0 -9 
90 135   1  2  0 -9 
90 138   1  2  0 -9 
90 143  -1  3  0 -9 
90 151  -1  3  0 -9 
90 159   1  4  0 -9 
90 160   1  4  0 -9 
91  5  -1  3  0 -9 
91  7  -1  0  0 -9 
91 11   1  1  0 -9 
91 13   1  4  0 -9 
91 16  -1  2  0 -9 
91 55  -1  0  0 -9 
91 57   1 -1  0 -9 
91 59   1  1  0 -9 
91 61  -1  0  0 -9 
91 65  -1  0  0 -9 
91 67  -1  3  0 -9 
91 70   1  1  0 -9 
91 89   1 -1  0 -9 
91 91  -1 -2  0 -9 
91 92  -1  3  0 -9 
91 93  -1  0  0 -9 
91 95   1 -1  0 -9 
91 99   1 -1  0 -9 
91 101   1  2  0 -9 
91 104  -1  0  0 -9 
91 106  -1  3  0 -9 
91 111  -1  0  0 -9 
91 113   1 -1  0 -9 
91 115   1  1  0 -9 
91 117  -1  0  0 -9 
91 123  -1  0  0 -9 
91 125  -1  3  0 -9 
91 128   1  1  0 -9 
91 139   1  2  0 -9 
91 150   1  4  0 -9 
91 152  -1  3  0 -9 
91 161   1  4  0 -9 
92 92  -1  6  0 -9 
92 150   1  7  0 -9 
93 67   1  5  0 -9 
93 75  -1  4  0 -9 
93 92  -1  5  0 -9 
93 101  -1  4  0 -9 
93 125   1  5  0 -9 
93 134   1  3  0 -9 
93 142  -1  4  0 -9 
93 150   1  6  0 -9 
94 105  -1  4  0 -9 
94 138   1  3  0 -9 
94 151  -1  4  0 -9 
94 160   1  5  0 -9 
95 92  -1  4  0 -9 
95 106  -1  4  0 -9 
95 139   1  3  0 -9 
95 150   1  5  0 -9 
95 152  -1  4  0 -9 
95 161   1  5  0 -9 
96 62  -1  5  0 -9 
96 66   1  6  0 -9 
96 100  -1  5  0 -9 
96 120   1  3  0 -9 
96 124   1  6  0 -9 
97  0  -1  1  0 -9 
97  2   1  2  0 -9 
97  3  -1  1  0 -9 
97  4  -1  5 -1  3 -1  1  0 -9 
97  8  -1  3  0 -9 
97  9   1  2  0 -9 
97 12   1  6  1  4  0 -9 
97 14  -1  3  0 -9 
97 53   1  2  0 -9 
97 62  -1  4  1  2  0 -9 
97 63  -1  1  0 -9 
97 66  -1  3  0 -9 
97 68   1  2  0 -9 
97 76  -1  3  0 -9 
97 87  -1  1  0 -9 
97 96  -1  1  0 -9 
97 97   1  0  0 -9 
97 100   1  2  0 -9 
97 102  -1  5 -1  3 -1  1  0 -9 
97 120   1  2  0 -9 
97 121  -1  1  0 -9 
97 124  -1  3  0 -9 
97 126   1  2  0 -9 
97 135   1  2  0 -9 
97 143  -1  3  0 -9 
97 159   1  6  1  4  0 -9 
98  5  -1  5 -1  3 -1  1  0 -9 
98  6  -1  1  0 -9 
98 10   1  2  0 -9 
98 13   1  6  1  4  0 -9 
98 15  -1  3  0 -9 
98 62  -1  3  0 -9 
98 64  -1  1  0 -9 
98 67  -1  3  0 -9 
98 69   1  2  0 -9 
98 77  -1  3  0 -9 
98 98   1  0  0 -9 
98 101   1  2  0 -9 
98 102  -1  4  0 -9 
98 103  -1  1  0 -9 
98 105  -1  4  0 -9 
98 122  -1  1  0 -9 
98 125  -1  3  0 -9 
98 127   1  2  0 -9 
98 136   1  2  0 -9 
98 144  -1  3  0 -9 
98 159   1  5  0 -9 
98 160   1  5  0 -9 
99  5  -1  4  0 -9 
99  7  -1  1  0 -9 
99 11   1  2  0 -9 
99 13   1  5  0 -9 
99 16  -1  3  0 -9 
99 65  -1  1  0 -9 
99 67  -1  4  0 -9 
99 70   1  2  0 -9 
99 78  -1  3  0 -9 
99 99   1  0  0 -9 
99 101   1  3  0 -9 
99 104  -1  1  0 -9 
99 106  -1  4  0 -9 
99 123  -1  1  0 -9 
99 125  -1  4  0 -9 
99 128   1  2  0 -9 
99 137   1  2  0 -9 
99 145  -1  3  0 -9 
99 161   1  5  0 -9 
100 66   1  7  0 -9 
100 100  -1  6  0 -9 
100 124   1  7  0 -9 
101 67   1  7  0 -9 
101 101  -1  6  0 -9 
101 125   1  7  0 -9 
102 102  -1  6  0 -9 
102 159   1  7  0 -9 
103 62  -1  4  0 -9 
103 67   1  6  0 -9 
103 77  -1  4  0 -9 
103 101  -1  5  0 -9 
103 102  -1  5  0 -9 
103 105  -1  5  0 -9 
103 125   1  6  0 -9 
103 136   1  3  0 -9 
103 144  -1  4  0 -9 
103 159   1  6  0 -9 
103 160   1  6  0 -9 
104 78  -1  4  0 -9 
104 106  -1  5  0 -9 
104 137   1  3  0 -9 
104 145  -1  4  0 -9 
104 161   1  6  0 -9 
105 105  -1  6  0 -9 
105 160   1  7  0 -9 
106 106  -1  6  0 -9 
106 161   1  7  0 -9 
107 105  -1  5  0 -9 
107 140   1  3  0 -9 
107 153  -1  4  0 -9 
107 160   1  6  0 -9 
108 62  -1  3  0 -9 
108 66   1  4  0 -9 
108 74  -1  3  0 -9 
108 86  -1  1  0 -9 
108 92  -1  3  0 -9 
108 96   1  2  0 -9 
108 100  -1  3  0 -9 
108 108   1  0  0 -9 
108 110  -1  1  0 -9 
108 114   1  2  0 -9 
108 120  -1  1  0 -9 
108 133   1  2  0 -9 
108 141  -1  3  0 -9 
108 150   1  4  0 -9 
109 76  -1  3  0 -9 
109 87  -1  1  0 -9 
109 102  -1  3  0 -9 
109 109   1  0  0 -9 
109 121  -1  1  0 -9 
109 124  -1  3  0 -9 
109 126   1  2  0 -9 
109 135   1  2  0 -9 
109 143  -1  3  0 -9 
109 159   1  4  0 -9 
110 92  -1  4  0 -9 
110 114   1  3  0 -9 
110 141  -1  4  0 -9 
110 150   1  5  0 -9 
111 115   1  3  0 -9 
111 118  -1  4  0 -9 
111 142  -1  4  0 -9 
111 154   1  5  0 -9 
112 112   1  0  0 -9 
112 116  -1  1  0 -9 
112 122  -1  1  0 -9 
112 125  -1  3  0 -9 
112 127   1  2  0 -9 
112 129  -1  3  0 -9 
112 144  -1  3  0 -9 
112 146   1  2  0 -9 
112 155  -1  3  0 -9 
112 162   1  4  0 -9 
113 111  -1  1  0 -9 
113 113   1  0  0 -9 
113 115   1  2  0 -9 
113 117  -1  1  0 -9 
113 118  -1  3  0 -9 
113 123  -1  1  0 -9 
113 128   1  2  0 -9 
113 130  -1  3  0 -9 
113 142  -1  3  0 -9 
113 145  -1  3  0 -9 
113 147   1  2  0 -9 
113 154   1  4  0 -9 
113 156  -1  3  0 -9 
113 163   1  4  0 -9 
114 92  -1  5  0 -9 
114 110   1  3  0 -9 
114 124   1  6  0 -9 
114 141  -1  5  0 -9 
114 150   1  6  0 -9 
115 111   1  3  0 -9 
115 118  -1  5  0 -9 
115 125   1  6  0 -9 
115 142  -1  5  0 -9 
115 154   1  6  0 -9 
116 129  -1  4  0 -9 
116 144  -1  4  0 -9 
116 146   1  3  0 -9 
116 155  -1  4  0 -9 
116 162   1  5  0 -9 
117 118  -1  4  0 -9 
117 125   1  5  0 -9 
117 130  -1  4  0 -9 
117 142  -1  4  0 -9 
117 145  -1  4  0 -9 
117 147   1  3  0 -9 
117 154   1  5  0 -9 
117 156  -1  4  0 -9 
117 163   1  5  0 -9 
118 118  -1  6  0 -9 
118 154   1  7  0 -9 
119 131  -1  4  0 -9 
119 148   1  3  0 -9 
119 157  -1  4  0 -9 
119 164   1  5  0 -9 
120 62  -1  4  0 -9 
120 66   1  5  0 -9 
120 96   1  3  0 -9 
120 100  -1  4  0 -9 
121 102  -1  4  0 -9 
121 124  -1  4  0 -9 
121 126   1  3  0 -9 
121 143  -1  4  0 -9 
121 159   1  5  0 -9 
122 125  -1  4  0 -9 
122 127   1  3  0 -9 
122 129  -1  4  0 -9 
122 144  -1  4  0 -9 
122 162   1  5  0 -9 
123 128   1  3  0 -9 
123 130  -1  4  0 -9 
123 145  -1  4  0 -9 
123 163   1  5  0 -9 
124 124   1  8  0 -9 
125 125   1  8  0 -9 
126 102  -1  5  0 -9 
126 121   1  3  0 -9 
126 124   1  7  0 -9 
126 143  -1  5  0 -9 
126 159   1  6  0 -9 
127 122   1  3  0 -9 
127 125   1  7  0 -9 
127 129  -1  5  0 -9 
127 144  -1  5  0 -9 
127 162   1  6  0 -9 
128 123   1  3  0 -9 
128 125   1  6  0 -9 
128 130  -1  5  0 -9 
128 145  -1  5  0 -9 
128 163   1  6  0 -9 
129 129  -1  6  0 -9 
129 162   1  7  0 -9 
130 125   1  7  0 -9 
130 130  -1  6  0 -9 
130 163   1  7  0 -9 
131 131  -1  6  0 -9 
131 164   1  7  0 -9 
132 131  -1  5  0 -9 
132 145  -1  4  0 -9 
132 149   1  3  0 -9 
132 158  -1  4  0 -9 
132 164   1  6  0 -9 
133 62  -1  5  0 -9 
133 66   1  6  0 -9 
133 74   1  7  0 -9 
133 86   1  3  0 -9 
133 92  -1  5  0 -9 
133 100  -1  5  0 -9 
133 124   1  6  0 -9 
133 141  -1  5  0 -9 
133 150   1  6  0 -9 
134 67   1  6  0 -9 
134 74   1  6  0 -9 
134 75  -1  5  0 -9 
134 92  -1  4  0 -9 
134 93   1  3  0 -9 
134 101  -1  5  0 -9 
134 125   1  6  0 -9 
134 142  -1  5  0 -9 
134 154   1  6  0 -9 
135 76   1  7  0 -9 
135 87   1  3  0 -9 
135 102  -1  5  0 -9 
135 143  -1  5  0 -9 
135 159   1  6  0 -9 
136 62  -1  5  0 -9 
136 66   1  6  0 -9 
136 76   1  6  0 -9 
136 77  -1  5  0 -9 
136 82   1  6  0 -9 
136 101  -1  4  0 -9 
136 102  -1  4  0 -9 
136 103   1  3  0 -9 
136 105  -1  4  0 -9 
136 144  -1  5  0 -9 
136 162   1  6  0 -9 
137 78  -1  5  0 -9 
137 83   1  6  0 -9 
137 104   1  3  0 -9 
137 106  -1  4  0 -9 
137 145  -1  5  0 -9 
137 163   1  6  0 -9 
138 94   1  3  0 -9 
138 105  -1  5  0 -9 
138 151  -1  5  0 -9 
138 155   1  6  0 -9 
138 160   1  6  0 -9 
139 76   1  6  0 -9 
139 92  -1  5  0 -9 
139 95   1  3  0 -9 
139 106  -1  5  0 -9 
139 150   1  6  0 -9 
139 152  -1  5  0 -9 
139 156   1  6  0 -9 
139 161   1  6  0 -9 
140 105  -1  4  0 -9 
140 107   1  3  0 -9 
140 153  -1  5  0 -9 
140 165   1  6  0 -9 
141 124   1  7  0 -9 
141 141  -1  6  0 -9 
141 150   1  7  0 -9 
142 125   1  7  0 -9 
142 142  -1  6  0 -9 
142 154   1  7  0 -9 
143 143  -1  6  0 -9 
143 159   1  7  0 -9 
144 144  -1  6  0 -9 
144 162   1  7  0 -9 
145 145  -1  6  0 -9 
145 163   1  7  0 -9 
146 116   1  3  0 -9 
146 129  -1  5  0 -9 
146 144  -1  5  0 -9 
146 155   1  7  0 -9 
146 162   1  6  0 -9 
147 117   1  3  0 -9 
147 118  -1  5  0 -9 
147 125   1  6  0 -9 
147 130  -1  5  0 -9 
147 142  -1  5  0 -9 
147 145  -1  5  0 -9 
147 154   1  6  0 -9 
147 156   1  7  0 -9 
147 163   1  6  0 -9 
148 119   1  3  0 -9 
148 131  -1  5  0 -9 
148 156   1  6  0 -9 
148 157  -1  5  0 -9 
148 164   1  6  0 -9 
149 131  -1  4  0 -9 
149 132   1  3  0 -9 
149 145  -1  5  0 -9 
149 158  -1  5  0 -9 
149 163   1  6  0 -9 
149 166   1  6  0 -9 
150 150   1  8  0 -9 
151 151  -1  6  0 -9 
151 155   1  7  0 -9 
151 160   1  7  0 -9 
152 76   1  7  0 -9 
152 150   1  7  0 -9 
152 152  -1  6  0 -9 
152 156   1  7  0 -9 
152 161   1  7  0 -9 
153 153  -1  6  0 -9 
153 165   1  7  0 -9 
154 154   1  8  0 -9 
155 155   1  8  0 -9 
156 156   1  8  0 -9 
157 156   1  7  0 -9 
157 157  -1  6  0 -9 
157 164   1  7  0 -9 
158 158  -1  6  0 -9 
158 166   1  7  0 -9 
159 159   1  8  0 -9 
160 160   1  8  0 -9 
161 161   1  8  0 -9 
162 162   1  8  0 -9 
163 163   1  8  0 -9 
164 164   1  8  0 -9 
165 165   1  8  0 -9 
166 166   1  8  0 -9 
167 30  -1  4  0 -9 
167 34   1  5  0 -9 
167 173  -1  4  0 -9 
167 193   1  3  0 -9 
167 201  -1  4  0 -9 
167 210   1  5  0 -9 
168 175  -1  4  0 -9 
168 195   1  3  0 -9 
168 203  -1  4  0 -9 
168 219   1  5  0 -9 
169 20   1  2  0 -9 
169 22  -1  1  0 -9 
169 26  -1  4  0 -9 
169 30  -1  3  0 -9 
169 42   1  5  0 -9 
169 58   1  3  0 -9 
169 74  -1  4  0 -9 
169 92  -1  4  0 -9 
169 150   1  5  0 -9 
169 167  -1  1  0 -9 
169 169   1  0  0 -9 
169 183  -1  1  0 -9 
169 187   1  2  0 -9 
169 193   1  2  0 -9 
169 201  -1  3  0 -9 
170  5  -1  3  0 -9 
170 13   1  4  0 -9 
170 22  -1  0  0 -9 
170 23   1 -1  0 -9 
170 26  -1  3  0 -9 
170 27   1  2  0 -9 
170 42   1  4  0 -9 
170 43  -1  3  0 -9 
170 55  -1  0  0 -9 
170 58   1  2  0 -9 
170 74  -1  3  0 -9 
170 89   1 -1  0 -9 
170 92  -1  3  0 -9 
170 93  -1  0  0 -9 
170 111  -1  0  0 -9 
170 115   1  1  0 -9 
170 134   1  1  0 -9 
170 142  -1  2  0 -9 
170 150   1  4  0 -9 
170 167  -1  0  0 -9 
170 169   1 -1  0 -9 
170 170  -1 -2  0 -9 
170 183  -1  0  0 -9 
170 184   1 -1  0 -9 
170 187   1  1  0 -9 
170 188  -1  0  0 -9 
170 193   1  1  0 -9 
170 194  -1  0  0 -9 
170 201  -1  2  0 -9 
170 202   1  1  0 -9 
171 17  -1  2  0 -9 
171 21  -1  0  0 -9 
171 24   1 -1  0 -9 
171 28  -1  0  0 -9 
171 32  -1  0  0 -9 
171 35  -1  2  0 -9 
171 37   1  1  0 -9 
171 39  -1  2 -1  0  0 -9 
171 45  -1  2  0 -9 
171 47   1  1  0 -9 
171 50   1  3  0 -9 
171 71   1  1  0 -9 
171 77   1  1  0 -9 
171 79  -1  0  0 -9 
171 82  -1  2  0 -9 
171 94  -1  0  0 -9 
171 105  -1  2 -1  0  0 -9 
171 138   1  1  0 -9 
171 151  -1  2  0 -9 
171 160   1  3  0 -9 
171 168   1 -1  0 -9 
171 171  -1 -2  0 -9 
171 175  -1  3  0 -9 
171 176  -1  0  0 -9 
171 178   1 -1  0 -9 
171 181   1  1  0 -9 
171 185   1 -1  0 -9 
171 189  -1  0  0 -9 
171 195   1  2  0 -9 
171 198  -1  0  0 -9 
171 203  -1  3  0 -9 
171 211   1  1  0 -9 
171 219   1  4  0 -9 
171 220  -1  2  0 -9 
172  5  -1  2 -1  0  0 -9 
172 13   1  3  0 -9 
172 18  -1  2  0 -9 
172 23  -1  0  0 -9 
172 25   1 -1  0 -9 
172 26  -1  2 -1  0  0 -9 
172 27   1  1  0 -9 
172 29  -1  0  0 -9 
172 30   1  1  0 -9 
172 31  -1  0  0 -9 
172 33  -1  0  0 -9 
172 34  -1  2  0 -9 
172 35   1  1  0 -9 
172 36   1  1  0 -9 
172 38   1  1  0 -9 
172 40  -1  2 -1  0  0 -9 
172 42   1  3  0 -9 
172 43  -1  2  0 -9 
172 44  -1  2  0 -9 
172 46  -1  2  0 -9 
172 48   1  1  0 -9 
172 51   1  3  0 -9 
172 58   1  1  0 -9 
172 67  -1  2  0 -9 
172 72   1  1  0 -9 
172 74  -1  2  0 -9 
172 75   1  1  0 -9 
172 76   1  1  0 -9 
172 78   1  1  0 -9 
172 80  -1  0  0 -9 
172 83  -1  2  0 -9 
172 92  -1  2 -1  0  0 -9 
172 95  -1  0  0 -9 
172 101   1  1  0 -9 
172 106  -1  2 -1  0  0 -9 
172 125  -1  2  0 -9 
172 139   1  1  0 -9 
172 150   1  3  0 -9 
172 152  -1  2  0 -9 
172 161   1  3  0 -9 
172 168  -1  0  0 -9 
172 172  -1 -2  0 -9 
172 173   1  1  0 -9 
172 174  -1  0  0 -9 
172 175  -1  2 -1  0  0 -9 
172 177  -1  0  0 -9 
172 179   1 -1  0 -9 
172 182   1  1  0 -9 
172 186   1 -1  0 -9 
172 190  -1  0  0 -9 
172 195   1  1  0 -9 
172 199  -1  0  0 -9 
172 203  -1  2  0 -9 
172 210  -1  2  0 -9 
172 212   1  1  0 -9 
172 219   1  3  0 -9 
172 221  -1  2  0 -9 
173 34   1  7  0 -9 
173 74   1  7  0 -9 
173 173  -1  6  0 -9 
173 210   1  7  0 -9 
174 30  -1  5  0 -9 
174 34   1  6  0 -9 
174 35   1  7  0 -9 
174 67   1  6  0 -9 
174 74   1  6  0 -9 
174 75  -1  5  0 -9 
174 101  -1  5  0 -9 
174 125   1  6  0 -9 
174 173  -1  5  0 -9 
174 194   1  3  0 -9 
174 202  -1  4  0 -9 
174 210   1  6  0 -9 
175 76   1  7  0 -9 
175 175  -1  6  0 -9 
175 219   1  7  0 -9 
176 30  -1  4  0 -9 
176 35   1  6  0 -9 
176 76   1  6  0 -9 
176 77  -1  5  0 -9 
176 82   1  6  0 -9 
176 175  -1  5  0 -9 
176 181  -1  5  0 -9 
176 196   1  3  0 -9 
176 204  -1  4  0 -9 
176 219   1  6  0 -9 
176 220   1  6  0 -9 
177 78  -1  5  0 -9 
177 83   1  6  0 -9 
177 182  -1  5  0 -9 
177 197   1  3  0 -9 
177 205  -1  4  0 -9 
177 221   1  6  0 -9 
178 17  -1  3  0 -9 
178 28  -1  1  0 -9 
178 30  -1  3  0 -9 
178 32  -1  1  0 -9 
178 35  -1  3  0 -9 
178 37   1  2  0 -9 
178 39  -1  5 -1  3 -1  1  0 -9 
178 45  -1  3  0 -9 
178 47   1  2  0 -9 
178 50   1  6  1  4  0 -9 
178 60   1  2  0 -9 
178 71   1  2  0 -9 
178 76   1  5  0 -9 
178 77  -1  4  1  2  0 -9 
178 79  -1  1  0 -9 
178 82  -1  3  0 -9 
178 94  -1  1  0 -9 
178 105  -1  5 -1  3 -1  1  0 -9 
178 138   1  2  0 -9 
178 151  -1  3  0 -9 
178 160   1  6  1  4  0 -9 
178 175  -1  4  0 -9 
178 176  -1  1  0 -9 
178 178   1  0  0 -9 
178 181   1  2  0 -9 
178 196   1  2  0 -9 
178 198  -1  1  0 -9 
178 204  -1  3  0 -9 
178 211   1  2  0 -9 
178 219   1  5  0 -9 
178 220  -1  3  0 -9 
179  5  -1  5 -1  3 -1  1  0 -9 
179 13   1  6  1  4  0 -9 
179 18  -1  3  0 -9 
179 21   1  2  0 -9 
179 23  -1  1  0 -9 
179 26  -1  5 -1  3 -1  1  0 -9 
179 27   1  2  0 -9 
179 29  -1  1  0 -9 
179 30  -1  4  1  2  0 -9 
179 31  -1  1  0 -9 
179 33  -1  1  0 -9 
179 34  -1  3  0 -9 
179 35   1  6  1  2  0 -9 
179 36   1  2  0 -9 
179 38   1  2  0 -9 
179 40  -1  5 -1  3 -1  1  0 -9 
179 42   1  6  1  4  0 -9 
179 43  -1  3  0 -9 
179 44  -1  3  0 -9 
179 46  -1  3  0 -9 
179 48   1  2  0 -9 
179 51   1  6  1  4  0 -9 
179 58   1  2  0 -9 
179 61   1  2  0 -9 
179 67  -1  3  0 -9 
179 72   1  2  0 -9 
179 74  -1  3  0 -9 
179 75  -1  4  1  2  0 -9 
179 76   1  6  1  2  0 -9 
179 78  -1  4  1  2  0 -9 
179 80  -1  1  0 -9 
179 83  -1  3  0 -9 
179 92  -1  5 -1  3 -1  1  0 -9 
179 95  -1  1  0 -9 
179 101   1  2  0 -9 
179 106  -1  5 -1  3 -1  1  0 -9 
179 125  -1  3  0 -9 
179 139   1  2  0 -9 
179 150   1  6  1  4  0 -9 
179 152  -1  3  0 -9 
179 161   1  6  1  4  0 -9 
179 168  -1  1  0 -9 
179 173   1  2  0 -9 
179 174  -1  1  0 -9 
179 175  -1  5 -1  3 -1  1  0 -9 
179 177  -1  1  0 -9 
179 179   1  0  0 -9 
179 182   1  2  0 -9 
179 194   1  2  0 -9 
179 195   1  2  0 -9 
179 197   1  2  0 -9 
179 199  -1  1  0 -9 
179 202  -1  3  0 -9 
179 203  -1  3  0 -9 
179 205  -1  3  0 -9 
179 210  -1  3  0 -9 
179 212   1  2  0 -9 
179 219   1  6  1  4  0 -9 
179 221  -1  3  0 -9 
180 19  -1  3  0 -9 
180 33  -1  1  0 -9 
180 35  -1  4  0 -9 
180 38   1  2  0 -9 
180 39  -1  4  0 -9 
180 41  -1  1  0 -9 
180 46  -1  3  0 -9 
180 49   1  2  0 -9 
180 50   1  5  0 -9 
180 73   1  2  0 -9 
180 78  -1  4  1  2  0 -9 
180 81  -1  1  0 -9 
180 82  -1  4  0 -9 
180 83   1  5  0 -9 
180 105  -1  4  0 -9 
180 107  -1  1  0 -9 
180 140   1  2  0 -9 
180 153  -1  3  0 -9 
180 160   1  5  0 -9 
180 177  -1  1  0 -9 
180 180   1  0  0 -9 
180 181   1  3  0 -9 
180 182  -1  4  0 -9 
180 197   1  2  0 -9 
180 200  -1  1  0 -9 
180 205  -1  3  0 -9 
180 213   1  2  0 -9 
180 220  -1  4  0 -9 
180 221   1  5  0 -9 
181 35   1  7  0 -9 
181 82   1  7  0 -9 
181 181  -1  6  0 -9 
181 220   1  7  0 -9 
182 83   1  7  0 -9 
182 182  -1  6  0 -9 
182 221   1  7  0 -9 
183 92  -1  5  0 -9 
183 150   1  6  0 -9 
183 187   1  3  0 -9 
183 201  -1  4  0 -9 
184 30  -1  3  0 -9 
184 34   1  4  0 -9 
184 35  -1  3  0 -9 
184 67   1  4  0 -9 
184 75  -1  3  0 -9 
184 92  -1  4  1  2  0 -9 
184 93  -1  1  0 -9 
184 101  -1  3  0 -9 
184 111  -1  1  0 -9 
184 115   1  2  0 -9 
184 118  -1  3  0 -9 
184 134   1  2  0 -9 
184 142  -1  3  0 -9 
184 150   1  5  0 -9 
184 167  -1  1  0 -9 
184 173  -1  3  0 -9 
184 174   1  2  0 -9 
184 183  -1  1  0 -9 
184 184   1  0  0 -9 
184 187   1  2  0 -9 
184 188  -1  1  0 -9 
184 191   1  2  0 -9 
184 193   1  2  0 -9 
184 194  -1  1  0 -9 
184 201  -1  3  0 -9 
184 202  -1  4  1  2  0 -9 
184 214   1  5  0 -9 
185 94  -1  1  0 -9 
185 105  -1  3  0 -9 
185 138   1  2  0 -9 
185 151  -1  3  0 -9 
185 160   1  4  0 -9 
185 185   1  0  0 -9 
185 189  -1  1  0 -9 
185 198  -1  1  0 -9 
185 204  -1  3  0 -9 
185 206   1  2  0 -9 
185 211   1  2  0 -9 
185 215  -1  3  0 -9 
185 220  -1  3  0 -9 
185 222   1  4  0 -9 
186 92  -1  3  0 -9 
186 95  -1  1  0 -9 
186 106  -1  3  0 -9 
186 125  -1  3  0 -9 
186 139   1  2  0 -9 
186 150   1  4  0 -9 
186 152  -1  3  0 -9 
186 161   1  4  0 -9 
186 168  -1  1  0 -9 
186 175  -1  3  0 -9 
186 186   1  0  0 -9 
186 190  -1  1  0 -9 
186 195   1  2  0 -9 
186 199  -1  1  0 -9 
186 202  -1  3  0 -9 
186 203  -1  3  0 -9 
186 205  -1  3  0 -9 
186 207   1  2  0 -9 
186 210  -1  3  0 -9 
186 212   1  2  0 -9 
186 214   1  4  0 -9 
186 216  -1  3  0 -9 
186 219   1  4  0 -9 
186 221  -1  3  0 -9 
186 223   1  4  0 -9 
187 92  -1  4  0 -9 
187 183   1  3  0 -9 
187 201  -1  5  0 -9 
187 210   1  6  0 -9 
188 118  -1  4  0 -9 
188 191   1  3  0 -9 
188 202  -1  5  0 -9 
188 214   1  6  0 -9 
189 204  -1  4  0 -9 
189 206   1  3  0 -9 
189 215  -1  4  0 -9 
189 222   1  5  0 -9 
190 202  -1  4  0 -9 
190 205  -1  4  0 -9 
190 207   1  3  0 -9 
190 214   1  5  0 -9 
190 216  -1  4  0 -9 
190 223   1  5  0 -9 
191 118  -1  5  0 -9 
191 154   1  6  0 -9 
191 188   1  3  0 -9 
191 202  -1  4  0 -9 
192 119  -1  1  0 -9 
192 125  -1  3  0 -9 
192 131  -1  3  0 -9 
192 148   1  2  0 -9 
192 157  -1  3  0 -9 
192 164   1  4  0 -9 
192 190  -1  1  0 -9 
192 192   1  0  0 -9 
192 202  -1  3  0 -9 
192 205  -1  3  0 -9 
192 207   1  2  0 -9 
192 208  -1  1  0 -9 
192 214   1  4  0 -9 
192 216  -1  3  0 -9 
192 217   1  2  0 -9 
192 223   1  4  0 -9 
192 224  -1  3  0 -9 
193 30  -1  5  0 -9 
193 34   1  6  0 -9 
193 74   1  6  0 -9 
193 167   1  3  0 -9 
193 173  -1  5  0 -9 
193 201  -1  5  0 -9 
193 210   1  6  0 -9 
194 30  -1  4  0 -9 
194 34   1  5  0 -9 
194 35  -1  4  0 -9 
194 67   1  5  0 -9 
194 74   1  5  0 -9 
194 75  -1  4  0 -9 
194 101  -1  4  0 -9 
194 173  -1  4  0 -9 
194 174   1  3  0 -9 
194 202  -1  5  0 -9 
194 214   1  6  0 -9 
195 76   1  6  0 -9 
195 168   1  3  0 -9 
195 175  -1  5  0 -9 
195 203  -1  5  0 -9 
195 219   1  6  0 -9 
196 30  -1  5  0 -9 
196 34   1  6  0 -9 
196 76   1  5  0 -9 
196 77  -1  4  0 -9 
196 82   1  5  0 -9 
196 175  -1  4  0 -9 
196 176   1  3  0 -9 
196 181  -1  4  0 -9 
196 204  -1  5  0 -9 
196 222   1  6  0 -9 
197 78  -1  4  0 -9 
197 83   1  5  0 -9 
197 177   1  3  0 -9 
197 182  -1  4  0 -9 
197 205  -1  5  0 -9 
197 223   1  6  0 -9 
198 105  -1  4  0 -9 
198 151  -1  4  0 -9 
198 155   1  5  0 -9 
198 160   1  5  0 -9 
198 204  -1  4  0 -9 
198 211   1  3  0 -9 
198 215  -1  4  0 -9 
198 220  -1  4  0 -9 
198 222   1  5  0 -9 
199 76   1  5  0 -9 
199 92  -1  4  0 -9 
199 106  -1  4  0 -9 
199 125  -1  4  0 -9 
199 150   1  5  0 -9 
199 152  -1  4  0 -9 
199 156   1  5  0 -9 
199 161   1  5  0 -9 
199 175  -1  4  0 -9 
199 202  -1  4  0 -9 
199 203  -1  4  0 -9 
199 205  -1  4  0 -9 
199 210  -1  4  0 -9 
199 212   1  3  0 -9 
199 214   1  5  0 -9 
199 216  -1  4  0 -9 
199 219   1  5  0 -9 
199 221  -1  4  0 -9 
199 223   1  5  0 -9 
200 153  -1  4  0 -9 
200 165   1  5  0 -9 
200 205  -1  4  0 -9 
200 213   1  3  0 -9 
200 223   1  5  0 -9 
200 225  -1  4  0 -9 
201 201  -1  6  0 -9 
201 210   1  7  0 -9 
202 202  -1  6  0 -9 
202 214   1  7  0 -9 
203 203  -1  6  0 -9 
203 219   1  7  0 -9 
204 204  -1  6  0 -9 
204 222   1  7  0 -9 
205 205  -1  6  0 -9 
205 223   1  7  0 -9 
206 155   1  6  0 -9 
206 189   1  3  0 -9 
206 204  -1  5  0 -9 
206 215  -1  5  0 -9 
206 222   1  6  0 -9 
207 156   1  6  0 -9 
207 190   1  3  0 -9 
207 202  -1  5  0 -9 
207 205  -1  5  0 -9 
207 214   1  6  0 -9 
207 216  -1  5  0 -9 
207 223   1  6  0 -9 
208 125  -1  4  0 -9 
208 131  -1  4  0 -9 
208 156   1  5  0 -9 
208 157  -1  4  0 -9 
208 164   1  5  0 -9 
208 202  -1  4  0 -9 
208 205  -1  4  0 -9 
208 214   1  5  0 -9 
208 216  -1  4  0 -9 
208 217   1  3  0 -9 
208 223   1  5  0 -9 
208 224  -1  4  0 -9 
209 158  -1  4  0 -9 
209 166   1  5  0 -9 
209 205  -1  5  0 -9 
209 218   1  3  0 -9 
209 223   1  6  0 -9 
209 226  -1  4  0 -9 
210 210   1  8  0 -9 
211 105  -1  5  0 -9 
211 151  -1  5  0 -9 
211 155   1  6  0 -9 
211 160   1  6  0 -9 
211 198   1  3  0 -9 
211 204  -1  5  0 -9 
211 215  -1  5  0 -9 
211 220   1  7  0 -9 
211 222   1  6  0 -9 
212 76   1  6  0 -9 
212 92  -1  5  0 -9 
212 106  -1  5  0 -9 
212 125   1  7  0 -9 
212 150   1  6  0 -9 
212 152  -1  5  0 -9 
212 156   1  6  0 -9 
212 161   1  6  0 -9 
212 175  -1  5  0 -9 
212 199   1  3  0 -9 
212 202  -1  5  0 -9 
212 203  -1  5  0 -9 
212 205  -1  5  0 -9 
212 210   1  7  0 -9 
212 214   1  6  0 -9 
212 216  -1  5  0 -9 
212 219   1  6  0 -9 
212 221   1  7  0 -9 
212 223   1  6  0 -9 
213 153  -1  5  0 -9 
213 165   1  6  0 -9 
213 200   1  3  0 -9 
213 205  -1  5  0 -9 
213 220   1  6  0 -9 
213 223   1  6  0 -9 
213 225  -1  5  0 -9 
214 214   1  8  0 -9 
215 155   1  7  0 -9 
215 215  -1  6  0 -9 
215 222   1  7  0 -9 
216 156   1  7  0 -9 
216 214   1  7  0 -9 
216 216  -1  6  0 -9 
216 223   1  7  0 -9 
217 125   1  7  0 -9 
217 131  -1  5  0 -9 
217 156   1  6  0 -9 
217 157  -1  5  0 -9 
217 164   1  6  0 -9 
217 202  -1  5  0 -9 
217 205  -1  5  0 -9 
217 208   1  3  0 -9 
217 214   1  6  0 -9 
217 216  -1  5  0 -9 
217 223   1  6  0 -9 
217 224   1  7  0 -9 
218 158  -1  5  0 -9 
218 166   1  6  0 -9 
218 205  -1  4  0 -9 
218 209   1  3  0 -9 
218 224   1  6  0 -9 
218 226  -1  5  0 -9 
219 219   1  8  0 -9 
220 220   1  8  0 -9 
221 221   1  8  0 -9 
222 222   1  8  0 -9 
223 223   1  8  0 -9 
224 224   1  8  0 -9 
225 165   1  7  0 -9 
225 220   1  7  0 -9 
225 223   1  7  0 -9 
225 225  -1  6  0 -9 
226 166   1  7  0 -9 
226 224   1  7  0 -9 
226 226  -1  6  0 -9 
227 227   1  8  0 -9 
228 35   1  7  0 -9 
228 227   1  7  0 -9 
228 228  -1  6  0 -9 
229 76   1  7  0 -9 
229 227   1  7  0 -9 
229 229  -1  6  0 -9 
230 35   1  6  0 -9 
230 39  -1  4  0 -9 
230 76   1  6  0 -9 
230 77  -1  5  0 -9 
230 82   1  6  0 -9 
230 227   1  6  0 -9 
230 228  -1  5  0 -9 
230 229  -1  5  0 -9 
230 232   1  3  0 -9 
231 35   1  5  0 -9 
231 40  -1  4  0 -9 
231 78  -1  5  0 -9 
231 83   1  6  0 -9 
231 227   1  5  0 -9 
231 228  -1  4  0 -9 
231 229  -1  4  0 -9 
231 233   1  3  0 -9 
232 39  -1  5  0 -9 
232 50   1  6  0 -9 
232 76   1  5  0 -9 
232 77  -1  4  0 -9 
232 227   1  5  0 -9 
232 228  -1  4  0 -9 
232 229  -1  4  0 -9 
232 230   1  3  0 -9 
233 35   1  6  0 -9 
233 40  -1  5  0 -9 
233 51   1  6  0 -9 
233 76   1  6  0 -9 
233 78  -1  4  0 -9 
233 227   1  6  0 -9 
233 228  -1  5  0 -9 
233 229  -1  5  0 -9 
233 231   1  3  0 -9 
234 19  -1  3  0 -9 
234 33  -1  1  0 -9 
234 38   1  2  0 -9 
234 39  -1  4  1  2  0 -9 
234 40  -1  3  0 -9 
234 41  -1  1  0 -9 
234 46  -1  3  0 -9 
234 49   1  2  0 -9 
234 50   1  5  0 -9 
234 60  -1  1  0 -9 
234 71  -1  3  0 -9 
234 73   1  2  0 -9 
234 77  -1  3  0 -9 
234 78  -1  4  1  2  0 -9 
234 79   1  2  0 -9 
234 81  -1  1  0 -9 
234 83   1  5  0 -9 
234 227   1  4  0 -9 
234 228  -1  3  0 -9 
234 229  -1  3  0 -9 
234 230   1  2  0 -9 
234 231  -1  1  0 -9 
234 232  -1  1  0 -9 
234 233   1  2  0 -9 
234 234   1  0  0 -9 
235 30  -1  5  0 -9 
235 34   1  6  0 -9 
235 239  -1  4  0 -9 
235 247   1  3  0 -9 
235 255  -1  4  0 -9 
235 264   1  5  0 -9 
236 21   1  2  0 -9 
236 30  -1  4  1  2  0 -9 
236 31  -1  1  0 -9 
236 34   1  5  0 -9 
236 36  -1  4  0 -9 
236 44   1  5  0 -9 
236 76  -1  4  0 -9 
236 168  -1  1  0 -9 
236 195   1  2  0 -9 
236 203  -1  3  0 -9 
236 227  -1  4  0 -9 
236 229   1  3  0 -9 
236 235  -1  1  0 -9 
236 236   1  0  0 -9 
236 241  -1  4  0 -9 
236 247   1  2  0 -9 
236 249  -1  1  0 -9 
236 255  -1  3  0 -9 
236 257   1  2  0 -9 
236 275   1  5  0 -9 
237 30  -1  3  1  1  0 -9 
237 31  -1  0  0 -9 
237 32   1 -1  0 -9 
237 34   1  4  0 -9 
237 35  -1  3  0 -9 
237 36  -1  3  0 -9 
237 37   1  2  0 -9 
237 39  -1  3  0 -9 
237 44   1  4  0 -9 
237 45  -1  3  0 -9 
237 50   1  4  0 -9 
237 76  -1  3  0 -9 
237 168  -1  0  0 -9 
237 195   1  1  0 -9 
237 196  -1  0  0 -9 
237 203  -1  2  0 -9 
237 204   1  1  0 -9 
237 227  -1  3  0 -9 
237 229   1  2  0 -9 
237 232  -1  0  0 -9 
237 235  -1  0  0 -9 
237 236   1 -1  0 -9 
237 237  -1 -2  0 -9 
237 241  -1  3  0 -9 
237 242  -1  0  0 -9 
237 244   1 -1  0 -9 
237 247   1  1  0 -9 
237 248  -1  0  0 -9 
237 249  -1  0  0 -9 
237 250   1 -1  0 -9 
237 252  -1  0  0 -9 
237 255  -1  2  0 -9 
237 256   1  1  0 -9 
237 257   1  1  0 -9 
237 258  -1  0  0 -9 
237 265   1  1  0 -9 
237 273   1  1  0 -9 
237 275   1  4  0 -9 
237 276  -1  2  0 -9 
238 33   1 -1  0 -9 
238 38   1  2  0 -9 
238 40  -1  3  0 -9 
238 46  -1  3  0 -9 
238 51   1  4  0 -9 
238 76  -1  2  0 -9 
238 197  -1  0  0 -9 
238 205   1  1  0 -9 
238 227  -1  2  0 -9 
238 228   1  1  0 -9 
238 229   1  1  0 -9 
238 233  -1  0  0 -9 
238 238  -1 -2  0 -9 
238 239   1  1  0 -9 
238 240  -1  0  0 -9 
238 241  -1  2 -1  0  0 -9 
238 243  -1  0  0 -9 
238 245   1 -1  0 -9 
238 251   1 -1  0 -9 
238 253  -1  0  0 -9 
238 259  -1  0  0 -9 
238 264  -1  2  0 -9 
238 266   1  1  0 -9 
238 274   1  1  0 -9 
238 275   1  3  0 -9 
238 277  -1  2  0 -9 
239 227   1  7  0 -9 
239 239  -1  6  0 -9 
239 264   1  7  0 -9 
240 35   1  6  0 -9 
240 227   1  6  0 -9 
240 228  -1  5  0 -9 
240 239  -1  5  0 -9 
240 248   1  3  0 -9 
240 256  -1  4  0 -9 
240 264   1  6  0 -9 
241 241  -1  6  0 -9 
241 275   1  7  0 -9 
242 35   1  5  0 -9 
242 77  -1  4  0 -9 
242 82   1  5  0 -9 
242 181  -1  4  0 -9 
242 220   1  5  0 -9 
242 228  -1  4  0 -9 
242 241  -1  5  0 -9 
242 273   1  3  0 -9 
242 275   1  6  0 -9 
242 276  -1  4  0 -9 
243 76  -1  4  0 -9 
243 78  -1  4  0 -9 
243 83   1  5  0 -9 
243 182  -1  4  0 -9 
243 221   1  5  0 -9 
243 241  -1  4  0 -9 
243 274   1  3  0 -9 
243 275   1  5  0 -9 
243 277  -1  4  0 -9 
244 39  -1  4  0 -9 
244 50   1  5  0 -9 
244 77  -1  3  0 -9 
244 228  -1  3  0 -9 
244 230   1  2  0 -9 
244 232  -1  1  0 -9 
244 241  -1  4  0 -9 
244 242  -1  1  0 -9 
244 244   1  0  0 -9 
244 252  -1  1  0 -9 
244 265   1  2  0 -9 
244 273   1  2  0 -9 
244 275   1  5  0 -9 
244 276  -1  3  0 -9 
245 35   1  5  0 -9 
245 40  -1  4  0 -9 
245 51   1  5  0 -9 
245 76  -1  3  0 -9 
245 78  -1  3  0 -9 
245 227  -1  3  0 -9 
245 228  -1  4  1  2  0 -9 
245 229   1  2  0 -9 
245 231   1  2  0 -9 
245 233  -1  1  0 -9 
245 239   1  2  0 -9 
245 240  -1  1  0 -9 
245 241  -1  5 -1  3 -1  1  0 -9 
245 243  -1  1  0 -9 
245 245   1  0  0 -9 
245 248   1  2  0 -9 
245 253  -1  1  0 -9 
245 256  -1  3  0 -9 
245 264  -1  3  0 -9 
245 266   1  2  0 -9 
245 274   1  2  0 -9 
245 275   1  6  1  4  0 -9 
245 277  -1  3  0 -9 
246 19  -1  2  0 -9 
246 33  -1  0  0 -9 
246 35  -1  3  0 -9 
246 38   1  1  0 -9 
246 39  -1  3  0 -9 
246 41  -1  0  0 -9 
246 46  -1  2  0 -9 
246 49   1  1  0 -9 
246 50   1  4  0 -9 
246 60  -1  0  0 -9 
246 73   1  1  0 -9 
246 76  -1  3  0 -9 
246 78  -1  3  1  1  0 -9 
246 81  -1  0  0 -9 
246 82  -1  3  0 -9 
246 83   1  4  0 -9 
246 94   1 -1  0 -9 
246 105  -1  3  0 -9 
246 107  -1  0  0 -9 
246 138   1  2  0 -9 
246 151  -1  3  0 -9 
246 160   1  4  0 -9 
246 177  -1  0  0 -9 
246 180   1 -1  0 -9 
246 181   1  2  0 -9 
246 182  -1  3  0 -9 
246 200  -1  0  0 -9 
246 213   1  1  0 -9 
246 220  -1  3  0 -9 
246 221   1  4  0 -9 
246 230   1  1  0 -9 
246 231  -1  0  0 -9 
246 232  -1  0  0 -9 
246 234   1 -1  0 -9 
246 241  -1  3  0 -9 
246 242  -1  0  0 -9 
246 243   1 -1  0 -9 
246 244   1 -1  0 -9 
246 246  -1 -2  0 -9 
246 252  -1  0  0 -9 
246 254   1 -1  0 -9 
246 265   1  1  0 -9 
246 267  -1  0  0 -9 
246 274   1  2  0 -9 
246 275   1  4  0 -9 
246 277  -1  3  0 -9 
247 30  -1  4  0 -9 
247 227   1  6  0 -9 
247 235   1  3  0 -9 
247 239  -1  5  0 -9 
247 255  -1  5  0 -9 
247 264   1  6  0 -9 
248 227   1  5  0 -9 
248 228  -1  4  0 -9 
248 239  -1  4  0 -9 
248 240   1  3  0 -9 
248 256  -1  5  0 -9 
248 268   1  6  0 -9 
249 203  -1  4  0 -9 
249 241  -1  5  0 -9 
249 255  -1  4  0 -9 
249 257   1  3  0 -9 
249 275   1  6  0 -9 
250 30  -1  4  1  2  0 -9 
250 34   1  5  0 -9 
250 77  -1  3  0 -9 
250 82   1  4  0 -9 
250 168  -1  1  0 -9 
250 175  -1  3  0 -9 
250 176   1  2  0 -9 
250 181  -1  3  0 -9 
250 195   1  2  0 -9 
250 196  -1  1  0 -9 
250 203  -1  3  0 -9 
250 204  -1  4  1  2  0 -9 
250 222   1  5  0 -9 
250 228  -1  3  0 -9 
250 235  -1  1  0 -9 
250 239  -1  3  0 -9 
250 240   1  2  0 -9 
250 241  -1  4  1  2  0 -9 
250 242  -1  1  0 -9 
250 247   1  2  0 -9 
250 248  -1  1  0 -9 
250 249  -1  1  0 -9 
250 250   1  0  0 -9 
250 252  -1  1  0 -9 
250 255  -1  3  0 -9 
250 256  -1  4  1  2  0 -9 
250 257   1  2  0 -9 
250 258  -1  1  0 -9 
250 260   1  2  0 -9 
250 265   1  2  0 -9 
250 268   1  5  0 -9 
250 269  -1  3  0 -9 
250 273   1  2  0 -9 
250 275   1  5  0 -9 
250 276  -1  3  0 -9 
251 76  -1  3  0 -9 
251 78  -1  3  0 -9 
251 83   1  4  0 -9 
251 177   1  2  0 -9 
251 182  -1  3  0 -9 
251 197  -1  1  0 -9 
251 205  -1  4  1  2  0 -9 
251 223   1  5  0 -9 
251 241  -1  3  0 -9 
251 243  -1  1  0 -9 
251 251   1  0  0 -9 
251 253  -1  1  0 -9 
251 256  -1  3  0 -9 
251 259  -1  1  0 -9 
251 261   1  2  0 -9 
251 264  -1  3  0 -9 
251 266   1  2  0 -9 
251 268   1  4  0 -9 
251 270  -1  3  0 -9 
251 274   1  2  0 -9 
251 275   1  4  0 -9 
251 277  -1  3  0 -9 
252 265   1  3  0 -9 
252 269  -1  4  0 -9 
252 276  -1  4  0 -9 
252 278   1  5  0 -9 
253 241  -1  4  0 -9 
253 256  -1  4  0 -9 
253 264  -1  4  0 -9 
253 266   1  3  0 -9 
253 268   1  5  0 -9 
253 270  -1  4  0 -9 
253 275   1  5  0 -9 
253 277  -1  4  0 -9 
253 279   1  5  0 -9 
254 153  -1  3  0 -9 
254 155  -1  3  0 -9 
254 165   1  4  0 -9 
254 200  -1  1  0 -9 
254 205  -1  3  0 -9 
254 213   1  2  0 -9 
254 223   1  4  0 -9 
254 225  -1  3  0 -9 
254 252  -1  1  0 -9 
254 254   1  0  0 -9 
254 265   1  2  0 -9 
254 267  -1  1  0 -9 
254 269  -1  3  0 -9 
254 276  -1  3  0 -9 
254 278   1  4  0 -9 
254 279  -1  3  0 -9 
254 281   1  2  0 -9 
255 255  -1  6  0 -9 
255 264   1  7  0 -9 
256 256  -1  6  0 -9 
256 268   1  7  0 -9 
257 203  -1  5  0 -9 
257 219   1  6  0 -9 
257 241  -1  4  0 -9 
257 249   1  3  0 -9 
257 255  -1  5  0 -9 
257 264   1  6  0 -9 
258 204  -1  5  0 -9 
258 222   1  6  0 -9 
258 256  -1  5  0 -9 
258 260   1  3  0 -9 
258 268   1  6  0 -9 
258 269  -1  4  0 -9 
259 205  -1  5  0 -9 
259 223   1  6  0 -9 
259 256  -1  4  0 -9 
259 261   1  3  0 -9 
259 268   1  5  0 -9 
259 270  -1  4  0 -9 
260 204  -1  4  0 -9 
260 256  -1  4  0 -9 
260 258   1  3  0 -9 
260 269  -1  5  0 -9 
260 278   1  6  0 -9 
261 205  -1  4  0 -9 
261 256  -1  5  0 -9 
261 259   1  3  0 -9 
261 268   1  6  0 -9 
261 270  -1  5  0 -9 
261 279   1  6  0 -9 
262 256  -1  4  0 -9 
262 268   1  5  0 -9 
262 270  -1  4  0 -9 
262 271   1  3  0 -9 
262 279   1  5  0 -9 
262 280  -1  4  0 -9 
263 158  -1  3  0 -9 
263 166   1  4  0 -9 
263 205  -1  4  1  2  0 -9 
263 209  -1  1  0 -9 
263 218   1  2  0 -9 
263 223   1  5  0 -9 
263 226  -1  3  0 -9 
263 256  -1  3  0 -9 
263 259  -1  1  0 -9 
263 261   1  2  0 -9 
263 262  -1  1  0 -9 
263 263   1  0  0 -9 
263 268   1  4  0 -9 
263 270  -1  3  0 -9 
263 271   1  2  0 -9 
263 272  -1  1  0 -9 
263 280  -1  3  0 -9 
263 282   1  2  0 -9 
264 264   1  8  0 -9 
265 220   1  6  0 -9 
265 252   1  3  0 -9 
265 269  -1  5  0 -9 
265 276  -1  5  0 -9 
265 278   1  6  0 -9 
266 221   1  6  0 -9 
266 241  -1  5  0 -9 
266 253   1  3  0 -9 
266 256  -1  5  0 -9 
266 264   1  7  0 -9 
266 268   1  6  0 -9 
266 270  -1  5  0 -9 
266 275   1  6  0 -9 
266 277  -1  5  0 -9 
266 279   1  6  0 -9 
267 153  -1  4  0 -9 
267 155  -1  4  0 -9 
267 165   1  5  0 -9 
267 205  -1  4  0 -9 
267 220   1  5  0 -9 
267 223   1  5  0 -9 
267 225  -1  4  0 -9 
267 269  -1  4  0 -9 
267 276  -1  4  0 -9 
267 278   1  5  0 -9 
267 279  -1  4  0 -9 
267 281   1  3  0 -9 
268 268   1  8  0 -9 
269 269  -1  6  0 -9 
269 278   1  7  0 -9 
270 268   1  7  0 -9 
270 270  -1  6  0 -9 
270 279   1  7  0 -9 
271 224   1  6  0 -9 
271 256  -1  5  0 -9 
271 262   1  3  0 -9 
271 268   1  6  0 -9 
271 270  -1  5  0 -9 
271 279   1  6  0 -9 
271 280  -1  5  0 -9 
272 158  -1  4  0 -9 
272 166   1  5  0 -9 
272 224   1  5  0 -9 
272 226  -1  4  0 -9 
272 280  -1  4  0 -9 
272 282   1  3  0 -9 
273 35   1  6  0 -9 
273 76   1  6  0 -9 
273 77  -1  5  0 -9 
273 82   1  6  0 -9 
273 181  -1  5  0 -9 
273 220   1  6  0 -9 
273 227   1  6  0 -9 
273 228  -1  5  0 -9 
273 241  -1  4  0 -9 
273 242   1  3  0 -9 
273 276  -1  5  0 -9 
273 278   1  6  0 -9 
274 76   1  7  0 -9 
274 78  -1  5  0 -9 
274 83   1  6  0 -9 
274 182  -1  5  0 -9 
274 221   1  6  0 -9 
274 241  -1  5  0 -9 
274 243   1  3  0 -9 
274 275   1  6  0 -9 
274 277  -1  5  0 -9 
274 279   1  6  0 -9 
275 275   1  8  0 -9 
276 220   1  7  0 -9 
276 276  -1  6  0 -9 
276 278   1  7  0 -9 
277 221   1  7  0 -9 
277 275   1  7  0 -9 
277 277  -1  6  0 -9 
277 279   1  7  0 -9 
278 278   1  8  0 -9 
279 279   1  8  0 -9 
280 224   1  7  0 -9 
280 279   1  7  0 -9 
280 280  -1  6  0 -9 
281 153  -1  5  0 -9 
281 155   1  7  0 -9 
281 165   1  6  0 -9 
281 205  -1  5  0 -9 
281 220   1  6  0 -9 
281 223   1  6  0 -9 
281 225  -1  5  0 -9 
281 267   1  3  0 -9 
281 269  -1  5  0 -9 
281 276  -1  5  0 -9 
281 278   1  6  0 -9 
281 279   1  7  0 -9 
282 158  -1  5  0 -9 
282 166   1  6  0 -9 
282 224   1  6  0 -9 
282 226  -1  5  0 -9 
282 272   1  3  0 -9 
282 279   1  6  0 -9 
282 280  -1  5  0 -9 
9999 9999
