 0  0   1  8  0 -9 
 1  0   1  7  0 -9 
 1  1  -1  6  0 -9 
 2  0   1  7  0 -9 
 2  2  -1  6  0 -9 
 3  3  -1  6  0 -9 
 3  4   1  7  0 -9 
 4  4   1  8  0 -9 
 5  2  -1  4  0 -9 
 5  7  -1  5  0 -9 
 5 11   1  3  0 -9 
 5 14   1  6  0 -9 
 6  0  -1  4  0 -9 
 6  1   1  3  0 -9 
 6  3  -1  4  0 -9 
 6  4   1  5  0 -9 
 6  5  -1  1  0 -9 
 6  6   1  0  0 -9 
 6  7  -1  4  0 -9 
 6  8   1  3  0 -9 
 6 11   1  2  0 -9 
 6 12  -1  1  0 -9 
 6 13   1  2  0 -9 
 6 14   1  5  0 -9 
 6 15  -1  4  0 -9 
 7  7  -1  6  0 -9 
 7 14   1  7  0 -9 
 8  8  -1  6  0 -9 
 8 15   1  7  0 -9 
 9  9  -1  6  0 -9 
 9 16   1  7  0 -9 
10 10  -1  6  0 -9 
10 17   1  7  0 -9 
11  0   1  6  0 -9 
11  2  -1  5  0 -9 
11  5   1  3  0 -9 
11  7  -1  4  0 -9 
12  3  -1  5  0 -9 
12  4   1  6  0 -9 
12 13   1  3  0 -9 
12 18  -1  4  0 -9 
13  3  -1  4  0 -9 
13 12   1  3  0 -9 
13 15   1  6  0 -9 
13 18  -1  5  0 -9 
14 14   1  8  0 -9 
15 15   1  8  0 -9 
16 16   1  8  0 -9 
17 17   1  8  0 -9 
18 15   1  7  0 -9 
18 18  -1  6  0 -9 
19 17   1  7  0 -9 
19 19  -1  6  0 -9 
9999 9999
