 0  0   1  0  0 -9 
 1  1   1  0  0 -9 
 1 64  -1  1  0 -9 
 1 85   1  2  0 -9 
 2  2   1  0  0 -9 
 2 65  -1  1  0 -9 
 2 86   1  2  0 -9 
 3  3   1  0  0 -9 
 3 121  -1  1  0 -9 
 3 184   1  2  0 -9 
 4  4   1  0  0 -9 
 4 122  -1  1  0 -9 
 4 185   1  2  0 -9 
 5  5   1  0  0 -9 
 5 123  -1  1  0 -9 
 5 186   1  2  0 -9 
 6  6   1  0  0 -9 
 6 124  -1  1  0 -9 
 6 187   1  2  0 -9 
 7  7   1  0  0 -9 
 7 125  -1  1  0 -9 
 7 188   1  2  0 -9 
 8  8   1  0  0 -9 
 8 126  -1  1  0 -9 
 8 189   1  2  0 -9 
 9  9   1  0  0 -9 
 9 127  -1  1  0 -9 
 9 190   1  2  0 -9 
 9 282  -1  3  0 -9 
10 10   1  0  0 -9 
10 128  -1  1  0 -9 
10 191   1  2  0 -9 
10 283  -1  3  0 -9 
11 11   1  0  0 -9 
11 129  -1  1  0 -9 
11 192   1  2  0 -9 
11 284  -1  3  0 -9 
12 12   1  0  0 -9 
12 130  -1  1  0 -9 
12 193   1  2  0 -9 
12 285  -1  3  0 -9 
13 13   1  0  0 -9 
13 137  -1  1  0 -9 
13 200   1  2  0 -9 
13 326  -1  3  0 -9 
14 14   1  0  0 -9 
14 138  -1  1  0 -9 
14 201   1  2  0 -9 
14 327  -1  3  0 -9 
15 15   1  0  0 -9 
15 139  -1  1  0 -9 
15 202   1  2  0 -9 
15 328  -1  3  0 -9 
16 16   1  0  0 -9 
16 140  -1  1  0 -9 
16 203   1  2  0 -9 
16 329  -1  3  0 -9 
17 17   1  0  0 -9 
17 141  -1  1  0 -9 
17 204   1  2  0 -9 
17 330  -1  3  0 -9 
18 18   1  0  0 -9 
18 142  -1  1  0 -9 
18 205   1  2  0 -9 
18 331  -1  3  0 -9 
19 19   1  0  0 -9 
19 143  -1  1  0 -9 
19 206   1  2  0 -9 
19 332  -1  3  0 -9 
20 20   1  0  0 -9 
20 144  -1  1  0 -9 
20 207   1  2  0 -9 
20 333  -1  3  0 -9 
21  0   1 -1  0 -9 
21  1   1 -1  0 -9 
21 21  -1 -2  0 -9 
21 64  -1  0  0 -9 
22  2   1 -1  0 -9 
22 22  -1 -2  0 -9 
22 65  -1  0  0 -9 
23  1   1 -1  0 -9 
23 23  -1 -2  0 -9 
23 64  -1  0  0 -9 
23 85   1  1  0 -9 
23 86  -1  0  0 -9 
23 106   1 -1  0 -9 
24  3   1 -1  0 -9 
24 24  -1 -2  0 -9 
24 121  -1  0  0 -9 
25  4   1 -1  0 -9 
25 25  -1 -2  0 -9 
25 122  -1  0  0 -9 
26  5   1 -1  0 -9 
26 26  -1 -2  0 -9 
26 123  -1  0  0 -9 
27  6   1 -1  0 -9 
27 27  -1 -2  0 -9 
27 124  -1  0  0 -9 
28  7   1 -1  0 -9 
28 28  -1 -2  0 -9 
28 125  -1  0  0 -9 
29  8   1 -1  0 -9 
29 29  -1 -2  0 -9 
29 126  -1  0  0 -9 
30  1   1 -1  0 -9 
30  3   1 -1  0 -9 
30  9   1 -1  0 -9 
30 30  -1 -2  0 -9 
30 64  -1  0  0 -9 
30 85   1  1  0 -9 
30 121  -1  0  0 -9 
30 127  -1  0  0 -9 
30 184   1  1  0 -9 
30 186  -1  0  0 -9 
30 190   1  1  0 -9 
30 194  -1  0  0 -9 
30 234   1 -1  0 -9 
30 282  -1  2  0 -9 
30 299   1  1  0 -9 
31 10   1 -1  0 -9 
31 31  -1 -2  0 -9 
31 128  -1  0  0 -9 
31 187  -1  0  0 -9 
31 191   1  1  0 -9 
31 195  -1  0  0 -9 
31 235   1 -1  0 -9 
31 283  -1  2  0 -9 
31 300   1  1  0 -9 
32  4   1 -1  0 -9 
32 11   1 -1  0 -9 
32 32  -1 -2  0 -9 
32 122  -1  0  0 -9 
32 129  -1  0  0 -9 
32 185   1  1  0 -9 
32 188  -1  0  0 -9 
32 192   1  1  0 -9 
32 196  -1  0  0 -9 
32 236   1 -1  0 -9 
32 284  -1  2  0 -9 
32 301   1  1  0 -9 
33 12   1 -1  0 -9 
33 33  -1 -2  0 -9 
33 130  -1  0  0 -9 
33 189  -1  0  0 -9 
33 193   1  1  0 -9 
33 197  -1  0  0 -9 
33 237   1 -1  0 -9 
33 285  -1  2  0 -9 
33 302   1  1  0 -9 
34  9   1 -1  0 -9 
34 34  -1 -2  0 -9 
34 127  -1  0  0 -9 
34 190   1  1  0 -9 
34 198  -1  0  0 -9 
34 238   1 -1  0 -9 
34 282  -1  2  0 -9 
34 303   1  1  0 -9 
35 11   1 -1  0 -9 
35 35  -1 -2  0 -9 
35 129  -1  0  0 -9 
35 192   1  1  0 -9 
35 199  -1  0  0 -9 
35 239   1 -1  0 -9 
35 284  -1  2  0 -9 
35 304   1  1  0 -9 
36 13   1 -1  0 -9 
36 36  -1 -2  0 -9 
36 137  -1  0  0 -9 
36 200   1  1  0 -9 
36 208  -1  0  0 -9 
36 242   1 -1  0 -9 
36 326  -1  2  0 -9 
36 355   1  1  0 -9 
37 14   1 -1  0 -9 
37 37  -1 -2  0 -9 
37 138  -1  0  0 -9 
37 201   1  1  0 -9 
37 209  -1  0  0 -9 
37 243   1 -1  0 -9 
37 327  -1  2  0 -9 
37 356   1  1  0 -9 
38 15   1 -1  0 -9 
38 38  -1 -2  0 -9 
38 139  -1  0  0 -9 
38 202   1  1  0 -9 
38 210  -1  0  0 -9 
38 244   1 -1  0 -9 
38 328  -1  2  0 -9 
38 357   1  1  0 -9 
39 16   1 -1  0 -9 
39 39  -1 -2  0 -9 
39 140  -1  0  0 -9 
39 203   1  1  0 -9 
39 211  -1  0  0 -9 
39 245   1 -1  0 -9 
39 329  -1  2  0 -9 
39 358   1  1  0 -9 
40 17   1 -1  0 -9 
40 40  -1 -2  0 -9 
40 141  -1  0  0 -9 
40 204   1  1  0 -9 
40 212  -1  0  0 -9 
40 246   1 -1  0 -9 
40 330  -1  2  0 -9 
40 359   1  1  0 -9 
41 15   1 -1  0 -9 
41 18   1 -1  0 -9 
41 41  -1 -2  0 -9 
41 139  -1  0  0 -9 
41 142  -1  0  0 -9 
41 202   1  1  0 -9 
41 205   1  1  0 -9 
41 213  -1  0  0 -9 
41 247   1 -1  0 -9 
41 328  -1  2  0 -9 
41 331  -1  2  0 -9 
41 360   1  1  0 -9 
42 19   1 -1  0 -9 
42 42  -1 -2  0 -9 
42 143  -1  0  0 -9 
42 206   1  1  0 -9 
42 214  -1  0  0 -9 
42 248   1 -1  0 -9 
42 332  -1  2  0 -9 
42 361   1  1  0 -9 
43 18   1 -1  0 -9 
43 43  -1 -2  0 -9 
43 142  -1  0  0 -9 
43 205   1  1  0 -9 
43 215  -1  0  0 -9 
43 249   1 -1  0 -9 
43 331  -1  2  0 -9 
43 362   1  1  0 -9 
44 20   1 -1  0 -9 
44 44  -1 -2  0 -9 
44 144  -1  0  0 -9 
44 207   1  1  0 -9 
44 216  -1  0  0 -9 
44 250   1 -1  0 -9 
44 333  -1  2  0 -9 
44 363   1  1  0 -9 
45  1   1 -1  0 -9 
45  9   1 -1  0 -9 
45 45  -1 -2  0 -9 
45 64  -1  0  0 -9 
45 66   1 -1  0 -9 
45 87   1  2  0 -9 
45 127  -1  0  0 -9 
45 409  -1  3  0 -9 
46 10   1 -1  0 -9 
46 46  -1 -2  0 -9 
46 67   1 -1  0 -9 
46 88   1  2  0 -9 
46 128  -1  0  0 -9 
46 410  -1  3  0 -9 
47 11   1 -1  0 -9 
47 47  -1 -2  0 -9 
47 68   1 -1  0 -9 
47 89   1  2  0 -9 
47 129  -1  0  0 -9 
47 411  -1  3  0 -9 
48 12   1 -1  0 -9 
48 48  -1 -2  0 -9 
48 69   1 -1  0 -9 
48 90   1  2  0 -9 
48 130  -1  0  0 -9 
48 412  -1  3  0 -9 
49 49  -1 -2  0 -9 
49 66  -1  0  0 -9 
49 70   1 -1  0 -9 
49 87   1  1  0 -9 
49 91  -1  0  0 -9 
49 107   1 -1  0 -9 
49 131  -1  0  0 -9 
49 409  -1  2  0 -9 
49 426   1  1  0 -9 
50 50  -1 -2  0 -9 
50 67  -1  0  0 -9 
50 71   1 -1  0 -9 
50 88   1  1  0 -9 
50 92  -1  0  0 -9 
50 108   1 -1  0 -9 
50 132  -1  0  0 -9 
50 410  -1  2  0 -9 
50 427   1  1  0 -9 
51 51  -1 -2  0 -9 
51 68  -1  0  0 -9 
51 72   1 -1  0 -9 
51 89   1  1  0 -9 
51 93  -1  0  0 -9 
51 109   1 -1  0 -9 
51 133  -1  0  0 -9 
51 411  -1  2  0 -9 
51 428   1  1  0 -9 
52 52  -1 -2  0 -9 
52 69  -1  0  0 -9 
52 73   1 -1  0 -9 
52 90   1  1  0 -9 
52 94  -1  0  0 -9 
52 110   1 -1  0 -9 
52 134  -1  0  0 -9 
52 412  -1  2  0 -9 
52 429   1  1  0 -9 
53 53  -1 -2  0 -9 
53 65  -1  0  0 -9 
53 66  -1  0  0 -9 
53 74   1 -1  0 -9 
53 87   1  1  0 -9 
53 95  -1  0  0 -9 
53 111   1 -1  0 -9 
53 135  -1  0  0 -9 
53 409  -1  2  0 -9 
53 430   1  1  0 -9 
54 54  -1 -2  0 -9 
54 68  -1  0  0 -9 
54 75   1 -1  0 -9 
54 89   1  1  0 -9 
54 96  -1  0  0 -9 
54 112   1 -1  0 -9 
54 136  -1  0  0 -9 
54 411  -1  2  0 -9 
54 431   1  1  0 -9 
55  9   1 -1  0 -9 
55 55  -1 -2  0 -9 
55 76   1 -1  0 -9 
55 97  -1  0  0 -9 
55 127  -1  0  0 -9 
55 171  -1  0  0 -9 
55 190   1  1  0 -9 
55 194  -1  0  0 -9 
55 217  -1  0  0 -9 
55 261   1 -1  0 -9 
55 282  -1  2  0 -9 
55 286   1  1  0 -9 
55 299   1  1  0 -9 
55 305  -1  2 -1  0  0 -9 
55 334  -1  2  0 -9 
55 364   1  1  0 -9 
55 413  -1  2  0 -9 
55 432   1  1  0 -9 
55 453   1  3  0 -9 
56 18   1 -1  0 -9 
56 56  -1 -2  0 -9 
56 77   1 -1  0 -9 
56 98  -1  0  0 -9 
56 142  -1  0  0 -9 
56 172  -1  0  0 -9 
56 205   1  1  0 -9 
56 218  -1  0  0 -9 
56 262   1 -1  0 -9 
56 287   1  1  0 -9 
56 306  -1  2 -1  0  0 -9 
56 331  -1  2  0 -9 
56 335  -1  2  0 -9 
56 365   1  1  0 -9 
56 414  -1  2  0 -9 
56 433   1  1  0 -9 
56 454   1  3  0 -9 
57 19   1 -1  0 -9 
57 57  -1 -2  0 -9 
57 78   1 -1  0 -9 
57 99  -1  0  0 -9 
57 143  -1  0  0 -9 
57 173  -1  0  0 -9 
57 206   1  1  0 -9 
57 219  -1  0  0 -9 
57 263   1 -1  0 -9 
57 288   1  1  0 -9 
57 307  -1  2 -1  0  0 -9 
57 332  -1  2  0 -9 
57 336  -1  2  0 -9 
57 366   1  1  0 -9 
57 415  -1  2  0 -9 
57 434   1  1  0 -9 
57 455   1  3  0 -9 
58 20   1 -1  0 -9 
58 58  -1 -2  0 -9 
58 79   1 -1  0 -9 
58 100  -1  0  0 -9 
58 144  -1  0  0 -9 
58 174  -1  0  0 -9 
58 207   1  1  0 -9 
58 220  -1  0  0 -9 
58 264   1 -1  0 -9 
58 289   1  1  0 -9 
58 308  -1  2 -1  0  0 -9 
58 333  -1  2  0 -9 
58 337  -1  2  0 -9 
58 367   1  1  0 -9 
58 416  -1  2  0 -9 
58 435   1  1  0 -9 
58 456   1  3  0 -9 
59 59  -1 -2  0 -9 
59 80   1 -1  0 -9 
59 101  -1  0  0 -9 
59 175  -1  0  0 -9 
59 195  -1  0  0 -9 
59 221  -1  0  0 -9 
59 265   1 -1  0 -9 
59 283  -1  2  0 -9 
59 290   1  1  0 -9 
59 300   1  1  0 -9 
59 309  -1  2 -1  0  0 -9 
59 338  -1  2  0 -9 
59 368   1  1  0 -9 
59 417  -1  2  0 -9 
59 436   1  1  0 -9 
59 457   1  3  0 -9 
60 60  -1 -2  0 -9 
60 81   1 -1  0 -9 
60 102  -1  0  0 -9 
60 176  -1  0  0 -9 
60 196  -1  0  0 -9 
60 222  -1  0  0 -9 
60 266   1 -1  0 -9 
60 284  -1  2  0 -9 
60 291   1  1  0 -9 
60 301   1  1  0 -9 
60 310  -1  2 -1  0  0 -9 
60 339  -1  2  0 -9 
60 369   1  1  0 -9 
60 418  -1  2  0 -9 
60 437   1  1  0 -9 
60 458   1  3  0 -9 
61 61  -1 -2  0 -9 
61 82   1 -1  0 -9 
61 103  -1  0  0 -9 
61 177  -1  0  0 -9 
61 197  -1  0  0 -9 
61 223  -1  0  0 -9 
61 267   1 -1  0 -9 
61 285  -1  2  0 -9 
61 292   1  1  0 -9 
61 302   1  1  0 -9 
61 311  -1  2 -1  0  0 -9 
61 340  -1  2  0 -9 
61 370   1  1  0 -9 
61 419  -1  2  0 -9 
61 438   1  1  0 -9 
61 459   1  3  0 -9 
62 62  -1 -2  0 -9 
62 83   1 -1  0 -9 
62 104  -1  0  0 -9 
62 178  -1  0  0 -9 
62 224  -1  0  0 -9 
62 268   1 -1  0 -9 
62 293   1  1  0 -9 
62 312  -1  2 -1  0  0 -9 
62 341  -1  2  0 -9 
62 371   1  1  0 -9 
62 420  -1  2  0 -9 
62 439   1  1  0 -9 
62 460   1  3  0 -9 
63 63  -1 -2  0 -9 
63 84   1 -1  0 -9 
63 105  -1  0  0 -9 
63 179  -1  0  0 -9 
63 225  -1  0  0 -9 
63 269   1 -1  0 -9 
63 294   1  1  0 -9 
63 313  -1  2 -1  0  0 -9 
63 342  -1  2  0 -9 
63 372   1  1  0 -9 
63 421  -1  2  0 -9 
63 440   1  1  0 -9 
63 461   1  3  0 -9 
64 85   1  3  0 -9 
65 86   1  3  0 -9 
66 87   1  3  0 -9 
66 409  -1  4  0 -9 
67 88   1  3  0 -9 
67 410  -1  4  0 -9 
68 89   1  3  0 -9 
68 411  -1  4  0 -9 
69 90   1  3  0 -9 
69 412  -1  4  0 -9 
70 66  -1  1  0 -9 
70 70   1  0  0 -9 
70 87   1  2  0 -9 
70 91  -1  1  0 -9 
70 131  -1  1  0 -9 
70 194   1  2  0 -9 
70 299  -1  3  0 -9 
70 409  -1  3  0 -9 
70 426   1  2  0 -9 
71 67  -1  1  0 -9 
71 71   1  0  0 -9 
71 88   1  2  0 -9 
71 92  -1  1  0 -9 
71 132  -1  1  0 -9 
71 195   1  2  0 -9 
71 300  -1  3  0 -9 
71 410  -1  3  0 -9 
71 427   1  2  0 -9 
72 68  -1  1  0 -9 
72 72   1  0  0 -9 
72 89   1  2  0 -9 
72 93  -1  1  0 -9 
72 133  -1  1  0 -9 
72 196   1  2  0 -9 
72 301  -1  3  0 -9 
72 411  -1  3  0 -9 
72 428   1  2  0 -9 
73 69  -1  1  0 -9 
73 73   1  0  0 -9 
73 90   1  2  0 -9 
73 94  -1  1  0 -9 
73 134  -1  1  0 -9 
73 197   1  2  0 -9 
73 302  -1  3  0 -9 
73 412  -1  3  0 -9 
73 429   1  2  0 -9 
74 65  -1  1  0 -9 
74 66  -1  1  0 -9 
74 74   1  0  0 -9 
74 86   1  2  0 -9 
74 87   1  2  0 -9 
74 95  -1  1  0 -9 
74 135  -1  1  0 -9 
74 198   1  2  0 -9 
74 303  -1  3  0 -9 
74 409  -1  3  0 -9 
74 430   1  2  0 -9 
75 68  -1  1  0 -9 
75 75   1  0  0 -9 
75 89   1  2  0 -9 
75 96  -1  1  0 -9 
75 136  -1  1  0 -9 
75 199   1  2  0 -9 
75 304  -1  3  0 -9 
75 411  -1  3  0 -9 
75 431   1  2  0 -9 
76 76   1  0  0 -9 
76 97  -1  1  0 -9 
76 171  -1  1  0 -9 
76 286   1  2  0 -9 
76 305  -1  3  0 -9 
76 334  -1  3  0 -9 
76 413  -1  3  0 -9 
76 432   1  2  0 -9 
76 453   1  4  0 -9 
77 77   1  0  0 -9 
77 98  -1  1  0 -9 
77 172  -1  1  0 -9 
77 287   1  2  0 -9 
77 306  -1  3  0 -9 
77 335  -1  3  0 -9 
77 414  -1  3  0 -9 
77 433   1  2  0 -9 
77 454   1  4  0 -9 
78 78   1  0  0 -9 
78 99  -1  1  0 -9 
78 173  -1  1  0 -9 
78 288   1  2  0 -9 
78 307  -1  3  0 -9 
78 336  -1  3  0 -9 
78 415  -1  3  0 -9 
78 434   1  2  0 -9 
78 455   1  4  0 -9 
79 79   1  0  0 -9 
79 100  -1  1  0 -9 
79 174  -1  1  0 -9 
79 289   1  2  0 -9 
79 308  -1  3  0 -9 
79 337  -1  3  0 -9 
79 416  -1  3  0 -9 
79 435   1  2  0 -9 
79 456   1  4  0 -9 
80 80   1  0  0 -9 
80 101  -1  1  0 -9 
80 175  -1  1  0 -9 
80 283  -1  3  0 -9 
80 290   1  2  0 -9 
80 309  -1  3  0 -9 
80 338  -1  3  0 -9 
80 417  -1  3  0 -9 
80 436   1  2  0 -9 
80 457   1  4  0 -9 
81 81   1  0  0 -9 
81 102  -1  1  0 -9 
81 176  -1  1  0 -9 
81 284  -1  3  0 -9 
81 291   1  2  0 -9 
81 310  -1  3  0 -9 
81 339  -1  3  0 -9 
81 418  -1  3  0 -9 
81 437   1  2  0 -9 
81 458   1  4  0 -9 
82 82   1  0  0 -9 
82 103  -1  1  0 -9 
82 177  -1  1  0 -9 
82 285  -1  3  0 -9 
82 292   1  2  0 -9 
82 311  -1  3  0 -9 
82 340  -1  3  0 -9 
82 419  -1  3  0 -9 
82 438   1  2  0 -9 
82 459   1  4  0 -9 
83 83   1  0  0 -9 
83 104  -1  1  0 -9 
83 178  -1  1  0 -9 
83 293   1  2  0 -9 
83 312  -1  3  0 -9 
83 341  -1  3  0 -9 
83 420  -1  3  0 -9 
83 439   1  2  0 -9 
83 460   1  4  0 -9 
84 84   1  0  0 -9 
84 105  -1  1  0 -9 
84 179  -1  1  0 -9 
84 294   1  2  0 -9 
84 313  -1  3  0 -9 
84 342  -1  3  0 -9 
84 421  -1  3  0 -9 
84 440   1  2  0 -9 
84 461   1  4  0 -9 
85 64   1  3  0 -9 
86 65   1  3  0 -9 
87 66   1  3  0 -9 
87 282   1  6  0 -9 
87 409  -1  5  0 -9 
88 67   1  3  0 -9 
88 283   1  6  0 -9 
88 410  -1  5  0 -9 
89 68   1  3  0 -9 
89 284   1  6  0 -9 
89 411  -1  5  0 -9 
90 69   1  3  0 -9 
90 285   1  6  0 -9 
90 412  -1  5  0 -9 
91 282   1  5  0 -9 
91 299  -1  4  0 -9 
91 409  -1  4  0 -9 
91 426   1  3  0 -9 
92 283   1  5  0 -9 
92 300  -1  4  0 -9 
92 410  -1  4  0 -9 
92 427   1  3  0 -9 
93 284   1  5  0 -9 
93 301  -1  4  0 -9 
93 411  -1  4  0 -9 
93 428   1  3  0 -9 
94 285   1  5  0 -9 
94 302  -1  4  0 -9 
94 412  -1  4  0 -9 
94 429   1  3  0 -9 
95 282   1  5  0 -9 
95 303  -1  4  0 -9 
95 409  -1  4  0 -9 
95 430   1  3  0 -9 
96 284   1  5  0 -9 
96 304  -1  4  0 -9 
96 411  -1  4  0 -9 
96 431   1  3  0 -9 
97 305  -1  4  0 -9 
97 413  -1  4  0 -9 
97 432   1  3  0 -9 
97 453   1  5  0 -9 
98 306  -1  4  0 -9 
98 414  -1  4  0 -9 
98 433   1  3  0 -9 
98 454   1  5  0 -9 
99 307  -1  4  0 -9 
99 415  -1  4  0 -9 
99 434   1  3  0 -9 
99 455   1  5  0 -9 
100 308  -1  4  0 -9 
100 416  -1  4  0 -9 
100 435   1  3  0 -9 
100 456   1  5  0 -9 
101 309  -1  4  0 -9 
101 417  -1  4  0 -9 
101 436   1  3  0 -9 
101 457   1  5  0 -9 
102 310  -1  4  0 -9 
102 418  -1  4  0 -9 
102 437   1  3  0 -9 
102 458   1  5  0 -9 
103 311  -1  4  0 -9 
103 419  -1  4  0 -9 
103 438   1  3  0 -9 
103 459   1  5  0 -9 
104 312  -1  4  0 -9 
104 420  -1  4  0 -9 
104 439   1  3  0 -9 
104 460   1  5  0 -9 
105 313  -1  4  0 -9 
105 421  -1  4  0 -9 
105 440   1  3  0 -9 
105 461   1  5  0 -9 
106 64  -1  1  0 -9 
106 65   1  2  0 -9 
106 85   1  2  0 -9 
106 86  -1  1  0 -9 
106 106   1  0  0 -9 
107 66  -1  1  0 -9 
107 87   1  2  0 -9 
107 91  -1  1  0 -9 
107 107   1  0  0 -9 
107 409  -1  3  0 -9 
107 426   1  2  0 -9 
108 67  -1  1  0 -9 
108 88   1  2  0 -9 
108 92  -1  1  0 -9 
108 108   1  0  0 -9 
108 410  -1  3  0 -9 
108 427   1  2  0 -9 
109 68  -1  1  0 -9 
109 89   1  2  0 -9 
109 93  -1  1  0 -9 
109 109   1  0  0 -9 
109 411  -1  3  0 -9 
109 428   1  2  0 -9 
110 69  -1  1  0 -9 
110 90   1  2  0 -9 
110 94  -1  1  0 -9 
110 110   1  0  0 -9 
110 412  -1  3  0 -9 
110 429   1  2  0 -9 
111 66  -1  1  0 -9 
111 87   1  2  0 -9 
111 95  -1  1  0 -9 
111 111   1  0  0 -9 
111 409  -1  3  0 -9 
111 430   1  2  0 -9 
112 68  -1  1  0 -9 
112 89   1  2  0 -9 
112 96  -1  1  0 -9 
112 112   1  0  0 -9 
112 411  -1  3  0 -9 
112 431   1  2  0 -9 
113 66  -1  0  0 -9 
113 70   1 -1  0 -9 
113 87   1  1  0 -9 
113 91  -1  0  0 -9 
113 92   1 -1  0 -9 
113 95  -1  0  0 -9 
113 111   1 -1  0 -9 
113 113  -1 -2  0 -9 
113 131  -1  0  0 -9 
113 194   1  1  0 -9 
113 195  -1  0  0 -9 
113 240   1 -1  0 -9 
113 282  -1  3  0 -9 
113 283   1  4  0 -9 
113 300  -1  3  0 -9 
113 303   1  2  0 -9 
113 410  -1  3  0 -9 
113 427   1  2  0 -9 
114 68  -1  0  0 -9 
114 72   1 -1  0 -9 
114 89   1  1  0 -9 
114 93  -1  0  0 -9 
114 94   1 -1  0 -9 
114 96  -1  0  0 -9 
114 112   1 -1  0 -9 
114 114  -1 -2  0 -9 
114 133  -1  0  0 -9 
114 196   1  1  0 -9 
114 197  -1  0  0 -9 
114 241   1 -1  0 -9 
114 284  -1  3  0 -9 
114 285   1  4  0 -9 
114 302  -1  3  0 -9 
114 304   1  2  0 -9 
114 412  -1  3  0 -9 
114 429   1  2  0 -9 
115 76   1 -1  0 -9 
115 97  -1  0  0 -9 
115 101   1 -1  0 -9 
115 115  -1 -2  0 -9 
115 171  -1  0  0 -9 
115 270   1 -1  0 -9 
115 286   1  1  0 -9 
115 309  -1  3  0 -9 
115 314  -1  0  0 -9 
115 334  -1  2  0 -9 
115 373   1  1  0 -9 
115 417  -1  3  0 -9 
115 436   1  2  0 -9 
115 457   1  4  0 -9 
116 77   1 -1  0 -9 
116 98  -1  0  0 -9 
116 102   1 -1  0 -9 
116 116  -1 -2  0 -9 
116 172  -1  0  0 -9 
116 271   1 -1  0 -9 
116 287   1  1  0 -9 
116 310  -1  3  0 -9 
116 315  -1  0  0 -9 
116 335  -1  2  0 -9 
116 374   1  1  0 -9 
116 418  -1  3  0 -9 
116 437   1  2  0 -9 
116 458   1  4  0 -9 
117 78   1 -1  0 -9 
117 99  -1  0  0 -9 
117 103   1 -1  0 -9 
117 117  -1 -2  0 -9 
117 173  -1  0  0 -9 
117 272   1 -1  0 -9 
117 288   1  1  0 -9 
117 311  -1  3  0 -9 
117 316  -1  0  0 -9 
117 336  -1  2  0 -9 
117 375   1  1  0 -9 
117 419  -1  3  0 -9 
117 438   1  2  0 -9 
117 459   1  4  0 -9 
118 77   1 -1  0 -9 
118 98  -1  0  0 -9 
118 104   1 -1  0 -9 
118 118  -1 -2  0 -9 
118 172  -1  0  0 -9 
118 273   1 -1  0 -9 
118 287   1  1  0 -9 
118 312  -1  3  0 -9 
118 317  -1  0  0 -9 
118 335  -1  2  0 -9 
118 376   1  1  0 -9 
118 420  -1  3  0 -9 
118 439   1  2  0 -9 
118 460   1  4  0 -9 
119 79   1 -1  0 -9 
119 100  -1  0  0 -9 
119 105   1 -1  0 -9 
119 119  -1 -2  0 -9 
119 174  -1  0  0 -9 
119 274   1 -1  0 -9 
119 289   1  1  0 -9 
119 313  -1  3  0 -9 
119 318  -1  0  0 -9 
119 337  -1  2  0 -9 
119 377   1  1  0 -9 
119 421  -1  3  0 -9 
119 440   1  2  0 -9 
119 461   1  4  0 -9 
120 81   1 -1  0 -9 
120 102  -1  0  0 -9 
120 103   1 -1  0 -9 
120 120  -1 -2  0 -9 
120 176  -1  0  0 -9 
120 275   1 -1  0 -9 
120 284  -1  2  0 -9 
120 291   1  1  0 -9 
120 304   1  1  0 -9 
120 311  -1  3  0 -9 
120 319  -1  0  0 -9 
120 339  -1  2  0 -9 
120 378   1  1  0 -9 
120 419  -1  3  0 -9 
120 438   1  2  0 -9 
120 459   1  4  0 -9 
121 184   1  3  0 -9 
122 185   1  3  0 -9 
123 186   1  3  0 -9 
124 187   1  3  0 -9 
125 188   1  3  0 -9 
126 189   1  3  0 -9 
127 190   1  3  0 -9 
127 282  -1  4  0 -9 
128 191   1  3  0 -9 
128 283  -1  4  0 -9 
129 192   1  3  0 -9 
129 284  -1  4  0 -9 
130 193   1  3  0 -9 
130 285  -1  4  0 -9 
131 194   1  3  0 -9 
131 299  -1  4  0 -9 
132 195   1  3  0 -9 
132 300  -1  4  0 -9 
133 196   1  3  0 -9 
133 301  -1  4  0 -9 
134 197   1  3  0 -9 
134 302  -1  4  0 -9 
135 198   1  3  0 -9 
135 303  -1  4  0 -9 
136 199   1  3  0 -9 
136 304  -1  4  0 -9 
137 200   1  3  0 -9 
137 326  -1  4  0 -9 
138 201   1  3  0 -9 
138 327  -1  4  0 -9 
139 202   1  3  0 -9 
139 328  -1  4  0 -9 
140 203   1  3  0 -9 
140 329  -1  4  0 -9 
141 204   1  3  0 -9 
141 330  -1  4  0 -9 
142 205   1  3  0 -9 
142 331  -1  4  0 -9 
143 206   1  3  0 -9 
143 332  -1  4  0 -9 
144 207   1  3  0 -9 
144 333  -1  4  0 -9 
145 208   1  3  0 -9 
145 355  -1  4  0 -9 
146 209   1  3  0 -9 
146 356  -1  4  0 -9 
147 210   1  3  0 -9 
147 357  -1  4  0 -9 
148 211   1  3  0 -9 
148 358  -1  4  0 -9 
149 212   1  3  0 -9 
149 359  -1  4  0 -9 
150 213   1  3  0 -9 
150 360  -1  4  0 -9 
151 214   1  3  0 -9 
151 361  -1  4  0 -9 
152 215   1  3  0 -9 
152 362  -1  4  0 -9 
153 216   1  3  0 -9 
153 363  -1  4  0 -9 
154 217   1  3  0 -9 
154 364  -1  4  0 -9 
155 218   1  3  0 -9 
155 365  -1  4  0 -9 
156 219   1  3  0 -9 
156 366  -1  4  0 -9 
157 220   1  3  0 -9 
157 367  -1  4  0 -9 
158 221   1  3  0 -9 
158 368  -1  4  0 -9 
159 222   1  3  0 -9 
159 369  -1  4  0 -9 
160 223   1  3  0 -9 
160 370  -1  4  0 -9 
161 224   1  3  0 -9 
161 371  -1  4  0 -9 
162 225   1  3  0 -9 
162 372  -1  4  0 -9 
163 226   1  3  0 -9 
163 379  -1  4  0 -9 
164 227   1  3  0 -9 
164 380  -1  4  0 -9 
165 228   1  3  0 -9 
165 381  -1  4  0 -9 
166 229   1  3  0 -9 
166 382  -1  4  0 -9 
167 230   1  3  0 -9 
167 383  -1  4  0 -9 
168 231   1  3  0 -9 
168 384  -1  4  0 -9 
169 232   1  3  0 -9 
169 385  -1  4  0 -9 
170 233   1  3  0 -9 
170 386  -1  4  0 -9 
171 286   1  3  0 -9 
171 305  -1  4  0 -9 
171 334  -1  4  0 -9 
171 413  -1  4  0 -9 
171 453   1  5  0 -9 
172 287   1  3  0 -9 
172 306  -1  4  0 -9 
172 335  -1  4  0 -9 
172 414  -1  4  0 -9 
172 454   1  5  0 -9 
173 288   1  3  0 -9 
173 307  -1  4  0 -9 
173 336  -1  4  0 -9 
173 415  -1  4  0 -9 
173 455   1  5  0 -9 
174 289   1  3  0 -9 
174 308  -1  4  0 -9 
174 337  -1  4  0 -9 
174 416  -1  4  0 -9 
174 456   1  5  0 -9 
175 283  -1  4  0 -9 
175 290   1  3  0 -9 
175 309  -1  4  0 -9 
175 338  -1  4  0 -9 
175 417  -1  4  0 -9 
175 457   1  5  0 -9 
176 284  -1  4  0 -9 
176 291   1  3  0 -9 
176 310  -1  4  0 -9 
176 339  -1  4  0 -9 
176 418  -1  4  0 -9 
176 458   1  5  0 -9 
177 285  -1  4  0 -9 
177 292   1  3  0 -9 
177 311  -1  4  0 -9 
177 340  -1  4  0 -9 
177 419  -1  4  0 -9 
177 459   1  5  0 -9 
178 293   1  3  0 -9 
178 312  -1  4  0 -9 
178 341  -1  4  0 -9 
178 420  -1  4  0 -9 
178 460   1  5  0 -9 
179 294   1  3  0 -9 
179 313  -1  4  0 -9 
179 342  -1  4  0 -9 
179 421  -1  4  0 -9 
179 461   1  5  0 -9 
180 295   1  3  0 -9 
180 397  -1  4  0 -9 
180 422  -1  4  0 -9 
180 462   1  5  0 -9 
181 296   1  3  0 -9 
181 398  -1  4  0 -9 
181 423  -1  4  0 -9 
181 463   1  5  0 -9 
182 297   1  3  0 -9 
182 399  -1  4  0 -9 
182 424  -1  4  0 -9 
182 464   1  5  0 -9 
183 298   1  3  0 -9 
183 400  -1  4  0 -9 
183 425  -1  4  0 -9 
183 465   1  5  0 -9 
184 121   1  3  0 -9 
185 122   1  3  0 -9 
186 123   1  3  0 -9 
187 124   1  3  0 -9 
188 125   1  3  0 -9 
189 126   1  3  0 -9 
190 127   1  3  0 -9 
190 282   1  7  0 -9 
191 128   1  3  0 -9 
191 283   1  7  0 -9 
192 129   1  3  0 -9 
192 284   1  7  0 -9 
193 130   1  3  0 -9 
193 285   1  7  0 -9 
194 131   1  3  0 -9 
194 282   1  6  0 -9 
194 299  -1  5  0 -9 
195 132   1  3  0 -9 
195 283   1  6  0 -9 
195 300  -1  5  0 -9 
196 133   1  3  0 -9 
196 284   1  6  0 -9 
196 301  -1  5  0 -9 
197 134   1  3  0 -9 
197 285   1  6  0 -9 
197 302  -1  5  0 -9 
198 135   1  3  0 -9 
198 282   1  6  0 -9 
198 303  -1  5  0 -9 
199 136   1  3  0 -9 
199 284   1  6  0 -9 
199 304  -1  5  0 -9 
200 137   1  3  0 -9 
200 326   1  7  0 -9 
201 138   1  3  0 -9 
201 327   1  7  0 -9 
202 139   1  3  0 -9 
202 328   1  7  0 -9 
203 140   1  3  0 -9 
203 329   1  7  0 -9 
204 141   1  3  0 -9 
204 330   1  7  0 -9 
205 142   1  3  0 -9 
205 331   1  7  0 -9 
206 143   1  3  0 -9 
206 332   1  7  0 -9 
207 144   1  3  0 -9 
207 333   1  7  0 -9 
208 145   1  3  0 -9 
208 326   1  6  0 -9 
208 355  -1  5  0 -9 
209 146   1  3  0 -9 
209 327   1  6  0 -9 
209 356  -1  5  0 -9 
210 147   1  3  0 -9 
210 328   1  6  0 -9 
210 357  -1  5  0 -9 
211 148   1  3  0 -9 
211 329   1  6  0 -9 
211 358  -1  5  0 -9 
212 149   1  3  0 -9 
212 330   1  6  0 -9 
212 359  -1  5  0 -9 
213 150   1  3  0 -9 
213 328   1  6  0 -9 
213 331   1  6  0 -9 
213 360  -1  5  0 -9 
214 151   1  3  0 -9 
214 332   1  6  0 -9 
214 361  -1  5  0 -9 
215 152   1  3  0 -9 
215 331   1  6  0 -9 
215 362  -1  5  0 -9 
216 153   1  3  0 -9 
216 333   1  6  0 -9 
216 363  -1  5  0 -9 
217 154   1  3  0 -9 
217 334   1  6  0 -9 
217 364  -1  5  0 -9 
218 155   1  3  0 -9 
218 331   1  6  0 -9 
218 335   1  6  0 -9 
218 365  -1  5  0 -9 
219 156   1  3  0 -9 
219 332   1  6  0 -9 
219 336   1  6  0 -9 
219 366  -1  5  0 -9 
220 157   1  3  0 -9 
220 333   1  6  0 -9 
220 337   1  6  0 -9 
220 367  -1  5  0 -9 
221 158   1  3  0 -9 
221 338   1  6  0 -9 
221 368  -1  5  0 -9 
222 159   1  3  0 -9 
222 339   1  6  0 -9 
222 369  -1  5  0 -9 
223 160   1  3  0 -9 
223 340   1  6  0 -9 
223 370  -1  5  0 -9 
224 161   1  3  0 -9 
224 341   1  6  0 -9 
224 371  -1  5  0 -9 
225 162   1  3  0 -9 
225 342   1  6  0 -9 
225 372  -1  5  0 -9 
226 163   1  3  0 -9 
226 343   1  6  0 -9 
226 379  -1  5  0 -9 
227 164   1  3  0 -9 
227 344   1  6  0 -9 
227 380  -1  5  0 -9 
228 165   1  3  0 -9 
228 345   1  6  0 -9 
228 381  -1  5  0 -9 
229 166   1  3  0 -9 
229 346   1  6  0 -9 
229 382  -1  5  0 -9 
230 167   1  3  0 -9 
230 347   1  6  0 -9 
230 383  -1  5  0 -9 
231 168   1  3  0 -9 
231 348   1  6  0 -9 
231 384  -1  5  0 -9 
232 169   1  3  0 -9 
232 349   1  6  0 -9 
232 385  -1  5  0 -9 
233 170   1  3  0 -9 
233 350   1  6  0 -9 
233 386  -1  5  0 -9 
234 64  -1  1  0 -9 
234 85   1  2  0 -9 
234 121  -1  1  0 -9 
234 123   1  2  0 -9 
234 127  -1  1  0 -9 
234 131   1  2  0 -9 
234 184   1  2  0 -9 
234 186  -1  1  0 -9 
234 190   1  2  0 -9 
234 194  -1  1  0 -9 
234 234   1  0  0 -9 
234 282  -1  3  0 -9 
234 299   1  2  0 -9 
235 124   1  2  0 -9 
235 128  -1  1  0 -9 
235 132   1  2  0 -9 
235 187  -1  1  0 -9 
235 191   1  2  0 -9 
235 195  -1  1  0 -9 
235 235   1  0  0 -9 
235 283  -1  3  0 -9 
235 300   1  2  0 -9 
236 122  -1  1  0 -9 
236 125   1  2  0 -9 
236 129  -1  1  0 -9 
236 133   1  2  0 -9 
236 185   1  2  0 -9 
236 188  -1  1  0 -9 
236 192   1  2  0 -9 
236 196  -1  1  0 -9 
236 236   1  0  0 -9 
236 284  -1  3  0 -9 
236 301   1  2  0 -9 
237 126   1  2  0 -9 
237 130  -1  1  0 -9 
237 134   1  2  0 -9 
237 189  -1  1  0 -9 
237 193   1  2  0 -9 
237 197  -1  1  0 -9 
237 237   1  0  0 -9 
237 285  -1  3  0 -9 
237 302   1  2  0 -9 
238 127  -1  1  0 -9 
238 135   1  2  0 -9 
238 190   1  2  0 -9 
238 198  -1  1  0 -9 
238 238   1  0  0 -9 
238 282  -1  3  0 -9 
238 303   1  2  0 -9 
239 129  -1  1  0 -9 
239 136   1  2  0 -9 
239 192   1  2  0 -9 
239 199  -1  1  0 -9 
239 239   1  0  0 -9 
239 284  -1  3  0 -9 
239 304   1  2  0 -9 
240 131  -1  1  0 -9 
240 132   1  2  0 -9 
240 194   1  2  0 -9 
240 195  -1  1  0 -9 
240 240   1  0  0 -9 
240 282  -1  4  0 -9 
240 283   1  5  0 -9 
240 300  -1  4  0 -9 
240 303   1  3  0 -9 
241 133  -1  1  0 -9 
241 134   1  2  0 -9 
241 196   1  2  0 -9 
241 197  -1  1  0 -9 
241 241   1  0  0 -9 
241 284  -1  4  0 -9 
241 285   1  5  0 -9 
241 302  -1  4  0 -9 
241 304   1  3  0 -9 
242 137  -1  1  0 -9 
242 145   1  2  0 -9 
242 200   1  2  0 -9 
242 208  -1  1  0 -9 
242 242   1  0  0 -9 
242 326  -1  3  0 -9 
242 355   1  2  0 -9 
243 138  -1  1  0 -9 
243 146   1  2  0 -9 
243 201   1  2  0 -9 
243 209  -1  1  0 -9 
243 243   1  0  0 -9 
243 327  -1  3  0 -9 
243 356   1  2  0 -9 
244 139  -1  1  0 -9 
244 147   1  2  0 -9 
244 202   1  2  0 -9 
244 210  -1  1  0 -9 
244 244   1  0  0 -9 
244 328  -1  3  0 -9 
244 357   1  2  0 -9 
245 140  -1  1  0 -9 
245 148   1  2  0 -9 
245 203   1  2  0 -9 
245 211  -1  1  0 -9 
245 245   1  0  0 -9 
245 329  -1  3  0 -9 
245 358   1  2  0 -9 
246 141  -1  1  0 -9 
246 149   1  2  0 -9 
246 204   1  2  0 -9 
246 212  -1  1  0 -9 
246 246   1  0  0 -9 
246 330  -1  3  0 -9 
246 359   1  2  0 -9 
247 139  -1  1  0 -9 
247 142  -1  1  0 -9 
247 150   1  2  0 -9 
247 202   1  2  0 -9 
247 205   1  2  0 -9 
247 213  -1  1  0 -9 
247 247   1  0  0 -9 
247 328  -1  3  0 -9 
247 331  -1  3  0 -9 
247 360   1  2  0 -9 
248 143  -1  1  0 -9 
248 151   1  2  0 -9 
248 206   1  2  0 -9 
248 214  -1  1  0 -9 
248 248   1  0  0 -9 
248 332  -1  3  0 -9 
248 361   1  2  0 -9 
249 142  -1  1  0 -9 
249 152   1  2  0 -9 
249 205   1  2  0 -9 
249 215  -1  1  0 -9 
249 249   1  0  0 -9 
249 331  -1  3  0 -9 
249 362   1  2  0 -9 
250 144  -1  1  0 -9 
250 153   1  2  0 -9 
250 207   1  2  0 -9 
250 216  -1  1  0 -9 
250 250   1  0  0 -9 
250 333  -1  3  0 -9 
250 363   1  2  0 -9 
251 154  -1  1  0 -9 
251 158   1  2  0 -9 
251 217   1  2  0 -9 
251 221  -1  1  0 -9 
251 251   1  0  0 -9 
251 334  -1  4  0 -9 
251 338   1  5  0 -9 
251 368  -1  4  0 -9 
251 373   1  3  0 -9 
252 133   1  2  0 -9 
252 147  -1  1  0 -9 
252 148   1  2  0 -9 
252 155  -1  1  0 -9 
252 159   1  2  0 -9 
252 196  -1  1  0 -9 
252 210   1  2  0 -9 
252 211  -1  1  0 -9 
252 218   1  2  0 -9 
252 222  -1  1  0 -9 
252 252   1  0  0 -9 
252 284   1  5  0 -9 
252 301  -1  4  0 -9 
252 328  -1  4  0 -9 
252 329   1  5  0 -9 
252 331  -1  4  0 -9 
252 335  -1  4  0 -9 
252 339   1  5  0 -9 
252 358  -1  4  0 -9 
252 360   1  3  0 -9 
252 369  -1  4  0 -9 
252 374   1  3  0 -9 
253 134   1  2  0 -9 
253 146   1  2  0 -9 
253 149   1  2  0 -9 
253 156  -1  1  0 -9 
253 160   1  2  0 -9 
253 197  -1  1  0 -9 
253 209  -1  1  0 -9 
253 212  -1  1  0 -9 
253 219   1  2  0 -9 
253 223  -1  1  0 -9 
253 253   1  0  0 -9 
253 285   1  5  0 -9 
253 302  -1  4  0 -9 
253 327   1  5  0 -9 
253 330   1  5  0 -9 
253 332  -1  4  0 -9 
253 336  -1  4  0 -9 
253 340   1  5  0 -9 
253 356  -1  4  0 -9 
253 359  -1  4  0 -9 
253 361   1  3  0 -9 
253 370  -1  4  0 -9 
253 375   1  3  0 -9 
254 155  -1  1  0 -9 
254 161   1  2  0 -9 
254 218   1  2  0 -9 
254 224  -1  1  0 -9 
254 254   1  0  0 -9 
254 331  -1  4  0 -9 
254 335  -1  4  0 -9 
254 341   1  5  0 -9 
254 362   1  3  0 -9 
254 371  -1  4  0 -9 
254 376   1  3  0 -9 
255 149   1  2  0 -9 
255 157  -1  1  0 -9 
255 162   1  2  0 -9 
255 212  -1  1  0 -9 
255 220   1  2  0 -9 
255 225  -1  1  0 -9 
255 255   1  0  0 -9 
255 330   1  5  0 -9 
255 333  -1  4  0 -9 
255 337  -1  4  0 -9 
255 342   1  5  0 -9 
255 359  -1  4  0 -9 
255 363   1  3  0 -9 
255 372  -1  4  0 -9 
255 377   1  3  0 -9 
256 159  -1  1  0 -9 
256 160   1  2  0 -9 
256 222   1  2  0 -9 
256 223  -1  1  0 -9 
256 256   1  0  0 -9 
256 339  -1  4  0 -9 
256 340   1  5  0 -9 
256 370  -1  4  0 -9 
256 378   1  3  0 -9 
257 163  -1  1  0 -9 
257 164  -1  1  0 -9 
257 166   1  2  0 -9 
257 226   1  2  0 -9 
257 227   1  2  0 -9 
257 229  -1  1  0 -9 
257 257   1  0  0 -9 
257 343  -1  4  0 -9 
257 344  -1  4  0 -9 
257 346   1  5  0 -9 
257 382  -1  4  0 -9 
257 387   1  3  0 -9 
258 165  -1  1  0 -9 
258 167   1  2  0 -9 
258 228   1  2  0 -9 
258 230  -1  1  0 -9 
258 258   1  0  0 -9 
258 345  -1  4  0 -9 
258 347   1  5  0 -9 
258 383  -1  4  0 -9 
258 388   1  3  0 -9 
259 164  -1  1  0 -9 
259 168   1  2  0 -9 
259 227   1  2  0 -9 
259 231  -1  1  0 -9 
259 259   1  0  0 -9 
259 344  -1  4  0 -9 
259 348   1  5  0 -9 
259 384  -1  4  0 -9 
259 389   1  3  0 -9 
260 167   1  2  0 -9 
260 169  -1  1  0 -9 
260 170   1  2  0 -9 
260 230  -1  1  0 -9 
260 232   1  2  0 -9 
260 233  -1  1  0 -9 
260 260   1  0  0 -9 
260 347   1  5  0 -9 
260 349  -1  4  0 -9 
260 350   1  5  0 -9 
260 383  -1  4  0 -9 
260 386  -1  4  0 -9 
260 390   1  3  0 -9 
261 97  -1  1  0 -9 
261 127  -1  1  0 -9 
261 131   1  2  0 -9 
261 154   1  2  0 -9 
261 171  -1  1  0 -9 
261 190   1  2  0 -9 
261 194  -1  1  0 -9 
261 217  -1  1  0 -9 
261 261   1  0  0 -9 
261 282  -1  3  0 -9 
261 286   1  2  0 -9 
261 299   1  2  0 -9 
261 305  -1  5 -1  3 -1  1  0 -9 
261 334  -1  3  0 -9 
261 364   1  2  0 -9 
261 413  -1  3  0 -9 
261 432   1  2  0 -9 
261 453   1  6  1  4  0 -9 
262 98  -1  1  0 -9 
262 142  -1  1  0 -9 
262 155   1  2  0 -9 
262 172  -1  1  0 -9 
262 205   1  2  0 -9 
262 218  -1  1  0 -9 
262 262   1  0  0 -9 
262 287   1  2  0 -9 
262 306  -1  5 -1  3 -1  1  0 -9 
262 331  -1  3  0 -9 
262 335  -1  3  0 -9 
262 365   1  2  0 -9 
262 414  -1  3  0 -9 
262 433   1  2  0 -9 
262 454   1  6  1  4  0 -9 
263 99  -1  1  0 -9 
263 143  -1  1  0 -9 
263 156   1  2  0 -9 
263 173  -1  1  0 -9 
263 206   1  2  0 -9 
263 219  -1  1  0 -9 
263 263   1  0  0 -9 
263 288   1  2  0 -9 
263 307  -1  5 -1  3 -1  1  0 -9 
263 332  -1  3  0 -9 
263 336  -1  3  0 -9 
263 366   1  2  0 -9 
263 415  -1  3  0 -9 
263 434   1  2  0 -9 
263 455   1  6  1  4  0 -9 
264 100  -1  1  0 -9 
264 144  -1  1  0 -9 
264 157   1  2  0 -9 
264 174  -1  1  0 -9 
264 207   1  2  0 -9 
264 220  -1  1  0 -9 
264 264   1  0  0 -9 
264 289   1  2  0 -9 
264 308  -1  5 -1  3 -1  1  0 -9 
264 333  -1  3  0 -9 
264 337  -1  3  0 -9 
264 367   1  2  0 -9 
264 416  -1  3  0 -9 
264 435   1  2  0 -9 
264 456   1  6  1  4  0 -9 
265 101  -1  1  0 -9 
265 132   1  2  0 -9 
265 158   1  2  0 -9 
265 175  -1  1  0 -9 
265 195  -1  1  0 -9 
265 221  -1  1  0 -9 
265 265   1  0  0 -9 
265 283  -1  3  0 -9 
265 290   1  2  0 -9 
265 300   1  2  0 -9 
265 309  -1  5 -1  3 -1  1  0 -9 
265 338  -1  3  0 -9 
265 368   1  2  0 -9 
265 417  -1  3  0 -9 
265 436   1  2  0 -9 
265 457   1  6  1  4  0 -9 
266 102  -1  1  0 -9 
266 133   1  2  0 -9 
266 159   1  2  0 -9 
266 176  -1  1  0 -9 
266 196  -1  1  0 -9 
266 222  -1  1  0 -9 
266 266   1  0  0 -9 
266 284  -1  3  0 -9 
266 291   1  2  0 -9 
266 301   1  2  0 -9 
266 310  -1  5 -1  3 -1  1  0 -9 
266 339  -1  3  0 -9 
266 369   1  2  0 -9 
266 418  -1  3  0 -9 
266 437   1  2  0 -9 
266 458   1  6  1  4  0 -9 
267 103  -1  1  0 -9 
267 134   1  2  0 -9 
267 160   1  2  0 -9 
267 177  -1  1  0 -9 
267 197  -1  1  0 -9 
267 223  -1  1  0 -9 
267 267   1  0  0 -9 
267 285  -1  3  0 -9 
267 292   1  2  0 -9 
267 302   1  2  0 -9 
267 311  -1  5 -1  3 -1  1  0 -9 
267 340  -1  3  0 -9 
267 370   1  2  0 -9 
267 419  -1  3  0 -9 
267 438   1  2  0 -9 
267 459   1  6  1  4  0 -9 
268 104  -1  1  0 -9 
268 161   1  2  0 -9 
268 178  -1  1  0 -9 
268 224  -1  1  0 -9 
268 268   1  0  0 -9 
268 293   1  2  0 -9 
268 312  -1  5 -1  3 -1  1  0 -9 
268 341  -1  3  0 -9 
268 371   1  2  0 -9 
268 420  -1  3  0 -9 
268 439   1  2  0 -9 
268 460   1  6  1  4  0 -9 
269 105  -1  1  0 -9 
269 162   1  2  0 -9 
269 179  -1  1  0 -9 
269 225  -1  1  0 -9 
269 269   1  0  0 -9 
269 294   1  2  0 -9 
269 313  -1  5 -1  3 -1  1  0 -9 
269 342  -1  3  0 -9 
269 372   1  2  0 -9 
269 421  -1  3  0 -9 
269 440   1  2  0 -9 
269 461   1  6  1  4  0 -9 
270 171  -1  1  0 -9 
270 270   1  0  0 -9 
270 286   1  2  0 -9 
270 309  -1  4  0 -9 
270 314  -1  1  0 -9 
270 334  -1  3  0 -9 
270 373   1  2  0 -9 
270 413  -1  3  0 -9 
270 441   1  2  0 -9 
270 457   1  5  0 -9 
271 172  -1  1  0 -9 
271 271   1  0  0 -9 
271 287   1  2  0 -9 
271 310  -1  4  0 -9 
271 315  -1  1  0 -9 
271 335  -1  3  0 -9 
271 374   1  2  0 -9 
271 414  -1  3  0 -9 
271 442   1  2  0 -9 
271 458   1  5  0 -9 
272 173  -1  1  0 -9 
272 272   1  0  0 -9 
272 288   1  2  0 -9 
272 311  -1  4  0 -9 
272 316  -1  1  0 -9 
272 336  -1  3  0 -9 
272 375   1  2  0 -9 
272 415  -1  3  0 -9 
272 443   1  2  0 -9 
272 459   1  5  0 -9 
273 172  -1  1  0 -9 
273 273   1  0  0 -9 
273 287   1  2  0 -9 
273 312  -1  4  0 -9 
273 317  -1  1  0 -9 
273 335  -1  3  0 -9 
273 376   1  2  0 -9 
273 414  -1  3  0 -9 
273 444   1  2  0 -9 
273 460   1  5  0 -9 
274 174  -1  1  0 -9 
274 274   1  0  0 -9 
274 289   1  2  0 -9 
274 313  -1  4  0 -9 
274 318  -1  1  0 -9 
274 337  -1  3  0 -9 
274 377   1  2  0 -9 
274 416  -1  3  0 -9 
274 445   1  2  0 -9 
274 461   1  5  0 -9 
275 176  -1  1  0 -9 
275 275   1  0  0 -9 
275 284  -1  3  0 -9 
275 291   1  2  0 -9 
275 304   1  2  0 -9 
275 311  -1  4  0 -9 
275 319  -1  1  0 -9 
275 339  -1  3  0 -9 
275 378   1  2  0 -9 
275 418  -1  3  0 -9 
275 446   1  2  0 -9 
275 459   1  5  0 -9 
276 159   1  2  0 -9 
276 180  -1  1  0 -9 
276 222  -1  1  0 -9 
276 276   1  0  0 -9 
276 295   1  2  0 -9 
276 320  -1  1  0 -9 
276 335  -1  4  0 -9 
276 339   1  5  0 -9 
276 351  -1  4  0 -9 
276 369  -1  4  0 -9 
276 374   1  3  0 -9 
276 391   1  3  0 -9 
276 401  -1  4  0 -9 
276 422  -1  3  0 -9 
276 447   1  2  0 -9 
276 466   1  5  0 -9 
277 160   1  2  0 -9 
277 181  -1  1  0 -9 
277 223  -1  1  0 -9 
277 277   1  0  0 -9 
277 296   1  2  0 -9 
277 321  -1  1  0 -9 
277 336  -1  4  0 -9 
277 340   1  5  0 -9 
277 352  -1  4  0 -9 
277 370  -1  4  0 -9 
277 375   1  3  0 -9 
277 392   1  3  0 -9 
277 402  -1  4  0 -9 
277 423  -1  3  0 -9 
277 448   1  2  0 -9 
277 467   1  5  0 -9 
278 164  -1  1  0 -9 
278 169   1  2  0 -9 
278 182  -1  1  0 -9 
278 227   1  2  0 -9 
278 232  -1  1  0 -9 
278 278   1  0  0 -9 
278 297   1  2  0 -9 
278 322  -1  1  0 -9 
278 337  -1  4  0 -9 
278 344  -1  4  0 -9 
278 349   1  5  0 -9 
278 353  -1  4  0 -9 
278 385  -1  4  0 -9 
278 393   1  3  0 -9 
278 403  -1  4  0 -9 
278 424  -1  3  0 -9 
278 449   1  2  0 -9 
278 468   1  5  0 -9 
279 170   1  2  0 -9 
279 183  -1  1  0 -9 
279 233  -1  1  0 -9 
279 279   1  0  0 -9 
279 298   1  2  0 -9 
279 323  -1  1  0 -9 
279 350   1  5  0 -9 
279 354  -1  4  0 -9 
279 386  -1  4  0 -9 
279 394   1  3  0 -9 
279 404  -1  4  0 -9 
279 425  -1  3  0 -9 
279 450   1  2  0 -9 
279 469   1  5  0 -9 
280 180  -1  1  0 -9 
280 280   1  0  0 -9 
280 295   1  2  0 -9 
280 324  -1  1  0 -9 
280 335  -1  4  0 -9 
280 351  -1  4  0 -9 
280 376   1  3  0 -9 
280 395   1  3  0 -9 
280 405  -1  4  0 -9 
280 422  -1  3  0 -9 
280 451   1  2  0 -9 
280 470   1  5  0 -9 
281 182  -1  1  0 -9 
281 281   1  0  0 -9 
281 297   1  2  0 -9 
281 325  -1  1  0 -9 
281 337  -1  4  0 -9 
281 353  -1  4  0 -9 
281 377   1  3  0 -9 
281 396   1  3  0 -9 
281 406  -1  4  0 -9 
281 424  -1  3  0 -9 
281 452   1  2  0 -9 
281 471   1  5  0 -9 
282 282   1  8  0 -9 
283 283   1  8  0 -9 
284 284   1  8  0 -9 
285 285   1  8  0 -9 
286 171   1  3  0 -9 
286 305  -1  5  0 -9 
286 334   1  7  0 -9 
286 413  -1  5  0 -9 
286 453   1  6  0 -9 
287 172   1  3  0 -9 
287 306  -1  5  0 -9 
287 335   1  7  0 -9 
287 414  -1  5  0 -9 
287 454   1  6  0 -9 
288 173   1  3  0 -9 
288 307  -1  5  0 -9 
288 336   1  7  0 -9 
288 415  -1  5  0 -9 
288 455   1  6  0 -9 
289 174   1  3  0 -9 
289 308  -1  5  0 -9 
289 337   1  7  0 -9 
289 416  -1  5  0 -9 
289 456   1  6  0 -9 
290 175   1  3  0 -9 
290 283   1  7  0 -9 
290 309  -1  5  0 -9 
290 338   1  7  0 -9 
290 417  -1  5  0 -9 
290 457   1  6  0 -9 
291 176   1  3  0 -9 
291 284   1  7  0 -9 
291 310  -1  5  0 -9 
291 339   1  7  0 -9 
291 418  -1  5  0 -9 
291 458   1  6  0 -9 
292 177   1  3  0 -9 
292 285   1  7  0 -9 
292 311  -1  5  0 -9 
292 340   1  7  0 -9 
292 419  -1  5  0 -9 
292 459   1  6  0 -9 
293 178   1  3  0 -9 
293 312  -1  5  0 -9 
293 341   1  7  0 -9 
293 420  -1  5  0 -9 
293 460   1  6  0 -9 
294 179   1  3  0 -9 
294 313  -1  5  0 -9 
294 342   1  7  0 -9 
294 421  -1  5  0 -9 
294 461   1  6  0 -9 
295 180   1  3  0 -9 
295 335   1  6  0 -9 
295 351   1  6  0 -9 
295 397  -1  5  0 -9 
295 422  -1  5  0 -9 
295 462   1  6  0 -9 
296 181   1  3  0 -9 
296 336   1  6  0 -9 
296 352   1  6  0 -9 
296 398  -1  5  0 -9 
296 423  -1  5  0 -9 
296 463   1  6  0 -9 
297 182   1  3  0 -9 
297 337   1  6  0 -9 
297 353   1  6  0 -9 
297 399  -1  5  0 -9 
297 424  -1  5  0 -9 
297 464   1  6  0 -9 
298 183   1  3  0 -9 
298 354   1  6  0 -9 
298 400  -1  5  0 -9 
298 425  -1  5  0 -9 
298 465   1  6  0 -9 
299 282   1  7  0 -9 
299 299  -1  6  0 -9 
300 283   1  7  0 -9 
300 300  -1  6  0 -9 
301 284   1  7  0 -9 
301 301  -1  6  0 -9 
302 285   1  7  0 -9 
302 302  -1  6  0 -9 
303 282   1  7  0 -9 
303 303  -1  6  0 -9 
304 284   1  7  0 -9 
304 304  -1  6  0 -9 
305 305  -1  6  0 -9 
305 453   1  7  0 -9 
306 306  -1  6  0 -9 
306 454   1  7  0 -9 
307 307  -1  6  0 -9 
307 455   1  7  0 -9 
308 308  -1  6  0 -9 
308 456   1  7  0 -9 
309 309  -1  6  0 -9 
309 457   1  7  0 -9 
310 310  -1  6  0 -9 
310 458   1  7  0 -9 
311 311  -1  6  0 -9 
311 459   1  7  0 -9 
312 312  -1  6  0 -9 
312 460   1  7  0 -9 
313 313  -1  6  0 -9 
313 461   1  7  0 -9 
314 309  -1  5  0 -9 
314 334   1  6  0 -9 
314 373  -1  5  0 -9 
314 413  -1  4  0 -9 
314 441   1  3  0 -9 
314 457   1  6  0 -9 
315 310  -1  5  0 -9 
315 335   1  6  0 -9 
315 374  -1  5  0 -9 
315 414  -1  4  0 -9 
315 442   1  3  0 -9 
315 458   1  6  0 -9 
316 311  -1  5  0 -9 
316 336   1  6  0 -9 
316 375  -1  5  0 -9 
316 415  -1  4  0 -9 
316 443   1  3  0 -9 
316 459   1  6  0 -9 
317 312  -1  5  0 -9 
317 335   1  6  0 -9 
317 376  -1  5  0 -9 
317 414  -1  4  0 -9 
317 444   1  3  0 -9 
317 460   1  6  0 -9 
318 313  -1  5  0 -9 
318 337   1  6  0 -9 
318 377  -1  5  0 -9 
318 416  -1  4  0 -9 
318 445   1  3  0 -9 
318 461   1  6  0 -9 
319 284   1  6  0 -9 
319 304  -1  5  0 -9 
319 311  -1  5  0 -9 
319 339   1  6  0 -9 
319 378  -1  5  0 -9 
319 418  -1  4  0 -9 
319 446   1  3  0 -9 
319 459   1  6  0 -9 
320 401  -1  5  0 -9 
320 422  -1  4  0 -9 
320 447   1  3  0 -9 
320 466   1  6  0 -9 
321 402  -1  5  0 -9 
321 423  -1  4  0 -9 
321 448   1  3  0 -9 
321 467   1  6  0 -9 
322 403  -1  5  0 -9 
322 424  -1  4  0 -9 
322 449   1  3  0 -9 
322 468   1  6  0 -9 
323 404  -1  5  0 -9 
323 425  -1  4  0 -9 
323 450   1  3  0 -9 
323 469   1  6  0 -9 
324 405  -1  5  0 -9 
324 422  -1  4  0 -9 
324 451   1  3  0 -9 
324 470   1  6  0 -9 
325 406  -1  5  0 -9 
325 424  -1  4  0 -9 
325 452   1  3  0 -9 
325 471   1  6  0 -9 
326 326   1  8  0 -9 
327 327   1  8  0 -9 
328 328   1  8  0 -9 
329 329   1  8  0 -9 
330 330   1  8  0 -9 
331 331   1  8  0 -9 
332 332   1  8  0 -9 
333 333   1  8  0 -9 
334 334   1  8  0 -9 
335 335   1  8  0 -9 
336 336   1  8  0 -9 
337 337   1  8  0 -9 
338 338   1  8  0 -9 
339 339   1  8  0 -9 
340 340   1  8  0 -9 
341 341   1  8  0 -9 
342 342   1  8  0 -9 
343 343   1  8  0 -9 
344 344   1  8  0 -9 
345 345   1  8  0 -9 
346 346   1  8  0 -9 
347 347   1  8  0 -9 
348 348   1  8  0 -9 
349 349   1  8  0 -9 
350 350   1  8  0 -9 
351 351   1  8  0 -9 
352 352   1  8  0 -9 
353 353   1  8  0 -9 
354 354   1  8  0 -9 
355 326   1  7  0 -9 
355 355  -1  6  0 -9 
356 327   1  7  0 -9 
356 356  -1  6  0 -9 
357 328   1  7  0 -9 
357 357  -1  6  0 -9 
358 329   1  7  0 -9 
358 358  -1  6  0 -9 
359 330   1  7  0 -9 
359 359  -1  6  0 -9 
360 328   1  7  0 -9 
360 331   1  7  0 -9 
360 360  -1  6  0 -9 
361 332   1  7  0 -9 
361 361  -1  6  0 -9 
362 331   1  7  0 -9 
362 362  -1  6  0 -9 
363 333   1  7  0 -9 
363 363  -1  6  0 -9 
364 334   1  7  0 -9 
364 364  -1  6  0 -9 
365 331   1  7  0 -9 
365 335   1  7  0 -9 
365 365  -1  6  0 -9 
366 332   1  7  0 -9 
366 336   1  7  0 -9 
366 366  -1  6  0 -9 
367 333   1  7  0 -9 
367 337   1  7  0 -9 
367 367  -1  6  0 -9 
368 338   1  7  0 -9 
368 368  -1  6  0 -9 
369 339   1  7  0 -9 
369 369  -1  6  0 -9 
370 340   1  7  0 -9 
370 370  -1  6  0 -9 
371 341   1  7  0 -9 
371 371  -1  6  0 -9 
372 342   1  7  0 -9 
372 372  -1  6  0 -9 
373 334   1  7  0 -9 
373 373  -1  6  0 -9 
374 335   1  7  0 -9 
374 374  -1  6  0 -9 
375 336   1  7  0 -9 
375 375  -1  6  0 -9 
376 335   1  7  0 -9 
376 376  -1  6  0 -9 
377 337   1  7  0 -9 
377 377  -1  6  0 -9 
378 339   1  7  0 -9 
378 378  -1  6  0 -9 
379 343   1  7  0 -9 
379 379  -1  6  0 -9 
380 344   1  7  0 -9 
380 380  -1  6  0 -9 
381 345   1  7  0 -9 
381 381  -1  6  0 -9 
382 346   1  7  0 -9 
382 382  -1  6  0 -9 
383 347   1  7  0 -9 
383 383  -1  6  0 -9 
384 348   1  7  0 -9 
384 384  -1  6  0 -9 
385 349   1  7  0 -9 
385 385  -1  6  0 -9 
386 350   1  7  0 -9 
386 386  -1  6  0 -9 
387 343   1  7  0 -9 
387 344   1  7  0 -9 
387 387  -1  6  0 -9 
388 345   1  7  0 -9 
388 388  -1  6  0 -9 
389 344   1  7  0 -9 
389 389  -1  6  0 -9 
390 349   1  7  0 -9 
390 390  -1  6  0 -9 
391 351   1  7  0 -9 
391 391  -1  6  0 -9 
392 352   1  7  0 -9 
392 392  -1  6  0 -9 
393 337   1  7  0 -9 
393 344   1  7  0 -9 
393 353   1  7  0 -9 
393 393  -1  6  0 -9 
394 354   1  7  0 -9 
394 394  -1  6  0 -9 
395 351   1  7  0 -9 
395 395  -1  6  0 -9 
396 353   1  7  0 -9 
396 396  -1  6  0 -9 
397 335   1  7  0 -9 
397 351   1  7  0 -9 
397 397  -1  6  0 -9 
397 462   1  7  0 -9 
398 336   1  7  0 -9 
398 352   1  7  0 -9 
398 398  -1  6  0 -9 
398 463   1  7  0 -9 
399 337   1  7  0 -9 
399 353   1  7  0 -9 
399 399  -1  6  0 -9 
399 464   1  7  0 -9 
400 354   1  7  0 -9 
400 400  -1  6  0 -9 
400 465   1  7  0 -9 
401 401  -1  6  0 -9 
401 466   1  7  0 -9 
402 402  -1  6  0 -9 
402 467   1  7  0 -9 
403 403  -1  6  0 -9 
403 468   1  7  0 -9 
404 404  -1  6  0 -9 
404 469   1  7  0 -9 
405 405  -1  6  0 -9 
405 470   1  7  0 -9 
406 406  -1  6  0 -9 
406 471   1  7  0 -9 
407 353   1  7  0 -9 
407 407  -1  6  0 -9 
407 472   1  7  0 -9 
408 408  -1  6  0 -9 
408 473   1  7  0 -9 
409 282   1  7  0 -9 
409 409  -1  6  0 -9 
410 283   1  7  0 -9 
410 410  -1  6  0 -9 
411 284   1  7  0 -9 
411 411  -1  6  0 -9 
412 285   1  7  0 -9 
412 412  -1  6  0 -9 
413 413  -1  6  0 -9 
413 453   1  7  0 -9 
414 414  -1  6  0 -9 
414 454   1  7  0 -9 
415 415  -1  6  0 -9 
415 455   1  7  0 -9 
416 416  -1  6  0 -9 
416 456   1  7  0 -9 
417 417  -1  6  0 -9 
417 457   1  7  0 -9 
418 418  -1  6  0 -9 
418 458   1  7  0 -9 
419 419  -1  6  0 -9 
419 459   1  7  0 -9 
420 420  -1  6  0 -9 
420 460   1  7  0 -9 
421 421  -1  6  0 -9 
421 461   1  7  0 -9 
422 422  -1  6  0 -9 
422 462   1  7  0 -9 
423 423  -1  6  0 -9 
423 463   1  7  0 -9 
424 424  -1  6  0 -9 
424 464   1  7  0 -9 
425 425  -1  6  0 -9 
425 465   1  7  0 -9 
426 91   1  3  0 -9 
426 282   1  6  0 -9 
426 299  -1  5  0 -9 
426 409  -1  5  0 -9 
427 92   1  3  0 -9 
427 283   1  6  0 -9 
427 300  -1  5  0 -9 
427 410  -1  5  0 -9 
428 93   1  3  0 -9 
428 284   1  6  0 -9 
428 301  -1  5  0 -9 
428 411  -1  5  0 -9 
429 94   1  3  0 -9 
429 285   1  6  0 -9 
429 302  -1  5  0 -9 
429 412  -1  5  0 -9 
430 95   1  3  0 -9 
430 282   1  6  0 -9 
430 303  -1  5  0 -9 
430 409  -1  5  0 -9 
431 96   1  3  0 -9 
431 284   1  6  0 -9 
431 304  -1  5  0 -9 
431 411  -1  5  0 -9 
432 97   1  3  0 -9 
432 305  -1  5  0 -9 
432 413  -1  5  0 -9 
432 453   1  6  0 -9 
433 98   1  3  0 -9 
433 306  -1  5  0 -9 
433 414  -1  5  0 -9 
433 454   1  6  0 -9 
434 99   1  3  0 -9 
434 307  -1  5  0 -9 
434 415  -1  5  0 -9 
434 455   1  6  0 -9 
435 100   1  3  0 -9 
435 308  -1  5  0 -9 
435 416  -1  5  0 -9 
435 456   1  6  0 -9 
436 101   1  3  0 -9 
436 309  -1  5  0 -9 
436 417  -1  5  0 -9 
436 457   1  6  0 -9 
437 102   1  3  0 -9 
437 310  -1  5  0 -9 
437 418  -1  5  0 -9 
437 458   1  6  0 -9 
438 103   1  3  0 -9 
438 311  -1  5  0 -9 
438 419  -1  5  0 -9 
438 459   1  6  0 -9 
439 104   1  3  0 -9 
439 312  -1  5  0 -9 
439 420  -1  5  0 -9 
439 460   1  6  0 -9 
440 105   1  3  0 -9 
440 313  -1  5  0 -9 
440 421  -1  5  0 -9 
440 461   1  6  0 -9 
441 309  -1  4  0 -9 
441 314   1  3  0 -9 
441 373  -1  4  0 -9 
441 413  -1  5  0 -9 
441 453   1  6  0 -9 
442 310  -1  4  0 -9 
442 315   1  3  0 -9 
442 374  -1  4  0 -9 
442 414  -1  5  0 -9 
442 454   1  6  0 -9 
443 311  -1  4  0 -9 
443 316   1  3  0 -9 
443 375  -1  4  0 -9 
443 415  -1  5  0 -9 
443 455   1  6  0 -9 
444 312  -1  4  0 -9 
444 317   1  3  0 -9 
444 376  -1  4  0 -9 
444 414  -1  5  0 -9 
444 454   1  6  0 -9 
445 313  -1  4  0 -9 
445 318   1  3  0 -9 
445 377  -1  4  0 -9 
445 416  -1  5  0 -9 
445 456   1  6  0 -9 
446 304  -1  4  0 -9 
446 311  -1  4  0 -9 
446 319   1  3  0 -9 
446 378  -1  4  0 -9 
446 418  -1  5  0 -9 
446 458   1  6  0 -9 
447 320   1  3  0 -9 
447 401  -1  4  0 -9 
447 422  -1  5  0 -9 
447 462   1  6  0 -9 
448 321   1  3  0 -9 
448 402  -1  4  0 -9 
448 423  -1  5  0 -9 
448 463   1  6  0 -9 
449 322   1  3  0 -9 
449 403  -1  4  0 -9 
449 424  -1  5  0 -9 
449 464   1  6  0 -9 
450 323   1  3  0 -9 
450 404  -1  4  0 -9 
450 425  -1  5  0 -9 
450 465   1  6  0 -9 
451 324   1  3  0 -9 
451 405  -1  4  0 -9 
451 422  -1  5  0 -9 
451 462   1  6  0 -9 
452 325   1  3  0 -9 
452 406  -1  4  0 -9 
452 424  -1  5  0 -9 
452 464   1  6  0 -9 
453 453   1  8  0 -9 
454 454   1  8  0 -9 
455 455   1  8  0 -9 
456 456   1  8  0 -9 
457 457   1  8  0 -9 
458 458   1  8  0 -9 
459 459   1  8  0 -9 
460 460   1  8  0 -9 
461 461   1  8  0 -9 
462 462   1  8  0 -9 
463 463   1  8  0 -9 
464 464   1  8  0 -9 
465 465   1  8  0 -9 
466 466   1  8  0 -9 
467 467   1  8  0 -9 
468 468   1  8  0 -9 
469 469   1  8  0 -9 
470 470   1  8  0 -9 
471 471   1  8  0 -9 
472 472   1  8  0 -9 
473 473   1  8  0 -9 
9999 9999
