 0  0   1  0  0 -9 
 0  2  -1  1  0 -9 
 0  6   1  2  0 -9 
 0 12  -1  3  0 -9 
 1  0   1 -1  0 -9 
 1  1  -1 -2  0 -9 
 1  2  -1  0  0 -9 
 1  6   1  1  0 -9 
 1  7  -1  0  0 -9 
 1 10   1 -1  0 -9 
 1 12  -1  2  0 -9 
 1 16   1  1  0 -9 
 2  6   1  3  0 -9 
 2 12  -1  4  0 -9 
 3  7   1  3  0 -9 
 3 16  -1  4  0 -9 
 4  8   1  3  0 -9 
 4 17  -1  4  0 -9 
 5  9   1  3  0 -9 
 5 18  -1  4  0 -9 
 6  2   1  3  0 -9 
 6 12   1  7  0 -9 
 7  3   1  3  0 -9 
 7 12   1  6  0 -9 
 7 16  -1  5  0 -9 
 8  4   1  3  0 -9 
 8 13   1  6  0 -9 
 8 17  -1  5  0 -9 
 9  5   1  3  0 -9 
 9 14   1  6  0 -9 
 9 18  -1  5  0 -9 
10  2  -1  1  0 -9 
10  3   1  2  0 -9 
10  6   1  2  0 -9 
10  7  -1  1  0 -9 
10 10   1  0  0 -9 
10 12  -1  3  0 -9 
10 16   1  2  0 -9 
11  4  -1  1  0 -9 
11  5   1  2  0 -9 
11  8   1  2  0 -9 
11  9  -1  1  0 -9 
11 11   1  0  0 -9 
11 13  -1  4  0 -9 
11 14   1  5  0 -9 
11 18  -1  4  0 -9 
11 19   1  3  0 -9 
12 12   1  8  0 -9 
13 13   1  8  0 -9 
14 14   1  8  0 -9 
15 15   1  8  0 -9 
16 12   1  7  0 -9 
16 16  -1  6  0 -9 
17 13   1  7  0 -9 
17 17  -1  6  0 -9 
18 14   1  7  0 -9 
18 18  -1  6  0 -9 
19 13   1  7  0 -9 
19 19  -1  6  0 -9 
20 15   1  7  0 -9 
20 20  -1  6  0 -9 
21  6  -1  0  0 -9 
21 12   1  1  0 -9 
21 21  -1 -2  0 -9 
21 38   1 -1  0 -9 
21 44  -1  0  0 -9 
22  7  -1  0  0 -9 
22 16   1  1  0 -9 
22 22  -1 -2  0 -9 
22 25  -1  0  0 -9 
22 29   1 -1  0 -9 
22 39   1 -1  0 -9 
22 48  -1  0  0 -9 
22 53   1  1  0 -9 
23  8  -1  0  0 -9 
23 17   1  1  0 -9 
23 23  -1 -2  0 -9 
23 26  -1  0  0 -9 
23 30   1 -1  0 -9 
23 34   1  1  0 -9 
23 40   1 -1  0 -9 
23 49  -1  0  0 -9 
23 54   1  1  0 -9 
23 59  -1  2  0 -9 
24  9  -1  0  0 -9 
24 18   1  1  0 -9 
24 24  -1 -2  0 -9 
24 27  -1  0  0 -9 
24 31   1 -1  0 -9 
24 35   1  1  0 -9 
24 41   1 -1  0 -9 
24 50  -1  0  0 -9 
24 55   1  1  0 -9 
24 60  -1  2  0 -9 
25 12  -1  4  0 -9 
25 44   1  3  0 -9 
26 13  -1  4  0 -9 
26 34  -1  5  0 -9 
26 45   1  3  0 -9 
26 59   1  6  0 -9 
27 14  -1  4  0 -9 
27 35  -1  5  0 -9 
27 46   1  3  0 -9 
27 60   1  6  0 -9 
28 15  -1  4  0 -9 
28 36  -1  5  0 -9 
28 47   1  3  0 -9 
28 61   1  6  0 -9 
29 12  -1  3  0 -9 
29 16   1  2  0 -9 
29 25  -1  1  0 -9 
29 29   1  0  0 -9 
29 44   1  2  0 -9 
29 48  -1  1  0 -9 
29 53   1  2  0 -9 
30 13  -1  3  0 -9 
30 17   1  2  0 -9 
30 26  -1  1  0 -9 
30 30   1  0  0 -9 
30 34   1  2  0 -9 
30 45   1  2  0 -9 
30 49  -1  1  0 -9 
30 54   1  2  0 -9 
30 59  -1  3  0 -9 
31 14  -1  3  0 -9 
31 18   1  2  0 -9 
31 27  -1  1  0 -9 
31 31   1  0  0 -9 
31 35   1  2  0 -9 
31 46   1  2  0 -9 
31 50  -1  1  0 -9 
31 55   1  2  0 -9 
31 60  -1  3  0 -9 
32 13  -1  3  0 -9 
32 19   1  2  0 -9 
32 26  -1  1  0 -9 
32 32   1  0  0 -9 
32 34  -1  4  0 -9 
32 35   1  3  0 -9 
32 45   1  2  0 -9 
32 51  -1  1  0 -9 
32 56   1  2  0 -9 
32 59   1  5  0 -9 
32 60  -1  4  0 -9 
33 15  -1  3  0 -9 
33 20   1  2  0 -9 
33 28  -1  1  0 -9 
33 33   1  0  0 -9 
33 36  -1  4  0 -9 
33 37   1  3  0 -9 
33 47   1  2  0 -9 
33 52  -1  1  0 -9 
33 57   1  2  0 -9 
33 61   1  5  0 -9 
33 62  -1  4  0 -9 
34 34  -1  6  0 -9 
34 59   1  7  0 -9 
35 35  -1  6  0 -9 
35 60   1  7  0 -9 
36 36  -1  6  0 -9 
36 61   1  7  0 -9 
37 37  -1  6  0 -9 
37 62   1  7  0 -9 
38  2   1  2  0 -9 
38  6  -1  1  0 -9 
38 12   1  6  1  2  0 -9 
38 25   1  2  0 -9 
38 38   1  0  0 -9 
38 44  -1  1  0 -9 
39  3   1  2  0 -9 
39  7  -1  1  0 -9 
39 12   1  5  0 -9 
39 16  -1  4  1  2  0 -9 
39 39   1  0  0 -9 
39 48  -1  1  0 -9 
39 53   1  2  0 -9 
40  4   1  2  0 -9 
40  8  -1  1  0 -9 
40 13   1  5  0 -9 
40 17  -1  4  1  2  0 -9 
40 40   1  0  0 -9 
40 49  -1  1  0 -9 
40 54   1  2  0 -9 
40 59  -1  3  0 -9 
41  5   1  2  0 -9 
41  9  -1  1  0 -9 
41 14   1  5  0 -9 
41 18  -1  4  1  2  0 -9 
41 41   1  0  0 -9 
41 50  -1  1  0 -9 
41 55   1  2  0 -9 
41 60  -1  3  0 -9 
42  2  -1  0  0 -9 
42  3   1  1  0 -9 
42  7  -1  0  0 -9 
42 10   1 -1  0 -9 
42 16   1  1  0 -9 
42 39   1 -1  0 -9 
42 42  -1 -2  0 -9 
42 48  -1  0  0 -9 
43  4  -1  0  0 -9 
43  5   1  1  0 -9 
43  9  -1  0  0 -9 
43 11   1 -1  0 -9 
43 13  -1  3  0 -9 
43 14   1  4  0 -9 
43 17   1  2  0 -9 
43 18  -1  3  0 -9 
43 19   1  2  0 -9 
43 41   1 -1  0 -9 
43 43  -1 -2  0 -9 
43 50  -1  0  0 -9 
43 55   1  1  0 -9 
43 56  -1  0  0 -9 
43 58   1 -1  0 -9 
43 60  -1  2  0 -9 
43 63   1  1  0 -9 
44 12   1  7  0 -9 
44 25   1  3  0 -9 
45 13   1  7  0 -9 
45 26   1  3  0 -9 
45 34  -1  4  0 -9 
46 14   1  7  0 -9 
46 27   1  3  0 -9 
46 35  -1  4  0 -9 
47 15   1  7  0 -9 
47 28   1  3  0 -9 
47 36  -1  4  0 -9 
48 12   1  6  0 -9 
48 16  -1  5  0 -9 
48 53   1  3  0 -9 
49 13   1  6  0 -9 
49 17  -1  5  0 -9 
49 54   1  3  0 -9 
49 59  -1  4  0 -9 
50 14   1  6  0 -9 
50 18  -1  5  0 -9 
50 55   1  3  0 -9 
50 60  -1  4  0 -9 
51 13   1  6  0 -9 
51 19  -1  5  0 -9 
51 56   1  3  0 -9 
51 63  -1  4  0 -9 
52 15   1  6  0 -9 
52 20  -1  5  0 -9 
52 57   1  3  0 -9 
52 64  -1  4  0 -9 
53 16  -1  4  0 -9 
53 48   1  3  0 -9 
54 17  -1  4  0 -9 
54 49   1  3  0 -9 
54 59   1  7  0 -9 
55 18  -1  4  0 -9 
55 50   1  3  0 -9 
55 60   1  7  0 -9 
56 19  -1  4  0 -9 
56 51   1  3  0 -9 
56 60   1  6  0 -9 
56 63  -1  5  0 -9 
57 20  -1  4  0 -9 
57 52   1  3  0 -9 
57 62   1  6  0 -9 
57 64  -1  5  0 -9 
58 13  -1  4  0 -9 
58 14   1  5  0 -9 
58 17   1  3  0 -9 
58 18  -1  4  0 -9 
58 50  -1  1  0 -9 
58 51   1  2  0 -9 
58 55   1  2  0 -9 
58 56  -1  1  0 -9 
58 58   1  0  0 -9 
58 60  -1  3  0 -9 
58 63   1  2  0 -9 
59 59   1  8  0 -9 
60 60   1  8  0 -9 
61 61   1  8  0 -9 
62 62   1  8  0 -9 
63 60   1  7  0 -9 
63 63  -1  6  0 -9 
64 62   1  7  0 -9 
64 64  -1  6  0 -9 
65 12  -1  3  0 -9 
65 25  -1  1  0 -9 
65 44   1  2  0 -9 
65 65   1  0  0 -9 
66 13  -1  3  0 -9 
66 26  -1  1  0 -9 
66 34  -1  4  1  2  0 -9 
66 45   1  2  0 -9 
66 59   1  5  0 -9 
66 66   1  0  0 -9 
66 74  -1  1  0 -9 
66 78   1  2  0 -9 
67 14  -1  3  0 -9 
67 27  -1  1  0 -9 
67 35  -1  4  1  2  0 -9 
67 46   1  2  0 -9 
67 60   1  5  0 -9 
67 67   1  0  0 -9 
67 75  -1  1  0 -9 
67 79   1  2  0 -9 
68 15  -1  3  0 -9 
68 28  -1  1  0 -9 
68 36  -1  4  1  2  0 -9 
68 47   1  2  0 -9 
68 61   1  5  0 -9 
68 68   1  0  0 -9 
68 76  -1  1  0 -9 
68 80   1  2  0 -9 
68 84  -1  3  0 -9 
69 12  -1  2  0 -9 
69 16   1  1  0 -9 
69 25  -1  0  0 -9 
69 29   1 -1  0 -9 
69 44   1  1  0 -9 
69 48  -1  0  0 -9 
69 65   1 -1  0 -9 
69 69  -1 -2  0 -9 
70 13  -1  2  0 -9 
70 17   1  1  0 -9 
70 26  -1  0  0 -9 
70 30   1 -1  0 -9 
70 34   1  1  0 -9 
70 45   1  1  0 -9 
70 49  -1  0  0 -9 
70 66   1 -1  0 -9 
70 70  -1 -2  0 -9 
70 74  -1  0  0 -9 
71 14  -1  2  0 -9 
71 18   1  1  0 -9 
71 27  -1  0  0 -9 
71 31   1 -1  0 -9 
71 35   1  1  0 -9 
71 46   1  1  0 -9 
71 50  -1  0  0 -9 
71 67   1 -1  0 -9 
71 71  -1 -2  0 -9 
71 75  -1  0  0 -9 
72 13  -1  2  0 -9 
72 19   1  1  0 -9 
72 26  -1  0  0 -9 
72 32   1 -1  0 -9 
72 34  -1  3  0 -9 
72 35   1  2  0 -9 
72 45   1  1  0 -9 
72 51  -1  0  0 -9 
72 59   1  4  0 -9 
72 60  -1  3  0 -9 
72 63   1  2  0 -9 
72 66   1 -1  0 -9 
72 72  -1 -2  0 -9 
72 74  -1  0  0 -9 
72 78   1  1  0 -9 
72 79  -1  0  0 -9 
72 82   1 -1  0 -9 
73 15  -1  2  0 -9 
73 20   1  1  0 -9 
73 28  -1  0  0 -9 
73 33   1 -1  0 -9 
73 36  -1  3  0 -9 
73 37   1  2  0 -9 
73 47   1  1  0 -9 
73 52  -1  0  0 -9 
73 61   1  4  0 -9 
73 62  -1  3  0 -9 
73 64   1  2  0 -9 
73 68   1 -1  0 -9 
73 73  -1 -2  0 -9 
73 76  -1  0  0 -9 
73 80   1  1  0 -9 
73 81  -1  0  0 -9 
73 83   1 -1  0 -9 
73 84  -1  2  0 -9 
73 85   1  1  0 -9 
74 34  -1  5  0 -9 
74 59   1  6  0 -9 
74 78   1  3  0 -9 
75 35  -1  5  0 -9 
75 60   1  6  0 -9 
75 79   1  3  0 -9 
76 36  -1  5  0 -9 
76 61   1  6  0 -9 
76 80   1  3  0 -9 
76 84  -1  4  0 -9 
77 37  -1  5  0 -9 
77 62   1  6  0 -9 
77 81   1  3  0 -9 
77 85  -1  4  0 -9 
78 34  -1  4  0 -9 
78 74   1  3  0 -9 
79 35  -1  4  0 -9 
79 75   1  3  0 -9 
80 36  -1  4  0 -9 
80 76   1  3  0 -9 
80 84   1  7  0 -9 
81 37  -1  4  0 -9 
81 77   1  3  0 -9 
81 84   1  6  0 -9 
81 85  -1  5  0 -9 
82 34  -1  4  0 -9 
82 59   1  5  0 -9 
82 60  -1  4  0 -9 
82 63   1  3  0 -9 
82 74  -1  1  0 -9 
82 75   1  2  0 -9 
82 78   1  2  0 -9 
82 79  -1  1  0 -9 
82 82   1  0  0 -9 
83 36  -1  4  0 -9 
83 61   1  5  0 -9 
83 62  -1  4  0 -9 
83 64   1  3  0 -9 
83 76  -1  1  0 -9 
83 77   1  2  0 -9 
83 80   1  2  0 -9 
83 81  -1  1  0 -9 
83 83   1  0  0 -9 
83 84  -1  3  0 -9 
83 85   1  2  0 -9 
84 84   1  8  0 -9 
85 84   1  7  0 -9 
85 85  -1  6  0 -9 
86  0   1 -1  0 -9 
86  2  -1  0  0 -9 
86  6   1  1  0 -9 
86 12  -1  2  0 -9 
86 86  -1 -2  0 -9 
86 88   1 -1  0 -9 
86 92  -1  0  0 -9 
86 98   1  1  0 -9 
87 87  -1 -2  0 -9 
87 93  -1  0  0 -9 
87 96   1 -1  0 -9 
87 102   1  1  0 -9 
87 107   1 -1  0 -9 
87 112  -1  0  0 -9 
87 114   1  1  0 -9 
87 116  -1  2  0 -9 
88  2  -1  1  0 -9 
88  6   1  2  0 -9 
88 12  -1  3  0 -9 
88 88   1  0  0 -9 
88 92  -1  1  0 -9 
88 98   1  2  0 -9 
88 108   1  2  0 -9 
89  3  -1  1  0 -9 
89  7   1  2  0 -9 
89 12  -1  4  0 -9 
89 89   1  0  0 -9 
89 93  -1  1  0 -9 
89 98   1  3  0 -9 
89 102  -1  4  0 -9 
89 109   1  2  0 -9 
89 116   1  5  0 -9 
90  4  -1  1  0 -9 
90  8   1  2  0 -9 
90 13  -1  4  0 -9 
90 90   1  0  0 -9 
90 94  -1  1  0 -9 
90 99   1  3  0 -9 
90 103  -1  4  0 -9 
90 110   1  2  0 -9 
90 117   1  5  0 -9 
91  5  -1  1  0 -9 
91  9   1  2  0 -9 
91 14  -1  4  0 -9 
91 91   1  0  0 -9 
91 95  -1  1  0 -9 
91 100   1  3  0 -9 
91 104  -1  4  0 -9 
91 111   1  2  0 -9 
91 118   1  5  0 -9 
92 12   1  6  0 -9 
92 98  -1  5  0 -9 
92 108   1  3  0 -9 
93 102  -1  5  0 -9 
93 109   1  3  0 -9 
93 116   1  6  0 -9 
94 103  -1  5  0 -9 
94 110   1  3  0 -9 
94 117   1  6  0 -9 
95 104  -1  5  0 -9 
95 111   1  3  0 -9 
95 118   1  6  0 -9 
96 93  -1  1  0 -9 
96 96   1  0  0 -9 
96 102   1  2  0 -9 
96 109   1  2  0 -9 
96 112  -1  1  0 -9 
96 114   1  2  0 -9 
96 116  -1  3  0 -9 
97 95  -1  1  0 -9 
97 97   1  0  0 -9 
97 104  -1  4  0 -9 
97 105   1  3  0 -9 
97 111   1  2  0 -9 
97 113  -1  1  0 -9 
97 115   1  2  0 -9 
97 118   1  5  0 -9 
97 119  -1  4  0 -9 
98 12   1  7  0 -9 
98 98  -1  6  0 -9 
99 13   1  7  0 -9 
99 99  -1  6  0 -9 
100 14   1  7  0 -9 
100 100  -1  6  0 -9 
101 15   1  7  0 -9 
101 101  -1  6  0 -9 
102 102  -1  6  0 -9 
102 116   1  7  0 -9 
103 103  -1  6  0 -9 
103 117   1  7  0 -9 
104 104  -1  6  0 -9 
104 118   1  7  0 -9 
105 105  -1  6  0 -9 
105 119   1  7  0 -9 
106 106  -1  6  0 -9 
106 120   1  7  0 -9 
107 107   1  0  0 -9 
107 112  -1  1  0 -9 
107 114   1  2  0 -9 
107 116  -1  3  0 -9 
108 92   1  3  0 -9 
108 98  -1  4  0 -9 
109 93   1  3  0 -9 
109 102  -1  4  0 -9 
110 94   1  3  0 -9 
110 103  -1  4  0 -9 
111 95   1  3  0 -9 
111 104  -1  4  0 -9 
112 114   1  3  0 -9 
112 116  -1  4  0 -9 
113 115   1  3  0 -9 
113 121  -1  4  0 -9 
114 112   1  3  0 -9 
114 116   1  7  0 -9 
115 113   1  3  0 -9 
115 119   1  6  0 -9 
115 121  -1  5  0 -9 
116 116   1  8  0 -9 
117 117   1  8  0 -9 
118 118   1  8  0 -9 
119 119   1  8  0 -9 
120 120   1  8  0 -9 
121 119   1  7  0 -9 
121 121  -1  6  0 -9 
122  2  -1  0  0 -9 
122 88   1 -1  0 -9 
122 92  -1  0  0 -9 
122 98   1  1  0 -9 
122 108   1  1  0 -9 
122 122  -1 -2  0 -9 
122 139   1 -1  0 -9 
122 145  -1  0  0 -9 
123  3  -1  0  0 -9 
123 12  -1  3  0 -9 
123 16   1  2  0 -9 
123 89   1 -1  0 -9 
123 93  -1  0  0 -9 
123 98   1  2  0 -9 
123 102  -1  3  0 -9 
123 109   1  1  0 -9 
123 116   1  4  0 -9 
123 123  -1 -2  0 -9 
123 126  -1  0  0 -9 
123 130   1 -1  0 -9 
123 140   1 -1  0 -9 
123 149  -1  0  0 -9 
123 154   1  1  0 -9 
124  4  -1  0  0 -9 
124 13  -1  3  0 -9 
124 17   1  2  0 -9 
124 90   1 -1  0 -9 
124 94  -1  0  0 -9 
124 99   1  2  0 -9 
124 103  -1  3  0 -9 
124 110   1  1  0 -9 
124 117   1  4  0 -9 
124 124  -1 -2  0 -9 
124 127  -1  0  0 -9 
124 131   1 -1  0 -9 
124 135   1  1  0 -9 
124 141   1 -1  0 -9 
124 150  -1  0  0 -9 
124 155   1  1  0 -9 
124 160  -1  2  0 -9 
125  5  -1  0  0 -9 
125 14  -1  3  0 -9 
125 18   1  2  0 -9 
125 91   1 -1  0 -9 
125 95  -1  0  0 -9 
125 100   1  2  0 -9 
125 104  -1  3  0 -9 
125 111   1  1  0 -9 
125 118   1  4  0 -9 
125 125  -1 -2  0 -9 
125 128  -1  0  0 -9 
125 132   1 -1  0 -9 
125 136   1  1  0 -9 
125 142   1 -1  0 -9 
125 151  -1  0  0 -9 
125 156   1  1  0 -9 
125 161  -1  2  0 -9 
126 98  -1  4  0 -9 
126 145   1  3  0 -9 
127 99  -1  4  0 -9 
127 135  -1  5  0 -9 
127 146   1  3  0 -9 
127 160   1  6  0 -9 
128 100  -1  4  0 -9 
128 136  -1  5  0 -9 
128 147   1  3  0 -9 
128 161   1  6  0 -9 
129 101  -1  4  0 -9 
129 137  -1  5  0 -9 
129 148   1  3  0 -9 
129 162   1  6  0 -9 
130 12  -1  4  0 -9 
130 16   1  3  0 -9 
130 102  -1  4  0 -9 
130 116   1  5  0 -9 
130 126  -1  1  0 -9 
130 130   1  0  0 -9 
130 145   1  2  0 -9 
130 149  -1  1  0 -9 
130 154   1  2  0 -9 
131 13  -1  4  0 -9 
131 17   1  3  0 -9 
131 103  -1  4  0 -9 
131 117   1  5  0 -9 
131 127  -1  1  0 -9 
131 131   1  0  0 -9 
131 135   1  2  0 -9 
131 146   1  2  0 -9 
131 150  -1  1  0 -9 
131 155   1  2  0 -9 
131 160  -1  3  0 -9 
132 14  -1  4  0 -9 
132 18   1  3  0 -9 
132 104  -1  4  0 -9 
132 118   1  5  0 -9 
132 128  -1  1  0 -9 
132 132   1  0  0 -9 
132 136   1  2  0 -9 
132 147   1  2  0 -9 
132 151  -1  1  0 -9 
132 156   1  2  0 -9 
132 161  -1  3  0 -9 
133 13  -1  4  0 -9 
133 19   1  3  0 -9 
133 105  -1  4  0 -9 
133 119   1  5  0 -9 
133 127  -1  1  0 -9 
133 133   1  0  0 -9 
133 135  -1  4  0 -9 
133 136   1  3  0 -9 
133 146   1  2  0 -9 
133 152  -1  1  0 -9 
133 157   1  2  0 -9 
133 160   1  5  0 -9 
133 161  -1  4  0 -9 
134 15  -1  4  0 -9 
134 20   1  3  0 -9 
134 106  -1  4  0 -9 
134 120   1  5  0 -9 
134 129  -1  1  0 -9 
134 134   1  0  0 -9 
134 137  -1  4  0 -9 
134 138   1  3  0 -9 
134 148   1  2  0 -9 
134 153  -1  1  0 -9 
134 158   1  2  0 -9 
134 162   1  5  0 -9 
134 163  -1  4  0 -9 
135 135  -1  6  0 -9 
135 160   1  7  0 -9 
136 136  -1  6  0 -9 
136 161   1  7  0 -9 
137 137  -1  6  0 -9 
137 162   1  7  0 -9 
138 138  -1  6  0 -9 
138 163   1  7  0 -9 
139 12   1  5  0 -9 
139 92  -1  1  0 -9 
139 98  -1  4  1  2  0 -9 
139 108   1  2  0 -9 
139 126   1  2  0 -9 
139 139   1  0  0 -9 
139 145  -1  1  0 -9 
140 93  -1  1  0 -9 
140 102  -1  4  1  2  0 -9 
140 109   1  2  0 -9 
140 116   1  5  0 -9 
140 140   1  0  0 -9 
140 149  -1  1  0 -9 
140 154   1  2  0 -9 
141 94  -1  1  0 -9 
141 103  -1  4  1  2  0 -9 
141 110   1  2  0 -9 
141 117   1  5  0 -9 
141 141   1  0  0 -9 
141 150  -1  1  0 -9 
141 155   1  2  0 -9 
141 160  -1  3  0 -9 
142 95  -1  1  0 -9 
142 104  -1  4  1  2  0 -9 
142 111   1  2  0 -9 
142 118   1  5  0 -9 
142 142   1  0  0 -9 
142 151  -1  1  0 -9 
142 156   1  2  0 -9 
142 161  -1  3  0 -9 
143 93  -1  0  0 -9 
143 96   1 -1  0 -9 
143 102   1  1  0 -9 
143 109   1  1  0 -9 
143 112  -1  0  0 -9 
143 140   1 -1  0 -9 
143 143  -1 -2  0 -9 
143 149  -1  0  0 -9 
144 95  -1  0  0 -9 
144 97   1 -1  0 -9 
144 104  -1  3  0 -9 
144 105   1  2  0 -9 
144 111   1  1  0 -9 
144 113  -1  0  0 -9 
144 118   1  4  0 -9 
144 119  -1  3  0 -9 
144 121   1  2  0 -9 
144 142   1 -1  0 -9 
144 144  -1 -2  0 -9 
144 151  -1  0  0 -9 
144 156   1  1  0 -9 
144 157  -1  0  0 -9 
144 159   1 -1  0 -9 
144 161  -1  2  0 -9 
144 164   1  1  0 -9 
145 12   1  6  0 -9 
145 98  -1  5  0 -9 
145 126   1  3  0 -9 
146 13   1  6  0 -9 
146 99  -1  5  0 -9 
146 127   1  3  0 -9 
146 135  -1  4  0 -9 
147 14   1  6  0 -9 
147 100  -1  5  0 -9 
147 128   1  3  0 -9 
147 136  -1  4  0 -9 
148 15   1  6  0 -9 
148 101  -1  5  0 -9 
148 129   1  3  0 -9 
148 137  -1  4  0 -9 
149 102  -1  5  0 -9 
149 116   1  6  0 -9 
149 154   1  3  0 -9 
150 103  -1  5  0 -9 
150 117   1  6  0 -9 
150 155   1  3  0 -9 
150 160  -1  4  0 -9 
151 104  -1  5  0 -9 
151 118   1  6  0 -9 
151 156   1  3  0 -9 
151 161  -1  4  0 -9 
152 105  -1  5  0 -9 
152 119   1  6  0 -9 
152 157   1  3  0 -9 
152 164  -1  4  0 -9 
153 106  -1  5  0 -9 
153 120   1  6  0 -9 
153 158   1  3  0 -9 
153 165  -1  4  0 -9 
154 102  -1  4  0 -9 
154 149   1  3  0 -9 
155 103  -1  4  0 -9 
155 150   1  3  0 -9 
155 160   1  7  0 -9 
156 104  -1  4  0 -9 
156 151   1  3  0 -9 
156 161   1  7  0 -9 
157 105  -1  4  0 -9 
157 152   1  3  0 -9 
157 161   1  6  0 -9 
157 164  -1  5  0 -9 
158 106  -1  4  0 -9 
158 153   1  3  0 -9 
158 163   1  6  0 -9 
158 165  -1  5  0 -9 
159 104  -1  4  0 -9 
159 118   1  5  0 -9 
159 119  -1  4  0 -9 
159 121   1  3  0 -9 
159 151  -1  1  0 -9 
159 152   1  2  0 -9 
159 156   1  2  0 -9 
159 157  -1  1  0 -9 
159 159   1  0  0 -9 
159 161  -1  3  0 -9 
159 164   1  2  0 -9 
160 160   1  8  0 -9 
161 161   1  8  0 -9 
162 162   1  8  0 -9 
163 163   1  8  0 -9 
164 161   1  7  0 -9 
164 164  -1  6  0 -9 
165 163   1  7  0 -9 
165 165  -1  6  0 -9 
166 25  -1  0  0 -9 
166 92  -1  0  0 -9 
166 98   1  1  0 -9 
166 126   1  1  0 -9 
166 139   1 -1  0 -9 
166 145  -1  0  0 -9 
166 166  -1 -2  0 -9 
166 172   1 -1  0 -9 
167 93  -1  0  0 -9 
167 102   1  1  0 -9 
167 140   1 -1  0 -9 
167 149  -1  0  0 -9 
167 154   1  1  0 -9 
167 167  -1 -2  0 -9 
167 176   1 -1  0 -9 
167 181  -1  0  0 -9 
168 94  -1  0  0 -9 
168 103   1  1  0 -9 
168 141   1 -1  0 -9 
168 150  -1  0  0 -9 
168 155   1  1  0 -9 
168 160  -1  2  0 -9 
168 168  -1 -2  0 -9 
168 177   1 -1  0 -9 
168 182  -1  0  0 -9 
168 187   1  1  0 -9 
169 95  -1  0  0 -9 
169 104   1  1  0 -9 
169 142   1 -1  0 -9 
169 151  -1  0  0 -9 
169 156   1  1  0 -9 
169 161  -1  2  0 -9 
169 169  -1 -2  0 -9 
169 178   1 -1  0 -9 
169 183  -1  0  0 -9 
169 188   1  1  0 -9 
170 114  -1  0  0 -9 
170 116   1  1  0 -9 
170 170  -1 -2  0 -9 
170 193   1 -1  0 -9 
170 195  -1  0  0 -9 
171 115  -1  0  0 -9 
171 121   1  1  0 -9 
171 171  -1 -2  0 -9 
171 184  -1  0  0 -9 
171 186   1 -1  0 -9 
171 191   1  1  0 -9 
171 194   1 -1  0 -9 
171 200  -1  0  0 -9 
171 201   1  1  0 -9 
171 202  -1  2  0 -9 
172 12  -1  3  0 -9 
172 25  -1  1  0 -9 
172 44   1  2  0 -9 
172 98   1  2  0 -9 
172 126   1  2  0 -9 
172 145  -1  1  0 -9 
172 172   1  0  0 -9 
173 13  -1  3  0 -9 
173 26  -1  1  0 -9 
173 34  -1  4  0 -9 
173 45   1  2  0 -9 
173 59   1  5  0 -9 
173 99   1  2  0 -9 
173 127   1  2  0 -9 
173 146  -1  1  0 -9 
173 160  -1  4  0 -9 
173 173   1  0  0 -9 
173 187   1  3  0 -9 
174 14  -1  3  0 -9 
174 27  -1  1  0 -9 
174 35  -1  4  0 -9 
174 46   1  2  0 -9 
174 60   1  5  0 -9 
174 100   1  2  0 -9 
174 128   1  2  0 -9 
174 147  -1  1  0 -9 
174 161  -1  4  0 -9 
174 174   1  0  0 -9 
174 188   1  3  0 -9 
175 15  -1  3  0 -9 
175 28  -1  1  0 -9 
175 36  -1  4  0 -9 
175 47   1  2  0 -9 
175 61   1  5  0 -9 
175 101   1  2  0 -9 
175 129   1  2  0 -9 
175 148  -1  1  0 -9 
175 162  -1  4  0 -9 
175 175   1  0  0 -9 
175 189   1  3  0 -9 
176 102   1  2  0 -9 
176 116  -1  3  0 -9 
176 149  -1  1  0 -9 
176 154   1  2  0 -9 
176 176   1  0  0 -9 
176 181  -1  1  0 -9 
176 195   1  2  0 -9 
177 103   1  2  0 -9 
177 117  -1  3  0 -9 
177 150  -1  1  0 -9 
177 155   1  2  0 -9 
177 160  -1  3  0 -9 
177 177   1  0  0 -9 
177 182  -1  1  0 -9 
177 187   1  2  0 -9 
177 196   1  2  0 -9 
178 104   1  2  0 -9 
178 118  -1  3  0 -9 
178 151  -1  1  0 -9 
178 156   1  2  0 -9 
178 161  -1  3  0 -9 
178 178   1  0  0 -9 
178 183  -1  1  0 -9 
178 188   1  2  0 -9 
178 197   1  2  0 -9 
179 105   1  2  0 -9 
179 119  -1  3  0 -9 
179 152  -1  1  0 -9 
179 157   1  2  0 -9 
179 161  -1  4  0 -9 
179 179   1  0  0 -9 
179 184  -1  1  0 -9 
179 188   1  3  0 -9 
179 191  -1  4  0 -9 
179 198   1  2  0 -9 
179 202   1  5  0 -9 
180 106   1  2  0 -9 
180 120  -1  3  0 -9 
180 153  -1  1  0 -9 
180 158   1  2  0 -9 
180 163  -1  4  0 -9 
180 180   1  0  0 -9 
180 185  -1  1  0 -9 
180 190   1  3  0 -9 
180 192  -1  4  0 -9 
180 199   1  2  0 -9 
180 203   1  5  0 -9 
181 116  -1  4  0 -9 
181 195   1  3  0 -9 
182 117  -1  4  0 -9 
182 160   1  6  0 -9 
182 187  -1  5  0 -9 
182 196   1  3  0 -9 
183 118  -1  4  0 -9 
183 161   1  6  0 -9 
183 188  -1  5  0 -9 
183 197   1  3  0 -9 
184 119  -1  4  0 -9 
184 191  -1  5  0 -9 
184 198   1  3  0 -9 
184 202   1  6  0 -9 
185 120  -1  4  0 -9 
185 192  -1  5  0 -9 
185 199   1  3  0 -9 
185 203   1  6  0 -9 
186 119  -1  3  0 -9 
186 121   1  2  0 -9 
186 184  -1  1  0 -9 
186 186   1  0  0 -9 
186 191   1  2  0 -9 
186 198   1  2  0 -9 
186 200  -1  1  0 -9 
186 201   1  2  0 -9 
186 202  -1  3  0 -9 
187 160   1  7  0 -9 
187 187  -1  6  0 -9 
188 161   1  7  0 -9 
188 188  -1  6  0 -9 
189 162   1  7  0 -9 
189 189  -1  6  0 -9 
190 163   1  7  0 -9 
190 190  -1  6  0 -9 
191 191  -1  6  0 -9 
191 202   1  7  0 -9 
192 192  -1  6  0 -9 
192 203   1  7  0 -9 
193 112   1  2  0 -9 
193 114  -1  1  0 -9 
193 116   1  6  1  2  0 -9 
193 181   1  2  0 -9 
193 193   1  0  0 -9 
193 195  -1  1  0 -9 
194 113   1  2  0 -9 
194 115  -1  1  0 -9 
194 119   1  5  0 -9 
194 121  -1  4  1  2  0 -9 
194 194   1  0  0 -9 
194 200  -1  1  0 -9 
194 201   1  2  0 -9 
194 202  -1  3  0 -9 
195 116   1  7  0 -9 
195 181   1  3  0 -9 
196 117   1  7  0 -9 
196 182   1  3  0 -9 
196 187  -1  4  0 -9 
197 118   1  7  0 -9 
197 183   1  3  0 -9 
197 188  -1  4  0 -9 
198 119   1  7  0 -9 
198 184   1  3  0 -9 
198 191  -1  4  0 -9 
199 120   1  7  0 -9 
199 185   1  3  0 -9 
199 192  -1  4  0 -9 
200 119   1  6  0 -9 
200 121  -1  5  0 -9 
200 201   1  3  0 -9 
200 202  -1  4  0 -9 
201 121  -1  4  0 -9 
201 200   1  3  0 -9 
201 202   1  7  0 -9 
202 202   1  8  0 -9 
203 203   1  8  0 -9 
204 12  -1  2  0 -9 
204 25  -1  0  0 -9 
204 44   1  1  0 -9 
204 65   1 -1  0 -9 
204 98   1  1  0 -9 
204 145  -1  0  0 -9 
204 172   1 -1  0 -9 
204 204  -1 -2  0 -9 
205 13  -1  2  0 -9 
205 26  -1  0  0 -9 
205 34  -1  3  0 -9 
205 45   1  1  0 -9 
205 59   1  4  0 -9 
205 66   1 -1  0 -9 
205 74  -1  0  0 -9 
205 78   1  1  0 -9 
205 99   1  1  0 -9 
205 135   1  2  0 -9 
205 146  -1  0  0 -9 
205 160  -1  3  0 -9 
205 173   1 -1  0 -9 
205 187   1  2  0 -9 
205 205  -1 -2  0 -9 
205 213   1 -1  0 -9 
205 217  -1  0  0 -9 
206 14  -1  2  0 -9 
206 27  -1  0  0 -9 
206 35  -1  3  0 -9 
206 46   1  1  0 -9 
206 60   1  4  0 -9 
206 67   1 -1  0 -9 
206 75  -1  0  0 -9 
206 79   1  1  0 -9 
206 100   1  1  0 -9 
206 136   1  2  0 -9 
206 147  -1  0  0 -9 
206 161  -1  3  0 -9 
206 174   1 -1  0 -9 
206 188   1  2  0 -9 
206 206  -1 -2  0 -9 
206 214   1 -1  0 -9 
206 218  -1  0  0 -9 
207 15  -1  2  0 -9 
207 28  -1  0  0 -9 
207 36  -1  3  0 -9 
207 47   1  1  0 -9 
207 61   1  4  0 -9 
207 68   1 -1  0 -9 
207 76  -1  0  0 -9 
207 80   1  1  0 -9 
207 84  -1  2  0 -9 
207 101   1  1  0 -9 
207 137   1  2  0 -9 
207 148  -1  0  0 -9 
207 162  -1  3  0 -9 
207 175   1 -1  0 -9 
207 189   1  2  0 -9 
207 207  -1 -2  0 -9 
207 215   1 -1  0 -9 
207 219  -1  0  0 -9 
207 223   1  1  0 -9 
208 102   1  1  0 -9 
208 116  -1  2  0 -9 
208 149  -1  0  0 -9 
208 176   1 -1  0 -9 
208 181  -1  0  0 -9 
208 195   1  1  0 -9 
208 208  -1 -2  0 -9 
208 225   1 -1  0 -9 
209 103   1  1  0 -9 
209 117  -1  2  0 -9 
209 150  -1  0  0 -9 
209 177   1 -1  0 -9 
209 182  -1  0  0 -9 
209 187   1  1  0 -9 
209 196   1  1  0 -9 
209 209  -1 -2  0 -9 
209 226   1 -1  0 -9 
209 231  -1  0  0 -9 
210 104   1  1  0 -9 
210 118  -1  2  0 -9 
210 151  -1  0  0 -9 
210 178   1 -1  0 -9 
210 183  -1  0  0 -9 
210 188   1  1  0 -9 
210 197   1  1  0 -9 
210 210  -1 -2  0 -9 
210 227   1 -1  0 -9 
210 232  -1  0  0 -9 
211 105   1  1  0 -9 
211 119  -1  2  0 -9 
211 152  -1  0  0 -9 
211 161  -1  3  0 -9 
211 164   1  2  0 -9 
211 179   1 -1  0 -9 
211 184  -1  0  0 -9 
211 188   1  2  0 -9 
211 191  -1  3  0 -9 
211 198   1  1  0 -9 
211 202   1  4  0 -9 
211 211  -1 -2  0 -9 
211 218  -1  0  0 -9 
211 221   1 -1  0 -9 
211 228   1 -1  0 -9 
211 235  -1  0  0 -9 
211 237   1  1  0 -9 
212 106   1  1  0 -9 
212 120  -1  2  0 -9 
212 153  -1  0  0 -9 
212 163  -1  3  0 -9 
212 165   1  2  0 -9 
212 180   1 -1  0 -9 
212 185  -1  0  0 -9 
212 190   1  2  0 -9 
212 192  -1  3  0 -9 
212 199   1  1  0 -9 
212 203   1  4  0 -9 
212 212  -1 -2  0 -9 
212 220  -1  0  0 -9 
212 222   1 -1  0 -9 
212 224   1  1  0 -9 
212 229   1 -1  0 -9 
212 236  -1  0  0 -9 
212 238   1  1  0 -9 
212 239  -1  2  0 -9 
213 34  -1  4  0 -9 
213 59   1  5  0 -9 
213 74  -1  1  0 -9 
213 78   1  2  0 -9 
213 135   1  3  0 -9 
213 160  -1  4  0 -9 
213 213   1  0  0 -9 
213 217  -1  1  0 -9 
213 231   1  2  0 -9 
214 35  -1  4  0 -9 
214 60   1  5  0 -9 
214 75  -1  1  0 -9 
214 79   1  2  0 -9 
214 136   1  3  0 -9 
214 161  -1  4  0 -9 
214 214   1  0  0 -9 
214 218  -1  1  0 -9 
214 232   1  2  0 -9 
215 36  -1  4  0 -9 
215 61   1  5  0 -9 
215 76  -1  1  0 -9 
215 80   1  2  0 -9 
215 84  -1  3  0 -9 
215 137   1  3  0 -9 
215 162  -1  4  0 -9 
215 215   1  0  0 -9 
215 219  -1  1  0 -9 
215 223   1  2  0 -9 
215 233   1  2  0 -9 
216 37  -1  4  0 -9 
216 62   1  5  0 -9 
216 77  -1  1  0 -9 
216 81   1  2  0 -9 
216 84  -1  4  0 -9 
216 138   1  3  0 -9 
216 163  -1  4  0 -9 
216 216   1  0  0 -9 
216 220  -1  1  0 -9 
216 223   1  3  0 -9 
216 224  -1  4  0 -9 
216 234   1  2  0 -9 
216 239   1  5  0 -9 
217 187  -1  4  0 -9 
217 231   1  3  0 -9 
218 188  -1  4  0 -9 
218 232   1  3  0 -9 
219 84   1  6  0 -9 
219 189  -1  4  0 -9 
219 223  -1  5  0 -9 
219 233   1  3  0 -9 
220 190  -1  4  0 -9 
220 224  -1  5  0 -9 
220 234   1  3  0 -9 
220 239   1  6  0 -9 
221 161  -1  4  0 -9 
221 164   1  3  0 -9 
221 191  -1  4  0 -9 
221 202   1  5  0 -9 
221 218  -1  1  0 -9 
221 221   1  0  0 -9 
221 232   1  2  0 -9 
221 235  -1  1  0 -9 
221 237   1  2  0 -9 
222 163  -1  4  0 -9 
222 165   1  3  0 -9 
222 192  -1  4  0 -9 
222 203   1  5  0 -9 
222 220  -1  1  0 -9 
222 222   1  0  0 -9 
222 224   1  2  0 -9 
222 234   1  2  0 -9 
222 236  -1  1  0 -9 
222 238   1  2  0 -9 
222 239  -1  3  0 -9 
223 84   1  7  0 -9 
223 223  -1  6  0 -9 
224 224  -1  6  0 -9 
224 239   1  7  0 -9 
225 116  -1  3  0 -9 
225 181  -1  1  0 -9 
225 195   1  2  0 -9 
225 225   1  0  0 -9 
226 117  -1  3  0 -9 
226 160   1  5  0 -9 
226 182  -1  1  0 -9 
226 187  -1  4  1  2  0 -9 
226 196   1  2  0 -9 
226 217   1  2  0 -9 
226 226   1  0  0 -9 
226 231  -1  1  0 -9 
227 118  -1  3  0 -9 
227 161   1  5  0 -9 
227 183  -1  1  0 -9 
227 188  -1  4  1  2  0 -9 
227 197   1  2  0 -9 
227 218   1  2  0 -9 
227 227   1  0  0 -9 
227 232  -1  1  0 -9 
228 119  -1  3  0 -9 
228 184  -1  1  0 -9 
228 191  -1  4  1  2  0 -9 
228 198   1  2  0 -9 
228 202   1  5  0 -9 
228 228   1  0  0 -9 
228 235  -1  1  0 -9 
228 237   1  2  0 -9 
229 120  -1  3  0 -9 
229 185  -1  1  0 -9 
229 192  -1  4  1  2  0 -9 
229 199   1  2  0 -9 
229 203   1  5  0 -9 
229 229   1  0  0 -9 
229 236  -1  1  0 -9 
229 238   1  2  0 -9 
229 239  -1  3  0 -9 
230 119  -1  2  0 -9 
230 121   1  1  0 -9 
230 184  -1  0  0 -9 
230 186   1 -1  0 -9 
230 191   1  1  0 -9 
230 198   1  1  0 -9 
230 200  -1  0  0 -9 
230 228   1 -1  0 -9 
230 230  -1 -2  0 -9 
230 235  -1  0  0 -9 
231 160   1  6  0 -9 
231 187  -1  5  0 -9 
231 217   1  3  0 -9 
232 161   1  6  0 -9 
232 188  -1  5  0 -9 
232 218   1  3  0 -9 
233 162   1  6  0 -9 
233 189  -1  5  0 -9 
233 219   1  3  0 -9 
233 223  -1  4  0 -9 
234 163   1  6  0 -9 
234 190  -1  5  0 -9 
234 220   1  3  0 -9 
234 224  -1  4  0 -9 
235 191  -1  5  0 -9 
235 202   1  6  0 -9 
235 237   1  3  0 -9 
236 192  -1  5  0 -9 
236 203   1  6  0 -9 
236 238   1  3  0 -9 
236 239  -1  4  0 -9 
237 191  -1  4  0 -9 
237 235   1  3  0 -9 
238 192  -1  4  0 -9 
238 236   1  3  0 -9 
238 239   1  7  0 -9 
239 239   1  8  0 -9 
9999 9999
