 0  1   1  3  0 -9 
 0  5  -1  4  0 -9 
 0  9  -1  4  0 -9 
 0 11   1  5  0 -9 
 1  0   1  3  0 -9 
 1  3   1  6  0 -9 
 1  5  -1  5  0 -9 
 1  9  -1  5  0 -9 
 1 11   1  6  0 -9 
 2  6  -1  5  0 -9 
 2  9  -1  4  0 -9 
 2 10   1  3  0 -9 
 2 12   1  6  0 -9 
 3  3   1  8  0 -9 
 4  4   1  8  0 -9 
 5  3   1  7  0 -9 
 5  5  -1  6  0 -9 
 5 11   1  7  0 -9 
 6  6  -1  6  0 -9 
 6 12   1  7  0 -9 
 7  4   1  7  0 -9 
 7  7  -1  6  0 -9 
 7 13   1  7  0 -9 
 8  8  -1  6  0 -9 
 8 14   1  7  0 -9 
 9  9  -1  6  0 -9 
 9 11   1  7  0 -9 
10  2   1  3  0 -9 
10  6  -1  4  0 -9 
10  9  -1  5  0 -9 
10 11   1  6  0 -9 
11 11   1  8  0 -9 
12 12   1  8  0 -9 
13 13   1  8  0 -9 
14 14   1  8  0 -9 
15  0  -1  1  0 -9 
15  1   1  2  0 -9 
15  3  -1  4  0 -9 
15  9  -1  3  0 -9 
15 15   1  0  0 -9 
15 16  -1  1  0 -9 
15 18   1  3  0 -9 
15 20  -1  4  0 -9 
15 24   1  2  0 -9 
15 27   1  5  0 -9 
16  9  -1  4  0 -9 
16 20  -1  5  0 -9 
16 24   1  3  0 -9 
16 27   1  6  0 -9 
17 21  -1  5  0 -9 
17 25   1  3  0 -9 
17 26  -1  4  0 -9 
17 28   1  6  0 -9 
18  3   1  7  0 -9 
18 18  -1  6  0 -9 
19  4   1  7  0 -9 
19 19  -1  6  0 -9 
20 20  -1  6  0 -9 
20 27   1  7  0 -9 
21 21  -1  6  0 -9 
21 28   1  7  0 -9 
22 22  -1  6  0 -9 
22 29   1  7  0 -9 
23 23  -1  6  0 -9 
23 30   1  7  0 -9 
24  9  -1  5  0 -9 
24 11   1  6  0 -9 
24 16   1  3  0 -9 
24 20  -1  4  0 -9 
25 17   1  3  0 -9 
25 21  -1  4  0 -9 
25 26  -1  5  0 -9 
25 31   1  6  0 -9 
26 26  -1  6  0 -9 
26 31   1  7  0 -9 
27 27   1  8  0 -9 
28 28   1  8  0 -9 
29 29   1  8  0 -9 
30 30   1  8  0 -9 
31 31   1  8  0 -9 
32 32   1  8  0 -9 
33  3   1  5  0 -9 
33  5  -1  4  0 -9 
33 35  -1  4  0 -9 
33 37   1  3  0 -9 
33 41  -1  4  0 -9 
33 45   1  5  0 -9 
34  0  -1  1  0 -9 
34  1   1  2  0 -9 
34  2  -1  1  0 -9 
34  5  -1  3  0 -9 
34  6  -1  4  1  2  0 -9 
34  9  -1  3  0 -9 
34 10   1  2  0 -9 
34 12   1  5  0 -9 
34 33  -1  1  0 -9 
34 34   1  0  0 -9 
34 35  -1  3  0 -9 
34 37   1  2  0 -9 
34 38  -1  1  0 -9 
34 41  -1  3  0 -9 
34 42   1  2  0 -9 
34 45   1  4  0 -9 
34 46  -1  3  0 -9 
35  3   1  7  0 -9 
35 35  -1  6  0 -9 
35 45   1  7  0 -9 
36  4   1  7  0 -9 
36 36  -1  6  0 -9 
36 47   1  7  0 -9 
37  3   1  6  0 -9 
37  5  -1  5  0 -9 
37 11   1  6  0 -9 
37 33   1  3  0 -9 
37 35  -1  5  0 -9 
37 41  -1  5  0 -9 
37 45   1  6  0 -9 
38  6  -1  5  0 -9 
38 12   1  6  0 -9 
38 35  -1  4  0 -9 
38 41  -1  4  0 -9 
38 42   1  3  0 -9 
38 45   1  5  0 -9 
38 46  -1  4  0 -9 
39  4   1  6  0 -9 
39  7  -1  5  0 -9 
39 13   1  6  0 -9 
39 36  -1  5  0 -9 
39 43   1  3  0 -9 
39 47   1  6  0 -9 
39 50  -1  4  0 -9 
40  8  -1  5  0 -9 
40 14   1  6  0 -9 
40 36  -1  4  0 -9 
40 44   1  3  0 -9 
40 47   1  5  0 -9 
40 51  -1  4  0 -9 
41 41  -1  6  0 -9 
41 45   1  7  0 -9 
42  3   1  6  0 -9 
42  6  -1  4  0 -9 
42 35  -1  5  0 -9 
42 38   1  3  0 -9 
42 41  -1  5  0 -9 
42 45   1  6  0 -9 
42 46   1  7  0 -9 
43  4   1  5  0 -9 
43  7  -1  4  0 -9 
43 36  -1  4  0 -9 
43 39   1  3  0 -9 
43 48   1  6  0 -9 
43 50  -1  5  0 -9 
44  4   1  6  0 -9 
44  8  -1  4  0 -9 
44 36  -1  5  0 -9 
44 40   1  3  0 -9 
44 46   1  6  0 -9 
44 47   1  6  0 -9 
44 49   1  6  0 -9 
44 51  -1  5  0 -9 
45 45   1  8  0 -9 
46 46   1  8  0 -9 
47 47   1  8  0 -9 
48 48   1  8  0 -9 
49 49   1  8  0 -9 
50 48   1  7  0 -9 
50 50  -1  6  0 -9 
51 46   1  7  0 -9 
51 47   1  7  0 -9 
51 49   1  7  0 -9 
51 51  -1  6  0 -9 
52 49   1  7  0 -9 
52 52  -1  6  0 -9 
53  3  -1  2  0 -9 
53  5   1  1  0 -9 
53 11  -1  2  0 -9 
53 18   1  1  0 -9 
53 20  -1  2 -1  0  0 -9 
53 27   1  3  0 -9 
53 35   1  1  0 -9 
53 37  -1  0  0 -9 
53 41   1  1  0 -9 
53 45  -1  2  0 -9 
53 53  -1 -2  0 -9 
53 54  -1  0  0 -9 
53 56  -1  0  0 -9 
53 58   1 -1  0 -9 
53 62  -1  2 -1  0  0 -9 
53 66   1  1  0 -9 
53 74   1 -1  0 -9 
53 79  -1  0  0 -9 
53 83   1  1  0 -9 
53 89  -1  2  0 -9 
53 98   1  1  0 -9 
53 102  -1  2  0 -9 
53 108   1  3  0 -9 
54 11  -1  4  0 -9 
54 20  -1  4  0 -9 
54 27   1  5  0 -9 
54 62  -1  4  0 -9 
54 98   1  3  0 -9 
54 102  -1  4  0 -9 
54 108   1  5  0 -9 
55  0  -1  0  0 -9 
55  1   1  1  0 -9 
55  2  -1  0  0 -9 
55  3  -1  3  0 -9 
55  6   1  1  0 -9 
55 11  -1  3  0 -9 
55 15   1 -1  0 -9 
55 16  -1  0  0 -9 
55 17   1 -1  0 -9 
55 18   1  2  0 -9 
55 20  -1  3  0 -9 
55 21  -1  4 -1  0  0 -9 
55 25   1  2  0 -9 
55 26  -1  3  0 -9 
55 27   1  4  0 -9 
55 28   1  5  0 -9 
55 33  -1  0  0 -9 
55 34   1 -1  0 -9 
55 38  -1  0  0 -9 
55 42   1  1  0 -9 
55 46  -1  2  0 -9 
55 54   1 -1  0 -9 
55 55  -1 -2  0 -9 
55 59   1 -1  0 -9 
55 62  -1  3  0 -9 
55 63  -1  0  0 -9 
55 67   1  1  0 -9 
55 75   1 -1  0 -9 
55 76  -1  0  0 -9 
55 80  -1  0  0 -9 
55 84   1  1  0 -9 
55 90  -1  2  0 -9 
55 98   1  2  0 -9 
55 102  -1  3  0 -9 
55 108   1  4  0 -9 
56  3   1  6  0 -9 
56 18  -1  5  0 -9 
56 35  -1  5  0 -9 
56 45   1  6  0 -9 
56 66  -1  5  0 -9 
56 77   1  3  0 -9 
56 89   1  6  0 -9 
57  4   1  6  0 -9 
57 19  -1  5  0 -9 
57 36  -1  5  0 -9 
57 47   1  6  0 -9 
57 68  -1  5  0 -9 
57 78   1  3  0 -9 
57 91   1  6  0 -9 
58  3  -1  3  0 -9 
58  5   1  2  0 -9 
58 11  -1  3  0 -9 
58 18   1  2  0 -9 
58 20  -1  5 -1  3 -1  1  0 -9 
58 27   1  6  1  4  0 -9 
58 33   1  2  0 -9 
58 35  -1  4  1  2  0 -9 
58 37  -1  1  0 -9 
58 41   1  2  0 -9 
58 45  -1  3  0 -9 
58 54  -1  1  0 -9 
58 56  -1  1  0 -9 
58 58   1  0  0 -9 
58 62  -1  5 -1  3 -1  1  0 -9 
58 66   1  2  0 -9 
58 77   1  2  0 -9 
58 79  -1  1  0 -9 
58 83   1  2  0 -9 
58 89  -1  3  0 -9 
58 98   1  2  0 -9 
58 102  -1  3  0 -9 
58 108   1  6  1  4  0 -9 
59  6   1  2  0 -9 
59 12  -1  3  0 -9 
59 21  -1  5 -1  3 -1  1  0 -9 
59 28   1  6  1  4  0 -9 
59 35  -1  3  0 -9 
59 38  -1  1  0 -9 
59 42   1  2  0 -9 
59 46  -1  3  0 -9 
59 59   1  0  0 -9 
59 62  -1  4  0 -9 
59 63  -1  1  0 -9 
59 67   1  2  0 -9 
59 80  -1  1  0 -9 
59 84   1  2  0 -9 
59 90  -1  3  0 -9 
59 99   1  2  0 -9 
59 103  -1  3  0 -9 
59 108   1  5  0 -9 
60  4  -1  3  0 -9 
60  7   1  2  0 -9 
60 13  -1  3  0 -9 
60 19   1  2  0 -9 
60 22  -1  5 -1  3 -1  1  0 -9 
60 29   1  6  1  4  0 -9 
60 36  -1  4  1  2  0 -9 
60 39  -1  1  0 -9 
60 43   1  2  0 -9 
60 47   1  5  0 -9 
60 48  -1  4  0 -9 
60 57  -1  1  0 -9 
60 60   1  0  0 -9 
60 64  -1  1  0 -9 
60 68  -1  4  0 -9 
60 69   1  3  0 -9 
60 71  -1  4  0 -9 
60 78   1  2  0 -9 
60 81  -1  1  0 -9 
60 85   1  2  0 -9 
60 91   1  5  0 -9 
60 92  -1  4  0 -9 
60 100   1  2  0 -9 
60 104  -1  3  0 -9 
60 109   1  5  0 -9 
61  8   1  2  0 -9 
61 14  -1  3  0 -9 
61 23  -1  5 -1  3 -1  1  0 -9 
61 30   1  6  1  4  0 -9 
61 36  -1  3  0 -9 
61 40  -1  1  0 -9 
61 44   1  2  0 -9 
61 46  -1  4  0 -9 
61 49  -1  4  0 -9 
61 61   1  0  0 -9 
61 65  -1  1  0 -9 
61 67   1  3  0 -9 
61 70   1  3  0 -9 
61 72  -1  4  0 -9 
61 82  -1  1  0 -9 
61 86   1  2  0 -9 
61 90  -1  4  0 -9 
61 93  -1  4  0 -9 
61 101   1  2  0 -9 
61 105  -1  3  0 -9 
61 110   1  5  0 -9 
62 62  -1  6  0 -9 
62 108   1  7  0 -9 
63  3   1  5  0 -9 
63 12  -1  4  0 -9 
63 18  -1  4  0 -9 
63 21  -1  4  0 -9 
63 28   1  5  0 -9 
63 35  -1  4  0 -9 
63 46   1  6  0 -9 
63 62  -1  5  0 -9 
63 67  -1  5  0 -9 
63 90   1  6  0 -9 
63 99   1  3  0 -9 
63 103  -1  4  0 -9 
63 108   1  6  0 -9 
64 13  -1  4  0 -9 
64 22  -1  4  0 -9 
64 29   1  5  0 -9 
64 71  -1  5  0 -9 
64 100   1  3  0 -9 
64 104  -1  4  0 -9 
64 109   1  6  0 -9 
65  4   1  5  0 -9 
65 14  -1  4  0 -9 
65 19  -1  4  0 -9 
65 23  -1  4  0 -9 
65 30   1  5  0 -9 
65 36  -1  4  0 -9 
65 72  -1  5  0 -9 
65 101   1  3  0 -9 
65 105  -1  4  0 -9 
65 110   1  6  0 -9 
66 45   1  7  0 -9 
66 66  -1  6  0 -9 
66 89   1  7  0 -9 
67 46   1  7  0 -9 
67 67  -1  6  0 -9 
67 90   1  7  0 -9 
68 47   1  7  0 -9 
68 68  -1  6  0 -9 
68 91   1  7  0 -9 
69 48   1  7  0 -9 
69 69  -1  6  0 -9 
69 92   1  7  0 -9 
70 49   1  7  0 -9 
70 70  -1  6  0 -9 
70 93   1  7  0 -9 
71 71  -1  6  0 -9 
71 109   1  7  0 -9 
72 72  -1  6  0 -9 
72 110   1  7  0 -9 
73 73  -1  6  0 -9 
73 111   1  7  0 -9 
74 11  -1  3  0 -9 
74 20  -1  3  0 -9 
74 27   1  4  0 -9 
74 54  -1  1  0 -9 
74 62  -1  3  0 -9 
74 74   1  0  0 -9 
74 79  -1  1  0 -9 
74 83   1  2  0 -9 
74 89  -1  3  0 -9 
74 98   1  2  0 -9 
74 102  -1  3  0 -9 
74 108   1  4  0 -9 
75 21  -1  3  0 -9 
75 28   1  4  0 -9 
75 31  -1  3  0 -9 
75 75   1  0  0 -9 
75 76  -1  1  0 -9 
75 80  -1  1  0 -9 
75 84   1  2  0 -9 
75 87  -1  3  0 -9 
75 90  -1  3  0 -9 
75 103  -1  3  0 -9 
75 106   1  2  0 -9 
75 112   1  4  0 -9 
76 21  -1  4  0 -9 
76 28   1  5  0 -9 
76 31  -1  4  0 -9 
76 87  -1  4  0 -9 
76 103  -1  4  0 -9 
76 106   1  3  0 -9 
76 112   1  5  0 -9 
77  3   1  5  0 -9 
77 18  -1  4  0 -9 
77 35  -1  4  0 -9 
77 45   1  5  0 -9 
77 56   1  3  0 -9 
77 66  -1  4  0 -9 
78  4   1  5  0 -9 
78 19  -1  4  0 -9 
78 36  -1  4  0 -9 
78 47   1  5  0 -9 
78 57   1  3  0 -9 
78 68  -1  4  0 -9 
79 20  -1  4  0 -9 
79 27   1  5  0 -9 
79 62  -1  4  0 -9 
79 83   1  3  0 -9 
79 89  -1  4  0 -9 
79 102  -1  4  0 -9 
79 108   1  5  0 -9 
80 21  -1  4  0 -9 
80 28   1  5  0 -9 
80 84   1  3  0 -9 
80 87  -1  4  0 -9 
80 90  -1  4  0 -9 
80 103  -1  4  0 -9 
80 112   1  5  0 -9 
81 22  -1  4  0 -9 
81 29   1  5  0 -9 
81 85   1  3  0 -9 
81 94  -1  4  0 -9 
81 104  -1  4  0 -9 
81 113   1  5  0 -9 
82 23  -1  4  0 -9 
82 30   1  5  0 -9 
82 86   1  3  0 -9 
82 95  -1  4  0 -9 
82 105  -1  4  0 -9 
82 114   1  5  0 -9 
83 20  -1  5  0 -9 
83 27   1  6  0 -9 
83 62  -1  5  0 -9 
83 79   1  3  0 -9 
83 89   1  7  0 -9 
83 102  -1  5  0 -9 
83 108   1  6  0 -9 
84 21  -1  5  0 -9 
84 28   1  6  0 -9 
84 80   1  3  0 -9 
84 87  -1  5  0 -9 
84 90   1  7  0 -9 
84 103  -1  5  0 -9 
84 112   1  6  0 -9 
85 22  -1  5  0 -9 
85 29   1  6  0 -9 
85 81   1  3  0 -9 
85 92   1  6  0 -9 
85 94  -1  5  0 -9 
85 104  -1  5  0 -9 
85 113   1  6  0 -9 
86 23  -1  5  0 -9 
86 30   1  6  0 -9 
86 82   1  3  0 -9 
86 90   1  6  0 -9 
86 93   1  6  0 -9 
86 95  -1  5  0 -9 
86 105  -1  5  0 -9 
86 114   1  6  0 -9 
87 87  -1  6  0 -9 
87 112   1  7  0 -9 
88 23  -1  4  0 -9 
88 30   1  5  0 -9 
88 32  -1  4  0 -9 
88 96  -1  5  0 -9 
88 105  -1  4  0 -9 
88 107   1  3  0 -9 
88 115   1  6  0 -9 
89 89   1  8  0 -9 
90 90   1  8  0 -9 
91 91   1  8  0 -9 
92 92   1  8  0 -9 
93 93   1  8  0 -9 
94 92   1  7  0 -9 
94 94  -1  6  0 -9 
94 113   1  7  0 -9 
95 90   1  7  0 -9 
95 93   1  7  0 -9 
95 95  -1  6  0 -9 
95 114   1  7  0 -9 
96 96  -1  6  0 -9 
96 115   1  7  0 -9 
97 93   1  7  0 -9 
97 97  -1  6  0 -9 
97 116   1  7  0 -9 
98 11   1  7  0 -9 
98 20  -1  5  0 -9 
98 27   1  6  0 -9 
98 54   1  3  0 -9 
98 62  -1  5  0 -9 
98 102  -1  5  0 -9 
98 108   1  6  0 -9 
99  3   1  6  0 -9 
99 12   1  7  0 -9 
99 18  -1  5  0 -9 
99 21  -1  5  0 -9 
99 28   1  6  0 -9 
99 35  -1  5  0 -9 
99 45   1  6  0 -9 
99 62  -1  4  0 -9 
99 63   1  3  0 -9 
99 67  -1  4  0 -9 
99 103  -1  5  0 -9 
99 112   1  6  0 -9 
100 13   1  7  0 -9 
100 22  -1  5  0 -9 
100 29   1  6  0 -9 
100 64   1  3  0 -9 
100 71  -1  4  0 -9 
100 104  -1  5  0 -9 
100 113   1  6  0 -9 
101  4   1  6  0 -9 
101 14   1  7  0 -9 
101 19  -1  5  0 -9 
101 23  -1  5  0 -9 
101 30   1  6  0 -9 
101 36  -1  5  0 -9 
101 47   1  6  0 -9 
101 65   1  3  0 -9 
101 72  -1  4  0 -9 
101 105  -1  5  0 -9 
101 114   1  6  0 -9 
102 27   1  7  0 -9 
102 102  -1  6  0 -9 
102 108   1  7  0 -9 
103 28   1  7  0 -9 
103 103  -1  6  0 -9 
103 112   1  7  0 -9 
104 29   1  7  0 -9 
104 104  -1  6  0 -9 
104 113   1  7  0 -9 
105 30   1  7  0 -9 
105 105  -1  6  0 -9 
105 114   1  7  0 -9 
106 21  -1  5  0 -9 
106 28   1  6  0 -9 
106 31   1  7  0 -9 
106 76   1  3  0 -9 
106 87  -1  5  0 -9 
106 103  -1  5  0 -9 
106 112   1  6  0 -9 
107 23  -1  5  0 -9 
107 30   1  6  0 -9 
107 32   1  7  0 -9 
107 88   1  3  0 -9 
107 96  -1  4  0 -9 
107 105  -1  5  0 -9 
107 114   1  6  0 -9 
108 108   1  8  0 -9 
109 109   1  8  0 -9 
110 110   1  8  0 -9 
111 111   1  8  0 -9 
112 112   1  8  0 -9 
113 113   1  8  0 -9 
114 114   1  8  0 -9 
115 115   1  8  0 -9 
116 116   1  8  0 -9 
117 66  -1  4  0 -9 
117 89   1  5  0 -9 
117 123  -1  4  0 -9 
117 143   1  3  0 -9 
117 151  -1  4  0 -9 
117 160   1  5  0 -9 
118 68  -1  4  0 -9 
118 91   1  5  0 -9 
118 125  -1  4  0 -9 
118 145   1  3  0 -9 
118 153  -1  4  0 -9 
118 169   1  5  0 -9 
119 41   1  3  0 -9 
119 45  -1  4  0 -9 
119 62  -1  4  0 -9 
119 108   1  5  0 -9 
119 117  -1  1  0 -9 
119 119   1  0  0 -9 
119 133  -1  1  0 -9 
119 137   1  2  0 -9 
119 143   1  2  0 -9 
119 151  -1  3  0 -9 
120  6   1  1  0 -9 
120 12  -1  2  0 -9 
120 21  -1  2 -1  0  0 -9 
120 28   1  3  0 -9 
120 38  -1  0  0 -9 
120 41   1  2  0 -9 
120 45  -1  3  0 -9 
120 59   1 -1  0 -9 
120 62  -1  3  0 -9 
120 63  -1  0  0 -9 
120 67   1  1  0 -9 
120 77  -1  0  0 -9 
120 80  -1  0  0 -9 
120 84   1  1  0 -9 
120 90  -1  2  0 -9 
120 99   1  1  0 -9 
120 103  -1  2  0 -9 
120 108   1  4  0 -9 
120 117  -1  0  0 -9 
120 119   1 -1  0 -9 
120 120  -1 -2  0 -9 
120 133  -1  0  0 -9 
120 134   1 -1  0 -9 
120 137   1  1  0 -9 
120 138  -1  0  0 -9 
120 143   1  1  0 -9 
120 144  -1  0  0 -9 
120 151  -1  2  0 -9 
120 152   1  1  0 -9 
121  4  -1  2  0 -9 
121  7   1  1  0 -9 
121 13  -1  2  0 -9 
121 19   1  1  0 -9 
121 22  -1  2 -1  0  0 -9 
121 29   1  3  0 -9 
121 36   1  1  0 -9 
121 39  -1  0  0 -9 
121 48  -1  3  0 -9 
121 50   1  2  0 -9 
121 57  -1  0  0 -9 
121 60   1 -1  0 -9 
121 64  -1  0  0 -9 
121 68  -1  3  0 -9 
121 69   1  2  0 -9 
121 71  -1  3  0 -9 
121 81  -1  0  0 -9 
121 85   1  1  0 -9 
121 91   1  4  0 -9 
121 92  -1  3  0 -9 
121 100   1  1  0 -9 
121 104  -1  2  0 -9 
121 109   1  4  0 -9 
121 118   1 -1  0 -9 
121 121  -1 -2  0 -9 
121 125  -1  3  0 -9 
121 126  -1  0  0 -9 
121 128   1 -1  0 -9 
121 131   1  1  0 -9 
121 135   1 -1  0 -9 
121 139  -1  0  0 -9 
121 145   1  2  0 -9 
121 148  -1  0  0 -9 
121 153  -1  3  0 -9 
121 161   1  1  0 -9 
121 169   1  4  0 -9 
121 170  -1  2  0 -9 
122  8   1  1  0 -9 
122 14  -1  2  0 -9 
122 23  -1  2 -1  0  0 -9 
122 30   1  3  0 -9 
122 40  -1  0  0 -9 
122 46  -1  3  0 -9 
122 47  -1  3  0 -9 
122 49  -1  3  0 -9 
122 51   1  2  0 -9 
122 61   1 -1  0 -9 
122 65  -1  0  0 -9 
122 67   1  2  0 -9 
122 70   1  2  0 -9 
122 72  -1  3  0 -9 
122 78  -1  0  0 -9 
122 82  -1  0  0 -9 
122 86   1  1  0 -9 
122 90  -1  3  0 -9 
122 93  -1  3  0 -9 
122 101   1  1  0 -9 
122 105  -1  2  0 -9 
122 110   1  4  0 -9 
122 118  -1  0  0 -9 
122 122  -1 -2  0 -9 
122 123   1  1  0 -9 
122 124  -1  0  0 -9 
122 125  -1  2 -1  0  0 -9 
122 127  -1  0  0 -9 
122 129   1 -1  0 -9 
122 132   1  1  0 -9 
122 136   1 -1  0 -9 
122 140  -1  0  0 -9 
122 145   1  1  0 -9 
122 149  -1  0  0 -9 
122 153  -1  2  0 -9 
122 160  -1  2  0 -9 
122 162   1  1  0 -9 
122 169   1  3  0 -9 
122 171  -1  2  0 -9 
123 123  -1  6  0 -9 
123 160   1  7  0 -9 
124 67  -1  4  0 -9 
124 90   1  5  0 -9 
124 123  -1  5  0 -9 
124 144   1  3  0 -9 
124 152  -1  4  0 -9 
124 160   1  6  0 -9 
125 125  -1  6  0 -9 
125 169   1  7  0 -9 
126 69  -1  4  0 -9 
126 92   1  5  0 -9 
126 125  -1  5  0 -9 
126 131  -1  5  0 -9 
126 146   1  3  0 -9 
126 154  -1  4  0 -9 
126 169   1  6  0 -9 
126 170   1  6  0 -9 
127 70  -1  4  0 -9 
127 93   1  5  0 -9 
127 132  -1  5  0 -9 
127 147   1  3  0 -9 
127 155  -1  4  0 -9 
127 171   1  6  0 -9 
128 48  -1  4  0 -9 
128 50   1  3  0 -9 
128 71  -1  4  0 -9 
128 109   1  5  0 -9 
128 125  -1  4  0 -9 
128 126  -1  1  0 -9 
128 128   1  0  0 -9 
128 131   1  2  0 -9 
128 146   1  2  0 -9 
128 148  -1  1  0 -9 
128 154  -1  3  0 -9 
128 161   1  2  0 -9 
128 169   1  5  0 -9 
128 170  -1  3  0 -9 
129 46  -1  4  0 -9 
129 47  -1  4  0 -9 
129 49  -1  4  0 -9 
129 51   1  3  0 -9 
129 72  -1  4  0 -9 
129 110   1  5  0 -9 
129 118  -1  1  0 -9 
129 123   1  2  0 -9 
129 124  -1  1  0 -9 
129 125  -1  5 -1  3 -1  1  0 -9 
129 127  -1  1  0 -9 
129 129   1  0  0 -9 
129 132   1  2  0 -9 
129 144   1  2  0 -9 
129 145   1  2  0 -9 
129 147   1  2  0 -9 
129 149  -1  1  0 -9 
129 152  -1  3  0 -9 
129 153  -1  3  0 -9 
129 155  -1  3  0 -9 
129 160  -1  3  0 -9 
129 162   1  2  0 -9 
129 169   1  6  1  4  0 -9 
129 171  -1  3  0 -9 
130 49  -1  4  0 -9 
130 52   1  3  0 -9 
130 73  -1  4  0 -9 
130 111   1  5  0 -9 
130 127  -1  1  0 -9 
130 130   1  0  0 -9 
130 131   1  3  0 -9 
130 132  -1  4  0 -9 
130 147   1  2  0 -9 
130 150  -1  1  0 -9 
130 155  -1  3  0 -9 
130 163   1  2  0 -9 
130 170  -1  4  0 -9 
130 171   1  5  0 -9 
131 131  -1  6  0 -9 
131 170   1  7  0 -9 
132 132  -1  6  0 -9 
132 171   1  7  0 -9 
133 62  -1  5  0 -9 
133 108   1  6  0 -9 
133 137   1  3  0 -9 
133 151  -1  4  0 -9 
134  3   1  4  0 -9 
134 12  -1  3  0 -9 
134 18  -1  3  0 -9 
134 21  -1  3  0 -9 
134 28   1  4  0 -9 
134 35  -1  3  0 -9 
134 46   1  5  0 -9 
134 56   1  2  0 -9 
134 62  -1  4  1  2  0 -9 
134 63  -1  1  0 -9 
134 66  -1  3  0 -9 
134 67  -1  4  1  2  0 -9 
134 77  -1  1  0 -9 
134 80  -1  1  0 -9 
134 84   1  2  0 -9 
134 87  -1  3  0 -9 
134 90   1  5 -1  3  0 -9 
134 99   1  2  0 -9 
134 103  -1  3  0 -9 
134 108   1  5  0 -9 
134 117  -1  1  0 -9 
134 123  -1  3  0 -9 
134 124   1  2  0 -9 
134 133  -1  1  0 -9 
134 134   1  0  0 -9 
134 137   1  2  0 -9 
134 138  -1  1  0 -9 
134 141   1  2  0 -9 
134 143   1  2  0 -9 
134 144  -1  1  0 -9 
134 151  -1  3  0 -9 
134 152  -1  4  1  2  0 -9 
134 164   1  5  0 -9 
135 13  -1  3  0 -9 
135 22  -1  3  0 -9 
135 29   1  4  0 -9 
135 64  -1  1  0 -9 
135 71  -1  4  1  2  0 -9 
135 81  -1  1  0 -9 
135 85   1  2  0 -9 
135 94  -1  3  0 -9 
135 100   1  2  0 -9 
135 104  -1  3  0 -9 
135 109   1  5  0 -9 
135 135   1  0  0 -9 
135 139  -1  1  0 -9 
135 148  -1  1  0 -9 
135 154  -1  3  0 -9 
135 156   1  2  0 -9 
135 161   1  2  0 -9 
135 165  -1  3  0 -9 
135 170  -1  3  0 -9 
135 172   1  4  0 -9 
136  4   1  4  0 -9 
136 14  -1  3  0 -9 
136 19  -1  3  0 -9 
136 23  -1  3  0 -9 
136 30   1  4  0 -9 
136 36  -1  3  0 -9 
136 57   1  2  0 -9 
136 65  -1  1  0 -9 
136 68  -1  3  0 -9 
136 72  -1  4  1  2  0 -9 
136 78  -1  1  0 -9 
136 82  -1  1  0 -9 
136 86   1  2  0 -9 
136 95  -1  3  0 -9 
136 101   1  2  0 -9 
136 105  -1  3  0 -9 
136 110   1  5  0 -9 
136 118  -1  1  0 -9 
136 125  -1  3  0 -9 
136 136   1  0  0 -9 
136 140  -1  1  0 -9 
136 145   1  2  0 -9 
136 149  -1  1  0 -9 
136 152  -1  3  0 -9 
136 153  -1  3  0 -9 
136 155  -1  3  0 -9 
136 157   1  2  0 -9 
136 160  -1  3  0 -9 
136 162   1  2  0 -9 
136 164   1  4  0 -9 
136 166  -1  3  0 -9 
136 169   1  4  0 -9 
136 171  -1  3  0 -9 
136 173   1  4  0 -9 
137 62  -1  4  0 -9 
137 89   1  6  0 -9 
137 133   1  3  0 -9 
137 151  -1  5  0 -9 
137 160   1  6  0 -9 
138 87  -1  4  0 -9 
138 90   1  6  0 -9 
138 141   1  3  0 -9 
138 152  -1  5  0 -9 
138 164   1  6  0 -9 
139 92   1  5  0 -9 
139 94  -1  4  0 -9 
139 154  -1  4  0 -9 
139 156   1  3  0 -9 
139 165  -1  4  0 -9 
139 172   1  5  0 -9 
140 90   1  5  0 -9 
140 93   1  5  0 -9 
140 95  -1  4  0 -9 
140 152  -1  4  0 -9 
140 155  -1  4  0 -9 
140 157   1  3  0 -9 
140 164   1  5  0 -9 
140 166  -1  4  0 -9 
140 173   1  5  0 -9 
141 87  -1  5  0 -9 
141 112   1  6  0 -9 
141 138   1  3  0 -9 
141 152  -1  4  0 -9 
142 23  -1  3  0 -9 
142 30   1  4  0 -9 
142 32  -1  3  0 -9 
142 82  -1  1  0 -9 
142 86   1  2  0 -9 
142 88  -1  1  0 -9 
142 95  -1  3  0 -9 
142 96  -1  4  1  2  0 -9 
142 105  -1  3  0 -9 
142 107   1  2  0 -9 
142 115   1  5  0 -9 
142 140  -1  1  0 -9 
142 142   1  0  0 -9 
142 152  -1  3  0 -9 
142 155  -1  3  0 -9 
142 157   1  2  0 -9 
142 158  -1  1  0 -9 
142 164   1  4  0 -9 
142 166  -1  3  0 -9 
142 167   1  2  0 -9 
142 173   1  4  0 -9 
142 174  -1  3  0 -9 
143 45   1  6  0 -9 
143 66  -1  5  0 -9 
143 89   1  6  0 -9 
143 117   1  3  0 -9 
143 123  -1  5  0 -9 
143 151  -1  5  0 -9 
143 160   1  6  0 -9 
144 46   1  6  0 -9 
144 67  -1  5  0 -9 
144 90   1  6  0 -9 
144 123  -1  4  0 -9 
144 124   1  3  0 -9 
144 152  -1  5  0 -9 
144 164   1  6  0 -9 
145 47   1  6  0 -9 
145 68  -1  5  0 -9 
145 91   1  6  0 -9 
145 118   1  3  0 -9 
145 125  -1  5  0 -9 
145 153  -1  5  0 -9 
145 169   1  6  0 -9 
146 48   1  6  0 -9 
146 69  -1  5  0 -9 
146 92   1  6  0 -9 
146 125  -1  4  0 -9 
146 126   1  3  0 -9 
146 131  -1  4  0 -9 
146 154  -1  5  0 -9 
146 172   1  6  0 -9 
147 49   1  6  0 -9 
147 70  -1  5  0 -9 
147 93   1  6  0 -9 
147 127   1  3  0 -9 
147 132  -1  4  0 -9 
147 155  -1  5  0 -9 
147 173   1  6  0 -9 
148 71  -1  5  0 -9 
148 109   1  6  0 -9 
148 154  -1  4  0 -9 
148 161   1  3  0 -9 
148 165  -1  4  0 -9 
148 170  -1  4  0 -9 
148 172   1  5  0 -9 
149 72  -1  5  0 -9 
149 110   1  6  0 -9 
149 125  -1  4  0 -9 
149 152  -1  4  0 -9 
149 153  -1  4  0 -9 
149 155  -1  4  0 -9 
149 160  -1  4  0 -9 
149 162   1  3  0 -9 
149 164   1  5  0 -9 
149 166  -1  4  0 -9 
149 169   1  5  0 -9 
149 171  -1  4  0 -9 
149 173   1  5  0 -9 
150 73  -1  5  0 -9 
150 111   1  6  0 -9 
150 155  -1  4  0 -9 
150 163   1  3  0 -9 
150 173   1  5  0 -9 
150 175  -1  4  0 -9 
151 89   1  7  0 -9 
151 151  -1  6  0 -9 
151 160   1  7  0 -9 
152 90   1  7  0 -9 
152 152  -1  6  0 -9 
152 164   1  7  0 -9 
153 91   1  7  0 -9 
153 153  -1  6  0 -9 
153 169   1  7  0 -9 
154 92   1  7  0 -9 
154 154  -1  6  0 -9 
154 172   1  7  0 -9 
155 93   1  7  0 -9 
155 155  -1  6  0 -9 
155 173   1  7  0 -9 
156 92   1  6  0 -9 
156 94  -1  5  0 -9 
156 113   1  6  0 -9 
156 139   1  3  0 -9 
156 154  -1  5  0 -9 
156 165  -1  5  0 -9 
156 172   1  6  0 -9 
157 90   1  6  0 -9 
157 93   1  6  0 -9 
157 95  -1  5  0 -9 
157 114   1  6  0 -9 
157 140   1  3  0 -9 
157 152  -1  5  0 -9 
157 155  -1  5  0 -9 
157 164   1  6  0 -9 
157 166  -1  5  0 -9 
157 173   1  6  0 -9 
158 96  -1  5  0 -9 
158 115   1  6  0 -9 
158 152  -1  4  0 -9 
158 155  -1  4  0 -9 
158 164   1  5  0 -9 
158 166  -1  4  0 -9 
158 167   1  3  0 -9 
158 173   1  5  0 -9 
158 174  -1  4  0 -9 
159 93   1  6  0 -9 
159 97  -1  5  0 -9 
159 116   1  6  0 -9 
159 155  -1  5  0 -9 
159 168   1  3  0 -9 
159 173   1  6  0 -9 
159 176  -1  4  0 -9 
160 160   1  8  0 -9 
161 71  -1  4  0 -9 
161 92   1  6  0 -9 
161 148   1  3  0 -9 
161 154  -1  5  0 -9 
161 165  -1  5  0 -9 
161 170   1  7  0 -9 
161 172   1  6  0 -9 
162 72  -1  4  0 -9 
162 90   1  6  0 -9 
162 91   1  6  0 -9 
162 93   1  6  0 -9 
162 125  -1  5  0 -9 
162 149   1  3  0 -9 
162 152  -1  5  0 -9 
162 153  -1  5  0 -9 
162 155  -1  5  0 -9 
162 160   1  7  0 -9 
162 164   1  6  0 -9 
162 166  -1  5  0 -9 
162 169   1  6  0 -9 
162 171   1  7  0 -9 
162 173   1  6  0 -9 
163 73  -1  4  0 -9 
163 93   1  6  0 -9 
163 150   1  3  0 -9 
163 155  -1  5  0 -9 
163 170   1  6  0 -9 
163 173   1  6  0 -9 
163 175  -1  5  0 -9 
164 164   1  8  0 -9 
165 165  -1  6  0 -9 
165 172   1  7  0 -9 
166 164   1  7  0 -9 
166 166  -1  6  0 -9 
166 173   1  7  0 -9 
167 90   1  6  0 -9 
167 93   1  6  0 -9 
167 96  -1  4  0 -9 
167 152  -1  5  0 -9 
167 155  -1  5  0 -9 
167 158   1  3  0 -9 
167 164   1  6  0 -9 
167 166  -1  5  0 -9 
167 173   1  6  0 -9 
167 174   1  7  0 -9 
168 93   1  5  0 -9 
168 97  -1  4  0 -9 
168 155  -1  4  0 -9 
168 159   1  3  0 -9 
168 174   1  6  0 -9 
168 176  -1  5  0 -9 
169 169   1  8  0 -9 
170 170   1  8  0 -9 
171 171   1  8  0 -9 
172 172   1  8  0 -9 
173 173   1  8  0 -9 
174 174   1  8  0 -9 
175 170   1  7  0 -9 
175 173   1  7  0 -9 
175 175  -1  6  0 -9 
176 174   1  7  0 -9 
176 176  -1  6  0 -9 
177 179  -1  5  0 -9 
177 183   1  3  0 -9 
177 186   1  6  0 -9 
178 17  -1  1  0 -9 
178 21  -1  4  0 -9 
178 25   1  2  0 -9 
178 26  -1  3  0 -9 
178 28   1  5  0 -9 
178 177  -1  1  0 -9 
178 178   1  0  0 -9 
178 179  -1  4  0 -9 
178 180   1  3  0 -9 
178 183   1  2  0 -9 
178 184  -1  1  0 -9 
178 185   1  2  0 -9 
178 186   1  5  0 -9 
178 187  -1  4  0 -9 
179 179  -1  6  0 -9 
179 186   1  7  0 -9 
180 180  -1  6  0 -9 
180 187   1  7  0 -9 
181 181  -1  6  0 -9 
181 188   1  7  0 -9 
182 182  -1  6  0 -9 
182 189   1  7  0 -9 
183 177   1  3  0 -9 
183 179  -1  4  0 -9 
184 26  -1  4  0 -9 
184 31   1  5  0 -9 
184 185   1  3  0 -9 
184 190  -1  4  0 -9 
185 26  -1  5  0 -9 
185 31   1  6  0 -9 
185 184   1  3  0 -9 
185 187   1  6  0 -9 
185 190  -1  5  0 -9 
186 186   1  8  0 -9 
187 187   1  8  0 -9 
188 188   1  8  0 -9 
189 189   1  8  0 -9 
190 31   1  7  0 -9 
190 187   1  7  0 -9 
190 190  -1  6  0 -9 
191 32   1  7  0 -9 
191 189   1  7  0 -9 
191 191  -1  6  0 -9 
192  0  -1  0  0 -9 
192  1   1  1  0 -9 
192  3  -1  3  0 -9 
192  9  -1  2  0 -9 
192 15   1 -1  0 -9 
192 16  -1  0  0 -9 
192 18   1  2  0 -9 
192 20  -1  3  0 -9 
192 24   1  1  0 -9 
192 27   1  4  0 -9 
192 33  -1  0  0 -9 
192 183  -1  0  0 -9 
192 192  -1 -2  0 -9 
192 193  -1  0  0 -9 
192 195  -1  0  0 -9 
192 197   1 -1  0 -9 
192 201  -1  2 -1  0  0 -9 
192 205   1  1  0 -9 
192 213   1 -1  0 -9 
192 218  -1  0  0 -9 
192 222   1  1  0 -9 
192 228  -1  2  0 -9 
192 237   1  1  0 -9 
192 241  -1  2  0 -9 
192 247   1  3  0 -9 
193 179  -1  4  0 -9 
193 186   1  5  0 -9 
193 201  -1  4  0 -9 
193 237   1  3  0 -9 
193 241  -1  4  0 -9 
193 247   1  5  0 -9 
194 17  -1  0  0 -9 
194 21  -1  3  0 -9 
194 25   1  1  0 -9 
194 26  -1  2  0 -9 
194 28   1  4  0 -9 
194 177  -1  0  0 -9 
194 178   1 -1  0 -9 
194 179  -1  3  0 -9 
194 180   1  2  0 -9 
194 184  -1  0  0 -9 
194 185   1  1  0 -9 
194 186   1  4  0 -9 
194 187  -1  3  0 -9 
194 193   1 -1  0 -9 
194 194  -1 -2  0 -9 
194 198   1 -1  0 -9 
194 201  -1  3  0 -9 
194 202  -1  0  0 -9 
194 206   1  1  0 -9 
194 214   1 -1  0 -9 
194 215  -1  0  0 -9 
194 219  -1  0  0 -9 
194 223   1  1  0 -9 
194 229  -1  2  0 -9 
194 237   1  2  0 -9 
194 241  -1  3  0 -9 
194 247   1  4  0 -9 
195  3   1  5  0 -9 
195 18  -1  4  0 -9 
195 35  -1  4  0 -9 
195 205  -1  5  0 -9 
195 216   1  3  0 -9 
195 228   1  6  0 -9 
196  4   1  5  0 -9 
196 19  -1  4  0 -9 
196 36  -1  4  0 -9 
196 207  -1  5  0 -9 
196 217   1  3  0 -9 
196 230   1  6  0 -9 
197 20  -1  4  0 -9 
197 27   1  5  0 -9 
197 35  -1  3  0 -9 
197 193  -1  1  0 -9 
197 195  -1  1  0 -9 
197 197   1  0  0 -9 
197 201  -1  5 -1  3 -1  1  0 -9 
197 205   1  2  0 -9 
197 216   1  2  0 -9 
197 218  -1  1  0 -9 
197 222   1  2  0 -9 
197 228  -1  3  0 -9 
197 237   1  2  0 -9 
197 241  -1  3  0 -9 
197 247   1  6  1  4  0 -9 
198 21  -1  4  0 -9 
198 28   1  5  0 -9 
198 198   1  0  0 -9 
198 201  -1  4  0 -9 
198 202  -1  1  0 -9 
198 206   1  2  0 -9 
198 219  -1  1  0 -9 
198 223   1  2  0 -9 
198 229  -1  3  0 -9 
198 238   1  2  0 -9 
198 242  -1  3  0 -9 
198 247   1  5  0 -9 
199 22  -1  4  0 -9 
199 29   1  5  0 -9 
199 36  -1  3  0 -9 
199 196  -1  1  0 -9 
199 199   1  0  0 -9 
199 203  -1  1  0 -9 
199 207  -1  4  0 -9 
199 208   1  3  0 -9 
199 210  -1  4  0 -9 
199 217   1  2  0 -9 
199 220  -1  1  0 -9 
199 224   1  2  0 -9 
199 230   1  5  0 -9 
199 231  -1  4  0 -9 
199 239   1  2  0 -9 
199 243  -1  3  0 -9 
199 248   1  5  0 -9 
200 23  -1  4  0 -9 
200 30   1  5  0 -9 
200 200   1  0  0 -9 
200 204  -1  1  0 -9 
200 206   1  3  0 -9 
200 209   1  3  0 -9 
200 211  -1  4  0 -9 
200 221  -1  1  0 -9 
200 225   1  2  0 -9 
200 229  -1  4  0 -9 
200 232  -1  4  0 -9 
200 240   1  2  0 -9 
200 244  -1  3  0 -9 
200 249   1  5  0 -9 
201 201  -1  6  0 -9 
201 247   1  7  0 -9 
202 180  -1  4  0 -9 
202 187   1  5  0 -9 
202 201  -1  5  0 -9 
202 206  -1  5  0 -9 
202 229   1  6  0 -9 
202 238   1  3  0 -9 
202 242  -1  4  0 -9 
202 247   1  6  0 -9 
203 181  -1  4  0 -9 
203 188   1  5  0 -9 
203 210  -1  5  0 -9 
203 239   1  3  0 -9 
203 243  -1  4  0 -9 
203 248   1  6  0 -9 
204 182  -1  4  0 -9 
204 189   1  5  0 -9 
204 211  -1  5  0 -9 
204 240   1  3  0 -9 
204 244  -1  4  0 -9 
204 249   1  6  0 -9 
205 205  -1  6  0 -9 
205 228   1  7  0 -9 
206 206  -1  6  0 -9 
206 229   1  7  0 -9 
207 207  -1  6  0 -9 
207 230   1  7  0 -9 
208 208  -1  6  0 -9 
208 231   1  7  0 -9 
209 209  -1  6  0 -9 
209 232   1  7  0 -9 
210 210  -1  6  0 -9 
210 248   1  7  0 -9 
211 211  -1  6  0 -9 
211 249   1  7  0 -9 
212 212  -1  6  0 -9 
212 250   1  7  0 -9 
213  0  -1  1  0 -9 
213  1   1  2  0 -9 
213  5  -1  3  0 -9 
213  9  -1  3  0 -9 
213 16  -1  1  0 -9 
213 20  -1  4  1  2  0 -9 
213 24   1  2  0 -9 
213 27   1  5  0 -9 
213 33  -1  1  0 -9 
213 35  -1  3  0 -9 
213 37   1  2  0 -9 
213 41  -1  3  0 -9 
213 45   1  4  0 -9 
213 177   1  2  0 -9 
213 179  -1  3  0 -9 
213 183  -1  1  0 -9 
213 193  -1  1  0 -9 
213 201  -1  3  0 -9 
213 213   1  0  0 -9 
213 218  -1  1  0 -9 
213 222   1  2  0 -9 
213 228  -1  3  0 -9 
213 237   1  2  0 -9 
213 241  -1  3  0 -9 
213 247   1  4  0 -9 
214 17  -1  1  0 -9 
214 21  -1  4  1  2  0 -9 
214 25   1  2  0 -9 
214 26  -1  3  0 -9 
214 28   1  5  0 -9 
214 184  -1  1  0 -9 
214 185   1  2  0 -9 
214 190  -1  3  0 -9 
214 214   1  0  0 -9 
214 215  -1  1  0 -9 
214 219  -1  1  0 -9 
214 223   1  2  0 -9 
214 226  -1  3  0 -9 
214 229  -1  3  0 -9 
214 242  -1  3  0 -9 
214 245   1  2  0 -9 
214 251   1  4  0 -9 
215 187   1  5  0 -9 
215 190  -1  4  0 -9 
215 226  -1  4  0 -9 
215 242  -1  4  0 -9 
215 245   1  3  0 -9 
215 251   1  5  0 -9 
216  3   1  6  0 -9 
216 18  -1  5  0 -9 
216 35  -1  5  0 -9 
216 45   1  6  0 -9 
216 195   1  3  0 -9 
216 205  -1  4  0 -9 
217  4   1  6  0 -9 
217 19  -1  5  0 -9 
217 36  -1  5  0 -9 
217 47   1  6  0 -9 
217 196   1  3  0 -9 
217 207  -1  4  0 -9 
218 20  -1  5  0 -9 
218 27   1  6  0 -9 
218 35  -1  4  0 -9 
218 41  -1  4  0 -9 
218 45   1  5  0 -9 
218 201  -1  4  0 -9 
218 222   1  3  0 -9 
218 228  -1  4  0 -9 
218 241  -1  4  0 -9 
218 247   1  5  0 -9 
219 21  -1  5  0 -9 
219 28   1  6  0 -9 
219 223   1  3  0 -9 
219 226  -1  4  0 -9 
219 229  -1  4  0 -9 
219 242  -1  4  0 -9 
219 251   1  5  0 -9 
220 22  -1  5  0 -9 
220 29   1  6  0 -9 
220 36  -1  4  0 -9 
220 47   1  5  0 -9 
220 224   1  3  0 -9 
220 233  -1  4  0 -9 
220 243  -1  4  0 -9 
220 252   1  5  0 -9 
221 23  -1  5  0 -9 
221 30   1  6  0 -9 
221 225   1  3  0 -9 
221 234  -1  4  0 -9 
221 244  -1  4  0 -9 
221 253   1  5  0 -9 
222  3   1  6  0 -9 
222 20  -1  4  0 -9 
222 35  -1  5  0 -9 
222 41  -1  5  0 -9 
222 45   1  6  0 -9 
222 186   1  6  0 -9 
222 201  -1  5  0 -9 
222 218   1  3  0 -9 
222 228   1  7  0 -9 
222 241  -1  5  0 -9 
222 247   1  6  0 -9 
223 21  -1  4  0 -9 
223 187   1  6  0 -9 
223 219   1  3  0 -9 
223 226  -1  5  0 -9 
223 229   1  7  0 -9 
223 242  -1  5  0 -9 
223 251   1  6  0 -9 
224  4   1  6  0 -9 
224 22  -1  4  0 -9 
224 36  -1  5  0 -9 
224 47   1  6  0 -9 
224 188   1  6  0 -9 
224 220   1  3  0 -9 
224 231   1  6  0 -9 
224 233  -1  5  0 -9 
224 243  -1  5  0 -9 
224 252   1  6  0 -9 
225 23  -1  4  0 -9 
225 189   1  6  0 -9 
225 221   1  3  0 -9 
225 229   1  6  0 -9 
225 232   1  6  0 -9 
225 234  -1  5  0 -9 
225 244  -1  5  0 -9 
225 253   1  6  0 -9 
226 226  -1  6  0 -9 
226 251   1  7  0 -9 
227 189   1  5  0 -9 
227 191  -1  4  0 -9 
227 235  -1  5  0 -9 
227 244  -1  4  0 -9 
227 246   1  3  0 -9 
227 254   1  6  0 -9 
228 228   1  8  0 -9 
229 229   1  8  0 -9 
230 230   1  8  0 -9 
231 231   1  8  0 -9 
232 232   1  8  0 -9 
233 47   1  7  0 -9 
233 231   1  7  0 -9 
233 233  -1  6  0 -9 
233 252   1  7  0 -9 
234 229   1  7  0 -9 
234 232   1  7  0 -9 
234 234  -1  6  0 -9 
234 253   1  7  0 -9 
235 235  -1  6  0 -9 
235 254   1  7  0 -9 
236 232   1  7  0 -9 
236 236  -1  6  0 -9 
236 255   1  7  0 -9 
237 179  -1  5  0 -9 
237 186   1  6  0 -9 
237 193   1  3  0 -9 
237 201  -1  5  0 -9 
237 241  -1  5  0 -9 
237 247   1  6  0 -9 
238 180  -1  5  0 -9 
238 187   1  6  0 -9 
238 201  -1  4  0 -9 
238 202   1  3  0 -9 
238 206  -1  4  0 -9 
238 242  -1  5  0 -9 
238 251   1  6  0 -9 
239 181  -1  5  0 -9 
239 188   1  6  0 -9 
239 203   1  3  0 -9 
239 210  -1  4  0 -9 
239 243  -1  5  0 -9 
239 252   1  6  0 -9 
240 182  -1  5  0 -9 
240 189   1  6  0 -9 
240 204   1  3  0 -9 
240 211  -1  4  0 -9 
240 244  -1  5  0 -9 
240 253   1  6  0 -9 
241 186   1  7  0 -9 
241 241  -1  6  0 -9 
241 247   1  7  0 -9 
242 187   1  7  0 -9 
242 242  -1  6  0 -9 
242 251   1  7  0 -9 
243 188   1  7  0 -9 
243 243  -1  6  0 -9 
243 252   1  7  0 -9 
244 189   1  7  0 -9 
244 244  -1  6  0 -9 
244 253   1  7  0 -9 
245 31   1  6  0 -9 
245 187   1  6  0 -9 
245 190  -1  5  0 -9 
245 215   1  3  0 -9 
245 226  -1  5  0 -9 
245 242  -1  5  0 -9 
245 251   1  6  0 -9 
246 32   1  6  0 -9 
246 189   1  6  0 -9 
246 191  -1  5  0 -9 
246 227   1  3  0 -9 
246 235  -1  4  0 -9 
246 244  -1  5  0 -9 
246 253   1  6  0 -9 
247 247   1  8  0 -9 
248 248   1  8  0 -9 
249 249   1  8  0 -9 
250 250   1  8  0 -9 
251 251   1  8  0 -9 
252 252   1  8  0 -9 
253 253   1  8  0 -9 
254 254   1  8  0 -9 
255 255   1  8  0 -9 
256 179  -1  3  0 -9 
256 186   1  4  0 -9 
256 193  -1  1  0 -9 
256 201  -1  3  0 -9 
256 237   1  2  0 -9 
256 241  -1  3  0 -9 
256 247   1  4  0 -9 
256 256   1  0  0 -9 
256 258  -1  1  0 -9 
256 262   1  2  0 -9 
256 268  -1  3  0 -9 
257 21  -1  2 -1  0  0 -9 
257 28   1  3  0 -9 
257 31  -1  2  0 -9 
257 75   1 -1  0 -9 
257 76  -1  0  0 -9 
257 80  -1  0  0 -9 
257 84   1  1  0 -9 
257 87  -1  2 -1  0  0 -9 
257 90  -1  2  0 -9 
257 103  -1  2  0 -9 
257 106   1  1  0 -9 
257 112   1  3  0 -9 
257 179  -1  2 -1  0  0 -9 
257 180   1  1  0 -9 
257 186   1  3  0 -9 
257 187  -1  2  0 -9 
257 190   1  1  0 -9 
257 193  -1  0  0 -9 
257 201  -1  2 -1  0  0 -9 
257 226   1  1  0 -9 
257 237   1  1  0 -9 
257 241  -1  2  0 -9 
257 242   1  1  0 -9 
257 245  -1  0  0 -9 
257 247   1  3  0 -9 
257 251  -1  2  0 -9 
257 256   1 -1  0 -9 
257 257  -1 -2  0 -9 
257 258  -1  0  0 -9 
257 262   1  1  0 -9 
257 263  -1  0  0 -9 
257 266   1 -1  0 -9 
257 268  -1  2  0 -9 
257 272   1  1  0 -9 
258 179  -1  4  0 -9 
258 186   1  5  0 -9 
258 201  -1  4  0 -9 
258 241  -1  4  0 -9 
258 247   1  5  0 -9 
258 262   1  3  0 -9 
258 268  -1  4  0 -9 
259 180  -1  4  0 -9 
259 187   1  5  0 -9 
259 242  -1  4  0 -9 
259 251   1  5  0 -9 
259 263   1  3  0 -9 
259 272  -1  4  0 -9 
260 181  -1  4  0 -9 
260 188   1  5  0 -9 
260 243  -1  4  0 -9 
260 252   1  5  0 -9 
260 264   1  3  0 -9 
260 273  -1  4  0 -9 
261 182  -1  4  0 -9 
261 189   1  5  0 -9 
261 244  -1  4  0 -9 
261 253   1  5  0 -9 
261 265   1  3  0 -9 
261 274  -1  4  0 -9 
262 179  -1  5  0 -9 
262 186   1  6  0 -9 
262 201  -1  5  0 -9 
262 241  -1  5  0 -9 
262 247   1  6  0 -9 
262 258   1  3  0 -9 
262 268   1  7  0 -9 
263 90   1  6  0 -9 
263 180  -1  5  0 -9 
263 187   1  6  0 -9 
263 242  -1  5  0 -9 
263 251   1  6  0 -9 
263 259   1  3  0 -9 
263 268   1  6  0 -9 
263 272  -1  5  0 -9 
264 181  -1  5  0 -9 
264 188   1  6  0 -9 
264 243  -1  5  0 -9 
264 252   1  6  0 -9 
264 260   1  3  0 -9 
264 269   1  6  0 -9 
264 273  -1  5  0 -9 
265 182  -1  5  0 -9 
265 189   1  6  0 -9 
265 244  -1  5  0 -9 
265 253   1  6  0 -9 
265 261   1  3  0 -9 
265 270   1  6  0 -9 
265 274  -1  5  0 -9 
266 21  -1  5 -1  3 -1  1  0 -9 
266 28   1  6  1  4  0 -9 
266 31  -1  3  0 -9 
266 76  -1  1  0 -9 
266 80  -1  1  0 -9 
266 84   1  2  0 -9 
266 87  -1  5 -1  3 -1  1  0 -9 
266 90  -1  3  0 -9 
266 103  -1  3  0 -9 
266 106   1  2  0 -9 
266 112   1  6  1  4  0 -9 
266 179  -1  5 -1  3 -1  1  0 -9 
266 180   1  2  0 -9 
266 186   1  6  1  4  0 -9 
266 187  -1  3  0 -9 
266 190   1  2  0 -9 
266 193  -1  1  0 -9 
266 201  -1  5 -1  3 -1  1  0 -9 
266 215   1  2  0 -9 
266 226   1  2  0 -9 
266 237   1  2  0 -9 
266 241  -1  3  0 -9 
266 242  -1  4  1  2  0 -9 
266 245  -1  1  0 -9 
266 247   1  6  1  4  0 -9 
266 251  -1  3  0 -9 
266 258  -1  1  0 -9 
266 259   1  2  0 -9 
266 262   1  2  0 -9 
266 263  -1  1  0 -9 
266 266   1  0  0 -9 
266 268  -1  3  0 -9 
266 272   1  2  0 -9 
267 23  -1  5 -1  3 -1  1  0 -9 
267 30   1  6  1  4  0 -9 
267 32  -1  3  0 -9 
267 82  -1  1  0 -9 
267 86   1  2  0 -9 
267 88  -1  1  0 -9 
267 90  -1  4  0 -9 
267 93  -1  4  0 -9 
267 96  -1  4  0 -9 
267 105  -1  3  0 -9 
267 107   1  2  0 -9 
267 115   1  5  0 -9 
267 181  -1  5 -1  3 -1  1  0 -9 
267 182   1  2  0 -9 
267 188   1  6  1  4  0 -9 
267 189  -1  3  0 -9 
267 191   1  2  0 -9 
267 203  -1  1  0 -9 
267 210  -1  4  0 -9 
267 227   1  2  0 -9 
267 239   1  2  0 -9 
267 243  -1  3  0 -9 
267 244  -1  4  1  2  0 -9 
267 246  -1  1  0 -9 
267 248   1  5  0 -9 
267 253   1  5  0 -9 
267 254  -1  4  0 -9 
267 260  -1  1  0 -9 
267 261   1  2  0 -9 
267 264   1  2  0 -9 
267 265  -1  1  0 -9 
267 267   1  0  0 -9 
267 269  -1  4  0 -9 
267 270   1  5  0 -9 
267 274  -1  4  0 -9 
267 275   1  3  0 -9 
268 268   1  8  0 -9 
269 269   1  8  0 -9 
270 270   1  8  0 -9 
271 271   1  8  0 -9 
272 90   1  7  0 -9 
272 251   1  7  0 -9 
272 268   1  7  0 -9 
272 272  -1  6  0 -9 
273 252   1  7  0 -9 
273 269   1  7  0 -9 
273 273  -1  6  0 -9 
274 253   1  7  0 -9 
274 270   1  7  0 -9 
274 274  -1  6  0 -9 
275 90   1  7  0 -9 
275 93   1  7  0 -9 
275 254   1  7  0 -9 
275 269   1  7  0 -9 
275 275  -1  6  0 -9 
276 255   1  7  0 -9 
276 271   1  7  0 -9 
276 276  -1  6  0 -9 
277  3   1  4  0 -9 
277 18  -1  3  0 -9 
277 35  -1  3  0 -9 
277 56   1  2  0 -9 
277 66  -1  3  0 -9 
277 77  -1  1  0 -9 
277 117  -1  1  0 -9 
277 123  -1  3  0 -9 
277 143   1  2  0 -9 
277 151  -1  3  0 -9 
277 160   1  4  0 -9 
277 195  -1  1  0 -9 
277 205  -1  4  1  2  0 -9 
277 216   1  2  0 -9 
277 228   1  5  0 -9 
277 277   1  0  0 -9 
277 293  -1  1  0 -9 
277 301   1  2  0 -9 
277 310  -1  3  0 -9 
278  4   1  4  0 -9 
278 19  -1  3  0 -9 
278 36  -1  3  0 -9 
278 57   1  2  0 -9 
278 68  -1  3  0 -9 
278 78  -1  1  0 -9 
278 118  -1  1  0 -9 
278 125  -1  3  0 -9 
278 145   1  2  0 -9 
278 153  -1  3  0 -9 
278 169   1  4  0 -9 
278 196  -1  1  0 -9 
278 207  -1  4  1  2  0 -9 
278 217   1  2  0 -9 
278 230   1  5  0 -9 
278 278   1  0  0 -9 
278 295  -1  1  0 -9 
278 303   1  2  0 -9 
278 319  -1  3  0 -9 
279 20  -1  3  0 -9 
279 27   1  4  0 -9 
279 41   1  2  0 -9 
279 45  -1  3  0 -9 
279 62  -1  3  0 -9 
279 77  -1  0  0 -9 
279 79   1 -1  0 -9 
279 83   1  2  0 -9 
279 89  -1  3  0 -9 
279 102  -1  3  0 -9 
279 108   1  4  0 -9 
279 117  -1  0  0 -9 
279 119   1 -1  0 -9 
279 133  -1  0  0 -9 
279 143   1  1  0 -9 
279 193  -1  0  0 -9 
279 195  -1  0  0 -9 
279 197   1 -1  0 -9 
279 201  -1  4 -1  0  0 -9 
279 205   1  1  0 -9 
279 216   1  1  0 -9 
279 218  -1  0  0 -9 
279 237   1  1  0 -9 
279 247   1  5  0 -9 
279 256   1 -1  0 -9 
279 258  -1  0  0 -9 
279 277   1 -1  0 -9 
279 279  -1 -2  0 -9 
279 283   1 -1  0 -9 
279 287   1  2  0 -9 
279 293  -1  0  0 -9 
279 327  -1  3  0 -9 
280 21  -1  3  0 -9 
280 28   1  4  0 -9 
280 80   1 -1  0 -9 
280 84   1  2  0 -9 
280 87  -1  3  0 -9 
280 90  -1  3  0 -9 
280 103  -1  3  0 -9 
280 112   1  4  0 -9 
280 141  -1  0  0 -9 
280 198   1 -1  0 -9 
280 201  -1  3  0 -9 
280 202  -1  0  0 -9 
280 206   1  1  0 -9 
280 219  -1  0  0 -9 
280 226   1  2  0 -9 
280 238   1  1  0 -9 
280 247   1  4  0 -9 
280 251  -1  3  0 -9 
280 259  -1  0  0 -9 
280 280  -1 -2  0 -9 
280 283  -1  0  0 -9 
280 284   1 -1  0 -9 
280 287   1  1  0 -9 
280 288  -1  0  0 -9 
280 291   1 -1  0 -9 
280 294  -1  0  0 -9 
280 327  -1  2  0 -9 
280 331   1  1  0 -9 
281 22  -1  3  0 -9 
281 29   1  4  0 -9 
281 47  -1  3  0 -9 
281 78  -1  0  0 -9 
281 81   1 -1  0 -9 
281 85   1  2  0 -9 
281 94  -1  3  0 -9 
281 104  -1  3  0 -9 
281 113   1  4  0 -9 
281 118  -1  0  0 -9 
281 125  -1  2 -1  0  0 -9 
281 145   1  1  0 -9 
281 153  -1  2  0 -9 
281 154   1  1  0 -9 
281 156  -1  0  0 -9 
281 165   1  1  0 -9 
281 169   1  3  0 -9 
281 172  -1  2  0 -9 
281 196  -1  0  0 -9 
281 199   1 -1  0 -9 
281 203  -1  0  0 -9 
281 207  -1  3  0 -9 
281 208   1  2  0 -9 
281 210  -1  3  0 -9 
281 217   1  1  0 -9 
281 220  -1  0  0 -9 
281 230   1  4  0 -9 
281 231  -1  3  0 -9 
281 233   1  2  0 -9 
281 239   1  1  0 -9 
281 248   1  4  0 -9 
281 252  -1  3  0 -9 
281 260  -1  0  0 -9 
281 278   1 -1  0 -9 
281 281  -1 -2  0 -9 
281 285   1 -1  0 -9 
281 289  -1  0  0 -9 
281 295  -1  0  0 -9 
281 298  -1  0  0 -9 
281 303   1  1  0 -9 
281 304  -1  0  0 -9 
281 306   1 -1  0 -9 
281 311   1  1  0 -9 
281 315  -1  2 -1  0  0 -9 
281 319  -1  2  0 -9 
281 320  -1  2  0 -9 
281 322   1  1  0 -9 
281 328  -1  2  0 -9 
281 332   1  1  0 -9 
281 336   1  3  0 -9 
282 23  -1  3  0 -9 
282 30   1  4  0 -9 
282 82   1 -1  0 -9 
282 86   1  2  0 -9 
282 95  -1  3  0 -9 
282 105  -1  3  0 -9 
282 114   1  4  0 -9 
282 152   1  1  0 -9 
282 155   1  1  0 -9 
282 157  -1  0  0 -9 
282 164  -1  2  0 -9 
282 166   1  1  0 -9 
282 173  -1  2  0 -9 
282 200   1 -1  0 -9 
282 204  -1  0  0 -9 
282 206   1  2  0 -9 
282 209   1  2  0 -9 
282 211  -1  3  0 -9 
282 221  -1  0  0 -9 
282 229  -1  3  0 -9 
282 232  -1  3  0 -9 
282 234   1  2  0 -9 
282 240   1  1  0 -9 
282 249   1  4  0 -9 
282 253  -1  3  0 -9 
282 261  -1  0  0 -9 
282 282  -1 -2  0 -9 
282 286   1 -1  0 -9 
282 290  -1  0  0 -9 
282 299  -1  0  0 -9 
282 302  -1  0  0 -9 
282 305  -1  0  0 -9 
282 307   1 -1  0 -9 
282 310  -1  2  0 -9 
282 312   1  1  0 -9 
282 314   1  1  0 -9 
282 316  -1  2 -1  0  0 -9 
282 321  -1  2  0 -9 
282 323   1  1  0 -9 
282 329  -1  2  0 -9 
282 333   1  1  0 -9 
282 337   1  3  0 -9 
283 201  -1  5  0 -9 
283 247   1  6  0 -9 
283 287   1  3  0 -9 
283 327  -1  4  0 -9 
284 152  -1  3  0 -9 
284 164   1  4  0 -9 
284 180  -1  3  0 -9 
284 187   1  4  0 -9 
284 201  -1  4  1  2  0 -9 
284 202  -1  1  0 -9 
284 206  -1  4  1  2  0 -9 
284 229   1  5  0 -9 
284 238   1  2  0 -9 
284 242  -1  3  0 -9 
284 247   1  5  0 -9 
284 259  -1  1  0 -9 
284 263   1  2  0 -9 
284 272  -1  3  0 -9 
284 283  -1  1  0 -9 
284 284   1  0  0 -9 
284 287   1  2  0 -9 
284 288  -1  1  0 -9 
284 294  -1  1  0 -9 
284 302   1  2  0 -9 
284 314  -1  3  0 -9 
284 327  -1  3  0 -9 
284 331   1  2  0 -9 
285 181  -1  3  0 -9 
285 188   1  4  0 -9 
285 203  -1  1  0 -9 
285 210  -1  4  1  2  0 -9 
285 239   1  2  0 -9 
285 243  -1  3  0 -9 
285 248   1  5  0 -9 
285 260  -1  1  0 -9 
285 264   1  2  0 -9 
285 273  -1  3  0 -9 
285 285   1  0  0 -9 
285 289  -1  1  0 -9 
285 298  -1  1  0 -9 
285 311   1  2  0 -9 
285 315  -1  3  0 -9 
285 320  -1  3  0 -9 
285 328  -1  3  0 -9 
285 332   1  2  0 -9 
285 336   1  4  0 -9 
286 182  -1  3  0 -9 
286 189   1  4  0 -9 
286 204  -1  1  0 -9 
286 211  -1  4  1  2  0 -9 
286 240   1  2  0 -9 
286 244  -1  3  0 -9 
286 249   1  5  0 -9 
286 261  -1  1  0 -9 
286 265   1  2  0 -9 
286 274  -1  3  0 -9 
286 286   1  0  0 -9 
286 290  -1  1  0 -9 
286 299  -1  1  0 -9 
286 310  -1  3  0 -9 
286 312   1  2  0 -9 
286 316  -1  3  0 -9 
286 321  -1  3  0 -9 
286 329  -1  3  0 -9 
286 333   1  2  0 -9 
286 337   1  4  0 -9 
287 201  -1  4  0 -9 
287 268   1  6  0 -9 
287 283   1  3  0 -9 
287 310   1  6  0 -9 
287 327  -1  5  0 -9 
288 90   1  5  0 -9 
288 152  -1  4  0 -9 
288 164   1  5  0 -9 
288 268   1  5  0 -9 
288 272  -1  4  0 -9 
288 310   1  5  0 -9 
288 314  -1  4  0 -9 
288 327  -1  4  0 -9 
288 331   1  3  0 -9 
289 269   1  5  0 -9 
289 273  -1  4  0 -9 
289 315  -1  4  0 -9 
289 328  -1  4  0 -9 
289 332   1  3  0 -9 
289 336   1  5  0 -9 
290 270   1  5  0 -9 
290 274  -1  4  0 -9 
290 316  -1  4  0 -9 
290 329  -1  4  0 -9 
290 333   1  3  0 -9 
290 337   1  5  0 -9 
291 87  -1  4  0 -9 
291 112   1  5  0 -9 
291 138   1  2  0 -9 
291 141  -1  1  0 -9 
291 152  -1  3  0 -9 
291 201  -1  4  0 -9 
291 226   1  3  0 -9 
291 247   1  5  0 -9 
291 251  -1  4  0 -9 
291 283  -1  1  0 -9 
291 287   1  2  0 -9 
291 288  -1  1  0 -9 
291 291   1  0  0 -9 
291 327  -1  3  0 -9 
291 331   1  2  0 -9 
292 23  -1  2 -1  0  0 -9 
292 30   1  3  0 -9 
292 32  -1  2  0 -9 
292 82  -1  0  0 -9 
292 86   1  1  0 -9 
292 88  -1  0  0 -9 
292 90  -1  3  0 -9 
292 93  -1  3  0 -9 
292 96  -1  3  0 -9 
292 105  -1  2  0 -9 
292 107   1  1  0 -9 
292 115   1  4  0 -9 
292 140  -1  0  0 -9 
292 142   1 -1  0 -9 
292 158  -1  0  0 -9 
292 167   1  1  0 -9 
292 174  -1  2  0 -9 
292 181  -1  2 -1  0  0 -9 
292 182   1  1  0 -9 
292 188   1  3  0 -9 
292 189  -1  2  0 -9 
292 191   1  1  0 -9 
292 203  -1  0  0 -9 
292 210  -1  3  0 -9 
292 235   1  2  0 -9 
292 239   1  1  0 -9 
292 243  -1  2  0 -9 
292 244   1  1  0 -9 
292 246  -1  0  0 -9 
292 248   1  4  0 -9 
292 254  -1  3  0 -9 
292 260  -1  0  0 -9 
292 264   1  1  0 -9 
292 265  -1  0  0 -9 
292 267   1 -1  0 -9 
292 269  -1  3  0 -9 
292 270   1  4  0 -9 
292 274  -1  3  0 -9 
292 275   1  2  0 -9 
292 285   1 -1  0 -9 
292 289  -1  0  0 -9 
292 290   1 -1  0 -9 
292 292  -1 -2  0 -9 
292 298  -1  0  0 -9 
292 308   1 -1  0 -9 
292 311   1  1  0 -9 
292 316  -1  3  0 -9 
292 317  -1  0  0 -9 
292 320  -1  2  0 -9 
292 324   1  1  0 -9 
292 329  -1  3  0 -9 
292 333   1  2  0 -9 
292 337   1  4  0 -9 
293 123  -1  4  0 -9 
293 151  -1  4  0 -9 
293 160   1  5  0 -9 
293 205  -1  5  0 -9 
293 228   1  6  0 -9 
293 301   1  3  0 -9 
293 310  -1  4  0 -9 
294 152  -1  4  0 -9 
294 164   1  5  0 -9 
294 206  -1  5  0 -9 
294 229   1  6  0 -9 
294 302   1  3  0 -9 
294 314  -1  4  0 -9 
295 125  -1  4  0 -9 
295 153  -1  4  0 -9 
295 169   1  5  0 -9 
295 207  -1  5  0 -9 
295 230   1  6  0 -9 
295 303   1  3  0 -9 
295 319  -1  4  0 -9 
296 154  -1  4  0 -9 
296 172   1  5  0 -9 
296 208  -1  5  0 -9 
296 231   1  6  0 -9 
296 304   1  3  0 -9 
296 322  -1  4  0 -9 
297 155  -1  4  0 -9 
297 173   1  5  0 -9 
297 209  -1  5  0 -9 
297 232   1  6  0 -9 
297 305   1  3  0 -9 
297 323  -1  4  0 -9 
298 210  -1  5  0 -9 
298 248   1  6  0 -9 
298 311   1  3  0 -9 
298 315  -1  4  0 -9 
298 320  -1  4  0 -9 
298 328  -1  4  0 -9 
298 336   1  5  0 -9 
299 211  -1  5  0 -9 
299 249   1  6  0 -9 
299 310  -1  4  0 -9 
299 312   1  3  0 -9 
299 316  -1  4  0 -9 
299 321  -1  4  0 -9 
299 329  -1  4  0 -9 
299 337   1  5  0 -9 
300 212  -1  5  0 -9 
300 250   1  6  0 -9 
300 313   1  3  0 -9 
300 325  -1  4  0 -9 
300 330  -1  4  0 -9 
300 338   1  5  0 -9 
301 89   1  6  0 -9 
301 123  -1  5  0 -9 
301 151  -1  5  0 -9 
301 160   1  6  0 -9 
301 205  -1  4  0 -9 
301 293   1  3  0 -9 
301 310   1  7  0 -9 
302 90   1  6  0 -9 
302 152  -1  5  0 -9 
302 164   1  6  0 -9 
302 206  -1  4  0 -9 
302 294   1  3  0 -9 
302 310   1  6  0 -9 
302 314  -1  5  0 -9 
303 91   1  6  0 -9 
303 125  -1  5  0 -9 
303 153  -1  5  0 -9 
303 169   1  6  0 -9 
303 207  -1  4  0 -9 
303 295   1  3  0 -9 
303 319   1  7  0 -9 
304 92   1  6  0 -9 
304 154  -1  5  0 -9 
304 172   1  6  0 -9 
304 208  -1  4  0 -9 
304 296   1  3  0 -9 
304 319   1  6  0 -9 
304 320   1  6  0 -9 
304 322  -1  5  0 -9 
305 93   1  6  0 -9 
305 155  -1  5  0 -9 
305 173   1  6  0 -9 
305 209  -1  4  0 -9 
305 297   1  3  0 -9 
305 321   1  6  0 -9 
305 323  -1  5  0 -9 
306 47  -1  4  0 -9 
306 92   1  5  0 -9 
306 94  -1  4  0 -9 
306 113   1  5  0 -9 
306 118  -1  1  0 -9 
306 125  -1  5 -1  3 -1  1  0 -9 
306 139   1  2  0 -9 
306 145   1  2  0 -9 
306 153  -1  3  0 -9 
306 154  -1  4  1  2  0 -9 
306 156  -1  1  0 -9 
306 165   1  2  0 -9 
306 169   1  6  1  4  0 -9 
306 172  -1  3  0 -9 
306 207  -1  4  0 -9 
306 210  -1  4  0 -9 
306 230   1  5  0 -9 
306 231  -1  4  0 -9 
306 233   1  3  0 -9 
306 248   1  5  0 -9 
306 252  -1  4  0 -9 
306 289  -1  1  0 -9 
306 295  -1  1  0 -9 
306 296   1  2  0 -9 
306 298  -1  1  0 -9 
306 303   1  2  0 -9 
306 304  -1  1  0 -9 
306 306   1  0  0 -9 
306 311   1  2  0 -9 
306 315  -1  5 -1  3 -1  1  0 -9 
306 319  -1  3  0 -9 
306 320  -1  3  0 -9 
306 322   1  2  0 -9 
306 328  -1  3  0 -9 
306 332   1  2  0 -9 
306 336   1  6  1  4  0 -9 
307 90   1  5  0 -9 
307 93   1  5  0 -9 
307 95  -1  4  0 -9 
307 114   1  5  0 -9 
307 140   1  2  0 -9 
307 152  -1  4  1  2  0 -9 
307 155  -1  4  1  2  0 -9 
307 157  -1  1  0 -9 
307 164  -1  3  0 -9 
307 166   1  2  0 -9 
307 173  -1  3  0 -9 
307 211  -1  4  0 -9 
307 229  -1  4  0 -9 
307 232  -1  4  0 -9 
307 234   1  3  0 -9 
307 249   1  5  0 -9 
307 253  -1  4  0 -9 
307 290  -1  1  0 -9 
307 294   1  2  0 -9 
307 297   1  2  0 -9 
307 299  -1  1  0 -9 
307 302  -1  1  0 -9 
307 305  -1  1  0 -9 
307 307   1  0  0 -9 
307 310  -1  3  0 -9 
307 312   1  2  0 -9 
307 314   1  2  0 -9 
307 316  -1  5 -1  3 -1  1  0 -9 
307 321  -1  3  0 -9 
307 323   1  2  0 -9 
307 329  -1  3  0 -9 
307 333   1  2  0 -9 
307 337   1  6  1  4  0 -9 
308 96  -1  4  0 -9 
308 115   1  5  0 -9 
308 152  -1  3  0 -9 
308 155  -1  3  0 -9 
308 158  -1  1  0 -9 
308 167   1  2  0 -9 
308 174  -1  3  0 -9 
308 210  -1  4  0 -9 
308 235   1  3  0 -9 
308 248   1  5  0 -9 
308 254  -1  4  0 -9 
308 298  -1  1  0 -9 
308 308   1  0  0 -9 
308 311   1  2  0 -9 
308 316  -1  4  0 -9 
308 317  -1  1  0 -9 
308 320  -1  3  0 -9 
308 324   1  2  0 -9 
308 328  -1  3  0 -9 
308 334   1  2  0 -9 
308 337   1  5  0 -9 
309 93   1  5  0 -9 
309 97  -1  4  0 -9 
309 116   1  5  0 -9 
309 155  -1  4  1  2  0 -9 
309 159  -1  1  0 -9 
309 168   1  2  0 -9 
309 173   1  5  0 -9 
309 174  -1  4  0 -9 
309 212  -1  4  0 -9 
309 232  -1  4  0 -9 
309 236   1  3  0 -9 
309 250   1  5  0 -9 
309 255  -1  4  0 -9 
309 297   1  2  0 -9 
309 300  -1  1  0 -9 
309 305  -1  1  0 -9 
309 309   1  0  0 -9 
309 313   1  2  0 -9 
309 318  -1  1  0 -9 
309 320  -1  4  0 -9 
309 321   1  5  0 -9 
309 323  -1  4  0 -9 
309 324   1  3  0 -9 
309 326  -1  4  0 -9 
309 330  -1  3  0 -9 
309 335   1  2  0 -9 
309 339   1  5  0 -9 
310 310   1  8  0 -9 
311 210  -1  4  0 -9 
311 269   1  6  0 -9 
311 298   1  3  0 -9 
311 315  -1  5  0 -9 
311 320   1  7  0 -9 
311 328  -1  5  0 -9 
311 336   1  6  0 -9 
312 211  -1  4  0 -9 
312 270   1  6  0 -9 
312 299   1  3  0 -9 
312 310   1  7  0 -9 
312 316  -1  5  0 -9 
312 321   1  7  0 -9 
312 329  -1  5  0 -9 
312 337   1  6  0 -9 
313 212  -1  4  0 -9 
313 271   1  6  0 -9 
313 300   1  3  0 -9 
313 320   1  6  0 -9 
313 325  -1  5  0 -9 
313 330  -1  5  0 -9 
313 338   1  6  0 -9 
314 164   1  7  0 -9 
314 310   1  7  0 -9 
314 314  -1  6  0 -9 
315 315  -1  6  0 -9 
315 336   1  7  0 -9 
316 316  -1  6  0 -9 
316 337   1  7  0 -9 
317 90   1  5  0 -9 
317 93   1  5  0 -9 
317 152  -1  4  0 -9 
317 155  -1  4  0 -9 
317 174   1  6  0 -9 
317 269   1  5  0 -9 
317 275  -1  4  0 -9 
317 316  -1  5  0 -9 
317 320   1  6  0 -9 
317 324  -1  5  0 -9 
317 328  -1  4  0 -9 
317 334   1  3  0 -9 
317 337   1  6  0 -9 
318 271   1  5  0 -9 
318 276  -1  4  0 -9 
318 326  -1  5  0 -9 
318 330  -1  4  0 -9 
318 335   1  3  0 -9 
318 339   1  6  0 -9 
319 319   1  8  0 -9 
320 320   1  8  0 -9 
321 321   1  8  0 -9 
322 172   1  7  0 -9 
322 319   1  7  0 -9 
322 320   1  7  0 -9 
322 322  -1  6  0 -9 
323 173   1  7  0 -9 
323 321   1  7  0 -9 
323 323  -1  6  0 -9 
324 174   1  7  0 -9 
324 320   1  7  0 -9 
324 324  -1  6  0 -9 
325 320   1  7  0 -9 
325 325  -1  6  0 -9 
325 338   1  7  0 -9 
326 326  -1  6  0 -9 
326 339   1  7  0 -9 
327 268   1  7  0 -9 
327 310   1  7  0 -9 
327 327  -1  6  0 -9 
328 269   1  7  0 -9 
328 328  -1  6  0 -9 
328 336   1  7  0 -9 
329 270   1  7  0 -9 
329 329  -1  6  0 -9 
329 337   1  7  0 -9 
330 271   1  7  0 -9 
330 330  -1  6  0 -9 
330 338   1  7  0 -9 
331 90   1  6  0 -9 
331 152  -1  5  0 -9 
331 164   1  6  0 -9 
331 251   1  6  0 -9 
331 268   1  6  0 -9 
331 272  -1  5  0 -9 
331 288   1  3  0 -9 
331 310   1  6  0 -9 
331 314  -1  5  0 -9 
331 327  -1  5  0 -9 
332 252   1  6  0 -9 
332 269   1  6  0 -9 
332 273  -1  5  0 -9 
332 289   1  3  0 -9 
332 315  -1  5  0 -9 
332 328  -1  5  0 -9 
332 336   1  6  0 -9 
333 253   1  6  0 -9 
333 270   1  6  0 -9 
333 274  -1  5  0 -9 
333 290   1  3  0 -9 
333 316  -1  5  0 -9 
333 329  -1  5  0 -9 
333 337   1  6  0 -9 
334 90   1  6  0 -9 
334 93   1  6  0 -9 
334 152  -1  5  0 -9 
334 155  -1  5  0 -9 
334 164   1  6  0 -9 
334 173   1  6  0 -9 
334 254   1  6  0 -9 
334 269   1  6  0 -9 
334 275  -1  5  0 -9 
334 316  -1  4  0 -9 
334 317   1  3  0 -9 
334 324  -1  4  0 -9 
334 328  -1  5  0 -9 
334 336   1  6  0 -9 
335 255   1  6  0 -9 
335 271   1  6  0 -9 
335 276  -1  5  0 -9 
335 318   1  3  0 -9 
335 326  -1  4  0 -9 
335 330  -1  5  0 -9 
335 338   1  6  0 -9 
336 336   1  8  0 -9 
337 337   1  8  0 -9 
338 338   1  8  0 -9 
339 339   1  8  0 -9 
9999 9999
