 0  0   1  0  0 -9 
 0  6   1  3  0 -9 
 1  1   1  0  0 -9 
 1  3  -1  1  0 -9 
 1  7   1  3  0 -9 
 1 15  -1  4  0 -9 
 1 24   1  2  0 -9 
 1 28   1  5  0 -9 
 2  2   1  0  0 -9 
 2  4  -1  1  0 -9 
 2  8   1  3  0 -9 
 2 16  -1  4  0 -9 
 2 25   1  2  0 -9 
 2 29   1  5  0 -9 
 3 15  -1  5  0 -9 
 3 24   1  3  0 -9 
 3 28   1  6  0 -9 
 4 16  -1  5  0 -9 
 4 25   1  3  0 -9 
 4 29   1  6  0 -9 
 5 17  -1  5  0 -9 
 5 26   1  3  0 -9 
 5 27  -1  4  0 -9 
 5 30   1  6  0 -9 
 6  6  -1  6  0 -9 
 7  7  -1  6  0 -9 
 8  8  -1  6  0 -9 
 9  9  -1  6  0 -9 
10 10  -1  6  0 -9 
11 11  -1  6  0 -9 
12 12  -1  6  0 -9 
13 13  -1  6  0 -9 
14 14  -1  6  0 -9 
15 15  -1  6  0 -9 
15 28   1  7  0 -9 
16 16  -1  6  0 -9 
16 29   1  7  0 -9 
17 17  -1  6  0 -9 
17 30   1  7  0 -9 
18 18  -1  6  0 -9 
18 31   1  7  0 -9 
19 19  -1  6  0 -9 
19 32   1  7  0 -9 
20 20  -1  6  0 -9 
20 33   1  7  0 -9 
21 21  -1  6  0 -9 
21 34   1  7  0 -9 
22 22  -1  6  0 -9 
22 35   1  7  0 -9 
23 23  -1  6  0 -9 
23 36   1  7  0 -9 
24  3   1  3  0 -9 
24 15  -1  4  0 -9 
25  4   1  3  0 -9 
25 16  -1  4  0 -9 
26  5   1  3  0 -9 
26 17  -1  4  0 -9 
26 27  -1  5  0 -9 
26 37   1  6  0 -9 
27 27  -1  6  0 -9 
27 37   1  7  0 -9 
28 28   1  8  0 -9 
29 29   1  8  0 -9 
30 30   1  8  0 -9 
31 31   1  8  0 -9 
32 32   1  8  0 -9 
33 33   1  8  0 -9 
34 34   1  8  0 -9 
35 35   1  8  0 -9 
36 36   1  8  0 -9 
37 37   1  8  0 -9 
38 38   1  8  0 -9 
39 39   1  8  0 -9 
9999 9999
