 0  0  -1  6  0 -9 
 1  0  -1  4  0 -9 
 1  2   1  3  0 -9 
 2  0  -1  5  0 -9 
 2  1   1  3  0 -9 
 3  0  -1  5  0 -9 
 3  4   1  3  0 -9 
 4  0  -1  4  0 -9 
 4  3   1  3  0 -9 
 5  0  -1  3  0 -9 
 5  1  -1  1  0 -9 
 5  2   1  2  0 -9 
 5  3   1  2  0 -9 
 5  4  -1  1  0 -9 
 5  5   1  0  0 -9 
 6  0  -1  3  0 -9 
 6  1  -1  1  0 -9 
 6  2   1  2  0 -9 
 6  3   1  2  0 -9 
 6  4  -1  1  0 -9 
 6  6   1  0  0 -9 
 7  0  -1  2  0 -9 
 7  1  -1  0  0 -9 
 7  2   1  1  0 -9 
 7  3   1  1  0 -9 
 7  4  -1  0  0 -9 
 7  5   1 -1  0 -9 
 7  6   1 -1  0 -9 
 7  7  -1 -2  0 -9 
 8  9   1  3  0 -9 
 9  8   1  3  0 -9 
10  8  -1  1  0 -9 
10  9   1  2  0 -9 
10 10   1  0  0 -9 
11  0  -1  3  0 -9 
11  1   1 -1  0 -9 
11  2   1  2  0 -9 
11  8  -1  0  0 -9 
11 10   1 -1  0 -9 
11 11  -1 -2  0 -9 
12 13   1  3  0 -9 
13 12   1  3  0 -9 
14 12  -1  1  0 -9 
14 13   1  2  0 -9 
14 14   1  0  0 -9 
15 12  -1  0  0 -9 
15 14   1 -1  0 -9 
15 15  -1 -2  0 -9 
16  8  -1  1  0 -9 
16  9   1  2  0 -9 
16 12   1  2  0 -9 
16 13  -1  1  0 -9 
16 16   1  0  0 -9 
17  8  -1  0  0 -9 
17  9   1  1  0 -9 
17 10   1 -1  0 -9 
17 13  -1  0  0 -9 
17 16   1 -1  0 -9 
17 17  -1 -2  0 -9 
18 19   1  3  0 -9 
19 18   1  3  0 -9 
20 18   1  2  0 -9 
20 19  -1  1  0 -9 
20 20   1  0  0 -9 
21  0  -1  3  0 -9 
21  3   1  2  0 -9 
21  4   1 -1  0 -9 
21 19  -1  0  0 -9 
21 20   1 -1  0 -9 
21 21  -1 -2  0 -9 
22 23   1  3  0 -9 
23 22   1  3  0 -9 
24 18   1  2  0 -9 
24 19  -1  1  0 -9 
24 22  -1  1  0 -9 
24 23   1  2  0 -9 
24 24   1  0  0 -9 
25 18   1  1  0 -9 
25 19  -1  0  0 -9 
25 20   1 -1  0 -9 
25 22  -1  0  0 -9 
25 24   1 -1  0 -9 
25 25  -1 -2  0 -9 
26 22   1  2  0 -9 
26 23  -1  1  0 -9 
26 26   1  0  0 -9 
27 23  -1  0  0 -9 
27 26   1 -1  0 -9 
27 27  -1 -2  0 -9 
28 12   1  2  0 -9 
28 13  -1  1  0 -9 
28 28   1  0  0 -9 
29 13  -1  0  0 -9 
29 28   1 -1  0 -9 
29 29  -1 -2  0 -9 
30 22  -1  1  0 -9 
30 23   1  2  0 -9 
30 30   1  0  0 -9 
31 22  -1  0  0 -9 
31 30   1 -1  0 -9 
31 31  -1 -2  0 -9 
32 32  -1 -2  0 -9 
33 34   1  3  0 -9 
34 33   1  3  0 -9 
35 33  -1  1  0 -9 
35 34   1  2  0 -9 
35 35   1  0  0 -9 
36 33  -1  0  0 -9 
36 35   1 -1  0 -9 
36 36  -1 -2  0 -9 
37 37   1  0  0 -9 
38  8  -1  0  0 -9 
38 10   1 -1  0 -9 
38 37   1 -1  0 -9 
38 38  -1 -2  0 -9 
39 40   1  3  0 -9 
40 39   1  3  0 -9 
41 39  -1  1  0 -9 
41 40   1  2  0 -9 
41 41   1  0  0 -9 
42 39  -1  0  0 -9 
42 41   1 -1  0 -9 
42 42  -1 -2  0 -9 
43 33  -1  1  0 -9 
43 34   1  2  0 -9 
43 39   1  2  0 -9 
43 40  -1  1  0 -9 
43 43   1  0  0 -9 
44 33  -1  0  0 -9 
44 34   1  1  0 -9 
44 35   1 -1  0 -9 
44 40  -1  0  0 -9 
44 43   1 -1  0 -9 
44 44  -1 -2  0 -9 
45 45   1  0  0 -9 
46 45   1 -1  0 -9 
46 46  -1 -2  0 -9 
47 37   1 -1  0 -9 
47 47  -1 -2  0 -9 
48 49   1  3  0 -9 
49 48   1  3  0 -9 
50 48  -1  1  0 -9 
50 49   1  2  0 -9 
50 50   1  0  0 -9 
51 48  -1  0  0 -9 
51 50   1 -1  0 -9 
51 51  -1 -2  0 -9 
52 48   1  2  0 -9 
52 49  -1  1  0 -9 
52 52   1  0  0 -9 
53 49  -1  0  0 -9 
53 52   1 -1  0 -9 
53 53  -1 -2  0 -9 
54 54   1  0  0 -9 
55 54   1 -1  0 -9 
55 55  -1 -2  0 -9 
56 56  -1 -2  0 -9 
57 39   1  2  0 -9 
57 40  -1  1  0 -9 
57 57   1  0  0 -9 
58 40  -1  0  0 -9 
58 57   1 -1  0 -9 
58 58  -1 -2  0 -9 
59 59  -1 -2  0 -9 
60 61   1  3  0 -9 
61 60   1  3  0 -9 
62 60   1  2  0 -9 
62 61  -1  1  0 -9 
62 62   1  0  0 -9 
63 61  -1  0  0 -9 
63 62   1 -1  0 -9 
63 63  -1 -2  0 -9 
64 65   1  3  0 -9 
65 64   1  3  0 -9 
66 60   1  2  0 -9 
66 61  -1  1  0 -9 
66 64  -1  1  0 -9 
66 65   1  2  0 -9 
66 66   1  0  0 -9 
67 60   1  1  0 -9 
67 61  -1  0  0 -9 
67 62   1 -1  0 -9 
67 64  -1  0  0 -9 
67 66   1 -1  0 -9 
67 67  -1 -2  0 -9 
68 64   1  2  0 -9 
68 65  -1  1  0 -9 
68 68   1  0  0 -9 
69 65  -1  0  0 -9 
69 68   1 -1  0 -9 
69 69  -1 -2  0 -9 
70 70   1  0  0 -9 
71 70   1 -1  0 -9 
71 71  -1 -2  0 -9 
72 72   1  0  0 -9 
73 19  -1  0  0 -9 
73 20   1 -1  0 -9 
73 72   1 -1  0 -9 
73 73  -1 -2  0 -9 
74 72   1 -1  0 -9 
74 74  -1 -2  0 -9 
75 76   1  3  0 -9 
76 75   1  3  0 -9 
77 75  -1  1  0 -9 
77 76   1  2  0 -9 
77 77   1  0  0 -9 
78 75  -1  0  0 -9 
78 77   1 -1  0 -9 
78 78  -1 -2  0 -9 
79 75   1  2  0 -9 
79 76  -1  1  0 -9 
79 79   1  0  0 -9 
80 76  -1  0  0 -9 
80 79   1 -1  0 -9 
80 80  -1 -2  0 -9 
81 64  -1  1  0 -9 
81 65   1  2  0 -9 
81 81   1  0  0 -9 
82 64  -1  0  0 -9 
82 81   1 -1  0 -9 
82 82  -1 -2  0 -9 
83 83  -1 -2  0 -9 
84 84   1  0  0 -9 
85 84   1 -1  0 -9 
85 85  -1 -2  0 -9 
86 86  -1 -2  0 -9 
87 87   1  0  0 -9 
88 87   1 -1  0 -9 
88 88  -1 -2  0 -9 
89 89  -1 -2  0 -9 
90 90   1  0  0 -9 
91 90   1 -1  0 -9 
91 91  -1 -2  0 -9 
92 92  -1 -2  0 -9 
93 93  -1 -2  0 -9 
9999 9999
