 0  0   1  8  0 -9 
 1  0   1  7  0 -9 
 1  1  -1  6  0 -9 
 2  2  -1  6  0 -9 
 3  3  -1  6  0 -9 
 4  4   1  8  0 -9 
 5  5   1  8  0 -9 
 6  5   1  7  0 -9 
 6  6  -1  6  0 -9 
 7  7   1  8  0 -9 
 8  7   1  7  0 -9 
 8  8  -1  6  0 -9 
 9  9   1  8  0 -9 
10  9   1  7  0 -9 
10 10  -1  6  0 -9 
11  7   1  6  0 -9 
11  8  -1  5  0 -9 
11 10  -1  4  0 -9 
11 12   1  3  0 -9 
12  8  -1  4  0 -9 
12  9   1  6  0 -9 
12 10  -1  5  0 -9 
12 11   1  3  0 -9 
13 13   1  8  0 -9 
14 13   1  7  0 -9 
14 14  -1  6  0 -9 
15 15  -1  6  0 -9 
16 16   1  8  0 -9 
17 16   1  7  0 -9 
17 17  -1  6  0 -9 
18 17  -1  4  0 -9 
18 19   1  3  0 -9 
19 16   1  6  0 -9 
19 17  -1  5  0 -9 
19 18   1  3  0 -9 
20 20  -1  6  0 -9 
21 16   1  5  0 -9 
21 17  -1  4  0 -9 
21 18   1  2  0 -9 
21 19  -1  1  0 -9 
21 20   1  3  0 -9 
21 21   1  0  0 -9 
22 22   1  8  0 -9 
23 22   1  7  0 -9 
23 23  -1  6  0 -9 
24 24  -1  6  0 -9 
25 25   1  8  0 -9 
26 25   1  7  0 -9 
26 26  -1  6  0 -9 
27 26  -1  4  0 -9 
27 28   1  3  0 -9 
28 25   1  6  0 -9 
28 26  -1  5  0 -9 
28 27   1  3  0 -9 
29 29  -1  6  0 -9 
30 25   1  5  0 -9 
30 26  -1  4  0 -9 
30 27   1  2  0 -9 
30 28  -1  1  0 -9 
30 29   1  3  0 -9 
30 30   1  0  0 -9 
31 31  -1  6  0 -9 
32 32  -1  6  0 -9 
33 32   1  3  0 -9 
33 33   1  0  0 -9 
34 34   1  8  0 -9 
35 34   1  7  0 -9 
35 35  -1  6  0 -9 
36 36  -1  6  0 -9 
37 37   1  8  0 -9 
38 37   1  7  0 -9 
38 38  -1  6  0 -9 
39 39   1  8  0 -9 
40 39   1  7  0 -9 
40 40  -1  6  0 -9 
41 37   1  6  0 -9 
41 38  -1  5  0 -9 
41 40  -1  4  0 -9 
41 42   1  3  0 -9 
42 38  -1  4  0 -9 
42 39   1  6  0 -9 
42 40  -1  5  0 -9 
42 41   1  3  0 -9 
43 43   1  8  0 -9 
44 43   1  7  0 -9 
44 44  -1  6  0 -9 
45 44  -1  4  0 -9 
45 46   1  3  0 -9 
46 43   1  6  0 -9 
46 44  -1  5  0 -9 
46 45   1  3  0 -9 
47 47  -1  6  0 -9 
48 36   1  3  0 -9 
48 43   1  5  0 -9 
48 44  -1  4  0 -9 
48 45   1  2  0 -9 
48 46  -1  1  0 -9 
48 47   1  3  0 -9 
48 48   1  0  0 -9 
49 49   1  8  0 -9 
50 49   1  7  0 -9 
50 50  -1  6  0 -9 
51 49   1  7  0 -9 
51 51  -1  6  0 -9 
52 49   1  6  0 -9 
52 50  -1  5  0 -9 
52 51  -1  5  0 -9 
52 53   1  3  0 -9 
53 49   1  5  0 -9 
53 50  -1  4  0 -9 
53 51  -1  4  0 -9 
53 52   1  3  0 -9 
54 47  -1  4  0 -9 
54 50  -1  4  0 -9 
54 55   1  3  0 -9 
55 47  -1  5  0 -9 
55 49   1  6  0 -9 
55 50  -1  5  0 -9 
55 54   1  3  0 -9 
56 47   1  2  0 -9 
56 49   1  5  0 -9 
56 50  -1  4  0 -9 
56 54   1  2  0 -9 
56 55  -1  1  0 -9 
56 56   1  0  0 -9 
57 47   1  1  0 -9 
57 49   1  4  0 -9 
57 50  -1  3  0 -9 
57 51  -1  3  0 -9 
57 52   1  2  0 -9 
57 53   1 -1  0 -9 
57 55  -1  0  0 -9 
57 56   1 -1  0 -9 
57 57  -1 -2  0 -9 
58 58   1  8  0 -9 
59 58   1  7  0 -9 
59 59  -1  6  0 -9 
60 59  -1  4  0 -9 
60 61   1  3  0 -9 
61 58   1  6  0 -9 
61 59  -1  5  0 -9 
61 60   1  3  0 -9 
62 62  -1  6  0 -9 
63 58   1  5  0 -9 
63 59  -1  4  0 -9 
63 60   1  2  0 -9 
63 61  -1  1  0 -9 
63 62   1  3  0 -9 
63 63   1  0  0 -9 
64 64  -1  6  0 -9 
65 64   1  3  0 -9 
65 65   1  0  0 -9 
66 66  -1  6  0 -9 
67 66  -1  4  0 -9 
67 68   1  3  0 -9 
68 66  -1  5  0 -9 
68 67   1  3  0 -9 
69 66   1  2  0 -9 
69 67   1  2  0 -9 
69 68  -1  1  0 -9 
69 69   1  0  0 -9 
70 66   1  1  0 -9 
70 68  -1  0  0 -9 
70 69   1 -1  0 -9 
70 70  -1 -2  0 -9 
71 66   1  3  0 -9 
71 71   1  0  0 -9 
72 72   1  8  0 -9 
73 72   1  7  0 -9 
73 73  -1  6  0 -9 
74 74  -1  6  0 -9 
75 75   1  8  0 -9 
76 75   1  7  0 -9 
76 76  -1  6  0 -9 
77 76  -1  4  0 -9 
77 78   1  3  0 -9 
78 75   1  6  0 -9 
78 76  -1  5  0 -9 
78 77   1  3  0 -9 
79 79  -1  6  0 -9 
80 75   1  5  0 -9 
80 76  -1  4  0 -9 
80 77   1  2  0 -9 
80 78  -1  1  0 -9 
80 79   1  3  0 -9 
80 80   1  0  0 -9 
81 81  -1  6  0 -9 
82 82  -1  6  0 -9 
83 82   1  3  0 -9 
83 83   1  0  0 -9 
84 84  -1  6  0 -9 
85 85  -1  6  0 -9 
86 85   1  3  0 -9 
86 86   1  0  0 -9 
87 87  -1  6  0 -9 
88 88   1  8  0 -9 
89 88   1  7  0 -9 
89 89  -1  6  0 -9 
90 89  -1  4  0 -9 
90 91   1  3  0 -9 
91 88   1  6  0 -9 
91 89  -1  5  0 -9 
91 90   1  3  0 -9 
92 92  -1  6  0 -9 
93 88   1  5  0 -9 
93 89  -1  4  0 -9 
93 90   1  2  0 -9 
93 91  -1  1  0 -9 
93 92   1  3  0 -9 
93 93   1  0  0 -9 
94 94  -1  6  0 -9 
95 94   1  3  0 -9 
95 95   1  0  0 -9 
96 96  -1  6  0 -9 
97 96  -1  4  0 -9 
97 98   1  3  0 -9 
98 96  -1  5  0 -9 
98 97   1  3  0 -9 
99 96   1  2  0 -9 
99 97   1  2  0 -9 
99 98  -1  1  0 -9 
99 99   1  0  0 -9 
100 96   1  1  0 -9 
100 98  -1  0  0 -9 
100 99   1 -1  0 -9 
100 100  -1 -2  0 -9 
101 96   1  3  0 -9 
101 101   1  0  0 -9 
102 102  -1  6  0 -9 
103 102   1  3  0 -9 
103 103   1  0  0 -9 
104 104   1  0  0 -9 
9999 9999
