 0  0   1  8  0 -9 
 1  0   1  7  0 -9 
 1  1  -1  6  0 -9 
 1  2   1  7  0 -9 
 2  2   1  8  0 -9 
 3  3   1  8  0 -9 
 4  3   1  7  0 -9 
 4  4  -1  6  0 -9 
 4  5   1  7  0 -9 
 5  5   1  8  0 -9 
 6  0   1  6  0 -9 
 6  1  -1  5  0 -9 
 6  2   1  6  0 -9 
 6  4  -1  4  0 -9 
 6  5   1  5  0 -9 
 6  7  -1  5  0 -9 
 6  8   1  3  0 -9 
 6  9  -1  4  0 -9 
 6 10   1  6  0 -9 
 7  2   1  7  0 -9 
 7  7  -1  6  0 -9 
 7 10   1  7  0 -9 
 8  1  -1  4  0 -9 
 8  2   1  5  0 -9 
 8  3   1  6  0 -9 
 8  4  -1  5  0 -9 
 8  5   1  6  0 -9 
 8  6   1  3  0 -9 
 8  7  -1  4  0 -9 
 8  9  -1  5  0 -9 
 8 11   1  6  0 -9 
 9  5   1  7  0 -9 
 9  9  -1  6  0 -9 
 9 11   1  7  0 -9 
10 10   1  8  0 -9 
11 11   1  8  0 -9 
12 12   1  8  0 -9 
13  0   1  7  0 -9 
13 12   1  7  0 -9 
13 13  -1  6  0 -9 
13 14   1  7  0 -9 
14 14   1  8  0 -9 
15  0   1  5  0 -9 
15  1  -1  4  0 -9 
15 13  -1  4  0 -9 
15 14   1  5  0 -9 
15 16  -1  5  0 -9 
15 17   1  3  0 -9 
15 18  -1  4  0 -9 
15 19   1  6  0 -9 
16 16  -1  6  0 -9 
16 19   1  7  0 -9 
17  0   1  6  0 -9 
17  1  -1  5  0 -9 
17  2   1  6  0 -9 
17 12   1  6  0 -9 
17 13  -1  5  0 -9 
17 14   1  6  0 -9 
17 15   1  3  0 -9 
17 16  -1  4  0 -9 
17 18  -1  5  0 -9 
17 20   1  6  0 -9 
18 14   1  7  0 -9 
18 18  -1  6  0 -9 
18 20   1  7  0 -9 
19 19   1  8  0 -9 
20 20   1  8  0 -9 
21 21  -1  6  0 -9 
21 22   1  7  0 -9 
22 22   1  8  0 -9 
23 18  -1  4  0 -9 
23 20   1  5  0 -9 
23 21  -1  5  0 -9 
23 22   1  6  0 -9 
23 24   1  3  0 -9 
23 26  -1  4  0 -9 
24 14   1  6  0 -9 
24 18  -1  5  0 -9 
24 20   1  6  0 -9 
24 21  -1  4  0 -9 
24 23   1  3  0 -9 
24 25   1  6  0 -9 
24 26  -1  5  0 -9 
25 25   1  8  0 -9 
26 20   1  7  0 -9 
26 25   1  7  0 -9 
26 26  -1  6  0 -9 
27 27   1  8  0 -9 
28 27   1  7  0 -9 
28 28  -1  6  0 -9 
28 29   1  7  0 -9 
29 29   1  8  0 -9 
30 28  -1  4  0 -9 
30 29   1  5  0 -9 
30 31  -1  5  0 -9 
30 32   1  3  0 -9 
30 33  -1  4  0 -9 
30 34   1  6  0 -9 
31 31  -1  6  0 -9 
31 34   1  7  0 -9 
32 27   1  6  0 -9 
32 28  -1  5  0 -9 
32 29   1  6  0 -9 
32 30   1  3  0 -9 
32 31  -1  4  0 -9 
32 33  -1  5  0 -9 
32 35   1  6  0 -9 
33 29   1  7  0 -9 
33 33  -1  6  0 -9 
33 35   1  7  0 -9 
34 34   1  8  0 -9 
35 35   1  8  0 -9 
36 12   1  7  0 -9 
36 36  -1  6  0 -9 
36 37   1  7  0 -9 
37 37   1  8  0 -9 
38 37   1  7  0 -9 
38 38  -1  6  0 -9 
39  1  -1  3  0 -9 
39  3   1  5  0 -9 
39  4  -1  4  0 -9 
39  5   1  5  0 -9 
39  6   1  2  0 -9 
39  8  -1  1  0 -9 
39  9  -1  4  1  2  0 -9 
39 10  -1  4  0 -9 
39 11   1  5  0 -9 
39 12  -1  4  0 -9 
39 15  -1  1  0 -9 
39 16  -1  4  0 -9 
39 17   1  2  0 -9 
39 18  -1  3  0 -9 
39 19   1  5  0 -9 
39 21  -1  4  0 -9 
39 22   1  5  0 -9 
39 23  -1  1  0 -9 
39 24   1  2  0 -9 
39 25  -1  4  0 -9 
39 27   1  5  0 -9 
39 28  -1  4  0 -9 
39 29   1  5  0 -9 
39 30   1  2  0 -9 
39 32  -1  1  0 -9 
39 33  -1  4  1  2  0 -9 
39 34  -1  4  0 -9 
39 35   1  5  0 -9 
39 36   1  3  0 -9 
39 37  -1  4  0 -9 
39 39   1  0  0 -9 
39 40  -1  1  0 -9 
39 41   1  3  0 -9 
39 42  -1  4  0 -9 
39 43   1  2  0 -9 
39 44   1  5  0 -9 
40  5   1  6  0 -9 
40  9  -1  5  0 -9 
40 11   1  6  0 -9 
40 29   1  6  0 -9 
40 33  -1  5  0 -9 
40 35   1  6  0 -9 
40 38  -1  4  0 -9 
40 42  -1  5  0 -9 
40 43   1  3  0 -9 
40 44   1  6  0 -9 
41 10   1  7  0 -9 
41 25   1  7  0 -9 
41 34   1  7  0 -9 
41 41  -1  6  0 -9 
42 11   1  7  0 -9 
42 35   1  7  0 -9 
42 42  -1  6  0 -9 
42 44   1  7  0 -9 
43  9  -1  4  0 -9 
43 11   1  5  0 -9 
43 33  -1  4  0 -9 
43 35   1  5  0 -9 
43 37   1  6  0 -9 
43 38  -1  5  0 -9 
43 40   1  3  0 -9 
43 42  -1  4  0 -9 
44 44   1  8  0 -9 
45 45  -1  6  0 -9 
45 46   1  7  0 -9 
46 46   1  8  0 -9 
47 33  -1  4  0 -9 
47 35   1  5  0 -9 
47 45  -1  5  0 -9 
47 46   1  6  0 -9 
47 48   1  3  0 -9 
47 50  -1  4  0 -9 
48 29   1  6  0 -9 
48 33  -1  5  0 -9 
48 35   1  6  0 -9 
48 45  -1  4  0 -9 
48 47   1  3  0 -9 
48 49   1  6  0 -9 
48 50  -1  5  0 -9 
49 49   1  8  0 -9 
50 35   1  7  0 -9 
50 49   1  7  0 -9 
50 50  -1  6  0 -9 
51 51  -1  6  0 -9 
51 52   1  7  0 -9 
52 52   1  8  0 -9 
53 29   1  7  0 -9 
53 52   1  7  0 -9 
53 53  -1  6  0 -9 
54 33  -1  3  0 -9 
54 45  -1  4  0 -9 
54 46   1  5  0 -9 
54 47  -1  1  0 -9 
54 48   1  2  0 -9 
54 49  -1  4  0 -9 
54 51   1  3  0 -9 
54 52  -1  4  0 -9 
54 54   1  0  0 -9 
54 55  -1  1  0 -9 
54 56   1  3  0 -9 
54 57  -1  4  0 -9 
54 58   1  2  0 -9 
54 59   1  5  0 -9 
55 29   1  5  0 -9 
55 33  -1  4  0 -9 
55 53  -1  4  0 -9 
55 57  -1  5  0 -9 
55 58   1  3  0 -9 
55 59   1  6  0 -9 
56 49   1  7  0 -9 
56 56  -1  6  0 -9 
57 57  -1  6  0 -9 
57 59   1  7  0 -9 
58 29   1  6  0 -9 
58 33  -1  5  0 -9 
58 35   1  6  0 -9 
58 52   1  6  0 -9 
58 53  -1  5  0 -9 
58 55   1  3  0 -9 
58 57  -1  4  0 -9 
59 59   1  8  0 -9 
60 60   1  8  0 -9 
61 60   1  7  0 -9 
61 61  -1  6  0 -9 
61 62   1  7  0 -9 
62 62   1  8  0 -9 
63 60   1  7  0 -9 
63 63  -1  6  0 -9 
63 64   1  7  0 -9 
64 64   1  8  0 -9 
65 60   1  6  0 -9 
65 61  -1  5  0 -9 
65 62   1  6  0 -9 
65 63  -1  5  0 -9 
65 64   1  6  0 -9 
65 66  -1  5  0 -9 
65 67   1  3  0 -9 
65 68  -1  4  0 -9 
65 69   1  6  0 -9 
66 64   1  7  0 -9 
66 66  -1  6  0 -9 
66 69   1  7  0 -9 
67 60   1  5  0 -9 
67 61  -1  4  0 -9 
67 63  -1  4  0 -9 
67 64   1  5  0 -9 
67 65   1  3  0 -9 
67 66  -1  4  0 -9 
67 68  -1  5  0 -9 
67 70   1  6  0 -9 
68 68  -1  6  0 -9 
68 70   1  7  0 -9 
69 69   1  8  0 -9 
70 70   1  8  0 -9 
71 66  -1  4  0 -9 
71 69   1  5  0 -9 
71 72   1  3  0 -9 
71 73  -1  4  0 -9 
72 64   1  6  0 -9 
72 66  -1  5  0 -9 
72 69   1  6  0 -9 
72 71   1  3  0 -9 
72 73  -1  5  0 -9 
72 74   1  6  0 -9 
73 69   1  7  0 -9 
73 73  -1  6  0 -9 
73 74   1  7  0 -9 
74 74   1  8  0 -9 
75 12  -1  4  0 -9 
75 21  -1  4  0 -9 
75 22   1  5  0 -9 
75 60   1  5  0 -9 
75 61  -1  4  0 -9 
75 62   1  5  0 -9 
75 63  -1  4  0 -9 
75 76  -1  5  0 -9 
75 77   1  3  0 -9 
75 78  -1  4  0 -9 
75 79   1  6  0 -9 
76 76  -1  6  0 -9 
76 79   1  7  0 -9 
77 12   1  7  0 -9 
77 21  -1  5  0 -9 
77 22   1  6  0 -9 
77 60   1  6  0 -9 
77 61  -1  5  0 -9 
77 62   1  6  0 -9 
77 63  -1  5  0 -9 
77 64   1  6  0 -9 
77 75   1  3  0 -9 
77 76  -1  4  0 -9 
77 78  -1  5  0 -9 
77 80   1  6  0 -9 
78 22   1  7  0 -9 
78 62   1  7  0 -9 
78 78  -1  6  0 -9 
78 80   1  7  0 -9 
79 79   1  8  0 -9 
80 80   1  8  0 -9 
81 21  -1  4  0 -9 
81 22   1  5  0 -9 
81 78  -1  4  0 -9 
81 80   1  5  0 -9 
81 82   1  3  0 -9 
81 84  -1  4  0 -9 
82 21  -1  5  0 -9 
82 22   1  6  0 -9 
82 62   1  6  0 -9 
82 78  -1  5  0 -9 
82 80   1  6  0 -9 
82 81   1  3  0 -9 
82 83   1  6  0 -9 
82 84  -1  5  0 -9 
83 83   1  8  0 -9 
84 80   1  7  0 -9 
84 83   1  7  0 -9 
84 84  -1  6  0 -9 
85 12  -1  3  0 -9 
85 21  -1  3  0 -9 
85 22   1  4  0 -9 
85 60   1  4  0 -9 
85 61  -1  3  0 -9 
85 63  -1  3  0 -9 
85 65   1  2  0 -9 
85 66  -1  3  0 -9 
85 67  -1  1  0 -9 
85 68  -1  4  1  2  0 -9 
85 70   1  5  0 -9 
85 71  -1  1  0 -9 
85 72   1  2  0 -9 
85 73  -1  3  0 -9 
85 75  -1  1  0 -9 
85 76  -1  4  1  2  0 -9 
85 77   1  2  0 -9 
85 78  -1  3  0 -9 
85 79   1  5  0 -9 
85 81  -1  1  0 -9 
85 82   1  2  0 -9 
85 84  -1  3  0 -9 
85 85   1  0  0 -9 
85 86  -1  1  0 -9 
85 87  -1  1  0 -9 
85 88   1  2  0 -9 
85 89  -1  3  0 -9 
85 90  -1  3  0 -9 
85 91   1  2  0 -9 
85 92   1  4  0 -9 
86 68  -1  5  0 -9 
86 70   1  6  0 -9 
86 83   1  5  0 -9 
86 84  -1  4  0 -9 
86 89  -1  4  0 -9 
86 90  -1  4  0 -9 
86 91   1  3  0 -9 
86 92   1  5  0 -9 
87 73  -1  4  0 -9 
87 74   1  5  0 -9 
87 76  -1  5  0 -9 
87 79   1  6  0 -9 
87 88   1  3  0 -9 
87 89  -1  4  0 -9 
87 90  -1  4  0 -9 
87 92   1  5  0 -9 
88 69   1  6  0 -9 
88 73  -1  5  0 -9 
88 74   1  6  0 -9 
88 76  -1  4  0 -9 
88 83   1  6  0 -9 
88 87   1  3  0 -9 
88 89  -1  5  0 -9 
88 90  -1  5  0 -9 
88 92   1  6  0 -9 
89 74   1  7  0 -9 
89 89  -1  6  0 -9 
89 92   1  7  0 -9 
90 83   1  7  0 -9 
90 90  -1  6  0 -9 
90 92   1  7  0 -9 
91 68  -1  4  0 -9 
91 74   1  6  0 -9 
91 80   1  6  0 -9 
91 83   1  6  0 -9 
91 84  -1  5  0 -9 
91 86   1  3  0 -9 
91 89  -1  5  0 -9 
91 90  -1  5  0 -9 
91 92   1  6  0 -9 
92 92   1  8  0 -9 
93 93   1  8  0 -9 
94 93   1  7  0 -9 
94 94  -1  6  0 -9 
94 95   1  7  0 -9 
95 95   1  8  0 -9 
96 93   1  7  0 -9 
96 96  -1  6  0 -9 
96 97   1  7  0 -9 
97 97   1  8  0 -9 
98 93   1  6  0 -9 
98 94  -1  5  0 -9 
98 95   1  6  0 -9 
98 96  -1  5  0 -9 
98 97   1  6  0 -9 
98 99  -1  5  0 -9 
98 100   1  3  0 -9 
98 101  -1  4  0 -9 
98 102   1  6  0 -9 
99 97   1  7  0 -9 
99 99  -1  6  0 -9 
99 102   1  7  0 -9 
100 93   1  5  0 -9 
100 94  -1  4  0 -9 
100 96  -1  4  0 -9 
100 97   1  5  0 -9 
100 98   1  3  0 -9 
100 99  -1  4  0 -9 
100 101  -1  5  0 -9 
100 103   1  6  0 -9 
101 101  -1  6  0 -9 
101 103   1  7  0 -9 
102 102   1  8  0 -9 
103 103   1  8  0 -9 
104 99  -1  4  0 -9 
104 102   1  5  0 -9 
104 105   1  3  0 -9 
104 106  -1  4  0 -9 
105 97   1  6  0 -9 
105 99  -1  5  0 -9 
105 102   1  6  0 -9 
105 104   1  3  0 -9 
105 106  -1  5  0 -9 
105 107   1  6  0 -9 
106 102   1  7  0 -9 
106 106  -1  6  0 -9 
106 107   1  7  0 -9 
107 107   1  8  0 -9 
108 36  -1  4  0 -9 
108 37   1  5  0 -9 
108 60   1  6  0 -9 
108 63  -1  5  0 -9 
108 64   1  6  0 -9 
108 94  -1  4  0 -9 
108 95   1  5  0 -9 
108 109  -1  5  0 -9 
108 110   1  3  0 -9 
108 111  -1  4  0 -9 
108 112   1  6  0 -9 
109 64   1  7  0 -9 
109 109  -1  6  0 -9 
109 112   1  7  0 -9 
110 12   1  6  0 -9 
110 36  -1  5  0 -9 
110 37   1  6  0 -9 
110 63  -1  4  0 -9 
110 64   1  5  0 -9 
110 93   1  6  0 -9 
110 94  -1  5  0 -9 
110 95   1  6  0 -9 
110 108   1  3  0 -9 
110 109  -1  4  0 -9 
110 111  -1  5  0 -9 
110 113   1  6  0 -9 
111 37   1  7  0 -9 
111 95   1  7  0 -9 
111 111  -1  6  0 -9 
111 113   1  7  0 -9 
112 112   1  8  0 -9 
113 113   1  8  0 -9 
114 12  -1  3  0 -9 
114 21  -1  5 -1  3 -1  1  0 -9 
114 22   1  6  1  4  0 -9 
114 36   1  2  0 -9 
114 37  -1  3  0 -9 
114 38   1  2  0 -9 
114 63  -1  3  0 -9 
114 75  -1  1  0 -9 
114 76  -1  4  0 -9 
114 77   1  2  0 -9 
114 78  -1  3  0 -9 
114 79   1  5  0 -9 
114 81  -1  1  0 -9 
114 82   1  2  0 -9 
114 83  -1  4  0 -9 
114 93   1  5  0 -9 
114 94  -1  4  0 -9 
114 95   1  5  0 -9 
114 108   1  2  0 -9 
114 110  -1  1  0 -9 
114 111  -1  4  1  2  0 -9 
114 112  -1  4  0 -9 
114 113   1  5  0 -9 
114 114   1  0  0 -9 
114 115  -1  1  0 -9 
114 116   1  3  0 -9 
114 117  -1  4  0 -9 
114 118   1  2  0 -9 
114 119   1  5  0 -9 
115 37   1  6  0 -9 
115 38  -1  5  0 -9 
115 95   1  6  0 -9 
115 111  -1  5  0 -9 
115 113   1  6  0 -9 
115 117  -1  5  0 -9 
115 118   1  3  0 -9 
115 119   1  6  0 -9 
116 83   1  7  0 -9 
116 112   1  7  0 -9 
116 116  -1  6  0 -9 
117 113   1  7  0 -9 
117 117  -1  6  0 -9 
117 119   1  7  0 -9 
118 37   1  5  0 -9 
118 38  -1  4  0 -9 
118 111  -1  4  0 -9 
118 113   1  5  0 -9 
118 115   1  3  0 -9 
118 117  -1  4  0 -9 
119 119   1  8  0 -9 
120 12  -1  2  0 -9 
120 21  -1  2 -1  0  0 -9 
120 22   1  3  0 -9 
120 36   1  1  0 -9 
120 37  -1  2  0 -9 
120 38   1  1  0 -9 
120 64  -1  3  0 -9 
120 67  -1  0  0 -9 
120 68   1  1  0 -9 
120 71  -1  0  0 -9 
120 72   1  1  0 -9 
120 73  -1  2  0 -9 
120 75  -1  0  0 -9 
120 76  -1  3  0 -9 
120 77   1  1  0 -9 
120 78  -1  2  0 -9 
120 79   1  4  0 -9 
120 81  -1  0  0 -9 
120 82   1  1  0 -9 
120 83  -1  3  0 -9 
120 85   1 -1  0 -9 
120 86  -1  0  0 -9 
120 87  -1  0  0 -9 
120 88   1  1  0 -9 
120 93   1  4  0 -9 
120 94  -1  3  0 -9 
120 96  -1  3  0 -9 
120 97   1  4  0 -9 
120 98   1  2  0 -9 
120 99  -1  3  0 -9 
120 100   1 -1  0 -9 
120 101  -1  4 -1  0  0 -9 
120 103   1  5  0 -9 
120 105  -1  0  0 -9 
120 106   1  1  0 -9 
120 109   1  2  0 -9 
120 110  -1  0  0 -9 
120 111   1  1  0 -9 
120 112  -1  3  0 -9 
120 114   1 -1  0 -9 
120 115  -1  0  0 -9 
120 116   1  2  0 -9 
120 117  -1  3  0 -9 
120 119   1  4  0 -9 
120 120  -1 -2  0 -9 
120 121   1 -1  0 -9 
120 122   1 -1  0 -9 
120 123  -1  0  0 -9 
120 124  -1  3  0 -9 
120 126   1  2  0 -9 
120 127  -1  3  0 -9 
120 128   1  4  0 -9 
121 101  -1  5  0 -9 
121 103   1  6  0 -9 
121 117  -1  4  0 -9 
121 119   1  5  0 -9 
121 124  -1  4  0 -9 
121 126   1  3  0 -9 
121 127  -1  4  0 -9 
121 128   1  5  0 -9 
122 64  -1  4  0 -9 
122 71  -1  1  0 -9 
122 72   1  2  0 -9 
122 73  -1  3  0 -9 
122 76  -1  4  0 -9 
122 79   1  5  0 -9 
122 87  -1  1  0 -9 
122 88   1  2  0 -9 
122 90  -1  3  0 -9 
122 97   1  5  0 -9 
122 99  -1  4  0 -9 
122 102   1  5  0 -9 
122 104   1  2  0 -9 
122 105  -1  1  0 -9 
122 106  -1  4  1  2  0 -9 
122 107   1  5  0 -9 
122 109   1  3  0 -9 
122 112  -1  4  0 -9 
122 122   1  0  0 -9 
122 123  -1  1  0 -9 
122 124  -1  4  0 -9 
122 125   1  2  0 -9 
122 128   1  5  0 -9 
123 83   1  5  0 -9 
123 90  -1  4  0 -9 
123 102   1  6  0 -9 
123 106  -1  5  0 -9 
123 107   1  6  0 -9 
123 116  -1  4  0 -9 
123 124  -1  5  0 -9 
123 125   1  3  0 -9 
123 128   1  6  0 -9 
124 107   1  7  0 -9 
124 124  -1  6  0 -9 
124 128   1  7  0 -9 
125 83   1  6  0 -9 
125 90  -1  5  0 -9 
125 92   1  6  0 -9 
125 106  -1  4  0 -9 
125 107   1  5  0 -9 
125 112   1  6  0 -9 
125 116  -1  5  0 -9 
125 123   1  3  0 -9 
125 124  -1  4  0 -9 
126 101  -1  4  0 -9 
126 107   1  6  0 -9 
126 113   1  6  0 -9 
126 117  -1  5  0 -9 
126 119   1  6  0 -9 
126 121   1  3  0 -9 
126 124  -1  5  0 -9 
126 127  -1  5  0 -9 
126 128   1  6  0 -9 
127 119   1  7  0 -9 
127 127  -1  6  0 -9 
127 128   1  7  0 -9 
128 128   1  8  0 -9 
129 129   1  8  0 -9 
130 130  -1  6  0 -9 
130 131   1  7  0 -9 
131 131   1  8  0 -9 
132 27  -1  4  0 -9 
132 45  -1  4  0 -9 
132 46   1  5  0 -9 
132 93   1  5  0 -9 
132 94  -1  4  0 -9 
132 95   1  5  0 -9 
132 96  -1  4  0 -9 
132 129  -1  4  0 -9 
132 130  -1  4  0 -9 
132 131   1  5  0 -9 
132 133  -1  5  0 -9 
132 134   1  3  0 -9 
132 135  -1  4  0 -9 
132 136   1  6  0 -9 
133 133  -1  6  0 -9 
133 136   1  7  0 -9 
134 27   1  7  0 -9 
134 45  -1  5  0 -9 
134 46   1  6  0 -9 
134 93   1  6  0 -9 
134 94  -1  5  0 -9 
134 95   1  6  0 -9 
134 96  -1  5  0 -9 
134 97   1  6  0 -9 
134 129   1  7  0 -9 
134 130  -1  5  0 -9 
134 131   1  6  0 -9 
134 132   1  3  0 -9 
134 133  -1  4  0 -9 
134 135  -1  5  0 -9 
134 137   1  6  0 -9 
135 46   1  7  0 -9 
135 95   1  7  0 -9 
135 131   1  7  0 -9 
135 135  -1  6  0 -9 
135 137   1  7  0 -9 
136 136   1  8  0 -9 
137 137   1  8  0 -9 
138 45  -1  4  0 -9 
138 46   1  5  0 -9 
138 130  -1  4  0 -9 
138 131   1  5  0 -9 
138 135  -1  4  0 -9 
138 137   1  5  0 -9 
138 139   1  3  0 -9 
138 141  -1  4  0 -9 
139 45  -1  5  0 -9 
139 46   1  6  0 -9 
139 95   1  6  0 -9 
139 130  -1  5  0 -9 
139 131   1  6  0 -9 
139 135  -1  5  0 -9 
139 137   1  6  0 -9 
139 138   1  3  0 -9 
139 140   1  6  0 -9 
139 141  -1  5  0 -9 
140 140   1  8  0 -9 
141 137   1  7  0 -9 
141 140   1  7  0 -9 
141 141  -1  6  0 -9 
142 27  -1  3  0 -9 
142 45  -1  3  0 -9 
142 46   1  4  0 -9 
142 93   1  4  0 -9 
142 94  -1  3  0 -9 
142 96  -1  3  0 -9 
142 98   1  2  0 -9 
142 99  -1  3  0 -9 
142 100  -1  1  0 -9 
142 101  -1  4  1  2  0 -9 
142 103   1  5  0 -9 
142 104  -1  1  0 -9 
142 105   1  2  0 -9 
142 106  -1  3  0 -9 
142 129  -1  3  0 -9 
142 130  -1  3  0 -9 
142 131   1  4  0 -9 
142 132  -1  1  0 -9 
142 133  -1  4  1  2  0 -9 
142 134   1  2  0 -9 
142 135  -1  3  0 -9 
142 136   1  5  0 -9 
142 138  -1  1  0 -9 
142 139   1  2  0 -9 
142 141  -1  3  0 -9 
142 142   1  0  0 -9 
142 143  -1  1  0 -9 
142 144  -1  1  0 -9 
142 145   1  2  0 -9 
142 146  -1  3  0 -9 
142 147  -1  3  0 -9 
142 148   1  2  0 -9 
142 149   1  4  0 -9 
143 101  -1  5  0 -9 
143 103   1  6  0 -9 
143 140   1  5  0 -9 
143 141  -1  4  0 -9 
143 146  -1  4  0 -9 
143 147  -1  4  0 -9 
143 148   1  3  0 -9 
143 149   1  5  0 -9 
144 106  -1  4  0 -9 
144 107   1  5  0 -9 
144 133  -1  5  0 -9 
144 136   1  6  0 -9 
144 145   1  3  0 -9 
144 146  -1  4  0 -9 
144 147  -1  4  0 -9 
144 149   1  5  0 -9 
145 102   1  6  0 -9 
145 106  -1  5  0 -9 
145 107   1  6  0 -9 
145 133  -1  4  0 -9 
145 140   1  6  0 -9 
145 144   1  3  0 -9 
145 146  -1  5  0 -9 
145 147  -1  5  0 -9 
145 149   1  6  0 -9 
146 107   1  7  0 -9 
146 146  -1  6  0 -9 
146 149   1  7  0 -9 
147 140   1  7  0 -9 
147 147  -1  6  0 -9 
147 149   1  7  0 -9 
148 101  -1  4  0 -9 
148 107   1  6  0 -9 
148 137   1  6  0 -9 
148 140   1  6  0 -9 
148 141  -1  5  0 -9 
148 143   1  3  0 -9 
148 146  -1  5  0 -9 
148 147  -1  5  0 -9 
148 149   1  6  0 -9 
149 149   1  8  0 -9 
150 129   1  7  0 -9 
150 150  -1  6  0 -9 
150 151   1  7  0 -9 
151 151   1  8  0 -9 
152 151   1  7  0 -9 
152 152  -1  6  0 -9 
153 51  -1  4  0 -9 
153 52   1  5  0 -9 
153 150  -1  4  0 -9 
153 151   1  5  0 -9 
153 154  -1  5  0 -9 
153 155   1  3  0 -9 
153 156  -1  4  0 -9 
153 157   1  6  0 -9 
154 154  -1  6  0 -9 
154 157   1  7  0 -9 
155 51  -1  5  0 -9 
155 52   1  6  0 -9 
155 129   1  6  0 -9 
155 150  -1  5  0 -9 
155 151   1  6  0 -9 
155 153   1  3  0 -9 
155 154  -1  4  0 -9 
155 156  -1  5  0 -9 
155 158   1  6  0 -9 
156 52   1  7  0 -9 
156 151   1  7  0 -9 
156 156  -1  6  0 -9 
156 158   1  7  0 -9 
157 157   1  8  0 -9 
158 158   1  8  0 -9 
159 27  -1  3  0 -9 
159 28   1  2  0 -9 
159 29  -1  3  0 -9 
159 30   1  2  0 -9 
159 32  -1  1  0 -9 
159 33  -1  4  1  2  0 -9 
159 34  -1  4  0 -9 
159 35   1  5  0 -9 
159 45  -1  5 -1  3 -1  1  0 -9 
159 46   1  6  1  4  0 -9 
159 51   1  2  0 -9 
159 52  -1  3  0 -9 
159 53   1  2  0 -9 
159 93   1  6  1  4  0 -9 
159 94  -1  5 -1  3 -1  1  0 -9 
159 95   1  6  1  2  0 -9 
159 96  -1  3  0 -9 
159 98   1  2  0 -9 
159 100  -1  1  0 -9 
159 101  -1  4  1  2  0 -9 
159 102  -1  4  0 -9 
159 103   1  5  0 -9 
159 129  -1  3  0 -9 
159 130  -1  5 -1  3 -1  1  0 -9 
159 131   1  6  1  4  0 -9 
159 132  -1  1  0 -9 
159 133  -1  4  0 -9 
159 134   1  2  0 -9 
159 135  -1  3  0 -9 
159 136   1  5  0 -9 
159 138  -1  1  0 -9 
159 139   1  2  0 -9 
159 140  -1  4  0 -9 
159 150   1  2  0 -9 
159 151  -1  3  0 -9 
159 152   1  2  0 -9 
159 153   1  2  0 -9 
159 155  -1  1  0 -9 
159 156  -1  4  1  2  0 -9 
159 157  -1  4  0 -9 
159 158   1  5  0 -9 
159 159   1  0  0 -9 
159 160  -1  1  0 -9 
159 161   1  3  0 -9 
159 162  -1  4  0 -9 
159 163   1  2  0 -9 
159 164   1  5  0 -9 
160 29   1  6  0 -9 
160 33  -1  5  0 -9 
160 35   1  6  0 -9 
160 52   1  6  0 -9 
160 53  -1  5  0 -9 
160 95   1  7  0 -9 
160 101  -1  5  0 -9 
160 103   1  6  0 -9 
160 151   1  6  0 -9 
160 152  -1  5  0 -9 
160 156  -1  5  0 -9 
160 158   1  6  0 -9 
160 162  -1  5  0 -9 
160 163   1  3  0 -9 
160 164   1  6  0 -9 
161 34   1  7  0 -9 
161 102   1  7  0 -9 
161 140   1  7  0 -9 
161 157   1  7  0 -9 
161 161  -1  6  0 -9 
162 35   1  7  0 -9 
162 103   1  7  0 -9 
162 158   1  7  0 -9 
162 162  -1  6  0 -9 
162 164   1  7  0 -9 
163 29   1  5  0 -9 
163 33  -1  4  0 -9 
163 35   1  5  0 -9 
163 52   1  5  0 -9 
163 53  -1  4  0 -9 
163 95  -1  4  0 -9 
163 101  -1  4  0 -9 
163 103   1  5  0 -9 
163 151   1  5  0 -9 
163 152  -1  4  0 -9 
163 156  -1  4  0 -9 
163 158   1  5  0 -9 
163 160   1  3  0 -9 
163 162  -1  4  0 -9 
164 164   1  8  0 -9 
165 27  -1  2  0 -9 
165 28   1  1  0 -9 
165 29  -1  2  0 -9 
165 31   1  2  0 -9 
165 32  -1  0  0 -9 
165 33   1  1  0 -9 
165 34  -1  3  0 -9 
165 45  -1  2 -1  0  0 -9 
165 46   1  3  0 -9 
165 51   1  1  0 -9 
165 52  -1  2  0 -9 
165 53   1  1  0 -9 
165 93   1  3  0 -9 
165 94  -1  2 -1  0  0 -9 
165 95   1  1  0 -9 
165 96  -1  2  0 -9 
165 98   1  1  0 -9 
165 100  -1  0  0 -9 
165 101  -1  3  1  1  0 -9 
165 102  -1  3  0 -9 
165 103   1  4  0 -9 
165 104  -1  0  0 -9 
165 107  -1  3  0 -9 
165 129  -1  2  0 -9 
165 130  -1  2 -1  0  0 -9 
165 131   1  3  0 -9 
165 132  -1  0  0 -9 
165 133  -1  3  0 -9 
165 134   1  1  0 -9 
165 135  -1  2  0 -9 
165 136   1  4  0 -9 
165 138  -1  0  0 -9 
165 139   1  1  0 -9 
165 140  -1  3  0 -9 
165 142   1 -1  0 -9 
165 143  -1  0  0 -9 
165 144  -1  0  0 -9 
165 145   1  1  0 -9 
165 150   1  1  0 -9 
165 151  -1  2  0 -9 
165 152   1  1  0 -9 
165 154   1  2  0 -9 
165 155  -1  0  0 -9 
165 156   1  1  0 -9 
165 157  -1  3  0 -9 
165 159   1 -1  0 -9 
165 160  -1  0  0 -9 
165 161   1  2  0 -9 
165 162  -1  3  0 -9 
165 164   1  4  0 -9 
165 165  -1 -2  0 -9 
165 166   1 -1  0 -9 
165 167   1 -1  0 -9 
165 168  -1  0  0 -9 
165 169  -1  3  0 -9 
165 171   1  2  0 -9 
165 172  -1  3  0 -9 
165 173   1  4  0 -9 
166 101  -1  4  0 -9 
166 103   1  5  0 -9 
166 107  -1  4  0 -9 
166 162  -1  4  0 -9 
166 164   1  5  0 -9 
166 169  -1  4  0 -9 
166 171   1  3  0 -9 
166 172  -1  4  0 -9 
166 173   1  5  0 -9 
167 31   1  3  0 -9 
167 34  -1  4  0 -9 
167 106  -1  3  0 -9 
167 133  -1  4  0 -9 
167 136   1  5  0 -9 
167 144  -1  1  0 -9 
167 145   1  2  0 -9 
167 147  -1  3  0 -9 
167 154   1  3  0 -9 
167 157  -1  4  0 -9 
167 167   1  0  0 -9 
167 168  -1  1  0 -9 
167 169  -1  4  0 -9 
167 170   1  2  0 -9 
167 173   1  5  0 -9 
168 102   1  5  0 -9 
168 106  -1  4  0 -9 
168 140   1  5  0 -9 
168 147  -1  4  0 -9 
168 161  -1  4  0 -9 
168 169  -1  5  0 -9 
168 170   1  3  0 -9 
168 173   1  6  0 -9 
169 169  -1  6  0 -9 
169 173   1  7  0 -9 
170 34   1  6  0 -9 
170 102   1  6  0 -9 
170 106  -1  5  0 -9 
170 107   1  6  0 -9 
170 140   1  6  0 -9 
170 147  -1  5  0 -9 
170 149   1  6  0 -9 
170 157   1  6  0 -9 
170 161  -1  5  0 -9 
170 168   1  3  0 -9 
170 169  -1  4  0 -9 
171 35   1  6  0 -9 
171 101  -1  5  0 -9 
171 103   1  6  0 -9 
171 107   1  7  0 -9 
171 158   1  6  0 -9 
171 162  -1  5  0 -9 
171 164   1  6  0 -9 
171 166   1  3  0 -9 
171 169  -1  5  0 -9 
171 172  -1  5  0 -9 
171 173   1  6  0 -9 
172 164   1  7  0 -9 
172 172  -1  6  0 -9 
172 173   1  7  0 -9 
173 173   1  8  0 -9 
174 51  -1  4  0 -9 
174 52   1  5  0 -9 
174 130  -1  5  0 -9 
174 131   1  6  0 -9 
174 156  -1  4  0 -9 
174 158   1  5  0 -9 
174 175   1  3  0 -9 
174 177  -1  4  0 -9 
175 51  -1  5  0 -9 
175 52   1  6  0 -9 
175 130  -1  4  0 -9 
175 151   1  6  0 -9 
175 156  -1  5  0 -9 
175 158   1  6  0 -9 
175 174   1  3  0 -9 
175 176   1  6  0 -9 
175 177  -1  5  0 -9 
176 176   1  8  0 -9 
177 158   1  7  0 -9 
177 176   1  7  0 -9 
177 177  -1  6  0 -9 
178 130  -1  4  0 -9 
178 131   1  5  0 -9 
178 156  -1  3  0 -9 
178 174  -1  1  0 -9 
178 175   1  2  0 -9 
178 176  -1  4  0 -9 
178 178   1  0  0 -9 
178 179  -1  1  0 -9 
178 180   1  3  0 -9 
178 181  -1  4  0 -9 
178 182   1  2  0 -9 
178 183   1  5  0 -9 
179 151   1  5  0 -9 
179 152  -1  4  0 -9 
179 156  -1  4  0 -9 
179 181  -1  5  0 -9 
179 182   1  3  0 -9 
179 183   1  6  0 -9 
180 176   1  7  0 -9 
180 180  -1  6  0 -9 
181 181  -1  6  0 -9 
181 183   1  7  0 -9 
182 52   1  6  0 -9 
182 151   1  6  0 -9 
182 152  -1  5  0 -9 
182 156  -1  5  0 -9 
182 158   1  6  0 -9 
182 179   1  3  0 -9 
182 181  -1  4  0 -9 
183 183   1  8  0 -9 
184 35  -1  3  0 -9 
184 45  -1  3  0 -9 
184 46   1  4  0 -9 
184 47  -1  0  0 -9 
184 49  -1  3  0 -9 
184 50   1  2  0 -9 
184 51   1  2  0 -9 
184 52  -1  3  0 -9 
184 54   1 -1  0 -9 
184 55  -1  0  0 -9 
184 56   1  2  0 -9 
184 57  -1  3  0 -9 
184 58   1  1  0 -9 
184 59   1  4  0 -9 
184 107  -1  2  0 -9 
184 130  -1  3  0 -9 
184 131   1  4  0 -9 
184 135  -1  3  0 -9 
184 137   1  4  0 -9 
184 138   1 -1  0 -9 
184 139   1  2  0 -9 
184 141  -1  3  0 -9 
184 146   1  1  0 -9 
184 147   1  1  0 -9 
184 148  -1  0  0 -9 
184 149  -1  2  0 -9 
184 158  -1  3  0 -9 
184 163  -1  0  0 -9 
184 166  -1  0  0 -9 
184 169  -1  2 -1  0  0 -9 
184 171   1  1  0 -9 
184 172  -1  2  0 -9 
184 173   1  3  0 -9 
184 174  -1  0  0 -9 
184 176  -1  3  0 -9 
184 177   1  2  0 -9 
184 178   1 -1  0 -9 
184 179  -1  0  0 -9 
184 180   1  2  0 -9 
184 181  -1  3  0 -9 
184 182   1  1  0 -9 
184 183   1  4  0 -9 
184 184  -1 -2  0 -9 
184 185  -1  0  0 -9 
184 186   1 -1  0 -9 
184 187   1  1  0 -9 
184 188   1 -1  0 -9 
184 190  -1  0  0 -9 
184 191   1  1  0 -9 
184 192  -1  2  0 -9 
185 56  -1  4  0 -9 
185 140   1  6  0 -9 
185 147  -1  5  0 -9 
185 149   1  6  0 -9 
185 180  -1  4  0 -9 
185 187  -1  5  0 -9 
185 189   1  3  0 -9 
185 192   1  6  0 -9 
186 35  -1  4  0 -9 
186 49  -1  4  0 -9 
186 50   1  3  0 -9 
186 57  -1  4  0 -9 
186 59   1  5  0 -9 
186 101  -1  3  0 -9 
186 107  -1  3  0 -9 
186 137   1  5  0 -9 
186 140   1  5  0 -9 
186 141  -1  4  0 -9 
186 143   1  2  0 -9 
186 146   1  2  0 -9 
186 147  -1  4  1  2  0 -9 
186 148  -1  1  0 -9 
186 149  -1  3  0 -9 
186 158  -1  4  0 -9 
186 166  -1  1  0 -9 
186 169  -1  5 -1  3 -1  1  0 -9 
186 171   1  2  0 -9 
186 172  -1  3  0 -9 
186 173   1  6  1  4  0 -9 
186 176  -1  4  0 -9 
186 177   1  3  0 -9 
186 181  -1  4  0 -9 
186 183   1  5  0 -9 
186 185  -1  1  0 -9 
186 186   1  0  0 -9 
186 187   1  2  0 -9 
186 189   1  2  0 -9 
186 190  -1  1  0 -9 
186 191   1  2  0 -9 
186 192  -1  3  0 -9 
187 149   1  7  0 -9 
187 187  -1  6  0 -9 
187 192   1  7  0 -9 
188 29   1  4  0 -9 
188 33  -1  3  0 -9 
188 53  -1  3  0 -9 
188 55  -1  1  0 -9 
188 57  -1  4  1  2  0 -9 
188 58   1  2  0 -9 
188 59   1  5  0 -9 
188 95  -1  3  0 -9 
188 101  -1  3  0 -9 
188 103   1  4  0 -9 
188 107  -1  3  0 -9 
188 151   1  4  0 -9 
188 152  -1  3  0 -9 
188 156  -1  3  0 -9 
188 160   1  2  0 -9 
188 162  -1  3  0 -9 
188 163  -1  1  0 -9 
188 166  -1  1  0 -9 
188 169  -1  3  0 -9 
188 171   1  2  0 -9 
188 172  -1  3  0 -9 
188 173   1  4  0 -9 
188 179  -1  1  0 -9 
188 181  -1  4  1  2  0 -9 
188 182   1  2  0 -9 
188 183   1  5  0 -9 
188 188   1  0  0 -9 
188 190  -1  1  0 -9 
188 191   1  2  0 -9 
188 192  -1  3  0 -9 
189 49   1  6  0 -9 
189 56  -1  5  0 -9 
189 147  -1  4  0 -9 
189 149   1  5  0 -9 
189 176   1  6  0 -9 
189 180  -1  5  0 -9 
189 185   1  3  0 -9 
189 187  -1  4  0 -9 
190 57  -1  5  0 -9 
190 59   1  6  0 -9 
190 169  -1  4  0 -9 
190 172  -1  4  0 -9 
190 173   1  5  0 -9 
190 181  -1  5  0 -9 
190 183   1  6  0 -9 
190 191   1  3  0 -9 
190 192  -1  4  0 -9 
191 57  -1  4  0 -9 
191 164   1  6  0 -9 
191 169  -1  5  0 -9 
191 172  -1  5  0 -9 
191 173   1  6  0 -9 
191 181  -1  4  0 -9 
191 190   1  3  0 -9 
191 192   1  7  0 -9 
192 192   1  8  0 -9 
193 129   1  7  0 -9 
193 193  -1  6  0 -9 
193 194   1  7  0 -9 
194 194   1  8  0 -9 
195 130  -1  5  0 -9 
195 131   1  6  0 -9 
195 193  -1  4  0 -9 
195 196  -1  5  0 -9 
195 197   1  3  0 -9 
195 198  -1  4  0 -9 
195 199   1  6  0 -9 
196 196  -1  6  0 -9 
196 199   1  7  0 -9 
197 129   1  6  0 -9 
197 130  -1  4  0 -9 
197 193  -1  5  0 -9 
197 194   1  6  0 -9 
197 195   1  3  0 -9 
197 196  -1  4  0 -9 
197 198  -1  5  0 -9 
197 200   1  6  0 -9 
198 198  -1  6  0 -9 
198 200   1  7  0 -9 
199 199   1  8  0 -9 
200 200   1  8  0 -9 
201 198  -1  4  0 -9 
201 200   1  5  0 -9 
201 202   1  3  0 -9 
201 204  -1  4  0 -9 
202 198  -1  5  0 -9 
202 200   1  6  0 -9 
202 201   1  3  0 -9 
202 203   1  6  0 -9 
202 204  -1  5  0 -9 
203 203   1  8  0 -9 
204 200   1  7  0 -9 
204 203   1  7  0 -9 
204 204  -1  6  0 -9 
205 194  -1  4  0 -9 
205 196  -1  4  0 -9 
205 199   1  5  0 -9 
205 206   1  3  0 -9 
205 207  -1  4  0 -9 
206 194   1  7  0 -9 
206 196  -1  5  0 -9 
206 199   1  6  0 -9 
206 205   1  3  0 -9 
206 207  -1  5  0 -9 
206 208   1  6  0 -9 
207 199   1  7  0 -9 
207 207  -1  6  0 -9 
207 208   1  7  0 -9 
208 208   1  8  0 -9 
209 194  -1  3  0 -9 
209 196  -1  3  0 -9 
209 199   1  4  0 -9 
209 203  -1  3  0 -9 
209 205  -1  1  0 -9 
209 206   1  2  0 -9 
209 207  -1  3  0 -9 
209 209   1  0  0 -9 
209 210  -1  1  0 -9 
209 211  -1  1  0 -9 
209 212   1  2  0 -9 
209 213  -1  3  0 -9 
209 214  -1  3  0 -9 
209 215   1  2  0 -9 
209 216   1  4  0 -9 
210 213  -1  4  0 -9 
210 214  -1  4  0 -9 
210 215   1  3  0 -9 
210 216   1  5  0 -9 
211 196  -1  4  0 -9 
211 199   1  5  0 -9 
211 203  -1  4  0 -9 
211 207  -1  4  0 -9 
211 208   1  5  0 -9 
211 212   1  3  0 -9 
211 213  -1  4  0 -9 
211 214  -1  4  0 -9 
211 216   1  5  0 -9 
212 196  -1  5  0 -9 
212 199   1  6  0 -9 
212 203   1  7  0 -9 
212 207  -1  5  0 -9 
212 208   1  6  0 -9 
212 211   1  3  0 -9 
212 213  -1  5  0 -9 
212 214  -1  5  0 -9 
212 216   1  6  0 -9 
213 208   1  7  0 -9 
213 213  -1  6  0 -9 
213 216   1  7  0 -9 
214 214  -1  6  0 -9 
214 216   1  7  0 -9 
215 208   1  6  0 -9 
215 210   1  3  0 -9 
215 213  -1  5  0 -9 
215 214  -1  5  0 -9 
215 216   1  6  0 -9 
216 216   1  8  0 -9 
217 129   1  6  0 -9 
217 150  -1  5  0 -9 
217 151   1  6  0 -9 
217 193  -1  5  0 -9 
217 194   1  6  0 -9 
217 218  -1  5  0 -9 
217 219   1  3  0 -9 
217 220  -1  4  0 -9 
217 221   1  6  0 -9 
218 194   1  7  0 -9 
218 218  -1  6  0 -9 
218 221   1  7  0 -9 
219 129   1  5  0 -9 
219 150  -1  4  0 -9 
219 193  -1  4  0 -9 
219 194   1  5  0 -9 
219 217   1  3  0 -9 
219 218  -1  4  0 -9 
219 220  -1  5  0 -9 
219 222   1  6  0 -9 
220 220  -1  6  0 -9 
220 222   1  7  0 -9 
221 221   1  8  0 -9 
222 222   1  8  0 -9 
223 130  -1  4  0 -9 
223 131   1  5  0 -9 
223 151  -1  4  0 -9 
223 152   1  3  0 -9 
223 193  -1  3  0 -9 
223 195  -1  1  0 -9 
223 196  -1  4  0 -9 
223 197   1  2  0 -9 
223 198  -1  3  0 -9 
223 199   1  5  0 -9 
223 201  -1  1  0 -9 
223 202   1  2  0 -9 
223 203  -1  4  0 -9 
223 217   1  2  0 -9 
223 219  -1  1  0 -9 
223 220  -1  4  1  2  0 -9 
223 221  -1  4  0 -9 
223 222   1  5  0 -9 
223 223   1  0  0 -9 
223 224  -1  1  0 -9 
223 225   1  3  0 -9 
223 226  -1  4  0 -9 
223 227   1  2  0 -9 
223 228   1  5  0 -9 
224 220  -1  5  0 -9 
224 222   1  6  0 -9 
224 226  -1  5  0 -9 
224 227   1  3  0 -9 
224 228   1  6  0 -9 
225 203   1  7  0 -9 
225 221   1  7  0 -9 
225 225  -1  6  0 -9 
226 222   1  7  0 -9 
226 226  -1  6  0 -9 
226 228   1  7  0 -9 
227 220  -1  4  0 -9 
227 222   1  5  0 -9 
227 224   1  3  0 -9 
227 226  -1  4  0 -9 
228 228   1  8  0 -9 
229 218  -1  4  0 -9 
229 221   1  5  0 -9 
229 230   1  3  0 -9 
229 231  -1  4  0 -9 
230 194   1  6  0 -9 
230 218  -1  5  0 -9 
230 221   1  6  0 -9 
230 229   1  3  0 -9 
230 231  -1  5  0 -9 
230 232   1  6  0 -9 
231 221   1  7  0 -9 
231 231  -1  6  0 -9 
231 232   1  7  0 -9 
232 232   1  8  0 -9 
233 194  -1  2  0 -9 
233 196  -1  2 -1  0  0 -9 
233 199   1  3  0 -9 
233 203  -1  2  0 -9 
233 205  -1  0  0 -9 
233 206   1  1  0 -9 
233 207  -1  2  0 -9 
233 209   1 -1  0 -9 
233 210  -1  0  0 -9 
233 211  -1  0  0 -9 
233 212   1  1  0 -9 
233 218   1  1  0 -9 
233 221  -1  2  0 -9 
233 225   1  1  0 -9 
233 230  -1  0  0 -9 
233 231   1  1  0 -9 
233 233  -1 -2  0 -9 
233 234   1 -1  0 -9 
233 235   1 -1  0 -9 
233 236  -1  0  0 -9 
233 237  -1  3  0 -9 
233 239   1  2  0 -9 
233 240  -1  3  0 -9 
233 241   1  4  0 -9 
234 237  -1  4  0 -9 
234 239   1  3  0 -9 
234 240  -1  4  0 -9 
234 241   1  5  0 -9 
235 194  -1  3  0 -9 
235 196  -1  5 -1  3 -1  1  0 -9 
235 199   1  6  1  4  0 -9 
235 203  -1  3  0 -9 
235 205  -1  1  0 -9 
235 206   1  2  0 -9 
235 207  -1  3  0 -9 
235 211  -1  1  0 -9 
235 212   1  2  0 -9 
235 214  -1  3  0 -9 
235 218   1  2  0 -9 
235 221  -1  3  0 -9 
235 225   1  2  0 -9 
235 229   1  2  0 -9 
235 230  -1  1  0 -9 
235 231  -1  4  1  2  0 -9 
235 232   1  5  0 -9 
235 235   1  0  0 -9 
235 236  -1  1  0 -9 
235 237  -1  4  0 -9 
235 238   1  2  0 -9 
235 241   1  5  0 -9 
236 203   1  6  0 -9 
236 214  -1  4  0 -9 
236 221   1  6  0 -9 
236 225  -1  5  0 -9 
236 231  -1  5  0 -9 
236 232   1  6  0 -9 
236 237  -1  5  0 -9 
236 238   1  3  0 -9 
236 241   1  6  0 -9 
237 232   1  7  0 -9 
237 237  -1  6  0 -9 
237 241   1  7  0 -9 
238 214  -1  5  0 -9 
238 216   1  6  0 -9 
238 221   1  5  0 -9 
238 225  -1  4  0 -9 
238 231  -1  4  0 -9 
238 232   1  5  0 -9 
238 236   1  3  0 -9 
238 237  -1  4  0 -9 
239 232   1  6  0 -9 
239 234   1  3  0 -9 
239 237  -1  5  0 -9 
239 240  -1  5  0 -9 
239 241   1  6  0 -9 
240 240  -1  6  0 -9 
240 241   1  7  0 -9 
241 241   1  8  0 -9 
242 51  -1  3  0 -9 
242 52   1  4  0 -9 
242 130  -1  4  1  2  0 -9 
242 131   1  5  0 -9 
242 150  -1  3  0 -9 
242 153  -1  1  0 -9 
242 154  -1  4  1  2  0 -9 
242 155   1  2  0 -9 
242 156  -1  3  0 -9 
242 157   1  5  0 -9 
242 174  -1  1  0 -9 
242 175   1  2  0 -9 
242 177  -1  3  0 -9 
242 193  -1  3  0 -9 
242 195  -1  1  0 -9 
242 196  -1  4  1  2  0 -9 
242 197   1  2  0 -9 
242 198  -1  3  0 -9 
242 199   1  5  0 -9 
242 201  -1  1  0 -9 
242 202   1  2  0 -9 
242 204  -1  3  0 -9 
242 217   1  2  0 -9 
242 218  -1  3  0 -9 
242 219  -1  1  0 -9 
242 220  -1  4  1  2  0 -9 
242 222   1  5  0 -9 
242 229  -1  1  0 -9 
242 230   1  2  0 -9 
242 231  -1  3  0 -9 
242 242   1  0  0 -9 
242 243  -1  1  0 -9 
242 244  -1  1  0 -9 
242 245   1  2  0 -9 
242 246  -1  3  0 -9 
242 247  -1  3  0 -9 
242 248   1  2  0 -9 
242 249   1  4  0 -9 
243 176   1  5  0 -9 
243 177  -1  4  0 -9 
243 203   1  5  0 -9 
243 204  -1  4  0 -9 
243 220  -1  5  0 -9 
243 222   1  6  0 -9 
243 246  -1  4  0 -9 
243 247  -1  4  0 -9 
243 248   1  3  0 -9 
243 249   1  5  0 -9 
244 154  -1  5  0 -9 
244 157   1  6  0 -9 
244 196  -1  5  0 -9 
244 199   1  6  0 -9 
244 231  -1  4  0 -9 
244 232   1  5  0 -9 
244 245   1  3  0 -9 
244 246  -1  4  0 -9 
244 247  -1  4  0 -9 
244 249   1  5  0 -9 
245 154  -1  4  0 -9 
245 176   1  6  0 -9 
245 196  -1  4  0 -9 
245 203   1  6  0 -9 
245 221   1  6  0 -9 
245 231  -1  5  0 -9 
245 232   1  6  0 -9 
245 244   1  3  0 -9 
245 246  -1  5  0 -9 
245 247  -1  5  0 -9 
245 249   1  6  0 -9 
246 232   1  7  0 -9 
246 246  -1  6  0 -9 
246 249   1  7  0 -9 
247 176   1  7  0 -9 
247 203   1  7  0 -9 
247 247  -1  6  0 -9 
247 249   1  7  0 -9 
248 158   1  6  0 -9 
248 176   1  6  0 -9 
248 177  -1  5  0 -9 
248 200   1  6  0 -9 
248 203   1  6  0 -9 
248 204  -1  5  0 -9 
248 220  -1  4  0 -9 
248 232   1  6  0 -9 
248 243   1  3  0 -9 
248 246  -1  5  0 -9 
248 247  -1  5  0 -9 
248 249   1  6  0 -9 
249 249   1  8  0 -9 
250 130  -1  3  0 -9 
250 131   1  4  0 -9 
250 151  -1  3  0 -9 
250 152   1  2  0 -9 
250 153  -1  0  0 -9 
250 154   1  1  0 -9 
250 158  -1  3  0 -9 
250 174  -1  0  0 -9 
250 175   1  1  0 -9 
250 176  -1  3  0 -9 
250 178   1 -1  0 -9 
250 179  -1  0  0 -9 
250 180   1  2  0 -9 
250 181  -1  3  0 -9 
250 183   1  4  0 -9 
250 193  -1  2  0 -9 
250 195  -1  0  0 -9 
250 196  -1  3  0 -9 
250 197   1  1  0 -9 
250 198  -1  2  0 -9 
250 199   1  4  0 -9 
250 201  -1  0  0 -9 
250 202   1  1  0 -9 
250 203  -1  3  0 -9 
250 217   1  1  0 -9 
250 219  -1  0  0 -9 
250 220  -1  3  1  1  0 -9 
250 221  -1  3  0 -9 
250 222   1  4  0 -9 
250 223   1 -1  0 -9 
250 224  -1  0  0 -9 
250 225   1  2  0 -9 
250 226  -1  3  0 -9 
250 228   1  4  0 -9 
250 229  -1  0  0 -9 
250 232  -1  3  0 -9 
250 242   1 -1  0 -9 
250 243  -1  0  0 -9 
250 244  -1  0  0 -9 
250 245   1  1  0 -9 
250 250  -1 -2  0 -9 
250 251   1 -1  0 -9 
250 252   1 -1  0 -9 
250 253  -1  0  0 -9 
250 254  -1  3  0 -9 
250 256   1  2  0 -9 
250 257  -1  3  0 -9 
250 258   1  4  0 -9 
251 158  -1  4  0 -9 
251 181  -1  4  0 -9 
251 183   1  5  0 -9 
251 220  -1  4  0 -9 
251 222   1  5  0 -9 
251 226  -1  4  0 -9 
251 228   1  5  0 -9 
251 232  -1  4  0 -9 
251 254  -1  4  0 -9 
251 256   1  3  0 -9 
251 257  -1  4  0 -9 
251 258   1  5  0 -9 
252 154   1  2  0 -9 
252 157  -1  3  0 -9 
252 196  -1  4  0 -9 
252 199   1  5  0 -9 
252 231  -1  3  0 -9 
252 244  -1  1  0 -9 
252 245   1  2  0 -9 
252 247  -1  3  0 -9 
252 252   1  0  0 -9 
252 253  -1  1  0 -9 
252 254  -1  4  0 -9 
252 255   1  2  0 -9 
252 258   1  5  0 -9 
253 157  -1  4  0 -9 
253 176   1  5  0 -9 
253 180  -1  4  0 -9 
253 203   1  5  0 -9 
253 221   1  5  0 -9 
253 225  -1  4  0 -9 
253 231  -1  4  0 -9 
253 247  -1  4  0 -9 
253 254  -1  5  0 -9 
253 255   1  3  0 -9 
253 258   1  6  0 -9 
254 254  -1  6  0 -9 
254 258   1  7  0 -9 
255 157   1  7  0 -9 
255 176   1  6  0 -9 
255 180  -1  5  0 -9 
255 203   1  6  0 -9 
255 221   1  6  0 -9 
255 225  -1  5  0 -9 
255 231  -1  5  0 -9 
255 232   1  6  0 -9 
255 247  -1  5  0 -9 
255 249   1  6  0 -9 
255 253   1  3  0 -9 
255 254  -1  4  0 -9 
256 158   1  7  0 -9 
256 181  -1  5  0 -9 
256 183   1  6  0 -9 
256 220  -1  5  0 -9 
256 222   1  6  0 -9 
256 226  -1  5  0 -9 
256 228   1  6  0 -9 
256 232   1  7  0 -9 
256 251   1  3  0 -9 
256 254  -1  5  0 -9 
256 257  -1  5  0 -9 
256 258   1  6  0 -9 
257 183   1  7  0 -9 
257 228   1  7  0 -9 
257 257  -1  6  0 -9 
257 258   1  7  0 -9 
258 258   1  8  0 -9 
259 158  -1  2  0 -9 
259 176  -1  2  0 -9 
259 177   1  1  0 -9 
259 180   1  1  0 -9 
259 181  -1  2 -1  0  0 -9 
259 183   1  3  0 -9 
259 198  -1  3  0 -9 
259 200   1  4  0 -9 
259 201   1 -1  0 -9 
259 202   1  2  0 -9 
259 204  -1  3  0 -9 
259 227  -1  0  0 -9 
259 232  -1  2  0 -9 
259 246   1  1  0 -9 
259 247   1  1  0 -9 
259 248  -1  0  0 -9 
259 249  -1  2  0 -9 
259 251  -1  0  0 -9 
259 254  -1  2 -1  0  0 -9 
259 256   1  1  0 -9 
259 257  -1  2  0 -9 
259 258   1  3  0 -9 
259 259  -1 -2  0 -9 
259 260  -1  0  0 -9 
259 261   1 -1  0 -9 
259 262   1  1  0 -9 
259 263   1 -1  0 -9 
259 265  -1  0  0 -9 
259 266   1  1  0 -9 
259 267  -1  2  0 -9 
260 176   1  6  0 -9 
260 180  -1  5  0 -9 
260 203   1  6  0 -9 
260 247  -1  5  0 -9 
260 249   1  6  0 -9 
260 262  -1  5  0 -9 
260 264   1  3  0 -9 
260 267   1  6  0 -9 
261 158  -1  3  0 -9 
261 176  -1  3  0 -9 
261 177   1  2  0 -9 
261 180   1  2  0 -9 
261 181  -1  5 -1  3 -1  1  0 -9 
261 183   1  6  1  4  0 -9 
261 200   1  5  0 -9 
261 203   1  5  0 -9 
261 204  -1  4  0 -9 
261 220  -1  3  0 -9 
261 232  -1  3  0 -9 
261 243   1  2  0 -9 
261 246   1  2  0 -9 
261 247  -1  4  1  2  0 -9 
261 248  -1  1  0 -9 
261 249  -1  3  0 -9 
261 251  -1  1  0 -9 
261 254  -1  5 -1  3 -1  1  0 -9 
261 256   1  2  0 -9 
261 257  -1  3  0 -9 
261 258   1  6  1  4  0 -9 
261 260  -1  1  0 -9 
261 261   1  0  0 -9 
261 262   1  2  0 -9 
261 264   1  2  0 -9 
261 265  -1  1  0 -9 
261 266   1  2  0 -9 
261 267  -1  3  0 -9 
262 249   1  7  0 -9 
262 262  -1  6  0 -9 
262 267   1  7  0 -9 
263 158  -1  3  0 -9 
263 181  -1  3  0 -9 
263 183   1  4  0 -9 
263 220  -1  3  0 -9 
263 222   1  4  0 -9 
263 224   1  2  0 -9 
263 226  -1  3  0 -9 
263 227  -1  1  0 -9 
263 232  -1  3  0 -9 
263 251  -1  1  0 -9 
263 254  -1  3  0 -9 
263 256   1  2  0 -9 
263 257  -1  3  0 -9 
263 258   1  4  0 -9 
263 263   1  0  0 -9 
263 265  -1  1  0 -9 
263 266   1  2  0 -9 
263 267  -1  3  0 -9 
264 176   1  5  0 -9 
264 180  -1  4  0 -9 
264 247  -1  4  0 -9 
264 249   1  5  0 -9 
264 260   1  3  0 -9 
264 262  -1  4  0 -9 
265 181  -1  4  0 -9 
265 183   1  5  0 -9 
265 254  -1  4  0 -9 
265 257  -1  4  0 -9 
265 258   1  5  0 -9 
265 266   1  3  0 -9 
265 267  -1  4  0 -9 
266 181  -1  5  0 -9 
266 183   1  6  0 -9 
266 228   1  6  0 -9 
266 254  -1  5  0 -9 
266 257  -1  5  0 -9 
266 258   1  6  0 -9 
266 265   1  3  0 -9 
266 267   1  7  0 -9 
267 267   1  8  0 -9 
268 154   1  1  0 -9 
268 157  -1  2  0 -9 
268 196  -1  3  0 -9 
268 199   1  4  0 -9 
268 203  -1  3  0 -9 
268 207  -1  3  0 -9 
268 208   1  4  0 -9 
268 211   1 -1  0 -9 
268 212   1  2  0 -9 
268 213  -1  3  0 -9 
268 214  -1  3  1  1  0 -9 
268 215  -1  0  0 -9 
268 216   1  4  0 -9 
268 232  -1  3  0 -9 
268 234  -1  0  0 -9 
268 238  -1  0  0 -9 
268 239   1  1  0 -9 
268 240  -1  2  0 -9 
268 244  -1  0  0 -9 
268 246   1  2  0 -9 
268 249  -1  3  0 -9 
268 252   1 -1  0 -9 
268 253  -1  0  0 -9 
268 254  -1  3  0 -9 
268 255   1  1  0 -9 
268 258   1  4  0 -9 
268 264  -1  0  0 -9 
268 268  -1 -2  0 -9 
268 269  -1  0  0 -9 
268 270   1 -1  0 -9 
268 271   1 -1  0 -9 
268 272  -1  0  0 -9 
268 273   1  1  0 -9 
268 274   1  1  0 -9 
268 275  -1  2  0 -9 
269 214  -1  5  0 -9 
269 216   1  6  0 -9 
269 262  -1  4  0 -9 
269 267   1  5  0 -9 
269 274   1  3  0 -9 
269 275  -1  4  0 -9 
270 208   1  5  0 -9 
270 210   1  2  0 -9 
270 213  -1  4  0 -9 
270 214  -1  4  1  2  0 -9 
270 215  -1  1  0 -9 
270 216   1  5  0 -9 
270 232  -1  4  0 -9 
270 234  -1  1  0 -9 
270 239   1  2  0 -9 
270 240  -1  3  0 -9 
270 246   1  3  0 -9 
270 249  -1  4  0 -9 
270 254  -1  4  0 -9 
270 258   1  5  0 -9 
270 269  -1  1  0 -9 
270 270   1  0  0 -9 
270 272  -1  1  0 -9 
270 273   1  2  0 -9 
270 274   1  2  0 -9 
270 275  -1  3  0 -9 
271 157  -1  3  0 -9 
271 176   1  4  0 -9 
271 180  -1  3  0 -9 
271 214  -1  4  1  2  0 -9 
271 216   1  5  0 -9 
271 221   1  4  0 -9 
271 225  -1  3  0 -9 
271 231  -1  3  0 -9 
271 234  -1  1  0 -9 
271 236   1  2  0 -9 
271 237  -1  3  0 -9 
271 238  -1  1  0 -9 
271 239   1  2  0 -9 
271 240  -1  3  0 -9 
271 247  -1  3  0 -9 
271 253  -1  1  0 -9 
271 254  -1  4  1  2  0 -9 
271 255   1  2  0 -9 
271 258   1  5  0 -9 
271 260   1  2  0 -9 
271 262  -1  3  0 -9 
271 264  -1  1  0 -9 
271 269  -1  1  0 -9 
271 271   1  0  0 -9 
271 272  -1  1  0 -9 
271 273   1  2  0 -9 
271 274   1  2  0 -9 
271 275  -1  3  0 -9 
272 240  -1  4  0 -9 
272 254  -1  5  0 -9 
272 258   1  6  0 -9 
272 273   1  3  0 -9 
272 275  -1  4  0 -9 
273 240  -1  5  0 -9 
273 241   1  6  0 -9 
273 254  -1  4  0 -9 
273 267   1  6  0 -9 
273 272   1  3  0 -9 
273 275  -1  5  0 -9 
274 214  -1  4  0 -9 
274 249   1  6  0 -9 
274 262  -1  5  0 -9 
274 267   1  6  0 -9 
274 269   1  3  0 -9 
274 275  -1  5  0 -9 
275 267   1  7  0 -9 
275 275  -1  6  0 -9 
276 276   1  8  0 -9 
277 277  -1  6  0 -9 
277 278   1  7  0 -9 
278 278   1  8  0 -9 
279 276  -1  4  0 -9 
279 277  -1  4  0 -9 
279 278   1  5  0 -9 
279 280  -1  5  0 -9 
279 281   1  3  0 -9 
279 282  -1  4  0 -9 
279 283   1  6  0 -9 
280 280  -1  6  0 -9 
280 283   1  7  0 -9 
281 276   1  7  0 -9 
281 277  -1  5  0 -9 
281 278   1  6  0 -9 
281 279   1  3  0 -9 
281 280  -1  4  0 -9 
281 282  -1  5  0 -9 
281 284   1  6  0 -9 
282 278   1  7  0 -9 
282 282  -1  6  0 -9 
282 284   1  7  0 -9 
283 283   1  8  0 -9 
284 284   1  8  0 -9 
285 277  -1  4  0 -9 
285 278   1  5  0 -9 
285 282  -1  4  0 -9 
285 284   1  5  0 -9 
285 286   1  3  0 -9 
285 288  -1  4  0 -9 
286 277  -1  5  0 -9 
286 278   1  6  0 -9 
286 282  -1  5  0 -9 
286 284   1  6  0 -9 
286 285   1  3  0 -9 
286 287   1  6  0 -9 
286 288  -1  5  0 -9 
287 287   1  8  0 -9 
288 284   1  7  0 -9 
288 287   1  7  0 -9 
288 288  -1  6  0 -9 
289 276  -1  3  0 -9 
289 277  -1  3  0 -9 
289 278   1  4  0 -9 
289 279  -1  1  0 -9 
289 280  -1  4  1  2  0 -9 
289 281   1  2  0 -9 
289 282  -1  3  0 -9 
289 283   1  5  0 -9 
289 285  -1  1  0 -9 
289 286   1  2  0 -9 
289 288  -1  3  0 -9 
289 289   1  0  0 -9 
289 290  -1  1  0 -9 
289 291  -1  1  0 -9 
289 292   1  2  0 -9 
289 293  -1  3  0 -9 
289 294  -1  3  0 -9 
289 295   1  2  0 -9 
289 296   1  4  0 -9 
290 287   1  5  0 -9 
290 288  -1  4  0 -9 
290 293  -1  4  0 -9 
290 294  -1  4  0 -9 
290 295   1  3  0 -9 
290 296   1  5  0 -9 
291 280  -1  5  0 -9 
291 283   1  6  0 -9 
291 292   1  3  0 -9 
291 293  -1  4  0 -9 
291 294  -1  4  0 -9 
291 296   1  5  0 -9 
292 280  -1  4  0 -9 
292 287   1  6  0 -9 
292 291   1  3  0 -9 
292 293  -1  5  0 -9 
292 294  -1  5  0 -9 
292 296   1  6  0 -9 
293 293  -1  6  0 -9 
293 296   1  7  0 -9 
294 287   1  7  0 -9 
294 294  -1  6  0 -9 
294 296   1  7  0 -9 
295 284   1  6  0 -9 
295 287   1  6  0 -9 
295 288  -1  5  0 -9 
295 290   1  3  0 -9 
295 293  -1  5  0 -9 
295 294  -1  5  0 -9 
295 296   1  6  0 -9 
296 296   1  8  0 -9 
297 12   1  7  0 -9 
297 276   1  7  0 -9 
297 297  -1  6  0 -9 
297 298   1  7  0 -9 
298 298   1  8  0 -9 
299 298   1  7  0 -9 
299 299  -1  6  0 -9 
300 297  -1  4  0 -9 
300 298   1  5  0 -9 
300 301  -1  5  0 -9 
300 302   1  3  0 -9 
300 303  -1  4  0 -9 
300 304   1  6  0 -9 
301 301  -1  6  0 -9 
301 304   1  7  0 -9 
302 12   1  6  0 -9 
302 276   1  6  0 -9 
302 297  -1  5  0 -9 
302 298   1  6  0 -9 
302 300   1  3  0 -9 
302 301  -1  4  0 -9 
302 303  -1  5  0 -9 
302 305   1  6  0 -9 
303 298   1  7  0 -9 
303 303  -1  6  0 -9 
303 305   1  7  0 -9 
304 304   1  8  0 -9 
305 305   1  8  0 -9 
306 12  -1  3  0 -9 
306 21  -1  5 -1  3 -1  1  0 -9 
306 22   1  6  1  4  0 -9 
306 60   1  6  1  4  0 -9 
306 61  -1  5 -1  3 -1  1  0 -9 
306 62   1  6  1  2  0 -9 
306 63  -1  3  0 -9 
306 65   1  2  0 -9 
306 67  -1  1  0 -9 
306 68  -1  4  1  2  0 -9 
306 69  -1  4  0 -9 
306 70   1  5  0 -9 
306 75  -1  1  0 -9 
306 76  -1  4  0 -9 
306 77   1  2  0 -9 
306 78  -1  3  0 -9 
306 79   1  5  0 -9 
306 81  -1  1  0 -9 
306 82   1  2  0 -9 
306 83  -1  4  0 -9 
306 276  -1  3  0 -9 
306 277  -1  5 -1  3 -1  1  0 -9 
306 278   1  6  1  4  0 -9 
306 279  -1  1  0 -9 
306 280  -1  4  0 -9 
306 281   1  2  0 -9 
306 282  -1  3  0 -9 
306 283   1  5  0 -9 
306 285  -1  1  0 -9 
306 286   1  2  0 -9 
306 287  -1  4  0 -9 
306 297   1  2  0 -9 
306 298  -1  3  0 -9 
306 299   1  2  0 -9 
306 300   1  2  0 -9 
306 302  -1  1  0 -9 
306 303  -1  4  1  2  0 -9 
306 304  -1  4  0 -9 
306 305   1  5  0 -9 
306 306   1  0  0 -9 
306 307  -1  1  0 -9 
306 308   1  3  0 -9 
306 309  -1  4  0 -9 
306 310   1  2  0 -9 
306 311   1  5  0 -9 
307 62   1  7  0 -9 
307 68  -1  5  0 -9 
307 70   1  6  0 -9 
307 298   1  6  0 -9 
307 299  -1  5  0 -9 
307 303  -1  5  0 -9 
307 305   1  6  0 -9 
307 309  -1  5  0 -9 
307 310   1  3  0 -9 
307 311   1  6  0 -9 
308 69   1  7  0 -9 
308 83   1  7  0 -9 
308 287   1  7  0 -9 
308 304   1  7  0 -9 
308 308  -1  6  0 -9 
309 70   1  7  0 -9 
309 305   1  7  0 -9 
309 309  -1  6  0 -9 
309 311   1  7  0 -9 
310 62  -1  4  0 -9 
310 68  -1  4  0 -9 
310 70   1  5  0 -9 
310 298   1  5  0 -9 
310 299  -1  4  0 -9 
310 303  -1  4  0 -9 
310 305   1  5  0 -9 
310 307   1  3  0 -9 
310 309  -1  4  0 -9 
311 311   1  8  0 -9 
312 12  -1  2  0 -9 
312 21  -1  2 -1  0  0 -9 
312 22   1  3  0 -9 
312 60   1  3  0 -9 
312 61  -1  2 -1  0  0 -9 
312 62   1  1  0 -9 
312 63  -1  2  0 -9 
312 65   1  1  0 -9 
312 67  -1  0  0 -9 
312 68  -1  3  1  1  0 -9 
312 69  -1  3  0 -9 
312 70   1  4  0 -9 
312 71  -1  0  0 -9 
312 74  -1  3  0 -9 
312 75  -1  0  0 -9 
312 76  -1  3  0 -9 
312 77   1  1  0 -9 
312 78  -1  2  0 -9 
312 79   1  4  0 -9 
312 81  -1  0  0 -9 
312 82   1  1  0 -9 
312 83  -1  3  0 -9 
312 85   1 -1  0 -9 
312 86  -1  0  0 -9 
312 87  -1  0  0 -9 
312 88   1  1  0 -9 
312 276  -1  2  0 -9 
312 277  -1  2 -1  0  0 -9 
312 278   1  3  0 -9 
312 279  -1  0  0 -9 
312 280  -1  3  0 -9 
312 281   1  1  0 -9 
312 282  -1  2  0 -9 
312 283   1  4  0 -9 
312 285  -1  0  0 -9 
312 286   1  1  0 -9 
312 287  -1  3  0 -9 
312 289   1 -1  0 -9 
312 290  -1  0  0 -9 
312 291  -1  0  0 -9 
312 292   1  1  0 -9 
312 297   1  1  0 -9 
312 298  -1  2  0 -9 
312 299   1  1  0 -9 
312 301   1  2  0 -9 
312 302  -1  0  0 -9 
312 303   1  1  0 -9 
312 304  -1  3  0 -9 
312 306   1 -1  0 -9 
312 307  -1  0  0 -9 
312 308   1  2  0 -9 
312 309  -1  3  0 -9 
312 311   1  4  0 -9 
312 312  -1 -2  0 -9 
312 313   1 -1  0 -9 
312 314   1 -1  0 -9 
312 315  -1  0  0 -9 
312 316  -1  3  0 -9 
312 318   1  2  0 -9 
312 319  -1  3  0 -9 
312 320   1  4  0 -9 
313 68  -1  4  0 -9 
313 70   1  5  0 -9 
313 74  -1  4  0 -9 
313 309  -1  4  0 -9 
313 311   1  5  0 -9 
313 316  -1  4  0 -9 
313 318   1  3  0 -9 
313 319  -1  4  0 -9 
313 320   1  5  0 -9 
314 73  -1  3  0 -9 
314 76  -1  4  0 -9 
314 79   1  5  0 -9 
314 87  -1  1  0 -9 
314 88   1  2  0 -9 
314 90  -1  3  0 -9 
314 280  -1  4  0 -9 
314 283   1  5  0 -9 
314 291  -1  1  0 -9 
314 292   1  2  0 -9 
314 294  -1  3  0 -9 
314 301   1  3  0 -9 
314 304  -1  4  0 -9 
314 314   1  0  0 -9 
314 315  -1  1  0 -9 
314 316  -1  4  0 -9 
314 317   1  2  0 -9 
314 320   1  5  0 -9 
315 69   1  5  0 -9 
315 73  -1  4  0 -9 
315 83   1  5  0 -9 
315 90  -1  4  0 -9 
315 287   1  5  0 -9 
315 294  -1  4  0 -9 
315 308  -1  4  0 -9 
315 316  -1  5  0 -9 
315 317   1  3  0 -9 
315 320   1  6  0 -9 
316 316  -1  6  0 -9 
316 320   1  7  0 -9 
317 69   1  6  0 -9 
317 73  -1  5  0 -9 
317 74   1  6  0 -9 
317 83   1  6  0 -9 
317 90  -1  5  0 -9 
317 92   1  6  0 -9 
317 287   1  6  0 -9 
317 294  -1  5  0 -9 
317 296   1  6  0 -9 
317 304   1  6  0 -9 
317 308  -1  5  0 -9 
317 315   1  3  0 -9 
317 316  -1  4  0 -9 
318 68  -1  5  0 -9 
318 70   1  6  0 -9 
318 74   1  7  0 -9 
318 305   1  6  0 -9 
318 309  -1  5  0 -9 
318 311   1  6  0 -9 
318 313   1  3  0 -9 
318 316  -1  5  0 -9 
318 319  -1  5  0 -9 
318 320   1  6  0 -9 
319 311   1  7  0 -9 
319 319  -1  6  0 -9 
319 320   1  7  0 -9 
320 320   1  8  0 -9 
321 21  -1  5  0 -9 
321 22   1  6  0 -9 
321 51  -1  5  0 -9 
321 52   1  6  0 -9 
321 277  -1  5  0 -9 
321 278   1  6  0 -9 
321 303  -1  4  0 -9 
321 305   1  5  0 -9 
321 322   1  3  0 -9 
321 324  -1  4  0 -9 
322 21  -1  4  0 -9 
322 51  -1  4  0 -9 
322 277  -1  4  0 -9 
322 298   1  6  0 -9 
322 303  -1  5  0 -9 
322 305   1  6  0 -9 
322 321   1  3  0 -9 
322 323   1  6  0 -9 
322 324  -1  5  0 -9 
323 323   1  8  0 -9 
324 305   1  7  0 -9 
324 323   1  7  0 -9 
324 324  -1  6  0 -9 
325 21  -1  4  0 -9 
325 22   1  5  0 -9 
325 51   1  2  0 -9 
325 52  -1  3  0 -9 
325 277  -1  4  0 -9 
325 278   1  5  0 -9 
325 303  -1  3  0 -9 
325 321  -1  1  0 -9 
325 322   1  2  0 -9 
325 323  -1  4  0 -9 
325 325   1  0  0 -9 
325 326  -1  1  0 -9 
325 327   1  3  0 -9 
325 328  -1  4  0 -9 
325 329   1  2  0 -9 
325 330   1  5  0 -9 
326 52  -1  4  0 -9 
326 298   1  5  0 -9 
326 299  -1  4  0 -9 
326 303  -1  4  0 -9 
326 328  -1  5  0 -9 
326 329   1  3  0 -9 
326 330   1  6  0 -9 
327 323   1  7  0 -9 
327 327  -1  6  0 -9 
328 328  -1  6  0 -9 
328 330   1  7  0 -9 
329 52   1  7  0 -9 
329 298   1  6  0 -9 
329 299  -1  5  0 -9 
329 303  -1  5  0 -9 
329 305   1  6  0 -9 
329 326   1  3  0 -9 
329 328  -1  4  0 -9 
330 330   1  8  0 -9 
331 21  -1  3  0 -9 
331 22   1  4  0 -9 
331 51   1  1  0 -9 
331 52  -1  2  0 -9 
331 74  -1  2  0 -9 
331 78  -1  3  0 -9 
331 80   1  4  0 -9 
331 81   1 -1  0 -9 
331 82   1  2  0 -9 
331 84  -1  3  0 -9 
331 89   1  1  0 -9 
331 90   1  1  0 -9 
331 91  -1  0  0 -9 
331 92  -1  2  0 -9 
331 277  -1  3  0 -9 
331 278   1  4  0 -9 
331 282  -1  3  0 -9 
331 284   1  4  0 -9 
331 285   1 -1  0 -9 
331 286   1  2  0 -9 
331 288  -1  3  0 -9 
331 293   1  1  0 -9 
331 294   1  1  0 -9 
331 295  -1  0  0 -9 
331 296  -1  2  0 -9 
331 305  -1  3  0 -9 
331 310  -1  0  0 -9 
331 313  -1  0  0 -9 
331 316  -1  2 -1  0  0 -9 
331 318   1  1  0 -9 
331 319  -1  2  0 -9 
331 320   1  3  0 -9 
331 321  -1  0  0 -9 
331 323  -1  3  0 -9 
331 324   1  2  0 -9 
331 325   1 -1  0 -9 
331 326  -1  0  0 -9 
331 327   1  2  0 -9 
331 328  -1  3  0 -9 
331 329   1  1  0 -9 
331 330   1  4  0 -9 
331 331  -1 -2  0 -9 
331 332  -1  0  0 -9 
331 333   1 -1  0 -9 
331 334   1  1  0 -9 
331 335   1 -1  0 -9 
331 337  -1  0  0 -9 
331 338   1  1  0 -9 
331 339  -1  2  0 -9 
332 83   1  6  0 -9 
332 90  -1  5  0 -9 
332 92   1  6  0 -9 
332 287   1  6  0 -9 
332 294  -1  5  0 -9 
332 296   1  6  0 -9 
332 327  -1  4  0 -9 
332 334  -1  5  0 -9 
332 336   1  3  0 -9 
332 339   1  6  0 -9 
333 68  -1  3  0 -9 
333 74  -1  3  0 -9 
333 80   1  5  0 -9 
333 83   1  5  0 -9 
333 84  -1  4  0 -9 
333 86   1  2  0 -9 
333 89   1  2  0 -9 
333 90  -1  4  1  2  0 -9 
333 91  -1  1  0 -9 
333 92  -1  3  0 -9 
333 284   1  5  0 -9 
333 287   1  5  0 -9 
333 288  -1  4  0 -9 
333 290   1  2  0 -9 
333 293   1  2  0 -9 
333 294  -1  4  1  2  0 -9 
333 295  -1  1  0 -9 
333 296  -1  3  0 -9 
333 305  -1  4  0 -9 
333 313  -1  1  0 -9 
333 316  -1  5 -1  3 -1  1  0 -9 
333 318   1  2  0 -9 
333 319  -1  3  0 -9 
333 320   1  6  1  4  0 -9 
333 323  -1  4  0 -9 
333 324   1  3  0 -9 
333 328  -1  4  0 -9 
333 330   1  5  0 -9 
333 332  -1  1  0 -9 
333 333   1  0  0 -9 
333 334   1  2  0 -9 
333 336   1  2  0 -9 
333 337  -1  1  0 -9 
333 338   1  2  0 -9 
333 339  -1  3  0 -9 
334 92   1  7  0 -9 
334 296   1  7  0 -9 
334 334  -1  6  0 -9 
334 339   1  7  0 -9 
335 52  -1  3  0 -9 
335 62  -1  3  0 -9 
335 68  -1  3  0 -9 
335 70   1  4  0 -9 
335 74  -1  3  0 -9 
335 298   1  4  0 -9 
335 299  -1  3  0 -9 
335 303  -1  3  0 -9 
335 307   1  2  0 -9 
335 309  -1  3  0 -9 
335 310  -1  1  0 -9 
335 313  -1  1  0 -9 
335 316  -1  3  0 -9 
335 318   1  2  0 -9 
335 319  -1  3  0 -9 
335 320   1  4  0 -9 
335 326  -1  1  0 -9 
335 328  -1  4  1  2  0 -9 
335 329   1  2  0 -9 
335 330   1  5  0 -9 
335 335   1  0  0 -9 
335 337  -1  1  0 -9 
335 338   1  2  0 -9 
335 339  -1  3  0 -9 
336 90  -1  4  0 -9 
336 92   1  5  0 -9 
336 294  -1  4  0 -9 
336 296   1  5  0 -9 
336 323   1  6  0 -9 
336 327  -1  5  0 -9 
336 332   1  3  0 -9 
336 334  -1  4  0 -9 
337 316  -1  4  0 -9 
337 319  -1  4  0 -9 
337 320   1  5  0 -9 
337 328  -1  5  0 -9 
337 330   1  6  0 -9 
337 338   1  3  0 -9 
337 339  -1  4  0 -9 
338 311   1  6  0 -9 
338 316  -1  5  0 -9 
338 319  -1  5  0 -9 
338 320   1  6  0 -9 
338 328  -1  4  0 -9 
338 337   1  3  0 -9 
338 339   1  7  0 -9 
339 339   1  8  0 -9 
340 340  -1  6  0 -9 
340 341   1  7  0 -9 
341 341   1  8  0 -9 
342 340  -1  5  0 -9 
342 341   1  6  0 -9 
342 343   1  3  0 -9 
342 345  -1  4  0 -9 
343 340  -1  4  0 -9 
343 342   1  3  0 -9 
343 344   1  6  0 -9 
343 345  -1  5  0 -9 
344 344   1  8  0 -9 
345 344   1  7  0 -9 
345 345  -1  6  0 -9 
346 277  -1  5 -1  3 -1  1  0 -9 
346 278   1  6  1  4  0 -9 
346 282  -1  3  0 -9 
346 285  -1  1  0 -9 
346 286   1  2  0 -9 
346 287  -1  4  0 -9 
346 340   1  2  0 -9 
346 341  -1  3  0 -9 
346 342  -1  1  0 -9 
346 343   1  2  0 -9 
346 344  -1  4  0 -9 
346 346   1  0  0 -9 
346 347  -1  1  0 -9 
346 348   1  3  0 -9 
346 349  -1  4  0 -9 
346 350   1  2  0 -9 
346 351   1  5  0 -9 
347 277  -1  4  0 -9 
347 278   1  5  0 -9 
347 282  -1  4  0 -9 
347 341  -1  4  0 -9 
347 349  -1  5  0 -9 
347 350   1  3  0 -9 
347 351   1  6  0 -9 
348 287   1  7  0 -9 
348 344   1  7  0 -9 
348 348  -1  6  0 -9 
349 349  -1  6  0 -9 
349 351   1  7  0 -9 
350 277  -1  5  0 -9 
350 278   1  6  0 -9 
350 282  -1  5  0 -9 
350 284   1  6  0 -9 
350 341   1  7  0 -9 
350 347   1  3  0 -9 
350 349  -1  4  0 -9 
351 351   1  8  0 -9 
352 277  -1  2 -1  0  0 -9 
352 278   1  3  0 -9 
352 282  -1  2  0 -9 
352 285  -1  0  0 -9 
352 286   1  1  0 -9 
352 287  -1  3  0 -9 
352 290  -1  0  0 -9 
352 340   1  1  0 -9 
352 341  -1  2  0 -9 
352 342  -1  0  0 -9 
352 344  -1  3  0 -9 
352 345   1  2  0 -9 
352 346   1 -1  0 -9 
352 347  -1  0  0 -9 
352 348   1  2  0 -9 
352 349  -1  3  0 -9 
352 350   1  1  0 -9 
352 351   1  4  0 -9 
352 352  -1 -2  0 -9 
352 353  -1  0  0 -9 
352 354   1 -1  0 -9 
352 355   1  1  0 -9 
352 356   1 -1  0 -9 
352 358  -1  0  0 -9 
352 359   1  1  0 -9 
352 360  -1  2  0 -9 
353 287   1  5  0 -9 
353 294  -1  4  0 -9 
353 348  -1  4  0 -9 
353 355  -1  5  0 -9 
353 357   1  3  0 -9 
353 360   1  6  0 -9 
354 294  -1  3  0 -9 
354 344  -1  4  0 -9 
354 345   1  3  0 -9 
354 349  -1  4  0 -9 
354 351   1  5  0 -9 
354 353  -1  1  0 -9 
354 354   1  0  0 -9 
354 355   1  2  0 -9 
354 357   1  2  0 -9 
354 358  -1  1  0 -9 
354 359   1  2  0 -9 
354 360  -1  3  0 -9 
355 355  -1  6  0 -9 
355 360   1  7  0 -9 
356 277  -1  3  0 -9 
356 278   1  4  0 -9 
356 282  -1  3  0 -9 
356 285  -1  1  0 -9 
356 286   1  2  0 -9 
356 288  -1  3  0 -9 
356 290  -1  1  0 -9 
356 293  -1  3  0 -9 
356 294  -1  3  0 -9 
356 295   1  2  0 -9 
356 296   1  4  0 -9 
356 341  -1  3  0 -9 
356 347  -1  1  0 -9 
356 349  -1  4  1  2  0 -9 
356 350   1  2  0 -9 
356 351   1  5  0 -9 
356 356   1  0  0 -9 
356 358  -1  1  0 -9 
356 359   1  2  0 -9 
356 360  -1  3  0 -9 
357 287   1  6  0 -9 
357 294  -1  5  0 -9 
357 296   1  6  0 -9 
357 344   1  6  0 -9 
357 348  -1  5  0 -9 
357 353   1  3  0 -9 
357 355  -1  4  0 -9 
358 293  -1  4  0 -9 
358 294  -1  4  0 -9 
358 296   1  5  0 -9 
358 349  -1  5  0 -9 
358 351   1  6  0 -9 
358 359   1  3  0 -9 
358 360  -1  4  0 -9 
359 287   1  6  0 -9 
359 293  -1  5  0 -9 
359 294  -1  5  0 -9 
359 296   1  6  0 -9 
359 349  -1  4  0 -9 
359 358   1  3  0 -9 
359 360   1  7  0 -9 
360 360   1  8  0 -9 
361 129  -1  4  0 -9 
361 130  -1  4  0 -9 
361 131   1  5  0 -9 
361 340  -1  4  0 -9 
361 341   1  5  0 -9 
361 362  -1  5  0 -9 
361 363   1  3  0 -9 
361 364  -1  4  0 -9 
361 365   1  6  0 -9 
362 362  -1  6  0 -9 
362 365   1  7  0 -9 
363 129   1  7  0 -9 
363 130  -1  5  0 -9 
363 131   1  6  0 -9 
363 340  -1  5  0 -9 
363 341   1  6  0 -9 
363 361   1  3  0 -9 
363 362  -1  4  0 -9 
363 364  -1  5  0 -9 
363 366   1  6  0 -9 
364 131   1  7  0 -9 
364 341   1  7  0 -9 
364 364  -1  6  0 -9 
364 366   1  7  0 -9 
365 365   1  8  0 -9 
366 366   1  8  0 -9 
367 130  -1  4  0 -9 
367 131   1  5  0 -9 
367 340  -1  4  0 -9 
367 341   1  5  0 -9 
367 364  -1  4  0 -9 
367 366   1  5  0 -9 
367 368   1  3  0 -9 
367 370  -1  4  0 -9 
368 130  -1  5  0 -9 
368 131   1  6  0 -9 
368 340  -1  5  0 -9 
368 341   1  6  0 -9 
368 364  -1  5  0 -9 
368 366   1  6  0 -9 
368 367   1  3  0 -9 
368 369   1  6  0 -9 
368 370  -1  5  0 -9 
369 369   1  8  0 -9 
370 366   1  7  0 -9 
370 369   1  7  0 -9 
370 370  -1  6  0 -9 
371 130  -1  5 -1  3 -1  1  0 -9 
371 131   1  6  1  4  0 -9 
371 364  -1  3  0 -9 
371 367  -1  1  0 -9 
371 368   1  2  0 -9 
371 369  -1  4  0 -9 
371 371   1  0  0 -9 
371 372  -1  1  0 -9 
371 373   1  3  0 -9 
371 374  -1  4  0 -9 
371 375   1  2  0 -9 
371 376   1  5  0 -9 
372 130  -1  4  0 -9 
372 131   1  5  0 -9 
372 364  -1  4  0 -9 
372 374  -1  5  0 -9 
372 375   1  3  0 -9 
372 376   1  6  0 -9 
373 369   1  7  0 -9 
373 373  -1  6  0 -9 
374 374  -1  6  0 -9 
374 376   1  7  0 -9 
375 130  -1  5  0 -9 
375 131   1  6  0 -9 
375 341   1  6  0 -9 
375 364  -1  5  0 -9 
375 366   1  6  0 -9 
375 372   1  3  0 -9 
375 374  -1  4  0 -9 
376 376   1  8  0 -9 
377 129  -1  3  0 -9 
377 130  -1  3  0 -9 
377 131   1  4  0 -9 
377 340  -1  3  0 -9 
377 341   1  4  0 -9 
377 361  -1  1  0 -9 
377 362  -1  4  1  2  0 -9 
377 363   1  2  0 -9 
377 364  -1  3  0 -9 
377 365   1  5  0 -9 
377 367  -1  1  0 -9 
377 368   1  2  0 -9 
377 370  -1  3  0 -9 
377 377   1  0  0 -9 
377 378  -1  1  0 -9 
377 379  -1  1  0 -9 
377 380   1  2  0 -9 
377 381  -1  3  0 -9 
377 382  -1  3  0 -9 
377 383   1  2  0 -9 
377 384   1  4  0 -9 
378 369   1  5  0 -9 
378 370  -1  4  0 -9 
378 381  -1  4  0 -9 
378 382  -1  4  0 -9 
378 383   1  3  0 -9 
378 384   1  5  0 -9 
379 362  -1  5  0 -9 
379 365   1  6  0 -9 
379 380   1  3  0 -9 
379 381  -1  4  0 -9 
379 382  -1  4  0 -9 
379 384   1  5  0 -9 
380 362  -1  4  0 -9 
380 369   1  6  0 -9 
380 379   1  3  0 -9 
380 381  -1  5  0 -9 
380 382  -1  5  0 -9 
380 384   1  6  0 -9 
381 381  -1  6  0 -9 
381 384   1  7  0 -9 
382 369   1  7  0 -9 
382 382  -1  6  0 -9 
382 384   1  7  0 -9 
383 366   1  6  0 -9 
383 369   1  6  0 -9 
383 370  -1  5  0 -9 
383 378   1  3  0 -9 
383 381  -1  5  0 -9 
383 382  -1  5  0 -9 
383 384   1  6  0 -9 
384 384   1  8  0 -9 
385 130  -1  4 -1  0  0 -9 
385 131   1  5  0 -9 
385 193  -1  3  0 -9 
385 195   1 -1  0 -9 
385 196  -1  4 -1  0  0 -9 
385 197   1  2  0 -9 
385 198  -2  3  0 -9 
385 199   1  5  0 -9 
385 200   1  4  0 -9 
385 201  -1  1  1 -1  0 -9 
385 202   1  2 -1  0  0 -9 
385 204  -1  3  0 -9 
385 205  -1  0  0 -9 
385 208  -1  3  0 -9 
385 209   1 -1  0 -9 
385 210  -1  0  0 -9 
385 211  -1  0  0 -9 
385 212   1  1  0 -9 
385 361  -1  0  0 -9 
385 362   1  1  0 -9 
385 366  -1  3  0 -9 
385 367  -1  0  0 -9 
385 368   1  1  0 -9 
385 369  -1  3  0 -9 
385 371   1 -1  0 -9 
385 372  -1  0  0 -9 
385 373   1  2  0 -9 
385 374  -1  3  0 -9 
385 376   1  4  0 -9 
385 377   1 -1  0 -9 
385 378  -1  0  0 -9 
385 379  -1  0  0 -9 
385 380   1  1  0 -9 
385 385  -1 -2  0 -9 
385 386   1 -1  0 -9 
385 387   1 -1  0 -9 
385 388  -1  0  0 -9 
385 389  -1  3  0 -9 
385 391   1  2  0 -9 
385 392  -1  3  0 -9 
385 393   1  4  0 -9 
386 198  -1  4  0 -9 
386 200   1  5  0 -9 
386 203   1  5  0 -9 
386 204  -1  4  0 -9 
386 208  -1  4  0 -9 
386 366  -1  4  0 -9 
386 374  -1  4  0 -9 
386 376   1  5  0 -9 
386 389  -1  4  0 -9 
386 391   1  3  0 -9 
386 392  -1  4  0 -9 
386 393   1  5  0 -9 
387 196  -1  5 -1  3 -1  1  0 -9 
387 199   1  6  1  4  0 -9 
387 203  -1  3  0 -9 
387 207  -1  3  0 -9 
387 211  -1  1  0 -9 
387 212   1  2  0 -9 
387 214  -1  3  0 -9 
387 362   1  2  0 -9 
387 365  -1  3  0 -9 
387 379  -1  1  0 -9 
387 380   1  2  0 -9 
387 382  -1  3  0 -9 
387 387   1  0  0 -9 
387 388  -1  1  0 -9 
387 389  -1  4  0 -9 
387 390   1  2  0 -9 
387 393   1  5  0 -9 
388 196  -1  4  0 -9 
388 199   1  5  0 -9 
388 203   1  6 -1  4  0 -9 
388 207  -1  4  0 -9 
388 214  -1  4  0 -9 
388 365  -1  4  0 -9 
388 369   1  5  0 -9 
388 373  -1  4  0 -9 
388 382  -1  4  0 -9 
388 389  -1  5  0 -9 
388 390   1  3  0 -9 
388 393   1  6  0 -9 
389 389  -1  6  0 -9 
389 393   1  7  0 -9 
390 196  -1  5  0 -9 
390 199   1  6  0 -9 
390 203   1  7 -1  5  0 -9 
390 207  -1  5  0 -9 
390 208   1  6  0 -9 
390 214  -1  5  0 -9 
390 216   1  6  0 -9 
390 365   1  7  0 -9 
390 369   1  6  0 -9 
390 373  -1  5  0 -9 
390 382  -1  5  0 -9 
390 384   1  6  0 -9 
390 388   1  3  0 -9 
390 389  -1  4  0 -9 
391 198  -1  5  0 -9 
391 200   1  6  0 -9 
391 203   1  6  0 -9 
391 204  -1  5  0 -9 
391 208   1  7  0 -9 
391 366   1  7  0 -9 
391 374  -1  5  0 -9 
391 376   1  6  0 -9 
391 386   1  3  0 -9 
391 389  -1  5  0 -9 
391 392  -1  5  0 -9 
391 393   1  6  0 -9 
392 203   1  7  0 -9 
392 376   1  7  0 -9 
392 392  -1  6  0 -9 
392 393   1  7  0 -9 
393 393   1  8  0 -9 
394 198  -1  2  0 -9 
394 200   1  3  0 -9 
394 201  -1  0  0 -9 
394 202   1  1  0 -9 
394 203   1  1  0 -9 
394 204  -1  2 -1  0  0 -9 
394 208  -1  2  0 -9 
394 213   1  1  0 -9 
394 214   1  1  0 -9 
394 215  -1  0  0 -9 
394 216  -1  2  0 -9 
394 366  -1  2  0 -9 
394 369  -1  2  0 -9 
394 370   1  1  0 -9 
394 373   1  1  0 -9 
394 374  -1  2 -1  0  0 -9 
394 376   1  3  0 -9 
394 381   1  1  0 -9 
394 382   1  1  0 -9 
394 383  -1  0  0 -9 
394 384  -1  2  0 -9 
394 386  -1  0  0 -9 
394 389  -1  2 -1  0  0 -9 
394 391   1  1  0 -9 
394 392  -1  2  0 -9 
394 393   1  3  0 -9 
394 394  -1 -2  0 -9 
394 395  -1  0  0 -9 
394 396   1 -1  0 -9 
394 397   1  1  0 -9 
394 398   1 -1  0 -9 
394 400  -1  0  0 -9 
394 401   1  1  0 -9 
394 402  -1  2  0 -9 
395 203   1  7  0 -9 
395 214  -1  5  0 -9 
395 216   1  6  0 -9 
395 369   1  6  0 -9 
395 373  -1  5  0 -9 
395 382  -1  5  0 -9 
395 384   1  6  0 -9 
395 397  -1  5  0 -9 
395 399   1  3  0 -9 
395 402   1  6  0 -9 
396 198  -1  3  0 -9 
396 200   1  6  1  4  0 -9 
396 201  -1  1  0 -9 
396 202   1  2  0 -9 
396 203   1  6  1  2  0 -9 
396 204  -1  5 -1  3 -1  1  0 -9 
396 208  -1  3  0 -9 
396 210   1  2  0 -9 
396 213   1  2  0 -9 
396 214  -1  4  1  2  0 -9 
396 215  -1  1  0 -9 
396 216  -1  3  0 -9 
396 366  -1  3  0 -9 
396 369  -1  3  0 -9 
396 370   1  2  0 -9 
396 373   1  2  0 -9 
396 374  -1  5 -1  3 -1  1  0 -9 
396 376   1  6  1  4  0 -9 
396 378   1  2  0 -9 
396 381   1  2  0 -9 
396 382  -1  4  1  2  0 -9 
396 383  -1  1  0 -9 
396 384  -1  3  0 -9 
396 386  -1  1  0 -9 
396 389  -1  5 -1  3 -1  1  0 -9 
396 391   1  2  0 -9 
396 392  -1  3  0 -9 
396 393   1  6  1  4  0 -9 
396 395  -1  1  0 -9 
396 396   1  0  0 -9 
396 397   1  2  0 -9 
396 399   1  2  0 -9 
396 400  -1  1  0 -9 
396 401   1  2  0 -9 
396 402  -1  3  0 -9 
397 216   1  7  0 -9 
397 384   1  7  0 -9 
397 397  -1  6  0 -9 
397 402   1  7  0 -9 
398 198  -1  3  0 -9 
398 200   1  4  0 -9 
398 201  -1  1  0 -9 
398 202   1  2  0 -9 
398 204  -1  3  0 -9 
398 208  -1  3  0 -9 
398 366  -1  3  0 -9 
398 374  -1  3  0 -9 
398 376   1  4  0 -9 
398 386  -1  1  0 -9 
398 389  -1  3  0 -9 
398 391   1  2  0 -9 
398 392  -1  3  0 -9 
398 393   1  4  0 -9 
398 398   1  0  0 -9 
398 400  -1  1  0 -9 
398 401   1  2  0 -9 
398 402  -1  3  0 -9 
399 203  -1  4  0 -9 
399 214  -1  4  0 -9 
399 216   1  5  0 -9 
399 369   1  5  0 -9 
399 373  -1  4  0 -9 
399 382  -1  4  0 -9 
399 384   1  5  0 -9 
399 395   1  3  0 -9 
399 397  -1  4  0 -9 
400 374  -1  4  0 -9 
400 376   1  5  0 -9 
400 389  -1  4  0 -9 
400 392  -1  4  0 -9 
400 393   1  5  0 -9 
400 401   1  3  0 -9 
400 402  -1  4  0 -9 
401 203   1  6  0 -9 
401 374  -1  5  0 -9 
401 376   1  6  0 -9 
401 389  -1  5  0 -9 
401 392  -1  5  0 -9 
401 393   1  6  0 -9 
401 400   1  3  0 -9 
401 402   1  7  0 -9 
402 402   1  8  0 -9 
403 196  -1  2 -1  0  0 -9 
403 199   1  3  0 -9 
403 203  -1  2  0 -9 
403 207  -1  2  0 -9 
403 210  -1  0  0 -9 
403 211  -1  0  0 -9 
403 212   1  1  0 -9 
403 214  -1  2 -1  0  0 -9 
403 362   1  1  0 -9 
403 365  -1  2  0 -9 
403 379  -1  0  0 -9 
403 381   1  2  0 -9 
403 384  -1  3  0 -9 
403 387   1 -1  0 -9 
403 388  -1  0  0 -9 
403 389  -1  3  0 -9 
403 390   1  1  0 -9 
403 393   1  4  0 -9 
403 399  -1  0  0 -9 
403 403  -1 -2  0 -9 
403 404  -1  0  0 -9 
403 405   1 -1  0 -9 
403 406   1 -1  0 -9 
403 407  -1  0  0 -9 
403 408   1  1  0 -9 
403 409   1  1  0 -9 
403 410  -1  2  0 -9 
404 214  -1  4  0 -9 
404 216   1  5  0 -9 
404 397  -1  4  0 -9 
404 402   1  5  0 -9 
404 409   1  3  0 -9 
404 410  -1  4  0 -9 
405 214  -1  3  0 -9 
405 381   1  3  0 -9 
405 384  -1  4  0 -9 
405 389  -1  4  0 -9 
405 393   1  5  0 -9 
405 404  -1  1  0 -9 
405 405   1  0  0 -9 
405 407  -1  1  0 -9 
405 408   1  2  0 -9 
405 409   1  2  0 -9 
405 410  -1  3  0 -9 
406 196  -1  3  0 -9 
406 199   1  4  0 -9 
406 203  -2  3  0 -9 
406 207  -1  3  0 -9 
406 210  -1  1  0 -9 
406 211  -1  1  0 -9 
406 212   1  2  0 -9 
406 213  -1  3  0 -9 
406 214  -1  5 -2  3 -1  1  0 -9 
406 215   1  2  0 -9 
406 216   1  6  1  4  0 -9 
406 365  -1  3  0 -9 
406 369   1  4  0 -9 
406 373  -1  3  0 -9 
406 382  -1  3  0 -9 
406 388  -1  1  0 -9 
406 389  -1  4  1  2  0 -9 
406 390   1  2  0 -9 
406 393   1  5  0 -9 
406 395   1  2  0 -9 
406 397  -1  3  0 -9 
406 399  -1  1  0 -9 
406 404  -1  1  0 -9 
406 406   1  0  0 -9 
406 407  -1  1  0 -9 
406 408   1  2  0 -9 
406 409   1  2  0 -9 
406 410  -1  3  0 -9 
407 214  -1  4  0 -9 
407 389  -1  5  0 -9 
407 393   1  6  0 -9 
407 408   1  3  0 -9 
407 410  -1  4  0 -9 
408 214  -1  5  0 -9 
408 216   1  6  0 -9 
408 389  -1  4  0 -9 
408 402   1  6  0 -9 
408 407   1  3  0 -9 
408 410  -1  5  0 -9 
409 214  -1  5  0 -9 
409 216   1  6  0 -9 
409 384   1  6  0 -9 
409 397  -1  5  0 -9 
409 402   1  6  0 -9 
409 404   1  3  0 -9 
409 410  -1  5  0 -9 
410 402   1  7  0 -9 
410 410  -1  6  0 -9 
411 130  -1  2 -1  0  0 -9 
411 131   1  3  0 -9 
411 343  -1  0  0 -9 
411 345   1  1  0 -9 
411 364  -1  2  0 -9 
411 367  -1  0  0 -9 
411 368   1  1  0 -9 
411 369  -1  3  0 -9 
411 371   1 -1  0 -9 
411 372  -1  0  0 -9 
411 373   1  2  0 -9 
411 374  -1  3  0 -9 
411 375   1  1  0 -9 
411 376   1  4  0 -9 
411 378  -1  0  0 -9 
411 411  -1 -2  0 -9 
411 412  -1  0  0 -9 
411 413   1 -1  0 -9 
411 414   1  1  0 -9 
411 415   1 -1  0 -9 
411 417  -1  0  0 -9 
411 418   1  1  0 -9 
411 419  -1  2  0 -9 
412 344  -1  4  0 -9 
412 369   1  5  0 -9 
412 373  -1  4  0 -9 
412 382  -1  4  0 -9 
412 414  -1  5  0 -9 
412 416   1  3  0 -9 
412 419   1  6  0 -9 
413 344  -1  3  0 -9 
413 345   1  2  0 -9 
413 374  -1  4  0 -9 
413 376   1  5  0 -9 
413 382  -1  3  0 -9 
413 412  -1  1  0 -9 
413 413   1  0  0 -9 
413 414   1  2  0 -9 
413 416   1  2  0 -9 
413 417  -1  1  0 -9 
413 418   1  2  0 -9 
413 419  -1  3  0 -9 
414 414  -1  6  0 -9 
414 419   1  7  0 -9 
415 130  -1  3  0 -9 
415 131   1  4  0 -9 
415 340  -1  3  0 -9 
415 342   1  2  0 -9 
415 343  -1  1  0 -9 
415 344   1  5  0 -9 
415 345  -1  4  1  2  0 -9 
415 364  -1  3  0 -9 
415 367  -1  1  0 -9 
415 368   1  2  0 -9 
415 370  -1  3  0 -9 
415 372  -1  1  0 -9 
415 374  -1  4  1  2  0 -9 
415 375   1  2  0 -9 
415 376   1  5  0 -9 
415 378  -1  1  0 -9 
415 381  -1  3  0 -9 
415 382  -1  3  0 -9 
415 383   1  2  0 -9 
415 384   1  4  0 -9 
415 415   1  0  0 -9 
415 417  -1  1  0 -9 
415 418   1  2  0 -9 
415 419  -1  3  0 -9 
416 344   1  7  0 -9 
416 369   1  6  0 -9 
416 373  -1  5  0 -9 
416 382  -1  5  0 -9 
416 384   1  6  0 -9 
416 412   1  3  0 -9 
416 414  -1  4  0 -9 
417 344   1  6  0 -9 
417 345  -1  5  0 -9 
417 374  -1  5  0 -9 
417 376   1  6  0 -9 
417 381  -1  4  0 -9 
417 382  -1  4  0 -9 
417 384   1  5  0 -9 
417 418   1  3  0 -9 
417 419  -1  4  0 -9 
418 345  -1  4  0 -9 
418 369   1  6  0 -9 
418 374  -1  4  0 -9 
418 381  -1  5  0 -9 
418 382  -1  5  0 -9 
418 384   1  6  0 -9 
418 417   1  3  0 -9 
418 419   1  7  0 -9 
419 419   1  8  0 -9 
420 203  -1  3  0 -9 
420 214  -1  3  0 -9 
420 216   1  4  0 -9 
420 344  -1  3  0 -9 
420 369   1  4  0 -9 
420 373  -1  3  0 -9 
420 382  -1  3  0 -9 
420 395   1  2  0 -9 
420 397  -1  3  0 -9 
420 399  -1  1  0 -9 
420 404  -1  1  0 -9 
420 409   1  2  0 -9 
420 410  -1  3  0 -9 
420 412  -1  1  0 -9 
420 414  -1  4  1  2  0 -9 
420 416   1  2  0 -9 
420 419   1  5  0 -9 
420 420   1  0  0 -9 
420 422  -1  1  0 -9 
420 423   1  2  0 -9 
421 344  -1  2  0 -9 
421 345   1  1  0 -9 
421 374  -1  3  0 -9 
421 376   1  4  0 -9 
421 381   1  2  0 -9 
421 384  -1  3  0 -9 
421 389  -1  3  0 -9 
421 392  -1  3  0 -9 
421 393   1  4  0 -9 
421 399  -1  0  0 -9 
421 400   1 -1  0 -9 
421 401   1  2  0 -9 
421 402  -1  3  0 -9 
421 404  -1  0  0 -9 
421 405   1 -1  0 -9 
421 407  -1  0  0 -9 
421 409   1  1  0 -9 
421 412  -1  0  0 -9 
421 413   1 -1  0 -9 
421 414   1  1  0 -9 
421 416   1  1  0 -9 
421 417  -1  0  0 -9 
421 420   1 -1  0 -9 
421 421  -1 -2  0 -9 
421 422  -1  0  0 -9 
422 410  -1  4  0 -9 
422 414  -1  5  0 -9 
422 419   1  6  0 -9 
422 423   1  3  0 -9 
423 402   1  6  0 -9 
423 410  -1  5  0 -9 
423 414  -1  4  0 -9 
423 422   1  3  0 -9 
9999 9999
