 0  0   1  0  0 -9 
 0  1  -1  1  0 -9 
 0  3   1  3  0 -9 
 0  5  -1  4  0 -9 
 0  9   1  2  0 -9 
 0 12   1  5  0 -9 
 1  5  -1  5  0 -9 
 1  9   1  3  0 -9 
 1 12   1  6  0 -9 
 2  6  -1  5  0 -9 
 2 10   1  3  0 -9 
 2 11  -1  4  0 -9 
 2 13   1  6  0 -9 
 3  3  -1  6  0 -9 
 4  4  -1  6  0 -9 
 5  5  -1  6  0 -9 
 5 12   1  7  0 -9 
 6  6  -1  6  0 -9 
 6 13   1  7  0 -9 
 7  7  -1  6  0 -9 
 7 14   1  7  0 -9 
 8  8  -1  6  0 -9 
 8 15   1  7  0 -9 
 9  1   1  3  0 -9 
 9  5  -1  4  0 -9 
10  2   1  3  0 -9 
10  6  -1  4  0 -9 
10 11  -1  5  0 -9 
10 16   1  6  0 -9 
11 11  -1  6  0 -9 
11 16   1  7  0 -9 
12 12   1  8  0 -9 
13 13   1  8  0 -9 
14 14   1  8  0 -9 
15 15   1  8  0 -9 
16 16   1  8  0 -9 
17 17   1  8  0 -9 
18 20  -1  5  0 -9 
18 24   1  3  0 -9 
18 27   1  6  0 -9 
19  2  -1  1  0 -9 
19  6  -1  4  0 -9 
19 10   1  2  0 -9 
19 11  -1  3  0 -9 
19 13   1  5  0 -9 
19 18  -1  1  0 -9 
19 19   1  0  0 -9 
19 20  -1  4  0 -9 
19 21   1  3  0 -9 
19 24   1  2  0 -9 
19 25  -1  1  0 -9 
19 26   1  2  0 -9 
19 27   1  5  0 -9 
19 28  -1  4  0 -9 
20 20  -1  6  0 -9 
20 27   1  7  0 -9 
21 21  -1  6  0 -9 
21 28   1  7  0 -9 
22 22  -1  6  0 -9 
22 29   1  7  0 -9 
23 23  -1  6  0 -9 
23 30   1  7  0 -9 
24 18   1  3  0 -9 
24 20  -1  4  0 -9 
25 11  -1  4  0 -9 
25 16   1  5  0 -9 
25 26   1  3  0 -9 
25 31  -1  4  0 -9 
26 11  -1  5  0 -9 
26 16   1  6  0 -9 
26 25   1  3  0 -9 
26 28   1  6  0 -9 
26 31  -1  5  0 -9 
27 27   1  8  0 -9 
28 28   1  8  0 -9 
29 29   1  8  0 -9 
30 30   1  8  0 -9 
31 16   1  7  0 -9 
31 28   1  7  0 -9 
31 31  -1  6  0 -9 
32 17   1  7  0 -9 
32 30   1  7  0 -9 
32 32  -1  6  0 -9 
33 18   1  2  0 -9 
33 24  -1  1  0 -9 
33 27  -1  4  0 -9 
33 33   1  0  0 -9 
33 36   1  3  0 -9 
34 11  -1  3  0 -9 
34 25  -1  1  0 -9 
34 26   1  2  0 -9 
34 28  -1  4  0 -9 
34 34   1  0  0 -9 
34 35  -1  1  0 -9 
34 37   1  3  0 -9 
34 40  -1  4  0 -9 
34 42   1  2  0 -9 
34 43   1  5  0 -9 
35 11  -1  4  0 -9 
35 40  -1  5  0 -9 
35 42   1  3  0 -9 
35 43   1  6  0 -9 
36 27   1  7  0 -9 
36 36  -1  6  0 -9 
37 28   1  7  0 -9 
37 37  -1  6  0 -9 
38 29   1  7  0 -9 
38 38  -1  6  0 -9 
39 30   1  7  0 -9 
39 39  -1  6  0 -9 
40 40  -1  6  0 -9 
40 43   1  7  0 -9 
41 41  -1  6  0 -9 
41 44   1  7  0 -9 
42 11  -1  5  0 -9 
42 16   1  6  0 -9 
42 35   1  3  0 -9 
42 40  -1  4  0 -9 
43 43   1  8  0 -9 
44 44   1  8  0 -9 
45  0   1 -1  0 -9 
45  1  -1  0  0 -9 
45  3   1  2  0 -9 
45  5  -1  3  0 -9 
45  9   1  1  0 -9 
45 12   1  4  0 -9 
45 24  -1  0  0 -9 
45 45  -1 -2  0 -9 
45 46  -1  0  0 -9 
45 48  -1  0  0 -9 
45 50   1 -1  0 -9 
45 54  -1  2 -1  0  0 -9 
45 58   1  1  0 -9 
45 66   1 -1  0 -9 
45 71  -1  0  0 -9 
45 75   1  1  0 -9 
45 81  -1  2  0 -9 
45 90   1  1  0 -9 
45 94  -1  2  0 -9 
45 100   1  3  0 -9 
46 20  -1  4  0 -9 
46 27   1  5  0 -9 
46 54  -1  4  0 -9 
46 90   1  3  0 -9 
46 94  -1  4  0 -9 
46 100   1  5  0 -9 
47  2  -1  0  0 -9 
47  6  -1  3  0 -9 
47 10   1  1  0 -9 
47 11  -1  2  0 -9 
47 13   1  4  0 -9 
47 18  -1  0  0 -9 
47 19   1 -1  0 -9 
47 20  -1  3  0 -9 
47 21   1  2  0 -9 
47 25  -1  0  0 -9 
47 26   1  1  0 -9 
47 27   1  4  0 -9 
47 28  -1  3  0 -9 
47 46   1 -1  0 -9 
47 47  -1 -2  0 -9 
47 51   1 -1  0 -9 
47 54  -1  3  0 -9 
47 55  -1  0  0 -9 
47 59   1  1  0 -9 
47 67   1 -1  0 -9 
47 68  -1  0  0 -9 
47 72  -1  0  0 -9 
47 76   1  1  0 -9 
47 82  -1  2  0 -9 
47 90   1  2  0 -9 
47 94  -1  3  0 -9 
47 100   1  4  0 -9 
48  3  -1  4  0 -9 
48 58  -1  5  0 -9 
48 69   1  3  0 -9 
48 81   1  6  0 -9 
49  4  -1  4  0 -9 
49 60  -1  5  0 -9 
49 70   1  3  0 -9 
49 83   1  6  0 -9 
50  5  -1  4  0 -9 
50 12   1  5  0 -9 
50 46  -1  1  0 -9 
50 48  -1  1  0 -9 
50 50   1  0  0 -9 
50 54  -1  5 -1  3 -1  1  0 -9 
50 58   1  2  0 -9 
50 69   1  2  0 -9 
50 71  -1  1  0 -9 
50 75   1  2  0 -9 
50 81  -1  3  0 -9 
50 90   1  2  0 -9 
50 94  -1  3  0 -9 
50 100   1  6  1  4  0 -9 
51  6  -1  4  0 -9 
51 13   1  5  0 -9 
51 51   1  0  0 -9 
51 54  -1  4  0 -9 
51 55  -1  1  0 -9 
51 59   1  2  0 -9 
51 72  -1  1  0 -9 
51 76   1  2  0 -9 
51 82  -1  3  0 -9 
51 91   1  2  0 -9 
51 95  -1  3  0 -9 
51 100   1  5  0 -9 
52  7  -1  4  0 -9 
52 14   1  5  0 -9 
52 49  -1  1  0 -9 
52 52   1  0  0 -9 
52 56  -1  1  0 -9 
52 60  -1  4  0 -9 
52 61   1  3  0 -9 
52 63  -1  4  0 -9 
52 70   1  2  0 -9 
52 73  -1  1  0 -9 
52 77   1  2  0 -9 
52 83   1  5  0 -9 
52 84  -1  4  0 -9 
52 92   1  2  0 -9 
52 96  -1  3  0 -9 
52 101   1  5  0 -9 
53  8  -1  4  0 -9 
53 15   1  5  0 -9 
53 53   1  0  0 -9 
53 57  -1  1  0 -9 
53 59   1  3  0 -9 
53 62   1  3  0 -9 
53 64  -1  4  0 -9 
53 74  -1  1  0 -9 
53 78   1  2  0 -9 
53 82  -1  4  0 -9 
53 85  -1  4  0 -9 
53 93   1  2  0 -9 
53 97  -1  3  0 -9 
53 102   1  5  0 -9 
54 54  -1  6  0 -9 
54 100   1  7  0 -9 
55 21  -1  4  0 -9 
55 28   1  5  0 -9 
55 54  -1  5  0 -9 
55 59  -1  5  0 -9 
55 82   1  6  0 -9 
55 91   1  3  0 -9 
55 95  -1  4  0 -9 
55 100   1  6  0 -9 
56 22  -1  4  0 -9 
56 29   1  5  0 -9 
56 63  -1  5  0 -9 
56 92   1  3  0 -9 
56 96  -1  4  0 -9 
56 101   1  6  0 -9 
57 23  -1  4  0 -9 
57 30   1  5  0 -9 
57 64  -1  5  0 -9 
57 93   1  3  0 -9 
57 97  -1  4  0 -9 
57 102   1  6  0 -9 
58 58  -1  6  0 -9 
58 81   1  7  0 -9 
59 59  -1  6  0 -9 
59 82   1  7  0 -9 
60 60  -1  6  0 -9 
60 83   1  7  0 -9 
61 61  -1  6  0 -9 
61 84   1  7  0 -9 
62 62  -1  6  0 -9 
62 85   1  7  0 -9 
63 63  -1  6  0 -9 
63 101   1  7  0 -9 
64 64  -1  6  0 -9 
64 102   1  7  0 -9 
65 65  -1  6  0 -9 
65 103   1  7  0 -9 
66  1  -1  1  0 -9 
66  5  -1  4  1  2  0 -9 
66  9   1  2  0 -9 
66 12   1  5  0 -9 
66 18   1  2  0 -9 
66 20  -1  3  0 -9 
66 24  -1  1  0 -9 
66 46  -1  1  0 -9 
66 54  -1  3  0 -9 
66 66   1  0  0 -9 
66 71  -1  1  0 -9 
66 75   1  2  0 -9 
66 81  -1  3  0 -9 
66 90   1  2  0 -9 
66 94  -1  3  0 -9 
66 100   1  4  0 -9 
67  2  -1  1  0 -9 
67  6  -1  4  1  2  0 -9 
67 10   1  2  0 -9 
67 11  -1  3  0 -9 
67 13   1  5  0 -9 
67 25  -1  1  0 -9 
67 26   1  2  0 -9 
67 31  -1  3  0 -9 
67 67   1  0  0 -9 
67 68  -1  1  0 -9 
67 72  -1  1  0 -9 
67 76   1  2  0 -9 
67 79  -1  3  0 -9 
67 82  -1  3  0 -9 
67 95  -1  3  0 -9 
67 98   1  2  0 -9 
67 104   1  4  0 -9 
68 28   1  5  0 -9 
68 31  -1  4  0 -9 
68 79  -1  4  0 -9 
68 95  -1  4  0 -9 
68 98   1  3  0 -9 
68 104   1  5  0 -9 
69  3  -1  5  0 -9 
69 48   1  3  0 -9 
69 58  -1  4  0 -9 
70  4  -1  5  0 -9 
70 49   1  3  0 -9 
70 60  -1  4  0 -9 
71  5  -1  5  0 -9 
71 12   1  6  0 -9 
71 54  -1  4  0 -9 
71 75   1  3  0 -9 
71 81  -1  4  0 -9 
71 94  -1  4  0 -9 
71 100   1  5  0 -9 
72  6  -1  5  0 -9 
72 13   1  6  0 -9 
72 76   1  3  0 -9 
72 79  -1  4  0 -9 
72 82  -1  4  0 -9 
72 95  -1  4  0 -9 
72 104   1  5  0 -9 
73  7  -1  5  0 -9 
73 14   1  6  0 -9 
73 77   1  3  0 -9 
73 86  -1  4  0 -9 
73 96  -1  4  0 -9 
73 105   1  5  0 -9 
74  8  -1  5  0 -9 
74 15   1  6  0 -9 
74 78   1  3  0 -9 
74 87  -1  4  0 -9 
74 97  -1  4  0 -9 
74 106   1  5  0 -9 
75  5  -1  4  0 -9 
75 27   1  6  0 -9 
75 54  -1  5  0 -9 
75 71   1  3  0 -9 
75 81   1  7  0 -9 
75 94  -1  5  0 -9 
75 100   1  6  0 -9 
76  6  -1  4  0 -9 
76 28   1  6  0 -9 
76 72   1  3  0 -9 
76 79  -1  5  0 -9 
76 82   1  7  0 -9 
76 95  -1  5  0 -9 
76 104   1  6  0 -9 
77  7  -1  4  0 -9 
77 29   1  6  0 -9 
77 73   1  3  0 -9 
77 84   1  6  0 -9 
77 86  -1  5  0 -9 
77 96  -1  5  0 -9 
77 105   1  6  0 -9 
78  8  -1  4  0 -9 
78 30   1  6  0 -9 
78 74   1  3  0 -9 
78 82   1  6  0 -9 
78 85   1  6  0 -9 
78 87  -1  5  0 -9 
78 97  -1  5  0 -9 
78 106   1  6  0 -9 
79 79  -1  6  0 -9 
79 104   1  7  0 -9 
80 30   1  5  0 -9 
80 32  -1  4  0 -9 
80 88  -1  5  0 -9 
80 97  -1  4  0 -9 
80 99   1  3  0 -9 
80 107   1  6  0 -9 
81 81   1  8  0 -9 
82 82   1  8  0 -9 
83 83   1  8  0 -9 
84 84   1  8  0 -9 
85 85   1  8  0 -9 
86 84   1  7  0 -9 
86 86  -1  6  0 -9 
86 105   1  7  0 -9 
87 82   1  7  0 -9 
87 85   1  7  0 -9 
87 87  -1  6  0 -9 
87 106   1  7  0 -9 
88 88  -1  6  0 -9 
88 107   1  7  0 -9 
89 85   1  7  0 -9 
89 89  -1  6  0 -9 
89 108   1  7  0 -9 
90 20  -1  5  0 -9 
90 27   1  6  0 -9 
90 46   1  3  0 -9 
90 54  -1  5  0 -9 
90 94  -1  5  0 -9 
90 100   1  6  0 -9 
91 21  -1  5  0 -9 
91 28   1  6  0 -9 
91 54  -1  4  0 -9 
91 55   1  3  0 -9 
91 59  -1  4  0 -9 
91 95  -1  5  0 -9 
91 104   1  6  0 -9 
92 22  -1  5  0 -9 
92 29   1  6  0 -9 
92 56   1  3  0 -9 
92 63  -1  4  0 -9 
92 96  -1  5  0 -9 
92 105   1  6  0 -9 
93 23  -1  5  0 -9 
93 30   1  6  0 -9 
93 57   1  3  0 -9 
93 64  -1  4  0 -9 
93 97  -1  5  0 -9 
93 106   1  6  0 -9 
94 27   1  7  0 -9 
94 94  -1  6  0 -9 
94 100   1  7  0 -9 
95 28   1  7  0 -9 
95 95  -1  6  0 -9 
95 104   1  7  0 -9 
96 29   1  7  0 -9 
96 96  -1  6  0 -9 
96 105   1  7  0 -9 
97 30   1  7  0 -9 
97 97  -1  6  0 -9 
97 106   1  7  0 -9 
98 16   1  6  0 -9 
98 28   1  6  0 -9 
98 31  -1  5  0 -9 
98 68   1  3  0 -9 
98 79  -1  5  0 -9 
98 95  -1  5  0 -9 
98 104   1  6  0 -9 
99 17   1  6  0 -9 
99 30   1  6  0 -9 
99 32  -1  5  0 -9 
99 80   1  3  0 -9 
99 88  -1  4  0 -9 
99 97  -1  5  0 -9 
99 106   1  6  0 -9 
100 100   1  8  0 -9 
101 101   1  8  0 -9 
102 102   1  8  0 -9 
103 103   1  8  0 -9 
104 104   1  8  0 -9 
105 105   1  8  0 -9 
106 106   1  8  0 -9 
107 107   1  8  0 -9 
108 108   1  8  0 -9 
109  1  -1  0  0 -9 
109  5   1  1  0 -9 
109 18   1  1  0 -9 
109 24  -1  0  0 -9 
109 27  -1  3  0 -9 
109 33   1 -1  0 -9 
109 36   1  2  0 -9 
109 46  -1  0  0 -9 
109 66   1 -1  0 -9 
109 71  -1  0  0 -9 
109 75   1  1  0 -9 
109 81  -1  2  0 -9 
109 109  -1 -2  0 -9 
109 114   1 -1  0 -9 
109 118  -1  0  0 -9 
109 124   1  1  0 -9 
110  2  -1  0  0 -9 
110  6   1  1  0 -9 
110 16  -1  3  0 -9 
110 25  -1  0  0 -9 
110 26   1  1  0 -9 
110 28  -1  3  0 -9 
110 34   1 -1  0 -9 
110 35  -1  0  0 -9 
110 37   1  2  0 -9 
110 40  -1  3  0 -9 
110 43   1  4  0 -9 
110 67   1 -1  0 -9 
110 68  -1  0  0 -9 
110 72  -1  0  0 -9 
110 76   1  1  0 -9 
110 82  -1  2  0 -9 
110 110  -1 -2  0 -9 
110 111   1 -1  0 -9 
110 115   1 -1  0 -9 
110 119  -1  0  0 -9 
110 122  -1  3  0 -9 
110 125   1  1  0 -9 
110 137   1  2  0 -9 
110 139  -1  3  0 -9 
110 141   1  4  0 -9 
111 16  -1  4  0 -9 
111 40  -1  4  0 -9 
111 43   1  5  0 -9 
111 122  -1  4  0 -9 
111 137   1  3  0 -9 
111 139  -1  4  0 -9 
111 141   1  5  0 -9 
112  3   1  2  0 -9 
112 48   1  2  0 -9 
112 69  -1  1  0 -9 
112 81  -1  4  0 -9 
112 112   1  0  0 -9 
112 124   1  3  0 -9 
113  4   1  2  0 -9 
113 49   1  2  0 -9 
113 70  -1  1  0 -9 
113 83  -1  4  0 -9 
113 113   1  0  0 -9 
113 126   1  3  0 -9 
114  5   1  2  0 -9 
114 12  -1  3  0 -9 
114 71  -1  1  0 -9 
114 75   1  2  0 -9 
114 81  -1  3  0 -9 
114 94  -1  3  0 -9 
114 114   1  0  0 -9 
114 118  -1  1  0 -9 
114 124   1  2  0 -9 
114 133   1  2  0 -9 
115  6   1  2  0 -9 
115 13  -1  3  0 -9 
115 72  -1  1  0 -9 
115 76   1  2  0 -9 
115 82  -1  3  0 -9 
115 95  -1  3  0 -9 
115 115   1  0  0 -9 
115 119  -1  1  0 -9 
115 122  -1  4  0 -9 
115 125   1  2  0 -9 
115 134   1  2  0 -9 
115 141   1  5  0 -9 
116  7   1  2  0 -9 
116 14  -1  3  0 -9 
116 73  -1  1  0 -9 
116 77   1  2  0 -9 
116 84  -1  4  0 -9 
116 96  -1  3  0 -9 
116 116   1  0  0 -9 
116 120  -1  1  0 -9 
116 127   1  3  0 -9 
116 129  -1  4  0 -9 
116 135   1  2  0 -9 
116 142   1  5  0 -9 
117  8   1  2  0 -9 
117 15  -1  3  0 -9 
117 74  -1  1  0 -9 
117 78   1  2  0 -9 
117 82  -1  4  0 -9 
117 85  -1  4  0 -9 
117 97  -1  3  0 -9 
117 117   1  0  0 -9 
117 121  -1  1  0 -9 
117 125   1  3  0 -9 
117 128   1  3  0 -9 
117 130  -1  4  0 -9 
117 136   1  2  0 -9 
117 143   1  5  0 -9 
118 12  -1  4  0 -9 
118 27   1  5  0 -9 
118 36  -1  4  0 -9 
118 81   1  6  0 -9 
118 94  -1  4  0 -9 
118 124  -1  5  0 -9 
118 133   1  3  0 -9 
119 13  -1  4  0 -9 
119 28   1  5  0 -9 
119 37  -1  4  0 -9 
119 82   1  6  0 -9 
119 95  -1  4  0 -9 
119 122  -1  5  0 -9 
119 125  -1  5  0 -9 
119 134   1  3  0 -9 
119 141   1  6  0 -9 
120 14  -1  4  0 -9 
120 29   1  5  0 -9 
120 38  -1  4  0 -9 
120 96  -1  4  0 -9 
120 129  -1  5  0 -9 
120 135   1  3  0 -9 
120 142   1  6  0 -9 
121 15  -1  4  0 -9 
121 30   1  5  0 -9 
121 39  -1  4  0 -9 
121 97  -1  4  0 -9 
121 130  -1  5  0 -9 
121 136   1  3  0 -9 
121 143   1  6  0 -9 
122 122  -1  6  0 -9 
122 141   1  7  0 -9 
123 17  -1  4  0 -9 
123 41  -1  4  0 -9 
123 44   1  5  0 -9 
123 131  -1  5  0 -9 
123 138   1  3  0 -9 
123 140  -1  4  0 -9 
123 144   1  6  0 -9 
124 81   1  7  0 -9 
124 124  -1  6  0 -9 
125 82   1  7  0 -9 
125 125  -1  6  0 -9 
126 83   1  7  0 -9 
126 126  -1  6  0 -9 
127 84   1  7  0 -9 
127 127  -1  6  0 -9 
128 85   1  7  0 -9 
128 128  -1  6  0 -9 
129 129  -1  6  0 -9 
129 142   1  7  0 -9 
130 130  -1  6  0 -9 
130 143   1  7  0 -9 
131 131  -1  6  0 -9 
131 144   1  7  0 -9 
132 132  -1  6  0 -9 
132 145   1  7  0 -9 
133 12   1  7  0 -9 
133 27   1  6  0 -9 
133 36  -1  5  0 -9 
133 94  -1  5  0 -9 
133 100   1  6  0 -9 
133 118   1  3  0 -9 
133 124  -1  4  0 -9 
134 13   1  7  0 -9 
134 28   1  6  0 -9 
134 37  -1  5  0 -9 
134 95  -1  5  0 -9 
134 104   1  6  0 -9 
134 119   1  3  0 -9 
134 122  -1  4  0 -9 
134 125  -1  4  0 -9 
135 14   1  7  0 -9 
135 29   1  6  0 -9 
135 38  -1  5  0 -9 
135 96  -1  5  0 -9 
135 105   1  6  0 -9 
135 120   1  3  0 -9 
135 129  -1  4  0 -9 
136 15   1  7  0 -9 
136 30   1  6  0 -9 
136 39  -1  5  0 -9 
136 97  -1  5  0 -9 
136 106   1  6  0 -9 
136 121   1  3  0 -9 
136 130  -1  4  0 -9 
137 16   1  7  0 -9 
137 40  -1  5  0 -9 
137 43   1  6  0 -9 
137 111   1  3  0 -9 
137 122  -1  5  0 -9 
137 139  -1  5  0 -9 
137 141   1  6  0 -9 
138 17   1  7  0 -9 
138 41  -1  5  0 -9 
138 44   1  6  0 -9 
138 123   1  3  0 -9 
138 131  -1  4  0 -9 
138 140  -1  5  0 -9 
138 146   1  6  0 -9 
139 43   1  7  0 -9 
139 139  -1  6  0 -9 
139 141   1  7  0 -9 
140 44   1  7  0 -9 
140 140  -1  6  0 -9 
140 146   1  7  0 -9 
141 141   1  8  0 -9 
142 142   1  8  0 -9 
143 143   1  8  0 -9 
144 144   1  8  0 -9 
145 145   1  8  0 -9 
146 146   1  8  0 -9 
147 20   1  1  0 -9 
147 27  -1  2  0 -9 
147 36   1  1  0 -9 
147 54   1  1  0 -9 
147 90  -1  0  0 -9 
147 94   1  1  0 -9 
147 100  -1  2  0 -9 
147 147  -1 -2  0 -9 
147 149   1 -1  0 -9 
147 153  -1  0  0 -9 
147 159   1  1  0 -9 
148 16  -1  2  0 -9 
148 28  -1  2  0 -9 
148 31   1  1  0 -9 
148 37   1  1  0 -9 
148 40  -1  2 -1  0  0 -9 
148 43   1  3  0 -9 
148 79   1  1  0 -9 
148 95   1  1  0 -9 
148 98  -1  0  0 -9 
148 104  -1  2  0 -9 
148 111  -1  0  0 -9 
148 122  -1  2 -1  0  0 -9 
148 137   1  1  0 -9 
148 139  -1  2  0 -9 
148 141   1  3  0 -9 
148 148  -1 -2  0 -9 
148 154  -1  0  0 -9 
148 157   1 -1  0 -9 
148 163   1  1  0 -9 
148 168   1 -1  0 -9 
148 173  -1  0  0 -9 
148 175   1  1  0 -9 
148 177  -1  2  0 -9 
149 20   1  2  0 -9 
149 27  -1  3  0 -9 
149 36   1  2  0 -9 
149 46   1  2  0 -9 
149 54   1  2  0 -9 
149 90  -1  1  0 -9 
149 94  -1  4  1  2  0 -9 
149 100  -1  3  0 -9 
149 149   1  0  0 -9 
149 153  -1  1  0 -9 
149 159   1  2  0 -9 
149 169   1  2  0 -9 
150 21   1  2  0 -9 
150 28  -1  3  0 -9 
150 37   1  2  0 -9 
150 55   1  2  0 -9 
150 82  -1  4  0 -9 
150 91  -1  1  0 -9 
150 95  -1  4  1  2  0 -9 
150 100  -1  4  0 -9 
150 104   1  5  0 -9 
150 125   1  3  0 -9 
150 150   1  0  0 -9 
150 154  -1  1  0 -9 
150 159   1  3  0 -9 
150 163  -1  4  0 -9 
150 170   1  2  0 -9 
150 177   1  5  0 -9 
151 22   1  2  0 -9 
151 29  -1  3  0 -9 
151 38   1  2  0 -9 
151 56   1  2  0 -9 
151 92  -1  1  0 -9 
151 96  -1  4  1  2  0 -9 
151 101  -1  4  0 -9 
151 105   1  5  0 -9 
151 151   1  0  0 -9 
151 155  -1  1  0 -9 
151 160   1  3  0 -9 
151 164  -1  4  0 -9 
151 171   1  2  0 -9 
151 178   1  5  0 -9 
152 23   1  2  0 -9 
152 30  -1  3  0 -9 
152 39   1  2  0 -9 
152 57   1  2  0 -9 
152 93  -1  1  0 -9 
152 97  -1  4  1  2  0 -9 
152 102  -1  4  0 -9 
152 106   1  5  0 -9 
152 152   1  0  0 -9 
152 156  -1  1  0 -9 
152 161   1  3  0 -9 
152 165  -1  4  0 -9 
152 172   1  2  0 -9 
152 179   1  5  0 -9 
153 27   1  6  0 -9 
153 36  -1  5  0 -9 
153 94  -1  5  0 -9 
153 100   1  6  0 -9 
153 159  -1  5  0 -9 
153 169   1  3  0 -9 
154 28   1  6  0 -9 
154 37  -1  5  0 -9 
154 95  -1  5  0 -9 
154 104   1  6  0 -9 
154 163  -1  5  0 -9 
154 170   1  3  0 -9 
154 177   1  6  0 -9 
155 29   1  6  0 -9 
155 38  -1  5  0 -9 
155 96  -1  5  0 -9 
155 105   1  6  0 -9 
155 164  -1  5  0 -9 
155 171   1  3  0 -9 
155 178   1  6  0 -9 
156 30   1  6  0 -9 
156 39  -1  5  0 -9 
156 97  -1  5  0 -9 
156 106   1  6  0 -9 
156 165  -1  5  0 -9 
156 172   1  3  0 -9 
156 179   1  6  0 -9 
157 16  -1  3  0 -9 
157 28  -1  3  0 -9 
157 31   1  2  0 -9 
157 37   1  2  0 -9 
157 40  -1  5 -1  3 -1  1  0 -9 
157 43   1  6  1  4  0 -9 
157 68   1  2  0 -9 
157 79   1  2  0 -9 
157 95  -1  4  1  2  0 -9 
157 98  -1  1  0 -9 
157 104  -1  3  0 -9 
157 111  -1  1  0 -9 
157 122  -1  5 -1  3 -1  1  0 -9 
157 137   1  2  0 -9 
157 139  -1  3  0 -9 
157 141   1  6  1  4  0 -9 
157 154  -1  1  0 -9 
157 157   1  0  0 -9 
157 163   1  2  0 -9 
157 170   1  2  0 -9 
157 173  -1  1  0 -9 
157 175   1  2  0 -9 
157 177  -1  3  0 -9 
158 17  -1  3  0 -9 
158 30  -1  3  0 -9 
158 32   1  2  0 -9 
158 39   1  2  0 -9 
158 41  -1  5 -1  3 -1  1  0 -9 
158 44   1  6  1  4  0 -9 
158 80   1  2  0 -9 
158 97  -1  4  1  2  0 -9 
158 99  -1  1  0 -9 
158 106   1  5  0 -9 
158 107  -1  4  0 -9 
158 123  -1  1  0 -9 
158 131  -1  4  0 -9 
158 138   1  2  0 -9 
158 140  -1  3  0 -9 
158 144   1  5  0 -9 
158 156  -1  1  0 -9 
158 158   1  0  0 -9 
158 165  -1  4  0 -9 
158 166   1  3  0 -9 
158 172   1  2  0 -9 
158 174  -1  1  0 -9 
158 176   1  2  0 -9 
158 179   1  5  0 -9 
158 180  -1  4  0 -9 
159 100   1  7  0 -9 
159 159  -1  6  0 -9 
160 101   1  7  0 -9 
160 160  -1  6  0 -9 
161 102   1  7  0 -9 
161 161  -1  6  0 -9 
162 103   1  7  0 -9 
162 162  -1  6  0 -9 
163 104   1  7  0 -9 
163 163  -1  6  0 -9 
163 177   1  7  0 -9 
164 105   1  7  0 -9 
164 164  -1  6  0 -9 
164 178   1  7  0 -9 
165 106   1  7  0 -9 
165 165  -1  6  0 -9 
165 179   1  7  0 -9 
166 107   1  7  0 -9 
166 166  -1  6  0 -9 
166 180   1  7  0 -9 
167 108   1  7  0 -9 
167 167  -1  6  0 -9 
167 181   1  7  0 -9 
168 16  -1  3  0 -9 
168 40  -1  3  0 -9 
168 43   1  4  0 -9 
168 111  -1  1  0 -9 
168 122  -1  3  0 -9 
168 137   1  2  0 -9 
168 139  -1  3  0 -9 
168 141   1  4  0 -9 
168 168   1  0  0 -9 
168 173  -1  1  0 -9 
168 175   1  2  0 -9 
168 177  -1  3  0 -9 
169 27   1  5  0 -9 
169 36  -1  4  0 -9 
169 94  -1  4  0 -9 
169 100   1  5  0 -9 
169 153   1  3  0 -9 
169 159  -1  4  0 -9 
170 28   1  5  0 -9 
170 37  -1  4  0 -9 
170 95  -1  4  0 -9 
170 104   1  5  0 -9 
170 154   1  3  0 -9 
170 163  -1  4  0 -9 
171 29   1  5  0 -9 
171 38  -1  4  0 -9 
171 96  -1  4  0 -9 
171 105   1  5  0 -9 
171 155   1  3  0 -9 
171 164  -1  4  0 -9 
172 30   1  5  0 -9 
172 39  -1  4  0 -9 
172 97  -1  4  0 -9 
172 106   1  5  0 -9 
172 156   1  3  0 -9 
172 165  -1  4  0 -9 
173 40  -1  4  0 -9 
173 43   1  5  0 -9 
173 122  -1  4  0 -9 
173 139  -1  4  0 -9 
173 141   1  5  0 -9 
173 175   1  3  0 -9 
173 177  -1  4  0 -9 
174 41  -1  4  0 -9 
174 44   1  5  0 -9 
174 140  -1  4  0 -9 
174 146   1  5  0 -9 
174 176   1  3  0 -9 
174 182  -1  4  0 -9 
175 40  -1  5  0 -9 
175 43   1  6  0 -9 
175 122  -1  5  0 -9 
175 139  -1  5  0 -9 
175 141   1  6  0 -9 
175 173   1  3  0 -9 
175 177   1  7  0 -9 
176 41  -1  5  0 -9 
176 44   1  6  0 -9 
176 140  -1  5  0 -9 
176 146   1  6  0 -9 
176 174   1  3  0 -9 
176 180   1  6  0 -9 
176 182  -1  5  0 -9 
177 177   1  8  0 -9 
178 178   1  8  0 -9 
179 179   1  8  0 -9 
180 180   1  8  0 -9 
181 181   1  8  0 -9 
182 146   1  7  0 -9 
182 180   1  7  0 -9 
182 182  -1  6  0 -9 
183  3   1  1  0 -9 
183 58   1  2  0 -9 
183 69  -1  0  0 -9 
183 81  -1  3  0 -9 
183 112   1 -1  0 -9 
183 124   1  2  0 -9 
183 183  -1 -2  0 -9 
183 199   1 -1  0 -9 
183 207  -1  0  0 -9 
183 216   1  1  0 -9 
184  4   1  1  0 -9 
184 60   1  2  0 -9 
184 70  -1  0  0 -9 
184 83  -1  3  0 -9 
184 113   1 -1  0 -9 
184 126   1  2  0 -9 
184 184  -1 -2  0 -9 
184 201   1 -1  0 -9 
184 209  -1  0  0 -9 
184 225   1  1  0 -9 
185  5   1  1  0 -9 
185 12  -1  2  0 -9 
185 54   1  2  0 -9 
185 71  -1  0  0 -9 
185 100  -1  3  0 -9 
185 114   1 -1  0 -9 
185 118  -1  0  0 -9 
185 124   1  1  0 -9 
185 133   1  1  0 -9 
185 169  -1  0  0 -9 
185 185  -1 -2  0 -9 
185 189   1 -1  0 -9 
185 193  -1  0  0 -9 
185 233   1 -1  0 -9 
185 241  -1  0  0 -9 
185 260   1  1  0 -9 
186  6   1  1  0 -9 
186 13  -1  2  0 -9 
186 72  -1  0  0 -9 
186 79   1  2  0 -9 
186 104  -1  3  0 -9 
186 115   1 -1  0 -9 
186 119  -1  0  0 -9 
186 122  -1  3  0 -9 
186 125   1  1  0 -9 
186 134   1  1  0 -9 
186 141   1  4  0 -9 
186 170  -1  0  0 -9 
186 186  -1 -2  0 -9 
186 194  -1  0  0 -9 
186 197   1 -1  0 -9 
186 234   1 -1  0 -9 
186 237  -1  0  0 -9 
186 239   1  1  0 -9 
186 242  -1  0  0 -9 
186 264   1  1  0 -9 
186 269  -1  2  0 -9 
187  7   1  1  0 -9 
187 14  -1  2  0 -9 
187 73  -1  0  0 -9 
187 84  -1  3  0 -9 
187 86   1  2  0 -9 
187 105  -1  3  0 -9 
187 116   1 -1  0 -9 
187 120  -1  0  0 -9 
187 127   1  2  0 -9 
187 129  -1  3  0 -9 
187 135   1  1  0 -9 
187 142   1  4  0 -9 
187 171  -1  0  0 -9 
187 187  -1 -2  0 -9 
187 195  -1  0  0 -9 
187 210  -1  0  0 -9 
187 212   1 -1  0 -9 
187 221  -1  2 -1  0  0 -9 
187 228   1  1  0 -9 
187 235   1 -1  0 -9 
187 246  -1  0  0 -9 
187 251   1  1  0 -9 
187 256  -1  2  0 -9 
187 265   1  1  0 -9 
187 270  -1  2  0 -9 
187 275   1  3  0 -9 
188  8   1  1  0 -9 
188 15  -1  2  0 -9 
188 74  -1  0  0 -9 
188 82  -1  3  0 -9 
188 85  -1  3  0 -9 
188 87   1  2  0 -9 
188 106  -1  3  0 -9 
188 117   1 -1  0 -9 
188 121  -1  0  0 -9 
188 125   1  2  0 -9 
188 128   1  2  0 -9 
188 130  -1  3  0 -9 
188 136   1  1  0 -9 
188 143   1  4  0 -9 
188 172  -1  0  0 -9 
188 188  -1 -2  0 -9 
188 196  -1  0  0 -9 
188 208  -1  0  0 -9 
188 211  -1  0  0 -9 
188 213   1 -1  0 -9 
188 220   1  1  0 -9 
188 222  -1  2 -1  0  0 -9 
188 229   1  1  0 -9 
188 236   1 -1  0 -9 
188 247  -1  0  0 -9 
188 250  -1  2  0 -9 
188 252   1  1  0 -9 
188 257  -1  2  0 -9 
188 266   1  1  0 -9 
188 271  -1  2  0 -9 
188 276   1  3  0 -9 
189 54   1  3  0 -9 
189 100  -1  4  0 -9 
189 189   1  0  0 -9 
189 193  -1  1  0 -9 
189 260   1  2  0 -9 
190 21   1  1  0 -9 
190 28  -1  2  0 -9 
190 37   1  1  0 -9 
190 54   1  2  0 -9 
190 59   1  2  0 -9 
190 82  -1  3  0 -9 
190 91  -1  0  0 -9 
190 95   1  1  0 -9 
190 100  -1  3  0 -9 
190 125   1  2  0 -9 
190 150   1 -1  0 -9 
190 154  -1  0  0 -9 
190 159   1  2  0 -9 
190 163  -1  3  0 -9 
190 177   1  4  0 -9 
190 189   1 -1  0 -9 
190 190  -1 -2  0 -9 
190 193  -1  0  0 -9 
190 194   1 -1  0 -9 
190 200   1 -1  0 -9 
190 208  -1  0  0 -9 
190 216   1  2  0 -9 
190 220  -1  3  0 -9 
190 250   1  4  0 -9 
190 264   1  2  0 -9 
190 269  -1  3  0 -9 
191 22   1  1  0 -9 
191 29  -1  2  0 -9 
191 38   1  1  0 -9 
191 63   1  2  0 -9 
191 92  -1  0  0 -9 
191 96   1  1  0 -9 
191 101  -1  3  0 -9 
191 151   1 -1  0 -9 
191 155  -1  0  0 -9 
191 160   1  2  0 -9 
191 164  -1  3  0 -9 
191 178   1  4  0 -9 
191 191  -1 -2  0 -9 
191 195   1 -1  0 -9 
191 204   1 -1  0 -9 
191 217  -1  0  0 -9 
191 221  -1  3  0 -9 
191 226   1  1  0 -9 
191 265   1  2  0 -9 
191 270  -1  3  0 -9 
191 275   1  4  0 -9 
192 23   1  1  0 -9 
192 30  -1  2  0 -9 
192 39   1  1  0 -9 
192 64   1  2  0 -9 
192 93  -1  0  0 -9 
192 97   1  1  0 -9 
192 102  -1  3  0 -9 
192 152   1 -1  0 -9 
192 156  -1  0  0 -9 
192 161   1  2  0 -9 
192 165  -1  3  0 -9 
192 179   1  4  0 -9 
192 192  -1 -2  0 -9 
192 196   1 -1  0 -9 
192 205   1 -1  0 -9 
192 216   1  1  0 -9 
192 218  -1  0  0 -9 
192 222  -1  3  0 -9 
192 227   1  1  0 -9 
192 266   1  2  0 -9 
192 271  -1  3  0 -9 
192 276   1  4  0 -9 
193 159  -1  4  0 -9 
193 216  -1  4  0 -9 
193 260   1  3  0 -9 
194 163  -1  4  0 -9 
194 177   1  5  0 -9 
194 220  -1  4  0 -9 
194 250   1  5  0 -9 
194 264   1  3  0 -9 
194 269  -1  4  0 -9 
195 164  -1  4  0 -9 
195 178   1  5  0 -9 
195 221  -1  4  0 -9 
195 265   1  3  0 -9 
195 270  -1  4  0 -9 
195 275   1  5  0 -9 
196 165  -1  4  0 -9 
196 179   1  5  0 -9 
196 222  -1  4  0 -9 
196 266   1  3  0 -9 
196 271  -1  4  0 -9 
196 276   1  5  0 -9 
197 79   1  3  0 -9 
197 104  -1  4  0 -9 
197 122  -1  4  0 -9 
197 141   1  5  0 -9 
197 194  -1  1  0 -9 
197 197   1  0  0 -9 
197 237  -1  1  0 -9 
197 239   1  2  0 -9 
197 264   1  2  0 -9 
197 269  -1  3  0 -9 
198 17  -1  2  0 -9 
198 30  -1  2  0 -9 
198 32   1  1  0 -9 
198 39   1  1  0 -9 
198 41  -1  2 -1  0  0 -9 
198 44   1  3  0 -9 
198 88   1  2  0 -9 
198 97   1  1  0 -9 
198 99  -1  0  0 -9 
198 107  -1  3  0 -9 
198 123  -1  0  0 -9 
198 131  -1  3  0 -9 
198 138   1  1  0 -9 
198 140  -1  2  0 -9 
198 144   1  4  0 -9 
198 156  -1  0  0 -9 
198 158   1 -1  0 -9 
198 165  -1  3  0 -9 
198 166   1  2  0 -9 
198 174  -1  0  0 -9 
198 176   1  1  0 -9 
198 179   1  4  0 -9 
198 180  -1  3  0 -9 
198 196   1 -1  0 -9 
198 198  -1 -2  0 -9 
198 214   1 -1  0 -9 
198 222  -1  3  0 -9 
198 223  -1  0  0 -9 
198 230   1  1  0 -9 
198 238   1 -1  0 -9 
198 240  -1  0  0 -9 
198 248  -1  0  0 -9 
198 253   1  1  0 -9 
198 258  -1  2  0 -9 
198 266   1  2  0 -9 
198 271  -1  3  0 -9 
198 276   1  4  0 -9 
199 58   1  3  0 -9 
199 81  -1  4  0 -9 
199 199   1  0  0 -9 
199 207  -1  1  0 -9 
199 216   1  2  0 -9 
199 241   1  2  0 -9 
200 59   1  3  0 -9 
200 82  -1  4  0 -9 
200 200   1  0  0 -9 
200 208  -1  1  0 -9 
200 216   1  3  0 -9 
200 220  -1  4  0 -9 
200 242   1  2  0 -9 
200 250   1  5  0 -9 
201 60   1  3  0 -9 
201 83  -1  4  0 -9 
201 201   1  0  0 -9 
201 209  -1  1  0 -9 
201 225   1  2  0 -9 
201 243   1  2  0 -9 
202 61   1  3  0 -9 
202 84  -1  4  0 -9 
202 202   1  0  0 -9 
202 210  -1  1  0 -9 
202 225   1  3  0 -9 
202 226   1  3  0 -9 
202 228  -1  4  0 -9 
202 244   1  2  0 -9 
202 256   1  5  0 -9 
203 62   1  3  0 -9 
203 85  -1  4  0 -9 
203 203   1  0  0 -9 
203 211  -1  1  0 -9 
203 227   1  3  0 -9 
203 229  -1  4  0 -9 
203 245   1  2  0 -9 
203 257   1  5  0 -9 
204 63   1  3  0 -9 
204 101  -1  4  0 -9 
204 204   1  0  0 -9 
204 217  -1  1  0 -9 
204 221  -1  4  0 -9 
204 226   1  2  0 -9 
204 261   1  2  0 -9 
204 275   1  5  0 -9 
205 64   1  3  0 -9 
205 102  -1  4  0 -9 
205 205   1  0  0 -9 
205 216   1  2  0 -9 
205 218  -1  1  0 -9 
205 222  -1  4  0 -9 
205 227   1  2  0 -9 
205 262   1  2  0 -9 
205 276   1  5  0 -9 
206 65   1  3  0 -9 
206 103  -1  4  0 -9 
206 206   1  0  0 -9 
206 219  -1  1  0 -9 
206 226   1  3  0 -9 
206 231  -1  4  0 -9 
206 263   1  2  0 -9 
206 277   1  5  0 -9 
207 124  -1  4  0 -9 
207 216  -1  5  0 -9 
207 241   1  3  0 -9 
208 125  -1  4  0 -9 
208 220  -1  5  0 -9 
208 242   1  3  0 -9 
208 250   1  6  0 -9 
209 126  -1  4  0 -9 
209 225  -1  5  0 -9 
209 243   1  3  0 -9 
210 127  -1  4  0 -9 
210 228  -1  5  0 -9 
210 244   1  3  0 -9 
210 256   1  6  0 -9 
211 128  -1  4  0 -9 
211 229  -1  5  0 -9 
211 245   1  3  0 -9 
211 257   1  6  0 -9 
212 84  -1  4  0 -9 
212 86   1  3  0 -9 
212 105  -1  4  0 -9 
212 129  -1  4  0 -9 
212 142   1  5  0 -9 
212 195  -1  1  0 -9 
212 210  -1  1  0 -9 
212 212   1  0  0 -9 
212 221  -1  5 -1  3 -1  1  0 -9 
212 228   1  2  0 -9 
212 244   1  2  0 -9 
212 246  -1  1  0 -9 
212 251   1  2  0 -9 
212 256  -1  3  0 -9 
212 265   1  2  0 -9 
212 270  -1  3  0 -9 
212 275   1  6  1  4  0 -9 
213 82  -1  4  0 -9 
213 85  -1  4  0 -9 
213 87   1  3  0 -9 
213 106  -1  4  0 -9 
213 130  -1  4  0 -9 
213 143   1  5  0 -9 
213 196  -1  1  0 -9 
213 208  -1  1  0 -9 
213 211  -1  1  0 -9 
213 213   1  0  0 -9 
213 220   1  2  0 -9 
213 222  -1  5 -1  3 -1  1  0 -9 
213 229   1  2  0 -9 
213 242   1  2  0 -9 
213 245   1  2  0 -9 
213 247  -1  1  0 -9 
213 250  -1  3  0 -9 
213 252   1  2  0 -9 
213 257  -1  3  0 -9 
213 266   1  2  0 -9 
213 271  -1  3  0 -9 
213 276   1  6  1  4  0 -9 
214 88   1  3  0 -9 
214 107  -1  4  0 -9 
214 131  -1  4  0 -9 
214 144   1  5  0 -9 
214 214   1  0  0 -9 
214 222  -1  4  0 -9 
214 223  -1  1  0 -9 
214 230   1  2  0 -9 
214 248  -1  1  0 -9 
214 253   1  2  0 -9 
214 258  -1  3  0 -9 
214 267   1  2  0 -9 
214 272  -1  3  0 -9 
214 276   1  5  0 -9 
215 85  -1  4  0 -9 
215 89   1  3  0 -9 
215 108  -1  4  0 -9 
215 132  -1  4  0 -9 
215 145   1  5  0 -9 
215 211  -1  1  0 -9 
215 215   1  0  0 -9 
215 224  -1  1  0 -9 
215 229  -1  4  0 -9 
215 230   1  3  0 -9 
215 232  -1  4  0 -9 
215 245   1  2  0 -9 
215 249  -1  1  0 -9 
215 254   1  2  0 -9 
215 257   1  5  0 -9 
215 258  -1  4  0 -9 
215 268   1  2  0 -9 
215 273  -1  3  0 -9 
215 278   1  5  0 -9 
216 216  -1  6  0 -9 
217 160  -1  4  0 -9 
217 221  -1  5  0 -9 
217 226  -1  5  0 -9 
217 261   1  3  0 -9 
217 275   1  6  0 -9 
218 161  -1  4  0 -9 
218 216  -1  5  0 -9 
218 222  -1  5  0 -9 
218 227  -1  5  0 -9 
218 262   1  3  0 -9 
218 276   1  6  0 -9 
219 162  -1  4  0 -9 
219 231  -1  5  0 -9 
219 263   1  3  0 -9 
219 277   1  6  0 -9 
220 220  -1  6  0 -9 
220 250   1  7  0 -9 
221 221  -1  6  0 -9 
221 275   1  7  0 -9 
222 222  -1  6  0 -9 
222 276   1  7  0 -9 
223 166  -1  4  0 -9 
223 180   1  5  0 -9 
223 222  -1  5  0 -9 
223 230  -1  5  0 -9 
223 258   1  6  0 -9 
223 267   1  3  0 -9 
223 272  -1  4  0 -9 
223 276   1  6  0 -9 
224 167  -1  4  0 -9 
224 181   1  5  0 -9 
224 232  -1  5  0 -9 
224 268   1  3  0 -9 
224 273  -1  4  0 -9 
224 278   1  6  0 -9 
225 225  -1  6  0 -9 
226 226  -1  6  0 -9 
227 227  -1  6  0 -9 
228 228  -1  6  0 -9 
228 256   1  7  0 -9 
229 229  -1  6  0 -9 
229 257   1  7  0 -9 
230 230  -1  6  0 -9 
230 258   1  7  0 -9 
231 231  -1  6  0 -9 
231 277   1  7  0 -9 
232 232  -1  6  0 -9 
232 278   1  7  0 -9 
233 12  -1  3  0 -9 
233 27   1  4  0 -9 
233 36  -1  3  0 -9 
233 81   1  5  0 -9 
233 94  -1  3  0 -9 
233 118  -1  1  0 -9 
233 124  -1  4  1  2  0 -9 
233 133   1  2  0 -9 
233 153   1  2  0 -9 
233 159  -1  3  0 -9 
233 169  -1  1  0 -9 
233 193  -1  1  0 -9 
233 207   1  2  0 -9 
233 216  -1  3  0 -9 
233 233   1  0  0 -9 
233 241  -1  1  0 -9 
233 260   1  2  0 -9 
234 13  -1  3  0 -9 
234 28   1  4  0 -9 
234 37  -1  3  0 -9 
234 82   1  5  0 -9 
234 95  -1  3  0 -9 
234 119  -1  1  0 -9 
234 122  -1  4  1  2  0 -9 
234 125  -1  4  1  2  0 -9 
234 134   1  2  0 -9 
234 141   1  5  0 -9 
234 154   1  2  0 -9 
234 163  -1  3  0 -9 
234 170  -1  1  0 -9 
234 194  -1  1  0 -9 
234 208   1  2  0 -9 
234 220  -1  3  0 -9 
234 234   1  0  0 -9 
234 237  -1  1  0 -9 
234 239   1  2  0 -9 
234 242  -1  1  0 -9 
234 264   1  2  0 -9 
234 269  -1  3  0 -9 
235 14  -1  3  0 -9 
235 29   1  4  0 -9 
235 38  -1  3  0 -9 
235 96  -1  3  0 -9 
235 120  -1  1  0 -9 
235 129  -1  4  1  2  0 -9 
235 135   1  2  0 -9 
235 142   1  5  0 -9 
235 155   1  2  0 -9 
235 164  -1  3  0 -9 
235 171  -1  1  0 -9 
235 195  -1  1  0 -9 
235 221  -1  3  0 -9 
235 235   1  0  0 -9 
235 246  -1  1  0 -9 
235 251   1  2  0 -9 
235 256  -1  3  0 -9 
235 265   1  2  0 -9 
235 270  -1  3  0 -9 
235 275   1  4  0 -9 
236 15  -1  3  0 -9 
236 30   1  4  0 -9 
236 39  -1  3  0 -9 
236 97  -1  3  0 -9 
236 121  -1  1  0 -9 
236 130  -1  4  1  2  0 -9 
236 136   1  2  0 -9 
236 143   1  5  0 -9 
236 156   1  2  0 -9 
236 165  -1  3  0 -9 
236 172  -1  1  0 -9 
236 196  -1  1  0 -9 
236 222  -1  3  0 -9 
236 236   1  0  0 -9 
236 247  -1  1  0 -9 
236 250  -1  3  0 -9 
236 252   1  2  0 -9 
236 257  -1  3  0 -9 
236 266   1  2  0 -9 
236 271  -1  3  0 -9 
236 276   1  4  0 -9 
237 122  -1  5  0 -9 
237 141   1  6  0 -9 
237 239   1  3  0 -9 
237 269  -1  4  0 -9 
238 17  -1  3  0 -9 
238 41  -1  3  0 -9 
238 44   1  4  0 -9 
238 123  -1  1  0 -9 
238 131  -1  4  1  2  0 -9 
238 138   1  2  0 -9 
238 140  -1  3  0 -9 
238 144   1  5  0 -9 
238 174  -1  1  0 -9 
238 176   1  2  0 -9 
238 182  -1  3  0 -9 
238 238   1  0  0 -9 
238 240  -1  1  0 -9 
238 248  -1  1  0 -9 
238 253   1  2  0 -9 
238 255  -1  3  0 -9 
238 258  -1  3  0 -9 
238 272  -1  3  0 -9 
238 274   1  2  0 -9 
238 279   1  4  0 -9 
239 122  -1  4  0 -9 
239 177   1  6  0 -9 
239 237   1  3  0 -9 
239 250   1  6  0 -9 
239 269  -1  5  0 -9 
240 180   1  5  0 -9 
240 182  -1  4  0 -9 
240 255  -1  4  0 -9 
240 272  -1  4  0 -9 
240 274   1  3  0 -9 
240 279   1  5  0 -9 
241 81   1  6  0 -9 
241 124  -1  5  0 -9 
241 207   1  3  0 -9 
241 216  -1  4  0 -9 
242 82   1  6  0 -9 
242 125  -1  5  0 -9 
242 208   1  3  0 -9 
242 220  -1  4  0 -9 
243 83   1  6  0 -9 
243 126  -1  5  0 -9 
243 209   1  3  0 -9 
243 225  -1  4  0 -9 
244 84   1  6  0 -9 
244 127  -1  5  0 -9 
244 210   1  3  0 -9 
244 228  -1  4  0 -9 
245 85   1  6  0 -9 
245 128  -1  5  0 -9 
245 211   1  3  0 -9 
245 229  -1  4  0 -9 
246 129  -1  5  0 -9 
246 142   1  6  0 -9 
246 221  -1  4  0 -9 
246 251   1  3  0 -9 
246 256  -1  4  0 -9 
246 270  -1  4  0 -9 
246 275   1  5  0 -9 
247 130  -1  5  0 -9 
247 143   1  6  0 -9 
247 222  -1  4  0 -9 
247 250  -1  4  0 -9 
247 252   1  3  0 -9 
247 257  -1  4  0 -9 
247 271  -1  4  0 -9 
247 276   1  5  0 -9 
248 131  -1  5  0 -9 
248 144   1  6  0 -9 
248 253   1  3  0 -9 
248 255  -1  4  0 -9 
248 258  -1  4  0 -9 
248 272  -1  4  0 -9 
248 279   1  5  0 -9 
249 132  -1  5  0 -9 
249 145   1  6  0 -9 
249 254   1  3  0 -9 
249 259  -1  4  0 -9 
249 273  -1  4  0 -9 
249 280   1  5  0 -9 
250 250   1  8  0 -9 
251 129  -1  4  0 -9 
251 178   1  6  0 -9 
251 221  -1  5  0 -9 
251 246   1  3  0 -9 
251 256   1  7  0 -9 
251 270  -1  5  0 -9 
251 275   1  6  0 -9 
252 130  -1  4  0 -9 
252 179   1  6  0 -9 
252 222  -1  5  0 -9 
252 247   1  3  0 -9 
252 250   1  7  0 -9 
252 257   1  7  0 -9 
252 271  -1  5  0 -9 
252 276   1  6  0 -9 
253 131  -1  4  0 -9 
253 180   1  6  0 -9 
253 248   1  3  0 -9 
253 255  -1  5  0 -9 
253 258   1  7  0 -9 
253 272  -1  5  0 -9 
253 279   1  6  0 -9 
254 132  -1  4  0 -9 
254 181   1  6  0 -9 
254 249   1  3  0 -9 
254 258   1  6  0 -9 
254 259  -1  5  0 -9 
254 273  -1  5  0 -9 
254 280   1  6  0 -9 
255 255  -1  6  0 -9 
255 279   1  7  0 -9 
256 256   1  8  0 -9 
257 257   1  8  0 -9 
258 258   1  8  0 -9 
259 258   1  7  0 -9 
259 259  -1  6  0 -9 
259 280   1  7  0 -9 
260 100   1  6  0 -9 
260 159  -1  5  0 -9 
260 193   1  3  0 -9 
260 216  -1  5  0 -9 
261 101   1  6  0 -9 
261 160  -1  5  0 -9 
261 217   1  3  0 -9 
261 221  -1  4  0 -9 
261 226  -1  4  0 -9 
262 102   1  6  0 -9 
262 161  -1  5  0 -9 
262 216  -1  4  0 -9 
262 218   1  3  0 -9 
262 222  -1  4  0 -9 
262 227  -1  4  0 -9 
263 103   1  6  0 -9 
263 162  -1  5  0 -9 
263 219   1  3  0 -9 
263 231  -1  4  0 -9 
264 104   1  6  0 -9 
264 163  -1  5  0 -9 
264 177   1  6  0 -9 
264 194   1  3  0 -9 
264 220  -1  5  0 -9 
264 250   1  6  0 -9 
264 269  -1  5  0 -9 
265 105   1  6  0 -9 
265 164  -1  5  0 -9 
265 178   1  6  0 -9 
265 195   1  3  0 -9 
265 221  -1  5  0 -9 
265 270  -1  5  0 -9 
265 275   1  6  0 -9 
266 106   1  6  0 -9 
266 165  -1  5  0 -9 
266 179   1  6  0 -9 
266 196   1  3  0 -9 
266 222  -1  5  0 -9 
266 271  -1  5  0 -9 
266 276   1  6  0 -9 
267 107   1  6  0 -9 
267 166  -1  5  0 -9 
267 180   1  6  0 -9 
267 222  -1  4  0 -9 
267 223   1  3  0 -9 
267 230  -1  4  0 -9 
267 272  -1  5  0 -9 
267 279   1  6  0 -9 
268 108   1  6  0 -9 
268 167  -1  5  0 -9 
268 181   1  6  0 -9 
268 224   1  3  0 -9 
268 232  -1  4  0 -9 
268 273  -1  5  0 -9 
268 280   1  6  0 -9 
269 177   1  7  0 -9 
269 250   1  7  0 -9 
269 269  -1  6  0 -9 
270 178   1  7  0 -9 
270 270  -1  6  0 -9 
270 275   1  7  0 -9 
271 179   1  7  0 -9 
271 271  -1  6  0 -9 
271 276   1  7  0 -9 
272 180   1  7  0 -9 
272 272  -1  6  0 -9 
272 279   1  7  0 -9 
273 181   1  7  0 -9 
273 273  -1  6  0 -9 
273 280   1  7  0 -9 
274 146   1  6  0 -9 
274 180   1  6  0 -9 
274 182  -1  5  0 -9 
274 240   1  3  0 -9 
274 255  -1  5  0 -9 
274 272  -1  5  0 -9 
274 279   1  6  0 -9 
275 275   1  8  0 -9 
276 276   1  8  0 -9 
277 277   1  8  0 -9 
278 278   1  8  0 -9 
279 279   1  8  0 -9 
280 280   1  8  0 -9 
281  1   1  2  0 -9 
281  9  -1  1  0 -9 
281 12  -1  4  0 -9 
281 281   1  0  0 -9 
281 284   1  3  0 -9 
282  2   1  2  0 -9 
282 10  -1  1  0 -9 
282 11  -1  4  1  2  0 -9 
282 13  -1  4  0 -9 
282 16   1  5  0 -9 
282 282   1  0  0 -9 
282 283  -1  1  0 -9 
282 285   1  3  0 -9 
282 288  -1  4  0 -9 
282 290   1  2  0 -9 
282 291   1  5  0 -9 
283 11  -1  5  0 -9 
283 16   1  6  0 -9 
283 288  -1  5  0 -9 
283 290   1  3  0 -9 
283 291   1  6  0 -9 
284 12   1  7  0 -9 
284 284  -1  6  0 -9 
285 13   1  7  0 -9 
285 285  -1  6  0 -9 
286 14   1  7  0 -9 
286 286  -1  6  0 -9 
287 15   1  7  0 -9 
287 287  -1  6  0 -9 
288 16   1  7  0 -9 
288 288  -1  6  0 -9 
288 291   1  7  0 -9 
289 17   1  7  0 -9 
289 289  -1  6  0 -9 
289 292   1  7  0 -9 
290 11  -1  4  0 -9 
290 16   1  5  0 -9 
290 283   1  3  0 -9 
290 288  -1  4  0 -9 
291 291   1  8  0 -9 
292 292   1  8  0 -9 
293 11  -1  3  0 -9 
293 35  -1  1  0 -9 
293 40  -1  4  0 -9 
293 42   1  2  0 -9 
293 43   1  5  0 -9 
293 283   1  2  0 -9 
293 290  -1  1  0 -9 
293 291  -1  4  0 -9 
293 293   1  0  0 -9 
293 294   1  3  0 -9 
294 291   1  7  0 -9 
294 294  -1  6  0 -9 
295 292   1  7  0 -9 
295 295  -1  6  0 -9 
296  5   1  2  0 -9 
296  9  -1  0  0 -9 
296 12  -1  3  0 -9 
296 281   1 -1  0 -9 
296 284   1  2  0 -9 
296 296  -1 -2  0 -9 
296 301   1 -1  0 -9 
296 305  -1  0  0 -9 
296 311   1  1  0 -9 
297  6   1  2  0 -9 
297 10  -1  0  0 -9 
297 11   1  1  0 -9 
297 13  -1  3  0 -9 
297 282   1 -1  0 -9 
297 283  -1  0  0 -9 
297 285   1  2  0 -9 
297 288  -1  3  0 -9 
297 291   1  4  0 -9 
297 297  -1 -2  0 -9 
297 298   1 -1  0 -9 
297 302   1 -1  0 -9 
297 306  -1  0  0 -9 
297 309  -1  3  0 -9 
297 312   1  1  0 -9 
297 324   1  2  0 -9 
297 326  -1  3  0 -9 
297 328   1  4  0 -9 
298 288  -1  4  0 -9 
298 291   1  5  0 -9 
298 309  -1  4  0 -9 
298 324   1  3  0 -9 
298 326  -1  4  0 -9 
298 328   1  5  0 -9 
299  3   1  3  0 -9 
299 299   1  0  0 -9 
299 311   1  3  0 -9 
300  4   1  3  0 -9 
300 300   1  0  0 -9 
300 313   1  3  0 -9 
301  5   1  3  0 -9 
301 12  -1  4  0 -9 
301 301   1  0  0 -9 
301 305  -1  1  0 -9 
301 311   1  2  0 -9 
301 320   1  2  0 -9 
302  6   1  3  0 -9 
302 13  -1  4  0 -9 
302 302   1  0  0 -9 
302 306  -1  1  0 -9 
302 309  -1  4  0 -9 
302 312   1  2  0 -9 
302 321   1  2  0 -9 
302 328   1  5  0 -9 
303  7   1  3  0 -9 
303 14  -1  4  0 -9 
303 303   1  0  0 -9 
303 307  -1  1  0 -9 
303 314   1  3  0 -9 
303 316  -1  4  0 -9 
303 322   1  2  0 -9 
303 329   1  5  0 -9 
304  8   1  3  0 -9 
304 15  -1  4  0 -9 
304 304   1  0  0 -9 
304 308  -1  1  0 -9 
304 312   1  3  0 -9 
304 315   1  3  0 -9 
304 317  -1  4  0 -9 
304 323   1  2  0 -9 
304 330   1  5  0 -9 
305 284  -1  4  0 -9 
305 311  -1  5  0 -9 
305 320   1  3  0 -9 
306 285  -1  4  0 -9 
306 309  -1  5  0 -9 
306 312  -1  5  0 -9 
306 321   1  3  0 -9 
306 328   1  6  0 -9 
307 286  -1  4  0 -9 
307 316  -1  5  0 -9 
307 322   1  3  0 -9 
307 329   1  6  0 -9 
308 287  -1  4  0 -9 
308 317  -1  5  0 -9 
308 323   1  3  0 -9 
308 330   1  6  0 -9 
309 309  -1  6  0 -9 
309 328   1  7  0 -9 
310 289  -1  4  0 -9 
310 292   1  5  0 -9 
310 318  -1  5  0 -9 
310 325   1  3  0 -9 
310 327  -1  4  0 -9 
310 331   1  6  0 -9 
311 311  -1  6  0 -9 
312 312  -1  6  0 -9 
313 313  -1  6  0 -9 
314 314  -1  6  0 -9 
315 315  -1  6  0 -9 
316 316  -1  6  0 -9 
316 329   1  7  0 -9 
317 317  -1  6  0 -9 
317 330   1  7  0 -9 
318 318  -1  6  0 -9 
318 331   1  7  0 -9 
319 319  -1  6  0 -9 
319 332   1  7  0 -9 
320 12   1  6  0 -9 
320 284  -1  5  0 -9 
320 305   1  3  0 -9 
320 311  -1  4  0 -9 
321 13   1  6  0 -9 
321 285  -1  5  0 -9 
321 306   1  3  0 -9 
321 309  -1  4  0 -9 
321 312  -1  4  0 -9 
322 14   1  6  0 -9 
322 286  -1  5  0 -9 
322 307   1  3  0 -9 
322 316  -1  4  0 -9 
323 15   1  6  0 -9 
323 287  -1  5  0 -9 
323 308   1  3  0 -9 
323 317  -1  4  0 -9 
324 16   1  6  0 -9 
324 288  -1  5  0 -9 
324 291   1  6  0 -9 
324 298   1  3  0 -9 
324 309  -1  5  0 -9 
324 326  -1  5  0 -9 
324 328   1  6  0 -9 
325 17   1  6  0 -9 
325 289  -1  5  0 -9 
325 292   1  6  0 -9 
325 310   1  3  0 -9 
325 318  -1  4  0 -9 
325 327  -1  5  0 -9 
325 333   1  6  0 -9 
326 291   1  7  0 -9 
326 326  -1  6  0 -9 
326 328   1  7  0 -9 
327 292   1  7  0 -9 
327 327  -1  6  0 -9 
327 333   1  7  0 -9 
328 328   1  8  0 -9 
329 329   1  8  0 -9 
330 330   1  8  0 -9 
331 331   1  8  0 -9 
332 332   1  8  0 -9 
333 333   1  8  0 -9 
334 16  -1  2  0 -9 
334 40  -1  2 -1  0  0 -9 
334 43   1  3  0 -9 
334 111  -1  0  0 -9 
334 122  -1  2 -1  0  0 -9 
334 137   1  1  0 -9 
334 139  -1  2  0 -9 
334 141   1  3  0 -9 
334 168   1 -1  0 -9 
334 173  -1  0  0 -9 
334 175   1  1  0 -9 
334 177  -1  2  0 -9 
334 288   1  1  0 -9 
334 291  -1  2  0 -9 
334 294   1  1  0 -9 
334 309   1  1  0 -9 
334 324  -1  0  0 -9 
334 326   1  1  0 -9 
334 328  -1  2  0 -9 
334 334  -1 -2  0 -9 
334 339   1 -1  0 -9 
334 341  -1  0  0 -9 
334 343   1  1  0 -9 
335 12  -1  3  0 -9 
335 27   1  6  1  4  0 -9 
335 36  -1  5 -1  3 -1  1  0 -9 
335 81   1  5  0 -9 
335 94  -1  3  0 -9 
335 118  -1  1  0 -9 
335 124  -1  4  0 -9 
335 133   1  2  0 -9 
335 153   1  2  0 -9 
335 169  -1  1  0 -9 
335 284   1  2  0 -9 
335 305   1  2  0 -9 
335 320  -1  1  0 -9 
335 335   1  0  0 -9 
336 13  -1  3  0 -9 
336 28   1  6  1  4  0 -9 
336 37  -1  5 -1  3 -1  1  0 -9 
336 82   1  5  0 -9 
336 95  -1  3  0 -9 
336 119  -1  1  0 -9 
336 122  -1  4  0 -9 
336 125  -1  4  0 -9 
336 134   1  2  0 -9 
336 141   1  5  0 -9 
336 154   1  2  0 -9 
336 170  -1  1  0 -9 
336 177  -1  4  0 -9 
336 285   1  2  0 -9 
336 306   1  2  0 -9 
336 321  -1  1  0 -9 
336 328  -1  4  0 -9 
336 336   1  0  0 -9 
336 343   1  3  0 -9 
337 14  -1  3  0 -9 
337 29   1  6  1  4  0 -9 
337 38  -1  5 -1  3 -1  1  0 -9 
337 96  -1  3  0 -9 
337 120  -1  1  0 -9 
337 129  -1  4  0 -9 
337 135   1  2  0 -9 
337 142   1  5  0 -9 
337 155   1  2  0 -9 
337 171  -1  1  0 -9 
337 178  -1  4  0 -9 
337 286   1  2  0 -9 
337 307   1  2  0 -9 
337 322  -1  1  0 -9 
337 329  -1  4  0 -9 
337 337   1  0  0 -9 
337 344   1  3  0 -9 
338 15  -1  3  0 -9 
338 30   1  6  1  4  0 -9 
338 39  -1  5 -1  3 -1  1  0 -9 
338 97  -1  3  0 -9 
338 121  -1  1  0 -9 
338 130  -1  4  0 -9 
338 136   1  2  0 -9 
338 143   1  5  0 -9 
338 156   1  2  0 -9 
338 172  -1  1  0 -9 
338 179  -1  4  0 -9 
338 287   1  2  0 -9 
338 308   1  2  0 -9 
338 323  -1  1  0 -9 
338 330  -1  4  0 -9 
338 338   1  0  0 -9 
338 345   1  3  0 -9 
339 16  -1  3  0 -9 
339 40  -1  5 -1  3 -1  1  0 -9 
339 43   1  6  1  4  0 -9 
339 111  -1  1  0 -9 
339 122  -1  5 -1  3 -1  1  0 -9 
339 137   1  2  0 -9 
339 139  -1  3  0 -9 
339 141   1  6  1  4  0 -9 
339 173  -1  1  0 -9 
339 175   1  2  0 -9 
339 177  -1  3  0 -9 
339 288   1  2  0 -9 
339 291  -1  3  0 -9 
339 294   1  2  0 -9 
339 298   1  2  0 -9 
339 309   1  2  0 -9 
339 324  -1  1  0 -9 
339 326  -1  4  1  2  0 -9 
339 328  -1  3  0 -9 
339 339   1  0  0 -9 
339 341  -1  1  0 -9 
339 343   1  2  0 -9 
339 349   1  2  0 -9 
340 17  -1  3  0 -9 
340 41  -1  5 -1  3 -1  1  0 -9 
340 44   1  6  1  4  0 -9 
340 123  -1  1  0 -9 
340 131  -1  4  0 -9 
340 138   1  2  0 -9 
340 140  -1  3  0 -9 
340 144   1  5  0 -9 
340 174  -1  1  0 -9 
340 176   1  2  0 -9 
340 180  -1  4  0 -9 
340 289   1  2  0 -9 
340 292  -1  3  0 -9 
340 295   1  2  0 -9 
340 310   1  2  0 -9 
340 325  -1  1  0 -9 
340 327  -1  4  1  2  0 -9 
340 331  -1  4  0 -9 
340 333   1  5  0 -9 
340 340   1  0  0 -9 
340 342  -1  1  0 -9 
340 346   1  3  0 -9 
340 348  -1  4  0 -9 
340 350   1  2  0 -9 
340 351   1  5  0 -9 
341 177   1  6  0 -9 
341 291   1  6  0 -9 
341 294  -1  5  0 -9 
341 326  -1  5  0 -9 
341 328   1  6  0 -9 
341 343  -1  5  0 -9 
341 349   1  3  0 -9 
342 292   1  6  0 -9 
342 295  -1  5  0 -9 
342 327  -1  5  0 -9 
342 333   1  6  0 -9 
342 348  -1  5  0 -9 
342 350   1  3  0 -9 
342 351   1  6  0 -9 
343 177   1  7  0 -9 
343 328   1  7  0 -9 
343 343  -1  6  0 -9 
344 178   1  7  0 -9 
344 329   1  7  0 -9 
344 344  -1  6  0 -9 
345 179   1  7  0 -9 
345 330   1  7  0 -9 
345 345  -1  6  0 -9 
346 180   1  7  0 -9 
346 331   1  7  0 -9 
346 346  -1  6  0 -9 
347 181   1  7  0 -9 
347 332   1  7  0 -9 
347 347  -1  6  0 -9 
348 333   1  7  0 -9 
348 348  -1  6  0 -9 
348 351   1  7  0 -9 
349 291   1  5  0 -9 
349 294  -1  4  0 -9 
349 326  -1  4  0 -9 
349 328   1  5  0 -9 
349 341   1  3  0 -9 
349 343  -1  4  0 -9 
350 292   1  5  0 -9 
350 295  -1  4  0 -9 
350 327  -1  4  0 -9 
350 333   1  5  0 -9 
350 342   1  3  0 -9 
350 348  -1  4  0 -9 
351 351   1  8  0 -9 
352 12  -1  2  0 -9 
352 27   1  3  0 -9 
352 36  -1  2 -1  0  0 -9 
352 81   1  4  0 -9 
352 94  -1  2  0 -9 
352 118  -1  0  0 -9 
352 124  -1  3  0 -9 
352 133   1  1  0 -9 
352 153   1  1  0 -9 
352 169  -1  0  0 -9 
352 193  -1  0  0 -9 
352 207   1  1  0 -9 
352 233   1 -1  0 -9 
352 241  -1  0  0 -9 
352 284   1  1  0 -9 
352 311   1  2  0 -9 
352 320  -1  0  0 -9 
352 335   1 -1  0 -9 
352 352  -1 -2  0 -9 
352 360   1 -1  0 -9 
353 13  -1  2  0 -9 
353 28   1  3  0 -9 
353 37  -1  2 -1  0  0 -9 
353 82   1  4  0 -9 
353 95  -1  2  0 -9 
353 119  -1  0  0 -9 
353 122  -1  3  0 -9 
353 125  -1  3  0 -9 
353 134   1  1  0 -9 
353 141   1  4  0 -9 
353 154   1  1  0 -9 
353 170  -1  0  0 -9 
353 177  -1  3  0 -9 
353 194  -1  0  0 -9 
353 208   1  1  0 -9 
353 234   1 -1  0 -9 
353 237  -1  0  0 -9 
353 239   1  1  0 -9 
353 242  -1  0  0 -9 
353 250  -1  3  0 -9 
353 285   1  1  0 -9 
353 309   1  2  0 -9 
353 312   1  2  0 -9 
353 321  -1  0  0 -9 
353 328  -1  3  0 -9 
353 336   1 -1  0 -9 
353 343   1  2  0 -9 
353 353  -1 -2  0 -9 
353 356   1 -1  0 -9 
353 358  -1  0  0 -9 
353 361   1 -1  0 -9 
353 369   1  2  0 -9 
354 14  -1  2  0 -9 
354 29   1  3  0 -9 
354 38  -1  2 -1  0  0 -9 
354 96  -1  2  0 -9 
354 120  -1  0  0 -9 
354 129  -1  3  0 -9 
354 135   1  1  0 -9 
354 142   1  4  0 -9 
354 155   1  1  0 -9 
354 171  -1  0  0 -9 
354 178  -1  3  0 -9 
354 195  -1  0  0 -9 
354 235   1 -1  0 -9 
354 246  -1  0  0 -9 
354 251   1  1  0 -9 
354 256  -1  2  0 -9 
354 286   1  1  0 -9 
354 316   1  2  0 -9 
354 322  -1  0  0 -9 
354 329  -1  3  0 -9 
354 337   1 -1  0 -9 
354 344   1  2  0 -9 
354 354  -1 -2  0 -9 
354 365   1 -1  0 -9 
354 370  -1  0  0 -9 
354 375   1  1  0 -9 
355 15  -1  2  0 -9 
355 30   1  3  0 -9 
355 39  -1  2 -1  0  0 -9 
355 97  -1  2  0 -9 
355 121  -1  0  0 -9 
355 130  -1  3  0 -9 
355 136   1  1  0 -9 
355 143   1  4  0 -9 
355 156   1  1  0 -9 
355 172  -1  0  0 -9 
355 179  -1  3  0 -9 
355 196  -1  0  0 -9 
355 236   1 -1  0 -9 
355 247  -1  0  0 -9 
355 250  -1  2  0 -9 
355 252   1  1  0 -9 
355 257  -1  2  0 -9 
355 287   1  1  0 -9 
355 317   1  2  0 -9 
355 323  -1  0  0 -9 
355 330  -1  3  0 -9 
355 338   1 -1  0 -9 
355 345   1  2  0 -9 
355 355  -1 -2  0 -9 
355 366   1 -1  0 -9 
355 369   1  1  0 -9 
355 371  -1  0  0 -9 
355 376   1  1  0 -9 
356 122  -1  4  0 -9 
356 141   1  5  0 -9 
356 237  -1  1  0 -9 
356 239   1  2  0 -9 
356 269  -1  3  0 -9 
356 309   1  3  0 -9 
356 328  -1  4  0 -9 
356 356   1  0  0 -9 
356 358  -1  1  0 -9 
356 379   1  2  0 -9 
357 17  -1  2  0 -9 
357 41  -1  2 -1  0  0 -9 
357 44   1  3  0 -9 
357 123  -1  0  0 -9 
357 131  -1  3  0 -9 
357 138   1  1  0 -9 
357 140  -1  2  0 -9 
357 144   1  4  0 -9 
357 174  -1  0  0 -9 
357 176   1  1  0 -9 
357 180  -1  3  0 -9 
357 238   1 -1  0 -9 
357 240  -1  0  0 -9 
357 248  -1  0  0 -9 
357 253   1  1  0 -9 
357 258  -1  2  0 -9 
357 289   1  1  0 -9 
357 292  -1  2  0 -9 
357 295   1  1  0 -9 
357 318   1  2  0 -9 
357 325  -1  0  0 -9 
357 327   1  1  0 -9 
357 331  -1  3  0 -9 
357 340   1 -1  0 -9 
357 342  -1  0  0 -9 
357 346   1  2  0 -9 
357 348  -1  3  0 -9 
357 351   1  4  0 -9 
357 357  -1 -2  0 -9 
357 359   1 -1  0 -9 
357 367   1 -1  0 -9 
357 372  -1  0  0 -9 
357 374  -1  3  0 -9 
357 377   1  1  0 -9 
357 384   1  2  0 -9 
357 385  -1  3  0 -9 
357 386   1  4  0 -9 
358 177   1  5  0 -9 
358 250   1  5  0 -9 
358 269  -1  4  0 -9 
358 343  -1  4  0 -9 
358 369  -1  4  0 -9 
358 379   1  3  0 -9 
359 348  -1  4  0 -9 
359 351   1  5  0 -9 
359 374  -1  4  0 -9 
359 384   1  3  0 -9 
359 385  -1  4  0 -9 
359 386   1  5  0 -9 
360 81   1  5  0 -9 
360 124  -1  4  0 -9 
360 207   1  2  0 -9 
360 241  -1  1  0 -9 
360 311   1  3  0 -9 
360 360   1  0  0 -9 
361 82   1  5  0 -9 
361 125  -1  4  0 -9 
361 208   1  2  0 -9 
361 242  -1  1  0 -9 
361 250  -1  4  0 -9 
361 312   1  3  0 -9 
361 361   1  0  0 -9 
361 369   1  3  0 -9 
362 83   1  5  0 -9 
362 126  -1  4  0 -9 
362 209   1  2  0 -9 
362 243  -1  1  0 -9 
362 313   1  3  0 -9 
362 362   1  0  0 -9 
363 84   1  5  0 -9 
363 127  -1  4  0 -9 
363 210   1  2  0 -9 
363 244  -1  1  0 -9 
363 256  -1  4  0 -9 
363 314   1  3  0 -9 
363 363   1  0  0 -9 
363 375   1  3  0 -9 
364 85   1  5  0 -9 
364 128  -1  4  0 -9 
364 211   1  2  0 -9 
364 245  -1  1  0 -9 
364 257  -1  4  0 -9 
364 315   1  3  0 -9 
364 364   1  0  0 -9 
364 376   1  3  0 -9 
365 129  -1  4  0 -9 
365 142   1  5  0 -9 
365 246  -1  1  0 -9 
365 251   1  2  0 -9 
365 256  -1  3  0 -9 
365 270  -1  3  0 -9 
365 316   1  3  0 -9 
365 329  -1  4  0 -9 
365 365   1  0  0 -9 
365 370  -1  1  0 -9 
365 375   1  2  0 -9 
365 380   1  2  0 -9 
366 130  -1  4  0 -9 
366 143   1  5  0 -9 
366 247  -1  1  0 -9 
366 250  -1  3  0 -9 
366 252   1  2  0 -9 
366 257  -1  3  0 -9 
366 271  -1  3  0 -9 
366 317   1  3  0 -9 
366 330  -1  4  0 -9 
366 366   1  0  0 -9 
366 369   1  2  0 -9 
366 371  -1  1  0 -9 
366 376   1  2  0 -9 
366 381   1  2  0 -9 
367 131  -1  4  0 -9 
367 144   1  5  0 -9 
367 248  -1  1  0 -9 
367 253   1  2  0 -9 
367 258  -1  3  0 -9 
367 272  -1  3  0 -9 
367 318   1  3  0 -9 
367 331  -1  4  0 -9 
367 367   1  0  0 -9 
367 372  -1  1  0 -9 
367 374  -1  4  0 -9 
367 377   1  2  0 -9 
367 382   1  2  0 -9 
367 386   1  5  0 -9 
368 132  -1  4  0 -9 
368 145   1  5  0 -9 
368 249  -1  1  0 -9 
368 254   1  2  0 -9 
368 258  -1  4  0 -9 
368 273  -1  3  0 -9 
368 319   1  3  0 -9 
368 332  -1  4  0 -9 
368 368   1  0  0 -9 
368 373  -1  1  0 -9 
368 377   1  3  0 -9 
368 378  -1  4  0 -9 
368 383   1  2  0 -9 
368 387   1  5  0 -9 
369 250   1  7  0 -9 
369 369  -1  6  0 -9 
370 178   1  5  0 -9 
370 256   1  6  0 -9 
370 270  -1  4  0 -9 
370 344  -1  4  0 -9 
370 375  -1  5  0 -9 
370 380   1  3  0 -9 
371 179   1  5  0 -9 
371 250   1  6  0 -9 
371 257   1  6  0 -9 
371 271  -1  4  0 -9 
371 345  -1  4  0 -9 
371 369  -1  5  0 -9 
371 376  -1  5  0 -9 
371 381   1  3  0 -9 
372 180   1  5  0 -9 
372 258   1  6  0 -9 
372 272  -1  4  0 -9 
372 346  -1  4  0 -9 
372 374  -1  5  0 -9 
372 377  -1  5  0 -9 
372 382   1  3  0 -9 
372 386   1  6  0 -9 
373 181   1  5  0 -9 
373 273  -1  4  0 -9 
373 347  -1  4  0 -9 
373 378  -1  5  0 -9 
373 383   1  3  0 -9 
373 387   1  6  0 -9 
374 374  -1  6  0 -9 
374 386   1  7  0 -9 
375 256   1  7  0 -9 
375 375  -1  6  0 -9 
376 257   1  7  0 -9 
376 376  -1  6  0 -9 
377 258   1  7  0 -9 
377 377  -1  6  0 -9 
378 378  -1  6  0 -9 
378 387   1  7  0 -9 
379 177   1  6  0 -9 
379 250   1  6  0 -9 
379 269  -1  5  0 -9 
379 328   1  6  0 -9 
379 343  -1  5  0 -9 
379 358   1  3  0 -9 
379 369  -1  5  0 -9 
380 178   1  6  0 -9 
380 270  -1  5  0 -9 
380 275   1  6  0 -9 
380 329   1  6  0 -9 
380 344  -1  5  0 -9 
380 370   1  3  0 -9 
380 375  -1  4  0 -9 
381 179   1  6  0 -9 
381 271  -1  5  0 -9 
381 276   1  6  0 -9 
381 330   1  6  0 -9 
381 345  -1  5  0 -9 
381 369  -1  4  0 -9 
381 371   1  3  0 -9 
381 376  -1  4  0 -9 
382 180   1  6  0 -9 
382 272  -1  5  0 -9 
382 279   1  6  0 -9 
382 331   1  6  0 -9 
382 346  -1  5  0 -9 
382 372   1  3  0 -9 
382 374  -1  4  0 -9 
382 377  -1  4  0 -9 
383 181   1  6  0 -9 
383 273  -1  5  0 -9 
383 280   1  6  0 -9 
383 332   1  6  0 -9 
383 347  -1  5  0 -9 
383 373   1  3  0 -9 
383 378  -1  4  0 -9 
384 333   1  6  0 -9 
384 348  -1  5  0 -9 
384 351   1  6  0 -9 
384 359   1  3  0 -9 
384 374  -1  5  0 -9 
384 385  -1  5  0 -9 
384 386   1  6  0 -9 
385 351   1  7  0 -9 
385 385  -1  6  0 -9 
385 386   1  7  0 -9 
386 386   1  8  0 -9 
387 387   1  8  0 -9 
388 20   1  2  0 -9 
388 24  -1  0  0 -9 
388 27  -1  3  0 -9 
388 33   1 -1  0 -9 
388 36   1  2  0 -9 
388 388  -1 -2  0 -9 
388 390   1 -1  0 -9 
388 394  -1  0  0 -9 
388 400   1  1  0 -9 
389 16  -1  3  0 -9 
389 25  -1  0  0 -9 
389 28  -1  3  0 -9 
389 31   1  2  0 -9 
389 34   1 -1  0 -9 
389 35  -1  0  0 -9 
389 37   1  2  0 -9 
389 40  -1  3  0 -9 
389 42   1  1  0 -9 
389 43   1  4  0 -9 
389 290  -1  0  0 -9 
389 298  -1  0  0 -9 
389 309  -1  2 -1  0  0 -9 
389 324   1  1  0 -9 
389 326  -1  2  0 -9 
389 328   1  3  0 -9 
389 389  -1 -2  0 -9 
389 395  -1  0  0 -9 
389 398   1 -1  0 -9 
389 404   1  1  0 -9 
389 409   1 -1  0 -9 
389 414  -1  0  0 -9 
389 416   1  1  0 -9 
389 418  -1  2  0 -9 
390 20   1  3  0 -9 
390 27  -1  4  0 -9 
390 390   1  0  0 -9 
390 394  -1  1  0 -9 
390 400   1  2  0 -9 
390 410   1  2  0 -9 
391 21   1  3  0 -9 
391 28  -1  4  0 -9 
391 312   1  3  0 -9 
391 391   1  0  0 -9 
391 395  -1  1  0 -9 
391 400   1  3  0 -9 
391 404  -1  4  0 -9 
391 411   1  2  0 -9 
391 418   1  5  0 -9 
392 22   1  3  0 -9 
392 29  -1  4  0 -9 
392 392   1  0  0 -9 
392 396  -1  1  0 -9 
392 401   1  3  0 -9 
392 405  -1  4  0 -9 
392 412   1  2  0 -9 
392 419   1  5  0 -9 
393 23   1  3  0 -9 
393 30  -1  4  0 -9 
393 393   1  0  0 -9 
393 397  -1  1  0 -9 
393 402   1  3  0 -9 
393 406  -1  4  0 -9 
393 413   1  2  0 -9 
393 420   1  5  0 -9 
394 36  -1  4  0 -9 
394 400  -1  5  0 -9 
394 410   1  3  0 -9 
395 37  -1  4  0 -9 
395 404  -1  5  0 -9 
395 411   1  3  0 -9 
395 418   1  6  0 -9 
396 38  -1  4  0 -9 
396 405  -1  5  0 -9 
396 412   1  3  0 -9 
396 419   1  6  0 -9 
397 39  -1  4  0 -9 
397 406  -1  5  0 -9 
397 413   1  3  0 -9 
397 420   1  6  0 -9 
398 16  -1  4  0 -9 
398 28  -1  4  0 -9 
398 31   1  3  0 -9 
398 40  -1  4  0 -9 
398 43   1  5  0 -9 
398 298  -1  1  0 -9 
398 309  -1  5 -1  3 -1  1  0 -9 
398 324   1  2  0 -9 
398 326  -1  3  0 -9 
398 328   1  6  1  4  0 -9 
398 395  -1  1  0 -9 
398 398   1  0  0 -9 
398 404   1  2  0 -9 
398 411   1  2  0 -9 
398 414  -1  1  0 -9 
398 416   1  2  0 -9 
398 418  -1  3  0 -9 
399 17  -1  4  0 -9 
399 30  -1  4  0 -9 
399 32   1  3  0 -9 
399 41  -1  4  0 -9 
399 44   1  5  0 -9 
399 310  -1  1  0 -9 
399 318  -1  4  0 -9 
399 325   1  2  0 -9 
399 327  -1  3  0 -9 
399 331   1  5  0 -9 
399 397  -1  1  0 -9 
399 399   1  0  0 -9 
399 406  -1  4  0 -9 
399 407   1  3  0 -9 
399 413   1  2  0 -9 
399 415  -1  1  0 -9 
399 417   1  2  0 -9 
399 420   1  5  0 -9 
399 421  -1  4  0 -9 
400 400  -1  6  0 -9 
401 401  -1  6  0 -9 
402 402  -1  6  0 -9 
403 403  -1  6  0 -9 
404 404  -1  6  0 -9 
404 418   1  7  0 -9 
405 405  -1  6  0 -9 
405 419   1  7  0 -9 
406 406  -1  6  0 -9 
406 420   1  7  0 -9 
407 407  -1  6  0 -9 
407 421   1  7  0 -9 
408 408  -1  6  0 -9 
408 422   1  7  0 -9 
409 11  -1  3  0 -9 
409 35  -1  1  0 -9 
409 40  -1  4  1  2  0 -9 
409 42   1  2  0 -9 
409 43   1  5  0 -9 
409 283   1  2  0 -9 
409 288  -1  3  0 -9 
409 290  -1  1  0 -9 
409 298  -1  1  0 -9 
409 309  -1  3  0 -9 
409 324   1  2  0 -9 
409 326  -1  3  0 -9 
409 328   1  4  0 -9 
409 409   1  0  0 -9 
409 414  -1  1  0 -9 
409 416   1  2  0 -9 
409 418  -1  3  0 -9 
410 27   1  6  0 -9 
410 36  -1  5  0 -9 
410 394   1  3  0 -9 
410 400  -1  4  0 -9 
411 28   1  6  0 -9 
411 37  -1  5  0 -9 
411 395   1  3  0 -9 
411 404  -1  4  0 -9 
412 29   1  6  0 -9 
412 38  -1  5  0 -9 
412 396   1  3  0 -9 
412 405  -1  4  0 -9 
413 30   1  6  0 -9 
413 39  -1  5  0 -9 
413 397   1  3  0 -9 
413 406  -1  4  0 -9 
414 40  -1  5  0 -9 
414 43   1  6  0 -9 
414 309  -1  4  0 -9 
414 326  -1  4  0 -9 
414 328   1  5  0 -9 
414 416   1  3  0 -9 
414 418  -1  4  0 -9 
415 41  -1  5  0 -9 
415 44   1  6  0 -9 
415 327  -1  4  0 -9 
415 333   1  5  0 -9 
415 417   1  3  0 -9 
415 423  -1  4  0 -9 
416 40  -1  4  0 -9 
416 291   1  6  0 -9 
416 309  -1  5  0 -9 
416 326  -1  5  0 -9 
416 328   1  6  0 -9 
416 414   1  3  0 -9 
416 418   1  7  0 -9 
417 41  -1  4  0 -9 
417 292   1  6  0 -9 
417 327  -1  5  0 -9 
417 333   1  6  0 -9 
417 415   1  3  0 -9 
417 421   1  6  0 -9 
417 423  -1  5  0 -9 
418 418   1  8  0 -9 
419 419   1  8  0 -9 
420 420   1  8  0 -9 
421 421   1  8  0 -9 
422 422   1  8  0 -9 
423 333   1  7  0 -9 
423 421   1  7  0 -9 
423 423  -1  6  0 -9 
424 11  -1  2  0 -9 
424 35  -1  0  0 -9 
424 40  -1  3  0 -9 
424 42   1  1  0 -9 
424 43   1  4  0 -9 
424 283   1  1  0 -9 
424 290  -1  0  0 -9 
424 291  -1  3  0 -9 
424 293   1 -1  0 -9 
424 294   1  2  0 -9 
424 298  -1  0  0 -9 
424 409   1 -1  0 -9 
424 414  -1  0  0 -9 
424 416   1  1  0 -9 
424 418  -1  2  0 -9 
424 424  -1 -2  0 -9 
424 429   1 -1  0 -9 
424 431  -1  0  0 -9 
424 433   1  1  0 -9 
425 27   1  5  0 -9 
425 36  -1  4  0 -9 
425 394   1  2  0 -9 
425 410  -1  1  0 -9 
425 425   1  0  0 -9 
426 28   1  5  0 -9 
426 37  -1  4  0 -9 
426 395   1  2  0 -9 
426 411  -1  1  0 -9 
426 418  -1  4  0 -9 
426 426   1  0  0 -9 
426 433   1  3  0 -9 
427 29   1  5  0 -9 
427 38  -1  4  0 -9 
427 396   1  2  0 -9 
427 412  -1  1  0 -9 
427 419  -1  4  0 -9 
427 427   1  0  0 -9 
427 434   1  3  0 -9 
428 30   1  5  0 -9 
428 39  -1  4  0 -9 
428 397   1  2  0 -9 
428 413  -1  1  0 -9 
428 420  -1  4  0 -9 
428 428   1  0  0 -9 
428 435   1  3  0 -9 
429 40  -1  4  0 -9 
429 43   1  5  0 -9 
429 326  -1  3  0 -9 
429 414  -1  1  0 -9 
429 416   1  2  0 -9 
429 418  -1  3  0 -9 
429 429   1  0  0 -9 
429 431  -1  1  0 -9 
429 433   1  2  0 -9 
429 439   1  2  0 -9 
430 41  -1  4  0 -9 
430 44   1  5  0 -9 
430 327  -1  3  0 -9 
430 415  -1  1  0 -9 
430 417   1  2  0 -9 
430 421  -1  4  0 -9 
430 430   1  0  0 -9 
430 432  -1  1  0 -9 
430 436   1  3  0 -9 
430 438  -1  4  0 -9 
430 440   1  2  0 -9 
430 441   1  5  0 -9 
431 291   1  5  0 -9 
431 294  -1  4  0 -9 
431 326  -1  4  0 -9 
431 418   1  6  0 -9 
431 433  -1  5  0 -9 
431 439   1  3  0 -9 
432 292   1  5  0 -9 
432 295  -1  4  0 -9 
432 327  -1  4  0 -9 
432 438  -1  5  0 -9 
432 440   1  3  0 -9 
432 441   1  6  0 -9 
433 418   1  7  0 -9 
433 433  -1  6  0 -9 
434 419   1  7  0 -9 
434 434  -1  6  0 -9 
435 420   1  7  0 -9 
435 435  -1  6  0 -9 
436 421   1  7  0 -9 
436 436  -1  6  0 -9 
437 422   1  7  0 -9 
437 437  -1  6  0 -9 
438 438  -1  6  0 -9 
438 441   1  7  0 -9 
439 291   1  6  0 -9 
439 294  -1  5  0 -9 
439 326  -1  5  0 -9 
439 328   1  6  0 -9 
439 431   1  3  0 -9 
439 433  -1  4  0 -9 
440 292   1  6  0 -9 
440 295  -1  5  0 -9 
440 327  -1  5  0 -9 
440 333   1  6  0 -9 
440 432   1  3  0 -9 
440 438  -1  4  0 -9 
441 441   1  8  0 -9 
442 27   1  4  0 -9 
442 36  -1  3  0 -9 
442 94  -1  3  0 -9 
442 100   1  4  0 -9 
442 153   1  2  0 -9 
442 159  -1  3  0 -9 
442 169   1 -1  0 -9 
442 216   1  1  0 -9 
442 260  -1  0  0 -9 
442 400   1  2  0 -9 
442 410  -1  0  0 -9 
442 425   1 -1  0 -9 
442 442  -1 -2  0 -9 
442 448   1 -1  0 -9 
443 28   1  4  0 -9 
443 37  -1  3  0 -9 
443 95  -1  3  0 -9 
443 104   1  4  0 -9 
443 154   1  2  0 -9 
443 163  -1  3  0 -9 
443 170   1 -1  0 -9 
443 220   1  1  0 -9 
443 250  -1  2  0 -9 
443 264  -1  0  0 -9 
443 269   1  1  0 -9 
443 369   1  1  0 -9 
443 404   1  2  0 -9 
443 411  -1  0  0 -9 
443 418  -1  3  0 -9 
443 426   1 -1  0 -9 
443 433   1  2  0 -9 
443 443  -1 -2  0 -9 
443 452   1 -1  0 -9 
443 457  -1  0  0 -9 
444 29   1  4  0 -9 
444 38  -1  3  0 -9 
444 96  -1  3  0 -9 
444 105   1  4  0 -9 
444 155   1  2  0 -9 
444 164  -1  3  0 -9 
444 171   1 -1  0 -9 
444 221   1  1  0 -9 
444 265  -1  0  0 -9 
444 270   1  1  0 -9 
444 275  -1  2  0 -9 
444 405   1  2  0 -9 
444 412  -1  0  0 -9 
444 419  -1  3  0 -9 
444 427   1 -1  0 -9 
444 434   1  2  0 -9 
444 444  -1 -2  0 -9 
444 453   1 -1  0 -9 
444 458  -1  0  0 -9 
444 463   1  1  0 -9 
445 30   1  4  0 -9 
445 39  -1  3  0 -9 
445 97  -1  3  0 -9 
445 106   1  4  0 -9 
445 156   1  2  0 -9 
445 165  -1  3  0 -9 
445 172   1 -1  0 -9 
445 222   1  1  0 -9 
445 266  -1  0  0 -9 
445 271   1  1  0 -9 
445 276  -1  2  0 -9 
445 406   1  2  0 -9 
445 413  -1  0  0 -9 
445 420  -1  3  0 -9 
445 428   1 -1  0 -9 
445 435   1  2  0 -9 
445 445  -1 -2  0 -9 
445 454   1 -1  0 -9 
445 459  -1  0  0 -9 
445 464   1  1  0 -9 
446 40  -1  3  0 -9 
446 43   1  4  0 -9 
446 122  -1  3  0 -9 
446 139  -1  3  0 -9 
446 141   1  4  0 -9 
446 173   1 -1  0 -9 
446 175   1  2  0 -9 
446 177  -1  3  0 -9 
446 237  -1  0  0 -9 
446 309   1  2  0 -9 
446 328  -1  3  0 -9 
446 349  -1  0  0 -9 
446 356   1 -1  0 -9 
446 358  -1  0  0 -9 
446 379   1  1  0 -9 
446 414  -1  0  0 -9 
446 429   1 -1  0 -9 
446 431  -1  0  0 -9 
446 433   1  1  0 -9 
446 439   1  1  0 -9 
446 446  -1 -2  0 -9 
446 469   1 -1  0 -9 
446 471  -1  0  0 -9 
447 41  -1  3  0 -9 
447 44   1  4  0 -9 
447 140  -1  3  0 -9 
447 146   1  4  0 -9 
447 174   1 -1  0 -9 
447 176   1  2  0 -9 
447 182  -1  3  0 -9 
447 255   1  1  0 -9 
447 272   1  1  0 -9 
447 274  -1  0  0 -9 
447 279  -1  2  0 -9 
447 333  -1  3  0 -9 
447 350  -1  0  0 -9 
447 359  -1  0  0 -9 
447 374  -1  2 -1  0  0 -9 
447 384   1  1  0 -9 
447 385  -1  2  0 -9 
447 386   1  3  0 -9 
447 415  -1  0  0 -9 
447 421  -1  3  0 -9 
447 423   1  2  0 -9 
447 430   1 -1  0 -9 
447 432  -1  0  0 -9 
447 436   1  2  0 -9 
447 438  -1  3  0 -9 
447 440   1  1  0 -9 
447 441   1  4  0 -9 
447 447  -1 -2  0 -9 
447 460  -1  0  0 -9 
447 462   1 -1  0 -9 
447 467   1  1  0 -9 
447 470   1 -1  0 -9 
447 476  -1  0  0 -9 
447 477   1  1  0 -9 
447 478  -1  2  0 -9 
448 100   1  5  0 -9 
448 159  -1  4  0 -9 
448 193   1  2  0 -9 
448 216   1  2  0 -9 
448 260  -1  1  0 -9 
448 400   1  3  0 -9 
448 448   1  0  0 -9 
449 101   1  5  0 -9 
449 160  -1  4  0 -9 
449 217   1  2  0 -9 
449 261  -1  1  0 -9 
449 275  -1  4  0 -9 
449 401   1  3  0 -9 
449 449   1  0  0 -9 
449 463   1  3  0 -9 
450 102   1  5  0 -9 
450 161  -1  4  0 -9 
450 218   1  2  0 -9 
450 262  -1  1  0 -9 
450 276  -1  4  0 -9 
450 402   1  3  0 -9 
450 450   1  0  0 -9 
450 464   1  3  0 -9 
451 103   1  5  0 -9 
451 162  -1  4  0 -9 
451 219   1  2  0 -9 
451 263  -1  1  0 -9 
451 277  -1  4  0 -9 
451 403   1  3  0 -9 
451 451   1  0  0 -9 
451 465   1  3  0 -9 
452 104   1  5  0 -9 
452 163  -1  4  0 -9 
452 177   1  5  0 -9 
452 194   1  2  0 -9 
452 220   1  2  0 -9 
452 250  -1  3  0 -9 
452 264  -1  1  0 -9 
452 269  -1  4  1  2  0 -9 
452 369   1  2  0 -9 
452 404   1  3  0 -9 
452 418  -1  4  0 -9 
452 452   1  0  0 -9 
452 457  -1  1  0 -9 
452 471   1  2  0 -9 
453 105   1  5  0 -9 
453 164  -1  4  0 -9 
453 178   1  5  0 -9 
453 195   1  2  0 -9 
453 221   1  2  0 -9 
453 265  -1  1  0 -9 
453 270  -1  4  1  2  0 -9 
453 275  -1  3  0 -9 
453 405   1  3  0 -9 
453 419  -1  4  0 -9 
453 453   1  0  0 -9 
453 458  -1  1  0 -9 
453 463   1  2  0 -9 
453 472   1  2  0 -9 
454 106   1  5  0 -9 
454 165  -1  4  0 -9 
454 179   1  5  0 -9 
454 196   1  2  0 -9 
454 222   1  2  0 -9 
454 266  -1  1  0 -9 
454 271  -1  4  1  2  0 -9 
454 276  -1  3  0 -9 
454 406   1  3  0 -9 
454 420  -1  4  0 -9 
454 454   1  0  0 -9 
454 459  -1  1  0 -9 
454 464   1  2  0 -9 
454 473   1  2  0 -9 
455 107   1  5  0 -9 
455 166  -1  4  0 -9 
455 180   1  5  0 -9 
455 223   1  2  0 -9 
455 258  -1  4  0 -9 
455 267  -1  1  0 -9 
455 272  -1  4  1  2  0 -9 
455 276  -1  4  0 -9 
455 279   1  5  0 -9 
455 377   1  3  0 -9 
455 407   1  3  0 -9 
455 421  -1  4  0 -9 
455 455   1  0  0 -9 
455 460  -1  1  0 -9 
455 464   1  3  0 -9 
455 467  -1  4  0 -9 
455 474   1  2  0 -9 
455 478   1  5  0 -9 
456 108   1  5  0 -9 
456 167  -1  4  0 -9 
456 181   1  5  0 -9 
456 224   1  2  0 -9 
456 268  -1  1  0 -9 
456 273  -1  4  1  2  0 -9 
456 278  -1  4  0 -9 
456 280   1  5  0 -9 
456 408   1  3  0 -9 
456 422  -1  4  0 -9 
456 456   1  0  0 -9 
456 461  -1  1  0 -9 
456 466   1  3  0 -9 
456 468  -1  4  0 -9 
456 475   1  2  0 -9 
456 479   1  5  0 -9 
457 177   1  6  0 -9 
457 250   1  6  0 -9 
457 269  -1  5  0 -9 
457 369  -1  5  0 -9 
457 433  -1  4  0 -9 
457 471   1  3  0 -9 
458 178   1  6  0 -9 
458 270  -1  5  0 -9 
458 275   1  6  0 -9 
458 434  -1  4  0 -9 
458 463  -1  5  0 -9 
458 472   1  3  0 -9 
459 179   1  6  0 -9 
459 271  -1  5  0 -9 
459 276   1  6  0 -9 
459 435  -1  4  0 -9 
459 464  -1  5  0 -9 
459 473   1  3  0 -9 
460 180   1  6  0 -9 
460 272  -1  5  0 -9 
460 279   1  6  0 -9 
460 436  -1  4  0 -9 
460 467  -1  5  0 -9 
460 474   1  3  0 -9 
460 478   1  6  0 -9 
461 181   1  6  0 -9 
461 273  -1  5  0 -9 
461 280   1  6  0 -9 
461 437  -1  4  0 -9 
461 468  -1  5  0 -9 
461 475   1  3  0 -9 
461 479   1  6  0 -9 
462 146   1  5  0 -9 
462 180   1  5  0 -9 
462 182  -1  4  0 -9 
462 240   1  2  0 -9 
462 255   1  2  0 -9 
462 272  -1  4  1  2  0 -9 
462 274  -1  1  0 -9 
462 279  -1  3  0 -9 
462 333  -1  4  0 -9 
462 359  -1  1  0 -9 
462 374  -1  5 -1  3 -1  1  0 -9 
462 384   1  2  0 -9 
462 385  -1  3  0 -9 
462 386   1  6  1  4  0 -9 
462 421  -1  4  0 -9 
462 423   1  3  0 -9 
462 438  -1  4  0 -9 
462 441   1  5  0 -9 
462 460  -1  1  0 -9 
462 462   1  0  0 -9 
462 467   1  2  0 -9 
462 474   1  2  0 -9 
462 476  -1  1  0 -9 
462 477   1  2  0 -9 
462 478  -1  3  0 -9 
463 275   1  7  0 -9 
463 463  -1  6  0 -9 
464 276   1  7  0 -9 
464 464  -1  6  0 -9 
465 277   1  7  0 -9 
465 465  -1  6  0 -9 
466 278   1  7  0 -9 
466 466  -1  6  0 -9 
467 279   1  7  0 -9 
467 467  -1  6  0 -9 
467 478   1  7  0 -9 
468 280   1  7  0 -9 
468 468  -1  6  0 -9 
468 479   1  7  0 -9 
469 250   1  4  0 -9 
469 269  -1  3  0 -9 
469 291   1  4  0 -9 
469 294  -1  3  0 -9 
469 326  -1  3  0 -9 
469 341   1  2  0 -9 
469 343  -1  3  0 -9 
469 349  -1  1  0 -9 
469 358  -1  1  0 -9 
469 369  -1  3  0 -9 
469 379   1  2  0 -9 
469 418   1  5  0 -9 
469 431  -1  1  0 -9 
469 433  -1  4  1  2  0 -9 
469 439   1  2  0 -9 
469 457   1  2  0 -9 
469 469   1  0  0 -9 
469 471  -1  1  0 -9 
470 292   1  4  0 -9 
470 295  -1  3  0 -9 
470 327  -1  3  0 -9 
470 342   1  2  0 -9 
470 348  -1  3  0 -9 
470 350  -1  1  0 -9 
470 359  -1  1  0 -9 
470 374  -1  3  0 -9 
470 384   1  2  0 -9 
470 385  -1  3  0 -9 
470 386   1  4  0 -9 
470 432  -1  1  0 -9 
470 438  -1  4  1  2  0 -9 
470 440   1  2  0 -9 
470 441   1  5  0 -9 
470 470   1  0  0 -9 
470 476  -1  1  0 -9 
470 477   1  2  0 -9 
470 478  -1  3  0 -9 
471 250   1  5  0 -9 
471 269  -1  4  0 -9 
471 369  -1  4  0 -9 
471 418   1  6  0 -9 
471 433  -1  5  0 -9 
471 457   1  3  0 -9 
472 270  -1  4  0 -9 
472 275   1  5  0 -9 
472 419   1  6  0 -9 
472 434  -1  5  0 -9 
472 458   1  3  0 -9 
472 463  -1  4  0 -9 
473 271  -1  4  0 -9 
473 276   1  5  0 -9 
473 420   1  6  0 -9 
473 435  -1  5  0 -9 
473 459   1  3  0 -9 
473 464  -1  4  0 -9 
474 272  -1  4  0 -9 
474 279   1  5  0 -9 
474 421   1  6  0 -9 
474 436  -1  5  0 -9 
474 460   1  3  0 -9 
474 467  -1  4  0 -9 
475 273  -1  4  0 -9 
475 280   1  5  0 -9 
475 422   1  6  0 -9 
475 437  -1  5  0 -9 
475 461   1  3  0 -9 
475 468  -1  4  0 -9 
476 374  -1  4  0 -9 
476 385  -1  4  0 -9 
476 386   1  5  0 -9 
476 438  -1  5  0 -9 
476 441   1  6  0 -9 
476 477   1  3  0 -9 
476 478  -1  4  0 -9 
477 351   1  6  0 -9 
477 374  -1  5  0 -9 
477 385  -1  5  0 -9 
477 386   1  6  0 -9 
477 438  -1  4  0 -9 
477 476   1  3  0 -9 
477 478   1  7  0 -9 
478 478   1  8  0 -9 
479 479   1  8  0 -9 
9999 9999
