 0  0   1  0  0 -9 
 1  1   1  0  0 -9 
 2  2   1  0  0 -9 
 3  3   1  0  0 -9 
 4  0   1 -1  0 -9 
 4  4  -1 -2  0 -9 
 4 84   1 -1  0 -9 
 5  5  -1 -2  0 -9 
 5 85   1 -1  0 -9 
 6  1   1 -1  0 -9 
 6  6  -1 -2  0 -9 
 6 86   1 -1  0 -9 
 7  0   1 -1  0 -9 
 7  2   1 -1  0 -9 
 7  7  -1 -2  0 -9 
 7 87   1 -1  0 -9 
 8  3   1 -1  0 -9 
 8  8  -1 -2  0 -9 
 8 88   1 -1  0 -9 
 9  9  -1 -2  0 -9 
 9 89   1 -1  0 -9 
10 10  -1 -2  0 -9 
10 90   1 -1  0 -9 
11 11  -1 -2  0 -9 
11 91   1 -1  0 -9 
12 12  -1 -2  0 -9 
12 30   1 -1  0 -9 
12 63  -1  0  0 -9 
12 92   1 -1  0 -9 
12 144   1  2  0 -9 
13 13  -1 -2  0 -9 
13 31   1 -1  0 -9 
13 64  -1  0  0 -9 
13 93   1 -1  0 -9 
13 145   1  2  0 -9 
14 14  -1 -2  0 -9 
14 32   1 -1  0 -9 
14 65  -1  0  0 -9 
14 94   1 -1  0 -9 
14 146   1  2  0 -9 
15 15  -1 -2  0 -9 
15 33   1 -1  0 -9 
15 66  -1  0  0 -9 
15 95   1 -1  0 -9 
15 147   1  2  0 -9 
16 16  -1 -2  0 -9 
16 34   1 -1  0 -9 
16 67  -1  0  0 -9 
16 96   1 -1  0 -9 
16 148   1  2  0 -9 
17  2   1 -1  0 -9 
17 17  -1 -2  0 -9 
17 35   1 -1  0 -9 
17 68  -1  0  0 -9 
17 97   1 -1  0 -9 
17 149   1  2  0 -9 
18  3   1 -1  0 -9 
18 18  -1 -2  0 -9 
18 36   1 -1  0 -9 
18 69  -1  0  0 -9 
18 98   1 -1  0 -9 
18 150   1  2  0 -9 
19 19  -1 -2  0 -9 
19 37   1 -1  0 -9 
19 70  -1  0  0 -9 
19 99   1 -1  0 -9 
19 151   1  2  0 -9 
20  3   1 -1  0 -9 
20 20  -1 -2  0 -9 
20 38   1 -1  0 -9 
20 71  -1  0  0 -9 
20 100   1 -1  0 -9 
20 152   1  2  0 -9 
21 21  -1 -2  0 -9 
21 111   1 -1  0 -9 
21 144   1  1  0 -9 
21 153  -1  0  0 -9 
22 22  -1 -2  0 -9 
22 112   1 -1  0 -9 
22 147   1  1  0 -9 
22 154  -1  0  0 -9 
23 23  -1 -2  0 -9 
23 113   1 -1  0 -9 
23 145   1  1  0 -9 
23 146   1  1  0 -9 
23 148   1  1  0 -9 
23 155  -1  0  0 -9 
24 24  -1 -2  0 -9 
24 114   1 -1  0 -9 
24 148   1  1  0 -9 
24 156  -1  0  0 -9 
25 25  -1 -2  0 -9 
25 115   1 -1  0 -9 
25 145   1  1  0 -9 
25 157  -1  0  0 -9 
26 26  -1 -2  0 -9 
26 116   1 -1  0 -9 
26 149   1  1  0 -9 
26 158  -1  0  0 -9 
27 27  -1 -2  0 -9 
27 117   1 -1  0 -9 
27 150   1  1  0 -9 
27 159  -1  0  0 -9 
28 28  -1 -2  0 -9 
28 118   1 -1  0 -9 
28 145   1  1  0 -9 
28 148   1  1  0 -9 
28 151   1  1  0 -9 
28 160  -1  0  0 -9 
29 29  -1 -2  0 -9 
29 119   1 -1  0 -9 
29 152   1  1  0 -9 
29 161  -1  0  0 -9 
30 30   1  0  0 -9 
30 63  -1  1  0 -9 
30 208   1  2  0 -9 
31 31   1  0  0 -9 
31 64  -1  1  0 -9 
31 209   1  2  0 -9 
32 32   1  0  0 -9 
32 65  -1  1  0 -9 
32 210   1  2  0 -9 
33 33   1  0  0 -9 
33 66  -1  1  0 -9 
33 211   1  2  0 -9 
34 34   1  0  0 -9 
34 67  -1  1  0 -9 
34 212   1  2  0 -9 
35 35   1  0  0 -9 
35 68  -1  1  0 -9 
35 213   1  2  0 -9 
36 36   1  0  0 -9 
36 69  -1  1  0 -9 
36 214   1  2  0 -9 
37 37   1  0  0 -9 
37 70  -1  1  0 -9 
37 215   1  2  0 -9 
38 38   1  0  0 -9 
38 71  -1  1  0 -9 
38 216   1  2  0 -9 
39 39  -1 -2  0 -9 
39 72   1 -1  0 -9 
39 120   1 -1  0 -9 
39 162  -1  0  0 -9 
39 186  -1  3  0 -9 
39 250   1  2  0 -9 
39 272  -1  3  0 -9 
39 287   1  4  0 -9 
40 35   1 -1  0 -9 
40 40  -1 -2  0 -9 
40 68  -1  0  0 -9 
40 73   1 -1  0 -9 
40 121   1 -1  0 -9 
40 149   1  2  0 -9 
40 163  -1  0  0 -9 
40 187  -1  3  0 -9 
40 251   1  2  0 -9 
40 273  -1  3  0 -9 
40 288   1  4  0 -9 
41 36   1 -1  0 -9 
41 41  -1 -2  0 -9 
41 69  -1  0  0 -9 
41 74   1 -1  0 -9 
41 122   1 -1  0 -9 
41 150   1  2  0 -9 
41 164  -1  0  0 -9 
41 188  -1  3  0 -9 
41 252   1  2  0 -9 
41 274  -1  3  0 -9 
41 289   1  4  0 -9 
42 37   1 -1  0 -9 
42 42  -1 -2  0 -9 
42 70  -1  0  0 -9 
42 75   1 -1  0 -9 
42 123   1 -1  0 -9 
42 151   1  2  0 -9 
42 165  -1  0  0 -9 
42 189  -1  3  0 -9 
42 253   1  2  0 -9 
42 275  -1  3  0 -9 
42 290   1  4  0 -9 
43 38   1 -1  0 -9 
43 43  -1 -2  0 -9 
43 71  -1  0  0 -9 
43 76   1 -1  0 -9 
43 124   1 -1  0 -9 
43 152   1  2  0 -9 
43 166  -1  0  0 -9 
43 190  -1  3  0 -9 
43 254   1  2  0 -9 
43 276  -1  3  0 -9 
43 291   1  4  0 -9 
44 44  -1 -2  0 -9 
44 77   1 -1  0 -9 
44 125   1 -1  0 -9 
44 151   1  1  0 -9 
44 167  -1  0  0 -9 
44 191  -1  3  0 -9 
44 255   1  2  0 -9 
44 277  -1  3  0 -9 
44 292   1  4  0 -9 
45 30   1 -1  0 -9 
45 45  -1 -2  0 -9 
45 63  -1  0  0 -9 
45 126   1 -1  0 -9 
45 146   1  1  0 -9 
45 168  -1  0  0 -9 
45 208   1  1  0 -9 
45 210  -1  0  0 -9 
45 217  -1  0  0 -9 
45 232   1 -1  0 -9 
45 305   1  1  0 -9 
46 46  -1 -2  0 -9 
46 127   1 -1  0 -9 
46 169  -1  0  0 -9 
46 218  -1  0  0 -9 
46 233   1 -1  0 -9 
46 306   1  1  0 -9 
47 31   1 -1  0 -9 
47 47  -1 -2  0 -9 
47 64  -1  0  0 -9 
47 128   1 -1  0 -9 
47 170  -1  0  0 -9 
47 209   1  1  0 -9 
47 219  -1  0  0 -9 
47 234   1 -1  0 -9 
47 307   1  1  0 -9 
48 31   1 -1  0 -9 
48 35   1 -1  0 -9 
48 48  -1 -2  0 -9 
48 64  -1  0  0 -9 
48 68  -1  0  0 -9 
48 129   1 -1  0 -9 
48 147   1  1  0 -9 
48 171  -1  0  0 -9 
48 209   1  1  0 -9 
48 211  -1  0  0 -9 
48 213   1  1  0 -9 
48 221  -1  0  0 -9 
48 222  -1  0  0 -9 
48 235   1 -1  0 -9 
48 308   1  1  0 -9 
49 36   1 -1  0 -9 
49 49  -1 -2  0 -9 
49 69  -1  0  0 -9 
49 130   1 -1  0 -9 
49 148   1  1  0 -9 
49 172  -1  0  0 -9 
49 212  -1  0  0 -9 
49 214   1  1  0 -9 
49 223  -1  0  0 -9 
49 236   1 -1  0 -9 
49 309   1  1  0 -9 
50 31   1 -1  0 -9 
50 37   1 -1  0 -9 
50 50  -1 -2  0 -9 
50 64  -1  0  0 -9 
50 70  -1  0  0 -9 
50 131   1 -1  0 -9 
50 173  -1  0  0 -9 
50 209   1  1  0 -9 
50 215   1  1  0 -9 
50 224  -1  0  0 -9 
50 237   1 -1  0 -9 
50 310   1  1  0 -9 
51 51  -1 -2  0 -9 
51 132   1 -1  0 -9 
51 174  -1  0  0 -9 
51 220  -1  0  0 -9 
51 222  -1  0  0 -9 
51 238   1 -1  0 -9 
51 311   1  1  0 -9 
52 52  -1 -2  0 -9 
52 133   1 -1  0 -9 
52 175  -1  0  0 -9 
52 225  -1  0  0 -9 
52 239   1 -1  0 -9 
52 312   1  1  0 -9 
53 53  -1 -2  0 -9 
53 72  -1  0  0 -9 
53 73  -1  0  0 -9 
53 78   1 -1  0 -9 
53 134   1 -1  0 -9 
53 176  -1  0  0 -9 
53 193  -1  3  0 -9 
53 226  -1  0  0 -9 
53 227  -1  0  0 -9 
53 240   1 -1  0 -9 
53 250   1  1  0 -9 
53 251   1  1  0 -9 
53 257  -1  0  0 -9 
53 272  -1  2  0 -9 
53 273  -1  2  0 -9 
53 279   1  1  0 -9 
53 313   1  1  0 -9 
53 325   1  4  0 -9 
54 54  -1 -2  0 -9 
54 74  -1  0  0 -9 
54 79   1 -1  0 -9 
54 135   1 -1  0 -9 
54 177  -1  0  0 -9 
54 194  -1  3  0 -9 
54 228  -1  0  0 -9 
54 241   1 -1  0 -9 
54 252   1  1  0 -9 
54 258  -1  0  0 -9 
54 274  -1  2  0 -9 
54 280   1  1  0 -9 
54 314   1  1  0 -9 
54 326   1  4  0 -9 
55 55  -1 -2  0 -9 
55 75  -1  0  0 -9 
55 80   1 -1  0 -9 
55 136   1 -1  0 -9 
55 178  -1  0  0 -9 
55 195  -1  3  0 -9 
55 229  -1  0  0 -9 
55 242   1 -1  0 -9 
55 253   1  1  0 -9 
55 259  -1  0  0 -9 
55 275  -1  2  0 -9 
55 281   1  1  0 -9 
55 315   1  1  0 -9 
55 327   1  4  0 -9 
56 37   1 -1  0 -9 
56 56  -1 -2  0 -9 
56 70  -1  0  0 -9 
56 76  -1  0  0 -9 
56 77  -1  0  0 -9 
56 81   1 -1  0 -9 
56 137   1 -1  0 -9 
56 152   1  1  0 -9 
56 179  -1  0  0 -9 
56 196  -1  3  0 -9 
56 215   1  1  0 -9 
56 216  -1  0  0 -9 
56 230  -1  0  0 -9 
56 231  -1  0  0 -9 
56 243   1 -1  0 -9 
56 254   1  1  0 -9 
56 255   1  1  0 -9 
56 260  -1  0  0 -9 
56 276  -1  2  0 -9 
56 277  -1  2  0 -9 
56 282   1  1  0 -9 
56 316   1  1  0 -9 
56 328   1  4  0 -9 
57 57  -1 -2  0 -9 
57 163  -1  0  0 -9 
57 180  -1  0  0 -9 
57 187   1  1  0 -9 
57 193  -1  2 -1  0  0 -9 
57 199   1 -1  0 -9 
57 244   1 -1  0 -9 
57 263  -1  0  0 -9 
57 288  -1  2  0 -9 
57 293   1  1  0 -9 
57 317   1  1  0 -9 
57 325   1  3  0 -9 
57 329  -1  2  0 -9 
58 58  -1 -2  0 -9 
58 72  -1  0  0 -9 
58 164  -1  0  0 -9 
58 181  -1  0  0 -9 
58 186  -1  2 -1  0  0 -9 
58 188   1  1  0 -9 
58 194  -1  2 -1  0  0 -9 
58 200   1 -1  0 -9 
58 245   1 -1  0 -9 
58 250   1  1  0 -9 
58 264  -1  0  0 -9 
58 272  -1  2  0 -9 
58 287   1  3  0 -9 
58 289  -1  2  0 -9 
58 294   1  1  0 -9 
58 318   1  1  0 -9 
58 326   1  3  0 -9 
58 330  -1  2  0 -9 
59 59  -1 -2  0 -9 
59 182  -1  0  0 -9 
59 194  -1  2 -1  0  0 -9 
59 201   1 -1  0 -9 
59 227  -1  0  0 -9 
59 246   1 -1  0 -9 
59 265  -1  0  0 -9 
59 295   1  1  0 -9 
59 319   1  1  0 -9 
59 326   1  3  0 -9 
59 331  -1  2  0 -9 
60 60  -1 -2  0 -9 
60 183  -1  0  0 -9 
60 195  -1  2 -1  0  0 -9 
60 202   1 -1  0 -9 
60 230  -1  0  0 -9 
60 247   1 -1  0 -9 
60 266  -1  0  0 -9 
60 296   1  1  0 -9 
60 320   1  1  0 -9 
60 327   1  3  0 -9 
60 332  -1  2  0 -9 
61 61  -1 -2  0 -9 
61 77  -1  0  0 -9 
61 165  -1  0  0 -9 
61 184  -1  0  0 -9 
61 189   1  1  0 -9 
61 191  -1  2 -1  0  0 -9 
61 195  -1  2 -1  0  0 -9 
61 203   1 -1  0 -9 
61 248   1 -1  0 -9 
61 255   1  1  0 -9 
61 267  -1  0  0 -9 
61 277  -1  2  0 -9 
61 290  -1  2  0 -9 
61 292   1  3  0 -9 
61 297   1  1  0 -9 
61 321   1  1  0 -9 
61 327   1  3  0 -9 
61 333  -1  2  0 -9 
62 62  -1 -2  0 -9 
62 166  -1  0  0 -9 
62 185  -1  0  0 -9 
62 190   1  1  0 -9 
62 196  -1  2 -1  0  0 -9 
62 204   1 -1  0 -9 
62 249   1 -1  0 -9 
62 268  -1  0  0 -9 
62 291  -1  2  0 -9 
62 298   1  1  0 -9 
62 322   1  1  0 -9 
62 328   1  3  0 -9 
62 334  -1  2  0 -9 
63 144  -1  4  0 -9 
63 208   1  3  0 -9 
64 145  -1  4  0 -9 
64 209   1  3  0 -9 
65 146  -1  4  0 -9 
65 210   1  3  0 -9 
66 147  -1  4  0 -9 
66 211   1  3  0 -9 
67 148  -1  4  0 -9 
67 212   1  3  0 -9 
68 149  -1  4  0 -9 
68 213   1  3  0 -9 
69 150  -1  4  0 -9 
69 214   1  3  0 -9 
70 151  -1  4  0 -9 
70 215   1  3  0 -9 
71 152  -1  4  0 -9 
71 216   1  3  0 -9 
72 186  -1  4  0 -9 
72 250   1  3  0 -9 
72 272  -1  4  0 -9 
72 287   1  5  0 -9 
73 187  -1  4  0 -9 
73 251   1  3  0 -9 
73 273  -1  4  0 -9 
73 288   1  5  0 -9 
74 188  -1  4  0 -9 
74 252   1  3  0 -9 
74 274  -1  4  0 -9 
74 289   1  5  0 -9 
75 189  -1  4  0 -9 
75 253   1  3  0 -9 
75 275  -1  4  0 -9 
75 290   1  5  0 -9 
76 190  -1  4  0 -9 
76 254   1  3  0 -9 
76 276  -1  4  0 -9 
76 291   1  5  0 -9 
77 191  -1  4  0 -9 
77 255   1  3  0 -9 
77 277  -1  4  0 -9 
77 292   1  5  0 -9 
78 72  -1  1  0 -9 
78 73  -1  1  0 -9 
78 78   1  0  0 -9 
78 193  -1  4  0 -9 
78 250   1  2  0 -9 
78 251   1  2  0 -9 
78 257  -1  1  0 -9 
78 272  -1  3  0 -9 
78 273  -1  3  0 -9 
78 279   1  2  0 -9 
78 325   1  5  0 -9 
79 74  -1  1  0 -9 
79 79   1  0  0 -9 
79 194  -1  4  0 -9 
79 252   1  2  0 -9 
79 258  -1  1  0 -9 
79 274  -1  3  0 -9 
79 280   1  2  0 -9 
79 326   1  5  0 -9 
80 75  -1  1  0 -9 
80 80   1  0  0 -9 
80 195  -1  4  0 -9 
80 253   1  2  0 -9 
80 259  -1  1  0 -9 
80 275  -1  3  0 -9 
80 281   1  2  0 -9 
80 327   1  5  0 -9 
81 76  -1  1  0 -9 
81 77  -1  1  0 -9 
81 81   1  0  0 -9 
81 196  -1  4  0 -9 
81 254   1  2  0 -9 
81 255   1  2  0 -9 
81 260  -1  1  0 -9 
81 276  -1  3  0 -9 
81 277  -1  3  0 -9 
81 282   1  2  0 -9 
81 328   1  5  0 -9 
82 77   1 -1  0 -9 
82 82  -1 -2  0 -9 
82 191  -1  3  0 -9 
82 192  -1  0  0 -9 
82 197  -1  0  0 -9 
82 205   1 -1  0 -9 
82 255   1  2  0 -9 
82 261   1 -1  0 -9 
82 269  -1  0  0 -9 
82 277  -1  3  0 -9 
82 283  -1  0  0 -9 
82 292   1  4  0 -9 
82 299   1  1  0 -9 
82 323   1  1  0 -9 
82 335  -1  2  0 -9 
83 76  -1  0  0 -9 
83 77  -1  0  0 -9 
83 81   1 -1  0 -9 
83 83  -1 -2  0 -9 
83 196  -1  3  0 -9 
83 198  -1  0  0 -9 
83 206   1 -1  0 -9 
83 230  -1  0  0 -9 
83 254   1  1  0 -9 
83 255   1  1  0 -9 
83 256  -1  0  0 -9 
83 260  -1  0  0 -9 
83 262   1 -1  0 -9 
83 270  -1  0  0 -9 
83 276  -1  2  0 -9 
83 277  -1  2  0 -9 
83 278   1  1  0 -9 
83 282   1  1  0 -9 
83 284  -1  0  0 -9 
83 300   1  1  0 -9 
83 324   1  1  0 -9 
83 328   1  4  0 -9 
83 336  -1  2  0 -9 
84 84   1  0  0 -9 
85 85   1  0  0 -9 
86 86   1  0  0 -9 
87 87   1  0  0 -9 
88 88   1  0  0 -9 
89 89   1  0  0 -9 
90 90   1  0  0 -9 
91 91   1  0  0 -9 
92 92   1  0  0 -9 
92 144   1  3  0 -9 
93 93   1  0  0 -9 
93 145   1  3  0 -9 
94 94   1  0  0 -9 
94 146   1  3  0 -9 
95 95   1  0  0 -9 
95 147   1  3  0 -9 
96 96   1  0  0 -9 
96 148   1  3  0 -9 
97 97   1  0  0 -9 
97 149   1  3  0 -9 
98 98   1  0  0 -9 
98 150   1  3  0 -9 
99 99   1  0  0 -9 
99 151   1  3  0 -9 
100 100   1  0  0 -9 
100 152   1  3  0 -9 
101 87   1 -1  0 -9 
101 101  -1 -2  0 -9 
102 86   1 -1  0 -9 
102 88   1 -1  0 -9 
102 102  -1 -2  0 -9 
103 103  -1 -2  0 -9 
103 126   1 -1  0 -9 
103 146   1  1  0 -9 
103 168  -1  0  0 -9 
104 95   1 -1  0 -9 
104 104  -1 -2  0 -9 
104 127   1 -1  0 -9 
104 147   1  2  0 -9 
104 169  -1  0  0 -9 
105 94   1 -1  0 -9 
105 96   1 -1  0 -9 
105 105  -1 -2  0 -9 
105 128   1 -1  0 -9 
105 146   1  2  0 -9 
105 148   1  2  0 -9 
105 170  -1  0  0 -9 
106 106  -1 -2  0 -9 
106 129   1 -1  0 -9 
106 147   1  1  0 -9 
106 171  -1  0  0 -9 
107 107  -1 -2  0 -9 
107 130   1 -1  0 -9 
107 148   1  1  0 -9 
107 172  -1  0  0 -9 
108 96   1 -1  0 -9 
108 108  -1 -2  0 -9 
108 131   1 -1  0 -9 
108 148   1  2  0 -9 
108 173  -1  0  0 -9 
109 91   1 -1  0 -9 
109 96   1 -1  0 -9 
109 97   1 -1  0 -9 
109 109  -1 -2  0 -9 
109 132   1 -1  0 -9 
109 148   1  2  0 -9 
109 149   1  2  0 -9 
109 174  -1  0  0 -9 
110 100   1 -1  0 -9 
110 110  -1 -2  0 -9 
110 133   1 -1  0 -9 
110 152   1  2  0 -9 
110 175  -1  0  0 -9 
111 111   1  0  0 -9 
111 144   1  2  0 -9 
111 153  -1  1  0 -9 
111 217   1  2  0 -9 
112 112   1  0  0 -9 
112 147   1  2  0 -9 
112 154  -1  1  0 -9 
112 218   1  2  0 -9 
113 113   1  0  0 -9 
113 145   1  2  0 -9 
113 146   1  2  0 -9 
113 148   1  2  0 -9 
113 155  -1  1  0 -9 
113 219   1  2  0 -9 
114 114   1  0  0 -9 
114 148   1  2  0 -9 
114 156  -1  1  0 -9 
114 220   1  2  0 -9 
115 115   1  0  0 -9 
115 145   1  2  0 -9 
115 157  -1  1  0 -9 
115 221   1  2  0 -9 
116 116   1  0  0 -9 
116 149   1  2  0 -9 
116 158  -1  1  0 -9 
116 222   1  2  0 -9 
117 117   1  0  0 -9 
117 150   1  2  0 -9 
117 159  -1  1  0 -9 
117 223   1  2  0 -9 
118 118   1  0  0 -9 
118 145   1  2  0 -9 
118 148   1  2  0 -9 
118 151   1  2  0 -9 
118 160  -1  1  0 -9 
118 224   1  2  0 -9 
119 119   1  0  0 -9 
119 152   1  2  0 -9 
119 161  -1  1  0 -9 
119 225   1  2  0 -9 
120 120   1  0  0 -9 
120 162  -1  1  0 -9 
120 186  -1  4  0 -9 
120 226   1  2  0 -9 
120 287   1  5  0 -9 
121 121   1  0  0 -9 
121 149   1  3  0 -9 
121 163  -1  1  0 -9 
121 187  -1  4  0 -9 
121 227   1  2  0 -9 
121 288   1  5  0 -9 
122 122   1  0  0 -9 
122 150   1  3  0 -9 
122 164  -1  1  0 -9 
122 188  -1  4  0 -9 
122 228   1  2  0 -9 
122 289   1  5  0 -9 
123 123   1  0  0 -9 
123 151   1  3  0 -9 
123 165  -1  1  0 -9 
123 189  -1  4  0 -9 
123 229   1  2  0 -9 
123 290   1  5  0 -9 
124 124   1  0  0 -9 
124 152   1  3  0 -9 
124 166  -1  1  0 -9 
124 190  -1  4  0 -9 
124 230   1  2  0 -9 
124 291   1  5  0 -9 
125 125   1  0  0 -9 
125 151   1  2  0 -9 
125 167  -1  1  0 -9 
125 191  -1  4  0 -9 
125 231   1  2  0 -9 
125 292   1  5  0 -9 
126 126   1  0  0 -9 
126 146   1  2  0 -9 
126 168  -1  1  0 -9 
126 305   1  2  0 -9 
127 127   1  0  0 -9 
127 169  -1  1  0 -9 
127 306   1  2  0 -9 
128 128   1  0  0 -9 
128 170  -1  1  0 -9 
128 307   1  2  0 -9 
129 129   1  0  0 -9 
129 147   1  2  0 -9 
129 171  -1  1  0 -9 
129 308   1  2  0 -9 
130 130   1  0  0 -9 
130 148   1  2  0 -9 
130 172  -1  1  0 -9 
130 309   1  2  0 -9 
131 131   1  0  0 -9 
131 173  -1  1  0 -9 
131 310   1  2  0 -9 
132 132   1  0  0 -9 
132 174  -1  1  0 -9 
132 311   1  2  0 -9 
133 133   1  0  0 -9 
133 175  -1  1  0 -9 
133 312   1  2  0 -9 
134 134   1  0  0 -9 
134 176  -1  1  0 -9 
134 193  -1  4  0 -9 
134 313   1  2  0 -9 
134 325   1  5  0 -9 
135 135   1  0  0 -9 
135 177  -1  1  0 -9 
135 194  -1  4  0 -9 
135 314   1  2  0 -9 
135 326   1  5  0 -9 
136 136   1  0  0 -9 
136 178  -1  1  0 -9 
136 195  -1  4  0 -9 
136 315   1  2  0 -9 
136 327   1  5  0 -9 
137 137   1  0  0 -9 
137 152   1  2  0 -9 
137 179  -1  1  0 -9 
137 196  -1  4  0 -9 
137 316   1  2  0 -9 
137 328   1  5  0 -9 
138 134   1 -1  0 -9 
138 138  -1 -2  0 -9 
138 176  -1  0  0 -9 
138 180   1 -1  0 -9 
138 193  -1  3  0 -9 
138 317   1  2  0 -9 
138 325   1  4  0 -9 
138 329  -1  3  0 -9 
139 135   1 -1  0 -9 
139 139  -1 -2  0 -9 
139 177  -1  0  0 -9 
139 181   1 -1  0 -9 
139 194  -1  3  0 -9 
139 318   1  2  0 -9 
139 326   1  4  0 -9 
139 330  -1  3  0 -9 
140 96   1 -1  0 -9 
140 121   1 -1  0 -9 
140 132   1 -1  0 -9 
140 135   1 -1  0 -9 
140 140  -1 -2  0 -9 
140 148   1  2  0 -9 
140 149   1  2  0 -9 
140 163  -1  0  0 -9 
140 174  -1  0  0 -9 
140 177  -1  0  0 -9 
140 182   1 -1  0 -9 
140 187  -1  3  0 -9 
140 194  -1  3  0 -9 
140 288   1  4  0 -9 
140 319   1  2  0 -9 
140 326   1  4  0 -9 
140 331  -1  3  0 -9 
141 124   1 -1  0 -9 
141 133   1 -1  0 -9 
141 136   1 -1  0 -9 
141 141  -1 -2  0 -9 
141 152   1  2  0 -9 
141 166  -1  0  0 -9 
141 175  -1  0  0 -9 
141 178  -1  0  0 -9 
141 183   1 -1  0 -9 
141 190  -1  3  0 -9 
141 195  -1  3  0 -9 
141 291   1  4  0 -9 
141 320   1  2  0 -9 
141 327   1  4  0 -9 
141 332  -1  3  0 -9 
142 136   1 -1  0 -9 
142 142  -1 -2  0 -9 
142 178  -1  0  0 -9 
142 184   1 -1  0 -9 
142 195  -1  3  0 -9 
142 321   1  2  0 -9 
142 327   1  4  0 -9 
142 333  -1  3  0 -9 
143 137   1 -1  0 -9 
143 143  -1 -2  0 -9 
143 152   1  1  0 -9 
143 179  -1  0  0 -9 
143 185   1 -1  0 -9 
143 196  -1  3  0 -9 
143 322   1  2  0 -9 
143 328   1  4  0 -9 
143 334  -1  3  0 -9 
144 144  -1  6  0 -9 
145 145  -1  6  0 -9 
146 146  -1  6  0 -9 
147 147  -1  6  0 -9 
148 148  -1  6  0 -9 
149 149  -1  6  0 -9 
150 150  -1  6  0 -9 
151 151  -1  6  0 -9 
152 152  -1  6  0 -9 
153 144  -1  5  0 -9 
153 217   1  3  0 -9 
154 147  -1  5  0 -9 
154 218   1  3  0 -9 
155 145  -1  5  0 -9 
155 146  -1  5  0 -9 
155 148  -1  5  0 -9 
155 219   1  3  0 -9 
156 148  -1  5  0 -9 
156 220   1  3  0 -9 
157 145  -1  5  0 -9 
157 221   1  3  0 -9 
158 149  -1  5  0 -9 
158 222   1  3  0 -9 
159 150  -1  5  0 -9 
159 223   1  3  0 -9 
160 145  -1  5  0 -9 
160 148  -1  5  0 -9 
160 151  -1  5  0 -9 
160 224   1  3  0 -9 
161 152  -1  5  0 -9 
161 225   1  3  0 -9 
162 186  -1  5  0 -9 
162 226   1  3  0 -9 
162 287   1  6  0 -9 
163 187  -1  5  0 -9 
163 227   1  3  0 -9 
163 288   1  6  0 -9 
164 188  -1  5  0 -9 
164 228   1  3  0 -9 
164 289   1  6  0 -9 
165 189  -1  5  0 -9 
165 229   1  3  0 -9 
165 290   1  6  0 -9 
166 190  -1  5  0 -9 
166 230   1  3  0 -9 
166 291   1  6  0 -9 
167 151  -1  5  0 -9 
167 191  -1  5  0 -9 
167 231   1  3  0 -9 
167 292   1  6  0 -9 
168 146  -1  5  0 -9 
168 305   1  3  0 -9 
169 147  -1  4  0 -9 
169 306   1  3  0 -9 
170 146  -1  4  0 -9 
170 148  -1  4  0 -9 
170 307   1  3  0 -9 
171 147  -1  5  0 -9 
171 308   1  3  0 -9 
172 148  -1  5  0 -9 
172 309   1  3  0 -9 
173 148  -1  4  0 -9 
173 310   1  3  0 -9 
174 148  -1  4  0 -9 
174 149  -1  4  0 -9 
174 311   1  3  0 -9 
175 152  -1  4  0 -9 
175 312   1  3  0 -9 
176 193  -1  5  0 -9 
176 313   1  3  0 -9 
176 325   1  6  0 -9 
177 194  -1  5  0 -9 
177 314   1  3  0 -9 
177 326   1  6  0 -9 
178 195  -1  5  0 -9 
178 315   1  3  0 -9 
178 327   1  6  0 -9 
179 152  -1  5  0 -9 
179 196  -1  5  0 -9 
179 316   1  3  0 -9 
179 328   1  6  0 -9 
180 193  -1  4  0 -9 
180 317   1  3  0 -9 
180 325   1  5  0 -9 
180 329  -1  4  0 -9 
181 194  -1  4  0 -9 
181 318   1  3  0 -9 
181 326   1  5  0 -9 
181 330  -1  4  0 -9 
182 187  -1  4  0 -9 
182 194  -1  4  0 -9 
182 288   1  5  0 -9 
182 319   1  3  0 -9 
182 326   1  5  0 -9 
182 331  -1  4  0 -9 
183 190  -1  4  0 -9 
183 195  -1  4  0 -9 
183 291   1  5  0 -9 
183 320   1  3  0 -9 
183 327   1  5  0 -9 
183 332  -1  4  0 -9 
184 195  -1  4  0 -9 
184 321   1  3  0 -9 
184 327   1  5  0 -9 
184 333  -1  4  0 -9 
185 196  -1  4  0 -9 
185 322   1  3  0 -9 
185 328   1  5  0 -9 
185 334  -1  4  0 -9 
186 186  -1  6  0 -9 
186 287   1  7  0 -9 
187 187  -1  6  0 -9 
187 288   1  7  0 -9 
188 188  -1  6  0 -9 
188 289   1  7  0 -9 
189 189  -1  6  0 -9 
189 290   1  7  0 -9 
190 190  -1  6  0 -9 
190 291   1  7  0 -9 
191 191  -1  6  0 -9 
191 292   1  7  0 -9 
192 191  -1  5  0 -9 
192 256   1  3  0 -9 
192 278  -1  4  0 -9 
192 292   1  6  0 -9 
193 193  -1  6  0 -9 
193 325   1  7  0 -9 
194 194  -1  6  0 -9 
194 326   1  7  0 -9 
195 195  -1  6  0 -9 
195 327   1  7  0 -9 
196 196  -1  6  0 -9 
196 328   1  7  0 -9 
197 323   1  3  0 -9 
197 335  -1  4  0 -9 
198 196  -1  5  0 -9 
198 324   1  3  0 -9 
198 328   1  6  0 -9 
198 336  -1  4  0 -9 
199 163  -1  1  0 -9 
199 180  -1  1  0 -9 
199 187   1  2  0 -9 
199 193  -1  5 -1  3 -1  1  0 -9 
199 199   1  0  0 -9 
199 227   1  2  0 -9 
199 263  -1  1  0 -9 
199 288  -1  3  0 -9 
199 293   1  2  0 -9 
199 317   1  2  0 -9 
199 325   1  6  1  4  0 -9 
199 329  -1  3  0 -9 
200 72  -1  1  0 -9 
200 164  -1  1  0 -9 
200 181  -1  1  0 -9 
200 186  -1  5 -1  3 -1  1  0 -9 
200 188   1  2  0 -9 
200 194  -1  5 -1  3 -1  1  0 -9 
200 200   1  0  0 -9 
200 228   1  2  0 -9 
200 250   1  2  0 -9 
200 264  -1  1  0 -9 
200 272  -1  3  0 -9 
200 287   1  6  1  4  0 -9 
200 289  -1  3  0 -9 
200 294   1  2  0 -9 
200 318   1  2  0 -9 
200 326   1  6  1  4  0 -9 
200 330  -1  3  0 -9 
201 182  -1  1  0 -9 
201 194  -1  5 -1  3 -1  1  0 -9 
201 201   1  0  0 -9 
201 265  -1  1  0 -9 
201 295   1  2  0 -9 
201 319   1  2  0 -9 
201 326   1  6  1  4  0 -9 
201 331  -1  3  0 -9 
202 183  -1  1  0 -9 
202 195  -1  5 -1  3 -1  1  0 -9 
202 202   1  0  0 -9 
202 266  -1  1  0 -9 
202 296   1  2  0 -9 
202 320   1  2  0 -9 
202 327   1  6  1  4  0 -9 
202 332  -1  3  0 -9 
203 77  -1  1  0 -9 
203 165  -1  1  0 -9 
203 184  -1  1  0 -9 
203 189   1  2  0 -9 
203 191  -1  5 -1  3 -1  1  0 -9 
203 195  -1  5 -1  3 -1  1  0 -9 
203 203   1  0  0 -9 
203 229   1  2  0 -9 
203 255   1  2  0 -9 
203 267  -1  1  0 -9 
203 277  -1  3  0 -9 
203 290  -1  3  0 -9 
203 292   1  6  1  4  0 -9 
203 297   1  2  0 -9 
203 321   1  2  0 -9 
203 327   1  6  1  4  0 -9 
203 333  -1  3  0 -9 
204 166  -1  1  0 -9 
204 185  -1  1  0 -9 
204 190   1  2  0 -9 
204 196  -1  5 -1  3 -1  1  0 -9 
204 204   1  0  0 -9 
204 230   1  2  0 -9 
204 268  -1  1  0 -9 
204 291  -1  3  0 -9 
204 298   1  2  0 -9 
204 322   1  2  0 -9 
204 328   1  6  1  4  0 -9 
204 334  -1  3  0 -9 
205 191  -1  4  0 -9 
205 192  -1  1  0 -9 
205 197  -1  1  0 -9 
205 205   1  0  0 -9 
205 256   1  2  0 -9 
205 269  -1  1  0 -9 
205 278  -1  3  0 -9 
205 292   1  5  0 -9 
205 299   1  2  0 -9 
205 323   1  2  0 -9 
205 335  -1  3  0 -9 
206 196  -1  4  0 -9 
206 198  -1  1  0 -9 
206 206   1  0  0 -9 
206 270  -1  1  0 -9 
206 300   1  2  0 -9 
206 324   1  2  0 -9 
206 328   1  5  0 -9 
206 336  -1  3  0 -9 
207 185   1 -1  0 -9 
207 196  -1  3  0 -9 
207 197   1 -1  0 -9 
207 198  -1  0  0 -9 
207 206   1 -1  0 -9 
207 207  -1 -2  0 -9 
207 270  -1  0  0 -9 
207 271   1 -1  0 -9 
207 300   1  1  0 -9 
207 301  -1  0  0 -9 
207 322   1  2  0 -9 
207 323   1  2  0 -9 
207 328   1  4  0 -9 
207 334  -1  3  0 -9 
207 335  -1  3  0 -9 
208 63   1  3  0 -9 
208 144  -1  5  0 -9 
209 64   1  3  0 -9 
209 145  -1  5  0 -9 
210 65   1  3  0 -9 
210 146  -1  5  0 -9 
211 66   1  3  0 -9 
211 147  -1  5  0 -9 
212 67   1  3  0 -9 
212 148  -1  5  0 -9 
213 68   1  3  0 -9 
213 149  -1  5  0 -9 
214 69   1  3  0 -9 
214 150  -1  5  0 -9 
215 70   1  3  0 -9 
215 151  -1  5  0 -9 
216 71   1  3  0 -9 
216 152  -1  5  0 -9 
217 144  -1  4  0 -9 
217 153   1  3  0 -9 
218 147  -1  4  0 -9 
218 154   1  3  0 -9 
219 145  -1  4  0 -9 
219 146  -1  4  0 -9 
219 148  -1  4  0 -9 
219 155   1  3  0 -9 
220 148  -1  4  0 -9 
220 156   1  3  0 -9 
221 145  -1  4  0 -9 
221 157   1  3  0 -9 
222 149  -1  4  0 -9 
222 158   1  3  0 -9 
223 150  -1  4  0 -9 
223 159   1  3  0 -9 
224 145  -1  4  0 -9 
224 148  -1  4  0 -9 
224 151  -1  4  0 -9 
224 160   1  3  0 -9 
225 152  -1  4  0 -9 
225 161   1  3  0 -9 
226 162   1  3  0 -9 
226 186  -1  4  0 -9 
227 163   1  3  0 -9 
227 187  -1  4  0 -9 
228 164   1  3  0 -9 
228 188  -1  4  0 -9 
229 165   1  3  0 -9 
229 189  -1  4  0 -9 
230 166   1  3  0 -9 
230 190  -1  4  0 -9 
231 151  -1  4  0 -9 
231 167   1  3  0 -9 
231 191  -1  4  0 -9 
232 63  -1  1  0 -9 
232 65   1  2  0 -9 
232 144  -1  3  0 -9 
232 146  -1  4  1  2  0 -9 
232 153   1  2  0 -9 
232 168  -1  1  0 -9 
232 208   1  2  0 -9 
232 210  -1  1  0 -9 
232 217  -1  1  0 -9 
232 232   1  0  0 -9 
232 305   1  2  0 -9 
233 147  -1  3  0 -9 
233 154   1  2  0 -9 
233 169  -1  1  0 -9 
233 218  -1  1  0 -9 
233 233   1  0  0 -9 
233 306   1  2  0 -9 
234 64  -1  1  0 -9 
234 145  -1  3  0 -9 
234 146  -1  3  0 -9 
234 148  -1  3  0 -9 
234 155   1  2  0 -9 
234 170  -1  1  0 -9 
234 209   1  2  0 -9 
234 219  -1  1  0 -9 
234 234   1  0  0 -9 
234 307   1  2  0 -9 
235 64  -1  1  0 -9 
235 66   1  2  0 -9 
235 68  -1  1  0 -9 
235 145  -1  3  0 -9 
235 147  -1  4  1  2  0 -9 
235 149  -1  3  0 -9 
235 157   1  2  0 -9 
235 158   1  2  0 -9 
235 171  -1  1  0 -9 
235 209   1  2  0 -9 
235 211  -1  1  0 -9 
235 213   1  2  0 -9 
235 221  -1  1  0 -9 
235 222  -1  1  0 -9 
235 235   1  0  0 -9 
235 308   1  2  0 -9 
236 67   1  2  0 -9 
236 69  -1  1  0 -9 
236 148  -1  4  1  2  0 -9 
236 150  -1  3  0 -9 
236 159   1  2  0 -9 
236 172  -1  1  0 -9 
236 212  -1  1  0 -9 
236 214   1  2  0 -9 
236 223  -1  1  0 -9 
236 236   1  0  0 -9 
236 309   1  2  0 -9 
237 64  -1  1  0 -9 
237 70  -1  1  0 -9 
237 145  -1  3  0 -9 
237 148  -1  3  0 -9 
237 151  -1  3  0 -9 
237 160   1  2  0 -9 
237 173  -1  1  0 -9 
237 209   1  2  0 -9 
237 215   1  2  0 -9 
237 224  -1  1  0 -9 
237 237   1  0  0 -9 
237 310   1  2  0 -9 
238 148  -1  3  0 -9 
238 149  -1  3  0 -9 
238 156   1  2  0 -9 
238 158   1  2  0 -9 
238 174  -1  1  0 -9 
238 220  -1  1  0 -9 
238 222  -1  1  0 -9 
238 238   1  0  0 -9 
238 311   1  2  0 -9 
239 152  -1  3  0 -9 
239 161   1  2  0 -9 
239 175  -1  1  0 -9 
239 225  -1  1  0 -9 
239 239   1  0  0 -9 
239 312   1  2  0 -9 
240 72  -1  1  0 -9 
240 73  -1  1  0 -9 
240 162   1  2  0 -9 
240 163   1  2  0 -9 
240 176  -1  1  0 -9 
240 186  -1  3  0 -9 
240 187  -1  3  0 -9 
240 193  -1  4  1  2  0 -9 
240 226  -1  1  0 -9 
240 227  -1  1  0 -9 
240 240   1  0  0 -9 
240 250   1  2  0 -9 
240 251   1  2  0 -9 
240 257  -1  1  0 -9 
240 272  -1  3  0 -9 
240 273  -1  3  0 -9 
240 279   1  2  0 -9 
240 313   1  2  0 -9 
240 325   1  5  0 -9 
241 74  -1  1  0 -9 
241 164   1  2  0 -9 
241 177  -1  1  0 -9 
241 188  -1  3  0 -9 
241 194  -1  4  1  2  0 -9 
241 228  -1  1  0 -9 
241 241   1  0  0 -9 
241 252   1  2  0 -9 
241 258  -1  1  0 -9 
241 274  -1  3  0 -9 
241 280   1  2  0 -9 
241 314   1  2  0 -9 
241 326   1  5  0 -9 
242 75  -1  1  0 -9 
242 165   1  2  0 -9 
242 178  -1  1  0 -9 
242 189  -1  3  0 -9 
242 195  -1  4  1  2  0 -9 
242 229  -1  1  0 -9 
242 242   1  0  0 -9 
242 253   1  2  0 -9 
242 259  -1  1  0 -9 
242 275  -1  3  0 -9 
242 281   1  2  0 -9 
242 315   1  2  0 -9 
242 327   1  5  0 -9 
243 70  -1  1  0 -9 
243 71   1  2  0 -9 
243 76  -1  1  0 -9 
243 77  -1  1  0 -9 
243 151  -1  3  0 -9 
243 152  -1  4  1  2  0 -9 
243 166   1  2  0 -9 
243 167   1  2  0 -9 
243 179  -1  1  0 -9 
243 190  -1  3  0 -9 
243 191  -1  3  0 -9 
243 196  -1  4  1  2  0 -9 
243 215   1  2  0 -9 
243 216  -1  1  0 -9 
243 230  -1  1  0 -9 
243 231  -1  1  0 -9 
243 243   1  0  0 -9 
243 254   1  2  0 -9 
243 255   1  2  0 -9 
243 260  -1  1  0 -9 
243 276  -1  3  0 -9 
243 277  -1  3  0 -9 
243 282   1  2  0 -9 
243 316   1  2  0 -9 
243 328   1  5  0 -9 
244 180  -1  1  0 -9 
244 193  -1  3  0 -9 
244 244   1  0  0 -9 
244 263  -1  1  0 -9 
244 288  -1  3  0 -9 
244 293   1  2  0 -9 
244 317   1  2  0 -9 
244 325   1  4  0 -9 
244 329  -1  3  0 -9 
245 72  -1  1  0 -9 
245 181  -1  1  0 -9 
245 186  -1  3  0 -9 
245 194  -1  3  0 -9 
245 245   1  0  0 -9 
245 250   1  2  0 -9 
245 264  -1  1  0 -9 
245 272  -1  3  0 -9 
245 287   1  4  0 -9 
245 289  -1  3  0 -9 
245 294   1  2  0 -9 
245 318   1  2  0 -9 
245 326   1  4  0 -9 
245 330  -1  3  0 -9 
246 163   1  2  0 -9 
246 182  -1  1  0 -9 
246 187  -1  3  0 -9 
246 194  -1  3  0 -9 
246 227  -1  1  0 -9 
246 246   1  0  0 -9 
246 265  -1  1  0 -9 
246 295   1  2  0 -9 
246 319   1  2  0 -9 
246 326   1  4  0 -9 
246 331  -1  3  0 -9 
247 166   1  2  0 -9 
247 183  -1  1  0 -9 
247 190  -1  3  0 -9 
247 195  -1  3  0 -9 
247 230  -1  1  0 -9 
247 247   1  0  0 -9 
247 266  -1  1  0 -9 
247 296   1  2  0 -9 
247 320   1  2  0 -9 
247 327   1  4  0 -9 
247 332  -1  3  0 -9 
248 77  -1  1  0 -9 
248 184  -1  1  0 -9 
248 191  -1  3  0 -9 
248 195  -1  3  0 -9 
248 248   1  0  0 -9 
248 255   1  2  0 -9 
248 267  -1  1  0 -9 
248 277  -1  3  0 -9 
248 290  -1  3  0 -9 
248 292   1  4  0 -9 
248 297   1  2  0 -9 
248 321   1  2  0 -9 
248 327   1  4  0 -9 
248 333  -1  3  0 -9 
249 185  -1  1  0 -9 
249 196  -1  3  0 -9 
249 249   1  0  0 -9 
249 268  -1  1  0 -9 
249 291  -1  3  0 -9 
249 298   1  2  0 -9 
249 322   1  2  0 -9 
249 328   1  4  0 -9 
249 334  -1  3  0 -9 
250 72   1  3  0 -9 
250 186  -1  5  0 -9 
250 272  -1  5  0 -9 
250 287   1  6  0 -9 
251 73   1  3  0 -9 
251 187  -1  5  0 -9 
251 273  -1  5  0 -9 
251 288   1  6  0 -9 
252 74   1  3  0 -9 
252 188  -1  5  0 -9 
252 274  -1  5  0 -9 
252 289   1  6  0 -9 
253 75   1  3  0 -9 
253 189  -1  5  0 -9 
253 275  -1  5  0 -9 
253 290   1  6  0 -9 
254 76   1  3  0 -9 
254 190  -1  5  0 -9 
254 276  -1  5  0 -9 
254 291   1  6  0 -9 
255 77   1  3  0 -9 
255 191  -1  5  0 -9 
255 277  -1  5  0 -9 
255 292   1  6  0 -9 
256 191  -1  4  0 -9 
256 192   1  3  0 -9 
256 278  -1  5  0 -9 
256 302   1  6  0 -9 
257 193  -1  5  0 -9 
257 272  -1  4  0 -9 
257 273  -1  4  0 -9 
257 279   1  3  0 -9 
257 325   1  6  0 -9 
258 194  -1  5  0 -9 
258 274  -1  4  0 -9 
258 280   1  3  0 -9 
258 326   1  6  0 -9 
259 195  -1  5  0 -9 
259 275  -1  4  0 -9 
259 281   1  3  0 -9 
259 327   1  6  0 -9 
260 196  -1  5  0 -9 
260 276  -1  4  0 -9 
260 277  -1  4  0 -9 
260 282   1  3  0 -9 
260 328   1  6  0 -9 
261 197  -1  1  0 -9 
261 261   1  0  0 -9 
261 269  -1  1  0 -9 
261 278  -1  3  0 -9 
261 283  -1  1  0 -9 
261 285   1  2  0 -9 
261 299   1  2  0 -9 
261 302   1  4  0 -9 
261 303  -1  3  0 -9 
261 323   1  2  0 -9 
261 335  -1  3  0 -9 
262 76  -1  1  0 -9 
262 77  -1  1  0 -9 
262 166   1  2  0 -9 
262 190  -1  3  0 -9 
262 191  -1  3  0 -9 
262 192   1  2  0 -9 
262 196  -1  4  1  2  0 -9 
262 198  -1  1  0 -9 
262 230  -1  1  0 -9 
262 254   1  2  0 -9 
262 255   1  2  0 -9 
262 256  -1  1  0 -9 
262 260  -1  1  0 -9 
262 262   1  0  0 -9 
262 270  -1  1  0 -9 
262 276  -1  3  0 -9 
262 277  -1  3  0 -9 
262 278  -1  4  1  2  0 -9 
262 282   1  2  0 -9 
262 284  -1  1  0 -9 
262 286   1  2  0 -9 
262 300   1  2  0 -9 
262 302   1  5  0 -9 
262 304  -1  3  0 -9 
262 324   1  2  0 -9 
262 328   1  5  0 -9 
262 336  -1  3  0 -9 
263 193  -1  4  0 -9 
263 288  -1  4  0 -9 
263 293   1  3  0 -9 
263 325   1  5  0 -9 
263 329  -1  4  0 -9 
264 186  -1  4  0 -9 
264 194  -1  4  0 -9 
264 272  -1  4  0 -9 
264 287   1  5  0 -9 
264 289  -1  4  0 -9 
264 294   1  3  0 -9 
264 326   1  5  0 -9 
264 330  -1  4  0 -9 
265 194  -1  4  0 -9 
265 295   1  3  0 -9 
265 326   1  5  0 -9 
265 331  -1  4  0 -9 
266 195  -1  4  0 -9 
266 296   1  3  0 -9 
266 327   1  5  0 -9 
266 332  -1  4  0 -9 
267 191  -1  4  0 -9 
267 195  -1  4  0 -9 
267 277  -1  4  0 -9 
267 290  -1  4  0 -9 
267 292   1  5  0 -9 
267 297   1  3  0 -9 
267 327   1  5  0 -9 
267 333  -1  4  0 -9 
268 196  -1  4  0 -9 
268 291  -1  4  0 -9 
268 298   1  3  0 -9 
268 328   1  5  0 -9 
268 334  -1  4  0 -9 
269 278  -1  4  0 -9 
269 299   1  3  0 -9 
269 302   1  5  0 -9 
269 303  -1  4  0 -9 
269 335  -1  4  0 -9 
269 337   1  5  0 -9 
270 300   1  3  0 -9 
270 304  -1  4  0 -9 
270 336  -1  4  0 -9 
270 338   1  5  0 -9 
271 270  -1  1  0 -9 
271 271   1  0  0 -9 
271 300   1  2  0 -9 
271 301  -1  1  0 -9 
271 304  -1  3  0 -9 
271 336  -1  3  0 -9 
271 337  -1  3  0 -9 
271 338   1  4  0 -9 
271 339   1  2  0 -9 
272 272  -1  6  0 -9 
272 287   1  7  0 -9 
273 273  -1  6  0 -9 
273 288   1  7  0 -9 
274 274  -1  6  0 -9 
274 289   1  7  0 -9 
275 275  -1  6  0 -9 
275 290   1  7  0 -9 
276 276  -1  6  0 -9 
276 291   1  7  0 -9 
277 277  -1  6  0 -9 
277 292   1  7  0 -9 
278 278  -1  6  0 -9 
278 302   1  7  0 -9 
279 193  -1  4  0 -9 
279 257   1  3  0 -9 
279 272  -1  5  0 -9 
279 273  -1  5  0 -9 
279 287   1  6  0 -9 
279 288   1  6  0 -9 
280 194  -1  4  0 -9 
280 258   1  3  0 -9 
280 274  -1  5  0 -9 
280 289   1  6  0 -9 
281 195  -1  4  0 -9 
281 259   1  3  0 -9 
281 275  -1  5  0 -9 
281 290   1  6  0 -9 
282 196  -1  4  0 -9 
282 260   1  3  0 -9 
282 276  -1  5  0 -9 
282 277  -1  5  0 -9 
282 291   1  6  0 -9 
282 292   1  6  0 -9 
283 278  -1  4  0 -9 
283 285   1  3  0 -9 
283 302   1  5  0 -9 
283 303  -1  4  0 -9 
284 278  -1  5  0 -9 
284 286   1  3  0 -9 
284 302   1  6  0 -9 
284 304  -1  4  0 -9 
285 278  -1  5  0 -9 
285 283   1  3  0 -9 
285 302   1  6  0 -9 
285 303  -1  5  0 -9 
285 337   1  6  0 -9 
286 278  -1  4  0 -9 
286 284   1  3  0 -9 
286 304  -1  5  0 -9 
286 338   1  6  0 -9 
287 287   1  8  0 -9 
288 288   1  8  0 -9 
289 289   1  8  0 -9 
290 290   1  8  0 -9 
291 291   1  8  0 -9 
292 292   1  8  0 -9 
293 193  -1  5  0 -9 
293 263   1  3  0 -9 
293 288   1  7  0 -9 
293 325   1  6  0 -9 
293 329  -1  5  0 -9 
294 186  -1  5  0 -9 
294 194  -1  5  0 -9 
294 264   1  3  0 -9 
294 272  -1  5  0 -9 
294 287   1  6  0 -9 
294 289   1  7  0 -9 
294 326   1  6  0 -9 
294 330  -1  5  0 -9 
295 194  -1  5  0 -9 
295 265   1  3  0 -9 
295 288   1  6  0 -9 
295 326   1  6  0 -9 
295 331  -1  5  0 -9 
296 195  -1  5  0 -9 
296 266   1  3  0 -9 
296 291   1  6  0 -9 
296 327   1  6  0 -9 
296 332  -1  5  0 -9 
297 191  -1  5  0 -9 
297 195  -1  5  0 -9 
297 267   1  3  0 -9 
297 277  -1  5  0 -9 
297 290   1  7  0 -9 
297 292   1  6  0 -9 
297 327   1  6  0 -9 
297 333  -1  5  0 -9 
298 196  -1  5  0 -9 
298 268   1  3  0 -9 
298 291   1  7  0 -9 
298 328   1  6  0 -9 
298 334  -1  5  0 -9 
299 269   1  3  0 -9 
299 278  -1  5  0 -9 
299 302   1  6  0 -9 
299 303  -1  5  0 -9 
299 335  -1  5  0 -9 
299 337   1  6  0 -9 
300 270   1  3  0 -9 
300 304  -1  5  0 -9 
300 336  -1  5  0 -9 
300 338   1  6  0 -9 
301 304  -1  4  0 -9 
301 336  -1  4  0 -9 
301 337  -1  4  0 -9 
301 338   1  5  0 -9 
301 339   1  3  0 -9 
302 302   1  8  0 -9 
303 302   1  7  0 -9 
303 303  -1  6  0 -9 
303 337   1  7  0 -9 
304 304  -1  6  0 -9 
304 338   1  7  0 -9 
305 146  -1  4  0 -9 
305 168   1  3  0 -9 
306 147  -1  5  0 -9 
306 169   1  3  0 -9 
307 146  -1  5  0 -9 
307 148  -1  5  0 -9 
307 170   1  3  0 -9 
308 147  -1  4  0 -9 
308 171   1  3  0 -9 
309 148  -1  4  0 -9 
309 172   1  3  0 -9 
310 148  -1  5  0 -9 
310 173   1  3  0 -9 
311 148  -1  5  0 -9 
311 149  -1  5  0 -9 
311 174   1  3  0 -9 
312 152  -1  5  0 -9 
312 175   1  3  0 -9 
313 176   1  3  0 -9 
313 193  -1  4  0 -9 
314 177   1  3  0 -9 
314 194  -1  4  0 -9 
315 178   1  3  0 -9 
315 195  -1  4  0 -9 
316 152  -1  4  0 -9 
316 179   1  3  0 -9 
316 196  -1  4  0 -9 
317 180   1  3  0 -9 
317 193  -1  5  0 -9 
317 325   1  6  0 -9 
317 329  -1  5  0 -9 
318 181   1  3  0 -9 
318 194  -1  5  0 -9 
318 326   1  6  0 -9 
318 330  -1  5  0 -9 
319 182   1  3  0 -9 
319 187  -1  5  0 -9 
319 194  -1  5  0 -9 
319 288   1  6  0 -9 
319 326   1  6  0 -9 
319 331  -1  5  0 -9 
320 183   1  3  0 -9 
320 190  -1  5  0 -9 
320 195  -1  5  0 -9 
320 291   1  6  0 -9 
320 327   1  6  0 -9 
320 332  -1  5  0 -9 
321 184   1  3  0 -9 
321 195  -1  5  0 -9 
321 327   1  6  0 -9 
321 333  -1  5  0 -9 
322 185   1  3  0 -9 
322 196  -1  5  0 -9 
322 328   1  6  0 -9 
322 334  -1  5  0 -9 
323 197   1  3  0 -9 
323 335  -1  5  0 -9 
323 337   1  6  0 -9 
324 196  -1  4  0 -9 
324 198   1  3  0 -9 
324 336  -1  5  0 -9 
324 338   1  6  0 -9 
325 325   1  8  0 -9 
326 326   1  8  0 -9 
327 327   1  8  0 -9 
328 328   1  8  0 -9 
329 325   1  7  0 -9 
329 329  -1  6  0 -9 
330 326   1  7  0 -9 
330 330  -1  6  0 -9 
331 288   1  7  0 -9 
331 326   1  7  0 -9 
331 331  -1  6  0 -9 
332 291   1  7  0 -9 
332 327   1  7  0 -9 
332 332  -1  6  0 -9 
333 327   1  7  0 -9 
333 333  -1  6  0 -9 
334 328   1  7  0 -9 
334 334  -1  6  0 -9 
335 335  -1  6  0 -9 
335 337   1  7  0 -9 
336 336  -1  6  0 -9 
336 338   1  7  0 -9 
337 337   1  8  0 -9 
338 338   1  8  0 -9 
339 301   1  3  0 -9 
339 304  -1  5  0 -9 
339 336  -1  5  0 -9 
339 337   1  7  0 -9 
339 338   1  6  0 -9 
9999 9999
