 0  1   1  3  0 -9 
 0  2  -1  4  0 -9 
 1  0   1  3  0 -9 
 1  2  -1  5  0 -9 
 1  3   1  6  0 -9 
 2  2  -1  6  0 -9 
 2  3   1  7  0 -9 
 3  3   1  8  0 -9 
 4  0  -1  1  0 -9 
 4  1   1  2  0 -9 
 4  2  -1  3  0 -9 
 4  4   1  0  0 -9 
 4  5  -1  1  0 -9 
 4  6  -1  1  0 -9 
 4  7   1  2  0 -9 
 4  8  -1  3  0 -9 
 4  9  -1  3  0 -9 
 4 10   1  2  0 -9 
 4 11   1  4  0 -9 
 5  8  -1  4  0 -9 
 5  9  -1  4  0 -9 
 5 10   1  3  0 -9 
 5 11   1  5  0 -9 
 6  2  -1  4  0 -9 
 6  3   1  5  0 -9 
 6  7   1  3  0 -9 
 6  8  -1  4  0 -9 
 6  9  -1  4  0 -9 
 6 11   1  5  0 -9 
 7  2  -1  5  0 -9 
 7  3   1  6  0 -9 
 7  6   1  3  0 -9 
 7  8  -1  5  0 -9 
 7  9  -1  5  0 -9 
 7 11   1  6  0 -9 
 8  3   1  7  0 -9 
 8  8  -1  6  0 -9 
 8 11   1  7  0 -9 
 9  9  -1  6  0 -9 
 9 11   1  7  0 -9 
10  3   1  6  0 -9 
10  5   1  3  0 -9 
10  8  -1  5  0 -9 
10  9  -1  5  0 -9 
10 11   1  6  0 -9 
11 11   1  8  0 -9 
12  0  -1  0  0 -9 
12  3  -1  3  0 -9 
12  4   1 -1  0 -9 
12  5  -1  0  0 -9 
12  6  -1  0  0 -9 
12  7   1  1  0 -9 
12 12  -1 -2  0 -9 
12 13   1 -1  0 -9 
12 14   1 -1  0 -9 
12 15  -1  0  0 -9 
12 16  -1  3  0 -9 
12 18   1  2  0 -9 
12 19  -1  3  0 -9 
12 20   1  4  0 -9 
13  3  -1  4  0 -9 
13 16  -1  4  0 -9 
13 18   1  3  0 -9 
13 19  -1  4  0 -9 
13 20   1  5  0 -9 
14  2  -1  3  0 -9 
14  6  -1  1  0 -9 
14  7   1  2  0 -9 
14  9  -1  3  0 -9 
14 14   1  0  0 -9 
14 15  -1  1  0 -9 
14 16  -1  4  0 -9 
14 17   1  2  0 -9 
14 20   1  5  0 -9 
15  2  -1  4  0 -9 
15  9  -1  4  0 -9 
15 16  -1  5  0 -9 
15 17   1  3  0 -9 
15 20   1  6  0 -9 
16 16  -1  6  0 -9 
16 20   1  7  0 -9 
17  2  -1  5  0 -9 
17  3   1  6  0 -9 
17  9  -1  5  0 -9 
17 11   1  6  0 -9 
17 15   1  3  0 -9 
17 16  -1  4  0 -9 
18  3   1  7  0 -9 
18 13   1  3  0 -9 
18 16  -1  5  0 -9 
18 19  -1  5  0 -9 
18 20   1  6  0 -9 
19 19  -1  6  0 -9 
19 20   1  7  0 -9 
20 20   1  8  0 -9 
21  3  -1  2  0 -9 
21  8   1  1  0 -9 
21  9   1  1  0 -9 
21 10  -1  0  0 -9 
21 11  -1  2  0 -9 
21 13  -1  0  0 -9 
21 16  -1  2 -1  0  0 -9 
21 18   1  1  0 -9 
21 19  -1  2  0 -9 
21 20   1  3  0 -9 
21 21  -1 -2  0 -9 
21 22  -1  0  0 -9 
21 23   1 -1  0 -9 
21 24   1  1  0 -9 
21 25   1 -1  0 -9 
21 27  -1  0  0 -9 
21 28   1  1  0 -9 
21 29  -1  2  0 -9 
22  9  -1  5  0 -9 
22 11   1  6  0 -9 
22 24  -1  5  0 -9 
22 26   1  3  0 -9 
22 29   1  6  0 -9 
23  3  -1  3  0 -9 
23  5   1  2  0 -9 
23  8   1  2  0 -9 
23  9  -1  4  1  2  0 -9 
23 10  -1  1  0 -9 
23 11  -1  3  0 -9 
23 13  -1  1  0 -9 
23 16  -1  5 -1  3 -1  1  0 -9 
23 18   1  2  0 -9 
23 19  -1  3  0 -9 
23 20   1  6  1  4  0 -9 
23 22  -1  1  0 -9 
23 23   1  0  0 -9 
23 24   1  2  0 -9 
23 26   1  2  0 -9 
23 27  -1  1  0 -9 
23 28   1  2  0 -9 
23 29  -1  3  0 -9 
24 11   1  7  0 -9 
24 24  -1  6  0 -9 
24 29   1  7  0 -9 
25  3  -1  3  0 -9 
25 13  -1  1  0 -9 
25 16  -1  3  0 -9 
25 18   1  2  0 -9 
25 19  -1  3  0 -9 
25 20   1  4  0 -9 
25 25   1  0  0 -9 
25 27  -1  1  0 -9 
25 28   1  2  0 -9 
25 29  -1  3  0 -9 
26  9  -1  4  0 -9 
26 11   1  5  0 -9 
26 22   1  3  0 -9 
26 24  -1  4  0 -9 
27 16  -1  4  0 -9 
27 19  -1  4  0 -9 
27 20   1  5  0 -9 
27 28   1  3  0 -9 
27 29  -1  4  0 -9 
28 16  -1  5  0 -9 
28 19  -1  5  0 -9 
28 20   1  6  0 -9 
28 27   1  3  0 -9 
28 29   1  7  0 -9 
29 29   1  8  0 -9 
30  1  -1  0  0 -9 
30  2   1  1  0 -9 
30 30  -1 -2  0 -9 
30 31   1 -1  0 -9 
30 32   1 -1  0 -9 
30 33  -1  0  0 -9 
30 34  -1  3  0 -9 
30 36   1  2  0 -9 
30 37  -1  3  0 -9 
30 38   1  4  0 -9 
31 34  -1  4  0 -9 
31 36   1  3  0 -9 
31 37  -1  4  0 -9 
31 38   1  5  0 -9 
32  0   1  2  0 -9 
32  1  -1  1  0 -9 
32  2  -1  4  1  2  0 -9 
32  3   1  5  0 -9 
32 32   1  0  0 -9 
32 33  -1  1  0 -9 
32 34  -1  4  0 -9 
32 35   1  2  0 -9 
32 38   1  5  0 -9 
33  2  -1  5  0 -9 
33  3   1  6  0 -9 
33 34  -1  5  0 -9 
33 35   1  3  0 -9 
33 38   1  6  0 -9 
34  3   1  7  0 -9 
34 34  -1  6  0 -9 
34 38   1  7  0 -9 
35  2  -1  4  0 -9 
35  3   1  5  0 -9 
35 33   1  3  0 -9 
35 34  -1  4  0 -9 
36  3   1  6  0 -9 
36 31   1  3  0 -9 
36 34  -1  5  0 -9 
36 37  -1  5  0 -9 
36 38   1  6  0 -9 
37 37  -1  6  0 -9 
37 38   1  7  0 -9 
38 38   1  8  0 -9 
39  3  -1  2  0 -9 
39 13  -1  0  0 -9 
39 16  -1  2 -1  0  0 -9 
39 18   1  1  0 -9 
39 19  -1  2  0 -9 
39 20   1  3  0 -9 
39 25   1 -1  0 -9 
39 27  -1  0  0 -9 
39 28   1  1  0 -9 
39 29  -1  2  0 -9 
39 34   1  1  0 -9 
39 36  -1  0  0 -9 
39 37   1  1  0 -9 
39 38  -1  2  0 -9 
39 39  -1 -2  0 -9 
39 41   1 -1  0 -9 
39 42  -1  0  0 -9 
39 43   1  1  0 -9 
40  2  -1  3  0 -9 
40  9  -1  3  0 -9 
40 15  -1  1  0 -9 
40 16  -1  4  0 -9 
40 17   1  2  0 -9 
40 20   1  5  0 -9 
40 22   1  2  0 -9 
40 26  -1  1  0 -9 
40 29  -1  4  0 -9 
40 33   1  2  0 -9 
40 35  -1  1  0 -9 
40 38  -1  4  0 -9 
40 40   1  0  0 -9 
40 43   1  3  0 -9 
41  3  -1  3  0 -9 
41 13  -1  1  0 -9 
41 16  -1  5 -1  3 -1  1  0 -9 
41 18   1  2  0 -9 
41 19  -1  3  0 -9 
41 20   1  6  1  4  0 -9 
41 27  -1  1  0 -9 
41 28   1  2  0 -9 
41 29  -1  3  0 -9 
41 31   1  2  0 -9 
41 34   1  2  0 -9 
41 36  -1  1  0 -9 
41 37  -1  4  1  2  0 -9 
41 38  -1  3  0 -9 
41 41   1  0  0 -9 
41 42  -1  1  0 -9 
41 43   1  2  0 -9 
41 44   1  2  0 -9 
42 29   1  6  0 -9 
42 37  -1  5  0 -9 
42 38   1  6  0 -9 
42 43  -1  5  0 -9 
42 44   1  3  0 -9 
43 29   1  7  0 -9 
43 38   1  7  0 -9 
43 43  -1  6  0 -9 
44 37  -1  4  0 -9 
44 38   1  5  0 -9 
44 42   1  3  0 -9 
44 43  -1  4  0 -9 
45  3  -1  3  0 -9 
45  6  -1  0  0 -9 
45  8   1  2  0 -9 
45 11  -1  3  0 -9 
45 14   1 -1  0 -9 
45 15  -1  0  0 -9 
45 16  -1  3  0 -9 
45 17   1  1  0 -9 
45 20   1  4  0 -9 
45 26  -1  0  0 -9 
45 31  -1  0  0 -9 
45 35  -1  0  0 -9 
45 36   1  1  0 -9 
45 37  -1  2  0 -9 
45 45  -1 -2  0 -9 
45 46  -1  0  0 -9 
45 47   1 -1  0 -9 
45 48   1 -1  0 -9 
45 49  -1  0  0 -9 
45 50   1  1  0 -9 
45 51   1  1  0 -9 
45 52  -1  2  0 -9 
46 24  -1  4  0 -9 
46 29   1  5  0 -9 
46 51   1  3  0 -9 
46 52  -1  4  0 -9 
47  3  -1  4  0 -9 
47  8   1  3  0 -9 
47 11  -1  4  0 -9 
47 16  -1  4  0 -9 
47 20   1  5  0 -9 
47 31  -1  1  0 -9 
47 36   1  2  0 -9 
47 37  -1  3  0 -9 
47 46  -1  1  0 -9 
47 47   1  0  0 -9 
47 49  -1  1  0 -9 
47 50   1  2  0 -9 
47 51   1  2  0 -9 
47 52  -1  3  0 -9 
48  2  -1  3  0 -9 
48  9  -1  3  0 -9 
48 15  -1  1  0 -9 
48 16  -1  4  1  2  0 -9 
48 17   1  2  0 -9 
48 20   1  5  0 -9 
48 22   1  2  0 -9 
48 24  -1  3  0 -9 
48 26  -1  1  0 -9 
48 31  -1  1  0 -9 
48 33   1  2  0 -9 
48 34  -1  3  0 -9 
48 35  -1  1  0 -9 
48 36   1  2  0 -9 
48 37  -1  3  0 -9 
48 46  -1  1  0 -9 
48 48   1  0  0 -9 
48 49  -1  1  0 -9 
48 50   1  2  0 -9 
48 51   1  2  0 -9 
48 52  -1  3  0 -9 
49 16  -1  5  0 -9 
49 20   1  6  0 -9 
49 37  -1  4  0 -9 
49 50   1  3  0 -9 
49 52  -1  4  0 -9 
50 16  -1  4  0 -9 
50 29   1  6  0 -9 
50 37  -1  5  0 -9 
50 38   1  6  0 -9 
50 49   1  3  0 -9 
50 52  -1  5  0 -9 
51 11   1  6  0 -9 
51 24  -1  5  0 -9 
51 29   1  6  0 -9 
51 46   1  3  0 -9 
51 52  -1  5  0 -9 
52 29   1  7  0 -9 
52 52  -1  6  0 -9 
53  2  -1  2  0 -9 
53  9  -1  2  0 -9 
53 15  -1  0  0 -9 
53 16  -1  3  0 -9 
53 17   1  1  0 -9 
53 20   1  4  0 -9 
53 22   1  1  0 -9 
53 26  -1  0  0 -9 
53 29  -1  3  0 -9 
53 31  -1  0  0 -9 
53 33   1  1  0 -9 
53 35  -1  0  0 -9 
53 38  -1  3  0 -9 
53 40   1 -1  0 -9 
53 43   1  2  0 -9 
53 46  -1  0  0 -9 
53 48   1 -1  0 -9 
53 49  -1  0  0 -9 
53 50   1  1  0 -9 
53 53  -1 -2  0 -9 
53 54   1 -1  0 -9 
53 55  -1  0  0 -9 
54 16  -1  4  0 -9 
54 20   1  5  0 -9 
54 37  -1  3  0 -9 
54 49  -1  1  0 -9 
54 50   1  2  0 -9 
54 52  -1  3  0 -9 
54 54   1  0  0 -9 
54 55  -1  1  0 -9 
54 56   1  2  0 -9 
55 29   1  5  0 -9 
55 37  -1  4  0 -9 
55 38   1  5  0 -9 
55 43  -1  4  0 -9 
55 52  -1  4  0 -9 
55 56   1  3  0 -9 
56 29   1  6  0 -9 
56 37  -1  5  0 -9 
56 38   1  6  0 -9 
56 43  -1  5  0 -9 
56 52  -1  5  0 -9 
56 55   1  3  0 -9 
57  9  -1  3  0 -9 
57 11   1  4  0 -9 
57 22   1  2  0 -9 
57 24  -1  3  0 -9 
57 26   1 -1  0 -9 
57 51  -1  0  0 -9 
57 52   1  1  0 -9 
57 57  -1 -2  0 -9 
57 59   1 -1  0 -9 
57 60  -1  0  0 -9 
58 16  -1  3  0 -9 
58 19  -1  3  0 -9 
58 20   1  4  0 -9 
58 27   1 -1  0 -9 
58 28   1  2  0 -9 
58 29  -1  3  0 -9 
58 44  -1  0  0 -9 
58 49  -1  0  0 -9 
58 54   1 -1  0 -9 
58 55  -1  0  0 -9 
58 56   1  1  0 -9 
58 58  -1 -2  0 -9 
58 61   1 -1  0 -9 
58 62  -1  0  0 -9 
59 11   1  5  0 -9 
59 24  -1  4  0 -9 
59 29   1  5  0 -9 
59 46   1  2  0 -9 
59 51  -1  1  0 -9 
59 52  -1  4  1  2  0 -9 
59 59   1  0  0 -9 
59 60  -1  1  0 -9 
59 62   1  2  0 -9 
60 29   1  6  0 -9 
60 52  -1  5  0 -9 
60 62   1  3  0 -9 
61 37  -1  3  0 -9 
61 38   1  4  0 -9 
61 42   1  2  0 -9 
61 43  -1  3  0 -9 
61 44  -1  1  0 -9 
61 52  -1  3  0 -9 
61 55  -1  1  0 -9 
61 56   1  2  0 -9 
61 60   1  2  0 -9 
61 61   1  0  0 -9 
61 62  -1  1  0 -9 
62 52  -1  4  0 -9 
62 60   1  3  0 -9 
63 63   1  0  0 -9 
63 64  -1  1  0 -9 
63 65  -1  1  0 -9 
63 66   1  2  0 -9 
63 67  -1  3  0 -9 
63 68  -1  3  0 -9 
63 69   1  2  0 -9 
63 70   1  4  0 -9 
64 67  -1  4  0 -9 
64 68  -1  4  0 -9 
64 69   1  3  0 -9 
64 70   1  5  0 -9 
65 66   1  3  0 -9 
65 67  -1  4  0 -9 
65 68  -1  4  0 -9 
65 70   1  5  0 -9 
66 65   1  3  0 -9 
66 67  -1  5  0 -9 
66 68  -1  5  0 -9 
66 70   1  6  0 -9 
67 67  -1  6  0 -9 
67 70   1  7  0 -9 
68 68  -1  6  0 -9 
68 70   1  7  0 -9 
69 64   1  3  0 -9 
69 67  -1  5  0 -9 
69 68  -1  5  0 -9 
69 70   1  6  0 -9 
70 70   1  8  0 -9 
71 64  -1  0  0 -9 
71 71  -1 -2  0 -9 
71 72  -1  0  0 -9 
71 73   1 -1  0 -9 
71 74   1  1  0 -9 
71 75   1 -1  0 -9 
71 77  -1  0  0 -9 
71 78   1  1  0 -9 
71 79  -1  2  0 -9 
72 68  -1  4  0 -9 
72 74  -1  5  0 -9 
72 76   1  3  0 -9 
72 79   1  6  0 -9 
73 68  -1  3  0 -9 
73 72  -1  1  0 -9 
73 73   1  0  0 -9 
73 74   1  2  0 -9 
73 76   1  2  0 -9 
73 77  -1  1  0 -9 
73 78   1  2  0 -9 
73 79  -1  3  0 -9 
74 74  -1  6  0 -9 
74 79   1  7  0 -9 
75 64  -1  1  0 -9 
75 67  -1  3  0 -9 
75 68  -1  3  0 -9 
75 69   1  2  0 -9 
75 70   1  4  0 -9 
75 75   1  0  0 -9 
75 77  -1  1  0 -9 
75 78   1  2  0 -9 
75 79  -1  3  0 -9 
76 68  -1  5  0 -9 
76 70   1  6  0 -9 
76 72   1  3  0 -9 
76 74  -1  4  0 -9 
77 67  -1  4  0 -9 
77 68  -1  4  0 -9 
77 70   1  5  0 -9 
77 78   1  3  0 -9 
77 79  -1  4  0 -9 
78 67  -1  5  0 -9 
78 68  -1  5  0 -9 
78 70   1  6  0 -9 
78 77   1  3  0 -9 
78 79   1  7  0 -9 
79 79   1  8  0 -9 
80  2  -1  2  0 -9 
80  5  -1  0  0 -9 
80  6  -1  0  0 -9 
80  7   1  1  0 -9 
80  9  -1  2 -1  0  0 -9 
80 14   1 -1  0 -9 
80 15  -1  0  0 -9 
80 16  -1  3  0 -9 
80 17   1  1  0 -9 
80 20   1  4  0 -9 
80 26  -1  0  0 -9 
80 66  -1  0  0 -9 
80 67   1  1  0 -9 
80 68   1  1  0 -9 
80 70  -1  2  0 -9 
80 76  -1  0  0 -9 
80 80  -1 -2  0 -9 
80 81  -1  0  0 -9 
80 82   1 -1  0 -9 
80 83   1 -1  0 -9 
80 84  -1  0  0 -9 
80 85   1  1  0 -9 
80 86   1  1  0 -9 
80 87  -1  2  0 -9 
81  9  -1  4  0 -9 
81 11   1  5  0 -9 
81 24  -1  4  0 -9 
81 29   1  5  0 -9 
81 70  -1  4  0 -9 
81 74  -1  4  0 -9 
81 79   1  5  0 -9 
81 86   1  3  0 -9 
81 87  -1  4  0 -9 
82  9  -1  3  0 -9 
82 16  -1  4  0 -9 
82 20   1  5  0 -9 
82 67   1  2  0 -9 
82 70  -1  3  0 -9 
82 81  -1  1  0 -9 
82 82   1  0  0 -9 
82 84  -1  1  0 -9 
82 85   1  2  0 -9 
82 86   1  2  0 -9 
82 87  -1  3  0 -9 
83  2  -1  3  0 -9 
83  5  -1  1  0 -9 
83  6  -1  1  0 -9 
83  7   1  2  0 -9 
83  8  -1  3  0 -9 
83  9  -1  5 -2  3 -1  1  0 -9 
83 10   1  2  0 -9 
83 11   1  6  1  4  0 -9 
83 15  -1  1  0 -9 
83 16  -1  4  1  2  0 -9 
83 17   1  2  0 -9 
83 20   1  5  0 -9 
83 22   1  2  0 -9 
83 24  -1  3  0 -9 
83 26  -1  1  0 -9 
83 65   1  2  0 -9 
83 66  -1  1  0 -9 
83 67  -1  4  1  2  0 -9 
83 68  -1  4  1  2  0 -9 
83 70   1  5 -1  3  0 -9 
83 72   1  2  0 -9 
83 74  -1  3  0 -9 
83 76  -1  1  0 -9 
83 81  -1  1  0 -9 
83 83   1  0  0 -9 
83 84  -1  1  0 -9 
83 85   1  2  0 -9 
83 86   1  2  0 -9 
83 87  -1  3  0 -9 
84  9  -1  4  0 -9 
84 16  -1  5  0 -9 
84 20   1  6  0 -9 
84 67  -1  5  0 -9 
84 70   1  6  0 -9 
84 85   1  3  0 -9 
84 87  -1  4  0 -9 
85  9  -1  5  0 -9 
85 11   1  6  0 -9 
85 16  -1  4  0 -9 
85 29   1  6  0 -9 
85 67  -1  4  0 -9 
85 79   1  6  0 -9 
85 84   1  3  0 -9 
85 87  -1  5  0 -9 
86  9  -1  5  0 -9 
86 11   1  6  0 -9 
86 24  -1  5  0 -9 
86 29   1  6  0 -9 
86 70   1  7  0 -9 
86 74  -1  5  0 -9 
86 79   1  6  0 -9 
86 81   1  3  0 -9 
86 87  -1  5  0 -9 
87 29   1  7  0 -9 
87 79   1  7  0 -9 
87 87  -1  6  0 -9 
88  9  -1  3  0 -9 
88 11   1  4  0 -9 
88 22   1  2  0 -9 
88 24  -1  3  0 -9 
88 26  -1  1  0 -9 
88 70  -1  3  0 -9 
88 74  -1  3  0 -9 
88 79   1  4  0 -9 
88 81  -1  1  0 -9 
88 86   1  2  0 -9 
88 87  -1  3  0 -9 
88 88   1  0  0 -9 
88 90  -1  1  0 -9 
88 91   1  2  0 -9 
89 16  -1  3  0 -9 
89 19  -1  3  0 -9 
89 20   1  4  0 -9 
89 26  -1  0  0 -9 
89 27   1 -1  0 -9 
89 28   1  2  0 -9 
89 29  -1  3  0 -9 
89 67   1  1  0 -9 
89 70  -1  2  0 -9 
89 81  -1  0  0 -9 
89 82   1 -1  0 -9 
89 84  -1  0  0 -9 
89 86   1  1  0 -9 
89 88   1 -1  0 -9 
89 89  -1 -2  0 -9 
89 90  -1  0  0 -9 
90 74  -1  4  0 -9 
90 79   1  5  0 -9 
90 87  -1  4  0 -9 
90 91   1  3  0 -9 
91 29   1  6  0 -9 
91 74  -1  5  0 -9 
91 79   1  6  0 -9 
91 87  -1  5  0 -9 
91 90   1  3  0 -9 
92 63   1 -1  0 -9 
92 64  -1  0  0 -9 
92 65  -1  0  0 -9 
92 66   1  1  0 -9 
92 92  -1 -2  0 -9 
92 93   1 -1  0 -9 
92 94   1 -1  0 -9 
92 95  -1  0  0 -9 
92 96  -1  3  0 -9 
92 98   1  2  0 -9 
92 99  -1  3  0 -9 
92 100   1  4  0 -9 
93 96  -1  4  0 -9 
93 98   1  3  0 -9 
93 99  -1  4  0 -9 
93 100   1  5  0 -9 
94 65  -1  1  0 -9 
94 66   1  2  0 -9 
94 68  -1  3  0 -9 
94 94   1  0  0 -9 
94 95  -1  1  0 -9 
94 96  -1  4  0 -9 
94 97   1  2  0 -9 
94 100   1  5  0 -9 
95 68  -1  4  0 -9 
95 96  -1  5  0 -9 
95 97   1  3  0 -9 
95 100   1  6  0 -9 
96 96  -1  6  0 -9 
96 100   1  7  0 -9 
97 68  -1  5  0 -9 
97 70   1  6  0 -9 
97 95   1  3  0 -9 
97 96  -1  4  0 -9 
98 93   1  3  0 -9 
98 96  -1  5  0 -9 
98 99  -1  5  0 -9 
98 100   1  6  0 -9 
99 99  -1  6  0 -9 
99 100   1  7  0 -9 
100 100   1  8  0 -9 
101 67   1  1  0 -9 
101 68   1  1  0 -9 
101 69  -1  0  0 -9 
101 70  -1  2  0 -9 
101 93  -1  0  0 -9 
101 96  -1  2 -1  0  0 -9 
101 98   1  1  0 -9 
101 99  -1  2  0 -9 
101 100   1  3  0 -9 
101 101  -1 -2  0 -9 
101 102  -1  0  0 -9 
101 103   1 -1  0 -9 
101 104   1  1  0 -9 
101 105   1 -1  0 -9 
101 107  -1  0  0 -9 
101 108   1  1  0 -9 
101 109  -1  2  0 -9 
102 68  -1  5  0 -9 
102 70   1  6  0 -9 
102 104  -1  5  0 -9 
102 106   1  3  0 -9 
102 109   1  6  0 -9 
103 64   1  2  0 -9 
103 67   1  2  0 -9 
103 68  -1  4  1  2  0 -9 
103 69  -1  1  0 -9 
103 70  -1  3  0 -9 
103 93  -1  1  0 -9 
103 96  -1  5 -1  3 -1  1  0 -9 
103 98   1  2  0 -9 
103 99  -1  3  0 -9 
103 100   1  6  1  4  0 -9 
103 102  -1  1  0 -9 
103 103   1  0  0 -9 
103 104   1  2  0 -9 
103 106   1  2  0 -9 
103 107  -1  1  0 -9 
103 108   1  2  0 -9 
103 109  -1  3  0 -9 
104 70   1  7  0 -9 
104 104  -1  6  0 -9 
104 109   1  7  0 -9 
105 93  -1  1  0 -9 
105 96  -1  3  0 -9 
105 98   1  2  0 -9 
105 99  -1  3  0 -9 
105 100   1  4  0 -9 
105 105   1  0  0 -9 
105 107  -1  1  0 -9 
105 108   1  2  0 -9 
105 109  -1  3  0 -9 
106 68  -1  4  0 -9 
106 70   1  5  0 -9 
106 102   1  3  0 -9 
106 104  -1  4  0 -9 
107 96  -1  4  0 -9 
107 99  -1  4  0 -9 
107 100   1  5  0 -9 
107 108   1  3  0 -9 
107 109  -1  4  0 -9 
108 96  -1  5  0 -9 
108 99  -1  5  0 -9 
108 100   1  6  0 -9 
108 107   1  3  0 -9 
108 109   1  7  0 -9 
109 109   1  8  0 -9 
110 93  -1  0  0 -9 
110 105   1 -1  0 -9 
110 107  -1  0  0 -9 
110 108   1  1  0 -9 
110 109  -1  2  0 -9 
110 110  -1 -2  0 -9 
110 112   1 -1  0 -9 
110 113  -1  0  0 -9 
110 114   1  1  0 -9 
111 68  -1  3  0 -9 
111 72  -1  1  0 -9 
111 74  -1  4  0 -9 
111 76   1  2  0 -9 
111 79   1  5  0 -9 
111 102   1  2  0 -9 
111 106  -1  1  0 -9 
111 109  -1  4  0 -9 
111 111   1  0  0 -9 
111 114   1  3  0 -9 
112 99  -1  3  0 -9 
112 107  -1  1  0 -9 
112 108   1  2  0 -9 
112 109  -1  3  0 -9 
112 112   1  0  0 -9 
112 113  -1  1  0 -9 
112 114   1  2  0 -9 
112 115   1  2  0 -9 
113 99  -1  4  0 -9 
113 109   1  6  0 -9 
113 114  -1  5  0 -9 
113 115   1  3  0 -9 
114 109   1  7  0 -9 
114 114  -1  6  0 -9 
115 99  -1  5  0 -9 
115 100   1  6  0 -9 
115 113   1  3  0 -9 
115 114  -1  4  0 -9 
116 65  -1  0  0 -9 
116 67   1  2  0 -9 
116 70  -1  3  0 -9 
116 94   1 -1  0 -9 
116 95  -1  0  0 -9 
116 96  -1  3  0 -9 
116 97   1  1  0 -9 
116 100   1  4  0 -9 
116 106  -1  0  0 -9 
116 116  -1 -2  0 -9 
116 117  -1  0  0 -9 
116 118   1 -1  0 -9 
116 119   1 -1  0 -9 
116 120  -1  0  0 -9 
116 121   1  1  0 -9 
116 122   1  1  0 -9 
116 123  -1  2  0 -9 
117 104  -1  4  0 -9 
117 109   1  5  0 -9 
117 122   1  3  0 -9 
117 123  -1  4  0 -9 
118 67   1  3  0 -9 
118 70  -1  4  0 -9 
118 96  -1  4  0 -9 
118 100   1  5  0 -9 
118 117  -1  1  0 -9 
118 118   1  0  0 -9 
118 120  -1  1  0 -9 
118 121   1  2  0 -9 
118 122   1  2  0 -9 
118 123  -1  3  0 -9 
119 68  -1  3  0 -9 
119 95  -1  1  0 -9 
119 96  -1  4  1  2  0 -9 
119 97   1  2  0 -9 
119 100   1  5  0 -9 
119 102   1  2  0 -9 
119 104  -1  3  0 -9 
119 106  -1  1  0 -9 
119 117  -1  1  0 -9 
119 119   1  0  0 -9 
119 120  -1  1  0 -9 
119 121   1  2  0 -9 
119 122   1  2  0 -9 
119 123  -1  3  0 -9 
120 96  -1  5  0 -9 
120 100   1  6  0 -9 
120 121   1  3  0 -9 
120 123  -1  4  0 -9 
121 96  -1  4  0 -9 
121 109   1  6  0 -9 
121 120   1  3  0 -9 
121 123  -1  5  0 -9 
122 70   1  6  0 -9 
122 104  -1  5  0 -9 
122 109   1  6  0 -9 
122 117   1  3  0 -9 
122 123  -1  5  0 -9 
123 109   1  7  0 -9 
123 123  -1  6  0 -9 
124  2  -1  3  0 -9 
124  9  -2  3  0 -9 
124 11   1  4  0 -9 
124 13  -1  0  0 -9 
124 15   1 -1  0 -9 
124 16  -1  4 -1  0  0 -9 
124 17   1  2  0 -9 
124 20   1  5  0 -9 
124 22   1  2 -1  0  0 -9 
124 24  -1  3  0 -9 
124 25   1 -1  0 -9 
124 26  -1  1  1 -1  0 -9 
124 27  -1  0  0 -9 
124 28   1  1  0 -9 
124 70  -1  3  0 -9 
124 72  -1  0  0 -9 
124 74  -1  3  0 -9 
124 79   1  4  0 -9 
124 81   1 -1  0 -9 
124 86   1  2  0 -9 
124 87  -1  3  0 -9 
124 95  -1  0  0 -9 
124 96   1  1  0 -9 
124 102   1  1  0 -9 
124 106  -1  0  0 -9 
124 109  -1  3  0 -9 
124 111   1 -1  0 -9 
124 114   1  2  0 -9 
124 117  -1  0  0 -9 
124 119   1 -1  0 -9 
124 120  -1  0  0 -9 
124 121   1  1  0 -9 
124 124  -1 -2  0 -9 
124 125   1 -1  0 -9 
124 126  -1  0  0 -9 
125 16  -1  5 -1  3 -1  1  0 -9 
125 19  -1  3  0 -9 
125 20   1  6  1  4  0 -9 
125 27  -1  1  0 -9 
125 28   1  2  0 -9 
125 29  -1  3  0 -9 
125 96   1  2  0 -9 
125 100  -1  3  0 -9 
125 120  -1  1  0 -9 
125 121   1  2  0 -9 
125 123  -1  3  0 -9 
125 125   1  0  0 -9 
125 126  -1  1  0 -9 
125 127   1  2  0 -9 
126 16  -1  4  0 -9 
126 19  -1  4  0 -9 
126 20   1  5  0 -9 
126 29   1  6 -1  4  0 -9 
126 100  -1  4  0 -9 
126 109   1  5  0 -9 
126 114  -1  4  0 -9 
126 123  -1  4  0 -9 
126 127   1  3  0 -9 
127 16  -1  5  0 -9 
127 19  -1  5  0 -9 
127 20   1  6  0 -9 
127 29   1  7 -1  5  0 -9 
127 100   1  7  0 -9 
127 109   1  6  0 -9 
127 114  -1  5  0 -9 
127 123  -1  5  0 -9 
127 126   1  3  0 -9 
128  9  -1  2  0 -9 
128 11   1  3  0 -9 
128 22   1  1  0 -9 
128 24  -1  2 -1  0  0 -9 
128 26  -1  0  0 -9 
128 29   1  1  0 -9 
128 70  -1  2  0 -9 
128 74  -1  2 -1  0  0 -9 
128 79   1  3  0 -9 
128 81  -1  0  0 -9 
128 86   1  1  0 -9 
128 87  -1  2  0 -9 
128 88   1 -1  0 -9 
128 90  -1  0  0 -9 
128 91   1  1  0 -9 
128 104   1  1  0 -9 
128 109  -1  2  0 -9 
128 114   1  1  0 -9 
128 122  -1  0  0 -9 
128 123   1  1  0 -9 
128 128  -1 -2  0 -9 
128 130   1 -1  0 -9 
128 131  -1  0  0 -9 
129 16  -1  2 -1  0  0 -9 
129 19  -1  2  0 -9 
129 20   1  3  0 -9 
129 27  -1  0  0 -9 
129 28   1  1  0 -9 
129 29  -1  2  0 -9 
129 96   1  1  0 -9 
129 100  -1  2  0 -9 
129 120  -1  0  0 -9 
129 125   1 -1  0 -9 
129 126  -1  0  0 -9 
129 127   1  1  0 -9 
129 129  -1 -2  0 -9 
129 132   1 -1  0 -9 
129 133  -1  0  0 -9 
130  9  -1  3  0 -9 
130 11   1  6  1  4  0 -9 
130 22   1  2  0 -9 
130 24  -1  5 -1  3 -1  1  0 -9 
130 26  -1  1  0 -9 
130 29   1  6  1  2  0 -9 
130 70  -1  3  0 -9 
130 74  -1  5 -1  3 -1  1  0 -9 
130 79   1  6  1  4  0 -9 
130 81  -1  1  0 -9 
130 86   1  2  0 -9 
130 87  -1  3  0 -9 
130 90  -1  1  0 -9 
130 91   1  2  0 -9 
130 104   1  2  0 -9 
130 109  -1  3  0 -9 
130 114   1  2  0 -9 
130 117   1  2  0 -9 
130 122  -1  1  0 -9 
130 123  -1  4  1  2  0 -9 
130 130   1  0  0 -9 
130 131  -1  1  0 -9 
130 133   1  2  0 -9 
131 29   1  7  0 -9 
131 109   1  6  0 -9 
131 114  -1  5  0 -9 
131 123  -1  5  0 -9 
131 133   1  3  0 -9 
132 16  -1  3  0 -9 
132 19  -1  3  0 -9 
132 20   1  4  0 -9 
132 27  -1  1  0 -9 
132 28   1  2  0 -9 
132 29  -2  3  0 -9 
132 100  -1  3  0 -9 
132 109   1  4  0 -9 
132 114  -1  3  0 -9 
132 123  -1  3  0 -9 
132 126  -1  1  0 -9 
132 127   1  2  0 -9 
132 131   1  2  0 -9 
132 132   1  0  0 -9 
132 133  -1  1  0 -9 
133 29  -1  4  0 -9 
133 109   1  5  0 -9 
133 114  -1  4  0 -9 
133 123  -1  4  0 -9 
133 131   1  3  0 -9 
134 68  -1  3  0 -9 
134 72  -1  1  0 -9 
134 74  -1  4  1  2  0 -9 
134 76   1  2  0 -9 
134 79   1  5  0 -9 
134 102   1  2  0 -9 
134 104  -1  3  0 -9 
134 106  -1  1  0 -9 
134 117  -1  1  0 -9 
134 122   1  2  0 -9 
134 123  -1  3  0 -9 
134 134   1  0  0 -9 
134 136  -1  1  0 -9 
134 137   1  2  0 -9 
135 67   1  2  0 -9 
135 70  -1  3  0 -9 
135 72  -1  0  0 -9 
135 73   1 -1  0 -9 
135 74   1  1  0 -9 
135 76   1  1  0 -9 
135 77  -1  0  0 -9 
135 96  -1  3  0 -9 
135 99  -1  3  0 -9 
135 100   1  4  0 -9 
135 106  -1  0  0 -9 
135 107   1 -1  0 -9 
135 108   1  2  0 -9 
135 109  -1  3  0 -9 
135 117  -1  0  0 -9 
135 118   1 -1  0 -9 
135 120  -1  0  0 -9 
135 122   1  1  0 -9 
135 134   1 -1  0 -9 
135 135  -1 -2  0 -9 
135 136  -1  0  0 -9 
136 74  -1  5  0 -9 
136 79   1  6  0 -9 
136 123  -1  4  0 -9 
136 137   1  3  0 -9 
137 74  -1  4  0 -9 
137 109   1  6  0 -9 
137 123  -1  5  0 -9 
137 136   1  3  0 -9 
138 68  -1  2  0 -9 
138 72  -1  0  0 -9 
138 74  -1  3  0 -9 
138 76   1  1  0 -9 
138 79   1  4  0 -9 
138 102   1  1  0 -9 
138 106  -1  0  0 -9 
138 109  -1  3  0 -9 
138 111   1 -1  0 -9 
138 114   1  2  0 -9 
138 117  -1  0  0 -9 
138 134   1 -1  0 -9 
138 136  -1  0  0 -9 
138 137   1  1  0 -9 
138 138  -1 -2  0 -9 
138 140   1 -1  0 -9 
138 141  -1  0  0 -9 
139 99  -1  2  0 -9 
139 107  -1  0  0 -9 
139 108   1  1  0 -9 
139 109  -1  2  0 -9 
139 112   1 -1  0 -9 
139 113  -1  0  0 -9 
139 114   1  1  0 -9 
139 115   1  1  0 -9 
139 121  -1  0  0 -9 
139 123   1  1  0 -9 
139 139  -1 -2  0 -9 
139 142   1 -1  0 -9 
139 143  -1  0  0 -9 
140 74  -1  4  0 -9 
140 79   1  5  0 -9 
140 123  -1  3  0 -9 
140 136  -1  1  0 -9 
140 137   1  2  0 -9 
140 140   1  0  0 -9 
140 141  -1  1  0 -9 
140 143   1  2  0 -9 
141 109   1  5  0 -9 
141 114  -1  4  0 -9 
141 123  -1  4  0 -9 
141 143   1  3  0 -9 
142 96  -1  3  0 -9 
142 99  -1  3  0 -9 
142 107  -1  1  0 -9 
142 108   1  2  0 -9 
142 109   1  5 -1  3  0 -9 
142 113  -1  1  0 -9 
142 114  -1  4  1  2  0 -9 
142 115   1  2  0 -9 
142 120   1  2  0 -9 
142 121  -1  1  0 -9 
142 123  -1  4  1  2  0 -9 
142 141   1  2  0 -9 
142 142   1  0  0 -9 
142 143  -1  1  0 -9 
143 109   1  6  0 -9 
143 114  -1  5  0 -9 
143 123  -1  5  0 -9 
143 141   1  3  0 -9 
144 74  -1  3  0 -9 
144 79   1  4  0 -9 
144 87  -1  3  0 -9 
144 90   1 -1  0 -9 
144 91   1  2  0 -9 
144 133  -1  0  0 -9 
144 136  -1  0  0 -9 
144 140   1 -1  0 -9 
144 141  -1  0  0 -9 
144 143   1  1  0 -9 
144 144  -1 -2  0 -9 
144 145   1 -1  0 -9 
145 29  -1  3  0 -9 
145 109   1  4  0 -9 
145 114  -1  3  0 -9 
145 123  -1  3  0 -9 
145 131   1  2  0 -9 
145 133  -1  1  0 -9 
145 141  -1  1  0 -9 
145 143   1  2  0 -9 
145 145   1  0  0 -9 
146 146  -1 -2  0 -9 
146 147   1 -1  0 -9 
146 148   1 -1  0 -9 
146 149  -1  0  0 -9 
146 150  -1  3  0 -9 
146 152   1  2  0 -9 
146 153  -1  3  0 -9 
146 154   1  4  0 -9 
147 150  -1  4  0 -9 
147 152   1  3  0 -9 
147 153  -1  4  0 -9 
147 154   1  5  0 -9 
148 148   1  0  0 -9 
148 149  -1  1  0 -9 
148 150  -1  4  0 -9 
148 151   1  2  0 -9 
148 154   1  5  0 -9 
149 150  -1  5  0 -9 
149 151   1  3  0 -9 
149 154   1  6  0 -9 
150 150  -1  6  0 -9 
150 154   1  7  0 -9 
151 149   1  3  0 -9 
151 150  -1  4  0 -9 
152 147   1  3  0 -9 
152 150  -1  5  0 -9 
152 153  -1  5  0 -9 
152 154   1  6  0 -9 
153 153  -1  6  0 -9 
153 154   1  7  0 -9 
154 154   1  8  0 -9 
155 147  -1  0  0 -9 
155 150  -1  2 -1  0  0 -9 
155 152   1  1  0 -9 
155 153  -1  2  0 -9 
155 154   1  3  0 -9 
155 155  -1 -2  0 -9 
155 156  -1  0  0 -9 
155 157   1 -1  0 -9 
155 158   1  1  0 -9 
155 159   1 -1  0 -9 
155 161  -1  0  0 -9 
155 162   1  1  0 -9 
155 163  -1  2  0 -9 
156 158  -1  5  0 -9 
156 160   1  3  0 -9 
156 163   1  6  0 -9 
157 147  -1  1  0 -9 
157 150  -1  5 -1  3 -1  1  0 -9 
157 152   1  2  0 -9 
157 153  -1  3  0 -9 
157 154   1  6  1  4  0 -9 
157 156  -1  1  0 -9 
157 157   1  0  0 -9 
157 158   1  2  0 -9 
157 160   1  2  0 -9 
157 161  -1  1  0 -9 
157 162   1  2  0 -9 
157 163  -1  3  0 -9 
158 158  -1  6  0 -9 
158 163   1  7  0 -9 
159 147  -1  1  0 -9 
159 150  -1  3  0 -9 
159 152   1  2  0 -9 
159 153  -1  3  0 -9 
159 154   1  4  0 -9 
159 159   1  0  0 -9 
159 161  -1  1  0 -9 
159 162   1  2  0 -9 
159 163  -1  3  0 -9 
160 156   1  3  0 -9 
160 158  -1  4  0 -9 
161 150  -1  4  0 -9 
161 153  -1  4  0 -9 
161 154   1  5  0 -9 
161 162   1  3  0 -9 
161 163  -1  4  0 -9 
162 150  -1  5  0 -9 
162 153  -1  5  0 -9 
162 154   1  6  0 -9 
162 161   1  3  0 -9 
162 163   1  7  0 -9 
163 163   1  8  0 -9 
164 147  -1  0  0 -9 
164 159   1 -1  0 -9 
164 161  -1  0  0 -9 
164 162   1  1  0 -9 
164 163  -1  2  0 -9 
164 164  -1 -2  0 -9 
164 166   1 -1  0 -9 
164 167  -1  0  0 -9 
164 168   1  1  0 -9 
165 156   1  2  0 -9 
165 160  -1  1  0 -9 
165 163  -1  4  0 -9 
165 165   1  0  0 -9 
165 168   1  3  0 -9 
166 153  -1  3  0 -9 
166 161  -1  1  0 -9 
166 162   1  2  0 -9 
166 163  -1  3  0 -9 
166 166   1  0  0 -9 
166 167  -1  1  0 -9 
166 168   1  2  0 -9 
166 169   1  2  0 -9 
167 153  -1  4  0 -9 
167 163   1  6  0 -9 
167 168  -1  5  0 -9 
167 169   1  3  0 -9 
168 163   1  7  0 -9 
168 168  -1  6  0 -9 
169 153  -1  5  0 -9 
169 154   1  6  0 -9 
169 167   1  3  0 -9 
169 168  -1  4  0 -9 
170 148   1 -1  0 -9 
170 149  -1  0  0 -9 
170 150  -1  3  0 -9 
170 151   1  1  0 -9 
170 154   1  4  0 -9 
170 160  -1  0  0 -9 
170 170  -1 -2  0 -9 
170 171  -1  0  0 -9 
170 172   1 -1  0 -9 
170 173   1 -1  0 -9 
170 174  -1  0  0 -9 
170 175   1  1  0 -9 
170 176   1  1  0 -9 
170 177  -1  2  0 -9 
171 158  -1  4  0 -9 
171 163   1  5  0 -9 
171 176   1  3  0 -9 
171 177  -1  4  0 -9 
172 150  -1  4  0 -9 
172 154   1  5  0 -9 
172 171  -1  1  0 -9 
172 172   1  0  0 -9 
172 174  -1  1  0 -9 
172 175   1  2  0 -9 
172 176   1  2  0 -9 
172 177  -1  3  0 -9 
173 149  -1  1  0 -9 
173 150  -1  4  1  2  0 -9 
173 151   1  2  0 -9 
173 154   1  5  0 -9 
173 156   1  2  0 -9 
173 158  -1  3  0 -9 
173 160  -1  1  0 -9 
173 171  -1  1  0 -9 
173 173   1  0  0 -9 
173 174  -1  1  0 -9 
173 175   1  2  0 -9 
173 176   1  2  0 -9 
173 177  -1  3  0 -9 
174 150  -1  5  0 -9 
174 154   1  6  0 -9 
174 175   1  3  0 -9 
174 177  -1  4  0 -9 
175 150  -1  4  0 -9 
175 163   1  6  0 -9 
175 174   1  3  0 -9 
175 177  -1  5  0 -9 
176 158  -1  5  0 -9 
176 163   1  6  0 -9 
176 171   1  3  0 -9 
176 177  -1  5  0 -9 
177 163   1  7  0 -9 
177 177  -1  6  0 -9 
178 149  -1  0  0 -9 
178 150   1  1  0 -9 
178 156   1  1  0 -9 
178 160  -1  0  0 -9 
178 163  -1  3  0 -9 
178 165   1 -1  0 -9 
178 168   1  2  0 -9 
178 171  -1  0  0 -9 
178 173   1 -1  0 -9 
178 174  -1  0  0 -9 
178 175   1  1  0 -9 
178 178  -1 -2  0 -9 
178 179   1 -1  0 -9 
178 180  -1  0  0 -9 
179 150   1  2  0 -9 
179 154  -1  3  0 -9 
179 174  -1  1  0 -9 
179 175   1  2  0 -9 
179 177  -1  3  0 -9 
179 179   1  0  0 -9 
179 180  -1  1  0 -9 
179 181   1  2  0 -9 
180 154  -1  4  0 -9 
180 163   1  5  0 -9 
180 168  -1  4  0 -9 
180 177  -1  4  0 -9 
180 181   1  3  0 -9 
181 154   1  7  0 -9 
181 163   1  6  0 -9 
181 168  -1  5  0 -9 
181 177  -1  5  0 -9 
181 180   1  3  0 -9 
182 158   1  1  0 -9 
182 163  -1  2  0 -9 
182 168   1  1  0 -9 
182 176  -1  0  0 -9 
182 177   1  1  0 -9 
182 182  -1 -2  0 -9 
182 184   1 -1  0 -9 
182 185  -1  0  0 -9 
183 150   1  1  0 -9 
183 154  -1  2  0 -9 
183 174  -1  0  0 -9 
183 179   1 -1  0 -9 
183 180  -1  0  0 -9 
183 181   1  1  0 -9 
183 183  -1 -2  0 -9 
183 186   1 -1  0 -9 
183 187  -1  0  0 -9 
184 158   1  2  0 -9 
184 163  -1  3  0 -9 
184 168   1  2  0 -9 
184 171   1  2  0 -9 
184 176  -1  1  0 -9 
184 177  -1  4  1  2  0 -9 
184 184   1  0  0 -9 
184 185  -1  1  0 -9 
184 187   1  2  0 -9 
185 163   1  6  0 -9 
185 168  -1  5  0 -9 
185 177  -1  5  0 -9 
185 187   1  3  0 -9 
186 154  -1  3  0 -9 
186 163   1  4  0 -9 
186 168  -1  3  0 -9 
186 177  -1  3  0 -9 
186 180  -1  1  0 -9 
186 181   1  2  0 -9 
186 185   1  2  0 -9 
186 186   1  0  0 -9 
186 187  -1  1  0 -9 
187 163   1  5  0 -9 
187 168  -1  4  0 -9 
187 177  -1  4  0 -9 
187 185   1  3  0 -9 
188 93  -1  0  0 -9 
188 96  -1  2 -1  0  0 -9 
188 98   1  1  0 -9 
188 99  -1  2  0 -9 
188 100   1  3  0 -9 
188 105   1 -1  0 -9 
188 107  -1  0  0 -9 
188 108   1  1  0 -9 
188 109  -1  2  0 -9 
188 150   1  1  0 -9 
188 152  -1  0  0 -9 
188 153   1  1  0 -9 
188 154  -1  2  0 -9 
188 188  -1 -2  0 -9 
188 190   1 -1  0 -9 
188 191  -1  0  0 -9 
188 192   1  1  0 -9 
189 68  -1  3  0 -9 
189 95  -1  1  0 -9 
189 96  -1  4  0 -9 
189 97   1  2  0 -9 
189 100   1  5  0 -9 
189 102   1  2  0 -9 
189 106  -1  1  0 -9 
189 109  -1  4  0 -9 
189 149   1  2  0 -9 
189 151  -1  1  0 -9 
189 154  -1  4  0 -9 
189 189   1  0  0 -9 
189 192   1  3  0 -9 
190 93  -1  1  0 -9 
190 96  -1  5 -1  3 -1  1  0 -9 
190 98   1  2  0 -9 
190 99  -1  3  0 -9 
190 100   1  6  1  4  0 -9 
190 107  -1  1  0 -9 
190 108   1  2  0 -9 
190 109  -1  3  0 -9 
190 147   1  2  0 -9 
190 150   1  2  0 -9 
190 152  -1  1  0 -9 
190 153  -1  4  1  2  0 -9 
190 154  -1  3  0 -9 
190 190   1  0  0 -9 
190 191  -1  1  0 -9 
190 192   1  2  0 -9 
190 193   1  2  0 -9 
191 109   1  6  0 -9 
191 153  -1  5  0 -9 
191 154   1  6  0 -9 
191 192  -1  5  0 -9 
191 193   1  3  0 -9 
192 109   1  7  0 -9 
192 154   1  7  0 -9 
192 192  -1  6  0 -9 
193 153  -1  4  0 -9 
193 154   1  5  0 -9 
193 191   1  3  0 -9 
193 192  -1  4  0 -9 
194 109  -1  4  0 -9 
194 114   1  3  0 -9 
194 153  -1  3  0 -9 
194 163   1  5  0 -9 
194 167  -1  1  0 -9 
194 168  -1  4  0 -9 
194 169   1  2  0 -9 
194 191   1  2  0 -9 
194 193  -1  1  0 -9 
194 194   1  0  0 -9 
195 68  -1  2  0 -9 
195 95  -1  0  0 -9 
195 96  -1  3  0 -9 
195 97   1  1  0 -9 
195 100   1  4  0 -9 
195 102   1  1  0 -9 
195 106  -1  0  0 -9 
195 109  -1  3  0 -9 
195 117  -1  0  0 -9 
195 119   1 -1  0 -9 
195 120  -1  0  0 -9 
195 121   1  1  0 -9 
195 150   1  2  0 -9 
195 151  -1  0  0 -9 
195 154  -1  3  0 -9 
195 189   1 -1  0 -9 
195 192   1  2  0 -9 
195 195  -1 -2  0 -9 
195 196   1 -1  0 -9 
195 197  -1  0  0 -9 
196 96  -1  4  0 -9 
196 100   1  5  0 -9 
196 120  -1  1  0 -9 
196 121   1  2  0 -9 
196 123  -1  3  0 -9 
196 150   1  3  0 -9 
196 154  -1  4  0 -9 
196 196   1  0  0 -9 
196 197  -1  1  0 -9 
196 198   1  2  0 -9 
197 109   1  5  0 -9 
197 123  -1  4  0 -9 
197 192  -1  4  0 -9 
197 198   1  3  0 -9 
198 109   1  6  0 -9 
198 123  -1  5  0 -9 
198 154   1  6  0 -9 
198 192  -1  5  0 -9 
198 197   1  3  0 -9 
199 29   1  1  0 -9 
199 37  -1  2  0 -9 
199 38   1  3  0 -9 
199 42   1  1  0 -9 
199 43  -1  2 -1  0  0 -9 
199 44  -1  0  0 -9 
199 52  -1  2  0 -9 
199 55  -1  0  0 -9 
199 56   1  1  0 -9 
199 60   1  1  0 -9 
199 61   1 -1  0 -9 
199 62  -1  0  0 -9 
199 109  -1  2  0 -9 
199 114   1  1  0 -9 
199 123   1  1  0 -9 
199 131  -1  0  0 -9 
199 154  -1  2  0 -9 
199 163   1  3  0 -9 
199 168  -1  2 -1  0  0 -9 
199 177  -1  2  0 -9 
199 180  -1  0  0 -9 
199 181   1  1  0 -9 
199 185   1  1  0 -9 
199 186   1 -1  0 -9 
199 187  -1  0  0 -9 
199 192   1  1  0 -9 
199 198  -1  0  0 -9 
199 199  -1 -2  0 -9 
199 200   1 -1  0 -9 
200 29   1  6  1  2  0 -9 
200 37  -1  3  0 -9 
200 38   1  6  1  4  0 -9 
200 42   1  2  0 -9 
200 43  -1  5 -1  3 -1  1  0 -9 
200 44  -1  1  0 -9 
200 52  -1  3  0 -9 
200 55  -1  1  0 -9 
200 56   1  2  0 -9 
200 60   1  2  0 -9 
200 62  -1  1  0 -9 
200 109  -1  3  0 -9 
200 114   1  2  0 -9 
200 123  -1  4  1  2  0 -9 
200 131  -1  1  0 -9 
200 133   1  2  0 -9 
200 154  -1  3  0 -9 
200 163   1  6  1  4  0 -9 
200 168  -1  5 -1  3 -1  1  0 -9 
200 177  -1  3  0 -9 
200 180  -1  1  0 -9 
200 181   1  2  0 -9 
200 185   1  2  0 -9 
200 187  -1  1  0 -9 
200 192   1  2  0 -9 
200 197   1  2  0 -9 
200 198  -1  1  0 -9 
200 200   1  0  0 -9 
201 68  -1  3  0 -9 
201 70   1  4  0 -9 
201 102   1  2  0 -9 
201 104  -1  3  0 -9 
201 106   1 -1  0 -9 
201 122  -1  0  0 -9 
201 123   1  1  0 -9 
201 158   1  2  0 -9 
201 160  -1  0  0 -9 
201 163  -1  3  0 -9 
201 165   1 -1  0 -9 
201 168   1  2  0 -9 
201 201  -1 -2  0 -9 
201 203   1 -1  0 -9 
201 204  -1  0  0 -9 
202 96  -1  3  0 -9 
202 99  -1  3  0 -9 
202 100   1  4  0 -9 
202 107   1 -1  0 -9 
202 108   1  2  0 -9 
202 109  -1  3  0 -9 
202 120  -1  0  0 -9 
202 150   1  2  0 -9 
202 154  -1  3  0 -9 
202 161  -1  0  0 -9 
202 166   1 -1  0 -9 
202 167  -1  0  0 -9 
202 168   1  1  0 -9 
202 169   1  1  0 -9 
202 193  -1  0  0 -9 
202 196   1 -1  0 -9 
202 197  -1  0  0 -9 
202 198   1  1  0 -9 
202 202  -1 -2  0 -9 
202 205   1 -1  0 -9 
202 206  -1  0  0 -9 
203 70   1  5  0 -9 
203 104  -1  4  0 -9 
203 109   1  5  0 -9 
203 117   1  2  0 -9 
203 122  -1  1  0 -9 
203 123  -1  4  1  2  0 -9 
203 158   1  3  0 -9 
203 163  -1  4  0 -9 
203 203   1  0  0 -9 
203 204  -1  1  0 -9 
203 206   1  2  0 -9 
204 109   1  6  0 -9 
204 123  -1  5  0 -9 
204 168  -1  4  0 -9 
204 206   1  3  0 -9 
205 123  -1  3  0 -9 
205 153  -1  3  0 -9 
205 163   1  5  0 -9 
205 167  -1  1  0 -9 
205 168  -1  4  1  2  0 -9 
205 169   1  2  0 -9 
205 191   1  2  0 -9 
205 192  -1  3  0 -9 
205 193  -1  1  0 -9 
205 197  -1  1  0 -9 
205 198   1  2  0 -9 
205 204   1  2  0 -9 
205 205   1  0  0 -9 
205 206  -1  1  0 -9 
206 123  -1  4  0 -9 
206 163   1  6  0 -9 
206 168  -1  5  0 -9 
206 204   1  3  0 -9 
207 109  -1  3  0 -9 
207 114   1  2  0 -9 
207 141  -1  0  0 -9 
207 153  -1  2  0 -9 
207 163   1  4  0 -9 
207 167  -1  0  0 -9 
207 168  -1  3  0 -9 
207 169   1  1  0 -9 
207 191   1  1  0 -9 
207 193  -1  0  0 -9 
207 194   1 -1  0 -9 
207 197  -1  0  0 -9 
207 204   1  1  0 -9 
207 205   1 -1  0 -9 
207 206  -1  0  0 -9 
207 207  -1 -2  0 -9 
207 208   1 -1  0 -9 
208 123  -1  3  0 -9 
208 141  -1  1  0 -9 
208 143   1  2  0 -9 
208 163   1  5  0 -9 
208 168  -1  4  0 -9 
208 204   1  2  0 -9 
208 206  -1  1  0 -9 
208 208   1  0  0 -9 
209 52  -1  3  0 -9 
209 60   1  2  0 -9 
209 62   1 -1  0 -9 
209 133  -1  0  0 -9 
209 141  -1  0  0 -9 
209 143   1  1  0 -9 
209 145   1 -1  0 -9 
209 163   1  4  0 -9 
209 168  -1  3  0 -9 
209 177  -1  3  0 -9 
209 185   1  2  0 -9 
209 187   1 -1  0 -9 
209 206  -1  0  0 -9 
209 208   1 -1  0 -9 
209 209  -1 -2  0 -9 
210 210  -1 -2  0 -9 
210 211  -1  0  0 -9 
210 212   1 -1  0 -9 
210 213   1  1  0 -9 
210 214   1 -1  0 -9 
210 216  -1  0  0 -9 
210 217   1  1  0 -9 
210 218  -1  2  0 -9 
211 213  -1  5  0 -9 
211 215   1  3  0 -9 
211 218   1  6  0 -9 
212 211  -1  1  0 -9 
212 212   1  0  0 -9 
212 213   1  2  0 -9 
212 215   1  2  0 -9 
212 216  -1  1  0 -9 
212 217   1  2  0 -9 
212 218  -1  3  0 -9 
213 213  -1  6  0 -9 
213 218   1  7  0 -9 
214 214   1  0  0 -9 
214 216  -1  1  0 -9 
214 217   1  2  0 -9 
214 218  -1  3  0 -9 
215 211   1  3  0 -9 
215 213  -1  4  0 -9 
216 217   1  3  0 -9 
216 218  -1  4  0 -9 
217 216   1  3  0 -9 
217 218   1  7  0 -9 
218 218   1  8  0 -9 
219 156   1  2  0 -9 
219 158  -1  3  0 -9 
219 160  -1  1  0 -9 
219 171  -1  1  0 -9 
219 176   1  2  0 -9 
219 177  -1  3  0 -9 
219 211  -1  1  0 -9 
219 213  -1  4  1  2  0 -9 
219 215   1  2  0 -9 
219 218   1  5  0 -9 
219 219   1  0  0 -9 
219 221  -1  1  0 -9 
219 222   1  2  0 -9 
220 150  -1  3  0 -9 
220 153  -1  3  0 -9 
220 154   1  4  0 -9 
220 160  -1  0  0 -9 
220 161   1 -1  0 -9 
220 162   1  2  0 -9 
220 163  -1  3  0 -9 
220 171  -1  0  0 -9 
220 172   1 -1  0 -9 
220 174  -1  0  0 -9 
220 176   1  1  0 -9 
220 211  -1  0  0 -9 
220 212   1 -1  0 -9 
220 213   1  1  0 -9 
220 215   1  1  0 -9 
220 216  -1  0  0 -9 
220 219   1 -1  0 -9 
220 220  -1 -2  0 -9 
220 221  -1  0  0 -9 
221 177  -1  4  0 -9 
221 213  -1  5  0 -9 
221 218   1  6  0 -9 
221 222   1  3  0 -9 
222 163   1  6  0 -9 
222 177  -1  5  0 -9 
222 213  -1  4  0 -9 
222 221   1  3  0 -9 
223 156   1  1  0 -9 
223 160  -1  0  0 -9 
223 163  -1  3  0 -9 
223 165   1 -1  0 -9 
223 168   1  2  0 -9 
223 171  -1  0  0 -9 
223 211  -1  0  0 -9 
223 213   1  1  0 -9 
223 219   1 -1  0 -9 
223 221  -1  0  0 -9 
223 222   1  1  0 -9 
223 223  -1 -2  0 -9 
223 225   1 -1  0 -9 
223 226  -1  0  0 -9 
224 153  -1  2  0 -9 
224 161  -1  0  0 -9 
224 162   1  1  0 -9 
224 163  -1  2  0 -9 
224 166   1 -1  0 -9 
224 167  -1  0  0 -9 
224 168   1  1  0 -9 
224 169   1  1  0 -9 
224 175  -1  0  0 -9 
224 177   1  1  0 -9 
224 217  -1  0  0 -9 
224 218   1  1  0 -9 
224 224  -1 -2  0 -9 
224 227   1 -1  0 -9 
224 228  -1  0  0 -9 
225 177  -1  3  0 -9 
225 213   1  2  0 -9 
225 218  -1  3  0 -9 
225 221  -1  1  0 -9 
225 222   1  2  0 -9 
225 225   1  0  0 -9 
225 226  -1  1  0 -9 
225 228   1  2  0 -9 
226 163   1  5  0 -9 
226 168  -1  4  0 -9 
226 177  -1  4  0 -9 
226 218  -1  4  0 -9 
226 228   1  3  0 -9 
227 150  -1  3  0 -9 
227 153  -1  3  0 -9 
227 161  -1  1  0 -9 
227 162   1  2  0 -9 
227 163   1  5 -1  3  0 -9 
227 167  -1  1  0 -9 
227 168  -1  4  1  2  0 -9 
227 169   1  2  0 -9 
227 174   1  2  0 -9 
227 175  -1  1  0 -9 
227 177  -1  4  1  2  0 -9 
227 216   1  2  0 -9 
227 217  -1  1  0 -9 
227 218   1  6  1  2  0 -9 
227 226   1  2  0 -9 
227 227   1  0  0 -9 
227 228  -1  1  0 -9 
228 163   1  6  0 -9 
228 168  -1  5  0 -9 
228 177  -1  5  0 -9 
228 218   1  7  0 -9 
228 226   1  3  0 -9 
229 187  -1  0  0 -9 
229 213   1  1  0 -9 
229 218  -1  2  0 -9 
229 221  -1  0  0 -9 
229 225   1 -1  0 -9 
229 226  -1  0  0 -9 
229 228   1  1  0 -9 
229 229  -1 -2  0 -9 
229 230   1 -1  0 -9 
230 163   1  4  0 -9 
230 168  -1  3  0 -9 
230 177  -1  3  0 -9 
230 185   1  2  0 -9 
230 187  -1  1  0 -9 
230 218  -1  3  0 -9 
230 226  -1  1  0 -9 
230 228   1  2  0 -9 
230 230   1  0  0 -9 
231 214   1 -1  0 -9 
231 216  -1  0  0 -9 
231 217   1  1  0 -9 
231 218  -1  2  0 -9 
231 231  -1 -2  0 -9 
231 233   1 -1  0 -9 
231 234  -1  0  0 -9 
231 235   1  1  0 -9 
232 211   1  2  0 -9 
232 215  -1  1  0 -9 
232 218  -1  4  0 -9 
232 232   1  0  0 -9 
232 235   1  3  0 -9 
233 216  -1  1  0 -9 
233 217   1  2  0 -9 
233 218  -1  3  0 -9 
233 233   1  0  0 -9 
233 234  -1  1  0 -9 
233 235   1  2  0 -9 
233 236   1  2  0 -9 
234 218   1  6  0 -9 
234 235  -1  5  0 -9 
234 236   1  3  0 -9 
235 218   1  7  0 -9 
235 235  -1  6  0 -9 
236 234   1  3  0 -9 
236 235  -1  4  0 -9 
237 213   1  2  0 -9 
237 215  -1  0  0 -9 
237 218  -1  3  0 -9 
237 232   1 -1  0 -9 
237 235   1  2  0 -9 
237 237  -1 -2  0 -9 
237 239   1 -1  0 -9 
237 240  -1  0  0 -9 
238 216  -1  0  0 -9 
238 233   1 -1  0 -9 
238 234  -1  0  0 -9 
238 235   1  1  0 -9 
238 236   1  1  0 -9 
238 238  -1 -2  0 -9 
238 241   1 -1  0 -9 
238 242  -1  0  0 -9 
239 213   1  3  0 -9 
239 218  -1  4  0 -9 
239 239   1  0  0 -9 
239 240  -1  1  0 -9 
239 242   1  2  0 -9 
240 235  -1  4  0 -9 
240 242   1  3  0 -9 
241 218   1  5  0 -9 
241 234  -1  1  0 -9 
241 235  -1  4  1  2  0 -9 
241 236   1  2  0 -9 
241 240   1  2  0 -9 
241 241   1  0  0 -9 
241 242  -1  1  0 -9 
242 218   1  6  0 -9 
242 235  -1  5  0 -9 
242 240   1  3  0 -9 
243 153  -1  3  0 -9 
243 163   1  5  0 -9 
243 167   1 -1  0 -9 
243 168  -1  4 -1  0  0 -9 
243 169   1  2  0 -9 
243 180  -1  0  0 -9 
243 185   1  1  0 -9 
243 186   1 -1  0 -9 
243 187  -1  0  0 -9 
243 226  -1  0  0 -9 
243 234  -1  0  0 -9 
243 235   1  1  0 -9 
243 240   1  1  0 -9 
243 241   1 -1  0 -9 
243 242  -1  0  0 -9 
243 243  -1 -2  0 -9 
243 244   1 -1  0 -9 
244 163   1  6  1  4  0 -9 
244 168  -1  5 -1  3 -1  1  0 -9 
244 177  -1  3  0 -9 
244 185   1  2  0 -9 
244 187  -1  1  0 -9 
244 218  -1  3  0 -9 
244 226  -1  1  0 -9 
244 228   1  2  0 -9 
244 235   1  2  0 -9 
244 240   1  2  0 -9 
244 242  -1  1  0 -9 
244 244   1  0  0 -9 
245 163   1  3  0 -9 
245 168  -1  2 -1  0  0 -9 
245 177  -1  2  0 -9 
245 185   1  1  0 -9 
245 187  -1  0  0 -9 
245 218  -1  2  0 -9 
245 226  -1  0  0 -9 
245 228   1  1  0 -9 
245 230   1 -1  0 -9 
245 235   1  1  0 -9 
245 242  -1  0  0 -9 
245 244   1 -1  0 -9 
245 245  -1 -2  0 -9 
246 246  -1 -2  0 -9 
246 247   1 -1  0 -9 
246 248   1 -1  0 -9 
246 249  -1  0  0 -9 
246 250  -1  3  0 -9 
246 252   1  2  0 -9 
246 253  -1  3  0 -9 
246 254   1  4  0 -9 
247 250  -1  4  0 -9 
247 252   1  3  0 -9 
247 253  -1  4  0 -9 
247 254   1  5  0 -9 
248 248   1  0  0 -9 
248 249  -1  1  0 -9 
248 250  -1  4  0 -9 
248 251   1  2  0 -9 
248 254   1  5  0 -9 
249 250  -1  5  0 -9 
249 251   1  3  0 -9 
249 254   1  6  0 -9 
250 250  -1  6  0 -9 
250 254   1  7  0 -9 
251 249   1  3  0 -9 
251 250  -1  4  0 -9 
252 247   1  3  0 -9 
252 250  -1  5  0 -9 
252 253  -1  5  0 -9 
252 254   1  6  0 -9 
253 253  -1  6  0 -9 
253 254   1  7  0 -9 
254 254   1  8  0 -9 
255 250   1  1  0 -9 
255 252  -1  0  0 -9 
255 253   1  1  0 -9 
255 254  -1  2  0 -9 
255 255  -1 -2  0 -9 
255 257   1 -1  0 -9 
255 258  -1  0  0 -9 
255 259   1  1  0 -9 
256 249   1  2  0 -9 
256 251  -1  1  0 -9 
256 254  -1  4  0 -9 
256 256   1  0  0 -9 
256 259   1  3  0 -9 
257 247   1  2  0 -9 
257 250   1  2  0 -9 
257 252  -1  1  0 -9 
257 253  -1  4  1  2  0 -9 
257 254  -1  3  0 -9 
257 257   1  0  0 -9 
257 258  -1  1  0 -9 
257 259   1  2  0 -9 
257 260   1  2  0 -9 
258 253  -1  5  0 -9 
258 254   1  6  0 -9 
258 259  -1  5  0 -9 
258 260   1  3  0 -9 
259 254   1  7  0 -9 
259 259  -1  6  0 -9 
260 253  -1  4  0 -9 
260 254   1  5  0 -9 
260 258   1  3  0 -9 
260 259  -1  4  0 -9 
261  2  -1  3  0 -9 
261  3   1  4  0 -9 
261 33   1  2  0 -9 
261 34  -1  3  0 -9 
261 35   1 -1  0 -9 
261 36  -1  0  0 -9 
261 37   1  1  0 -9 
261 250   1  2  0 -9 
261 251  -1  0  0 -9 
261 254  -1  3  0 -9 
261 256   1 -1  0 -9 
261 259   1  2  0 -9 
261 261  -1 -2  0 -9 
261 262   1 -1  0 -9 
261 263  -1  0  0 -9 
262  3   1  5  0 -9 
262 31   1  2  0 -9 
262 34  -1  4  0 -9 
262 36  -1  1  0 -9 
262 37  -1  4  1  2  0 -9 
262 38   1  5  0 -9 
262 250   1  3  0 -9 
262 254  -1  4  0 -9 
262 262   1  0  0 -9 
262 263  -1  1  0 -9 
262 264   1  2  0 -9 
263 37  -1  5  0 -9 
263 38   1  6  0 -9 
263 259  -1  4  0 -9 
263 264   1  3  0 -9 
264 37  -1  4  0 -9 
264 254   1  6  0 -9 
264 259  -1  5  0 -9 
264 263   1  3  0 -9 
265 44  -1  0  0 -9 
265 52  -1  2  0 -9 
265 55  -1  0  0 -9 
265 56   1  1  0 -9 
265 60   1  1  0 -9 
265 61   1 -1  0 -9 
265 62  -1  0  0 -9 
265 253  -1  3  0 -9 
265 254   1  4  0 -9 
265 258   1  2  0 -9 
265 259  -1  3  0 -9 
265 260   1 -1  0 -9 
265 264  -1  0  0 -9 
265 265  -1 -2  0 -9 
265 266   1 -1  0 -9 
266 37  -1  3  0 -9 
266 52  -1  3  0 -9 
266 55  -1  1  0 -9 
266 56   1  2  0 -9 
266 60   1  2  0 -9 
266 62  -1  1  0 -9 
266 254   1  5  0 -9 
266 259  -1  4  0 -9 
266 263   1  2  0 -9 
266 264  -1  1  0 -9 
266 266   1  0  0 -9 
267 267  -1 -2  0 -9 
267 268   1 -1  0 -9 
267 269   1 -1  0 -9 
267 270  -1  0  0 -9 
267 271  -1  3  0 -9 
267 273   1  2  0 -9 
267 274  -1  3  0 -9 
267 275   1  4  0 -9 
268 271  -1  4  0 -9 
268 273   1  3  0 -9 
268 274  -1  4  0 -9 
268 275   1  5  0 -9 
269 269   1  0  0 -9 
269 270  -1  1  0 -9 
269 271  -1  4  0 -9 
269 272   1  2  0 -9 
269 275   1  5  0 -9 
270 271  -1  5  0 -9 
270 272   1  3  0 -9 
270 275   1  6  0 -9 
271 271  -1  6  0 -9 
271 275   1  7  0 -9 
272 270   1  3  0 -9 
272 271  -1  4  0 -9 
273 268   1  3  0 -9 
273 271  -1  5  0 -9 
273 274  -1  5  0 -9 
273 275   1  6  0 -9 
274 274  -1  6  0 -9 
274 275   1  7  0 -9 
275 275   1  8  0 -9 
276 268  -1  0  0 -9 
276 271  -1  2 -1  0  0 -9 
276 273   1  1  0 -9 
276 274  -1  2  0 -9 
276 275   1  3  0 -9 
276 276  -1 -2  0 -9 
276 277  -1  0  0 -9 
276 278   1 -1  0 -9 
276 279   1  1  0 -9 
276 280   1 -1  0 -9 
276 282  -1  0  0 -9 
276 283   1  1  0 -9 
276 284  -1  2  0 -9 
277 279  -1  5  0 -9 
277 281   1  3  0 -9 
277 284   1  6  0 -9 
278 268  -1  1  0 -9 
278 271  -1  5 -1  3 -1  1  0 -9 
278 273   1  2  0 -9 
278 274  -1  3  0 -9 
278 275   1  6  1  4  0 -9 
278 277  -1  1  0 -9 
278 278   1  0  0 -9 
278 279   1  2  0 -9 
278 281   1  2  0 -9 
278 282  -1  1  0 -9 
278 283   1  2  0 -9 
278 284  -1  3  0 -9 
279 279  -1  6  0 -9 
279 284   1  7  0 -9 
280 268  -1  1  0 -9 
280 271  -1  3  0 -9 
280 273   1  2  0 -9 
280 274  -1  3  0 -9 
280 275   1  4  0 -9 
280 280   1  0  0 -9 
280 282  -1  1  0 -9 
280 283   1  2  0 -9 
280 284  -1  3  0 -9 
281 277   1  3  0 -9 
281 279  -1  4  0 -9 
282 271  -1  4  0 -9 
282 274  -1  4  0 -9 
282 275   1  5  0 -9 
282 283   1  3  0 -9 
282 284  -1  4  0 -9 
283 271  -1  5  0 -9 
283 274  -1  5  0 -9 
283 275   1  6  0 -9 
283 282   1  3  0 -9 
283 284   1  7  0 -9 
284 284   1  8  0 -9 
285 268  -1  0  0 -9 
285 280   1 -1  0 -9 
285 282  -1  0  0 -9 
285 283   1  1  0 -9 
285 284  -1  2  0 -9 
285 285  -1 -2  0 -9 
285 287   1 -1  0 -9 
285 288  -1  0  0 -9 
285 289   1  1  0 -9 
286 277   1  2  0 -9 
286 281  -1  1  0 -9 
286 284  -1  4  0 -9 
286 286   1  0  0 -9 
286 289   1  3  0 -9 
287 274  -1  3  0 -9 
287 282  -1  1  0 -9 
287 283   1  2  0 -9 
287 284  -1  3  0 -9 
287 287   1  0  0 -9 
287 288  -1  1  0 -9 
287 289   1  2  0 -9 
287 290   1  2  0 -9 
288 274  -1  4  0 -9 
288 284   1  6  0 -9 
288 289  -1  5  0 -9 
288 290   1  3  0 -9 
289 284   1  7  0 -9 
289 289  -1  6  0 -9 
290 274  -1  5  0 -9 
290 275   1  6  0 -9 
290 288   1  3  0 -9 
290 289  -1  4  0 -9 
291 247  -1  0  0 -9 
291 251  -1  0  0 -9 
291 252   1  1  0 -9 
291 253  -1  2  0 -9 
291 269   1 -1  0 -9 
291 270  -1  0  0 -9 
291 271  -1  3  0 -9 
291 272   1  1  0 -9 
291 275   1  4  0 -9 
291 281  -1  0  0 -9 
291 291  -1 -2  0 -9 
291 292  -1  0  0 -9 
291 293   1 -1  0 -9 
291 294   1 -1  0 -9 
291 295  -1  0  0 -9 
291 296   1  1  0 -9 
291 297   1  1  0 -9 
291 298  -1  2  0 -9 
292 279  -1  4  0 -9 
292 284   1  5  0 -9 
292 297   1  3  0 -9 
292 298  -1  4  0 -9 
293 247  -1  1  0 -9 
293 252   1  2  0 -9 
293 253  -1  3  0 -9 
293 271  -1  4  0 -9 
293 275   1  5  0 -9 
293 292  -1  1  0 -9 
293 293   1  0  0 -9 
293 295  -1  1  0 -9 
293 296   1  2  0 -9 
293 297   1  2  0 -9 
293 298  -1  3  0 -9 
294 247  -1  1  0 -9 
294 249   1  2  0 -9 
294 250  -1  3  0 -9 
294 251  -1  1  0 -9 
294 252   1  2  0 -9 
294 253  -1  3  0 -9 
294 270  -1  1  0 -9 
294 271  -1  4  1  2  0 -9 
294 272   1  2  0 -9 
294 275   1  5  0 -9 
294 277   1  2  0 -9 
294 279  -1  3  0 -9 
294 281  -1  1  0 -9 
294 292  -1  1  0 -9 
294 294   1  0  0 -9 
294 295  -1  1  0 -9 
294 296   1  2  0 -9 
294 297   1  2  0 -9 
294 298  -1  3  0 -9 
295 253  -1  4  0 -9 
295 271  -1  5  0 -9 
295 275   1  6  0 -9 
295 296   1  3  0 -9 
295 298  -1  4  0 -9 
296 253  -1  5  0 -9 
296 254   1  6  0 -9 
296 271  -1  4  0 -9 
296 284   1  6  0 -9 
296 295   1  3  0 -9 
296 298  -1  5  0 -9 
297 279  -1  5  0 -9 
297 284   1  6  0 -9 
297 292   1  3  0 -9 
297 298  -1  5  0 -9 
298 284   1  7  0 -9 
298 298  -1  6  0 -9 
299 247  -1  0  0 -9 
299 249   1  1  0 -9 
299 251  -1  0  0 -9 
299 254  -1  3  0 -9 
299 256   1 -1  0 -9 
299 259   1  2  0 -9 
299 270  -1  0  0 -9 
299 271   1  1  0 -9 
299 277   1  1  0 -9 
299 281  -1  0  0 -9 
299 284  -1  3  0 -9 
299 286   1 -1  0 -9 
299 289   1  2  0 -9 
299 292  -1  0  0 -9 
299 294   1 -1  0 -9 
299 295  -1  0  0 -9 
299 296   1  1  0 -9 
299 299  -1 -2  0 -9 
299 300   1 -1  0 -9 
299 301  -1  0  0 -9 
300 253  -1  3  0 -9 
300 271   1  2  0 -9 
300 275  -1  3  0 -9 
300 295  -1  1  0 -9 
300 296   1  2  0 -9 
300 298  -1  3  0 -9 
300 300   1  0  0 -9 
300 301  -1  1  0 -9 
300 302   1  2  0 -9 
301 253  -1  4  0 -9 
301 254   1  5  0 -9 
301 259  -1  4  0 -9 
301 275  -1  4  0 -9 
301 284   1  5  0 -9 
301 289  -1  4  0 -9 
301 298  -1  4  0 -9 
301 302   1  3  0 -9 
302 253  -1  5  0 -9 
302 254   1  6  0 -9 
302 259  -1  5  0 -9 
302 275   1  7  0 -9 
302 284   1  6  0 -9 
302 289  -1  5  0 -9 
302 298  -1  5  0 -9 
302 301   1  3  0 -9 
303 279   1  1  0 -9 
303 284  -1  2  0 -9 
303 289   1  1  0 -9 
303 297  -1  0  0 -9 
303 298   1  1  0 -9 
303 303  -1 -2  0 -9 
303 305   1 -1  0 -9 
303 306  -1  0  0 -9 
304 260  -1  0  0 -9 
304 271   1  1  0 -9 
304 275  -1  2  0 -9 
304 295  -1  0  0 -9 
304 300   1 -1  0 -9 
304 301  -1  0  0 -9 
304 302   1  1  0 -9 
304 304  -1 -2  0 -9 
304 307   1 -1  0 -9 
304 308  -1  0  0 -9 
305 279   1  2  0 -9 
305 284  -1  3  0 -9 
305 289   1  2  0 -9 
305 292   1  2  0 -9 
305 297  -1  1  0 -9 
305 298  -1  4  1  2  0 -9 
305 305   1  0  0 -9 
305 306  -1  1  0 -9 
305 308   1  2  0 -9 
306 284   1  6  0 -9 
306 289  -1  5  0 -9 
306 298  -1  5  0 -9 
306 308   1  3  0 -9 
307 253  -1  3  0 -9 
307 254   1  4  0 -9 
307 258   1  2  0 -9 
307 259  -1  3  0 -9 
307 260  -1  1  0 -9 
307 275  -1  3  0 -9 
307 284   1  4  0 -9 
307 289  -1  3  0 -9 
307 298  -1  3  0 -9 
307 301  -1  1  0 -9 
307 302   1  2  0 -9 
307 306   1  2  0 -9 
307 307   1  0  0 -9 
307 308  -1  1  0 -9 
308 284   1  5  0 -9 
308 289  -1  4  0 -9 
308 298  -1  4  0 -9 
308 306   1  3  0 -9 
309 271   1  1  0 -9 
309 273  -1  0  0 -9 
309 274   1  1  0 -9 
309 275  -1  2  0 -9 
309 309  -1 -2  0 -9 
309 311   1 -1  0 -9 
309 312  -1  0  0 -9 
309 313   1  1  0 -9 
310 270   1  2  0 -9 
310 272  -1  1  0 -9 
310 275  -1  4  0 -9 
310 310   1  0  0 -9 
310 313   1  3  0 -9 
311 268   1  2  0 -9 
311 271   1  2  0 -9 
311 273  -1  1  0 -9 
311 274  -1  4  1  2  0 -9 
311 275  -1  3  0 -9 
311 311   1  0  0 -9 
311 312  -1  1  0 -9 
311 313   1  2  0 -9 
311 314   1  2  0 -9 
312 274  -1  5  0 -9 
312 275   1  6  0 -9 
312 313  -1  5  0 -9 
312 314   1  3  0 -9 
313 275   1  7  0 -9 
313 313  -1  6  0 -9 
314 274  -1  4  0 -9 
314 275   1  5  0 -9 
314 312   1  3  0 -9 
314 313  -1  4  0 -9 
315 274  -1  3  0 -9 
315 284   1  5  0 -9 
315 288  -1  1  0 -9 
315 289  -1  4  0 -9 
315 290   1  2  0 -9 
315 312   1  2  0 -9 
315 314  -1  1  0 -9 
315 315   1  0  0 -9 
316 271   1  2  0 -9 
316 272  -1  0  0 -9 
316 275  -1  3  0 -9 
316 310   1 -1  0 -9 
316 313   1  2  0 -9 
316 316  -1 -2  0 -9 
316 317   1 -1  0 -9 
316 318  -1  0  0 -9 
317 271   1  3  0 -9 
317 275  -1  4  0 -9 
317 317   1  0  0 -9 
317 318  -1  1  0 -9 
317 319   1  2  0 -9 
318 313  -1  4  0 -9 
318 319   1  3  0 -9 
319 275   1  6  0 -9 
319 313  -1  5  0 -9 
319 318   1  3  0 -9 
320 253  -1  2  0 -9 
320 254   1  3  0 -9 
320 258   1  1  0 -9 
320 259  -1  2 -1  0  0 -9 
320 260  -1  0  0 -9 
320 275  -1  2  0 -9 
320 284   1  3  0 -9 
320 289  -1  2 -1  0  0 -9 
320 298  -1  2  0 -9 
320 301  -1  0  0 -9 
320 302   1  1  0 -9 
320 306   1  1  0 -9 
320 307   1 -1  0 -9 
320 308  -1  0  0 -9 
320 313   1  1  0 -9 
320 319  -1  0  0 -9 
320 320  -1 -2  0 -9 
320 321   1 -1  0 -9 
321 253  -1  3  0 -9 
321 254   1  6  1  4  0 -9 
321 258   1  2  0 -9 
321 259  -1  5 -1  3 -1  1  0 -9 
321 260  -1  1  0 -9 
321 275  -1  3  0 -9 
321 284   1  6  1  4  0 -9 
321 289  -1  5 -1  3 -1  1  0 -9 
321 298  -1  3  0 -9 
321 301  -1  1  0 -9 
321 302   1  2  0 -9 
321 306   1  2  0 -9 
321 308  -1  1  0 -9 
321 313   1  2  0 -9 
321 318   1  2  0 -9 
321 319  -1  1  0 -9 
321 321   1  0  0 -9 
322 279   1  2  0 -9 
322 281  -1  0  0 -9 
322 284  -1  3  0 -9 
322 286   1 -1  0 -9 
322 289   1  2  0 -9 
322 322  -1 -2  0 -9 
322 324   1 -1  0 -9 
322 325  -1  0  0 -9 
323 271   1  2  0 -9 
323 275  -1  3  0 -9 
323 282  -1  0  0 -9 
323 287   1 -1  0 -9 
323 288  -1  0  0 -9 
323 289   1  1  0 -9 
323 290   1  1  0 -9 
323 314  -1  0  0 -9 
323 317   1 -1  0 -9 
323 318  -1  0  0 -9 
323 319   1  1  0 -9 
323 323  -1 -2  0 -9 
323 326   1 -1  0 -9 
323 327  -1  0  0 -9 
324 279   1  3  0 -9 
324 284  -1  4  0 -9 
324 324   1  0  0 -9 
324 325  -1  1  0 -9 
324 327   1  2  0 -9 
325 289  -1  4  0 -9 
325 327   1  3  0 -9 
326 274  -1  3  0 -9 
326 284   1  5  0 -9 
326 288  -1  1  0 -9 
326 289  -1  4  1  2  0 -9 
326 290   1  2  0 -9 
326 312   1  2  0 -9 
326 313  -1  3  0 -9 
326 314  -1  1  0 -9 
326 318  -1  1  0 -9 
326 319   1  2  0 -9 
326 325   1  2  0 -9 
326 326   1  0  0 -9 
326 327  -1  1  0 -9 
327 284   1  6  0 -9 
327 289  -1  5  0 -9 
327 325   1  3  0 -9 
328 274  -1  2  0 -9 
328 284   1  4  0 -9 
328 288  -1  0  0 -9 
328 289  -1  3  0 -9 
328 290   1  1  0 -9 
328 312   1  1  0 -9 
328 314  -1  0  0 -9 
328 315   1 -1  0 -9 
328 318  -1  0  0 -9 
328 325   1  1  0 -9 
328 326   1 -1  0 -9 
328 327  -1  0  0 -9 
328 328  -1 -2  0 -9 
328 329   1 -1  0 -9 
329 284   1  5  0 -9 
329 289  -1  4  0 -9 
329 325   1  2  0 -9 
329 327  -1  1  0 -9 
329 329   1  0  0 -9 
330 284   1  4  0 -9 
330 289  -1  3  0 -9 
330 298  -1  3  0 -9 
330 306   1  2  0 -9 
330 308   1 -1  0 -9 
330 327  -1  0  0 -9 
330 329   1 -1  0 -9 
330 330  -1 -2  0 -9 
331 150   1  1  0 -9 
331 152  -1  0  0 -9 
331 153   1  1  0 -9 
331 154  -1  2  0 -9 
331 331  -1 -2  0 -9 
331 333   1 -1  0 -9 
331 334  -1  0  0 -9 
331 335   1  1  0 -9 
332 149   1  2  0 -9 
332 151  -1  1  0 -9 
332 154  -1  4  0 -9 
332 332   1  0  0 -9 
332 335   1  3  0 -9 
333 147   1  2  0 -9 
333 150   1  2  0 -9 
333 152  -1  1  0 -9 
333 153  -1  4  1  2  0 -9 
333 154  -1  3  0 -9 
333 333   1  0  0 -9 
333 334  -1  1  0 -9 
333 335   1  2  0 -9 
333 336   1  2  0 -9 
334 153  -1  5  0 -9 
334 154   1  6  0 -9 
334 335  -1  5  0 -9 
334 336   1  3  0 -9 
335 154   1  7  0 -9 
335 335  -1  6  0 -9 
336 153  -1  4  0 -9 
336 154   1  5  0 -9 
336 334   1  3  0 -9 
336 335  -1  4  0 -9 
337 153  -1  3  0 -9 
337 163   1  5  0 -9 
337 167  -1  1  0 -9 
337 168  -1  4  0 -9 
337 169   1  2  0 -9 
337 334   1  2  0 -9 
337 336  -1  1  0 -9 
337 337   1  0  0 -9 
338 150   1  2  0 -9 
338 151  -1  0  0 -9 
338 154  -1  3  0 -9 
338 332   1 -1  0 -9 
338 335   1  2  0 -9 
338 338  -1 -2  0 -9 
338 339   1 -1  0 -9 
338 340  -1  0  0 -9 
339 150   1  3  0 -9 
339 154  -1  4  0 -9 
339 339   1  0  0 -9 
339 340  -1  1  0 -9 
339 341   1  2  0 -9 
340 335  -1  4  0 -9 
340 341   1  3  0 -9 
341 154   1  6  0 -9 
341 335  -1  5  0 -9 
341 340   1  3  0 -9 
342 154  -1  2  0 -9 
342 163   1  3  0 -9 
342 168  -1  2 -1  0  0 -9 
342 177  -1  2  0 -9 
342 180  -1  0  0 -9 
342 181   1  1  0 -9 
342 185   1  1  0 -9 
342 186   1 -1  0 -9 
342 187  -1  0  0 -9 
342 335   1  1  0 -9 
342 341  -1  0  0 -9 
342 342  -1 -2  0 -9 
342 343   1 -1  0 -9 
343 154  -1  3  0 -9 
343 163   1  6  1  4  0 -9 
343 168  -1  5 -1  3 -1  1  0 -9 
343 177  -1  3  0 -9 
343 180  -1  1  0 -9 
343 181   1  2  0 -9 
343 185   1  2  0 -9 
343 187  -1  1  0 -9 
343 335   1  2  0 -9 
343 340   1  2  0 -9 
343 341  -1  1  0 -9 
343 343   1  0  0 -9 
344 123  -1  2  0 -9 
344 154  -1  3  0 -9 
344 163   1  4  0 -9 
344 167  -1  0  0 -9 
344 168  -1  3  0 -9 
344 169   1  1  0 -9 
344 193  -1  0  0 -9 
344 197  -1  0  0 -9 
344 198   1  1  0 -9 
344 204   1  1  0 -9 
344 205   1 -1  0 -9 
344 206  -1  0  0 -9 
344 274  -1  3  0 -9 
344 275   1  4  0 -9 
344 312   1  2  0 -9 
344 313  -1  3  0 -9 
344 314   1 -1  0 -9 
344 319  -1  0  0 -9 
344 335   1  2  0 -9 
344 336  -1  0  0 -9 
344 337   1 -1  0 -9 
344 344  -1 -2  0 -9 
344 345   1 -1  0 -9 
345 123  -1  3  0 -9 
345 154  -1  4  0 -9 
345 163   1  5  0 -9 
345 168  -1  4  0 -9 
345 197  -1  1  0 -9 
345 198   1  2  0 -9 
345 204   1  2  0 -9 
345 206  -1  1  0 -9 
345 275   1  5  0 -9 
345 313  -1  4  0 -9 
345 318   1  2  0 -9 
345 319  -1  1  0 -9 
345 335   1  3  0 -9 
345 345   1  0  0 -9 
346 346  -1 -2  0 -9 
346 348   1 -1  0 -9 
346 349  -1  0  0 -9 
346 350   1  1  0 -9 
347 347   1  0  0 -9 
347 350   1  3  0 -9 
348 348   1  0  0 -9 
348 349  -1  1  0 -9 
348 350   1  2  0 -9 
348 351   1  2  0 -9 
349 350  -1  5  0 -9 
349 351   1  3  0 -9 
350 350  -1  6  0 -9 
351 349   1  3  0 -9 
351 350  -1  4  0 -9 
352 158   1  2  0 -9 
352 160  -1  0  0 -9 
352 163  -1  3  0 -9 
352 165   1 -1  0 -9 
352 168   1  2  0 -9 
352 347   1 -1  0 -9 
352 350   1  2  0 -9 
352 352  -1 -2  0 -9 
352 354   1 -1  0 -9 
352 355  -1  0  0 -9 
353 150   1  2  0 -9 
353 154  -1  3  0 -9 
353 161  -1  0  0 -9 
353 166   1 -1  0 -9 
353 167  -1  0  0 -9 
353 168   1  1  0 -9 
353 169   1  1  0 -9 
353 336  -1  0  0 -9 
353 339   1 -1  0 -9 
353 340  -1  0  0 -9 
353 341   1  1  0 -9 
353 348   1 -1  0 -9 
353 349  -1  0  0 -9 
353 350   1  1  0 -9 
353 351   1  1  0 -9 
353 353  -1 -2  0 -9 
353 356   1 -1  0 -9 
353 357  -1  0  0 -9 
354 158   1  3  0 -9 
354 163  -1  4  0 -9 
354 354   1  0  0 -9 
354 355  -1  1  0 -9 
354 357   1  2  0 -9 
355 168  -1  4  0 -9 
355 350  -1  4  0 -9 
355 357   1  3  0 -9 
356 153  -1  3  0 -9 
356 163   1  5  0 -9 
356 167  -1  1  0 -9 
356 168  -1  4  1  2  0 -9 
356 169   1  2  0 -9 
356 334   1  2  0 -9 
356 335  -1  3  0 -9 
356 336  -1  1  0 -9 
356 340  -1  1  0 -9 
356 341   1  2  0 -9 
356 349  -1  1  0 -9 
356 350  -1  4  1  2  0 -9 
356 351   1  2  0 -9 
356 355   1  2  0 -9 
356 356   1  0  0 -9 
356 357  -1  1  0 -9 
357 163   1  6  0 -9 
357 168  -1  5  0 -9 
357 350  -1  5  0 -9 
357 355   1  3  0 -9 
358 153  -1  2  0 -9 
358 163   1  4  0 -9 
358 167  -1  0  0 -9 
358 168  -1  3  0 -9 
358 169   1  1  0 -9 
358 334   1  1  0 -9 
358 336  -1  0  0 -9 
358 337   1 -1  0 -9 
358 340  -1  0  0 -9 
358 349  -1  0  0 -9 
358 350   1  1  0 -9 
358 355   1  1  0 -9 
358 356   1 -1  0 -9 
358 357  -1  0  0 -9 
358 358  -1 -2  0 -9 
358 359   1 -1  0 -9 
359 163   1  5  0 -9 
359 168  -1  4  0 -9 
359 350   1  2  0 -9 
359 355   1  2  0 -9 
359 357  -1  1  0 -9 
359 359   1  0  0 -9 
360 163   1  4  0 -9 
360 168  -1  3  0 -9 
360 177  -1  3  0 -9 
360 185   1  2  0 -9 
360 187   1 -1  0 -9 
360 350   1  1  0 -9 
360 357  -1  0  0 -9 
360 359   1 -1  0 -9 
360 360  -1 -2  0 -9 
361 218   1  5  0 -9 
361 234  -1  1  0 -9 
361 235  -1  4  0 -9 
361 236   1  2  0 -9 
361 349   1  2  0 -9 
361 351  -1  1  0 -9 
361 361   1  0  0 -9 
362 218   1  4  0 -9 
362 234  -1  0  0 -9 
362 235  -1  3  0 -9 
362 236   1  1  0 -9 
362 240   1  1  0 -9 
362 241   1 -1  0 -9 
362 242  -1  0  0 -9 
362 350   1  2  0 -9 
362 351  -1  0  0 -9 
362 361   1 -1  0 -9 
362 362  -1 -2  0 -9 
362 363   1 -1  0 -9 
363 218   1  5  0 -9 
363 235  -1  4  0 -9 
363 240   1  2  0 -9 
363 242  -1  1  0 -9 
363 350   1  3  0 -9 
363 363   1  0  0 -9 
364 215  -1  0  0 -9 
364 269   1 -1  0 -9 
364 270  -1  0  0 -9 
364 271  -1  3  0 -9 
364 272   1  1  0 -9 
364 275   1  4  0 -9 
364 281  -1  0  0 -9 
364 364  -1 -2  0 -9 
364 365  -1  0  0 -9 
364 366   1 -1  0 -9 
364 367   1 -1  0 -9 
364 368  -1  0  0 -9 
364 369   1  1  0 -9 
364 370   1  1  0 -9 
364 371  -1  2  0 -9 
365 213  -1  4  0 -9 
365 218   1  5  0 -9 
365 279  -1  4  0 -9 
365 284   1  5  0 -9 
365 370   1  3  0 -9 
365 371  -1  4  0 -9 
366 271  -1  4  0 -9 
366 275   1  5  0 -9 
366 365  -1  1  0 -9 
366 366   1  0  0 -9 
366 368  -1  1  0 -9 
366 369   1  2  0 -9 
366 370   1  2  0 -9 
366 371  -1  3  0 -9 
367 211   1  2  0 -9 
367 213  -1  3  0 -9 
367 215  -1  1  0 -9 
367 270  -1  1  0 -9 
367 271  -1  4  1  2  0 -9 
367 272   1  2  0 -9 
367 275   1  5  0 -9 
367 277   1  2  0 -9 
367 279  -1  3  0 -9 
367 281  -1  1  0 -9 
367 365  -1  1  0 -9 
367 367   1  0  0 -9 
367 368  -1  1  0 -9 
367 369   1  2  0 -9 
367 370   1  2  0 -9 
367 371  -1  3  0 -9 
368 271  -1  5  0 -9 
368 275   1  6  0 -9 
368 369   1  3  0 -9 
368 371  -1  4  0 -9 
369 218   1  6  0 -9 
369 271  -1  4  0 -9 
369 284   1  6  0 -9 
369 368   1  3  0 -9 
369 371  -1  5  0 -9 
370 213  -1  5  0 -9 
370 218   1  6  0 -9 
370 279  -1  5  0 -9 
370 284   1  6  0 -9 
370 365   1  3  0 -9 
370 371  -1  5  0 -9 
371 218   1  7  0 -9 
371 284   1  7  0 -9 
371 371  -1  6  0 -9 
372 213  -1  3  0 -9 
372 218   1  4  0 -9 
372 277   1  2  0 -9 
372 279  -1  3  0 -9 
372 281  -1  1  0 -9 
372 365  -1  1  0 -9 
372 370   1  2  0 -9 
372 371  -1  3  0 -9 
372 372   1  0  0 -9 
372 374  -1  1  0 -9 
372 375   1  2  0 -9 
373 271  -1  3  0 -9 
373 274  -1  3  0 -9 
373 275   1  4  0 -9 
373 281  -1  0  0 -9 
373 282   1 -1  0 -9 
373 283   1  2  0 -9 
373 284  -1  3  0 -9 
373 365  -1  0  0 -9 
373 366   1 -1  0 -9 
373 368  -1  0  0 -9 
373 370   1  1  0 -9 
373 372   1 -1  0 -9 
373 373  -1 -2  0 -9 
373 374  -1  0  0 -9 
374 213  -1  4  0 -9 
374 218   1  5  0 -9 
374 371  -1  4  0 -9 
374 375   1  3  0 -9 
375 213  -1  5  0 -9 
375 218   1  6  0 -9 
375 284   1  6  0 -9 
375 371  -1  5  0 -9 
375 374   1  3  0 -9 
376 277   1  1  0 -9 
376 281  -1  0  0 -9 
376 284  -1  3  0 -9 
376 286   1 -1  0 -9 
376 289   1  2  0 -9 
376 365  -1  0  0 -9 
376 372   1 -1  0 -9 
376 374  -1  0  0 -9 
376 375   1  1  0 -9 
376 376  -1 -2  0 -9 
376 378   1 -1  0 -9 
376 379  -1  0  0 -9 
377 274  -1  2  0 -9 
377 282  -1  0  0 -9 
377 283   1  1  0 -9 
377 284  -1  2  0 -9 
377 287   1 -1  0 -9 
377 288  -1  0  0 -9 
377 289   1  1  0 -9 
377 290   1  1  0 -9 
377 369  -1  0  0 -9 
377 371   1  1  0 -9 
377 377  -1 -2  0 -9 
377 380   1 -1  0 -9 
377 381  -1  0  0 -9 
378 371  -1  3  0 -9 
378 374  -1  1  0 -9 
378 375   1  2  0 -9 
378 378   1  0  0 -9 
378 379  -1  1  0 -9 
378 381   1  2  0 -9 
379 284   1  5  0 -9 
379 289  -1  4  0 -9 
379 371  -1  4  0 -9 
379 381   1  3  0 -9 
380 218   1  5  0 -9 
380 271  -1  3  0 -9 
380 274  -1  3  0 -9 
380 282  -1  1  0 -9 
380 283   1  2  0 -9 
380 284   1  5 -1  3  0 -9 
380 288  -1  1  0 -9 
380 289  -1  4  1  2  0 -9 
380 290   1  2  0 -9 
380 368   1  2  0 -9 
380 369  -1  1  0 -9 
380 371  -1  4  1  2  0 -9 
380 379   1  2  0 -9 
380 380   1  0  0 -9 
380 381  -1  1  0 -9 
381 218   1  6  0 -9 
381 284   1  6  0 -9 
381 289  -1  5  0 -9 
381 371  -1  5  0 -9 
381 379   1  3  0 -9 
382 211   1  1  0 -9 
382 215  -1  0  0 -9 
382 218  -1  3  0 -9 
382 232   1 -1  0 -9 
382 235   1  2  0 -9 
382 270  -1  0  0 -9 
382 271   1  1  0 -9 
382 277   1  1  0 -9 
382 281  -1  0  0 -9 
382 284  -1  3  0 -9 
382 286   1 -1  0 -9 
382 289   1  2  0 -9 
382 365  -1  0  0 -9 
382 367   1 -1  0 -9 
382 368  -1  0  0 -9 
382 369   1  1  0 -9 
382 382  -1 -2  0 -9 
382 383   1 -1  0 -9 
382 384  -1  0  0 -9 
383 271   1  2  0 -9 
383 275  -1  3  0 -9 
383 368  -1  1  0 -9 
383 369   1  2  0 -9 
383 371  -1  3  0 -9 
383 383   1  0  0 -9 
383 384  -1  1  0 -9 
383 385   1  2  0 -9 
384 218   1  5  0 -9 
384 235  -1  4  0 -9 
384 275  -1  4  0 -9 
384 284   1  5  0 -9 
384 289  -1  4  0 -9 
384 371  -1  4  0 -9 
384 385   1  3  0 -9 
385 218   1  6  0 -9 
385 235  -1  5  0 -9 
385 275   1  7  0 -9 
385 284   1  6  0 -9 
385 289  -1  5  0 -9 
385 371  -1  5  0 -9 
385 384   1  3  0 -9 
386 213   1  1  0 -9 
386 218  -1  2  0 -9 
386 235   1  1  0 -9 
386 279   1  1  0 -9 
386 284  -1  2  0 -9 
386 289   1  1  0 -9 
386 370  -1  0  0 -9 
386 371   1  1  0 -9 
386 386  -1 -2  0 -9 
386 388   1 -1  0 -9 
386 389  -1  0  0 -9 
387 271   1  1  0 -9 
387 275  -1  2  0 -9 
387 368  -1  0  0 -9 
387 383   1 -1  0 -9 
387 384  -1  0  0 -9 
387 385   1  1  0 -9 
387 387  -1 -2  0 -9 
387 390   1 -1  0 -9 
387 391  -1  0  0 -9 
388 213   1  2  0 -9 
388 218  -1  3  0 -9 
388 235   1  2  0 -9 
388 279   1  2  0 -9 
388 284  -1  3  0 -9 
388 289   1  2  0 -9 
388 365   1  2  0 -9 
388 370  -1  1  0 -9 
388 371  -1  4  1  2  0 -9 
388 388   1  0  0 -9 
388 389  -1  1  0 -9 
388 391   1  2  0 -9 
389 218   1  6  0 -9 
389 235  -1  5  0 -9 
389 284   1  6  0 -9 
389 289  -1  5  0 -9 
389 371  -1  5  0 -9 
389 391   1  3  0 -9 
390 218   1  4  0 -9 
390 235  -1  3  0 -9 
390 275  -1  3  0 -9 
390 284   1  4  0 -9 
390 289  -1  3  0 -9 
390 371  -1  3  0 -9 
390 384  -1  1  0 -9 
390 385   1  2  0 -9 
390 389   1  2  0 -9 
390 390   1  0  0 -9 
390 391  -1  1  0 -9 
391 218   1  5  0 -9 
391 235  -1  4  0 -9 
391 284   1  5  0 -9 
391 289  -1  4  0 -9 
391 371  -1  4  0 -9 
391 389   1  3  0 -9 
392 274  -1  3  0 -9 
392 284   1  5  0 -9 
392 288   1 -1  0 -9 
392 289  -1  4 -1  0  0 -9 
392 290   1  2  0 -9 
392 379  -1  0  0 -9 
392 384  -1  0  0 -9 
392 389   1  1  0 -9 
392 390   1 -1  0 -9 
392 391  -1  0  0 -9 
392 392  -1 -2  0 -9 
392 393   1 -1  0 -9 
393 284   1  6  1  4  0 -9 
393 289  -1  5 -1  3 -1  1  0 -9 
393 371  -1  3  0 -9 
393 379  -1  1  0 -9 
393 381   1  2  0 -9 
393 389   1  2  0 -9 
393 391  -1  1  0 -9 
393 393   1  0  0 -9 
394 213   1  2  0 -9 
394 218  -1  3  0 -9 
394 239   1 -1  0 -9 
394 240  -1  0  0 -9 
394 242   1  1  0 -9 
394 374  -1  0  0 -9 
394 378   1 -1  0 -9 
394 379  -1  0  0 -9 
394 381   1  1  0 -9 
394 391  -1  0  0 -9 
394 394  -1 -2  0 -9 
394 395   1 -1  0 -9 
395 235  -1  3  0 -9 
395 240  -1  1  0 -9 
395 242   1  2  0 -9 
395 284   1  4  0 -9 
395 289  -1  3  0 -9 
395 371  -1  3  0 -9 
395 379  -1  1  0 -9 
395 381   1  2  0 -9 
395 389   1  2  0 -9 
395 391  -1  1  0 -9 
395 395   1  0  0 -9 
396 240  -1  0  0 -9 
396 284   1  3  0 -9 
396 289  -1  2 -1  0  0 -9 
396 371  -1  2  0 -9 
396 379  -1  0  0 -9 
396 381   1  1  0 -9 
396 389   1  1  0 -9 
396 391  -1  0  0 -9 
396 393   1 -1  0 -9 
396 395   1 -1  0 -9 
396 396  -1 -2  0 -9 
397 347   1 -1  0 -9 
397 350   1  2  0 -9 
397 397  -1 -2  0 -9 
397 398   1 -1  0 -9 
397 399  -1  0  0 -9 
398 398   1  0  0 -9 
398 399  -1  1  0 -9 
398 400   1  2  0 -9 
399 350  -1  4  0 -9 
399 400   1  3  0 -9 
400 350  -1  5  0 -9 
400 399   1  3  0 -9 
401 350   1  1  0 -9 
401 401  -1 -2  0 -9 
401 403   1 -1  0 -9 
401 404  -1  0  0 -9 
402 398   1 -1  0 -9 
402 399  -1  0  0 -9 
402 400   1  1  0 -9 
402 402  -1 -2  0 -9 
402 405   1 -1  0 -9 
402 406  -1  0  0 -9 
403 350   1  2  0 -9 
403 403   1  0  0 -9 
403 404  -1  1  0 -9 
403 406   1  2  0 -9 
404 350  -1  5  0 -9 
404 406   1  3  0 -9 
405 350  -1  3  0 -9 
405 399  -1  1  0 -9 
405 400   1  2  0 -9 
405 404   1  2  0 -9 
405 405   1  0  0 -9 
405 406  -1  1  0 -9 
406 350  -1  4  0 -9 
406 404   1  3  0 -9 
407 399  -1  0  0 -9 
407 404   1  1  0 -9 
407 405   1 -1  0 -9 
407 406  -1  0  0 -9 
407 407  -1 -2  0 -9 
407 408   1 -1  0 -9 
408 404   1  2  0 -9 
408 406  -1  1  0 -9 
408 408   1  0  0 -9 
409 218   1  3  0 -9 
409 235  -1  2 -1  0  0 -9 
409 275  -1  2  0 -9 
409 284   1  3  0 -9 
409 289  -1  2 -1  0  0 -9 
409 313   1  1  0 -9 
409 319  -1  0  0 -9 
409 350   1  1  0 -9 
409 371  -1  2  0 -9 
409 384  -1  0  0 -9 
409 385   1  1  0 -9 
409 389   1  1  0 -9 
409 390   1 -1  0 -9 
409 391  -1  0  0 -9 
409 400  -1  0  0 -9 
409 409  -1 -2  0 -9 
409 410   1 -1  0 -9 
410 218   1  6  1  4  0 -9 
410 235  -1  5 -1  3 -1  1  0 -9 
410 275  -1  3  0 -9 
410 284   1  6  1  4  0 -9 
410 289  -1  5 -1  3 -1  1  0 -9 
410 313   1  2  0 -9 
410 318   1  2  0 -9 
410 319  -1  1  0 -9 
410 350   1  2  0 -9 
410 371  -1  3  0 -9 
410 384  -1  1  0 -9 
410 385   1  2  0 -9 
410 389   1  2  0 -9 
410 391  -1  1  0 -9 
410 399   1  2  0 -9 
410 400  -1  1  0 -9 
410 410   1  0  0 -9 
411 218   1  4  0 -9 
411 235  -1  3  0 -9 
411 242  -1  0  0 -9 
411 284   1  4  0 -9 
411 289  -1  3  0 -9 
411 327  -1  0  0 -9 
411 329   1 -1  0 -9 
411 350   1  2  0 -9 
411 363   1 -1  0 -9 
411 371  -1  3  0 -9 
411 389   1  2  0 -9 
411 391   1 -1  0 -9 
411 406  -1  0  0 -9 
411 408   1 -1  0 -9 
411 411  -1 -2  0 -9 
412 347   1 -1  0 -9 
412 350   1  2  0 -9 
412 412  -1 -2  0 -9 
412 414   1 -1  0 -9 
412 415  -1  0  0 -9 
413 348   1 -1  0 -9 
413 349  -1  0  0 -9 
413 350   1  1  0 -9 
413 351   1  1  0 -9 
413 413  -1 -2  0 -9 
413 416   1 -1  0 -9 
413 417  -1  0  0 -9 
414 414   1  0  0 -9 
414 415  -1  1  0 -9 
414 417   1  2  0 -9 
415 350  -1  4  0 -9 
415 417   1  3  0 -9 
416 349  -1  1  0 -9 
416 350  -1  4  1  2  0 -9 
416 351   1  2  0 -9 
416 415   1  2  0 -9 
416 416   1  0  0 -9 
416 417  -1  1  0 -9 
417 350  -1  5  0 -9 
417 415   1  3  0 -9 
418 406  -1  0  0 -9 
418 414   1 -1  0 -9 
418 415  -1  0  0 -9 
418 417   1  1  0 -9 
418 418  -1 -2  0 -9 
418 419   1 -1  0 -9 
419 350  -1  3  0 -9 
419 404   1  2  0 -9 
419 406  -1  1  0 -9 
419 415  -1  1  0 -9 
419 417   1  2  0 -9 
419 419   1  0  0 -9 
420 404   1  1  0 -9 
420 406  -1  0  0 -9 
420 408   1 -1  0 -9 
420 415  -1  0  0 -9 
420 419   1 -1  0 -9 
420 420  -1 -2  0 -9 
421 349  -1  0  0 -9 
421 350   1  1  0 -9 
421 415   1  1  0 -9 
421 416   1 -1  0 -9 
421 417  -1  0  0 -9 
421 421  -1 -2  0 -9 
421 422   1 -1  0 -9 
422 350   1  2  0 -9 
422 415   1  2  0 -9 
422 417  -1  1  0 -9 
422 422   1  0  0 -9 
423 350   1  1  0 -9 
423 417  -1  0  0 -9 
423 422   1 -1  0 -9 
423 423  -1 -2  0 -9 
9999 9999
