 0  0  -1  6  0 -9 
 0  1   1  7  0 -9 
 1  1   1  8  0 -9 
 2  1   1  7  0 -9 
 2  2  -1  6  0 -9 
 3  0  -1  4  0 -9 
 3  1   1  5  0 -9 
 3  4  -1  5  0 -9 
 3  5   1  3  0 -9 
 3  6  -1  4  0 -9 
 3  7   1  6  0 -9 
 4  4  -1  6  0 -9 
 4  7   1  7  0 -9 
 5  0  -1  5  0 -9 
 5  1   1  6  0 -9 
 5  3   1  3  0 -9 
 5  4  -1  4  0 -9 
 5  6  -1  5  0 -9 
 5  8   1  6  0 -9 
 6  1   1  7  0 -9 
 6  6  -1  6  0 -9 
 6  8   1  7  0 -9 
 7  7   1  8  0 -9 
 8  8   1  8  0 -9 
 9  0   1  2  0 -9 
 9  1  -1  3  0 -9 
 9  2   1  2  0 -9 
 9  3   1  2  0 -9 
 9  5  -1  1  0 -9 
 9  6  -1  4  1  2  0 -9 
 9  7  -1  4  0 -9 
 9  8   1  5  0 -9 
 9  9   1  0  0 -9 
 9 10  -1  1  0 -9 
 9 11   1  3  0 -9 
 9 12  -1  4  0 -9 
 9 13   1  2  0 -9 
 9 14   1  5  0 -9 
10  1   1  6  0 -9 
10  2  -1  5  0 -9 
10  6  -1  5  0 -9 
10  8   1  6  0 -9 
10 12  -1  5  0 -9 
10 13   1  3  0 -9 
10 14   1  6  0 -9 
11  7   1  7  0 -9 
11 11  -1  6  0 -9 
12  8   1  7  0 -9 
12 12  -1  6  0 -9 
12 14   1  7  0 -9 
13  1   1  5  0 -9 
13  2  -1  4  0 -9 
13  6  -1  4  0 -9 
13  8   1  5  0 -9 
13 10   1  3  0 -9 
13 12  -1  4  0 -9 
14 14   1  8  0 -9 
15  0   1  1  0 -9 
15  1  -1  2  0 -9 
15  2   1  1  0 -9 
15  4   1  2  0 -9 
15  5  -1  0  0 -9 
15  6   1  1  0 -9 
15  7  -1  3  0 -9 
15  9   1 -1  0 -9 
15 10  -1  0  0 -9 
15 11   1  2  0 -9 
15 12  -1  3  0 -9 
15 14   1  4  0 -9 
15 15  -1 -2  0 -9 
15 16   1 -1  0 -9 
15 17   1 -1  0 -9 
15 18  -1  0  0 -9 
15 19  -1  3  0 -9 
15 21   1  2  0 -9 
15 22  -1  3  0 -9 
15 23   1  4  0 -9 
16 12  -1  4  0 -9 
16 14   1  5  0 -9 
16 19  -1  4  0 -9 
16 21   1  3  0 -9 
16 22  -1  4  0 -9 
16 23   1  5  0 -9 
17  4   1  3  0 -9 
17  7  -1  4  0 -9 
17 17   1  0  0 -9 
17 18  -1  1  0 -9 
17 19  -1  4  0 -9 
17 20   1  2  0 -9 
17 23   1  5  0 -9 
18 11  -1  4  0 -9 
18 19  -1  5  0 -9 
18 20   1  3  0 -9 
18 23   1  6  0 -9 
19 19  -1  6  0 -9 
19 23   1  7  0 -9 
20  7   1  6  0 -9 
20 11  -1  5  0 -9 
20 18   1  3  0 -9 
20 19  -1  4  0 -9 
21  8   1  6  0 -9 
21 12  -1  5  0 -9 
21 14   1  6  0 -9 
21 16   1  3  0 -9 
21 19  -1  5  0 -9 
21 22  -1  5  0 -9 
21 23   1  6  0 -9 
22 14   1  7  0 -9 
22 22  -1  6  0 -9 
22 23   1  7  0 -9 
23 23   1  8  0 -9 
24  0   1  3  0 -9 
24  1  -1  4  0 -9 
24 24   1  0  0 -9 
24 25  -1  1  0 -9 
24 26   1  3  0 -9 
24 27  -1  4  0 -9 
24 28   1  2  0 -9 
24 29   1  5  0 -9 
25  2  -1  4  0 -9 
25 27  -1  5  0 -9 
25 28   1  3  0 -9 
25 29   1  6  0 -9 
26 26  -1  6  0 -9 
27 27  -1  6  0 -9 
27 29   1  7  0 -9 
28  1   1  6  0 -9 
28  2  -1  5  0 -9 
28 25   1  3  0 -9 
28 27  -1  4  0 -9 
29 29   1  8  0 -9 
30  1   1  5  0 -9 
30  2  -1  4  0 -9 
30 25   1  2  0 -9 
30 28  -1  1  0 -9 
30 29  -1  4  0 -9 
30 30   1  0  0 -9 
30 31   1  3  0 -9 
31 29   1  7  0 -9 
31 31  -1  6  0 -9 
32  1   1  4  0 -9 
32  2  -1  3  0 -9 
32  6  -1  3  0 -9 
32  8   1  4  0 -9 
32 10   1  2  0 -9 
32 12  -1  3  0 -9 
32 13   1 -1  0 -9 
32 19   1  1  0 -9 
32 21  -1  0  0 -9 
32 22   1  1  0 -9 
32 23  -1  2  0 -9 
32 27   1  2  0 -9 
32 28  -1  0  0 -9 
32 29  -1  3  0 -9 
32 30   1 -1  0 -9 
32 31   1  2  0 -9 
32 32  -1 -2  0 -9 
32 34   1 -1  0 -9 
32 35  -1  0  0 -9 
32 36   1  1  0 -9 
33  7   1  5  0 -9 
33 11  -1  4  0 -9 
33 18   1  2  0 -9 
33 20  -1  1  0 -9 
33 23  -1  4  0 -9 
33 26   1  3  0 -9 
33 33   1  0  0 -9 
33 36   1  3  0 -9 
34  8   1  5  0 -9 
34 12  -1  4  0 -9 
34 14   1  5  0 -9 
34 16   1  2  0 -9 
34 19   1  2  0 -9 
34 21  -1  1  0 -9 
34 22  -1  4  1  2  0 -9 
34 23  -1  3  0 -9 
34 27   1  3  0 -9 
34 29  -1  4  0 -9 
34 34   1  0  0 -9 
34 35  -1  1  0 -9 
34 36   1  2  0 -9 
34 37   1  2  0 -9 
35 14   1  6  0 -9 
35 22  -1  5  0 -9 
35 23   1  6  0 -9 
35 31  -1  4  0 -9 
35 36  -1  5  0 -9 
35 37   1  3  0 -9 
36 23   1  7  0 -9 
36 36  -1  6  0 -9 
37 22  -1  4  0 -9 
37 23   1  5  0 -9 
37 29   1  6  0 -9 
37 31  -1  5  0 -9 
37 35   1  3  0 -9 
37 36  -1  4  0 -9 
38 38  -1  6  0 -9 
39 39   1  0  0 -9 
39 40  -1  1  0 -9 
39 41   1  3  0 -9 
39 42  -1  4  0 -9 
39 43   1  2  0 -9 
39 44   1  5  0 -9 
40 38  -1  4  0 -9 
40 42  -1  5  0 -9 
40 43   1  3  0 -9 
40 44   1  6  0 -9 
41 41  -1  6  0 -9 
42 42  -1  6  0 -9 
42 44   1  7  0 -9 
43 38  -1  5  0 -9 
43 40   1  3  0 -9 
43 42  -1  4  0 -9 
44 44   1  8  0 -9 
45 38   1  2  0 -9 
45 40   1  2  0 -9 
45 43  -1  1  0 -9 
45 44  -1  4  0 -9 
45 45   1  0  0 -9 
45 46   1  3  0 -9 
46 44   1  7  0 -9 
46 46  -1  6  0 -9 
47 38   1  1  0 -9 
47 42   1  2  0 -9 
47 43  -1  0  0 -9 
47 44  -1  3  0 -9 
47 45   1 -1  0 -9 
47 46   1  2  0 -9 
47 47  -1 -2  0 -9 
47 49   1 -1  0 -9 
47 50  -1  0  0 -9 
47 51   1  1  0 -9 
48 41   1  3  0 -9 
48 48   1  0  0 -9 
48 51   1  3  0 -9 
49 42   1  3  0 -9 
49 44  -1  4  0 -9 
49 49   1  0  0 -9 
49 50  -1  1  0 -9 
49 51   1  2  0 -9 
49 52   1  2  0 -9 
50 46  -1  4  0 -9 
50 51  -1  5  0 -9 
50 52   1  3  0 -9 
51 51  -1  6  0 -9 
52 44   1  6  0 -9 
52 46  -1  5  0 -9 
52 50   1  3  0 -9 
52 51  -1  4  0 -9 
53 38   1  3  0 -9 
53 53   1  0  0 -9 
53 54   1  3  0 -9 
54 54  -1  6  0 -9 
55 44   1  5  0 -9 
55 46  -1  4  0 -9 
55 50   1  2  0 -9 
55 52  -1  1  0 -9 
55 54   1  3  0 -9 
55 55   1  0  0 -9 
56  0  -1  5  0 -9 
56  1   1  6  0 -9 
56 57  -1  5  0 -9 
56 58   1  3  0 -9 
56 59  -1  4  0 -9 
56 60   1  6  0 -9 
57 57  -1  6  0 -9 
57 60   1  7  0 -9 
58  0  -1  4  0 -9 
58 56   1  3  0 -9 
58 57  -1  4  0 -9 
58 59  -1  5  0 -9 
58 61   1  6  0 -9 
59 59  -1  6  0 -9 
59 61   1  7  0 -9 
60 60   1  8  0 -9 
61 61   1  8  0 -9 
62  1  -1  4  0 -9 
62  2   1  3  0 -9 
62 56   1  2  0 -9 
62 58  -1  1  0 -9 
62 59  -1  4  1  2  0 -9 
62 60  -1  4  0 -9 
62 61   1  5  0 -9 
62 62   1  0  0 -9 
62 63  -1  1  0 -9 
62 64   1  3  0 -9 
62 65  -1  4  0 -9 
62 66   1  2  0 -9 
62 67   1  5  0 -9 
63 59  -1  5  0 -9 
63 61   1  6  0 -9 
63 65  -1  5  0 -9 
63 66   1  3  0 -9 
63 67   1  6  0 -9 
64 60   1  7  0 -9 
64 64  -1  6  0 -9 
65 61   1  7  0 -9 
65 65  -1  6  0 -9 
65 67   1  7  0 -9 
66 59  -1  4  0 -9 
66 61   1  5  0 -9 
66 63   1  3  0 -9 
66 65  -1  4  0 -9 
67 67   1  8  0 -9 
68 57  -1  4  0 -9 
68 60   1  5  0 -9 
68 69   1  3  0 -9 
68 70  -1  4  0 -9 
69 57  -1  5  0 -9 
69 60   1  6  0 -9 
69 68   1  3  0 -9 
69 70  -1  5  0 -9 
69 71   1  6  0 -9 
70 60   1  7  0 -9 
70 70  -1  6  0 -9 
70 71   1  7  0 -9 
71 71   1  8  0 -9 
72 57   1  1  0 -9 
72 60  -1  2  0 -9 
72 64   1  1  0 -9 
72 69  -1  0  0 -9 
72 70   1  1  0 -9 
72 72  -1 -2  0 -9 
72 73   1 -1  0 -9 
72 74   1 -1  0 -9 
72 75  -1  0  0 -9 
72 76  -1  3  0 -9 
72 78   1  2  0 -9 
72 79  -1  3  0 -9 
72 80   1  4  0 -9 
73 76  -1  4  0 -9 
73 78   1  3  0 -9 
73 79  -1  4  0 -9 
73 80   1  5  0 -9 
74 57   1  2  0 -9 
74 60  -1  3  0 -9 
74 64   1  2  0 -9 
74 68   1  2  0 -9 
74 69  -1  1  0 -9 
74 70  -1  4  1  2  0 -9 
74 71   1  5  0 -9 
74 74   1  0  0 -9 
74 75  -1  1  0 -9 
74 76  -1  4  0 -9 
74 77   1  2  0 -9 
74 80   1  5  0 -9 
75 60   1  6  0 -9 
75 64  -1  5  0 -9 
75 70  -1  5  0 -9 
75 71   1  6  0 -9 
75 76  -1  5  0 -9 
75 77   1  3  0 -9 
75 80   1  6  0 -9 
76 71   1  7  0 -9 
76 76  -1  6  0 -9 
76 80   1  7  0 -9 
77 60   1  5  0 -9 
77 64  -1  4  0 -9 
77 70  -1  4  0 -9 
77 71   1  5  0 -9 
77 75   1  3  0 -9 
77 76  -1  4  0 -9 
78 71   1  6  0 -9 
78 73   1  3  0 -9 
78 76  -1  5  0 -9 
78 79  -1  5  0 -9 
78 80   1  6  0 -9 
79 79  -1  6  0 -9 
79 80   1  7  0 -9 
80 80   1  8  0 -9 
81  0   1  2  0 -9 
81  1  -1  3  0 -9 
81  2   1  2  0 -9 
81 24   1 -1  0 -9 
81 25  -1  0  0 -9 
81 26   1  2  0 -9 
81 27  -1  3  0 -9 
81 29   1  4  0 -9 
81 57   1  2  0 -9 
81 58  -1  0  0 -9 
81 59   1  1  0 -9 
81 60  -1  3  0 -9 
81 62   1 -1  0 -9 
81 63  -1  0  0 -9 
81 64   1  2  0 -9 
81 65  -1  3  0 -9 
81 67   1  4  0 -9 
81 81  -1 -2  0 -9 
81 82   1 -1  0 -9 
81 83   1 -1  0 -9 
81 84  -1  0  0 -9 
81 85  -1  3  0 -9 
81 87   1  2  0 -9 
81 88  -1  3  0 -9 
81 89   1  4  0 -9 
82 27  -1  4  0 -9 
82 29   1  5  0 -9 
82 65  -1  4  0 -9 
82 67   1  5  0 -9 
82 85  -1  4  0 -9 
82 87   1  3  0 -9 
82 88  -1  4  0 -9 
82 89   1  5  0 -9 
83 57   1  3  0 -9 
83 60  -1  4  0 -9 
83 83   1  0  0 -9 
83 84  -1  1  0 -9 
83 85  -1  4  0 -9 
83 86   1  2  0 -9 
83 89   1  5  0 -9 
84 26  -1  4  0 -9 
84 64  -1  4  0 -9 
84 85  -1  5  0 -9 
84 86   1  3  0 -9 
84 89   1  6  0 -9 
85 85  -1  6  0 -9 
85 89   1  7  0 -9 
86 26  -1  5  0 -9 
86 60   1  6  0 -9 
86 64  -1  5  0 -9 
86 84   1  3  0 -9 
86 85  -1  4  0 -9 
87 27  -1  5  0 -9 
87 29   1  6  0 -9 
87 61   1  6  0 -9 
87 65  -1  5  0 -9 
87 67   1  6  0 -9 
87 82   1  3  0 -9 
87 85  -1  5  0 -9 
87 88  -1  5  0 -9 
87 89   1  6  0 -9 
88 29   1  7  0 -9 
88 67   1  7  0 -9 
88 88  -1  6  0 -9 
88 89   1  7  0 -9 
89 89   1  8  0 -9 
90 27   1  1  0 -9 
90 29  -1  2  0 -9 
90 31   1  1  0 -9 
90 59  -1  3  0 -9 
90 61   1  4  0 -9 
90 63   1  2  0 -9 
90 65  -1  3  0 -9 
90 66   1 -1  0 -9 
90 85   1  1  0 -9 
90 87  -1  0  0 -9 
90 88   1  1  0 -9 
90 89  -1  2  0 -9 
90 90  -1 -2  0 -9 
90 92   1 -1  0 -9 
90 93  -1  0  0 -9 
90 94   1  1  0 -9 
91 26   1  2  0 -9 
91 60   1  5  0 -9 
91 64  -1  4  0 -9 
91 84   1  2  0 -9 
91 86  -1  1  0 -9 
91 89  -1  4  0 -9 
91 91   1  0  0 -9 
91 94   1  3  0 -9 
92 27   1  2  0 -9 
92 29  -1  3  0 -9 
92 31   1  2  0 -9 
92 61   1  5  0 -9 
92 65  -1  4  0 -9 
92 67   1  5  0 -9 
92 82   1  2  0 -9 
92 85   1  2  0 -9 
92 87  -1  1  0 -9 
92 88  -1  4  1  2  0 -9 
92 89  -1  3  0 -9 
92 92   1  0  0 -9 
92 93  -1  1  0 -9 
92 94   1  2  0 -9 
92 95   1  2  0 -9 
93 29   1  6  0 -9 
93 31  -1  5  0 -9 
93 67   1  6  0 -9 
93 88  -1  5  0 -9 
93 89   1  6  0 -9 
93 94  -1  5  0 -9 
93 95   1  3  0 -9 
94 89   1  7  0 -9 
94 94  -1  6  0 -9 
95 29   1  5  0 -9 
95 31  -1  4  0 -9 
95 88  -1  4  0 -9 
95 89   1  5  0 -9 
95 93   1  3  0 -9 
95 94  -1  4  0 -9 
96 26   1  1  0 -9 
96 60   1  4  0 -9 
96 64  -1  3  0 -9 
96 70  -1  3  0 -9 
96 71   1  4  0 -9 
96 75   1  2  0 -9 
96 76  -1  3  0 -9 
96 77   1 -1  0 -9 
96 78  -1  0  0 -9 
96 79   1  1  0 -9 
96 85   1  2  0 -9 
96 86  -1  0  0 -9 
96 89  -1  3  0 -9 
96 91   1 -1  0 -9 
96 94   1  2  0 -9 
96 96  -1 -2  0 -9 
96 97   1 -1  0 -9 
96 98  -1  0  0 -9 
97 71   1  5  0 -9 
97 73   1  2  0 -9 
97 76  -1  4  0 -9 
97 78  -1  1  0 -9 
97 79  -1  4  1  2  0 -9 
97 80   1  5  0 -9 
97 85   1  3  0 -9 
97 89  -1  4  0 -9 
97 97   1  0  0 -9 
97 98  -1  1  0 -9 
97 99   1  2  0 -9 
98 79  -1  5  0 -9 
98 80   1  6  0 -9 
98 94  -1  4  0 -9 
98 99   1  3  0 -9 
99 79  -1  4  0 -9 
99 89   1  6  0 -9 
99 94  -1  5  0 -9 
99 98   1  3  0 -9 
100 38   1  3  0 -9 
100 100   1  0  0 -9 
100 101  -1  1  0 -9 
100 102   1  3  0 -9 
100 103  -1  4  0 -9 
100 104   1  2  0 -9 
100 105   1  5  0 -9 
101 103  -1  5  0 -9 
101 104   1  3  0 -9 
101 105   1  6  0 -9 
102 102  -1  6  0 -9 
103 103  -1  6  0 -9 
103 105   1  7  0 -9 
104 101   1  3  0 -9 
104 103  -1  4  0 -9 
105 105   1  8  0 -9 
106 101   1  2  0 -9 
106 104  -1  1  0 -9 
106 105  -1  4  0 -9 
106 106   1  0  0 -9 
106 107   1  3  0 -9 
107 105   1  7  0 -9 
107 107  -1  6  0 -9 
108 38   1  2  0 -9 
108 39   1 -1  0 -9 
108 40  -1  0  0 -9 
108 41   1  2  0 -9 
108 42  -1  3  0 -9 
108 44   1  4  0 -9 
108 100   1 -1  0 -9 
108 101  -1  0  0 -9 
108 102   1  2  0 -9 
108 103  -1  3  0 -9 
108 105   1  4  0 -9 
108 108  -1 -2  0 -9 
108 109   1 -1  0 -9 
108 110   1 -1  0 -9 
108 111  -1  0  0 -9 
108 112  -1  3  0 -9 
108 114   1  2  0 -9 
108 115  -1  3  0 -9 
108 116   1  4  0 -9 
109 42  -1  4  0 -9 
109 44   1  5  0 -9 
109 103  -1  4  0 -9 
109 105   1  5  0 -9 
109 112  -1  4  0 -9 
109 114   1  3  0 -9 
109 115  -1  4  0 -9 
109 116   1  5  0 -9 
110 110   1  0  0 -9 
110 111  -1  1  0 -9 
110 112  -1  4  0 -9 
110 113   1  2  0 -9 
110 116   1  5  0 -9 
111 41  -1  4  0 -9 
111 102  -1  4  0 -9 
111 112  -1  5  0 -9 
111 113   1  3  0 -9 
111 116   1  6  0 -9 
112 112  -1  6  0 -9 
112 116   1  7  0 -9 
113 41  -1  5  0 -9 
113 102  -1  5  0 -9 
113 111   1  3  0 -9 
113 112  -1  4  0 -9 
114 42  -1  5  0 -9 
114 44   1  6  0 -9 
114 103  -1  5  0 -9 
114 105   1  6  0 -9 
114 109   1  3  0 -9 
114 112  -1  5  0 -9 
114 115  -1  5  0 -9 
114 116   1  6  0 -9 
115 44   1  7  0 -9 
115 105   1  7  0 -9 
115 115  -1  6  0 -9 
115 116   1  7  0 -9 
116 116   1  8  0 -9 
117 42   1  1  0 -9 
117 44  -1  2  0 -9 
117 46   1  1  0 -9 
117 103   1  1  0 -9 
117 105  -1  2  0 -9 
117 107   1  1  0 -9 
117 112   1  1  0 -9 
117 114  -1  0  0 -9 
117 115   1  1  0 -9 
117 116  -1  2  0 -9 
117 117  -1 -2  0 -9 
117 119   1 -1  0 -9 
117 120  -1  0  0 -9 
117 121   1  1  0 -9 
118 41   1  2  0 -9 
118 102   1  2  0 -9 
118 111   1  2  0 -9 
118 113  -1  1  0 -9 
118 116  -1  4  0 -9 
118 118   1  0  0 -9 
118 121   1  3  0 -9 
119 42   1  2  0 -9 
119 44  -1  3  0 -9 
119 46   1  2  0 -9 
119 103   1  2  0 -9 
119 105  -1  3  0 -9 
119 107   1  2  0 -9 
119 109   1  2  0 -9 
119 112   1  2  0 -9 
119 114  -1  1  0 -9 
119 115  -1  4  1  2  0 -9 
119 116  -1  3  0 -9 
119 119   1  0  0 -9 
119 120  -1  1  0 -9 
119 121   1  2  0 -9 
119 122   1  2  0 -9 
120 44   1  6  0 -9 
120 46  -1  5  0 -9 
120 105   1  6  0 -9 
120 107  -1  5  0 -9 
120 115  -1  5  0 -9 
120 116   1  6  0 -9 
120 121  -1  5  0 -9 
120 122   1  3  0 -9 
121 116   1  7  0 -9 
121 121  -1  6  0 -9 
122 44   1  5  0 -9 
122 46  -1  4  0 -9 
122 105   1  5  0 -9 
122 107  -1  4  0 -9 
122 115  -1  4  0 -9 
122 116   1  5  0 -9 
122 120   1  3  0 -9 
122 121  -1  4  0 -9 
123 41   1  1  0 -9 
123 102   1  1  0 -9 
123 112   1  2  0 -9 
123 113  -1  0  0 -9 
123 116  -1  3  0 -9 
123 118   1 -1  0 -9 
123 121   1  2  0 -9 
123 123  -1 -2  0 -9 
123 124   1 -1  0 -9 
123 125  -1  0  0 -9 
124 112   1  3  0 -9 
124 116  -1  4  0 -9 
124 124   1  0  0 -9 
124 125  -1  1  0 -9 
124 126   1  2  0 -9 
125 121  -1  4  0 -9 
125 126   1  3  0 -9 
126 116   1  6  0 -9 
126 121  -1  5  0 -9 
126 125   1  3  0 -9 
127 54   1  1  0 -9 
127 103   1  2  0 -9 
127 104  -1  0  0 -9 
127 105  -1  3  0 -9 
127 106   1 -1  0 -9 
127 107   1  2  0 -9 
127 127  -1 -2  0 -9 
127 129   1 -1  0 -9 
127 130  -1  0  0 -9 
127 131   1  1  0 -9 
128 102   1  3  0 -9 
128 128   1  0  0 -9 
128 131   1  3  0 -9 
129 54   1  2  0 -9 
129 103   1  3  0 -9 
129 105  -1  4  0 -9 
129 129   1  0  0 -9 
129 130  -1  1  0 -9 
129 131   1  2  0 -9 
129 132   1  2  0 -9 
130 54  -1  5  0 -9 
130 107  -1  4  0 -9 
130 131  -1  5  0 -9 
130 132   1  3  0 -9 
131 131  -1  6  0 -9 
132 54  -1  4  0 -9 
132 105   1  6  0 -9 
132 107  -1  5  0 -9 
132 130   1  3  0 -9 
132 131  -1  4  0 -9 
133 105   1  5  0 -9 
133 107  -1  4  0 -9 
133 130   1  2  0 -9 
133 132  -1  1  0 -9 
133 133   1  0  0 -9 
134 44   1  4  0 -9 
134 46  -1  3  0 -9 
134 51   1  2  0 -9 
134 52  -1  0  0 -9 
134 54   1  2  0 -9 
134 55   1 -1  0 -9 
134 105   1  4  0 -9 
134 107  -1  3  0 -9 
134 115  -1  3  0 -9 
134 116   1  4  0 -9 
134 120   1  2  0 -9 
134 121  -1  3  0 -9 
134 122   1 -1  0 -9 
134 126  -1  0  0 -9 
134 131   1  2  0 -9 
134 132  -1  0  0 -9 
134 133   1 -1  0 -9 
134 134  -1 -2  0 -9 
134 135   1 -1  0 -9 
135 51   1  3  0 -9 
135 116   1  5  0 -9 
135 121  -1  4  0 -9 
135 125   1  2  0 -9 
135 126  -1  1  0 -9 
135 131   1  3  0 -9 
135 135   1  0  0 -9 
136 102   1  1  0 -9 
136 136  -1 -2  0 -9 
136 137   1 -1  0 -9 
136 138   1 -1  0 -9 
136 139  -1  0  0 -9 
136 140  -1  3  0 -9 
136 142   1  2  0 -9 
136 143  -1  3  0 -9 
136 144   1  4  0 -9 
137 140  -1  4  0 -9 
137 142   1  3  0 -9 
137 143  -1  4  0 -9 
137 144   1  5  0 -9 
138 102   1  2  0 -9 
138 138   1  0  0 -9 
138 139  -1  1  0 -9 
138 140  -1  4  0 -9 
138 141   1  2  0 -9 
138 144   1  5  0 -9 
139 102  -1  5  0 -9 
139 140  -1  5  0 -9 
139 141   1  3  0 -9 
139 144   1  6  0 -9 
140 140  -1  6  0 -9 
140 144   1  7  0 -9 
141 102  -1  4  0 -9 
141 139   1  3  0 -9 
141 140  -1  4  0 -9 
142 137   1  3  0 -9 
142 140  -1  5  0 -9 
142 143  -1  5  0 -9 
142 144   1  6  0 -9 
143 143  -1  6  0 -9 
143 144   1  7  0 -9 
144 144   1  8  0 -9 
145 140   1  1  0 -9 
145 142  -1  0  0 -9 
145 143   1  1  0 -9 
145 144  -1  2  0 -9 
145 145  -1 -2  0 -9 
145 147   1 -1  0 -9 
145 148  -1  0  0 -9 
145 149   1  1  0 -9 
146 139   1  2  0 -9 
146 141  -1  1  0 -9 
146 144  -1  4  0 -9 
146 146   1  0  0 -9 
146 149   1  3  0 -9 
147 137   1  2  0 -9 
147 140   1  2  0 -9 
147 142  -1  1  0 -9 
147 143  -1  4  1  2  0 -9 
147 144  -1  3  0 -9 
147 147   1  0  0 -9 
147 148  -1  1  0 -9 
147 149   1  2  0 -9 
147 150   1  2  0 -9 
148 143  -1  5  0 -9 
148 144   1  6  0 -9 
148 149  -1  5  0 -9 
148 150   1  3  0 -9 
149 144   1  7  0 -9 
149 149  -1  6  0 -9 
150 143  -1  4  0 -9 
150 144   1  5  0 -9 
150 148   1  3  0 -9 
150 149  -1  4  0 -9 
151 102   1  2  0 -9 
151 128   1 -1  0 -9 
151 131   1  2  0 -9 
151 140   1  2  0 -9 
151 141  -1  0  0 -9 
151 144  -1  3  0 -9 
151 146   1 -1  0 -9 
151 149   1  2  0 -9 
151 151  -1 -2  0 -9 
151 152   1 -1  0 -9 
151 153  -1  0  0 -9 
152 140   1  3  0 -9 
152 144  -1  4  0 -9 
152 152   1  0  0 -9 
152 153  -1  1  0 -9 
152 154   1  2  0 -9 
153 131  -1  4  0 -9 
153 149  -1  4  0 -9 
153 154   1  3  0 -9 
154 131  -1  5  0 -9 
154 144   1  6  0 -9 
154 149  -1  5  0 -9 
154 153   1  3  0 -9 
155 131   1  1  0 -9 
155 143  -1  3  0 -9 
155 144   1  4  0 -9 
155 148   1  2  0 -9 
155 149  -1  3  0 -9 
155 150   1 -1  0 -9 
155 154  -1  0  0 -9 
155 155  -1 -2  0 -9 
155 156   1 -1  0 -9 
156 131   1  2  0 -9 
156 144   1  5  0 -9 
156 149  -1  4  0 -9 
156 153   1  2  0 -9 
156 154  -1  1  0 -9 
156 156   1  0  0 -9 
157 38   1  2  0 -9 
157 157   1  0  0 -9 
157 158  -1  1  0 -9 
157 159   1  3  0 -9 
157 160  -1  4  0 -9 
157 161   1  2  0 -9 
157 162   1  5  0 -9 
158 38  -1  5  0 -9 
158 160  -1  5  0 -9 
158 161   1  3  0 -9 
158 162   1  6  0 -9 
159 159  -1  6  0 -9 
160 160  -1  6  0 -9 
160 162   1  7  0 -9 
161 38  -1  4  0 -9 
161 158   1  3  0 -9 
161 160  -1  4  0 -9 
162 162   1  8  0 -9 
163 158   1  2  0 -9 
163 161  -1  1  0 -9 
163 162  -1  4  0 -9 
163 163   1  0  0 -9 
163 164   1  3  0 -9 
164 162   1  7  0 -9 
164 164  -1  6  0 -9 
165 38   1  1  0 -9 
165 157   1 -1  0 -9 
165 158  -1  0  0 -9 
165 159   1  2  0 -9 
165 160  -1  3  0 -9 
165 162   1  4  0 -9 
165 165  -1 -2  0 -9 
165 166   1 -1  0 -9 
165 167   1 -1  0 -9 
165 168  -1  0  0 -9 
165 169  -1  3  0 -9 
165 171   1  2  0 -9 
165 172  -1  3  0 -9 
165 173   1  4  0 -9 
166 160  -1  4  0 -9 
166 162   1  5  0 -9 
166 169  -1  4  0 -9 
166 171   1  3  0 -9 
166 172  -1  4  0 -9 
166 173   1  5  0 -9 
167 167   1  0  0 -9 
167 168  -1  1  0 -9 
167 169  -1  4  0 -9 
167 170   1  2  0 -9 
167 173   1  5  0 -9 
168 159  -1  4  0 -9 
168 169  -1  5  0 -9 
168 170   1  3  0 -9 
168 173   1  6  0 -9 
169 169  -1  6  0 -9 
169 173   1  7  0 -9 
170 159  -1  5  0 -9 
170 168   1  3  0 -9 
170 169  -1  4  0 -9 
171 160  -1  5  0 -9 
171 162   1  6  0 -9 
171 166   1  3  0 -9 
171 169  -1  5  0 -9 
171 172  -1  5  0 -9 
171 173   1  6  0 -9 
172 162   1  7  0 -9 
172 172  -1  6  0 -9 
172 173   1  7  0 -9 
173 173   1  8  0 -9 
174 160   1  1  0 -9 
174 162  -1  2  0 -9 
174 164   1  1  0 -9 
174 169   1  1  0 -9 
174 171  -1  0  0 -9 
174 172   1  1  0 -9 
174 173  -1  2  0 -9 
174 174  -1 -2  0 -9 
174 176   1 -1  0 -9 
174 177  -1  0  0 -9 
174 178   1  1  0 -9 
175 159   1  2  0 -9 
175 168   1  2  0 -9 
175 170  -1  1  0 -9 
175 173  -1  4  0 -9 
175 175   1  0  0 -9 
175 178   1  3  0 -9 
176 160   1  2  0 -9 
176 162  -1  3  0 -9 
176 164   1  2  0 -9 
176 166   1  2  0 -9 
176 169   1  2  0 -9 
176 171  -1  1  0 -9 
176 172  -1  4  1  2  0 -9 
176 173  -1  3  0 -9 
176 176   1  0  0 -9 
176 177  -1  1  0 -9 
176 178   1  2  0 -9 
176 179   1  2  0 -9 
177 162   1  6  0 -9 
177 164  -1  5  0 -9 
177 172  -1  5  0 -9 
177 173   1  6  0 -9 
177 178  -1  5  0 -9 
177 179   1  3  0 -9 
178 173   1  7  0 -9 
178 178  -1  6  0 -9 
179 162   1  5  0 -9 
179 164  -1  4  0 -9 
179 172  -1  4  0 -9 
179 173   1  5  0 -9 
179 177   1  3  0 -9 
179 178  -1  4  0 -9 
180 159   1  1  0 -9 
180 169   1  2  0 -9 
180 170  -1  0  0 -9 
180 173  -1  3  0 -9 
180 175   1 -1  0 -9 
180 178   1  2  0 -9 
180 180  -1 -2  0 -9 
180 181   1 -1  0 -9 
180 182  -1  0  0 -9 
181 169   1  3  0 -9 
181 173  -1  4  0 -9 
181 181   1  0  0 -9 
181 182  -1  1  0 -9 
181 183   1  2  0 -9 
182 178  -1  4  0 -9 
182 183   1  3  0 -9 
183 173   1  6  0 -9 
183 178  -1  5  0 -9 
183 182   1  3  0 -9 
184 38   1  2  0 -9 
184 53   1 -1  0 -9 
184 54   1  2  0 -9 
184 160   1  2  0 -9 
184 161  -1  0  0 -9 
184 162  -1  3  0 -9 
184 163   1 -1  0 -9 
184 164   1  2  0 -9 
184 184  -1 -2  0 -9 
184 186   1 -1  0 -9 
184 187  -1  0  0 -9 
184 188   1  1  0 -9 
185 159   1  3  0 -9 
185 185   1  0  0 -9 
185 188   1  3  0 -9 
186 160   1  3  0 -9 
186 162  -1  4  0 -9 
186 186   1  0  0 -9 
186 187  -1  1  0 -9 
186 188   1  2  0 -9 
186 189   1  2  0 -9 
187 54  -1  4  0 -9 
187 164  -1  4  0 -9 
187 188  -1  5  0 -9 
187 189   1  3  0 -9 
188 188  -1  6  0 -9 
189 54  -1  5  0 -9 
189 162   1  6  0 -9 
189 164  -1  5  0 -9 
189 187   1  3  0 -9 
189 188  -1  4  0 -9 
190 54   1  2  0 -9 
190 162   1  5  0 -9 
190 164  -1  4  0 -9 
190 187   1  2  0 -9 
190 189  -1  1  0 -9 
190 190   1  0  0 -9 
191 54   1  1  0 -9 
191 162   1  4  0 -9 
191 164  -1  3  0 -9 
191 172  -1  3  0 -9 
191 173   1  4  0 -9 
191 177   1  2  0 -9 
191 178  -1  3  0 -9 
191 179   1 -1  0 -9 
191 183  -1  0  0 -9 
191 188   1  2  0 -9 
191 189  -1  0  0 -9 
191 190   1 -1  0 -9 
191 191  -1 -2  0 -9 
191 192   1 -1  0 -9 
192 173   1  5  0 -9 
192 178  -1  4  0 -9 
192 182   1  2  0 -9 
192 183  -1  1  0 -9 
192 188   1  3  0 -9 
192 192   1  0  0 -9 
193 193   1  0  0 -9 
193 194   1  3  0 -9 
194 194  -1  6  0 -9 
195 193   1 -1  0 -9 
195 194   1  2  0 -9 
195 195  -1 -2  0 -9 
195 197   1 -1  0 -9 
195 198  -1  0  0 -9 
195 199   1  1  0 -9 
196 196   1  0  0 -9 
196 199   1  3  0 -9 
197 197   1  0  0 -9 
197 198  -1  1  0 -9 
197 199   1  2  0 -9 
197 200   1  2  0 -9 
198 194  -1  4  0 -9 
198 199  -1  5  0 -9 
198 200   1  3  0 -9 
199 199  -1  6  0 -9 
200 194  -1  5  0 -9 
200 198   1  3  0 -9 
200 199  -1  4  0 -9 
201 194   1  2  0 -9 
201 198   1  2  0 -9 
201 200  -1  1  0 -9 
201 201   1  0  0 -9 
202 194   1  1  0 -9 
202 199   1  2  0 -9 
202 200  -1  0  0 -9 
202 201   1 -1  0 -9 
202 202  -1 -2  0 -9 
202 203   1 -1  0 -9 
203 199   1  3  0 -9 
203 203   1  0  0 -9 
204 194   1  3  0 -9 
204 204   1  0  0 -9 
205 194   1  1  0 -9 
205 205  -1 -2  0 -9 
205 207   1 -1  0 -9 
205 208  -1  0  0 -9 
205 209   1  1  0 -9 
206 206   1  0  0 -9 
206 209   1  3  0 -9 
207 194   1  2  0 -9 
207 207   1  0  0 -9 
207 208  -1  1  0 -9 
207 209   1  2  0 -9 
207 210   1  2  0 -9 
208 194  -1  5  0 -9 
208 209  -1  5  0 -9 
208 210   1  3  0 -9 
209 209  -1  6  0 -9 
210 194  -1  4  0 -9 
210 208   1  3  0 -9 
210 209  -1  4  0 -9 
211 208   1  2  0 -9 
211 210  -1  1  0 -9 
211 211   1  0  0 -9 
212 206   1 -1  0 -9 
212 209   1  2  0 -9 
212 212  -1 -2  0 -9 
212 213   1 -1  0 -9 
212 214  -1  0  0 -9 
213 213   1  0  0 -9 
213 214  -1  1  0 -9 
213 215   1  2  0 -9 
214 209  -1  4  0 -9 
214 215   1  3  0 -9 
215 209  -1  5  0 -9 
215 214   1  3  0 -9 
216 209   1  1  0 -9 
216 215  -1  0  0 -9 
216 216  -1 -2  0 -9 
216 217   1 -1  0 -9 
217 209   1  2  0 -9 
217 214   1  2  0 -9 
217 215  -1  1  0 -9 
217 217   1  0  0 -9 
218 194   1  2  0 -9 
218 204   1 -1  0 -9 
218 209   1  2  0 -9 
218 210  -1  0  0 -9 
218 211   1 -1  0 -9 
218 218  -1 -2  0 -9 
218 219   1 -1  0 -9 
219 209   1  3  0 -9 
219 219   1  0  0 -9 
9999 9999
