 0  0   1  8  0 -9 
 1  0  -1  4  0 -9 
 1  2   1  3  0 -9 
 2  0   1  7  0 -9 
 2  1   1  3  0 -9 
 3  0  -1  3  0 -9 
 3  1  -1  1  0 -9 
 3  2   1  2  0 -9 
 3  3   1  0  0 -9 
 4  0   1  7  0 -9 
 4  4  -1  6  0 -9 
 5  4  -1  4  0 -9 
 5  6   1  3  0 -9 
 6  0   1  6  0 -9 
 6  4  -1  5  0 -9 
 6  5   1  3  0 -9 
 7  0  -1  3  0 -9 
 7  1  -1  1  0 -9 
 7  2   1  2  0 -9 
 7  4   1  2  0 -9 
 7  5   1  2  0 -9 
 7  6  -1  1  0 -9 
 7  7   1  0  0 -9 
 8  0  -1  2  0 -9 
 8  1  -1  0  0 -9 
 8  2   1  1  0 -9 
 8  3   1 -1  0 -9 
 8  4   1  1  0 -9 
 8  6  -1  0  0 -9 
 8  7   1 -1  0 -9 
 8  8  -1 -2  0 -9 
 9 10   1  3  0 -9 
10  9   1  3  0 -9 
11  9  -1  1  0 -9 
11 10   1  2  0 -9 
11 11   1  0  0 -9 
12  9  -1  0  0 -9 
12 11   1 -1  0 -9 
12 12  -1 -2  0 -9 
13 14   1  3  0 -9 
14 13   1  3  0 -9 
15 13  -1  1  0 -9 
15 14   1  2  0 -9 
15 15   1  0  0 -9 
16 13  -1  0  0 -9 
16 15   1 -1  0 -9 
16 16  -1 -2  0 -9 
17  9  -1  1  0 -9 
17 10   1  2  0 -9 
17 13   1  2  0 -9 
17 14  -1  1  0 -9 
17 17   1  0  0 -9 
18  9  -1  0  0 -9 
18 10   1  1  0 -9 
18 11   1 -1  0 -9 
18 14  -1  0  0 -9 
18 17   1 -1  0 -9 
18 18  -1 -2  0 -9 
19 19   1  0  0 -9 
20 19   1 -1  0 -9 
20 20  -1 -2  0 -9 
21 21  -1  6  0 -9 
22 21  -1  4  0 -9 
22 23   1  3  0 -9 
23 21  -1  5  0 -9 
23 22   1  3  0 -9 
24 21   1  2  0 -9 
24 22   1  2  0 -9 
24 23  -1  1  0 -9 
24 24   1  0  0 -9 
25 21   1  1  0 -9 
25 23  -1  0  0 -9 
25 24   1 -1  0 -9 
25 25  -1 -2  0 -9 
26  0   1  5  0 -9 
26  4  -1  4  0 -9 
26  5   1  2  0 -9 
26  6  -1  1  0 -9 
26 21   1  3  0 -9 
26 26   1  0  0 -9 
27 28   1  3  0 -9 
28 27   1  3  0 -9 
29 27  -1  1  0 -9 
29 28   1  2  0 -9 
29 29   1  0  0 -9 
30 27  -1  0  0 -9 
30 29   1 -1  0 -9 
30 30  -1 -2  0 -9 
31 27   1  2  0 -9 
31 28  -1  1  0 -9 
31 31   1  0  0 -9 
32 28  -1  0  0 -9 
32 31   1 -1  0 -9 
32 32  -1 -2  0 -9 
33 13   1  2  0 -9 
33 14  -1  1  0 -9 
33 33   1  0  0 -9 
34 14  -1  0  0 -9 
34 33   1 -1  0 -9 
34 34  -1 -2  0 -9 
35 35  -1 -2  0 -9 
36 37   1  3  0 -9 
37 36   1  3  0 -9 
38 36  -1  1  0 -9 
38 37   1  2  0 -9 
38 38   1  0  0 -9 
39 36  -1  0  0 -9 
39 38   1 -1  0 -9 
39 39  -1 -2  0 -9 
40 40   1  0  0 -9 
41 40   1 -1  0 -9 
41 41  -1 -2  0 -9 
42 43   1  3  0 -9 
43 42   1  3  0 -9 
44 42  -1  1  0 -9 
44 43   1  2  0 -9 
44 44   1  0  0 -9 
45 42  -1  0  0 -9 
45 44   1 -1  0 -9 
45 45  -1 -2  0 -9 
46 36  -1  1  0 -9 
46 37   1  2  0 -9 
46 42   1  2  0 -9 
46 43  -1  1  0 -9 
46 46   1  0  0 -9 
47 36  -1  0  0 -9 
47 37   1  1  0 -9 
47 38   1 -1  0 -9 
47 43  -1  0  0 -9 
47 46   1 -1  0 -9 
47 47  -1 -2  0 -9 
48 48   1  0  0 -9 
49 48   1 -1  0 -9 
49 49  -1 -2  0 -9 
50 40   1 -1  0 -9 
50 50  -1 -2  0 -9 
51 52   1  3  0 -9 
52 51   1  3  0 -9 
53 51  -1  1  0 -9 
53 52   1  2  0 -9 
53 53   1  0  0 -9 
54 51  -1  0  0 -9 
54 53   1 -1  0 -9 
54 54  -1 -2  0 -9 
55 51   1  2  0 -9 
55 52  -1  1  0 -9 
55 55   1  0  0 -9 
56 52  -1  0  0 -9 
56 55   1 -1  0 -9 
56 56  -1 -2  0 -9 
57 57   1  0  0 -9 
58 57   1 -1  0 -9 
58 58  -1 -2  0 -9 
59 59  -1 -2  0 -9 
60 42   1  2  0 -9 
60 43  -1  1  0 -9 
60 60   1  0  0 -9 
61 43  -1  0  0 -9 
61 60   1 -1  0 -9 
61 61  -1 -2  0 -9 
62 62  -1 -2  0 -9 
63 63   1  0  0 -9 
64 63   1 -1  0 -9 
64 64  -1 -2  0 -9 
65 65  -1 -2  0 -9 
66 66  -1  6  0 -9 
67 66  -1  4  0 -9 
67 68   1  3  0 -9 
68 66  -1  5  0 -9 
68 67   1  3  0 -9 
69 66   1  2  0 -9 
69 67   1  2  0 -9 
69 68  -1  1  0 -9 
69 69   1  0  0 -9 
70 66   1  1  0 -9 
70 68  -1  0  0 -9 
70 69   1 -1  0 -9 
70 70  -1 -2  0 -9 
71 66   1  3  0 -9 
71 71   1  0  0 -9 
72 73   1  3  0 -9 
73 72   1  3  0 -9 
74 72  -1  1  0 -9 
74 73   1  2  0 -9 
74 74   1  0  0 -9 
75 72  -1  0  0 -9 
75 74   1 -1  0 -9 
75 75  -1 -2  0 -9 
76 72   1  2  0 -9 
76 73  -1  1  0 -9 
76 76   1  0  0 -9 
77 73  -1  0  0 -9 
77 76   1 -1  0 -9 
77 77  -1 -2  0 -9 
78 78   1  0  0 -9 
79 78   1 -1  0 -9 
79 79  -1 -2  0 -9 
80 80  -1 -2  0 -9 
81 21   1  3  0 -9 
81 81   1  0  0 -9 
82 82   1  0  0 -9 
83 82   1 -1  0 -9 
83 83  -1 -2  0 -9 
84 85   1  3  0 -9 
85 84   1  3  0 -9 
86 84  -1  1  0 -9 
86 85   1  2  0 -9 
86 86   1  0  0 -9 
87 84  -1  0  0 -9 
87 86   1 -1  0 -9 
87 87  -1 -2  0 -9 
88 84   1  2  0 -9 
88 85  -1  1  0 -9 
88 88   1  0  0 -9 
89 85  -1  0  0 -9 
89 88   1 -1  0 -9 
89 89  -1 -2  0 -9 
90 90   1  0  0 -9 
91 90   1 -1  0 -9 
91 91  -1 -2  0 -9 
92 92  -1 -2  0 -9 
93 93   1  0  0 -9 
94 93   1 -1  0 -9 
94 94  -1 -2  0 -9 
95 95  -1 -2  0 -9 
96 96   1  0  0 -9 
97 96   1 -1  0 -9 
97 97  -1 -2  0 -9 
98 98  -1 -2  0 -9 
99 99  -1 -2  0 -9 
9999 9999
