 0  5  -1  5  0 -9 
 0 20   1  3  0 -9 
 0 26   1  6  0 -9 
 1  0  -1  1  0 -9 
 1  1   1  0  0 -9 
 1  3  -1  1  0 -9 
 1  5  -1  4  0 -9 
 1  6   1  3  0 -9 
 1 14  -1  4  0 -9 
 1 20   1  2  0 -9 
 1 21  -1  1  0 -9 
 1 23   1  2  0 -9 
 1 26   1  5  0 -9 
 1 27  -1  4  0 -9 
 1 44   1  2  0 -9 
 1 46  -1  3  0 -9 
 1 49   1  5  0 -9 
 2  2   1  0  0 -9 
 2  4  -1  1  0 -9 
 2  7   1  3  0 -9 
 2 15  -1  4  0 -9 
 2 22  -1  1  0 -9 
 2 24   1  2  0 -9 
 2 28  -1  4  0 -9 
 2 45   1  2  0 -9 
 2 47  -1  3  0 -9 
 2 50   1  5  0 -9 
 3 14  -1  5  0 -9 
 3 44   1  3  0 -9 
 3 46  -1  4  0 -9 
 3 49   1  6  0 -9 
 4 15  -1  5  0 -9 
 4 45   1  3  0 -9 
 4 47  -1  4  0 -9 
 4 50   1  6  0 -9 
 5  5  -1  6  0 -9 
 5 26   1  7  0 -9 
 6  6  -1  6  0 -9 
 6 27   1  7  0 -9 
 7  7  -1  6  0 -9 
 7 28   1  7  0 -9 
 8  8  -1  6  0 -9 
 8 29   1  7  0 -9 
 9  9  -1  6  0 -9 
 9 30   1  7  0 -9 
10 10  -1  6  0 -9 
10 31   1  7  0 -9 
11 11  -1  6  0 -9 
11 32   1  7  0 -9 
12 12  -1  6  0 -9 
12 33   1  7  0 -9 
13 13  -1  6  0 -9 
13 34   1  7  0 -9 
14 14  -1  6  0 -9 
14 49   1  7  0 -9 
15 15  -1  6  0 -9 
15 50   1  7  0 -9 
16 16  -1  6  0 -9 
16 51   1  7  0 -9 
17 17  -1  6  0 -9 
17 52   1  7  0 -9 
18 18  -1  6  0 -9 
18 53   1  7  0 -9 
19 19  -1  6  0 -9 
19 54   1  7  0 -9 
20  0   1  3  0 -9 
20  5  -1  4  0 -9 
21 23   1  3  0 -9 
21 35  -1  4  0 -9 
21 46  -1  4  0 -9 
21 55   1  5  0 -9 
22 24   1  3  0 -9 
22 36  -1  4  0 -9 
22 47  -1  4  0 -9 
22 56   1  5  0 -9 
23 21   1  3  0 -9 
23 27   1  6  0 -9 
23 35  -1  5  0 -9 
23 46  -1  5  0 -9 
23 55   1  6  0 -9 
24 22   1  3  0 -9 
24 28   1  6  0 -9 
24 36  -1  5  0 -9 
24 47  -1  5  0 -9 
24 56   1  6  0 -9 
25 37  -1  5  0 -9 
25 47  -1  4  0 -9 
25 48   1  3  0 -9 
25 57   1  6  0 -9 
26 26   1  8  0 -9 
27 27   1  8  0 -9 
28 28   1  8  0 -9 
29 29   1  8  0 -9 
30 30   1  8  0 -9 
31 31   1  8  0 -9 
32 32   1  8  0 -9 
33 33   1  8  0 -9 
34 34   1  8  0 -9 
35 27   1  7  0 -9 
35 35  -1  6  0 -9 
35 55   1  7  0 -9 
36 28   1  7  0 -9 
36 36  -1  6  0 -9 
36 56   1  7  0 -9 
37 37  -1  6  0 -9 
37 57   1  7  0 -9 
38 31   1  7  0 -9 
38 38  -1  6  0 -9 
38 58   1  7  0 -9 
39 32   1  7  0 -9 
39 39  -1  6  0 -9 
39 59   1  7  0 -9 
40 33   1  7  0 -9 
40 40  -1  6  0 -9 
40 60   1  7  0 -9 
41 34   1  7  0 -9 
41 41  -1  6  0 -9 
41 61   1  7  0 -9 
42 42  -1  6  0 -9 
42 62   1  7  0 -9 
43 43  -1  6  0 -9 
43 63   1  7  0 -9 
44  3   1  3  0 -9 
44 14  -1  4  0 -9 
44 46  -1  5  0 -9 
44 55   1  6  0 -9 
45  4   1  3  0 -9 
45 15  -1  4  0 -9 
45 47  -1  5  0 -9 
45 56   1  6  0 -9 
46 46  -1  6  0 -9 
46 55   1  7  0 -9 
47 47  -1  6  0 -9 
47 56   1  7  0 -9 
48 25   1  3  0 -9 
48 37  -1  4  0 -9 
48 47  -1  5  0 -9 
48 56   1  6  0 -9 
49 49   1  8  0 -9 
50 50   1  8  0 -9 
51 51   1  8  0 -9 
52 52   1  8  0 -9 
53 53   1  8  0 -9 
54 54   1  8  0 -9 
55 55   1  8  0 -9 
56 56   1  8  0 -9 
57 57   1  8  0 -9 
58 58   1  8  0 -9 
59 59   1  8  0 -9 
60 60   1  8  0 -9 
61 61   1  8  0 -9 
62 62   1  8  0 -9 
63 63   1  8  0 -9 
9999 9999
