 0  0  -1  6  0 -9 
 0  1   1  7  0 -9 
 1  1   1  8  0 -9 
 2  0  -1  5  0 -9 
 2  1   1  6  0 -9 
 2  3  -1  5  0 -9 
 2  4   1  3  0 -9 
 2  5  -1  4  0 -9 
 2  6   1  6  0 -9 
 3  1   1  7  0 -9 
 3  3  -1  6  0 -9 
 3  6   1  7  0 -9 
 4  0  -1  4  0 -9 
 4  1   1  5  0 -9 
 4  2   1  3  0 -9 
 4  3  -1  4  0 -9 
 4  5  -1  5  0 -9 
 4  7   1  6  0 -9 
 5  5  -1  6  0 -9 
 5  7   1  7  0 -9 
 6  6   1  8  0 -9 
 7  7   1  8  0 -9 
 8  3  -1  4  0 -9 
 8  6   1  5  0 -9 
 8  9   1  3  0 -9 
 8 10  -1  4  0 -9 
 9  1   1  6  0 -9 
 9  3  -1  5  0 -9 
 9  6   1  6  0 -9 
 9  8   1  3  0 -9 
 9 10  -1  5  0 -9 
 9 11   1  6  0 -9 
10  6   1  7  0 -9 
10 10  -1  6  0 -9 
10 11   1  7  0 -9 
11 11   1  8  0 -9 
12  0  -1  3  0 -9 
12  1   1  4  0 -9 
12  2   1  2  0 -9 
12  3  -1  3  0 -9 
12  4   1 -1  0 -9 
12  5  -1  4 -1  0  0 -9 
12  7   1  5  0 -9 
12  9  -1  0  0 -9 
12 10   1  1  0 -9 
12 12  -1 -2  0 -9 
12 13   1 -1  0 -9 
12 14   1 -1  0 -9 
12 15  -1  0  0 -9 
12 16  -1  3  0 -9 
12 18   1  2  0 -9 
12 19  -1  3  0 -9 
12 20   1  4  0 -9 
13  5  -1  5  0 -9 
13  7   1  6  0 -9 
13 16  -1  4  0 -9 
13 18   1  3  0 -9 
13 19  -1  4  0 -9 
13 20   1  5  0 -9 
14  1   1  5  0 -9 
14  3  -1  4  0 -9 
14  6   1  5  0 -9 
14  8   1  2  0 -9 
14  9  -1  1  0 -9 
14 10  -1  4  1  2  0 -9 
14 11   1  5  0 -9 
14 14   1  0  0 -9 
14 15  -1  1  0 -9 
14 16  -1  4  0 -9 
14 17   1  2  0 -9 
14 20   1  5  0 -9 
15  6   1  6  0 -9 
15 10  -1  5  0 -9 
15 11   1  6  0 -9 
15 16  -1  5  0 -9 
15 17   1  3  0 -9 
15 20   1  6  0 -9 
16 11   1  7  0 -9 
16 16  -1  6  0 -9 
16 20   1  7  0 -9 
17 10  -1  4  0 -9 
17 11   1  5  0 -9 
17 15   1  3  0 -9 
17 16  -1  4  0 -9 
18  5  -1  4  0 -9 
18 11   1  6  0 -9 
18 13   1  3  0 -9 
18 16  -1  5  0 -9 
18 19  -1  5  0 -9 
18 20   1  6  0 -9 
19 19  -1  6  0 -9 
19 20   1  7  0 -9 
20 20   1  8  0 -9 
21 21  -1  6  0 -9 
21 22   1  7  0 -9 
22 22   1  8  0 -9 
23 21  -1  4  0 -9 
23 24  -1  5  0 -9 
23 25   1  3  0 -9 
23 26  -1  4  0 -9 
23 27   1  6  0 -9 
24 24  -1  6  0 -9 
24 27   1  7  0 -9 
25 21  -1  5  0 -9 
25 22   1  6  0 -9 
25 23   1  3  0 -9 
25 24  -1  4  0 -9 
25 26  -1  5  0 -9 
25 28   1  6  0 -9 
26 26  -1  6  0 -9 
26 28   1  7  0 -9 
27 27   1  8  0 -9 
28 28   1  8  0 -9 
29 26  -1  4  0 -9 
29 28   1  5  0 -9 
29 30   1  3  0 -9 
29 32  -1  4  0 -9 
30 26  -1  5  0 -9 
30 28   1  6  0 -9 
30 29   1  3  0 -9 
30 31   1  6  0 -9 
30 32  -1  5  0 -9 
31 31   1  8  0 -9 
32 28   1  7  0 -9 
32 31   1  7  0 -9 
32 32  -1  6  0 -9 
33  0  -1  4  0 -9 
33  1   1  5  0 -9 
33  3  -1  4  0 -9 
33  6   1  5  0 -9 
33 22  -1  4  0 -9 
33 24  -1  4  0 -9 
33 27   1  5  0 -9 
33 34   1  3  0 -9 
33 35  -1  4  0 -9 
34  0  -1  5  0 -9 
34  1   1  6  0 -9 
34  3  -1  5  0 -9 
34  6   1  6  0 -9 
34 22   1  7  0 -9 
34 24  -1  5  0 -9 
34 27   1  6  0 -9 
34 33   1  3  0 -9 
34 35  -1  5  0 -9 
34 36   1  6  0 -9 
35  6   1  7  0 -9 
35 27   1  7  0 -9 
35 35  -1  6  0 -9 
35 36   1  7  0 -9 
36 36   1  8  0 -9 
37  0  -1  3  0 -9 
37  1   1  4  0 -9 
37  2   1  2  0 -9 
37  3  -1  3  0 -9 
37  4  -1  1  0 -9 
37  5  -1  4  1  2  0 -9 
37  7   1  5  0 -9 
37 22  -1  3  0 -9 
37 24  -1  3  0 -9 
37 27   1  4  0 -9 
37 31  -1  3  0 -9 
37 33  -1  1  0 -9 
37 34   1  2  0 -9 
37 35  -1  3  0 -9 
37 37   1  0  0 -9 
37 38  -1  1  0 -9 
37 39  -1  1  0 -9 
37 40   1  2  0 -9 
37 41  -1  3  0 -9 
37 42  -1  3  0 -9 
37 43   1  2  0 -9 
37 44   1  4  0 -9 
38  5  -1  5  0 -9 
38  7   1  6  0 -9 
38 41  -1  4  0 -9 
38 42  -1  4  0 -9 
38 43   1  3  0 -9 
38 44   1  5  0 -9 
39 24  -1  4  0 -9 
39 27   1  5  0 -9 
39 31  -1  4  0 -9 
39 35  -1  4  0 -9 
39 36   1  5  0 -9 
39 40   1  3  0 -9 
39 41  -1  4  0 -9 
39 42  -1  4  0 -9 
39 44   1  5  0 -9 
40  6   1  6  0 -9 
40 24  -1  5  0 -9 
40 27   1  6  0 -9 
40 31   1  7  0 -9 
40 35  -1  5  0 -9 
40 36   1  6  0 -9 
40 39   1  3  0 -9 
40 41  -1  5  0 -9 
40 42  -1  5  0 -9 
40 44   1  6  0 -9 
41 36   1  7  0 -9 
41 41  -1  6  0 -9 
41 44   1  7  0 -9 
42 42  -1  6  0 -9 
42 44   1  7  0 -9 
43  5  -1  4  0 -9 
43 36   1  6  0 -9 
43 38   1  3  0 -9 
43 41  -1  5  0 -9 
43 42  -1  5  0 -9 
43 44   1  6  0 -9 
44 44   1  8  0 -9 
45 21  -1  5  0 -9 
45 22   1  6  0 -9 
45 46  -1  5  0 -9 
45 47   1  3  0 -9 
45 48  -1  4  0 -9 
45 49   1  6  0 -9 
46 22   1  7  0 -9 
46 46  -1  6  0 -9 
46 49   1  7  0 -9 
47 21  -1  4  0 -9 
47 22   1  5  0 -9 
47 45   1  3  0 -9 
47 46  -1  4  0 -9 
47 48  -1  5  0 -9 
47 50   1  6  0 -9 
48 48  -1  6  0 -9 
48 50   1  7  0 -9 
49 49   1  8  0 -9 
50 50   1  8  0 -9 
51 21  -1  3  0 -9 
51 23  -1  1  0 -9 
51 24  -1  4  0 -9 
51 25   1  2  0 -9 
51 26  -1  3  0 -9 
51 27   1  5  0 -9 
51 29  -1  1  0 -9 
51 30   1  2  0 -9 
51 31  -1  4  0 -9 
51 45   1  2  0 -9 
51 47  -1  1  0 -9 
51 48  -1  4  1  2  0 -9 
51 49  -1  4  0 -9 
51 50   1  5  0 -9 
51 51   1  0  0 -9 
51 52  -1  1  0 -9 
51 53   1  3  0 -9 
51 54  -1  4  0 -9 
51 55   1  2  0 -9 
51 56   1  5  0 -9 
52 48  -1  5  0 -9 
52 50   1  6  0 -9 
52 54  -1  5  0 -9 
52 55   1  3  0 -9 
52 56   1  6  0 -9 
53 31   1  7  0 -9 
53 49   1  7  0 -9 
53 53  -1  6  0 -9 
54 50   1  7  0 -9 
54 54  -1  6  0 -9 
54 56   1  7  0 -9 
55 48  -1  4  0 -9 
55 50   1  5  0 -9 
55 52   1  3  0 -9 
55 54  -1  4  0 -9 
56 56   1  8  0 -9 
57 46  -1  4  0 -9 
57 49   1  5  0 -9 
57 58   1  3  0 -9 
57 59  -1  4  0 -9 
58 22   1  6  0 -9 
58 46  -1  5  0 -9 
58 49   1  6  0 -9 
58 57   1  3  0 -9 
58 59  -1  5  0 -9 
58 60   1  6  0 -9 
59 49   1  7  0 -9 
59 59  -1  6  0 -9 
59 60   1  7  0 -9 
60 60   1  8  0 -9 
61  0  -1  2  0 -9 
61  1   1  3  0 -9 
61  2   1  1  0 -9 
61  3  -1  2 -1  0  0 -9 
61  4  -1  0  0 -9 
61  5  -1  3  1  1  0 -9 
61  6   1  1  0 -9 
61  7   1  4  0 -9 
61 22  -1  2  0 -9 
61 24  -1  2 -1  0  0 -9 
61 27   1  3  0 -9 
61 31  -1  2  0 -9 
61 33  -1  0  0 -9 
61 34   1  1  0 -9 
61 35  -1  2  0 -9 
61 37   1 -1  0 -9 
61 38  -1  0  0 -9 
61 39  -1  0  0 -9 
61 40   1  1  0 -9 
61 46   1  1  0 -9 
61 49  -1  2  0 -9 
61 53   1  1  0 -9 
61 58  -1  0  0 -9 
61 59   1  1  0 -9 
61 61  -1 -2  0 -9 
61 62   1 -1  0 -9 
61 63   1 -1  0 -9 
61 64  -1  0  0 -9 
61 65  -1  3  0 -9 
61 67   1  2  0 -9 
61 68  -1  3  0 -9 
61 69   1  4  0 -9 
62  5  -1  4  0 -9 
62  7   1  5  0 -9 
62 65  -1  4  0 -9 
62 67   1  3  0 -9 
62 68  -1  4  0 -9 
62 69   1  5  0 -9 
63  0  -1  3  0 -9 
63  1   1  6  1  4  0 -9 
63  2   1  2  0 -9 
63  3  -1  5 -1  3 -1  1  0 -9 
63  4  -1  1  0 -9 
63  5  -1  4  1  2  0 -9 
63  6   1  6  1  2  0 -9 
63  7   1  5  0 -9 
63 22  -1  3  0 -9 
63 24  -1  5 -1  3 -1  1  0 -9 
63 27   1  6  1  4  0 -9 
63 31  -1  3  0 -9 
63 33  -1  1  0 -9 
63 34   1  2  0 -9 
63 35  -1  3  0 -9 
63 39  -1  1  0 -9 
63 40   1  2  0 -9 
63 42  -1  3  0 -9 
63 46   1  2  0 -9 
63 49  -1  3  0 -9 
63 53   1  2  0 -9 
63 57   1  2  0 -9 
63 58  -1  1  0 -9 
63 59  -1  4  1  2  0 -9 
63 60   1  5  0 -9 
63 63   1  0  0 -9 
63 64  -1  1  0 -9 
63 65  -1  4  0 -9 
63 66   1  2  0 -9 
63 69   1  5  0 -9 
64  5  -1  5  0 -9 
64  6   1  7  0 -9 
64  7   1  6  0 -9 
64 31   1  6  0 -9 
64 42  -1  4  0 -9 
64 49   1  6  0 -9 
64 53  -1  5  0 -9 
64 59  -1  5  0 -9 
64 60   1  6  0 -9 
64 65  -1  5  0 -9 
64 66   1  3  0 -9 
64 69   1  6  0 -9 
65  7   1  7  0 -9 
65 60   1  7  0 -9 
65 65  -1  6  0 -9 
65 69   1  7  0 -9 
66  5  -1  4  0 -9 
66  6  -1  4  0 -9 
66  7   1  5  0 -9 
66 42  -1  5  0 -9 
66 44   1  6  0 -9 
66 49   1  5  0 -9 
66 53  -1  4  0 -9 
66 59  -1  4  0 -9 
66 60   1  5  0 -9 
66 64   1  3  0 -9 
66 65  -1  4  0 -9 
67  5  -1  5  0 -9 
67  7   1  6  0 -9 
67 60   1  6  0 -9 
67 62   1  3  0 -9 
67 65  -1  5  0 -9 
67 68  -1  5  0 -9 
67 69   1  6  0 -9 
68 68  -1  6  0 -9 
68 69   1  7  0 -9 
69 69   1  8  0 -9 
70 21  -1  3  0 -9 
70 23  -1  1  0 -9 
70 24  -1  4  1  2  0 -9 
70 25   1  2  0 -9 
70 26  -1  3  0 -9 
70 27   1  5  0 -9 
70 29  -1  1  0 -9 
70 30   1  2  0 -9 
70 32  -1  3  0 -9 
70 45   1  2  0 -9 
70 46  -1  3  0 -9 
70 47  -1  1  0 -9 
70 48  -1  4  1  2  0 -9 
70 50   1  5  0 -9 
70 57  -1  1  0 -9 
70 58   1  2  0 -9 
70 59  -1  3  0 -9 
70 70   1  0  0 -9 
70 71  -1  1  0 -9 
70 72  -1  1  0 -9 
70 73   1  2  0 -9 
70 74  -1  3  0 -9 
70 75  -1  3  0 -9 
70 76   1  2  0 -9 
70 77   1  4  0 -9 
71 31   1  5  0 -9 
71 32  -1  4  0 -9 
71 48  -1  5  0 -9 
71 50   1  6  0 -9 
71 74  -1  4  0 -9 
71 75  -1  4  0 -9 
71 76   1  3  0 -9 
71 77   1  5  0 -9 
72 24  -1  5  0 -9 
72 27   1  6  0 -9 
72 59  -1  4  0 -9 
72 60   1  5  0 -9 
72 73   1  3  0 -9 
72 74  -1  4  0 -9 
72 75  -1  4  0 -9 
72 77   1  5  0 -9 
73 24  -1  4  0 -9 
73 31   1  6  0 -9 
73 49   1  6  0 -9 
73 59  -1  5  0 -9 
73 60   1  6  0 -9 
73 72   1  3  0 -9 
73 74  -1  5  0 -9 
73 75  -1  5  0 -9 
73 77   1  6  0 -9 
74 60   1  7  0 -9 
74 74  -1  6  0 -9 
74 77   1  7  0 -9 
75 31   1  7  0 -9 
75 75  -1  6  0 -9 
75 77   1  7  0 -9 
76 28   1  6  0 -9 
76 31   1  6  0 -9 
76 32  -1  5  0 -9 
76 48  -1  4  0 -9 
76 60   1  6  0 -9 
76 71   1  3  0 -9 
76 74  -1  5  0 -9 
76 75  -1  5  0 -9 
76 77   1  6  0 -9 
77 77   1  8  0 -9 
78 21  -1  2  0 -9 
78 23  -1  0  0 -9 
78 24  -1  3  0 -9 
78 25   1  1  0 -9 
78 26  -1  2  0 -9 
78 27   1  4  0 -9 
78 29  -1  0  0 -9 
78 30   1  1  0 -9 
78 31  -1  3  0 -9 
78 45   1  1  0 -9 
78 47  -1  0  0 -9 
78 48  -1  3  1  1  0 -9 
78 49  -1  3  0 -9 
78 50   1  4  0 -9 
78 51   1 -1  0 -9 
78 52  -1  0  0 -9 
78 53   1  2  0 -9 
78 54  -1  3  0 -9 
78 56   1  4  0 -9 
78 57  -1  0  0 -9 
78 60  -1  3  0 -9 
78 70   1 -1  0 -9 
78 71  -1  0  0 -9 
78 72  -1  0  0 -9 
78 73   1  1  0 -9 
78 78  -1 -2  0 -9 
78 79   1 -1  0 -9 
78 80   1 -1  0 -9 
78 81  -1  0  0 -9 
78 82  -1  3  0 -9 
78 84   1  2  0 -9 
78 85  -1  3  0 -9 
78 86   1  4  0 -9 
79 48  -1  4  0 -9 
79 50   1  5  0 -9 
79 54  -1  4  0 -9 
79 56   1  5  0 -9 
79 60  -1  4  0 -9 
79 82  -1  4  0 -9 
79 84   1  3  0 -9 
79 85  -1  4  0 -9 
79 86   1  5  0 -9 
80 24  -1  4  0 -9 
80 27   1  5  0 -9 
80 59  -1  3  0 -9 
80 72  -1  1  0 -9 
80 73   1  2  0 -9 
80 75  -1  3  0 -9 
80 80   1  0  0 -9 
80 81  -1  1  0 -9 
80 82  -1  4  0 -9 
80 83   1  2  0 -9 
80 86   1  5  0 -9 
81 31   1  5  0 -9 
81 49   1  5  0 -9 
81 53  -1  4  0 -9 
81 59  -1  4  0 -9 
81 75  -1  4  0 -9 
81 82  -1  5  0 -9 
81 83   1  3  0 -9 
81 86   1  6  0 -9 
82 82  -1  6  0 -9 
82 86   1  7  0 -9 
83 31   1  6  0 -9 
83 49   1  6  0 -9 
83 53  -1  5  0 -9 
83 59  -1  5  0 -9 
83 60   1  6  0 -9 
83 75  -1  5  0 -9 
83 77   1  6  0 -9 
83 81   1  3  0 -9 
83 82  -1  4  0 -9 
84 48  -1  5  0 -9 
84 50   1  6  0 -9 
84 54  -1  5  0 -9 
84 56   1  6  0 -9 
84 60   1  7  0 -9 
84 79   1  3  0 -9 
84 82  -1  5  0 -9 
84 85  -1  5  0 -9 
84 86   1  6  0 -9 
85 56   1  7  0 -9 
85 85  -1  6  0 -9 
85 86   1  7  0 -9 
86 86   1  8  0 -9 
87 26  -1  3  0 -9 
87 28   1  4  0 -9 
87 29   1 -1  0 -9 
87 30   1  2  0 -9 
87 32  -1  3  0 -9 
87 55  -1  0  0 -9 
87 60  -1  2  0 -9 
87 74   1  1  0 -9 
87 75   1  1  0 -9 
87 76  -1  0  0 -9 
87 77  -1  2  0 -9 
87 79  -1  0  0 -9 
87 82  -1  2 -1  0  0 -9 
87 84   1  1  0 -9 
87 85  -1  2  0 -9 
87 86   1  3  0 -9 
87 87  -1 -2  0 -9 
87 88  -1  0  0 -9 
87 89   1 -1  0 -9 
87 90   1  1  0 -9 
87 91   1 -1  0 -9 
87 93  -1  0  0 -9 
87 94   1  1  0 -9 
87 95  -1  2  0 -9 
88 31   1  6  0 -9 
88 75  -1  5  0 -9 
88 77   1  6  0 -9 
88 90  -1  5  0 -9 
88 92   1  3  0 -9 
88 95   1  6  0 -9 
89 28   1  5  0 -9 
89 31   1  5  0 -9 
89 32  -1  4  0 -9 
89 48  -1  3  0 -9 
89 60  -1  3  0 -9 
89 71   1  2  0 -9 
89 74   1  2  0 -9 
89 75  -1  4  1  2  0 -9 
89 76  -1  1  0 -9 
89 77  -1  3  0 -9 
89 79  -1  1  0 -9 
89 82  -1  5 -1  3 -1  1  0 -9 
89 84   1  2  0 -9 
89 85  -1  3  0 -9 
89 86   1  6  1  4  0 -9 
89 88  -1  1  0 -9 
89 89   1  0  0 -9 
89 90   1  2  0 -9 
89 92   1  2  0 -9 
89 93  -1  1  0 -9 
89 94   1  2  0 -9 
89 95  -1  3  0 -9 
90 77   1  7  0 -9 
90 90  -1  6  0 -9 
90 95   1  7  0 -9 
91 48  -1  3  0 -9 
91 50   1  4  0 -9 
91 52   1  2  0 -9 
91 54  -1  3  0 -9 
91 55  -1  1  0 -9 
91 60  -1  3  0 -9 
91 79  -1  1  0 -9 
91 82  -1  3  0 -9 
91 84   1  2  0 -9 
91 85  -1  3  0 -9 
91 86   1  4  0 -9 
91 91   1  0  0 -9 
91 93  -1  1  0 -9 
91 94   1  2  0 -9 
91 95  -1  3  0 -9 
92 75  -1  4  0 -9 
92 77   1  5  0 -9 
92 88   1  3  0 -9 
92 90  -1  4  0 -9 
93 82  -1  4  0 -9 
93 85  -1  4  0 -9 
93 86   1  5  0 -9 
93 94   1  3  0 -9 
93 95  -1  4  0 -9 
94 56   1  6  0 -9 
94 82  -1  5  0 -9 
94 85  -1  5  0 -9 
94 86   1  6  0 -9 
94 93   1  3  0 -9 
94 95   1  7  0 -9 
95 95   1  8  0 -9 
96 24  -1  3  0 -9 
96 27   1  4  0 -9 
96 31  -1  3  0 -9 
96 35  -1  3  0 -9 
96 36   1  4  0 -9 
96 39   1 -1  0 -9 
96 40   1  2  0 -9 
96 41  -1  3  0 -9 
96 42  -1  3  1  1  0 -9 
96 43  -1  0  0 -9 
96 44   1  4  0 -9 
96 60  -1  3  0 -9 
96 62  -1  0  0 -9 
96 66  -1  0  0 -9 
96 67   1  1  0 -9 
96 68  -1  2  0 -9 
96 72  -1  0  0 -9 
96 74   1  2  0 -9 
96 77  -1  3  0 -9 
96 80   1 -1  0 -9 
96 81  -1  0  0 -9 
96 82  -1  3  0 -9 
96 83   1  1  0 -9 
96 86   1  4  0 -9 
96 92  -1  0  0 -9 
96 96  -1 -2  0 -9 
96 97  -1  0  0 -9 
96 98   1 -1  0 -9 
96 99   1 -1  0 -9 
96 100  -1  0  0 -9 
96 101   1  1  0 -9 
96 102   1  1  0 -9 
96 103  -1  2  0 -9 
97 42  -1  5  0 -9 
97 44   1  6  0 -9 
97 90  -1  4  0 -9 
97 95   1  5  0 -9 
97 102   1  3  0 -9 
97 103  -1  4  0 -9 
98  5  -1  3  0 -9 
98 36   1  5  0 -9 
98 38   1  2  0 -9 
98 41  -1  4  0 -9 
98 42  -1  4  1  2  0 -9 
98 43  -1  1  0 -9 
98 44   1  5  0 -9 
98 60  -1  4  0 -9 
98 62  -1  1  0 -9 
98 67   1  2  0 -9 
98 68  -1  3  0 -9 
98 74   1  3  0 -9 
98 77  -1  4  0 -9 
98 82  -1  4  0 -9 
98 86   1  5  0 -9 
98 97  -1  1  0 -9 
98 98   1  0  0 -9 
98 100  -1  1  0 -9 
98 101   1  2  0 -9 
98 102   1  2  0 -9 
98 103  -1  3  0 -9 
99  5  -1  3  0 -9 
99  6  -1  3  0 -9 
99  7   1  4  0 -9 
99 42  -1  4  1  2  0 -9 
99 44   1  5  0 -9 
99 49   1  4  0 -9 
99 53  -1  3  0 -9 
99 59  -1  3  0 -9 
99 62  -1  1  0 -9 
99 64   1  2  0 -9 
99 65  -1  3  0 -9 
99 66  -1  1  0 -9 
99 67   1  2  0 -9 
99 68  -1  3  0 -9 
99 75  -1  3  0 -9 
99 81  -1  1  0 -9 
99 82  -1  4  1  2  0 -9 
99 83   1  2  0 -9 
99 86   1  5  0 -9 
99 88   1  2  0 -9 
99 90  -1  3  0 -9 
99 92  -1  1  0 -9 
99 97  -1  1  0 -9 
99 99   1  0  0 -9 
99 100  -1  1  0 -9 
99 101   1  2  0 -9 
99 102   1  2  0 -9 
99 103  -1  3  0 -9 
100 68  -1  4  0 -9 
100 82  -1  5  0 -9 
100 86   1  6  0 -9 
100 101   1  3  0 -9 
100 103  -1  4  0 -9 
101 68  -1  5  0 -9 
101 69   1  6  0 -9 
101 82  -1  4  0 -9 
101 95   1  6  0 -9 
101 100   1  3  0 -9 
101 103  -1  5  0 -9 
102 42  -1  4  0 -9 
102 77   1  6  0 -9 
102 90  -1  5  0 -9 
102 95   1  6  0 -9 
102 97   1  3  0 -9 
102 103  -1  5  0 -9 
103 95   1  7  0 -9 
103 103  -1  6  0 -9 
104 105  -1  5  0 -9 
104 106   1  3  0 -9 
104 107  -1  4  0 -9 
104 108   1  6  0 -9 
105 105  -1  6  0 -9 
105 108   1  7  0 -9 
106 104   1  3  0 -9 
106 105  -1  4  0 -9 
106 107  -1  5  0 -9 
106 109   1  6  0 -9 
107 107  -1  6  0 -9 
107 109   1  7  0 -9 
108 108   1  8  0 -9 
109 109   1  8  0 -9 
110 104   1  2  0 -9 
110 106  -1  1  0 -9 
110 107  -1  4  1  2  0 -9 
110 108  -1  4  0 -9 
110 109   1  5  0 -9 
110 110   1  0  0 -9 
110 111  -1  1  0 -9 
110 112   1  3  0 -9 
110 113  -1  4  0 -9 
110 114   1  2  0 -9 
110 115   1  5  0 -9 
111 107  -1  5  0 -9 
111 109   1  6  0 -9 
111 113  -1  5  0 -9 
111 114   1  3  0 -9 
111 115   1  6  0 -9 
112 108   1  7  0 -9 
112 112  -1  6  0 -9 
113 109   1  7  0 -9 
113 113  -1  6  0 -9 
113 115   1  7  0 -9 
114 107  -1  4  0 -9 
114 109   1  5  0 -9 
114 111   1  3  0 -9 
114 113  -1  4  0 -9 
115 115   1  8  0 -9 
116 105  -1  4  0 -9 
116 108   1  5  0 -9 
116 117   1  3  0 -9 
116 118  -1  4  0 -9 
117 105  -1  5  0 -9 
117 108   1  6  0 -9 
117 116   1  3  0 -9 
117 118  -1  5  0 -9 
117 119   1  6  0 -9 
118 108   1  7  0 -9 
118 118  -1  6  0 -9 
118 119   1  7  0 -9 
119 119   1  8  0 -9 
120 105   1  1  0 -9 
120 108  -1  2  0 -9 
120 112   1  1  0 -9 
120 117  -1  0  0 -9 
120 118   1  1  0 -9 
120 120  -1 -2  0 -9 
120 121   1 -1  0 -9 
120 122   1 -1  0 -9 
120 123  -1  0  0 -9 
120 124  -1  3  0 -9 
120 126   1  2  0 -9 
120 127  -1  3  0 -9 
120 128   1  4  0 -9 
121 124  -1  4  0 -9 
121 126   1  3  0 -9 
121 127  -1  4  0 -9 
121 128   1  5  0 -9 
122 105   1  2  0 -9 
122 108  -1  3  0 -9 
122 112   1  2  0 -9 
122 116   1  2  0 -9 
122 117  -1  1  0 -9 
122 118  -1  4  1  2  0 -9 
122 119   1  5  0 -9 
122 122   1  0  0 -9 
122 123  -1  1  0 -9 
122 124  -1  4  0 -9 
122 125   1  2  0 -9 
122 128   1  5  0 -9 
123 108   1  6  0 -9 
123 112  -1  5  0 -9 
123 118  -1  5  0 -9 
123 119   1  6  0 -9 
123 124  -1  5  0 -9 
123 125   1  3  0 -9 
123 128   1  6  0 -9 
124 119   1  7  0 -9 
124 124  -1  6  0 -9 
124 128   1  7  0 -9 
125 108   1  5  0 -9 
125 112  -1  4  0 -9 
125 118  -1  4  0 -9 
125 119   1  5  0 -9 
125 123   1  3  0 -9 
125 124  -1  4  0 -9 
126 119   1  6  0 -9 
126 121   1  3  0 -9 
126 124  -1  5  0 -9 
126 127  -1  5  0 -9 
126 128   1  6  0 -9 
127 127  -1  6  0 -9 
127 128   1  7  0 -9 
128 128   1  8  0 -9 
129 21  -1  3  0 -9 
129 22   1  4  0 -9 
129 45   1  2  0 -9 
129 46  -1  3  0 -9 
129 47   1 -1  0 -9 
129 48  -1  4 -1  0  0 -9 
129 50   1  5  0 -9 
129 58  -1  0  0 -9 
129 59   1  1  0 -9 
129 105   1  2  0 -9 
129 106  -1  0  0 -9 
129 107   1  1  0 -9 
129 108  -1  3  0 -9 
129 110   1 -1  0 -9 
129 111  -1  0  0 -9 
129 112   1  2  0 -9 
129 113  -1  3  0 -9 
129 115   1  4  0 -9 
129 129  -1 -2  0 -9 
129 130   1 -1  0 -9 
129 131   1 -1  0 -9 
129 132  -1  0  0 -9 
129 133  -1  3  0 -9 
129 135   1  2  0 -9 
129 136  -1  3  0 -9 
129 137   1  4  0 -9 
130 48  -1  5  0 -9 
130 50   1  6  0 -9 
130 113  -1  4  0 -9 
130 115   1  5  0 -9 
130 133  -1  4  0 -9 
130 135   1  3  0 -9 
130 136  -1  4  0 -9 
130 137   1  5  0 -9 
131 22   1  5  0 -9 
131 46  -1  4  0 -9 
131 49   1  5  0 -9 
131 57   1  2  0 -9 
131 58  -1  1  0 -9 
131 59  -1  4  1  2  0 -9 
131 60   1  5  0 -9 
131 105   1  3  0 -9 
131 108  -1  4  0 -9 
131 131   1  0  0 -9 
131 132  -1  1  0 -9 
131 133  -1  4  0 -9 
131 134   1  2  0 -9 
131 137   1  5  0 -9 
132 49   1  6  0 -9 
132 59  -1  5  0 -9 
132 60   1  6  0 -9 
132 112  -1  4  0 -9 
132 133  -1  5  0 -9 
132 134   1  3  0 -9 
132 137   1  6  0 -9 
133 60   1  7  0 -9 
133 133  -1  6  0 -9 
133 137   1  7  0 -9 
134 59  -1  4  0 -9 
134 60   1  5  0 -9 
134 108   1  6  0 -9 
134 112  -1  5  0 -9 
134 132   1  3  0 -9 
134 133  -1  4  0 -9 
135 48  -1  4  0 -9 
135 60   1  6  0 -9 
135 109   1  6  0 -9 
135 113  -1  5  0 -9 
135 115   1  6  0 -9 
135 130   1  3  0 -9 
135 133  -1  5  0 -9 
135 136  -1  5  0 -9 
135 137   1  6  0 -9 
136 115   1  7  0 -9 
136 136  -1  6  0 -9 
136 137   1  7  0 -9 
137 137   1  8  0 -9 
138 55  -1  0  0 -9 
138 60  -1  2  0 -9 
138 79  -1  0  0 -9 
138 82  -1  2 -1  0  0 -9 
138 84   1  1  0 -9 
138 85  -1  2  0 -9 
138 86   1  3  0 -9 
138 91   1 -1  0 -9 
138 93  -1  0  0 -9 
138 94   1  1  0 -9 
138 95  -1  2  0 -9 
138 107  -1  3  0 -9 
138 109   1  4  0 -9 
138 111   1  2  0 -9 
138 113  -1  3  0 -9 
138 114   1 -1  0 -9 
138 133   1  1  0 -9 
138 135  -1  0  0 -9 
138 136   1  1  0 -9 
138 137  -1  2  0 -9 
138 138  -1 -2  0 -9 
138 140   1 -1  0 -9 
138 141  -1  0  0 -9 
138 142   1  1  0 -9 
139 59  -1  3  0 -9 
139 75  -1  3  0 -9 
139 81  -1  1  0 -9 
139 82  -1  4  0 -9 
139 83   1  2  0 -9 
139 86   1  5  0 -9 
139 88   1  2  0 -9 
139 92  -1  1  0 -9 
139 95  -1  4  0 -9 
139 108   1  5  0 -9 
139 112  -1  4  0 -9 
139 132   1  2  0 -9 
139 134  -1  1  0 -9 
139 137  -1  4  0 -9 
139 139   1  0  0 -9 
139 142   1  3  0 -9 
140 48  -1  3  0 -9 
140 60  -1  3  0 -9 
140 79  -1  1  0 -9 
140 82  -1  5 -1  3 -1  1  0 -9 
140 84   1  2  0 -9 
140 85  -1  3  0 -9 
140 86   1  6  1  4  0 -9 
140 93  -1  1  0 -9 
140 94   1  2  0 -9 
140 95  -1  3  0 -9 
140 109   1  5  0 -9 
140 113  -1  4  0 -9 
140 115   1  5  0 -9 
140 130   1  2  0 -9 
140 133   1  2  0 -9 
140 135  -1  1  0 -9 
140 136  -1  4  1  2  0 -9 
140 137  -1  3  0 -9 
140 140   1  0  0 -9 
140 141  -1  1  0 -9 
140 142   1  2  0 -9 
140 143   1  2  0 -9 
141 95   1  6  0 -9 
141 115   1  6  0 -9 
141 136  -1  5  0 -9 
141 137   1  6  0 -9 
141 142  -1  5  0 -9 
141 143   1  3  0 -9 
142 95   1  7  0 -9 
142 137   1  7  0 -9 
142 142  -1  6  0 -9 
143 136  -1  4  0 -9 
143 137   1  5  0 -9 
143 141   1  3  0 -9 
143 142  -1  4  0 -9 
144 10  -1  3  0 -9 
144 11   1  4  0 -9 
144 15   1  2  0 -9 
144 16  -1  3  0 -9 
144 17   1 -1  0 -9 
144 18  -1  0  0 -9 
144 19   1  1  0 -9 
144 42   1  1  0 -9 
144 60  -1  3  0 -9 
144 62  -1  0  0 -9 
144 66  -1  0  0 -9 
144 67   1  1  0 -9 
144 68  -1  2  0 -9 
144 75  -1  2  0 -9 
144 81  -1  0  0 -9 
144 82  -1  3  0 -9 
144 83   1  1  0 -9 
144 86   1  4  0 -9 
144 88   1  1  0 -9 
144 92  -1  0  0 -9 
144 95  -1  3  0 -9 
144 97  -1  0  0 -9 
144 99   1 -1  0 -9 
144 100  -1  0  0 -9 
144 101   1  1  0 -9 
144 108   1  4  0 -9 
144 112  -1  3  0 -9 
144 118  -1  3  0 -9 
144 119   1  4  0 -9 
144 123   1  2  0 -9 
144 124  -1  3  0 -9 
144 125   1 -1  0 -9 
144 126  -1  0  0 -9 
144 127   1  1  0 -9 
144 133   1  2  0 -9 
144 134  -1  0  0 -9 
144 137  -1  3  0 -9 
144 139   1 -1  0 -9 
144 142   1  2  0 -9 
144 144  -1 -2  0 -9 
144 145   1 -1  0 -9 
144 146  -1  0  0 -9 
145  5  -1  3  0 -9 
145 11   1  5  0 -9 
145 13   1  2  0 -9 
145 16  -1  4  0 -9 
145 18  -1  1  0 -9 
145 19  -1  4  1  2  0 -9 
145 20   1  5  0 -9 
145 60  -1  4  0 -9 
145 62  -1  1  0 -9 
145 67   1  2  0 -9 
145 68  -1  3  0 -9 
145 82  -1  4  0 -9 
145 86   1  5  0 -9 
145 100  -1  1  0 -9 
145 101   1  2  0 -9 
145 103  -1  3  0 -9 
145 119   1  5  0 -9 
145 121   1  2  0 -9 
145 124  -1  4  0 -9 
145 126  -1  1  0 -9 
145 127  -1  4  1  2  0 -9 
145 128   1  5  0 -9 
145 133   1  3  0 -9 
145 137  -1  4  0 -9 
145 145   1  0  0 -9 
145 146  -1  1  0 -9 
145 147   1  2  0 -9 
146 19  -1  5  0 -9 
146 20   1  6  0 -9 
146 95   1  5  0 -9 
146 103  -1  4  0 -9 
146 127  -1  5  0 -9 
146 128   1  6  0 -9 
146 142  -1  4  0 -9 
146 147   1  3  0 -9 
147 19  -1  4  0 -9 
147 95   1  6  0 -9 
147 103  -1  5  0 -9 
147 127  -1  4  0 -9 
147 137   1  6  0 -9 
147 142  -1  5  0 -9 
147 146   1  3  0 -9 
148 149  -1  5  0 -9 
148 150   1  3  0 -9 
148 151  -1  4  0 -9 
148 152   1  6  0 -9 
149 149  -1  6  0 -9 
149 152   1  7  0 -9 
150 148   1  3  0 -9 
150 149  -1  4  0 -9 
150 151  -1  5  0 -9 
150 153   1  6  0 -9 
151 151  -1  6  0 -9 
151 153   1  7  0 -9 
152 152   1  8  0 -9 
153 153   1  8  0 -9 
154 151  -1  4  0 -9 
154 153   1  5  0 -9 
154 155   1  3  0 -9 
154 157  -1  4  0 -9 
155 151  -1  5  0 -9 
155 153   1  6  0 -9 
155 154   1  3  0 -9 
155 156   1  6  0 -9 
155 157  -1  5  0 -9 
156 156   1  8  0 -9 
157 153   1  7  0 -9 
157 156   1  7  0 -9 
157 157  -1  6  0 -9 
158 151  -1  3  0 -9 
158 154  -1  1  0 -9 
158 155   1  2  0 -9 
158 156  -1  4  0 -9 
158 158   1  0  0 -9 
158 159  -1  1  0 -9 
158 160   1  3  0 -9 
158 161  -1  4  0 -9 
158 162   1  2  0 -9 
158 163   1  5  0 -9 
159 151  -1  4  0 -9 
159 161  -1  5  0 -9 
159 162   1  3  0 -9 
159 163   1  6  0 -9 
160 156   1  7  0 -9 
160 160  -1  6  0 -9 
161 161  -1  6  0 -9 
161 163   1  7  0 -9 
162 151  -1  5  0 -9 
162 153   1  6  0 -9 
162 159   1  3  0 -9 
162 161  -1  4  0 -9 
163 163   1  8  0 -9 
164 104   1  2  0 -9 
164 105  -1  3  0 -9 
164 106  -1  1  0 -9 
164 107  -1  4  1  2  0 -9 
164 109   1  5  0 -9 
164 116  -1  1  0 -9 
164 117   1  2  0 -9 
164 118  -1  3  0 -9 
164 148  -1  1  0 -9 
164 149  -1  4  1  2  0 -9 
164 150   1  2  0 -9 
164 151  -1  3  0 -9 
164 152   1  5  0 -9 
164 154  -1  1  0 -9 
164 155   1  2  0 -9 
164 157  -1  3  0 -9 
164 164   1  0  0 -9 
164 165  -1  1  0 -9 
164 166  -1  1  0 -9 
164 167   1  2  0 -9 
164 168  -1  3  0 -9 
164 169  -1  3  0 -9 
164 170   1  2  0 -9 
164 171   1  4  0 -9 
165 107  -1  5  0 -9 
165 109   1  6  0 -9 
165 156   1  5  0 -9 
165 157  -1  4  0 -9 
165 168  -1  4  0 -9 
165 169  -1  4  0 -9 
165 170   1  3  0 -9 
165 171   1  5  0 -9 
166 118  -1  4  0 -9 
166 119   1  5  0 -9 
166 149  -1  5  0 -9 
166 152   1  6  0 -9 
166 167   1  3  0 -9 
166 168  -1  4  0 -9 
166 169  -1  4  0 -9 
166 171   1  5  0 -9 
167 108   1  6  0 -9 
167 118  -1  5  0 -9 
167 119   1  6  0 -9 
167 149  -1  4  0 -9 
167 156   1  6  0 -9 
167 166   1  3  0 -9 
167 168  -1  5  0 -9 
167 169  -1  5  0 -9 
167 171   1  6  0 -9 
168 119   1  7  0 -9 
168 168  -1  6  0 -9 
168 171   1  7  0 -9 
169 156   1  7  0 -9 
169 169  -1  6  0 -9 
169 171   1  7  0 -9 
170 107  -1  4  0 -9 
170 119   1  6  0 -9 
170 153   1  6  0 -9 
170 156   1  6  0 -9 
170 157  -1  5  0 -9 
170 165   1  3  0 -9 
170 168  -1  5  0 -9 
170 169  -1  5  0 -9 
170 171   1  6  0 -9 
171 171   1  8  0 -9 
172 104   1  1  0 -9 
172 106  -1  0  0 -9 
172 107  -1  3  1  1  0 -9 
172 108  -1  3  0 -9 
172 109   1  4  0 -9 
172 110   1 -1  0 -9 
172 111  -1  0  0 -9 
172 112   1  2  0 -9 
172 113  -1  3  0 -9 
172 115   1  4  0 -9 
172 116  -1  0  0 -9 
172 119  -1  3  0 -9 
172 148  -1  0  0 -9 
172 149   1  1  0 -9 
172 153  -1  3  0 -9 
172 154  -1  0  0 -9 
172 155   1  1  0 -9 
172 156  -1  3  0 -9 
172 158   1 -1  0 -9 
172 159  -1  0  0 -9 
172 160   1  2  0 -9 
172 161  -1  3  0 -9 
172 163   1  4  0 -9 
172 164   1 -1  0 -9 
172 165  -1  0  0 -9 
172 166  -1  0  0 -9 
172 167   1  1  0 -9 
172 172  -1 -2  0 -9 
172 173   1 -1  0 -9 
172 174   1 -1  0 -9 
172 175  -1  0  0 -9 
172 176  -1  3  0 -9 
172 178   1  2  0 -9 
172 179  -1  3  0 -9 
172 180   1  4  0 -9 
173 107  -1  4  0 -9 
173 109   1  5  0 -9 
173 113  -1  4  0 -9 
173 115   1  5  0 -9 
173 119  -1  4  0 -9 
173 153  -1  4  0 -9 
173 161  -1  4  0 -9 
173 163   1  5  0 -9 
173 176  -1  4  0 -9 
173 178   1  3  0 -9 
173 179  -1  4  0 -9 
173 180   1  5  0 -9 
174 118  -1  3  0 -9 
174 149   1  2  0 -9 
174 152  -1  3  0 -9 
174 166  -1  1  0 -9 
174 167   1  2  0 -9 
174 169  -1  3  0 -9 
174 174   1  0  0 -9 
174 175  -1  1  0 -9 
174 176  -1  4  0 -9 
174 177   1  2  0 -9 
174 180   1  5  0 -9 
175 108   1  5  0 -9 
175 112  -1  4  0 -9 
175 118  -1  4  0 -9 
175 152  -1  4  0 -9 
175 156   1  5  0 -9 
175 160  -1  4  0 -9 
175 169  -1  4  0 -9 
175 176  -1  5  0 -9 
175 177   1  3  0 -9 
175 180   1  6  0 -9 
176 176  -1  6  0 -9 
176 180   1  7  0 -9 
177 108   1  6  0 -9 
177 112  -1  5  0 -9 
177 118  -1  5  0 -9 
177 119   1  6  0 -9 
177 152   1  7  0 -9 
177 156   1  6  0 -9 
177 160  -1  5  0 -9 
177 169  -1  5  0 -9 
177 171   1  6  0 -9 
177 175   1  3  0 -9 
177 176  -1  4  0 -9 
178 107  -1  5  0 -9 
178 109   1  6  0 -9 
178 113  -1  5  0 -9 
178 115   1  6  0 -9 
178 119   1  7  0 -9 
178 153   1  7  0 -9 
178 161  -1  5  0 -9 
178 163   1  6  0 -9 
178 173   1  3  0 -9 
178 176  -1  5  0 -9 
178 179  -1  5  0 -9 
178 180   1  6  0 -9 
179 115   1  7  0 -9 
179 163   1  7  0 -9 
179 179  -1  6  0 -9 
179 180   1  7  0 -9 
180 180   1  8  0 -9 
181 114  -1  0  0 -9 
181 119  -1  2  0 -9 
181 153  -1  2  0 -9 
181 156  -1  2  0 -9 
181 157   1  1  0 -9 
181 160   1  1  0 -9 
181 161  -1  2 -1  0  0 -9 
181 163   1  3  0 -9 
181 168   1  1  0 -9 
181 169   1  1  0 -9 
181 170  -1  0  0 -9 
181 171  -1  2  0 -9 
181 173  -1  0  0 -9 
181 176  -1  2 -1  0  0 -9 
181 178   1  1  0 -9 
181 179  -1  2  0 -9 
181 180   1  3  0 -9 
181 181  -1 -2  0 -9 
181 182  -1  0  0 -9 
181 183   1 -1  0 -9 
181 184   1  1  0 -9 
181 185   1 -1  0 -9 
181 187  -1  0  0 -9 
181 188   1  1  0 -9 
181 189  -1  2  0 -9 
182 156   1  6  0 -9 
182 160  -1  5  0 -9 
182 169  -1  5  0 -9 
182 171   1  6  0 -9 
182 184  -1  5  0 -9 
182 186   1  3  0 -9 
182 189   1  6  0 -9 
183 107  -1  3  0 -9 
183 119  -1  3  0 -9 
183 153  -1  3  0 -9 
183 156  -1  3  0 -9 
183 157   1  2  0 -9 
183 160   1  2  0 -9 
183 161  -1  5 -1  3 -1  1  0 -9 
183 163   1  6  1  4  0 -9 
183 165   1  2  0 -9 
183 168   1  2  0 -9 
183 169  -1  4  1  2  0 -9 
183 170  -1  1  0 -9 
183 171  -1  3  0 -9 
183 173  -1  1  0 -9 
183 176  -1  5 -1  3 -1  1  0 -9 
183 178   1  2  0 -9 
183 179  -1  3  0 -9 
183 180   1  6  1  4  0 -9 
183 182  -1  1  0 -9 
183 183   1  0  0 -9 
183 184   1  2  0 -9 
183 186   1  2  0 -9 
183 187  -1  1  0 -9 
183 188   1  2  0 -9 
183 189  -1  3  0 -9 
184 171   1  7  0 -9 
184 184  -1  6  0 -9 
184 189   1  7  0 -9 
185 107  -1  3  0 -9 
185 109   1  4  0 -9 
185 111   1  2  0 -9 
185 113  -1  3  0 -9 
185 114  -1  1  0 -9 
185 119  -1  3  0 -9 
185 153  -1  3  0 -9 
185 161  -1  3  0 -9 
185 163   1  4  0 -9 
185 173  -1  1  0 -9 
185 176  -1  3  0 -9 
185 178   1  2  0 -9 
185 179  -1  3  0 -9 
185 180   1  4  0 -9 
185 185   1  0  0 -9 
185 187  -1  1  0 -9 
185 188   1  2  0 -9 
185 189  -1  3  0 -9 
186 156   1  5  0 -9 
186 160  -1  4  0 -9 
186 169  -1  4  0 -9 
186 171   1  5  0 -9 
186 182   1  3  0 -9 
186 184  -1  4  0 -9 
187 161  -1  4  0 -9 
187 163   1  5  0 -9 
187 176  -1  4  0 -9 
187 179  -1  4  0 -9 
187 180   1  5  0 -9 
187 188   1  3  0 -9 
187 189  -1  4  0 -9 
188 115   1  6  0 -9 
188 161  -1  5  0 -9 
188 163   1  6  0 -9 
188 176  -1  5  0 -9 
188 179  -1  5  0 -9 
188 180   1  6  0 -9 
188 187   1  3  0 -9 
188 189   1  7  0 -9 
189 189   1  8  0 -9 
190 119  -1  3  0 -9 
190 121  -1  0  0 -9 
190 125  -1  0  0 -9 
190 126   1  1  0 -9 
190 127  -1  2  0 -9 
190 149   1  1  0 -9 
190 152  -1  2  0 -9 
190 166  -1  0  0 -9 
190 168   1  2  0 -9 
190 171  -1  3  0 -9 
190 174   1 -1  0 -9 
190 175  -1  0  0 -9 
190 176  -1  3  0 -9 
190 177   1  1  0 -9 
190 180   1  4  0 -9 
190 186  -1  0  0 -9 
190 190  -1 -2  0 -9 
190 191  -1  0  0 -9 
190 192   1 -1  0 -9 
190 193   1 -1  0 -9 
190 194  -1  0  0 -9 
190 195   1  1  0 -9 
190 196   1  1  0 -9 
190 197  -1  2  0 -9 
191 184  -1  4  0 -9 
191 189   1  5  0 -9 
191 196   1  3  0 -9 
191 197  -1  4  0 -9 
192 119  -1  4  0 -9 
192 121  -1  1  0 -9 
192 126   1  2  0 -9 
192 127  -1  3  0 -9 
192 168   1  3  0 -9 
192 171  -1  4  0 -9 
192 176  -1  4  0 -9 
192 180   1  5  0 -9 
192 191  -1  1  0 -9 
192 192   1  0  0 -9 
192 194  -1  1  0 -9 
192 195   1  2  0 -9 
192 196   1  2  0 -9 
192 197  -1  3  0 -9 
193 108   1  4  0 -9 
193 112  -1  3  0 -9 
193 118  -1  3  0 -9 
193 121  -1  1  0 -9 
193 123   1  2  0 -9 
193 124  -1  3  0 -9 
193 125  -1  1  0 -9 
193 126   1  2  0 -9 
193 127  -1  3  0 -9 
193 152  -1  3  0 -9 
193 156   1  4  0 -9 
193 160  -1  3  0 -9 
193 169  -1  3  0 -9 
193 175  -1  1  0 -9 
193 176  -1  4  1  2  0 -9 
193 177   1  2  0 -9 
193 180   1  5  0 -9 
193 182   1  2  0 -9 
193 184  -1  3  0 -9 
193 186  -1  1  0 -9 
193 191  -1  1  0 -9 
193 193   1  0  0 -9 
193 194  -1  1  0 -9 
193 195   1  2  0 -9 
193 196   1  2  0 -9 
193 197  -1  3  0 -9 
194 127  -1  4  0 -9 
194 176  -1  5  0 -9 
194 180   1  6  0 -9 
194 195   1  3  0 -9 
194 197  -1  4  0 -9 
195 127  -1  5  0 -9 
195 128   1  6  0 -9 
195 176  -1  4  0 -9 
195 189   1  6  0 -9 
195 194   1  3  0 -9 
195 197  -1  5  0 -9 
196 171   1  6  0 -9 
196 184  -1  5  0 -9 
196 189   1  6  0 -9 
196 191   1  3  0 -9 
196 197  -1  5  0 -9 
197 189   1  7  0 -9 
197 197  -1  6  0 -9 
198 148   1  2  0 -9 
198 150  -1  1  0 -9 
198 151  -1  4  1  2  0 -9 
198 152  -1  4  0 -9 
198 153   1  5  0 -9 
198 198   1  0  0 -9 
198 199  -1  1  0 -9 
198 200   1  3  0 -9 
198 201  -1  4  0 -9 
198 202   1  2  0 -9 
198 203   1  5  0 -9 
199 151  -1  5  0 -9 
199 153   1  6  0 -9 
199 201  -1  5  0 -9 
199 202   1  3  0 -9 
199 203   1  6  0 -9 
200 152   1  7  0 -9 
200 200  -1  6  0 -9 
201 153   1  7  0 -9 
201 201  -1  6  0 -9 
201 203   1  7  0 -9 
202 151  -1  4  0 -9 
202 153   1  5  0 -9 
202 199   1  3  0 -9 
202 201  -1  4  0 -9 
203 203   1  8  0 -9 
204 151  -1  3  0 -9 
204 159  -1  1  0 -9 
204 161  -1  4  0 -9 
204 162   1  2  0 -9 
204 163   1  5  0 -9 
204 199   1  2  0 -9 
204 202  -1  1  0 -9 
204 203  -1  4  0 -9 
204 204   1  0  0 -9 
204 205   1  3  0 -9 
205 203   1  7  0 -9 
205 205  -1  6  0 -9 
206 149   1  2  0 -9 
206 150  -1  0  0 -9 
206 151   1  1  0 -9 
206 152  -1  3  0 -9 
206 198   1 -1  0 -9 
206 199  -1  0  0 -9 
206 200   1  2  0 -9 
206 201  -1  3  0 -9 
206 203   1  4  0 -9 
206 206  -1 -2  0 -9 
206 207   1 -1  0 -9 
206 208   1 -1  0 -9 
206 209  -1  0  0 -9 
206 210  -1  3  0 -9 
206 212   1  2  0 -9 
206 213  -1  3  0 -9 
206 214   1  4  0 -9 
207 201  -1  4  0 -9 
207 203   1  5  0 -9 
207 210  -1  4  0 -9 
207 212   1  3  0 -9 
207 213  -1  4  0 -9 
207 214   1  5  0 -9 
208 149   1  3  0 -9 
208 152  -1  4  0 -9 
208 208   1  0  0 -9 
208 209  -1  1  0 -9 
208 210  -1  4  0 -9 
208 211   1  2  0 -9 
208 214   1  5  0 -9 
209 200  -1  4  0 -9 
209 210  -1  5  0 -9 
209 211   1  3  0 -9 
209 214   1  6  0 -9 
210 210  -1  6  0 -9 
210 214   1  7  0 -9 
211 152   1  6  0 -9 
211 200  -1  5  0 -9 
211 209   1  3  0 -9 
211 210  -1  4  0 -9 
212 153   1  6  0 -9 
212 201  -1  5  0 -9 
212 203   1  6  0 -9 
212 207   1  3  0 -9 
212 210  -1  5  0 -9 
212 213  -1  5  0 -9 
212 214   1  6  0 -9 
213 203   1  7  0 -9 
213 213  -1  6  0 -9 
213 214   1  7  0 -9 
214 214   1  8  0 -9 
215 107  -1  2  0 -9 
215 109   1  3  0 -9 
215 111   1  1  0 -9 
215 113  -1  2 -1  0  0 -9 
215 114  -1  0  0 -9 
215 115   1  1  0 -9 
215 119  -1  2  0 -9 
215 124   1  1  0 -9 
215 126  -1  0  0 -9 
215 127   1  1  0 -9 
215 128  -1  2  0 -9 
215 153  -1  2  0 -9 
215 161  -1  2 -1  0  0 -9 
215 163   1  3  0 -9 
215 173  -1  0  0 -9 
215 176  -1  2 -1  0  0 -9 
215 178   1  1  0 -9 
215 179  -1  2  0 -9 
215 180   1  3  0 -9 
215 185   1 -1  0 -9 
215 187  -1  0  0 -9 
215 188   1  1  0 -9 
215 189  -1  2  0 -9 
215 201   1  1  0 -9 
215 203  -1  2  0 -9 
215 205   1  1  0 -9 
215 210   1  1  0 -9 
215 212  -1  0  0 -9 
215 213   1  1  0 -9 
215 214  -1  2  0 -9 
215 215  -1 -2  0 -9 
215 217   1 -1  0 -9 
215 218  -1  0  0 -9 
215 219   1  1  0 -9 
216 108   1  6  1  4  0 -9 
216 112  -1  5 -1  3 -1  1  0 -9 
216 118  -1  3  0 -9 
216 123   1  2  0 -9 
216 125  -1  1  0 -9 
216 128  -1  4  0 -9 
216 152  -1  3  0 -9 
216 156   1  6  1  4  0 -9 
216 160  -1  5 -1  3 -1  1  0 -9 
216 169  -1  3  0 -9 
216 175  -1  1  0 -9 
216 176  -1  4  0 -9 
216 177   1  2  0 -9 
216 180   1  5  0 -9 
216 182   1  2  0 -9 
216 186  -1  1  0 -9 
216 189  -1  4  0 -9 
216 200   1  2  0 -9 
216 209   1  2  0 -9 
216 211  -1  1  0 -9 
216 214  -1  4  0 -9 
216 216   1  0  0 -9 
216 219   1  3  0 -9 
217 107  -1  3  0 -9 
217 109   1  6  1  4  0 -9 
217 111   1  2  0 -9 
217 113  -1  5 -1  3 -1  1  0 -9 
217 114  -1  1  0 -9 
217 115   1  6  1  2  0 -9 
217 119  -1  3  0 -9 
217 121   1  2  0 -9 
217 124   1  2  0 -9 
217 126  -1  1  0 -9 
217 127  -1  4  1  2  0 -9 
217 128  -1  3  0 -9 
217 153  -1  3  0 -9 
217 161  -1  5 -1  3 -1  1  0 -9 
217 163   1  6  1  4  0 -9 
217 173  -1  1  0 -9 
217 176  -1  5 -1  3 -1  1  0 -9 
217 178   1  2  0 -9 
217 179  -1  3  0 -9 
217 180   1  6  1  4  0 -9 
217 187  -1  1  0 -9 
217 188   1  2  0 -9 
217 189  -1  3  0 -9 
217 201   1  2  0 -9 
217 203  -1  3  0 -9 
217 205   1  2  0 -9 
217 207   1  2  0 -9 
217 210   1  2  0 -9 
217 212  -1  1  0 -9 
217 213  -1  4  1  2  0 -9 
217 214  -1  3  0 -9 
217 217   1  0  0 -9 
217 218  -1  1  0 -9 
217 219   1  2  0 -9 
217 220   1  2  0 -9 
218 115   1  7  0 -9 
218 127  -1  5  0 -9 
218 128   1  6  0 -9 
218 189   1  6  0 -9 
218 203   1  6  0 -9 
218 205  -1  5  0 -9 
218 213  -1  5  0 -9 
218 214   1  6  0 -9 
218 219  -1  5  0 -9 
218 220   1  3  0 -9 
219 128   1  7  0 -9 
219 189   1  7  0 -9 
219 214   1  7  0 -9 
219 219  -1  6  0 -9 
220 115  -1  4  0 -9 
220 127  -1  4  0 -9 
220 128   1  5  0 -9 
220 203   1  5  0 -9 
220 205  -1  4  0 -9 
220 213  -1  4  0 -9 
220 214   1  5  0 -9 
220 218   1  3  0 -9 
220 219  -1  4  0 -9 
221 108   1  3  0 -9 
221 112  -1  2 -1  0  0 -9 
221 118  -1  2  0 -9 
221 121  -1  0  0 -9 
221 123   1  1  0 -9 
221 125  -1  0  0 -9 
221 128  -1  3  0 -9 
221 152  -1  2  0 -9 
221 156   1  3  0 -9 
221 160  -1  2 -1  0  0 -9 
221 169  -1  2  0 -9 
221 175  -1  0  0 -9 
221 176  -1  3  0 -9 
221 177   1  1  0 -9 
221 180   1  4  0 -9 
221 182   1  1  0 -9 
221 186  -1  0  0 -9 
221 189  -1  3  0 -9 
221 191  -1  0  0 -9 
221 193   1 -1  0 -9 
221 194  -1  0  0 -9 
221 195   1  1  0 -9 
221 200   1  1  0 -9 
221 210   1  2  0 -9 
221 211  -1  0  0 -9 
221 214  -1  3  0 -9 
221 216   1 -1  0 -9 
221 219   1  2  0 -9 
221 221  -1 -2  0 -9 
221 222   1 -1  0 -9 
221 223  -1  0  0 -9 
222 127  -1  3  0 -9 
222 176  -1  4  0 -9 
222 180   1  5  0 -9 
222 194  -1  1  0 -9 
222 195   1  2  0 -9 
222 197  -1  3  0 -9 
222 210   1  3  0 -9 
222 214  -1  4  0 -9 
222 222   1  0  0 -9 
222 223  -1  1  0 -9 
222 224   1  2  0 -9 
223 127  -1  4  0 -9 
223 128   1  5  0 -9 
223 189   1  5  0 -9 
223 197  -1  4  0 -9 
223 219  -1  4  0 -9 
223 224   1  3  0 -9 
224 127  -1  5  0 -9 
224 128   1  6  0 -9 
224 189   1  6  0 -9 
224 197  -1  5  0 -9 
224 214   1  6  0 -9 
224 219  -1  5  0 -9 
224 223   1  3  0 -9 
225 153  -1  3  0 -9 
225 154  -1  0  0 -9 
225 156  -1  3  0 -9 
225 157   1  2  0 -9 
225 158   1 -1  0 -9 
225 159  -1  0  0 -9 
225 160   1  2  0 -9 
225 161  -1  3  0 -9 
225 162   1  1  0 -9 
225 163   1  4  0 -9 
225 202  -1  0  0 -9 
225 207  -1  0  0 -9 
225 210  -1  2 -1  0  0 -9 
225 212   1  1  0 -9 
225 213  -1  2  0 -9 
225 214   1  3  0 -9 
225 225  -1 -2  0 -9 
225 226  -1  0  0 -9 
225 227   1 -1  0 -9 
225 228   1  1  0 -9 
225 229   1 -1  0 -9 
225 231  -1  0  0 -9 
225 232   1  1  0 -9 
225 233  -1  2  0 -9 
226 160  -1  4  0 -9 
226 228  -1  5  0 -9 
226 230   1  3  0 -9 
226 233   1  6  0 -9 
227 153  -1  4  0 -9 
227 156  -1  4  0 -9 
227 157   1  3  0 -9 
227 161  -1  4  0 -9 
227 163   1  5  0 -9 
227 207  -1  1  0 -9 
227 210  -1  5 -1  3 -1  1  0 -9 
227 212   1  2  0 -9 
227 213  -1  3  0 -9 
227 214   1  6  1  4  0 -9 
227 226  -1  1  0 -9 
227 227   1  0  0 -9 
227 228   1  2  0 -9 
227 230   1  2  0 -9 
227 231  -1  1  0 -9 
227 232   1  2  0 -9 
227 233  -1  3  0 -9 
228 228  -1  6  0 -9 
228 233   1  7  0 -9 
229 151  -1  3  0 -9 
229 159  -1  1  0 -9 
229 161  -1  4  1  2  0 -9 
229 162   1  2  0 -9 
229 163   1  5  0 -9 
229 199   1  2  0 -9 
229 201  -1  3  0 -9 
229 202  -1  1  0 -9 
229 207  -1  1  0 -9 
229 210  -1  3  0 -9 
229 212   1  2  0 -9 
229 213  -1  3  0 -9 
229 214   1  4  0 -9 
229 229   1  0  0 -9 
229 231  -1  1  0 -9 
229 232   1  2  0 -9 
229 233  -1  3  0 -9 
230 156   1  6  0 -9 
230 160  -1  5  0 -9 
230 226   1  3  0 -9 
230 228  -1  4  0 -9 
231 161  -1  5  0 -9 
231 163   1  6  0 -9 
231 210  -1  4  0 -9 
231 213  -1  4  0 -9 
231 214   1  5  0 -9 
231 232   1  3  0 -9 
231 233  -1  4  0 -9 
232 161  -1  4  0 -9 
232 203   1  6  0 -9 
232 210  -1  5  0 -9 
232 213  -1  5  0 -9 
232 214   1  6  0 -9 
232 231   1  3  0 -9 
232 233   1  7  0 -9 
233 233   1  8  0 -9 
234 151  -1  2  0 -9 
234 159  -1  0  0 -9 
234 161  -1  3  0 -9 
234 162   1  1  0 -9 
234 163   1  4  0 -9 
234 199   1  1  0 -9 
234 202  -1  0  0 -9 
234 203  -1  3  0 -9 
234 204   1 -1  0 -9 
234 205   1  2  0 -9 
234 207  -1  0  0 -9 
234 229   1 -1  0 -9 
234 231  -1  0  0 -9 
234 232   1  1  0 -9 
234 233  -1  2  0 -9 
234 234  -1 -2  0 -9 
234 236   1 -1  0 -9 
234 237  -1  0  0 -9 
234 238   1  1  0 -9 
235 156   1  5  0 -9 
235 160  -1  4  0 -9 
235 226   1  2  0 -9 
235 230  -1  1  0 -9 
235 233  -1  4  0 -9 
235 235   1  0  0 -9 
235 238   1  3  0 -9 
236 161  -1  4  0 -9 
236 163   1  5  0 -9 
236 213  -1  3  0 -9 
236 231  -1  1  0 -9 
236 232   1  2  0 -9 
236 233  -1  3  0 -9 
236 236   1  0  0 -9 
236 237  -1  1  0 -9 
236 238   1  2  0 -9 
236 239   1  2  0 -9 
237 203   1  5  0 -9 
237 205  -1  4  0 -9 
237 213  -1  4  0 -9 
237 233   1  6  0 -9 
237 238  -1  5  0 -9 
237 239   1  3  0 -9 
238 233   1  7  0 -9 
238 238  -1  6  0 -9 
239 203   1  6  0 -9 
239 205  -1  5  0 -9 
239 213  -1  5  0 -9 
239 214   1  6  0 -9 
239 237   1  3  0 -9 
239 238  -1  4  0 -9 
240 156   1  4  0 -9 
240 160  -1  3  0 -9 
240 169  -1  3  0 -9 
240 171   1  4  0 -9 
240 182   1  2  0 -9 
240 184  -1  3  0 -9 
240 186   1 -1  0 -9 
240 196  -1  0  0 -9 
240 197   1  1  0 -9 
240 228   1  2  0 -9 
240 230  -1  0  0 -9 
240 233  -1  3  0 -9 
240 235   1 -1  0 -9 
240 238   1  2  0 -9 
240 240  -1 -2  0 -9 
240 242   1 -1  0 -9 
240 243  -1  0  0 -9 
241 161  -1  3  0 -9 
241 163   1  4  0 -9 
241 176  -1  3  0 -9 
241 179  -1  3  0 -9 
241 180   1  4  0 -9 
241 187   1 -1  0 -9 
241 188   1  2  0 -9 
241 189  -1  3  0 -9 
241 194  -1  0  0 -9 
241 210   1  2  0 -9 
241 214  -1  3  0 -9 
241 220  -1  0  0 -9 
241 222   1 -1  0 -9 
241 223  -1  0  0 -9 
241 224   1  1  0 -9 
241 231  -1  0  0 -9 
241 236   1 -1  0 -9 
241 237  -1  0  0 -9 
241 238   1  1  0 -9 
241 239   1  1  0 -9 
241 241  -1 -2  0 -9 
241 244   1 -1  0 -9 
241 245  -1  0  0 -9 
242 171   1  5  0 -9 
242 184  -1  4  0 -9 
242 189   1  5  0 -9 
242 191   1  2  0 -9 
242 196  -1  1  0 -9 
242 197  -1  4  1  2  0 -9 
242 228   1  3  0 -9 
242 233  -1  4  0 -9 
242 242   1  0  0 -9 
242 243  -1  1  0 -9 
242 245   1  2  0 -9 
243 189   1  6  0 -9 
243 197  -1  5  0 -9 
243 238  -1  4  0 -9 
243 245   1  3  0 -9 
244 115  -1  3  0 -9 
244 127  -1  3  0 -9 
244 128   1  4  0 -9 
244 197  -1  3  0 -9 
244 203   1  4  0 -9 
244 205  -1  3  0 -9 
244 213  -1  3  0 -9 
244 218   1  2  0 -9 
244 219  -1  3  0 -9 
244 220  -1  1  0 -9 
244 223  -1  1  0 -9 
244 224   1  2  0 -9 
244 233   1  5  0 -9 
244 237  -1  1  0 -9 
244 238  -1  4  1  2  0 -9 
244 239   1  2  0 -9 
244 243   1  2  0 -9 
244 244   1  0  0 -9 
244 245  -1  1  0 -9 
245 197  -1  4  0 -9 
245 233   1  6  0 -9 
245 238  -1  5  0 -9 
245 243   1  3  0 -9 
246 247  -1  5  0 -9 
246 248   1  3  0 -9 
246 249  -1  4  0 -9 
246 250   1  6  0 -9 
247 247  -1  6  0 -9 
247 250   1  7  0 -9 
248 246   1  3  0 -9 
248 247  -1  4  0 -9 
248 249  -1  5  0 -9 
248 251   1  6  0 -9 
249 249  -1  6  0 -9 
249 251   1  7  0 -9 
250 250   1  8  0 -9 
251 251   1  8  0 -9 
252 246   1  2  0 -9 
252 248  -1  1  0 -9 
252 249  -1  4  1  2  0 -9 
252 250  -1  4  0 -9 
252 251   1  5  0 -9 
252 252   1  0  0 -9 
252 253  -1  1  0 -9 
252 254   1  3  0 -9 
252 255  -1  4  0 -9 
252 256   1  2  0 -9 
252 257   1  5  0 -9 
253 249  -1  5  0 -9 
253 251   1  6  0 -9 
253 255  -1  5  0 -9 
253 256   1  3  0 -9 
253 257   1  6  0 -9 
254 250   1  7  0 -9 
254 254  -1  6  0 -9 
255 251   1  7  0 -9 
255 255  -1  6  0 -9 
255 257   1  7  0 -9 
256 249  -1  4  0 -9 
256 251   1  5  0 -9 
256 253   1  3  0 -9 
256 255  -1  4  0 -9 
257 257   1  8  0 -9 
258 247  -1  4  0 -9 
258 250   1  5  0 -9 
258 259   1  3  0 -9 
258 260  -1  4  0 -9 
259 247  -1  5  0 -9 
259 250   1  6  0 -9 
259 258   1  3  0 -9 
259 260  -1  5  0 -9 
259 261   1  6  0 -9 
260 250   1  7  0 -9 
260 260  -1  6  0 -9 
260 261   1  7  0 -9 
261 261   1  8  0 -9 
262 247   1  1  0 -9 
262 250  -1  2  0 -9 
262 254   1  1  0 -9 
262 259  -1  0  0 -9 
262 260   1  1  0 -9 
262 262  -1 -2  0 -9 
262 263   1 -1  0 -9 
262 264   1 -1  0 -9 
262 265  -1  0  0 -9 
262 266  -1  3  0 -9 
262 268   1  2  0 -9 
262 269  -1  3  0 -9 
262 270   1  4  0 -9 
263 266  -1  4  0 -9 
263 268   1  3  0 -9 
263 269  -1  4  0 -9 
263 270   1  5  0 -9 
264 247   1  2  0 -9 
264 250  -1  3  0 -9 
264 254   1  2  0 -9 
264 258   1  2  0 -9 
264 259  -1  1  0 -9 
264 260  -1  4  1  2  0 -9 
264 261   1  5  0 -9 
264 264   1  0  0 -9 
264 265  -1  1  0 -9 
264 266  -1  4  0 -9 
264 267   1  2  0 -9 
264 270   1  5  0 -9 
265 250   1  6  0 -9 
265 254  -1  5  0 -9 
265 260  -1  5  0 -9 
265 261   1  6  0 -9 
265 266  -1  5  0 -9 
265 267   1  3  0 -9 
265 270   1  6  0 -9 
266 261   1  7  0 -9 
266 266  -1  6  0 -9 
266 270   1  7  0 -9 
267 250   1  5  0 -9 
267 254  -1  4  0 -9 
267 260  -1  4  0 -9 
267 261   1  5  0 -9 
267 265   1  3  0 -9 
267 266  -1  4  0 -9 
268 261   1  6  0 -9 
268 263   1  3  0 -9 
268 266  -1  5  0 -9 
268 269  -1  5  0 -9 
268 270   1  6  0 -9 
269 269  -1  6  0 -9 
269 270   1  7  0 -9 
270 270   1  8  0 -9 
271 247   1  2  0 -9 
271 248  -1  0  0 -9 
271 249   1  1  0 -9 
271 250  -1  3  0 -9 
271 252   1 -1  0 -9 
271 253  -1  0  0 -9 
271 254   1  2  0 -9 
271 255  -1  3  0 -9 
271 257   1  4  0 -9 
271 271  -1 -2  0 -9 
271 272   1 -1  0 -9 
271 273   1 -1  0 -9 
271 274  -1  0  0 -9 
271 275  -1  3  0 -9 
271 277   1  2  0 -9 
271 278  -1  3  0 -9 
271 279   1  4  0 -9 
272 255  -1  4  0 -9 
272 257   1  5  0 -9 
272 275  -1  4  0 -9 
272 277   1  3  0 -9 
272 278  -1  4  0 -9 
272 279   1  5  0 -9 
273 247   1  3  0 -9 
273 250  -1  4  0 -9 
273 273   1  0  0 -9 
273 274  -1  1  0 -9 
273 275  -1  4  0 -9 
273 276   1  2  0 -9 
273 279   1  5  0 -9 
274 254  -1  4  0 -9 
274 275  -1  5  0 -9 
274 276   1  3  0 -9 
274 279   1  6  0 -9 
275 275  -1  6  0 -9 
275 279   1  7  0 -9 
276 250   1  6  0 -9 
276 254  -1  5  0 -9 
276 274   1  3  0 -9 
276 275  -1  4  0 -9 
277 251   1  6  0 -9 
277 255  -1  5  0 -9 
277 257   1  6  0 -9 
277 272   1  3  0 -9 
277 275  -1  5  0 -9 
277 278  -1  5  0 -9 
277 279   1  6  0 -9 
278 257   1  7  0 -9 
278 278  -1  6  0 -9 
278 279   1  7  0 -9 
279 279   1  8  0 -9 
280 249  -1  3  0 -9 
280 251   1  4  0 -9 
280 253   1  2  0 -9 
280 255  -1  3  0 -9 
280 256   1 -1  0 -9 
280 275   1  1  0 -9 
280 277  -1  0  0 -9 
280 278   1  1  0 -9 
280 279  -1  2  0 -9 
280 280  -1 -2  0 -9 
280 282   1 -1  0 -9 
280 283  -1  0  0 -9 
280 284   1  1  0 -9 
281 250   1  5  0 -9 
281 254  -1  4  0 -9 
281 274   1  2  0 -9 
281 276  -1  1  0 -9 
281 279  -1  4  0 -9 
281 281   1  0  0 -9 
281 284   1  3  0 -9 
282 251   1  5  0 -9 
282 255  -1  4  0 -9 
282 257   1  5  0 -9 
282 272   1  2  0 -9 
282 275   1  2  0 -9 
282 277  -1  1  0 -9 
282 278  -1  4  1  2  0 -9 
282 279  -1  3  0 -9 
282 282   1  0  0 -9 
282 283  -1  1  0 -9 
282 284   1  2  0 -9 
282 285   1  2  0 -9 
283 257   1  6  0 -9 
283 278  -1  5  0 -9 
283 279   1  6  0 -9 
283 284  -1  5  0 -9 
283 285   1  3  0 -9 
284 279   1  7  0 -9 
284 284  -1  6  0 -9 
285 278  -1  4  0 -9 
285 279   1  5  0 -9 
285 283   1  3  0 -9 
285 284  -1  4  0 -9 
286 250   1  4  0 -9 
286 254  -1  3  0 -9 
286 260  -1  3  0 -9 
286 261   1  4  0 -9 
286 265   1  2  0 -9 
286 266  -1  3  0 -9 
286 267   1 -1  0 -9 
286 268  -1  0  0 -9 
286 269   1  1  0 -9 
286 275   1  2  0 -9 
286 276  -1  0  0 -9 
286 279  -1  3  0 -9 
286 281   1 -1  0 -9 
286 284   1  2  0 -9 
286 286  -1 -2  0 -9 
286 287   1 -1  0 -9 
286 288  -1  0  0 -9 
287 261   1  5  0 -9 
287 263   1  2  0 -9 
287 266  -1  4  0 -9 
287 268  -1  1  0 -9 
287 269  -1  4  1  2  0 -9 
287 270   1  5  0 -9 
287 275   1  3  0 -9 
287 279  -1  4  0 -9 
287 287   1  0  0 -9 
287 288  -1  1  0 -9 
287 289   1  2  0 -9 
288 269  -1  5  0 -9 
288 270   1  6  0 -9 
288 284  -1  4  0 -9 
288 289   1  3  0 -9 
289 269  -1  4  0 -9 
289 279   1  6  0 -9 
289 284  -1  5  0 -9 
289 288   1  3  0 -9 
290 290   1  0  0 -9 
290 291  -1  1  0 -9 
290 292   1  3  0 -9 
290 293  -1  4  0 -9 
290 294   1  2  0 -9 
290 295   1  5  0 -9 
291 293  -1  5  0 -9 
291 294   1  3  0 -9 
291 295   1  6  0 -9 
292 292  -1  6  0 -9 
293 293  -1  6  0 -9 
293 295   1  7  0 -9 
294 291   1  3  0 -9 
294 293  -1  4  0 -9 
295 295   1  8  0 -9 
296 291   1  2  0 -9 
296 294  -1  1  0 -9 
296 295  -1  4  0 -9 
296 296   1  0  0 -9 
296 297   1  3  0 -9 
297 295   1  7  0 -9 
297 297  -1  6  0 -9 
298 105   1  2  0 -9 
298 106  -1  0  0 -9 
298 107   1  1  0 -9 
298 108  -1  3  0 -9 
298 110   1 -1  0 -9 
298 111  -1  0  0 -9 
298 112   1  2  0 -9 
298 113  -1  3  0 -9 
298 115   1  4  0 -9 
298 290   1 -1  0 -9 
298 291  -1  0  0 -9 
298 292   1  2  0 -9 
298 293  -1  3  0 -9 
298 295   1  4  0 -9 
298 298  -1 -2  0 -9 
298 299   1 -1  0 -9 
298 300   1 -1  0 -9 
298 301  -1  0  0 -9 
298 302  -1  3  0 -9 
298 304   1  2  0 -9 
298 305  -1  3  0 -9 
298 306   1  4  0 -9 
299 113  -1  4  0 -9 
299 115   1  5  0 -9 
299 293  -1  4  0 -9 
299 295   1  5  0 -9 
299 302  -1  4  0 -9 
299 304   1  3  0 -9 
299 305  -1  4  0 -9 
299 306   1  5  0 -9 
300 105   1  3  0 -9 
300 108  -1  4  0 -9 
300 300   1  0  0 -9 
300 301  -1  1  0 -9 
300 302  -1  4  0 -9 
300 303   1  2  0 -9 
300 306   1  5  0 -9 
301 112  -1  4  0 -9 
301 292  -1  4  0 -9 
301 302  -1  5  0 -9 
301 303   1  3  0 -9 
301 306   1  6  0 -9 
302 302  -1  6  0 -9 
302 306   1  7  0 -9 
303 108   1  6  0 -9 
303 112  -1  5  0 -9 
303 292  -1  5  0 -9 
303 301   1  3  0 -9 
303 302  -1  4  0 -9 
304 109   1  6  0 -9 
304 113  -1  5  0 -9 
304 115   1  6  0 -9 
304 293  -1  5  0 -9 
304 295   1  6  0 -9 
304 299   1  3  0 -9 
304 302  -1  5  0 -9 
304 305  -1  5  0 -9 
304 306   1  6  0 -9 
305 115   1  7  0 -9 
305 295   1  7  0 -9 
305 305  -1  6  0 -9 
305 306   1  7  0 -9 
306 306   1  8  0 -9 
307 107  -1  3  0 -9 
307 109   1  4  0 -9 
307 111   1  2  0 -9 
307 113  -1  3  0 -9 
307 114   1 -1  0 -9 
307 293   1  1  0 -9 
307 295  -1  2  0 -9 
307 297   1  1  0 -9 
307 302   1  1  0 -9 
307 304  -1  0  0 -9 
307 305   1  1  0 -9 
307 306  -1  2  0 -9 
307 307  -1 -2  0 -9 
307 309   1 -1  0 -9 
307 310  -1  0  0 -9 
307 311   1  1  0 -9 
308 108   1  5  0 -9 
308 112  -1  4  0 -9 
308 292   1  2  0 -9 
308 301   1  2  0 -9 
308 303  -1  1  0 -9 
308 306  -1  4  0 -9 
308 308   1  0  0 -9 
308 311   1  3  0 -9 
309 109   1  5  0 -9 
309 113  -1  4  0 -9 
309 115   1  5  0 -9 
309 293   1  2  0 -9 
309 295  -1  3  0 -9 
309 297   1  2  0 -9 
309 299   1  2  0 -9 
309 302   1  2  0 -9 
309 304  -1  1  0 -9 
309 305  -1  4  1  2  0 -9 
309 306  -1  3  0 -9 
309 309   1  0  0 -9 
309 310  -1  1  0 -9 
309 311   1  2  0 -9 
309 312   1  2  0 -9 
310 115   1  6  0 -9 
310 295   1  6  0 -9 
310 297  -1  5  0 -9 
310 305  -1  5  0 -9 
310 306   1  6  0 -9 
310 311  -1  5  0 -9 
310 312   1  3  0 -9 
311 306   1  7  0 -9 
311 311  -1  6  0 -9 
312 295   1  5  0 -9 
312 297  -1  4  0 -9 
312 305  -1  4  0 -9 
312 306   1  5  0 -9 
312 310   1  3  0 -9 
312 311  -1  4  0 -9 
313 108   1  4  0 -9 
313 112  -1  3  0 -9 
313 118  -1  3  0 -9 
313 119   1  4  0 -9 
313 123   1  2  0 -9 
313 124  -1  3  0 -9 
313 125   1 -1  0 -9 
313 126  -1  0  0 -9 
313 127   1  1  0 -9 
313 292   1  1  0 -9 
313 302   1  2  0 -9 
313 303  -1  0  0 -9 
313 306  -1  3  0 -9 
313 308   1 -1  0 -9 
313 311   1  2  0 -9 
313 313  -1 -2  0 -9 
313 314   1 -1  0 -9 
313 315  -1  0  0 -9 
314 119   1  5  0 -9 
314 121   1  2  0 -9 
314 124  -1  4  0 -9 
314 126  -1  1  0 -9 
314 127  -1  4  1  2  0 -9 
314 128   1  5  0 -9 
314 302   1  3  0 -9 
314 306  -1  4  0 -9 
314 314   1  0  0 -9 
314 315  -1  1  0 -9 
314 316   1  2  0 -9 
315 127  -1  5  0 -9 
315 128   1  6  0 -9 
315 311  -1  4  0 -9 
315 316   1  3  0 -9 
316 127  -1  4  0 -9 
316 306   1  6  0 -9 
316 311  -1  5  0 -9 
316 315   1  3  0 -9 
317 151  -1  3  0 -9 
317 153   1  4  0 -9 
317 199   1  2  0 -9 
317 201  -1  3  0 -9 
317 202   1 -1  0 -9 
317 210   1  1  0 -9 
317 212  -1  0  0 -9 
317 213   1  1  0 -9 
317 214  -1  2  0 -9 
317 293   1  2  0 -9 
317 294  -1  0  0 -9 
317 295  -1  3  0 -9 
317 296   1 -1  0 -9 
317 297   1  2  0 -9 
317 317  -1 -2  0 -9 
317 319   1 -1  0 -9 
317 320  -1  0  0 -9 
317 321   1  1  0 -9 
318 152   1  5  0 -9 
318 200  -1  4  0 -9 
318 209   1  2  0 -9 
318 211  -1  1  0 -9 
318 214  -1  4  0 -9 
318 292   1  3  0 -9 
318 318   1  0  0 -9 
318 321   1  3  0 -9 
319 153   1  5  0 -9 
319 201  -1  4  0 -9 
319 203   1  5  0 -9 
319 207   1  2  0 -9 
319 210   1  2  0 -9 
319 212  -1  1  0 -9 
319 213  -1  4  1  2  0 -9 
319 214  -1  3  0 -9 
319 293   1  3  0 -9 
319 295  -1  4  0 -9 
319 319   1  0  0 -9 
319 320  -1  1  0 -9 
319 321   1  2  0 -9 
319 322   1  2  0 -9 
320 203   1  6  0 -9 
320 213  -1  5  0 -9 
320 214   1  6  0 -9 
320 297  -1  4  0 -9 
320 321  -1  5  0 -9 
320 322   1  3  0 -9 
321 214   1  7  0 -9 
321 321  -1  6  0 -9 
322 213  -1  4  0 -9 
322 214   1  5  0 -9 
322 295   1  6  0 -9 
322 297  -1  5  0 -9 
322 320   1  3  0 -9 
322 321  -1  4  0 -9 
323 213  -1  3  0 -9 
323 233   1  5  0 -9 
323 237  -1  1  0 -9 
323 238  -1  4  0 -9 
323 239   1  2  0 -9 
323 295   1  5  0 -9 
323 297  -1  4  0 -9 
323 320   1  2  0 -9 
323 322  -1  1  0 -9 
323 323   1  0  0 -9 
324 197  -1  2  0 -9 
324 214  -1  3  0 -9 
324 220  -1  0  0 -9 
324 223  -1  0  0 -9 
324 224   1  1  0 -9 
324 233   1  4  0 -9 
324 237  -1  0  0 -9 
324 238  -1  3  0 -9 
324 239   1  1  0 -9 
324 243   1  1  0 -9 
324 244   1 -1  0 -9 
324 245  -1  0  0 -9 
324 295   1  4  0 -9 
324 297  -1  3  0 -9 
324 305  -1  3  0 -9 
324 306   1  4  0 -9 
324 310   1  2  0 -9 
324 311  -1  3  0 -9 
324 312   1 -1  0 -9 
324 316  -1  0  0 -9 
324 321   1  2  0 -9 
324 322  -1  0  0 -9 
324 323   1 -1  0 -9 
324 324  -1 -2  0 -9 
324 325   1 -1  0 -9 
325 127  -1  3  0 -9 
325 197  -1  3  0 -9 
325 214  -1  4  0 -9 
325 223  -1  1  0 -9 
325 224   1  2  0 -9 
325 233   1  5  0 -9 
325 238  -1  4  0 -9 
325 243   1  2  0 -9 
325 245  -1  1  0 -9 
325 306   1  5  0 -9 
325 311  -1  4  0 -9 
325 315   1  2  0 -9 
325 316  -1  1  0 -9 
325 321   1  3  0 -9 
325 325   1  0  0 -9 
326 149  -1  4  0 -9 
326 152   1  5  0 -9 
326 247  -1  4  0 -9 
326 250   1  5  0 -9 
326 327   1  3  0 -9 
326 328  -1  4  0 -9 
327 149  -1  5  0 -9 
327 152   1  6  0 -9 
327 247  -1  5  0 -9 
327 250   1  6  0 -9 
327 326   1  3  0 -9 
327 328  -1  5  0 -9 
327 329   1  6  0 -9 
328 152   1  7  0 -9 
328 250   1  7  0 -9 
328 328  -1  6  0 -9 
328 329   1  7  0 -9 
329 329   1  8  0 -9 
330 149  -1  3  0 -9 
330 152   1  4  0 -9 
330 156  -1  3  0 -9 
330 246   1  2  0 -9 
330 247  -1  3  0 -9 
330 248  -1  1  0 -9 
330 249  -1  4  1  2  0 -9 
330 251   1  5  0 -9 
330 326  -1  1  0 -9 
330 327   1  2  0 -9 
330 328  -1  3  0 -9 
330 330   1  0  0 -9 
330 331  -1  1  0 -9 
330 332  -1  1  0 -9 
330 333   1  2  0 -9 
330 334  -1  3  0 -9 
330 335  -1  3  0 -9 
330 336   1  2  0 -9 
330 337   1  4  0 -9 
331 249  -1  5  0 -9 
331 251   1  6  0 -9 
331 334  -1  4  0 -9 
331 335  -1  4  0 -9 
331 336   1  3  0 -9 
331 337   1  5  0 -9 
332 149  -1  4  0 -9 
332 152   1  5  0 -9 
332 156  -1  4  0 -9 
332 328  -1  4  0 -9 
332 329   1  5  0 -9 
332 333   1  3  0 -9 
332 334  -1  4  0 -9 
332 335  -1  4  0 -9 
332 337   1  5  0 -9 
333 149  -1  5  0 -9 
333 152   1  6  0 -9 
333 156   1  7  0 -9 
333 250   1  6  0 -9 
333 328  -1  5  0 -9 
333 329   1  6  0 -9 
333 332   1  3  0 -9 
333 334  -1  5  0 -9 
333 335  -1  5  0 -9 
333 337   1  6  0 -9 
334 329   1  7  0 -9 
334 334  -1  6  0 -9 
334 337   1  7  0 -9 
335 335  -1  6  0 -9 
335 337   1  7  0 -9 
336 249  -1  4  0 -9 
336 329   1  6  0 -9 
336 331   1  3  0 -9 
336 334  -1  5  0 -9 
336 335  -1  5  0 -9 
336 337   1  6  0 -9 
337 337   1  8  0 -9 
338 156  -1  2  0 -9 
338 160   1  1  0 -9 
338 246   1  1  0 -9 
338 248  -1  0  0 -9 
338 249  -1  3  1  1  0 -9 
338 250  -1  3  0 -9 
338 251   1  4  0 -9 
338 252   1 -1  0 -9 
338 253  -1  0  0 -9 
338 254   1  2  0 -9 
338 255  -1  3  0 -9 
338 257   1  4  0 -9 
338 326  -1  0  0 -9 
338 329  -1  3  0 -9 
338 330   1 -1  0 -9 
338 331  -1  0  0 -9 
338 332  -1  0  0 -9 
338 333   1  1  0 -9 
338 338  -1 -2  0 -9 
338 339   1 -1  0 -9 
338 340   1 -1  0 -9 
338 341  -1  0  0 -9 
338 342  -1  3  0 -9 
338 344   1  2  0 -9 
338 345  -1  3  0 -9 
338 346   1  4  0 -9 
339 249  -1  4  0 -9 
339 251   1  5  0 -9 
339 255  -1  4  0 -9 
339 257   1  5  0 -9 
339 329  -1  4  0 -9 
339 342  -1  4  0 -9 
339 344   1  3  0 -9 
339 345  -1  4  0 -9 
339 346   1  5  0 -9 
340 156  -1  3  0 -9 
340 160   1  2  0 -9 
340 328  -1  3  0 -9 
340 332  -1  1  0 -9 
340 333   1  2  0 -9 
340 335  -1  3  0 -9 
340 340   1  0  0 -9 
340 341  -1  1  0 -9 
340 342  -1  4  0 -9 
340 343   1  2  0 -9 
340 346   1  5  0 -9 
341 156   1  6  0 -9 
341 160  -1  5  0 -9 
341 250   1  5  0 -9 
341 254  -1  4  0 -9 
341 328  -1  4  0 -9 
341 335  -1  4  0 -9 
341 342  -1  5  0 -9 
341 343   1  3  0 -9 
341 346   1  6  0 -9 
342 342  -1  6  0 -9 
342 346   1  7  0 -9 
343 152   1  6  0 -9 
343 160  -1  4  0 -9 
343 250   1  6  0 -9 
343 254  -1  5  0 -9 
343 328  -1  5  0 -9 
343 329   1  6  0 -9 
343 335  -1  5  0 -9 
343 337   1  6  0 -9 
343 341   1  3  0 -9 
343 342  -1  4  0 -9 
344 249  -1  5  0 -9 
344 251   1  6  0 -9 
344 255  -1  5  0 -9 
344 257   1  6  0 -9 
344 329   1  7  0 -9 
344 339   1  3  0 -9 
344 342  -1  5  0 -9 
344 345  -1  5  0 -9 
344 346   1  6  0 -9 
345 257   1  7  0 -9 
345 345  -1  6  0 -9 
345 346   1  7  0 -9 
346 346   1  8  0 -9 
347 256  -1  0  0 -9 
347 329  -1  2  0 -9 
347 334   1  1  0 -9 
347 335   1  1  0 -9 
347 336  -1  0  0 -9 
347 337  -1  2  0 -9 
347 339  -1  0  0 -9 
347 342  -1  2 -1  0  0 -9 
347 344   1  1  0 -9 
347 345  -1  2  0 -9 
347 346   1  3  0 -9 
347 347  -1 -2  0 -9 
347 348  -1  0  0 -9 
347 349   1 -1  0 -9 
347 350   1  1  0 -9 
347 351   1 -1  0 -9 
347 353  -1  0  0 -9 
347 354   1  1  0 -9 
347 355  -1  2  0 -9 
348 335  -1  5  0 -9 
348 337   1  6  0 -9 
348 350  -1  5  0 -9 
348 352   1  3  0 -9 
348 355   1  6  0 -9 
349 249  -1  3  0 -9 
349 329  -1  3  0 -9 
349 331   1  2  0 -9 
349 334   1  2  0 -9 
349 335  -1  4  1  2  0 -9 
349 336  -1  1  0 -9 
349 337  -1  3  0 -9 
349 339  -1  1  0 -9 
349 342  -1  5 -1  3 -1  1  0 -9 
349 344   1  2  0 -9 
349 345  -1  3  0 -9 
349 346   1  6  1  4  0 -9 
349 348  -1  1  0 -9 
349 349   1  0  0 -9 
349 350   1  2  0 -9 
349 352   1  2  0 -9 
349 353  -1  1  0 -9 
349 354   1  2  0 -9 
349 355  -1  3  0 -9 
350 337   1  7  0 -9 
350 350  -1  6  0 -9 
350 355   1  7  0 -9 
351 249  -1  3  0 -9 
351 251   1  4  0 -9 
351 253   1  2  0 -9 
351 255  -1  3  0 -9 
351 256  -1  1  0 -9 
351 329  -1  3  0 -9 
351 339  -1  1  0 -9 
351 342  -1  3  0 -9 
351 344   1  2  0 -9 
351 345  -1  3  0 -9 
351 346   1  4  0 -9 
351 351   1  0  0 -9 
351 353  -1  1  0 -9 
351 354   1  2  0 -9 
351 355  -1  3  0 -9 
352 335  -1  4  0 -9 
352 337   1  5  0 -9 
352 348   1  3  0 -9 
352 350  -1  4  0 -9 
353 342  -1  4  0 -9 
353 345  -1  4  0 -9 
353 346   1  5  0 -9 
353 354   1  3  0 -9 
353 355  -1  4  0 -9 
354 257   1  6  0 -9 
354 342  -1  5  0 -9 
354 345  -1  5  0 -9 
354 346   1  6  0 -9 
354 353   1  3  0 -9 
354 355   1  7  0 -9 
355 355   1  8  0 -9 
356 149   1  1  0 -9 
356 152  -1  2  0 -9 
356 200   1  1  0 -9 
356 247   1  1  0 -9 
356 250  -1  2  0 -9 
356 254   1  1  0 -9 
356 327  -1  0  0 -9 
356 328   1  1  0 -9 
356 356  -1 -2  0 -9 
356 357   1 -1  0 -9 
356 358   1 -1  0 -9 
356 359  -1  0  0 -9 
356 360  -1  3  0 -9 
356 362   1  2  0 -9 
356 363  -1  3  0 -9 
356 364   1  4  0 -9 
357 360  -1  4  0 -9 
357 362   1  3  0 -9 
357 363  -1  4  0 -9 
357 364   1  5  0 -9 
358 149   1  2  0 -9 
358 152  -1  3  0 -9 
358 200   1  2  0 -9 
358 247   1  2  0 -9 
358 250  -1  3  0 -9 
358 254   1  2  0 -9 
358 326   1  2  0 -9 
358 327  -1  1  0 -9 
358 328  -1  4  1  2  0 -9 
358 329   1  5  0 -9 
358 358   1  0  0 -9 
358 359  -1  1  0 -9 
358 360  -1  4  0 -9 
358 361   1  2  0 -9 
358 364   1  5  0 -9 
359 152   1  6  0 -9 
359 200  -1  5  0 -9 
359 250   1  6  0 -9 
359 254  -1  5  0 -9 
359 328  -1  5  0 -9 
359 329   1  6  0 -9 
359 360  -1  5  0 -9 
359 361   1  3  0 -9 
359 364   1  6  0 -9 
360 329   1  7  0 -9 
360 360  -1  6  0 -9 
360 364   1  7  0 -9 
361 152   1  5  0 -9 
361 200  -1  4  0 -9 
361 250   1  5  0 -9 
361 254  -1  4  0 -9 
361 328  -1  4  0 -9 
361 329   1  5  0 -9 
361 359   1  3  0 -9 
361 360  -1  4  0 -9 
362 329   1  6  0 -9 
362 357   1  3  0 -9 
362 360  -1  5  0 -9 
362 363  -1  5  0 -9 
362 364   1  6  0 -9 
363 363  -1  6  0 -9 
363 364   1  7  0 -9 
364 364   1  8  0 -9 
365 249  -1  2  0 -9 
365 251   1  3  0 -9 
365 253   1  1  0 -9 
365 255  -1  2 -1  0  0 -9 
365 256  -1  0  0 -9 
365 257   1  1  0 -9 
365 329  -1  2  0 -9 
365 339  -1  0  0 -9 
365 342  -1  2 -1  0  0 -9 
365 344   1  1  0 -9 
365 345  -1  2  0 -9 
365 346   1  3  0 -9 
365 351   1 -1  0 -9 
365 353  -1  0  0 -9 
365 354   1  1  0 -9 
365 355  -1  2  0 -9 
365 360   1  1  0 -9 
365 362  -1  0  0 -9 
365 363   1  1  0 -9 
365 364  -1  2  0 -9 
365 365  -1 -2  0 -9 
365 367   1 -1  0 -9 
365 368  -1  0  0 -9 
365 369   1  1  0 -9 
366 156   1  5  0 -9 
366 160  -1  4  0 -9 
366 250   1  6  1  4  0 -9 
366 254  -1  5 -1  3 -1  1  0 -9 
366 328  -1  3  0 -9 
366 335  -1  3  0 -9 
366 341  -1  1  0 -9 
366 342  -1  4  0 -9 
366 343   1  2  0 -9 
366 346   1  5  0 -9 
366 348   1  2  0 -9 
366 352  -1  1  0 -9 
366 355  -1  4  0 -9 
366 359   1  2  0 -9 
366 361  -1  1  0 -9 
366 364  -1  4  0 -9 
366 366   1  0  0 -9 
366 369   1  3  0 -9 
367 249  -1  3  0 -9 
367 251   1  6  1  4  0 -9 
367 253   1  2  0 -9 
367 255  -1  5 -1  3 -1  1  0 -9 
367 256  -1  1  0 -9 
367 257   1  6  1  2  0 -9 
367 329  -1  3  0 -9 
367 339  -1  1  0 -9 
367 342  -1  5 -1  3 -1  1  0 -9 
367 344   1  2  0 -9 
367 345  -1  3  0 -9 
367 346   1  6  1  4  0 -9 
367 353  -1  1  0 -9 
367 354   1  2  0 -9 
367 355  -1  3  0 -9 
367 357   1  2  0 -9 
367 360   1  2  0 -9 
367 362  -1  1  0 -9 
367 363  -1  4  1  2  0 -9 
367 364  -1  3  0 -9 
367 367   1  0  0 -9 
367 368  -1  1  0 -9 
367 369   1  2  0 -9 
367 370   1  2  0 -9 
368 257   1  7  0 -9 
368 355   1  6  0 -9 
368 363  -1  5  0 -9 
368 364   1  6  0 -9 
368 369  -1  5  0 -9 
368 370   1  3  0 -9 
369 355   1  7  0 -9 
369 364   1  7  0 -9 
369 369  -1  6  0 -9 
370 257  -1  4  0 -9 
370 363  -1  4  0 -9 
370 364   1  5  0 -9 
370 368   1  3  0 -9 
370 369  -1  4  0 -9 
371 149   1  2  0 -9 
371 152  -1  3  0 -9 
371 160   1  1  0 -9 
371 208   1 -1  0 -9 
371 209  -1  0  0 -9 
371 210  -1  3  0 -9 
371 211   1  1  0 -9 
371 214   1  4  0 -9 
371 230  -1  0  0 -9 
371 329  -1  3  0 -9 
371 332  -1  0  0 -9 
371 334   1  2  0 -9 
371 337  -1  3  0 -9 
371 340   1 -1  0 -9 
371 341  -1  0  0 -9 
371 342  -1  3  0 -9 
371 343   1  1  0 -9 
371 346   1  4  0 -9 
371 352  -1  0  0 -9 
371 357  -1  0  0 -9 
371 361  -1  0  0 -9 
371 362   1  1  0 -9 
371 363  -1  2  0 -9 
371 371  -1 -2  0 -9 
371 372  -1  0  0 -9 
371 373   1 -1  0 -9 
371 374   1 -1  0 -9 
371 375  -1  0  0 -9 
371 376   1  1  0 -9 
371 377   1  1  0 -9 
371 378  -1  2  0 -9 
372 228  -1  4  0 -9 
372 233   1  5  0 -9 
372 350  -1  4  0 -9 
372 355   1  5  0 -9 
372 377   1  3  0 -9 
372 378  -1  4  0 -9 
373 210  -1  4  0 -9 
373 214   1  5  0 -9 
373 329  -1  4  0 -9 
373 334   1  3  0 -9 
373 337  -1  4  0 -9 
373 342  -1  4  0 -9 
373 346   1  5  0 -9 
373 357  -1  1  0 -9 
373 362   1  2  0 -9 
373 363  -1  3  0 -9 
373 372  -1  1  0 -9 
373 373   1  0  0 -9 
373 375  -1  1  0 -9 
373 376   1  2  0 -9 
373 377   1  2  0 -9 
373 378  -1  3  0 -9 
374 156   1  5  0 -9 
374 160  -1  4  1  2  0 -9 
374 200  -1  3  0 -9 
374 209  -1  1  0 -9 
374 210  -1  4  1  2  0 -9 
374 211   1  2  0 -9 
374 214   1  5  0 -9 
374 226   1  2  0 -9 
374 228  -1  3  0 -9 
374 230  -1  1  0 -9 
374 250   1  4  0 -9 
374 254  -1  3  0 -9 
374 328  -1  3  0 -9 
374 335  -1  3  0 -9 
374 341  -1  1  0 -9 
374 342  -1  4  1  2  0 -9 
374 343   1  2  0 -9 
374 346   1  5  0 -9 
374 348   1  2  0 -9 
374 350  -1  3  0 -9 
374 352  -1  1  0 -9 
374 357  -1  1  0 -9 
374 359   1  2  0 -9 
374 360  -1  3  0 -9 
374 361  -1  1  0 -9 
374 362   1  2  0 -9 
374 363  -1  3  0 -9 
374 372  -1  1  0 -9 
374 374   1  0  0 -9 
374 375  -1  1  0 -9 
374 376   1  2  0 -9 
374 377   1  2  0 -9 
374 378  -1  3  0 -9 
375 210  -1  5  0 -9 
375 214   1  6  0 -9 
375 342  -1  5  0 -9 
375 346   1  6  0 -9 
375 363  -1  4  0 -9 
375 376   1  3  0 -9 
375 378  -1  4  0 -9 
376 210  -1  4  0 -9 
376 233   1  6  0 -9 
376 342  -1  4  0 -9 
376 355   1  6  0 -9 
376 363  -1  5  0 -9 
376 364   1  6  0 -9 
376 375   1  3  0 -9 
376 378  -1  5  0 -9 
377 228  -1  5  0 -9 
377 233   1  6  0 -9 
377 337   1  6  0 -9 
377 350  -1  5  0 -9 
377 355   1  6  0 -9 
377 372   1  3  0 -9 
377 378  -1  5  0 -9 
378 233   1  7  0 -9 
378 355   1  7  0 -9 
378 378  -1  6  0 -9 
379 156   1  4  0 -9 
379 160  -1  3  0 -9 
379 209  -1  0  0 -9 
379 210   1  1  0 -9 
379 226   1  1  0 -9 
379 230  -1  0  0 -9 
379 233  -1  3  0 -9 
379 235   1 -1  0 -9 
379 238   1  2  0 -9 
379 250   1  3  0 -9 
379 254  -1  2 -1  0  0 -9 
379 328  -1  2  0 -9 
379 335  -1  2  0 -9 
379 341  -1  0  0 -9 
379 342  -1  3  0 -9 
379 343   1  1  0 -9 
379 346   1  4  0 -9 
379 348   1  1  0 -9 
379 352  -1  0  0 -9 
379 355  -1  3  0 -9 
379 357  -1  0  0 -9 
379 359   1  1  0 -9 
379 361  -1  0  0 -9 
379 364  -1  3  0 -9 
379 366   1 -1  0 -9 
379 369   1  2  0 -9 
379 372  -1  0  0 -9 
379 374   1 -1  0 -9 
379 375  -1  0  0 -9 
379 376   1  1  0 -9 
379 379  -1 -2  0 -9 
379 380   1 -1  0 -9 
379 381  -1  0  0 -9 
380 210   1  2  0 -9 
380 214  -1  3  0 -9 
380 342  -1  4  0 -9 
380 346   1  5  0 -9 
380 363  -1  3  0 -9 
380 375  -1  1  0 -9 
380 376   1  2  0 -9 
380 378  -1  3  0 -9 
380 380   1  0  0 -9 
380 381  -1  1  0 -9 
380 382   1  2  0 -9 
381 214  -1  4  0 -9 
381 233   1  5  0 -9 
381 238  -1  4  0 -9 
381 355   1  5  0 -9 
381 363  -1  4  0 -9 
381 364   1  5  0 -9 
381 369  -1  4  0 -9 
381 378  -1  4  0 -9 
381 382   1  3  0 -9 
382 214   1  7  0 -9 
382 233   1  6  0 -9 
382 238  -1  5  0 -9 
382 355   1  6  0 -9 
382 363  -1  5  0 -9 
382 364   1  6  0 -9 
382 369  -1  5  0 -9 
382 378  -1  5  0 -9 
382 381   1  3  0 -9 
383 228   1  1  0 -9 
383 233  -1  2  0 -9 
383 238   1  1  0 -9 
383 335  -1  3  0 -9 
383 337   1  4  0 -9 
383 348   1  2  0 -9 
383 350  -1  3  0 -9 
383 352   1 -1  0 -9 
383 377  -1  0  0 -9 
383 378   1  1  0 -9 
383 383  -1 -2  0 -9 
383 385   1 -1  0 -9 
383 386  -1  0  0 -9 
384 210   1  1  0 -9 
384 214  -1  2  0 -9 
384 342  -1  3  0 -9 
384 345  -1  3  0 -9 
384 346   1  4  0 -9 
384 353   1 -1  0 -9 
384 354   1  2  0 -9 
384 355  -1  3  0 -9 
384 370  -1  0  0 -9 
384 375  -1  0  0 -9 
384 380   1 -1  0 -9 
384 381  -1  0  0 -9 
384 382   1  1  0 -9 
384 384  -1 -2  0 -9 
384 387   1 -1  0 -9 
384 388  -1  0  0 -9 
385 228   1  2  0 -9 
385 233  -1  3  0 -9 
385 238   1  2  0 -9 
385 337   1  5  0 -9 
385 350  -1  4  0 -9 
385 355   1  5  0 -9 
385 372   1  2  0 -9 
385 377  -1  1  0 -9 
385 378  -1  4  1  2  0 -9 
385 385   1  0  0 -9 
385 386  -1  1  0 -9 
385 388   1  2  0 -9 
386 233   1  6  0 -9 
386 238  -1  5  0 -9 
386 355   1  6  0 -9 
386 378  -1  5  0 -9 
386 388   1  3  0 -9 
387 214  -1  3  0 -9 
387 233   1  4  0 -9 
387 238  -1  3  0 -9 
387 257  -1  3  0 -9 
387 363  -1  3  0 -9 
387 364   1  4  0 -9 
387 368   1  2  0 -9 
387 369  -1  3  0 -9 
387 370  -1  1  0 -9 
387 378  -1  3  0 -9 
387 381  -1  1  0 -9 
387 382   1  2  0 -9 
387 386   1  2  0 -9 
387 387   1  0  0 -9 
387 388  -1  1  0 -9 
388 233   1  5  0 -9 
388 238  -1  4  0 -9 
388 378  -1  4  0 -9 
388 386   1  3  0 -9 
389 292   1  1  0 -9 
389 389  -1 -2  0 -9 
389 390   1 -1  0 -9 
389 391   1 -1  0 -9 
389 392  -1  0  0 -9 
389 393  -1  3  0 -9 
389 395   1  2  0 -9 
389 396  -1  3  0 -9 
389 397   1  4  0 -9 
390 393  -1  4  0 -9 
390 395   1  3  0 -9 
390 396  -1  4  0 -9 
390 397   1  5  0 -9 
391 292   1  2  0 -9 
391 391   1  0  0 -9 
391 392  -1  1  0 -9 
391 393  -1  4  0 -9 
391 394   1  2  0 -9 
391 397   1  5  0 -9 
392 292  -1  5  0 -9 
392 393  -1  5  0 -9 
392 394   1  3  0 -9 
392 397   1  6  0 -9 
393 393  -1  6  0 -9 
393 397   1  7  0 -9 
394 292  -1  4  0 -9 
394 392   1  3  0 -9 
394 393  -1  4  0 -9 
395 390   1  3  0 -9 
395 393  -1  5  0 -9 
395 396  -1  5  0 -9 
395 397   1  6  0 -9 
396 396  -1  6  0 -9 
396 397   1  7  0 -9 
397 397   1  8  0 -9 
398 393   1  1  0 -9 
398 395  -1  0  0 -9 
398 396   1  1  0 -9 
398 397  -1  2  0 -9 
398 398  -1 -2  0 -9 
398 400   1 -1  0 -9 
398 401  -1  0  0 -9 
398 402   1  1  0 -9 
399 392   1  2  0 -9 
399 394  -1  1  0 -9 
399 397  -1  4  0 -9 
399 399   1  0  0 -9 
399 402   1  3  0 -9 
400 390   1  2  0 -9 
400 393   1  2  0 -9 
400 395  -1  1  0 -9 
400 396  -1  4  1  2  0 -9 
400 397  -1  3  0 -9 
400 400   1  0  0 -9 
400 401  -1  1  0 -9 
400 402   1  2  0 -9 
400 403   1  2  0 -9 
401 396  -1  5  0 -9 
401 397   1  6  0 -9 
401 402  -1  5  0 -9 
401 403   1  3  0 -9 
402 397   1  7  0 -9 
402 402  -1  6  0 -9 
403 396  -1  4  0 -9 
403 397   1  5  0 -9 
403 401   1  3  0 -9 
403 402  -1  4  0 -9 
404 152   1  4  0 -9 
404 200  -1  3  0 -9 
404 210   1  2  0 -9 
404 211  -1  0  0 -9 
404 214  -1  3  0 -9 
404 250   1  4  0 -9 
404 254  -1  3  0 -9 
404 275   1  2  0 -9 
404 276  -1  0  0 -9 
404 279  -1  3  0 -9 
404 281   1 -1  0 -9 
404 284   1  2  0 -9 
404 292   1  2  0 -9 
404 318   1 -1  0 -9 
404 321   1  2  0 -9 
404 328  -1  3  0 -9 
404 329   1  4  0 -9 
404 359   1  2  0 -9 
404 360  -1  3  0 -9 
404 361   1 -1  0 -9 
404 362  -1  0  0 -9 
404 363   1  1  0 -9 
404 393   1  2  0 -9 
404 394  -1  0  0 -9 
404 397  -1  3  0 -9 
404 399   1 -1  0 -9 
404 402   1  2  0 -9 
404 404  -1 -2  0 -9 
404 405   1 -1  0 -9 
404 406  -1  0  0 -9 
405 210   1  3  0 -9 
405 214  -1  4  0 -9 
405 275   1  3  0 -9 
405 279  -1  4  0 -9 
405 329   1  5  0 -9 
405 357   1  2  0 -9 
405 360  -1  4  0 -9 
405 362  -1  1  0 -9 
405 363  -1  4  1  2  0 -9 
405 364   1  5  0 -9 
405 393   1  3  0 -9 
405 397  -1  4  0 -9 
405 405   1  0  0 -9 
405 406  -1  1  0 -9 
405 407   1  2  0 -9 
406 284  -1  4  0 -9 
406 321  -1  4  0 -9 
406 363  -1  5  0 -9 
406 364   1  6  0 -9 
406 402  -1  4  0 -9 
406 407   1  3  0 -9 
407 214   1  6  0 -9 
407 279   1  6  0 -9 
407 284  -1  5  0 -9 
407 321  -1  5  0 -9 
407 363  -1  4  0 -9 
407 397   1  6  0 -9 
407 402  -1  5  0 -9 
407 406   1  3  0 -9 
408 214  -1  2  0 -9 
408 233   1  3  0 -9 
408 238  -1  2 -1  0  0 -9 
408 278  -1  3  0 -9 
408 279   1  4  0 -9 
408 283   1  2  0 -9 
408 284  -1  3  0 -9 
408 285   1 -1  0 -9 
408 321   1  1  0 -9 
408 370  -1  0  0 -9 
408 378  -1  2  0 -9 
408 381  -1  0  0 -9 
408 382   1  1  0 -9 
408 386   1  1  0 -9 
408 387   1 -1  0 -9 
408 388  -1  0  0 -9 
408 396  -1  3  0 -9 
408 397   1  4  0 -9 
408 401   1  2  0 -9 
408 402  -1  3  0 -9 
408 403   1 -1  0 -9 
408 407  -1  0  0 -9 
408 408  -1 -2  0 -9 
408 409   1 -1  0 -9 
409 214  -1  3  0 -9 
409 233   1  6  1  4  0 -9 
409 238  -1  5 -1  3 -1  1  0 -9 
409 279   1  5  0 -9 
409 284  -1  4  0 -9 
409 321   1  2  0 -9 
409 363  -1  3  0 -9 
409 378  -1  3  0 -9 
409 381  -1  1  0 -9 
409 382   1  2  0 -9 
409 386   1  2  0 -9 
409 388  -1  1  0 -9 
409 397   1  5  0 -9 
409 402  -1  4  0 -9 
409 406   1  2  0 -9 
409 407  -1  1  0 -9 
409 409   1  0  0 -9 
410 290   1 -1  0 -9 
410 291  -1  0  0 -9 
410 292   1  2  0 -9 
410 293  -1  3  0 -9 
410 295   1  4  0 -9 
410 410  -1 -2  0 -9 
410 411   1 -1  0 -9 
410 412   1 -1  0 -9 
410 413  -1  0  0 -9 
410 414  -1  3  0 -9 
410 416   1  2  0 -9 
410 417  -1  3  0 -9 
410 418   1  4  0 -9 
411 293  -1  4  0 -9 
411 295   1  5  0 -9 
411 414  -1  4  0 -9 
411 416   1  3  0 -9 
411 417  -1  4  0 -9 
411 418   1  5  0 -9 
412 412   1  0  0 -9 
412 413  -1  1  0 -9 
412 414  -1  4  0 -9 
412 415   1  2  0 -9 
412 418   1  5  0 -9 
413 292  -1  4  0 -9 
413 414  -1  5  0 -9 
413 415   1  3  0 -9 
413 418   1  6  0 -9 
414 414  -1  6  0 -9 
414 418   1  7  0 -9 
415 292  -1  5  0 -9 
415 413   1  3  0 -9 
415 414  -1  4  0 -9 
416 293  -1  5  0 -9 
416 295   1  6  0 -9 
416 411   1  3  0 -9 
416 414  -1  5  0 -9 
416 417  -1  5  0 -9 
416 418   1  6  0 -9 
417 295   1  7  0 -9 
417 417  -1  6  0 -9 
417 418   1  7  0 -9 
418 418   1  8  0 -9 
419 294  -1  0  0 -9 
419 411  -1  0  0 -9 
419 414  -1  2 -1  0  0 -9 
419 416   1  1  0 -9 
419 417  -1  2  0 -9 
419 418   1  3  0 -9 
419 419  -1 -2  0 -9 
419 420  -1  0  0 -9 
419 421   1 -1  0 -9 
419 422   1  1  0 -9 
419 423   1 -1  0 -9 
419 425  -1  0  0 -9 
419 426   1  1  0 -9 
419 427  -1  2  0 -9 
420 422  -1  5  0 -9 
420 424   1  3  0 -9 
420 427   1  6  0 -9 
421 411  -1  1  0 -9 
421 414  -1  5 -1  3 -1  1  0 -9 
421 416   1  2  0 -9 
421 417  -1  3  0 -9 
421 418   1  6  1  4  0 -9 
421 420  -1  1  0 -9 
421 421   1  0  0 -9 
421 422   1  2  0 -9 
421 424   1  2  0 -9 
421 425  -1  1  0 -9 
421 426   1  2  0 -9 
421 427  -1  3  0 -9 
422 422  -1  6  0 -9 
422 427   1  7  0 -9 
423 291   1  2  0 -9 
423 293  -1  3  0 -9 
423 294  -1  1  0 -9 
423 411  -1  1  0 -9 
423 414  -1  3  0 -9 
423 416   1  2  0 -9 
423 417  -1  3  0 -9 
423 418   1  4  0 -9 
423 423   1  0  0 -9 
423 425  -1  1  0 -9 
423 426   1  2  0 -9 
423 427  -1  3  0 -9 
424 420   1  3  0 -9 
424 422  -1  4  0 -9 
425 414  -1  4  0 -9 
425 417  -1  4  0 -9 
425 418   1  5  0 -9 
425 426   1  3  0 -9 
425 427  -1  4  0 -9 
426 295   1  6  0 -9 
426 414  -1  5  0 -9 
426 417  -1  5  0 -9 
426 418   1  6  0 -9 
426 425   1  3  0 -9 
426 427   1  7  0 -9 
427 427   1  8  0 -9 
428 291   1  1  0 -9 
428 294  -1  0  0 -9 
428 295  -1  3  0 -9 
428 296   1 -1  0 -9 
428 297   1  2  0 -9 
428 411  -1  0  0 -9 
428 423   1 -1  0 -9 
428 425  -1  0  0 -9 
428 426   1  1  0 -9 
428 427  -1  2  0 -9 
428 428  -1 -2  0 -9 
428 430   1 -1  0 -9 
428 431  -1  0  0 -9 
428 432   1  1  0 -9 
429 420   1  2  0 -9 
429 424  -1  1  0 -9 
429 427  -1  4  0 -9 
429 429   1  0  0 -9 
429 432   1  3  0 -9 
430 417  -1  3  0 -9 
430 425  -1  1  0 -9 
430 426   1  2  0 -9 
430 427  -1  3  0 -9 
430 430   1  0  0 -9 
430 431  -1  1  0 -9 
430 432   1  2  0 -9 
430 433   1  2  0 -9 
431 295   1  5  0 -9 
431 297  -1  4  0 -9 
431 417  -1  4  0 -9 
431 427   1  6  0 -9 
431 432  -1  5  0 -9 
431 433   1  3  0 -9 
432 427   1  7  0 -9 
432 432  -1  6  0 -9 
433 295   1  6  0 -9 
433 297  -1  5  0 -9 
433 417  -1  5  0 -9 
433 418   1  6  0 -9 
433 431   1  3  0 -9 
433 432  -1  4  0 -9 
434 390  -1  0  0 -9 
434 394  -1  0  0 -9 
434 395   1  1  0 -9 
434 396  -1  2  0 -9 
434 412   1 -1  0 -9 
434 413  -1  0  0 -9 
434 414  -1  3  0 -9 
434 415   1  1  0 -9 
434 418   1  4  0 -9 
434 424  -1  0  0 -9 
434 434  -1 -2  0 -9 
434 435  -1  0  0 -9 
434 436   1 -1  0 -9 
434 437   1 -1  0 -9 
434 438  -1  0  0 -9 
434 439   1  1  0 -9 
434 440   1  1  0 -9 
434 441  -1  2  0 -9 
435 422  -1  4  0 -9 
435 427   1  5  0 -9 
435 440   1  3  0 -9 
435 441  -1  4  0 -9 
436 390  -1  1  0 -9 
436 395   1  2  0 -9 
436 396  -1  3  0 -9 
436 414  -1  4  0 -9 
436 418   1  5  0 -9 
436 435  -1  1  0 -9 
436 436   1  0  0 -9 
436 438  -1  1  0 -9 
436 439   1  2  0 -9 
436 440   1  2  0 -9 
436 441  -1  3  0 -9 
437 292  -1  3  0 -9 
437 390  -1  1  0 -9 
437 392   1  2  0 -9 
437 393  -1  3  0 -9 
437 394  -1  1  0 -9 
437 395   1  2  0 -9 
437 396  -1  3  0 -9 
437 413  -1  1  0 -9 
437 414  -1  4  1  2  0 -9 
437 415   1  2  0 -9 
437 418   1  5  0 -9 
437 420   1  2  0 -9 
437 422  -1  3  0 -9 
437 424  -1  1  0 -9 
437 435  -1  1  0 -9 
437 437   1  0  0 -9 
437 438  -1  1  0 -9 
437 439   1  2  0 -9 
437 440   1  2  0 -9 
437 441  -1  3  0 -9 
438 396  -1  4  0 -9 
438 414  -1  5  0 -9 
438 418   1  6  0 -9 
438 439   1  3  0 -9 
438 441  -1  4  0 -9 
439 396  -1  5  0 -9 
439 397   1  6  0 -9 
439 414  -1  4  0 -9 
439 427   1  6  0 -9 
439 438   1  3  0 -9 
439 441  -1  5  0 -9 
440 422  -1  5  0 -9 
440 427   1  6  0 -9 
440 435   1  3  0 -9 
440 441  -1  5  0 -9 
441 427   1  7  0 -9 
441 441  -1  6  0 -9 
442 390  -1  0  0 -9 
442 392   1  1  0 -9 
442 394  -1  0  0 -9 
442 397  -1  3  0 -9 
442 399   1 -1  0 -9 
442 402   1  2  0 -9 
442 413  -1  0  0 -9 
442 414   1  1  0 -9 
442 420   1  1  0 -9 
442 424  -1  0  0 -9 
442 427  -1  3  0 -9 
442 429   1 -1  0 -9 
442 432   1  2  0 -9 
442 435  -1  0  0 -9 
442 437   1 -1  0 -9 
442 438  -1  0  0 -9 
442 439   1  1  0 -9 
442 442  -1 -2  0 -9 
442 443   1 -1  0 -9 
442 444  -1  0  0 -9 
443 396  -1  3  0 -9 
443 414   1  2  0 -9 
443 418  -1  3  0 -9 
443 438  -1  1  0 -9 
443 439   1  2  0 -9 
443 441  -1  3  0 -9 
443 443   1  0  0 -9 
443 444  -1  1  0 -9 
443 445   1  2  0 -9 
444 396  -1  4  0 -9 
444 397   1  5  0 -9 
444 402  -1  4  0 -9 
444 418  -1  4  0 -9 
444 427   1  5  0 -9 
444 432  -1  4  0 -9 
444 441  -1  4  0 -9 
444 445   1  3  0 -9 
445 396  -1  5  0 -9 
445 397   1  6  0 -9 
445 402  -1  5  0 -9 
445 418   1  7  0 -9 
445 427   1  6  0 -9 
445 432  -1  5  0 -9 
445 441  -1  5  0 -9 
445 444   1  3  0 -9 
446 422   1  1  0 -9 
446 427  -1  2  0 -9 
446 432   1  1  0 -9 
446 440  -1  0  0 -9 
446 441   1  1  0 -9 
446 446  -1 -2  0 -9 
446 448   1 -1  0 -9 
446 449  -1  0  0 -9 
447 403  -1  0  0 -9 
447 414   1  1  0 -9 
447 418  -1  2  0 -9 
447 438  -1  0  0 -9 
447 443   1 -1  0 -9 
447 444  -1  0  0 -9 
447 445   1  1  0 -9 
447 447  -1 -2  0 -9 
447 450   1 -1  0 -9 
447 451  -1  0  0 -9 
448 422   1  2  0 -9 
448 427  -1  3  0 -9 
448 432   1  2  0 -9 
448 435   1  2  0 -9 
448 440  -1  1  0 -9 
448 441  -1  4  1  2  0 -9 
448 448   1  0  0 -9 
448 449  -1  1  0 -9 
448 451   1  2  0 -9 
449 427   1  6  0 -9 
449 432  -1  5  0 -9 
449 441  -1  5  0 -9 
449 451   1  3  0 -9 
450 396  -1  3  0 -9 
450 397   1  4  0 -9 
450 401   1  2  0 -9 
450 402  -1  3  0 -9 
450 403  -1  1  0 -9 
450 418  -1  3  0 -9 
450 427   1  4  0 -9 
450 432  -1  3  0 -9 
450 441  -1  3  0 -9 
450 444  -1  1  0 -9 
450 445   1  2  0 -9 
450 449   1  2  0 -9 
450 450   1  0  0 -9 
450 451  -1  1  0 -9 
451 427   1  5  0 -9 
451 432  -1  4  0 -9 
451 441  -1  4  0 -9 
451 449   1  3  0 -9 
452 293   1  1  0 -9 
452 295  -1  2  0 -9 
452 297   1  1  0 -9 
452 414   1  1  0 -9 
452 416  -1  0  0 -9 
452 417   1  1  0 -9 
452 418  -1  2  0 -9 
452 452  -1 -2  0 -9 
452 454   1 -1  0 -9 
452 455  -1  0  0 -9 
452 456   1  1  0 -9 
453 292   1  2  0 -9 
453 413   1  2  0 -9 
453 415  -1  1  0 -9 
453 418  -1  4  0 -9 
453 453   1  0  0 -9 
453 456   1  3  0 -9 
454 293   1  2  0 -9 
454 295  -1  3  0 -9 
454 297   1  2  0 -9 
454 411   1  2  0 -9 
454 414   1  2  0 -9 
454 416  -1  1  0 -9 
454 417  -1  4  1  2  0 -9 
454 418  -1  3  0 -9 
454 454   1  0  0 -9 
454 455  -1  1  0 -9 
454 456   1  2  0 -9 
454 457   1  2  0 -9 
455 295   1  6  0 -9 
455 297  -1  5  0 -9 
455 417  -1  5  0 -9 
455 418   1  6  0 -9 
455 456  -1  5  0 -9 
455 457   1  3  0 -9 
456 418   1  7  0 -9 
456 456  -1  6  0 -9 
457 295   1  5  0 -9 
457 297  -1  4  0 -9 
457 417  -1  4  0 -9 
457 418   1  5  0 -9 
457 455   1  3  0 -9 
457 456  -1  4  0 -9 
458 295   1  6  1  4  0 -9 
458 297  -1  5 -1  3 -1  1  0 -9 
458 417  -1  3  0 -9 
458 427   1  5  0 -9 
458 431  -1  1  0 -9 
458 432  -1  4  0 -9 
458 433   1  2  0 -9 
458 455   1  2  0 -9 
458 457  -1  1  0 -9 
458 458   1  0  0 -9 
459 292   1  1  0 -9 
459 414   1  2  0 -9 
459 415  -1  0  0 -9 
459 418  -1  3  0 -9 
459 453   1 -1  0 -9 
459 456   1  2  0 -9 
459 459  -1 -2  0 -9 
459 460   1 -1  0 -9 
459 461  -1  0  0 -9 
460 414   1  3  0 -9 
460 418  -1  4  0 -9 
460 460   1  0  0 -9 
460 461  -1  1  0 -9 
460 462   1  2  0 -9 
461 456  -1  4  0 -9 
461 462   1  3  0 -9 
462 418   1  6  0 -9 
462 456  -1  5  0 -9 
462 461   1  3  0 -9 
463 396  -1  2  0 -9 
463 397   1  3  0 -9 
463 401   1  1  0 -9 
463 402  -1  2 -1  0  0 -9 
463 403  -1  0  0 -9 
463 418  -1  2  0 -9 
463 427   1  3  0 -9 
463 432  -1  2 -1  0  0 -9 
463 441  -1  2  0 -9 
463 444  -1  0  0 -9 
463 445   1  1  0 -9 
463 449   1  1  0 -9 
463 450   1 -1  0 -9 
463 451  -1  0  0 -9 
463 456   1  1  0 -9 
463 462  -1  0  0 -9 
463 463  -1 -2  0 -9 
463 464   1 -1  0 -9 
464 396  -1  3  0 -9 
464 397   1  6  1  4  0 -9 
464 401   1  2  0 -9 
464 402  -1  5 -1  3 -1  1  0 -9 
464 403  -1  1  0 -9 
464 418  -1  3  0 -9 
464 427   1  6  1  4  0 -9 
464 432  -1  5 -1  3 -1  1  0 -9 
464 441  -1  3  0 -9 
464 444  -1  1  0 -9 
464 445   1  2  0 -9 
464 449   1  2  0 -9 
464 451  -1  1  0 -9 
464 456   1  2  0 -9 
464 461   1  2  0 -9 
464 462  -1  1  0 -9 
464 464   1  0  0 -9 
465 422   1  2  0 -9 
465 424  -1  0  0 -9 
465 427  -1  3  0 -9 
465 429   1 -1  0 -9 
465 432   1  2  0 -9 
465 465  -1 -2  0 -9 
465 467   1 -1  0 -9 
465 468  -1  0  0 -9 
466 414   1  2  0 -9 
466 418  -1  3  0 -9 
466 425  -1  0  0 -9 
466 430   1 -1  0 -9 
466 431  -1  0  0 -9 
466 432   1  1  0 -9 
466 433   1  1  0 -9 
466 457  -1  0  0 -9 
466 460   1 -1  0 -9 
466 461  -1  0  0 -9 
466 462   1  1  0 -9 
466 466  -1 -2  0 -9 
466 469   1 -1  0 -9 
466 470  -1  0  0 -9 
467 422   1  3  0 -9 
467 427  -1  4  0 -9 
467 467   1  0  0 -9 
467 468  -1  1  0 -9 
467 470   1  2  0 -9 
468 432  -1  4  0 -9 
468 470   1  3  0 -9 
469 295   1  4  0 -9 
469 297  -1  3  0 -9 
469 417  -1  3  0 -9 
469 427   1  5  0 -9 
469 431  -1  1  0 -9 
469 432  -1  4  1  2  0 -9 
469 433   1  2  0 -9 
469 455   1  2  0 -9 
469 456  -1  3  0 -9 
469 457  -1  1  0 -9 
469 461  -1  1  0 -9 
469 462   1  2  0 -9 
469 468   1  2  0 -9 
469 469   1  0  0 -9 
469 470  -1  1  0 -9 
470 427   1  6  0 -9 
470 432  -1  5  0 -9 
470 468   1  3  0 -9 
471 295   1  3  0 -9 
471 297  -1  2 -1  0  0 -9 
471 417  -1  2  0 -9 
471 427   1  4  0 -9 
471 431  -1  0  0 -9 
471 432  -1  3  0 -9 
471 433   1  1  0 -9 
471 455   1  1  0 -9 
471 457  -1  0  0 -9 
471 458   1 -1  0 -9 
471 461  -1  0  0 -9 
471 468   1  1  0 -9 
471 469   1 -1  0 -9 
471 470  -1  0  0 -9 
471 471  -1 -2  0 -9 
471 472   1 -1  0 -9 
472 427   1  5  0 -9 
472 432  -1  4  0 -9 
472 468   1  2  0 -9 
472 470  -1  1  0 -9 
472 472   1  0  0 -9 
473 427   1  4  0 -9 
473 432  -1  3  0 -9 
473 441  -1  3  0 -9 
473 449   1  2  0 -9 
473 451   1 -1  0 -9 
473 470  -1  0  0 -9 
473 472   1 -1  0 -9 
473 473  -1 -2  0 -9 
9999 9999
