 0  0   1  8  0 -9 
 1  1  -1  6  0 -9 
 1  2   1  7  0 -9 
 2  2   1  8  0 -9 
 3  3   1  8  0 -9 
 4  4   1  8  0 -9 
 5  3   1  7  0 -9 
 5  4   1  7  0 -9 
 5  5  -1  6  0 -9 
 6  0   1  7  0 -9 
 6  6  -1  6  0 -9 
 6  7   1  7  0 -9 
 7  7   1  8  0 -9 
 8  8   1  8  0 -9 
 9  0   1  6  0 -9 
 9  6  -1  5  0 -9 
 9  7   1  6  0 -9 
 9 10  -1  5  0 -9 
 9 12   1  3  0 -9 
 9 13  -1  4  0 -9 
 9 15   1  6  0 -9 
10  7   1  7  0 -9 
10 10  -1  6  0 -9 
10 15   1  7  0 -9 
11  8   1  7  0 -9 
11 11  -1  6  0 -9 
11 16   1  7  0 -9 
12  6  -1  4  0 -9 
12  7   1  5  0 -9 
12  9   1  3  0 -9 
12 10  -1  4  0 -9 
12 13  -1  5  0 -9 
12 17   1  6  0 -9 
13 13  -1  6  0 -9 
13 17   1  7  0 -9 
14 14  -1  6  0 -9 
14 18   1  7  0 -9 
15 15   1  8  0 -9 
16 16   1  8  0 -9 
17 17   1  8  0 -9 
18 18   1  8  0 -9 
19 19   1  8  0 -9 
20 20   1  8  0 -9 
21  1  -1  5  0 -9 
21  2   1  6  0 -9 
21 10  -1  4  0 -9 
21 15   1  5  0 -9 
21 22  -1  4  0 -9 
21 24   1  3  0 -9 
21 26  -1  4  0 -9 
21 32   1  5  0 -9 
22  4   1  7  0 -9 
22 22  -1  6  0 -9 
22 32   1  7  0 -9 
23  3   1  6  0 -9 
23  4   1  6  0 -9 
23  5  -1  5  0 -9 
23 11  -1  4  0 -9 
23 16   1  5  0 -9 
23 22  -1  5  0 -9 
23 25   1  3  0 -9 
23 27  -1  4  0 -9 
23 32   1  6  0 -9 
24  1  -1  4  0 -9 
24  4   1  6  0 -9 
24  7   1  6  0 -9 
24 10  -1  5  0 -9 
24 15   1  6  0 -9 
24 21   1  3  0 -9 
24 22  -1  5  0 -9 
24 26  -1  5  0 -9 
24 28   1  6  0 -9 
24 32   1  6  0 -9 
25  4   1  5  0 -9 
25  5  -1  4  0 -9 
25  8   1  6  0 -9 
25 11  -1  5  0 -9 
25 16   1  6  0 -9 
25 22  -1  4  0 -9 
25 23   1  3  0 -9 
25 27  -1  5  0 -9 
25 33   1  6  0 -9 
26 15   1  7  0 -9 
26 26  -1  6  0 -9 
26 28   1  7  0 -9 
26 32   1  7  0 -9 
27 16   1  7  0 -9 
27 27  -1  6  0 -9 
27 33   1  7  0 -9 
28 28   1  8  0 -9 
29 29   1  8  0 -9 
30 19   1  7  0 -9 
30 30  -1  6  0 -9 
30 34   1  7  0 -9 
31 20   1  7  0 -9 
31 29   1  7  0 -9 
31 31  -1  6  0 -9 
31 35   1  7  0 -9 
32 32   1  8  0 -9 
33 33   1  8  0 -9 
34 34   1  8  0 -9 
35 35   1  8  0 -9 
9999 9999
