 0  0   1  8  0 -9 
 1  0   1  7  0 -9 
 1  1  -1  6  0 -9 
 1  2   1  7  0 -9 
 2  2   1  8  0 -9 
 3  0   1  7  0 -9 
 3  3  -1  6  0 -9 
 3  4   1  7  0 -9 
 4  4   1  8  0 -9 
 5  0   1  6  0 -9 
 5  1  -1  5  0 -9 
 5  2   1  6  0 -9 
 5  3  -1  5  0 -9 
 5  4   1  6  0 -9 
 5  6  -1  5  0 -9 
 5  7   1  3  0 -9 
 5  8  -1  4  0 -9 
 5  9   1  6  0 -9 
 6  4   1  7  0 -9 
 6  6  -1  6  0 -9 
 6  9   1  7  0 -9 
 7  0   1  5  0 -9 
 7  1  -1  4  0 -9 
 7  3  -1  4  0 -9 
 7  4   1  5  0 -9 
 7  5   1  3  0 -9 
 7  6  -1  4  0 -9 
 7  8  -1  5  0 -9 
 7 10   1  6  0 -9 
 8  8  -1  6  0 -9 
 8 10   1  7  0 -9 
 9  9   1  8  0 -9 
10 10   1  8  0 -9 
11  6  -1  4  0 -9 
11  9   1  5  0 -9 
11 12   1  3  0 -9 
11 13  -1  4  0 -9 
12  4   1  6  0 -9 
12  6  -1  5  0 -9 
12  9   1  6  0 -9 
12 11   1  3  0 -9 
12 13  -1  5  0 -9 
12 14   1  6  0 -9 
13  9   1  7  0 -9 
13 13  -1  6  0 -9 
13 14   1  7  0 -9 
14 14   1  8  0 -9 
15  0   1  5  0 -9 
15  1  -1  4  0 -9 
15  2   1  5  0 -9 
15  3  -1  4  0 -9 
15 16  -1  5  0 -9 
15 17   1  3  0 -9 
15 18  -1  4  0 -9 
15 19   1  6  0 -9 
16 16  -1  6  0 -9 
16 19   1  7  0 -9 
17  0   1  6  0 -9 
17  1  -1  5  0 -9 
17  2   1  6  0 -9 
17  3  -1  5  0 -9 
17  4   1  6  0 -9 
17 15   1  3  0 -9 
17 16  -1  4  0 -9 
17 18  -1  5  0 -9 
17 20   1  6  0 -9 
18  2   1  7  0 -9 
18 18  -1  6  0 -9 
18 20   1  7  0 -9 
19 19   1  8  0 -9 
20 20   1  8  0 -9 
21 18  -1  4  0 -9 
21 20   1  5  0 -9 
21 22   1  3  0 -9 
21 24  -1  4  0 -9 
22  2   1  6  0 -9 
22 18  -1  5  0 -9 
22 20   1  6  0 -9 
22 21   1  3  0 -9 
22 23   1  6  0 -9 
22 24  -1  5  0 -9 
23 23   1  8  0 -9 
24 20   1  7  0 -9 
24 23   1  7  0 -9 
24 24  -1  6  0 -9 
25  0   1  4  0 -9 
25  1  -1  3  0 -9 
25  3  -1  3  0 -9 
25  5   1  2  0 -9 
25  6  -1  3  0 -9 
25  7  -1  1  0 -9 
25  8  -1  4  1  2  0 -9 
25 10   1  5  0 -9 
25 11  -1  1  0 -9 
25 12   1  2  0 -9 
25 13  -1  3  0 -9 
25 15  -1  1  0 -9 
25 16  -1  4  1  2  0 -9 
25 17   1  2  0 -9 
25 18  -1  3  0 -9 
25 19   1  5  0 -9 
25 21  -1  1  0 -9 
25 22   1  2  0 -9 
25 24  -1  3  0 -9 
25 25   1  0  0 -9 
25 26  -1  1  0 -9 
25 27  -1  1  0 -9 
25 28   1  2  0 -9 
25 29  -1  3  0 -9 
25 30  -1  3  0 -9 
25 31   1  2  0 -9 
25 32   1  4  0 -9 
26  8  -1  5  0 -9 
26 10   1  6  0 -9 
26 23   1  5  0 -9 
26 24  -1  4  0 -9 
26 29  -1  4  0 -9 
26 30  -1  4  0 -9 
26 31   1  3  0 -9 
26 32   1  5  0 -9 
27 13  -1  4  0 -9 
27 14   1  5  0 -9 
27 16  -1  5  0 -9 
27 19   1  6  0 -9 
27 28   1  3  0 -9 
27 29  -1  4  0 -9 
27 30  -1  4  0 -9 
27 32   1  5  0 -9 
28  9   1  6  0 -9 
28 13  -1  5  0 -9 
28 14   1  6  0 -9 
28 16  -1  4  0 -9 
28 23   1  6  0 -9 
28 27   1  3  0 -9 
28 29  -1  5  0 -9 
28 30  -1  5  0 -9 
28 32   1  6  0 -9 
29 14   1  7  0 -9 
29 29  -1  6  0 -9 
29 32   1  7  0 -9 
30 23   1  7  0 -9 
30 30  -1  6  0 -9 
30 32   1  7  0 -9 
31  8  -1  4  0 -9 
31 14   1  6  0 -9 
31 20   1  6  0 -9 
31 23   1  6  0 -9 
31 24  -1  5  0 -9 
31 26   1  3  0 -9 
31 29  -1  5  0 -9 
31 30  -1  5  0 -9 
31 32   1  6  0 -9 
32 32   1  8  0 -9 
33 34  -1  5  0 -9 
33 35   1  3  0 -9 
33 36  -1  4  0 -9 
33 37   1  6  0 -9 
34 34  -1  6  0 -9 
34 37   1  7  0 -9 
35 33   1  3  0 -9 
35 34  -1  4  0 -9 
35 36  -1  5  0 -9 
35 38   1  6  0 -9 
36 36  -1  6  0 -9 
36 38   1  7  0 -9 
37 37   1  8  0 -9 
38 38   1  8  0 -9 
39  8  -1  4  0 -9 
39 10   1  5  0 -9 
39 36  -1  4  0 -9 
39 38   1  5  0 -9 
39 40   1  3  0 -9 
39 42  -1  4  0 -9 
40  8  -1  5  0 -9 
40 10   1  6  0 -9 
40 36  -1  5  0 -9 
40 38   1  6  0 -9 
40 39   1  3  0 -9 
40 41   1  6  0 -9 
40 42  -1  5  0 -9 
41 41   1  8  0 -9 
42 10   1  7  0 -9 
42 38   1  7  0 -9 
42 41   1  7  0 -9 
42 42  -1  6  0 -9 
43 34  -1  4  0 -9 
43 37   1  5  0 -9 
43 44   1  3  0 -9 
43 45  -1  4  0 -9 
44  4   1  6  0 -9 
44 34  -1  5  0 -9 
44 37   1  6  0 -9 
44 43   1  3  0 -9 
44 45  -1  5  0 -9 
44 46   1  6  0 -9 
45  4   1  7  0 -9 
45 37   1  7  0 -9 
45 45  -1  6  0 -9 
45 46   1  7  0 -9 
46 46   1  8  0 -9 
47  6  -1  3  0 -9 
47  9   1  4  0 -9 
47 11  -1  1  0 -9 
47 12   1  2  0 -9 
47 13  -1  3  0 -9 
47 34  -1  3  0 -9 
47 37   1  4  0 -9 
47 41  -1  3  0 -9 
47 43  -1  1  0 -9 
47 44   1  2  0 -9 
47 45  -1  3  0 -9 
47 47   1  0  0 -9 
47 48  -1  1  0 -9 
47 49  -1  1  0 -9 
47 50   1  2  0 -9 
47 51  -1  3  0 -9 
47 52  -1  3  0 -9 
47 53   1  2  0 -9 
47 54   1  4  0 -9 
48 51  -1  4  0 -9 
48 52  -1  4  0 -9 
48 53   1  3  0 -9 
48 54   1  5  0 -9 
49  4   1  5  0 -9 
49  6  -1  4  0 -9 
49  9   1  5  0 -9 
49 13  -1  4  0 -9 
49 14   1  5  0 -9 
49 34  -1  4  0 -9 
49 37   1  5  0 -9 
49 41  -1  4  0 -9 
49 45  -1  4  0 -9 
49 46   1  5  0 -9 
49 50   1  3  0 -9 
49 51  -1  4  0 -9 
49 52  -1  4  0 -9 
49 54   1  5  0 -9 
50  4   1  6  0 -9 
50  6  -1  5  0 -9 
50  9   1  6  0 -9 
50 13  -1  5  0 -9 
50 14   1  6  0 -9 
50 34  -1  5  0 -9 
50 37   1  6  0 -9 
50 41   1  7  0 -9 
50 45  -1  5  0 -9 
50 46   1  6  0 -9 
50 49   1  3  0 -9 
50 51  -1  5  0 -9 
50 52  -1  5  0 -9 
50 54   1  6  0 -9 
51 14   1  7  0 -9 
51 46   1  7  0 -9 
51 51  -1  6  0 -9 
51 54   1  7  0 -9 
52 52  -1  6  0 -9 
52 54   1  7  0 -9 
53 14   1  6  0 -9 
53 46   1  6  0 -9 
53 48   1  3  0 -9 
53 51  -1  5  0 -9 
53 52  -1  5  0 -9 
53 54   1  6  0 -9 
54 54   1  8  0 -9 
55  4  -1  3  0 -9 
55  8  -1  3  0 -9 
55 10   1  4  0 -9 
55 14  -1  3  0 -9 
55 16  -1  3  0 -9 
55 19   1  4  0 -9 
55 20  -1  3  0 -9 
55 36  -1  3  0 -9 
55 38   1  4  0 -9 
55 39  -1  1  0 -9 
55 40   1  2  0 -9 
55 42  -1  3  0 -9 
55 46  -1  3  0 -9 
55 55   1  0  0 -9 
55 56  -1  1  0 -9 
55 57  -1  1  0 -9 
55 58   1  2  0 -9 
55 59  -1  3  0 -9 
55 60  -1  3  0 -9 
55 61   1  2  0 -9 
55 62   1  4  0 -9 
56  4  -1  4  0 -9 
56  8  -1  4  0 -9 
56 10   1  5  0 -9 
56 14  -1  4  0 -9 
56 16  -1  4  0 -9 
56 19   1  5  0 -9 
56 20  -1  4  0 -9 
56 36  -1  4  0 -9 
56 38   1  5  0 -9 
56 41   1  5  0 -9 
56 42  -1  4  0 -9 
56 46  -1  4  0 -9 
56 59  -1  4  0 -9 
56 60  -1  4  0 -9 
56 61   1  3  0 -9 
56 62   1  5  0 -9 
57 16  -1  4  0 -9 
57 19   1  5  0 -9 
57 58   1  3  0 -9 
57 59  -1  4  0 -9 
57 60  -1  4  0 -9 
57 62   1  5  0 -9 
58 16  -1  5  0 -9 
58 19   1  6  0 -9 
58 41   1  6  0 -9 
58 57   1  3  0 -9 
58 59  -1  5  0 -9 
58 60  -1  5  0 -9 
58 62   1  6  0 -9 
59 59  -1  6  0 -9 
59 62   1  7  0 -9 
60 19   1  7  0 -9 
60 41   1  7  0 -9 
60 60  -1  6  0 -9 
60 62   1  7  0 -9 
61  4   1  7  0 -9 
61  8  -1  5  0 -9 
61 10   1  6  0 -9 
61 14   1  7  0 -9 
61 16  -1  5  0 -9 
61 19   1  6  0 -9 
61 20   1  7  0 -9 
61 36  -1  5  0 -9 
61 38   1  6  0 -9 
61 41   1  6  0 -9 
61 42  -1  5  0 -9 
61 46   1  7  0 -9 
61 56   1  3  0 -9 
61 59  -1  5  0 -9 
61 60  -1  5  0 -9 
61 62   1  6  0 -9 
62 62   1  8  0 -9 
63 52  -1  5  0 -9 
63 54   1  6  0 -9 
63 59  -1  4  0 -9 
63 64   1  3  0 -9 
64 52  -1  4  0 -9 
64 59  -1  5  0 -9 
64 62   1  6  0 -9 
64 63   1  3  0 -9 
65 46  -1  3  0 -9 
65 65   1  0  0 -9 
65 66  -1  1  0 -9 
65 67  -1  1  0 -9 
65 68   1  2  0 -9 
65 69  -1  3  0 -9 
65 70  -1  3  0 -9 
65 71   1  2  0 -9 
65 72   1  4  0 -9 
66 46  -1  4  0 -9 
66 69  -1  4  0 -9 
66 70  -1  4  0 -9 
66 71   1  3  0 -9 
66 72   1  5  0 -9 
67 68   1  3  0 -9 
67 69  -1  4  0 -9 
67 70  -1  4  0 -9 
67 72   1  5  0 -9 
68 67   1  3  0 -9 
68 69  -1  5  0 -9 
68 70  -1  5  0 -9 
68 72   1  6  0 -9 
69 69  -1  6  0 -9 
69 72   1  7  0 -9 
70 70  -1  6  0 -9 
70 72   1  7  0 -9 
71 46   1  7  0 -9 
71 66   1  3  0 -9 
71 69  -1  5  0 -9 
71 70  -1  5  0 -9 
71 72   1  6  0 -9 
72 72   1  8  0 -9 
73 73  -1  6  0 -9 
73 74   1  7  0 -9 
74 74   1  8  0 -9 
75 73  -1  4  0 -9 
75 74   1  5  0 -9 
75 76  -1  5  0 -9 
75 77   1  3  0 -9 
75 78  -1  4  0 -9 
75 79   1  6  0 -9 
76 76  -1  6  0 -9 
76 79   1  7  0 -9 
77 73  -1  5  0 -9 
77 74   1  6  0 -9 
77 75   1  3  0 -9 
77 76  -1  4  0 -9 
77 78  -1  5  0 -9 
77 80   1  6  0 -9 
78 74   1  7  0 -9 
78 78  -1  6  0 -9 
78 80   1  7  0 -9 
79 79   1  8  0 -9 
80 80   1  8  0 -9 
81  2  -1  4  0 -9 
81  8  -1  4  0 -9 
81 10   1  5  0 -9 
81 73  -1  4  0 -9 
81 74   1  5  0 -9 
81 78  -1  4  0 -9 
81 80   1  5  0 -9 
81 82   1  3  0 -9 
81 84  -1  4  0 -9 
82  2   1  7  0 -9 
82  8  -1  5  0 -9 
82 10   1  6  0 -9 
82 73  -1  5  0 -9 
82 74   1  6  0 -9 
82 78  -1  5  0 -9 
82 80   1  6  0 -9 
82 81   1  3  0 -9 
82 83   1  6  0 -9 
82 84  -1  5  0 -9 
83 83   1  8  0 -9 
84 10   1  7  0 -9 
84 80   1  7  0 -9 
84 83   1  7  0 -9 
84 84  -1  6  0 -9 
85  2  -1  3  0 -9 
85  8  -1  3  0 -9 
85 10   1  4  0 -9 
85 14  -1  3  0 -9 
85 73  -1  3  0 -9 
85 74   1  4  0 -9 
85 75  -1  1  0 -9 
85 76  -1  4  1  2  0 -9 
85 77   1  2  0 -9 
85 78  -1  3  0 -9 
85 79   1  5  0 -9 
85 81  -1  1  0 -9 
85 82   1  2  0 -9 
85 84  -1  3  0 -9 
85 85   1  0  0 -9 
85 86  -1  1  0 -9 
85 87  -1  1  0 -9 
85 88   1  2  0 -9 
85 89  -1  3  0 -9 
85 90  -1  3  0 -9 
85 91   1  2  0 -9 
85 92   1  4  0 -9 
86  8  -1  4  0 -9 
86 10   1  5  0 -9 
86 14  -1  4  0 -9 
86 83   1  5  0 -9 
86 84  -1  4  0 -9 
86 89  -1  4  0 -9 
86 90  -1  4  0 -9 
86 91   1  3  0 -9 
86 92   1  5  0 -9 
87 76  -1  5  0 -9 
87 79   1  6  0 -9 
87 88   1  3  0 -9 
87 89  -1  4  0 -9 
87 90  -1  4  0 -9 
87 92   1  5  0 -9 
88 76  -1  4  0 -9 
88 83   1  6  0 -9 
88 87   1  3  0 -9 
88 89  -1  5  0 -9 
88 90  -1  5  0 -9 
88 92   1  6  0 -9 
89 89  -1  6  0 -9 
89 92   1  7  0 -9 
90 83   1  7  0 -9 
90 90  -1  6  0 -9 
90 92   1  7  0 -9 
91  8  -1  5  0 -9 
91 10   1  6  0 -9 
91 14   1  7  0 -9 
91 80   1  6  0 -9 
91 83   1  6  0 -9 
91 84  -1  5  0 -9 
91 86   1  3  0 -9 
91 89  -1  5  0 -9 
91 90  -1  5  0 -9 
91 92   1  6  0 -9 
92 92   1  8  0 -9 
93 93   1  8  0 -9 
94 94  -1  6  0 -9 
94 95   1  7  0 -9 
95 95   1  8  0 -9 
96  0   1  5  0 -9 
96  1  -1  4  0 -9 
96  2   1  5  0 -9 
96  3  -1  4  0 -9 
96 93  -1  4  0 -9 
96 94  -1  4  0 -9 
96 95   1  5  0 -9 
96 97  -1  5  0 -9 
96 98   1  3  0 -9 
96 99  -1  4  0 -9 
96 100   1  6  0 -9 
97 97  -1  6  0 -9 
97 100   1  7  0 -9 
98  0   1  6  0 -9 
98  1  -1  5  0 -9 
98  2   1  6  0 -9 
98  3  -1  5  0 -9 
98  4   1  6  0 -9 
98 93   1  7  0 -9 
98 94  -1  5  0 -9 
98 95   1  6  0 -9 
98 96   1  3  0 -9 
98 97  -1  4  0 -9 
98 99  -1  5  0 -9 
98 101   1  6  0 -9 
99  2   1  7  0 -9 
99 95   1  7  0 -9 
99 99  -1  6  0 -9 
99 101   1  7  0 -9 
100 100   1  8  0 -9 
101 101   1  8  0 -9 
102 94  -1  4  0 -9 
102 95   1  5  0 -9 
102 99  -1  4  0 -9 
102 101   1  5  0 -9 
102 103   1  3  0 -9 
102 105  -1  4  0 -9 
103  2   1  6  0 -9 
103 94  -1  5  0 -9 
103 95   1  6  0 -9 
103 99  -1  5  0 -9 
103 101   1  6  0 -9 
103 102   1  3  0 -9 
103 104   1  6  0 -9 
103 105  -1  5  0 -9 
104 104   1  8  0 -9 
105 101   1  7  0 -9 
105 104   1  7  0 -9 
105 105  -1  6  0 -9 
106  0   1  4  0 -9 
106  1  -1  3  0 -9 
106  3  -1  3  0 -9 
106  5   1  2  0 -9 
106  6  -1  3  0 -9 
106  7  -1  1  0 -9 
106  8  -1  4  1  2  0 -9 
106 10   1  5  0 -9 
106 11  -1  1  0 -9 
106 12   1  2  0 -9 
106 13  -1  3  0 -9 
106 93  -1  3  0 -9 
106 94  -1  3  0 -9 
106 95   1  4  0 -9 
106 96  -1  1  0 -9 
106 97  -1  4  1  2  0 -9 
106 98   1  2  0 -9 
106 99  -1  3  0 -9 
106 100   1  5  0 -9 
106 102  -1  1  0 -9 
106 103   1  2  0 -9 
106 105  -1  3  0 -9 
106 106   1  0  0 -9 
106 107  -1  1  0 -9 
106 108  -1  1  0 -9 
106 109   1  2  0 -9 
106 110  -1  3  0 -9 
106 111  -1  3  0 -9 
106 112   1  2  0 -9 
106 113   1  4  0 -9 
107  8  -1  5  0 -9 
107 10   1  6  0 -9 
107 104   1  5  0 -9 
107 105  -1  4  0 -9 
107 110  -1  4  0 -9 
107 111  -1  4  0 -9 
107 112   1  3  0 -9 
107 113   1  5  0 -9 
108 13  -1  4  0 -9 
108 14   1  5  0 -9 
108 97  -1  5  0 -9 
108 100   1  6  0 -9 
108 109   1  3  0 -9 
108 110  -1  4  0 -9 
108 111  -1  4  0 -9 
108 113   1  5  0 -9 
109  9   1  6  0 -9 
109 13  -1  5  0 -9 
109 14   1  6  0 -9 
109 97  -1  4  0 -9 
109 104   1  6  0 -9 
109 108   1  3  0 -9 
109 110  -1  5  0 -9 
109 111  -1  5  0 -9 
109 113   1  6  0 -9 
110 14   1  7  0 -9 
110 110  -1  6  0 -9 
110 113   1  7  0 -9 
111 104   1  7  0 -9 
111 111  -1  6  0 -9 
111 113   1  7  0 -9 
112  8  -1  4  0 -9 
112 14   1  6  0 -9 
112 101   1  6  0 -9 
112 104   1  6  0 -9 
112 105  -1  5  0 -9 
112 107   1  3  0 -9 
112 110  -1  5  0 -9 
112 111  -1  5  0 -9 
112 113   1  6  0 -9 
113 113   1  8  0 -9 
114 93   1  7  0 -9 
114 114  -1  6  0 -9 
114 115   1  7  0 -9 
115 115   1  8  0 -9 
116 115   1  7  0 -9 
116 116  -1  6  0 -9 
117  0   1  6  0 -9 
117  3  -1  5  0 -9 
117  4   1  6  0 -9 
117 114  -1  4  0 -9 
117 115   1  5  0 -9 
117 118  -1  5  0 -9 
117 119   1  3  0 -9 
117 120  -1  4  0 -9 
117 121   1  6  0 -9 
118  4   1  7  0 -9 
118 118  -1  6  0 -9 
118 121   1  7  0 -9 
119  3  -1  4  0 -9 
119  4   1  5  0 -9 
119 93   1  6  0 -9 
119 114  -1  5  0 -9 
119 115   1  6  0 -9 
119 117   1  3  0 -9 
119 118  -1  4  0 -9 
119 120  -1  5  0 -9 
119 122   1  6  0 -9 
120 115   1  7  0 -9 
120 120  -1  6  0 -9 
120 122   1  7  0 -9 
121 121   1  8  0 -9 
122 122   1  8  0 -9 
123  3  -1  3  0 -9 
123 93  -1  3  0 -9 
123 94  -1  5 -1  3 -1  1  0 -9 
123 95   1  6  1  4  0 -9 
123 96  -1  1  0 -9 
123 97  -1  4  0 -9 
123 98   1  2  0 -9 
123 99  -1  3  0 -9 
123 100   1  5  0 -9 
123 102  -1  1  0 -9 
123 103   1  2  0 -9 
123 104  -1  4  0 -9 
123 114   1  2  0 -9 
123 115  -1  3  0 -9 
123 116   1  2  0 -9 
123 117   1  2  0 -9 
123 119  -1  1  0 -9 
123 120  -1  4  1  2  0 -9 
123 121  -1  4  0 -9 
123 122   1  5  0 -9 
123 123   1  0  0 -9 
123 124  -1  1  0 -9 
123 125   1  3  0 -9 
123 126  -1  4  0 -9 
123 127   1  2  0 -9 
123 128   1  5  0 -9 
124 115   1  6  0 -9 
124 116  -1  5  0 -9 
124 120  -1  5  0 -9 
124 122   1  6  0 -9 
124 126  -1  5  0 -9 
124 127   1  3  0 -9 
124 128   1  6  0 -9 
125 104   1  7  0 -9 
125 121   1  7  0 -9 
125 125  -1  6  0 -9 
126 122   1  7  0 -9 
126 126  -1  6  0 -9 
126 128   1  7  0 -9 
127 115   1  5  0 -9 
127 116  -1  4  0 -9 
127 120  -1  4  0 -9 
127 122   1  5  0 -9 
127 124   1  3  0 -9 
127 126  -1  4  0 -9 
128 128   1  8  0 -9 
129  4  -1  3  0 -9 
129  7  -1  0  0 -9 
129  8   1  1  0 -9 
129 11  -1  0  0 -9 
129 12   1  1  0 -9 
129 13  -1  2  0 -9 
129 93  -1  2  0 -9 
129 94  -1  2 -1  0  0 -9 
129 95   1  3  0 -9 
129 96  -1  0  0 -9 
129 97  -1  3  0 -9 
129 98   1  1  0 -9 
129 99  -1  2  0 -9 
129 100   1  4  0 -9 
129 102  -1  0  0 -9 
129 103   1  1  0 -9 
129 104  -1  3  0 -9 
129 106   1 -1  0 -9 
129 107  -1  0  0 -9 
129 108  -1  0  0 -9 
129 109   1  1  0 -9 
129 114   1  1  0 -9 
129 115  -1  2  0 -9 
129 116   1  1  0 -9 
129 118   1  2  0 -9 
129 119  -1  0  0 -9 
129 120   1  1  0 -9 
129 121  -1  3  0 -9 
129 123   1 -1  0 -9 
129 124  -1  0  0 -9 
129 125   1  2  0 -9 
129 126  -1  3  0 -9 
129 128   1  4  0 -9 
129 129  -1 -2  0 -9 
129 130   1 -1  0 -9 
129 131   1 -1  0 -9 
129 132  -1  0  0 -9 
129 133  -1  3  0 -9 
129 135   1  2  0 -9 
129 136  -1  3  0 -9 
129 137   1  4  0 -9 
130 126  -1  4  0 -9 
130 128   1  5  0 -9 
130 133  -1  4  0 -9 
130 135   1  3  0 -9 
130 136  -1  4  0 -9 
130 137   1  5  0 -9 
131  4  -1  4  0 -9 
131 11  -1  1  0 -9 
131 12   1  2  0 -9 
131 13  -1  3  0 -9 
131 97  -1  4  0 -9 
131 100   1  5  0 -9 
131 108  -1  1  0 -9 
131 109   1  2  0 -9 
131 111  -1  3  0 -9 
131 118   1  3  0 -9 
131 121  -1  4  0 -9 
131 131   1  0  0 -9 
131 132  -1  1  0 -9 
131 133  -1  4  0 -9 
131 134   1  2  0 -9 
131 137   1  5  0 -9 
132 104   1  5  0 -9 
132 111  -1  4  0 -9 
132 125  -1  4  0 -9 
132 133  -1  5  0 -9 
132 134   1  3  0 -9 
132 137   1  6  0 -9 
133 133  -1  6  0 -9 
133 137   1  7  0 -9 
134 104   1  6  0 -9 
134 111  -1  5  0 -9 
134 113   1  6  0 -9 
134 121   1  6  0 -9 
134 125  -1  5  0 -9 
134 132   1  3  0 -9 
134 133  -1  4  0 -9 
135 122   1  6  0 -9 
135 126  -1  5  0 -9 
135 128   1  6  0 -9 
135 130   1  3  0 -9 
135 133  -1  5  0 -9 
135 136  -1  5  0 -9 
135 137   1  6  0 -9 
136 128   1  7  0 -9 
136 136  -1  6  0 -9 
136 137   1  7  0 -9 
137 137   1  8  0 -9 
138 78  -1  4  0 -9 
138 80   1  5  0 -9 
138 94  -1  5  0 -9 
138 95   1  6  0 -9 
138 120  -1  4  0 -9 
138 122   1  5  0 -9 
138 139   1  3  0 -9 
138 141  -1  4  0 -9 
139 74   1  6  0 -9 
139 78  -1  5  0 -9 
139 80   1  6  0 -9 
139 94  -1  4  0 -9 
139 115   1  6  0 -9 
139 120  -1  5  0 -9 
139 122   1  6  0 -9 
139 138   1  3  0 -9 
139 140   1  6  0 -9 
139 141  -1  5  0 -9 
140 140   1  8  0 -9 
141 80   1  7  0 -9 
141 122   1  7  0 -9 
141 140   1  7  0 -9 
141 141  -1  6  0 -9 
142 75  -1  1  0 -9 
142 76  -1  4  0 -9 
142 77   1  2  0 -9 
142 78  -1  3  0 -9 
142 79   1  5  0 -9 
142 94  -1  4  0 -9 
142 95   1  5  0 -9 
142 120  -1  3  0 -9 
142 138  -1  1  0 -9 
142 139   1  2  0 -9 
142 140  -1  4  0 -9 
142 142   1  0  0 -9 
142 143  -1  1  0 -9 
142 144   1  3  0 -9 
142 145  -1  4  0 -9 
142 146   1  2  0 -9 
142 147   1  5  0 -9 
143 115   1  5  0 -9 
143 116  -1  4  0 -9 
143 120  -1  4  0 -9 
143 145  -1  5  0 -9 
143 146   1  3  0 -9 
143 147   1  6  0 -9 
144 140   1  7  0 -9 
144 144  -1  6  0 -9 
145 145  -1  6  0 -9 
145 147   1  7  0 -9 
146 115   1  6  0 -9 
146 116  -1  5  0 -9 
146 120  -1  5  0 -9 
146 122   1  6  0 -9 
146 143   1  3  0 -9 
146 145  -1  4  0 -9 
147 147   1  8  0 -9 
148 14  -1  2  0 -9 
148 75  -1  0  0 -9 
148 76  -1  3  0 -9 
148 77   1  1  0 -9 
148 79   1  4  0 -9 
148 80  -1  3  0 -9 
148 81  -1  0  0 -9 
148 85   1 -1  0 -9 
148 86  -1  0  0 -9 
148 87  -1  0  0 -9 
148 88   1  1  0 -9 
148 89  -1  2 -1  0  0 -9 
148 90  -1  2  0 -9 
148 91   1  1  0 -9 
148 92   1  3  0 -9 
148 94  -1  3  0 -9 
148 95   1  4  0 -9 
148 99  -1  3  0 -9 
148 101   1  4  0 -9 
148 102   1 -1  0 -9 
148 103   1  2  0 -9 
148 105  -1  3  0 -9 
148 110   1  1  0 -9 
148 111   1  1  0 -9 
148 112  -1  0  0 -9 
148 113  -1  2  0 -9 
148 122  -1  3  0 -9 
148 127  -1  0  0 -9 
148 130  -1  0  0 -9 
148 133  -1  2 -1  0  0 -9 
148 135   1  1  0 -9 
148 136  -1  2  0 -9 
148 137   1  3  0 -9 
148 138  -1  0  0 -9 
148 140  -1  3  0 -9 
148 141   1  2  0 -9 
148 142   1 -1  0 -9 
148 143  -1  0  0 -9 
148 144   1  2  0 -9 
148 145  -1  3  0 -9 
148 146   1  1  0 -9 
148 147   1  4  0 -9 
148 148  -1 -2  0 -9 
148 149  -1  0  0 -9 
148 150   1 -1  0 -9 
148 151   1  1  0 -9 
148 152   1 -1  0 -9 
148 154  -1  0  0 -9 
148 155   1  1  0 -9 
148 156  -1  2  0 -9 
149 104   1  6  0 -9 
149 111  -1  5  0 -9 
149 113   1  6  0 -9 
149 144  -1  4  0 -9 
149 151  -1  5  0 -9 
149 153   1  3  0 -9 
149 156   1  6  0 -9 
150  8  -1  3  0 -9 
150 14  -1  3  0 -9 
150 76  -1  4  0 -9 
150 79   1  5  0 -9 
150 80  -1  4  0 -9 
150 86  -1  1  0 -9 
150 87  -1  1  0 -9 
150 88   1  2  0 -9 
150 89  -1  5 -1  3 -1  1  0 -9 
150 90  -1  3  0 -9 
150 91   1  2  0 -9 
150 92   1  6  1  4  0 -9 
150 101   1  5  0 -9 
150 104   1  5  0 -9 
150 105  -1  4  0 -9 
150 107   1  2  0 -9 
150 110   1  2  0 -9 
150 111  -1  4  1  2  0 -9 
150 112  -1  1  0 -9 
150 113  -1  3  0 -9 
150 122  -1  4  0 -9 
150 130  -1  1  0 -9 
150 133  -1  5 -1  3 -1  1  0 -9 
150 135   1  2  0 -9 
150 136  -1  3  0 -9 
150 137   1  6  1  4  0 -9 
150 140  -1  4  0 -9 
150 141   1  3  0 -9 
150 145  -1  4  0 -9 
150 147   1  5  0 -9 
150 149  -1  1  0 -9 
150 150   1  0  0 -9 
150 151   1  2  0 -9 
150 153   1  2  0 -9 
150 154  -1  1  0 -9 
150 155   1  2  0 -9 
150 156  -1  3  0 -9 
151 113   1  7  0 -9 
151 151  -1  6  0 -9 
151 156   1  7  0 -9 
152 115   1  4  0 -9 
152 116  -1  3  0 -9 
152 120  -1  3  0 -9 
152 124   1  2  0 -9 
152 126  -1  3  0 -9 
152 127  -1  1  0 -9 
152 130  -1  1  0 -9 
152 133  -1  3  0 -9 
152 135   1  2  0 -9 
152 136  -1  3  0 -9 
152 137   1  4  0 -9 
152 143  -1  1  0 -9 
152 145  -1  4  1  2  0 -9 
152 146   1  2  0 -9 
152 147   1  5  0 -9 
152 152   1  0  0 -9 
152 154  -1  1  0 -9 
152 155   1  2  0 -9 
152 156  -1  3  0 -9 
153 111  -1  4  0 -9 
153 113   1  5  0 -9 
153 140   1  6  0 -9 
153 144  -1  5  0 -9 
153 149   1  3  0 -9 
153 151  -1  4  0 -9 
154 133  -1  4  0 -9 
154 136  -1  4  0 -9 
154 137   1  5  0 -9 
154 145  -1  5  0 -9 
154 147   1  6  0 -9 
154 155   1  3  0 -9 
154 156  -1  4  0 -9 
155 128   1  6  0 -9 
155 133  -1  5  0 -9 
155 136  -1  5  0 -9 
155 137   1  6  0 -9 
155 145  -1  4  0 -9 
155 154   1  3  0 -9 
155 156   1  7  0 -9 
156 156   1  8  0 -9 
157  3  -1  4  0 -9 
157 73  -1  5  0 -9 
157 74   1  6  0 -9 
157 158  -1  5  0 -9 
157 159   1  3  0 -9 
157 160  -1  4  0 -9 
157 161   1  6  0 -9 
158 158  -1  6  0 -9 
158 161   1  7  0 -9 
159  0   1  6  0 -9 
159  3  -1  5  0 -9 
159  4   1  6  0 -9 
159 73  -1  4  0 -9 
159 157   1  3  0 -9 
159 158  -1  4  0 -9 
159 160  -1  5  0 -9 
159 162   1  6  0 -9 
160 160  -1  6  0 -9 
160 162   1  7  0 -9 
161 161   1  8  0 -9 
162 162   1  8  0 -9 
163 160  -1  4  0 -9 
163 162   1  5  0 -9 
163 164   1  3  0 -9 
163 166  -1  4  0 -9 
164 160  -1  5  0 -9 
164 162   1  6  0 -9 
164 163   1  3  0 -9 
164 165   1  6  0 -9 
164 166  -1  5  0 -9 
165 165   1  8  0 -9 
166 162   1  7  0 -9 
166 165   1  7  0 -9 
166 166  -1  6  0 -9 
167  4  -1  4  0 -9 
167 158  -1  4  0 -9 
167 161   1  5  0 -9 
167 168   1  3  0 -9 
167 169  -1  4  0 -9 
168  4   1  7  0 -9 
168 158  -1  5  0 -9 
168 161   1  6  0 -9 
168 167   1  3  0 -9 
168 169  -1  5  0 -9 
168 170   1  6  0 -9 
169 161   1  7  0 -9 
169 169  -1  6  0 -9 
169 170   1  7  0 -9 
170 170   1  8  0 -9 
171  4  -1  3  0 -9 
171 158  -1  3  0 -9 
171 161   1  4  0 -9 
171 165  -1  3  0 -9 
171 167  -1  1  0 -9 
171 168   1  2  0 -9 
171 169  -1  3  0 -9 
171 171   1  0  0 -9 
171 172  -1  1  0 -9 
171 173  -1  1  0 -9 
171 174   1  2  0 -9 
171 175  -1  3  0 -9 
171 176  -1  3  0 -9 
171 177   1  2  0 -9 
171 178   1  4  0 -9 
172 175  -1  4  0 -9 
172 176  -1  4  0 -9 
172 177   1  3  0 -9 
172 178   1  5  0 -9 
173 158  -1  4  0 -9 
173 161   1  5  0 -9 
173 165  -1  4  0 -9 
173 169  -1  4  0 -9 
173 170   1  5  0 -9 
173 174   1  3  0 -9 
173 175  -1  4  0 -9 
173 176  -1  4  0 -9 
173 178   1  5  0 -9 
174 158  -1  5  0 -9 
174 161   1  6  0 -9 
174 165   1  7  0 -9 
174 169  -1  5  0 -9 
174 170   1  6  0 -9 
174 173   1  3  0 -9 
174 175  -1  5  0 -9 
174 176  -1  5  0 -9 
174 178   1  6  0 -9 
175 170   1  7  0 -9 
175 175  -1  6  0 -9 
175 178   1  7  0 -9 
176 176  -1  6  0 -9 
176 178   1  7  0 -9 
177 170   1  6  0 -9 
177 172   1  3  0 -9 
177 175  -1  5  0 -9 
177 176  -1  5  0 -9 
177 178   1  6  0 -9 
178 178   1  8  0 -9 
179 76  -1  3  0 -9 
179 79   1  4  0 -9 
179 80  -1  3  0 -9 
179 160  -1  3  0 -9 
179 162   1  4  0 -9 
179 163  -1  1  0 -9 
179 164   1  2  0 -9 
179 166  -1  3  0 -9 
179 170  -1  3  0 -9 
179 179   1  0  0 -9 
179 180  -1  1  0 -9 
179 181  -1  1  0 -9 
179 182   1  2  0 -9 
179 183  -1  3  0 -9 
179 184  -1  3  0 -9 
179 185   1  2  0 -9 
179 186   1  4  0 -9 
180 76  -1  4  0 -9 
180 79   1  5  0 -9 
180 80  -1  4  0 -9 
180 160  -1  4  0 -9 
180 162   1  5  0 -9 
180 165   1  5  0 -9 
180 166  -1  4  0 -9 
180 170  -1  4  0 -9 
180 183  -1  4  0 -9 
180 184  -1  4  0 -9 
180 185   1  3  0 -9 
180 186   1  5  0 -9 
181 76  -1  4  0 -9 
181 79   1  5  0 -9 
181 182   1  3  0 -9 
181 183  -1  4  0 -9 
181 184  -1  4  0 -9 
181 186   1  5  0 -9 
182 76  -1  5  0 -9 
182 79   1  6  0 -9 
182 165   1  6  0 -9 
182 181   1  3  0 -9 
182 183  -1  5  0 -9 
182 184  -1  5  0 -9 
182 186   1  6  0 -9 
183 183  -1  6  0 -9 
183 186   1  7  0 -9 
184 79   1  7  0 -9 
184 165   1  7  0 -9 
184 184  -1  6  0 -9 
184 186   1  7  0 -9 
185 76  -1  5  0 -9 
185 79   1  6  0 -9 
185 80   1  7  0 -9 
185 160  -1  5  0 -9 
185 162   1  6  0 -9 
185 165   1  6  0 -9 
185 166  -1  5  0 -9 
185 170   1  7  0 -9 
185 180   1  3  0 -9 
185 183  -1  5  0 -9 
185 184  -1  5  0 -9 
185 186   1  6  0 -9 
186 186   1  8  0 -9 
187 176  -1  5  0 -9 
187 178   1  6  0 -9 
187 183  -1  4  0 -9 
187 188   1  3  0 -9 
188 176  -1  4  0 -9 
188 183  -1  5  0 -9 
188 186   1  6  0 -9 
188 187   1  3  0 -9 
189 93   1  7  0 -9 
189 189  -1  6  0 -9 
189 190   1  7  0 -9 
190 190   1  8  0 -9 
191 94  -1  5  0 -9 
191 95   1  6  0 -9 
191 189  -1  4  0 -9 
191 192  -1  5  0 -9 
191 193   1  3  0 -9 
191 194  -1  4  0 -9 
191 195   1  6  0 -9 
192 192  -1  6  0 -9 
192 195   1  7  0 -9 
193 93   1  6  0 -9 
193 94  -1  4  0 -9 
193 189  -1  5  0 -9 
193 190   1  6  0 -9 
193 191   1  3  0 -9 
193 192  -1  4  0 -9 
193 194  -1  5  0 -9 
193 196   1  6  0 -9 
194 194  -1  6  0 -9 
194 196   1  7  0 -9 
195 195   1  8  0 -9 
196 196   1  8  0 -9 
197 194  -1  4  0 -9 
197 196   1  5  0 -9 
197 198   1  3  0 -9 
197 200  -1  4  0 -9 
198 194  -1  5  0 -9 
198 196   1  6  0 -9 
198 197   1  3  0 -9 
198 199   1  6  0 -9 
198 200  -1  5  0 -9 
199 199   1  8  0 -9 
200 196   1  7  0 -9 
200 199   1  7  0 -9 
200 200  -1  6  0 -9 
201 190  -1  4  0 -9 
201 192  -1  4  0 -9 
201 195   1  5  0 -9 
201 202   1  3  0 -9 
201 203  -1  4  0 -9 
202 190   1  7  0 -9 
202 192  -1  5  0 -9 
202 195   1  6  0 -9 
202 201   1  3  0 -9 
202 203  -1  5  0 -9 
202 204   1  6  0 -9 
203 195   1  7  0 -9 
203 203  -1  6  0 -9 
203 204   1  7  0 -9 
204 204   1  8  0 -9 
205 190  -1  3  0 -9 
205 192  -1  3  0 -9 
205 195   1  4  0 -9 
205 199  -1  3  0 -9 
205 201  -1  1  0 -9 
205 202   1  2  0 -9 
205 203  -1  3  0 -9 
205 205   1  0  0 -9 
205 206  -1  1  0 -9 
205 207  -1  1  0 -9 
205 208   1  2  0 -9 
205 209  -1  3  0 -9 
205 210  -1  3  0 -9 
205 211   1  2  0 -9 
205 212   1  4  0 -9 
206 209  -1  4  0 -9 
206 210  -1  4  0 -9 
206 211   1  3  0 -9 
206 212   1  5  0 -9 
207 192  -1  4  0 -9 
207 195   1  5  0 -9 
207 199  -1  4  0 -9 
207 203  -1  4  0 -9 
207 204   1  5  0 -9 
207 208   1  3  0 -9 
207 209  -1  4  0 -9 
207 210  -1  4  0 -9 
207 212   1  5  0 -9 
208 192  -1  5  0 -9 
208 195   1  6  0 -9 
208 199   1  7  0 -9 
208 203  -1  5  0 -9 
208 204   1  6  0 -9 
208 207   1  3  0 -9 
208 209  -1  5  0 -9 
208 210  -1  5  0 -9 
208 212   1  6  0 -9 
209 204   1  7  0 -9 
209 209  -1  6  0 -9 
209 212   1  7  0 -9 
210 210  -1  6  0 -9 
210 212   1  7  0 -9 
211 204   1  6  0 -9 
211 206   1  3  0 -9 
211 209  -1  5  0 -9 
211 210  -1  5  0 -9 
211 212   1  6  0 -9 
212 212   1  8  0 -9 
213 93   1  6  0 -9 
213 114  -1  5  0 -9 
213 115   1  6  0 -9 
213 189  -1  5  0 -9 
213 190   1  6  0 -9 
213 214  -1  5  0 -9 
213 215   1  3  0 -9 
213 216  -1  4  0 -9 
213 217   1  6  0 -9 
214 190   1  7  0 -9 
214 214  -1  6  0 -9 
214 217   1  7  0 -9 
215 93   1  5  0 -9 
215 114  -1  4  0 -9 
215 189  -1  4  0 -9 
215 190   1  5  0 -9 
215 213   1  3  0 -9 
215 214  -1  4  0 -9 
215 216  -1  5  0 -9 
215 218   1  6  0 -9 
216 216  -1  6  0 -9 
216 218   1  7  0 -9 
217 217   1  8  0 -9 
218 218   1  8  0 -9 
219 94  -1  4  0 -9 
219 95   1  5  0 -9 
219 115  -1  4  0 -9 
219 116   1  3  0 -9 
219 189  -1  3  0 -9 
219 191  -1  1  0 -9 
219 192  -1  4  0 -9 
219 193   1  2  0 -9 
219 194  -1  3  0 -9 
219 195   1  5  0 -9 
219 197  -1  1  0 -9 
219 198   1  2  0 -9 
219 199  -1  4  0 -9 
219 213   1  2  0 -9 
219 215  -1  1  0 -9 
219 216  -1  4  1  2  0 -9 
219 217  -1  4  0 -9 
219 218   1  5  0 -9 
219 219   1  0  0 -9 
219 220  -1  1  0 -9 
219 221   1  3  0 -9 
219 222  -1  4  0 -9 
219 223   1  2  0 -9 
219 224   1  5  0 -9 
220 216  -1  5  0 -9 
220 218   1  6  0 -9 
220 222  -1  5  0 -9 
220 223   1  3  0 -9 
220 224   1  6  0 -9 
221 199   1  7  0 -9 
221 217   1  7  0 -9 
221 221  -1  6  0 -9 
222 218   1  7  0 -9 
222 222  -1  6  0 -9 
222 224   1  7  0 -9 
223 216  -1  4  0 -9 
223 218   1  5  0 -9 
223 220   1  3  0 -9 
223 222  -1  4  0 -9 
224 224   1  8  0 -9 
225 214  -1  4  0 -9 
225 217   1  5  0 -9 
225 226   1  3  0 -9 
225 227  -1  4  0 -9 
226 190   1  6  0 -9 
226 214  -1  5  0 -9 
226 217   1  6  0 -9 
226 225   1  3  0 -9 
226 227  -1  5  0 -9 
226 228   1  6  0 -9 
227 217   1  7  0 -9 
227 227  -1  6  0 -9 
227 228   1  7  0 -9 
228 228   1  8  0 -9 
229 190  -1  2  0 -9 
229 192  -1  2 -1  0  0 -9 
229 195   1  3  0 -9 
229 199  -1  2  0 -9 
229 201  -1  0  0 -9 
229 202   1  1  0 -9 
229 203  -1  2  0 -9 
229 205   1 -1  0 -9 
229 206  -1  0  0 -9 
229 207  -1  0  0 -9 
229 208   1  1  0 -9 
229 214   1  1  0 -9 
229 217  -1  2  0 -9 
229 221   1  1  0 -9 
229 226  -1  0  0 -9 
229 227   1  1  0 -9 
229 229  -1 -2  0 -9 
229 230   1 -1  0 -9 
229 231   1 -1  0 -9 
229 232  -1  0  0 -9 
229 233  -1  3  0 -9 
229 235   1  2  0 -9 
229 236  -1  3  0 -9 
229 237   1  4  0 -9 
230 233  -1  4  0 -9 
230 235   1  3  0 -9 
230 236  -1  4  0 -9 
230 237   1  5  0 -9 
231 190  -1  3  0 -9 
231 192  -1  5 -1  3 -1  1  0 -9 
231 195   1  6  1  4  0 -9 
231 199  -1  3  0 -9 
231 201  -1  1  0 -9 
231 202   1  2  0 -9 
231 203  -1  3  0 -9 
231 207  -1  1  0 -9 
231 208   1  2  0 -9 
231 210  -1  3  0 -9 
231 214   1  2  0 -9 
231 217  -1  3  0 -9 
231 221   1  2  0 -9 
231 225   1  2  0 -9 
231 226  -1  1  0 -9 
231 227  -1  4  1  2  0 -9 
231 228   1  5  0 -9 
231 231   1  0  0 -9 
231 232  -1  1  0 -9 
231 233  -1  4  0 -9 
231 234   1  2  0 -9 
231 237   1  5  0 -9 
232 199   1  6  0 -9 
232 210  -1  4  0 -9 
232 217   1  6  0 -9 
232 221  -1  5  0 -9 
232 227  -1  5  0 -9 
232 228   1  6  0 -9 
232 233  -1  5  0 -9 
232 234   1  3  0 -9 
232 237   1  6  0 -9 
233 228   1  7  0 -9 
233 233  -1  6  0 -9 
233 237   1  7  0 -9 
234 210  -1  5  0 -9 
234 212   1  6  0 -9 
234 217   1  5  0 -9 
234 221  -1  4  0 -9 
234 227  -1  4  0 -9 
234 228   1  5  0 -9 
234 232   1  3  0 -9 
234 233  -1  4  0 -9 
235 228   1  6  0 -9 
235 230   1  3  0 -9 
235 233  -1  5  0 -9 
235 236  -1  5  0 -9 
235 237   1  6  0 -9 
236 236  -1  6  0 -9 
236 237   1  7  0 -9 
237 237   1  8  0 -9 
238  0   1  5  0 -9 
238  3  -1  4  1  2  0 -9 
238  4   1  5 -1  3  0 -9 
238 73  -1  3  0 -9 
238 75  -1  1  0 -9 
238 76  -1  4  1  2  0 -9 
238 77   1  2  0 -9 
238 78  -1  3  0 -9 
238 79   1  5  0 -9 
238 94  -1  4  1  2  0 -9 
238 95   1  5  0 -9 
238 114  -1  3  0 -9 
238 117  -1  1  0 -9 
238 118  -1  4  1  2  0 -9 
238 119   1  2  0 -9 
238 120  -1  3  0 -9 
238 121   1  5  0 -9 
238 138  -1  1  0 -9 
238 139   1  2  0 -9 
238 141  -1  3  0 -9 
238 157   1  2  0 -9 
238 158  -1  3  0 -9 
238 159  -1  1  0 -9 
238 160  -1  4  1  2  0 -9 
238 162   1  5  0 -9 
238 167  -1  1  0 -9 
238 168   1  2  0 -9 
238 169  -1  3  0 -9 
238 189  -1  3  0 -9 
238 191  -1  1  0 -9 
238 192  -1  4  1  2  0 -9 
238 193   1  2  0 -9 
238 194  -1  3  0 -9 
238 195   1  5  0 -9 
238 197  -1  1  0 -9 
238 198   1  2  0 -9 
238 200  -1  3  0 -9 
238 213   1  2  0 -9 
238 214  -1  3  0 -9 
238 215  -1  1  0 -9 
238 216  -1  4  1  2  0 -9 
238 218   1  5  0 -9 
238 225  -1  1  0 -9 
238 226   1  2  0 -9 
238 227  -1  3  0 -9 
238 238   1  0  0 -9 
238 239  -1  1  0 -9 
238 240  -1  1  0 -9 
238 241   1  2  0 -9 
238 242  -1  3  0 -9 
238 243  -1  3  0 -9 
238 244   1  2  0 -9 
238 245   1  4  0 -9 
239 140   1  5  0 -9 
239 141  -1  4  0 -9 
239 160  -1  5  0 -9 
239 162   1  6  0 -9 
239 199   1  5  0 -9 
239 200  -1  4  0 -9 
239 216  -1  5  0 -9 
239 218   1  6  0 -9 
239 242  -1  4  0 -9 
239 243  -1  4  0 -9 
239 244   1  3  0 -9 
239 245   1  5  0 -9 
240  4   1  6  0 -9 
240 76  -1  5  0 -9 
240 79   1  6  0 -9 
240 118  -1  5  0 -9 
240 121   1  6  0 -9 
240 169  -1  4  0 -9 
240 170   1  5  0 -9 
240 192  -1  5  0 -9 
240 195   1  6  0 -9 
240 227  -1  4  0 -9 
240 228   1  5  0 -9 
240 241   1  3  0 -9 
240 242  -1  4  0 -9 
240 243  -1  4  0 -9 
240 245   1  5  0 -9 
241 76  -1  4  0 -9 
241 118  -1  4  0 -9 
241 140   1  6  0 -9 
241 161   1  6  0 -9 
241 169  -1  5  0 -9 
241 170   1  6  0 -9 
241 192  -1  4  0 -9 
241 199   1  6  0 -9 
241 217   1  6  0 -9 
241 227  -1  5  0 -9 
241 228   1  6  0 -9 
241 240   1  3  0 -9 
241 242  -1  5  0 -9 
241 243  -1  5  0 -9 
241 245   1  6  0 -9 
242 170   1  7  0 -9 
242 228   1  7  0 -9 
242 242  -1  6  0 -9 
242 245   1  7  0 -9 
243 140   1  7  0 -9 
243 199   1  7  0 -9 
243 243  -1  6  0 -9 
243 245   1  7  0 -9 
244 80   1  6  0 -9 
244 122   1  6  0 -9 
244 140   1  6  0 -9 
244 141  -1  5  0 -9 
244 160  -1  4  0 -9 
244 170   1  6  0 -9 
244 196   1  6  0 -9 
244 199   1  6  0 -9 
244 200  -1  5  0 -9 
244 216  -1  4  0 -9 
244 228   1  6  0 -9 
244 239   1  3  0 -9 
244 242  -1  5  0 -9 
244 243  -1  5  0 -9 
244 245   1  6  0 -9 
245 245   1  8  0 -9 
246  3   1  1  0 -9 
246  4  -1  2  0 -9 
246 75  -1  0  0 -9 
246 76  -1  3  0 -9 
246 77   1  1  0 -9 
246 78  -1  2  0 -9 
246 79   1  4  0 -9 
246 94  -1  3  0 -9 
246 95   1  4  0 -9 
246 115  -1  3  0 -9 
246 116   1  2  0 -9 
246 117  -1  0  0 -9 
246 118   1  1  0 -9 
246 122  -1  3  0 -9 
246 138  -1  0  0 -9 
246 139   1  1  0 -9 
246 140  -1  3  0 -9 
246 142   1 -1  0 -9 
246 143  -1  0  0 -9 
246 144   1  2  0 -9 
246 145  -1  3  0 -9 
246 147   1  4  0 -9 
246 159  -1  0  0 -9 
246 160   1  1  0 -9 
246 167  -1  0  0 -9 
246 168   1  1  0 -9 
246 169  -1  2  0 -9 
246 189  -1  2  0 -9 
246 191  -1  0  0 -9 
246 192  -1  3  0 -9 
246 193   1  1  0 -9 
246 194  -1  2  0 -9 
246 195   1  4  0 -9 
246 197  -1  0  0 -9 
246 198   1  1  0 -9 
246 199  -1  3  0 -9 
246 213   1  1  0 -9 
246 215  -1  0  0 -9 
246 216  -1  3  1  1  0 -9 
246 217  -1  3  0 -9 
246 218   1  4  0 -9 
246 219   1 -1  0 -9 
246 220  -1  0  0 -9 
246 221   1  2  0 -9 
246 222  -1  3  0 -9 
246 224   1  4  0 -9 
246 225  -1  0  0 -9 
246 228  -1  3  0 -9 
246 238   1 -1  0 -9 
246 239  -1  0  0 -9 
246 240  -1  0  0 -9 
246 241   1  1  0 -9 
246 246  -1 -2  0 -9 
246 247   1 -1  0 -9 
246 248   1 -1  0 -9 
246 249  -1  0  0 -9 
246 250  -1  3  0 -9 
246 252   1  2  0 -9 
246 253  -1  3  0 -9 
246 254   1  4  0 -9 
247 122  -1  4  0 -9 
247 145  -1  4  0 -9 
247 147   1  5  0 -9 
247 216  -1  4  0 -9 
247 218   1  5  0 -9 
247 222  -1  4  0 -9 
247 224   1  5  0 -9 
247 228  -1  4  0 -9 
247 250  -1  4  0 -9 
247 252   1  3  0 -9 
247 253  -1  4  0 -9 
247 254   1  5  0 -9 
248  4  -1  3  0 -9 
248 76  -1  4  0 -9 
248 79   1  5  0 -9 
248 118   1  2  0 -9 
248 121  -1  3  0 -9 
248 167  -1  1  0 -9 
248 168   1  2  0 -9 
248 169  -1  3  0 -9 
248 192  -1  4  0 -9 
248 195   1  5  0 -9 
248 227  -1  3  0 -9 
248 240  -1  1  0 -9 
248 241   1  2  0 -9 
248 243  -1  3  0 -9 
248 248   1  0  0 -9 
248 249  -1  1  0 -9 
248 250  -1  4  0 -9 
248 251   1  2  0 -9 
248 254   1  5  0 -9 
249 121  -1  4  0 -9 
249 140   1  5  0 -9 
249 144  -1  4  0 -9 
249 199   1  5  0 -9 
249 217   1  5  0 -9 
249 221  -1  4  0 -9 
249 227  -1  4  0 -9 
249 243  -1  4  0 -9 
249 250  -1  5  0 -9 
249 251   1  3  0 -9 
249 254   1  6  0 -9 
250 250  -1  6  0 -9 
250 254   1  7  0 -9 
251 121   1  7  0 -9 
251 140   1  6  0 -9 
251 144  -1  5  0 -9 
251 199   1  6  0 -9 
251 217   1  6  0 -9 
251 221  -1  5  0 -9 
251 227  -1  5  0 -9 
251 228   1  6  0 -9 
251 243  -1  5  0 -9 
251 245   1  6  0 -9 
251 249   1  3  0 -9 
251 250  -1  4  0 -9 
252 122   1  7  0 -9 
252 145  -1  5  0 -9 
252 147   1  6  0 -9 
252 216  -1  5  0 -9 
252 218   1  6  0 -9 
252 222  -1  5  0 -9 
252 224   1  6  0 -9 
252 228   1  7  0 -9 
252 247   1  3  0 -9 
252 250  -1  5  0 -9 
252 253  -1  5  0 -9 
252 254   1  6  0 -9 
253 147   1  7  0 -9 
253 224   1  7  0 -9 
253 253  -1  6  0 -9 
253 254   1  7  0 -9 
254 254   1  8  0 -9 
255 76  -1  2 -1  0  0 -9 
255 79   1  3  0 -9 
255 80  -1  2  0 -9 
255 122  -1  2  0 -9 
255 140  -1  2  0 -9 
255 141   1  1  0 -9 
255 144   1  1  0 -9 
255 145  -1  2 -1  0  0 -9 
255 147   1  3  0 -9 
255 163  -1  0  0 -9 
255 170  -1  2  0 -9 
255 179   1 -1  0 -9 
255 180  -1  0  0 -9 
255 181  -1  0  0 -9 
255 182   1  1  0 -9 
255 183  -1  2 -1  0  0 -9 
255 184  -1  2  0 -9 
255 185   1  1  0 -9 
255 186   1  3  0 -9 
255 194  -1  3  0 -9 
255 196   1  4  0 -9 
255 197   1 -1  0 -9 
255 198   1  2  0 -9 
255 200  -1  3  0 -9 
255 223  -1  0  0 -9 
255 228  -1  2  0 -9 
255 242   1  1  0 -9 
255 243   1  1  0 -9 
255 244  -1  0  0 -9 
255 245  -1  2  0 -9 
255 247  -1  0  0 -9 
255 250  -1  2 -1  0  0 -9 
255 252   1  1  0 -9 
255 253  -1  2  0 -9 
255 254   1  3  0 -9 
255 255  -1 -2  0 -9 
255 256  -1  0  0 -9 
255 257   1 -1  0 -9 
255 258   1  1  0 -9 
255 259   1 -1  0 -9 
255 261  -1  0  0 -9 
255 262   1  1  0 -9 
255 263  -1  2  0 -9 
256 140   1  6  0 -9 
256 144  -1  5  0 -9 
256 199   1  6  0 -9 
256 243  -1  5  0 -9 
256 245   1  6  0 -9 
256 258  -1  5  0 -9 
256 260   1  3  0 -9 
256 263   1  6  0 -9 
257 76  -1  5 -1  3 -1  1  0 -9 
257 79   1  6  1  4  0 -9 
257 80  -1  3  0 -9 
257 122  -1  3  0 -9 
257 140  -1  3  0 -9 
257 141   1  2  0 -9 
257 144   1  2  0 -9 
257 145  -1  5 -1  3 -1  1  0 -9 
257 147   1  6  1  4  0 -9 
257 160  -1  3  0 -9 
257 170  -1  3  0 -9 
257 180  -1  1  0 -9 
257 181  -1  1  0 -9 
257 182   1  2  0 -9 
257 183  -1  5 -1  3 -1  1  0 -9 
257 184  -1  3  0 -9 
257 185   1  2  0 -9 
257 186   1  6  1  4  0 -9 
257 196   1  5  0 -9 
257 199   1  5  0 -9 
257 200  -1  4  0 -9 
257 216  -1  3  0 -9 
257 228  -1  3  0 -9 
257 239   1  2  0 -9 
257 242   1  2  0 -9 
257 243  -1  4  1  2  0 -9 
257 244  -1  1  0 -9 
257 245  -1  3  0 -9 
257 247  -1  1  0 -9 
257 250  -1  5 -1  3 -1  1  0 -9 
257 252   1  2  0 -9 
257 253  -1  3  0 -9 
257 254   1  6  1  4  0 -9 
257 256  -1  1  0 -9 
257 257   1  0  0 -9 
257 258   1  2  0 -9 
257 260   1  2  0 -9 
257 261  -1  1  0 -9 
257 262   1  2  0 -9 
257 263  -1  3  0 -9 
258 245   1  7  0 -9 
258 258  -1  6  0 -9 
258 263   1  7  0 -9 
259 122  -1  3  0 -9 
259 145  -1  3  0 -9 
259 147   1  4  0 -9 
259 216  -1  3  0 -9 
259 218   1  4  0 -9 
259 220   1  2  0 -9 
259 222  -1  3  0 -9 
259 223  -1  1  0 -9 
259 228  -1  3  0 -9 
259 247  -1  1  0 -9 
259 250  -1  3  0 -9 
259 252   1  2  0 -9 
259 253  -1  3  0 -9 
259 254   1  4  0 -9 
259 259   1  0  0 -9 
259 261  -1  1  0 -9 
259 262   1  2  0 -9 
259 263  -1  3  0 -9 
260 140   1  5  0 -9 
260 144  -1  4  0 -9 
260 243  -1  4  0 -9 
260 245   1  5  0 -9 
260 256   1  3  0 -9 
260 258  -1  4  0 -9 
261 145  -1  4  0 -9 
261 147   1  5  0 -9 
261 250  -1  4  0 -9 
261 253  -1  4  0 -9 
261 254   1  5  0 -9 
261 262   1  3  0 -9 
261 263  -1  4  0 -9 
262 145  -1  5  0 -9 
262 147   1  6  0 -9 
262 224   1  6  0 -9 
262 250  -1  5  0 -9 
262 253  -1  5  0 -9 
262 254   1  6  0 -9 
262 261   1  3  0 -9 
262 263   1  7  0 -9 
263 263   1  8  0 -9 
264  4  -1  2  0 -9 
264 76  -1  3  0 -9 
264 79   1  4  0 -9 
264 118   1  1  0 -9 
264 121  -1  2  0 -9 
264 167  -1  0  0 -9 
264 168   1  1  0 -9 
264 170  -1  3  0 -9 
264 171   1 -1  0 -9 
264 172  -1  0  0 -9 
264 173  -1  0  0 -9 
264 177   1  1  0 -9 
264 181   1 -1  0 -9 
264 182   1  2  0 -9 
264 183  -1  3  0 -9 
264 184  -1  3  0 -9 
264 186   1  4  0 -9 
264 188  -1  0  0 -9 
264 192  -1  3  0 -9 
264 195   1  4  0 -9 
264 199  -1  3  0 -9 
264 203  -1  3  0 -9 
264 204   1  4  0 -9 
264 207   1 -1  0 -9 
264 208   1  2  0 -9 
264 209  -1  3  0 -9 
264 210  -1  3  1  1  0 -9 
264 211  -1  0  0 -9 
264 212   1  4  0 -9 
264 228  -1  3  0 -9 
264 230  -1  0  0 -9 
264 234  -1  0  0 -9 
264 235   1  1  0 -9 
264 236  -1  2  0 -9 
264 240  -1  0  0 -9 
264 242   1  2  0 -9 
264 245  -1  3  0 -9 
264 248   1 -1  0 -9 
264 249  -1  0  0 -9 
264 250  -1  3  0 -9 
264 251   1  1  0 -9 
264 254   1  4  0 -9 
264 260  -1  0  0 -9 
264 264  -1 -2  0 -9 
264 265  -1  0  0 -9 
264 266   1 -1  0 -9 
264 267   1 -1  0 -9 
264 268  -1  0  0 -9 
264 269   1  1  0 -9 
264 270   1  1  0 -9 
264 271  -1  2  0 -9 
265 210  -1  5  0 -9 
265 212   1  6  0 -9 
265 258  -1  4  0 -9 
265 263   1  5  0 -9 
265 270   1  3  0 -9 
265 271  -1  4  0 -9 
266 170  -1  4  0 -9 
266 172  -1  1  0 -9 
266 176  -1  3  0 -9 
266 177   1  2  0 -9 
266 183  -1  4  0 -9 
266 186   1  5  0 -9 
266 187   1  2  0 -9 
266 188  -1  1  0 -9 
266 204   1  5  0 -9 
266 206   1  2  0 -9 
266 209  -1  4  0 -9 
266 210  -1  4  1  2  0 -9 
266 211  -1  1  0 -9 
266 212   1  5  0 -9 
266 228  -1  4  0 -9 
266 230  -1  1  0 -9 
266 235   1  2  0 -9 
266 236  -1  3  0 -9 
266 242   1  3  0 -9 
266 245  -1  4  0 -9 
266 250  -1  4  0 -9 
266 254   1  5  0 -9 
266 265  -1  1  0 -9 
266 266   1  0  0 -9 
266 268  -1  1  0 -9 
266 269   1  2  0 -9 
266 270   1  2  0 -9 
266 271  -1  3  0 -9 
267 121  -1  3  0 -9 
267 140   1  4  0 -9 
267 144  -1  3  0 -9 
267 210  -1  4  1  2  0 -9 
267 212   1  5  0 -9 
267 217   1  4  0 -9 
267 221  -1  3  0 -9 
267 227  -1  3  0 -9 
267 230  -1  1  0 -9 
267 232   1  2  0 -9 
267 233  -1  3  0 -9 
267 234  -1  1  0 -9 
267 235   1  2  0 -9 
267 236  -1  3  0 -9 
267 243  -1  3  0 -9 
267 249  -1  1  0 -9 
267 250  -1  4  1  2  0 -9 
267 251   1  2  0 -9 
267 254   1  5  0 -9 
267 256   1  2  0 -9 
267 258  -1  3  0 -9 
267 260  -1  1  0 -9 
267 265  -1  1  0 -9 
267 267   1  0  0 -9 
267 268  -1  1  0 -9 
267 269   1  2  0 -9 
267 270   1  2  0 -9 
267 271  -1  3  0 -9 
268 236  -1  4  0 -9 
268 250  -1  5  0 -9 
268 254   1  6  0 -9 
268 269   1  3  0 -9 
268 271  -1  4  0 -9 
269 236  -1  5  0 -9 
269 237   1  6  0 -9 
269 250  -1  4  0 -9 
269 263   1  6  0 -9 
269 268   1  3  0 -9 
269 271  -1  5  0 -9 
270 210  -1  4  0 -9 
270 245   1  6  0 -9 
270 258  -1  5  0 -9 
270 263   1  6  0 -9 
270 265   1  3  0 -9 
270 271  -1  5  0 -9 
271 263   1  7  0 -9 
271 271  -1  6  0 -9 
272 273  -1  5  0 -9 
272 274   1  3  0 -9 
272 275  -1  4  0 -9 
272 276   1  6  0 -9 
273 273  -1  6  0 -9 
273 276   1  7  0 -9 
274 272   1  3  0 -9 
274 273  -1  4  0 -9 
274 275  -1  5  0 -9 
274 277   1  6  0 -9 
275 275  -1  6  0 -9 
275 277   1  7  0 -9 
276 276   1  8  0 -9 
277 277   1  8  0 -9 
278  4  -1  3  0 -9 
278  8  -1  3  0 -9 
278 10   1  4  0 -9 
278 14  -1  3  0 -9 
278 36  -1  3  0 -9 
278 38   1  4  0 -9 
278 39  -1  1  0 -9 
278 40   1  2  0 -9 
278 42  -1  3  0 -9 
278 46  -1  3  0 -9 
278 97  -1  3  0 -9 
278 100   1  4  0 -9 
278 101  -1  3  0 -9 
278 194  -1  3  0 -9 
278 196   1  4  0 -9 
278 197  -1  1  0 -9 
278 198   1  2  0 -9 
278 200  -1  3  0 -9 
278 204  -1  3  0 -9 
278 273  -1  3  0 -9 
278 276   1  4  0 -9 
278 277  -1  3  0 -9 
278 278   1  0  0 -9 
278 279  -1  1  0 -9 
278 280  -1  1  0 -9 
278 281   1  2  0 -9 
278 282  -1  3  0 -9 
278 283  -1  3  0 -9 
278 284   1  2  0 -9 
278 285   1  4  0 -9 
279  4  -1  4  0 -9 
279  8  -1  4  0 -9 
279 10   1  5  0 -9 
279 14  -1  4  0 -9 
279 36  -1  4  0 -9 
279 38   1  5  0 -9 
279 41   1  5  0 -9 
279 42  -1  4  0 -9 
279 46  -1  4  0 -9 
279 97  -1  4  0 -9 
279 100   1  5  0 -9 
279 101  -1  4  0 -9 
279 194  -1  4  0 -9 
279 196   1  5  0 -9 
279 199   1  5  0 -9 
279 200  -1  4  0 -9 
279 204  -1  4  0 -9 
279 273  -1  4  0 -9 
279 276   1  5  0 -9 
279 277  -1  4  0 -9 
279 282  -1  4  0 -9 
279 283  -1  4  0 -9 
279 284   1  3  0 -9 
279 285   1  5  0 -9 
280 97  -1  4  0 -9 
280 100   1  5  0 -9 
280 273  -1  4  0 -9 
280 276   1  5  0 -9 
280 281   1  3  0 -9 
280 282  -1  4  0 -9 
280 283  -1  4  0 -9 
280 285   1  5  0 -9 
281 41   1  6  0 -9 
281 97  -1  5  0 -9 
281 100   1  6  0 -9 
281 199   1  6  0 -9 
281 273  -1  5  0 -9 
281 276   1  6  0 -9 
281 280   1  3  0 -9 
281 282  -1  5  0 -9 
281 283  -1  5  0 -9 
281 285   1  6  0 -9 
282 282  -1  6  0 -9 
282 285   1  7  0 -9 
283 41   1  7  0 -9 
283 100   1  7  0 -9 
283 199   1  7  0 -9 
283 276   1  7  0 -9 
283 283  -1  6  0 -9 
283 285   1  7  0 -9 
284  4   1  7  0 -9 
284  8  -1  5  0 -9 
284 10   1  6  0 -9 
284 14   1  7  0 -9 
284 36  -1  5  0 -9 
284 38   1  6  0 -9 
284 41   1  6  0 -9 
284 42  -1  5  0 -9 
284 46   1  7  0 -9 
284 97  -1  5  0 -9 
284 100   1  6  0 -9 
284 101   1  7  0 -9 
284 194  -1  5  0 -9 
284 196   1  6  0 -9 
284 199   1  6  0 -9 
284 200  -1  5  0 -9 
284 204   1  7  0 -9 
284 273  -1  5  0 -9 
284 276   1  6  0 -9 
284 277   1  7  0 -9 
284 279   1  3  0 -9 
284 282  -1  5  0 -9 
284 283  -1  5  0 -9 
284 285   1  6  0 -9 
285 285   1  8  0 -9 
286 52  -1  5  0 -9 
286 54   1  6  0 -9 
286 210  -1  5  0 -9 
286 212   1  6  0 -9 
286 282  -1  4  0 -9 
286 287   1  3  0 -9 
287 52  -1  4  0 -9 
287 210  -1  4  0 -9 
287 282  -1  5  0 -9 
287 285   1  6  0 -9 
287 286   1  3  0 -9 
288 216  -1  4  0 -9 
288 218   1  5  0 -9 
288 275  -1  4  0 -9 
288 277   1  5  0 -9 
288 289   1  3  0 -9 
288 291  -1  4  0 -9 
289 216  -1  5  0 -9 
289 218   1  6  0 -9 
289 275  -1  5  0 -9 
289 277   1  6  0 -9 
289 288   1  3  0 -9 
289 290   1  6  0 -9 
289 291  -1  5  0 -9 
290 290   1  8  0 -9 
291 218   1  7  0 -9 
291 277   1  7  0 -9 
291 290   1  7  0 -9 
291 291  -1  6  0 -9 
292 216  -1  3  0 -9 
292 272  -1  1  0 -9 
292 273  -1  4  0 -9 
292 274   1  2  0 -9 
292 275  -1  3  0 -9 
292 276   1  5  0 -9 
292 288  -1  1  0 -9 
292 289   1  2  0 -9 
292 290  -1  4  0 -9 
292 292   1  0  0 -9 
292 293  -1  1  0 -9 
292 294   1  3  0 -9 
292 295  -1  4  0 -9 
292 296   1  2  0 -9 
292 297   1  5  0 -9 
293 216  -1  4  0 -9 
293 295  -1  5  0 -9 
293 296   1  3  0 -9 
293 297   1  6  0 -9 
294 290   1  7  0 -9 
294 294  -1  6  0 -9 
295 295  -1  6  0 -9 
295 297   1  7  0 -9 
296 216  -1  5  0 -9 
296 218   1  6  0 -9 
296 293   1  3  0 -9 
296 295  -1  4  0 -9 
297 297   1  8  0 -9 
298 33   1  2  0 -9 
298 34  -1  3  0 -9 
298 35  -1  1  0 -9 
298 36  -1  4  1  2  0 -9 
298 38   1  5  0 -9 
298 43  -1  1  0 -9 
298 44   1  2  0 -9 
298 45  -1  3  0 -9 
298 118  -1  3  0 -9 
298 121   1  4  0 -9 
298 122  -1  3  0 -9 
298 216  -1  3  0 -9 
298 218   1  4  0 -9 
298 228  -1  3  0 -9 
298 272  -1  1  0 -9 
298 273  -1  4  1  2  0 -9 
298 274   1  2  0 -9 
298 275  -1  3  0 -9 
298 276   1  5  0 -9 
298 288  -1  1  0 -9 
298 289   1  2  0 -9 
298 291  -1  3  0 -9 
298 298   1  0  0 -9 
298 299  -1  1  0 -9 
298 300  -1  1  0 -9 
298 301   1  2  0 -9 
298 302  -1  3  0 -9 
298 303  -1  3  0 -9 
298 304   1  2  0 -9 
298 305   1  4  0 -9 
299 36  -1  5  0 -9 
299 38   1  6  0 -9 
299 118  -1  4  0 -9 
299 121   1  5  0 -9 
299 122  -1  4  0 -9 
299 216  -1  4  0 -9 
299 218   1  5  0 -9 
299 228  -1  4  0 -9 
299 290   1  5  0 -9 
299 291  -1  4  0 -9 
299 302  -1  4  0 -9 
299 303  -1  4  0 -9 
299 304   1  3  0 -9 
299 305   1  5  0 -9 
300  4   1  5  0 -9 
300 45  -1  4  0 -9 
300 46   1  5  0 -9 
300 118  -1  4  0 -9 
300 121   1  5  0 -9 
300 273  -1  5  0 -9 
300 276   1  6  0 -9 
300 301   1  3  0 -9 
300 302  -1  4  0 -9 
300 303  -1  4  0 -9 
300 305   1  5  0 -9 
301  4   1  6  0 -9 
301 37   1  6  0 -9 
301 45  -1  5  0 -9 
301 46   1  6  0 -9 
301 118  -1  5  0 -9 
301 121   1  6  0 -9 
301 273  -1  4  0 -9 
301 290   1  6  0 -9 
301 300   1  3  0 -9 
301 302  -1  5  0 -9 
301 303  -1  5  0 -9 
301 305   1  6  0 -9 
302 46   1  7  0 -9 
302 302  -1  6  0 -9 
302 305   1  7  0 -9 
303 121   1  7  0 -9 
303 290   1  7  0 -9 
303 303  -1  6  0 -9 
303 305   1  7  0 -9 
304  4   1  6  0 -9 
304 36  -1  4  0 -9 
304 46   1  6  0 -9 
304 118  -1  5  0 -9 
304 121   1  6  0 -9 
304 122   1  7  0 -9 
304 216  -1  5  0 -9 
304 218   1  6  0 -9 
304 228   1  7  0 -9 
304 277   1  6  0 -9 
304 290   1  6  0 -9 
304 291  -1  5  0 -9 
304 299   1  3  0 -9 
304 302  -1  5  0 -9 
304 303  -1  5  0 -9 
304 305   1  6  0 -9 
305 305   1  8  0 -9 
306 35  -1  0  0 -9 
306 36   1  1  0 -9 
306 43  -1  0  0 -9 
306 44   1  1  0 -9 
306 45  -1  2  0 -9 
306 272  -1  0  0 -9 
306 273  -1  3  0 -9 
306 274   1  1  0 -9 
306 275  -1  2  0 -9 
306 276   1  4  0 -9 
306 288  -1  0  0 -9 
306 289   1  1  0 -9 
306 290  -1  3  0 -9 
306 292   1 -1  0 -9 
306 293  -1  0  0 -9 
306 294   1  2  0 -9 
306 295  -1  3  0 -9 
306 297   1  4  0 -9 
306 298   1 -1  0 -9 
306 299  -1  0  0 -9 
306 300  -1  0  0 -9 
306 301   1  1  0 -9 
306 306  -1 -2  0 -9 
306 307   1 -1  0 -9 
306 308   1 -1  0 -9 
306 309  -1  0  0 -9 
306 310  -1  3  0 -9 
306 312   1  2  0 -9 
306 313  -1  3  0 -9 
306 314   1  4  0 -9 
307 295  -1  4  0 -9 
307 297   1  5  0 -9 
307 310  -1  4  0 -9 
307 312   1  3  0 -9 
307 313  -1  4  0 -9 
307 314   1  5  0 -9 
308 43  -1  1  0 -9 
308 44   1  2  0 -9 
308 45  -1  3  0 -9 
308 273  -1  4  0 -9 
308 276   1  5  0 -9 
308 300  -1  1  0 -9 
308 301   1  2  0 -9 
308 303  -1  3  0 -9 
308 308   1  0  0 -9 
308 309  -1  1  0 -9 
308 310  -1  4  0 -9 
308 311   1  2  0 -9 
308 314   1  5  0 -9 
309 290   1  5  0 -9 
309 294  -1  4  0 -9 
309 303  -1  4  0 -9 
309 310  -1  5  0 -9 
309 311   1  3  0 -9 
309 314   1  6  0 -9 
310 310  -1  6  0 -9 
310 314   1  7  0 -9 
311 121   1  6  0 -9 
311 290   1  6  0 -9 
311 294  -1  5  0 -9 
311 303  -1  5  0 -9 
311 305   1  6  0 -9 
311 309   1  3  0 -9 
311 310  -1  4  0 -9 
312 122   1  6  0 -9 
312 228   1  6  0 -9 
312 295  -1  5  0 -9 
312 297   1  6  0 -9 
312 307   1  3  0 -9 
312 310  -1  5  0 -9 
312 313  -1  5  0 -9 
312 314   1  6  0 -9 
313 122   1  7  0 -9 
313 228   1  7  0 -9 
313 297   1  7  0 -9 
313 313  -1  6  0 -9 
313 314   1  7  0 -9 
314 314   1  8  0 -9 
315  4  -1  2  0 -9 
315 14  -1  2  0 -9 
315 39  -1  0  0 -9 
315 46  -1  2  0 -9 
315 97  -1  2 -1  0  0 -9 
315 100   1  3  0 -9 
315 101  -1  2  0 -9 
315 104  -1  2  0 -9 
315 105   1  1  0 -9 
315 110   1  1  0 -9 
315 111   1  1  0 -9 
315 112  -1  0  0 -9 
315 113  -1  2  0 -9 
315 118   1  1  0 -9 
315 121  -1  2  0 -9 
315 122   1  1  0 -9 
315 125   1  1  0 -9 
315 126  -1  2 -1  0  0 -9 
315 128   1  3  0 -9 
315 130  -1  0  0 -9 
315 133  -1  2 -1  0  0 -9 
315 135   1  1  0 -9 
315 136  -1  2  0 -9 
315 137   1  3  0 -9 
315 194  -1  2  0 -9 
315 196   1  3  0 -9 
315 197  -1  0  0 -9 
315 198   1  1  0 -9 
315 199   1  1  0 -9 
315 200  -1  2 -1  0  0 -9 
315 204  -1  2  0 -9 
315 209   1  1  0 -9 
315 210   1  1  0 -9 
315 211  -1  0  0 -9 
315 212  -1  2  0 -9 
315 216   1  1  0 -9 
315 218  -1  2  0 -9 
315 220  -1  0  0 -9 
315 222   1  1  0 -9 
315 224  -1  2  0 -9 
315 228   1  1  0 -9 
315 230  -1  0  0 -9 
315 233  -1  2 -1  0  0 -9 
315 235   1  1  0 -9 
315 236  -1  2  0 -9 
315 237   1  3  0 -9 
315 273  -1  2 -1  0  0 -9 
315 276   1  3  0 -9 
315 277  -1  2  0 -9 
315 278   1 -1  0 -9 
315 279  -1  0  0 -9 
315 280  -1  0  0 -9 
315 281   1  1  0 -9 
315 282  -1  2 -1  0  0 -9 
315 283  -1  2  0 -9 
315 284   1  1  0 -9 
315 285   1  3  0 -9 
315 290  -1  2  0 -9 
315 291   1  1  0 -9 
315 294   1  1  0 -9 
315 295  -1  2 -1  0  0 -9 
315 297   1  3  0 -9 
315 302   1  1  0 -9 
315 303   1  1  0 -9 
315 304  -1  0  0 -9 
315 305  -1  2  0 -9 
315 307  -1  0  0 -9 
315 310  -1  2 -1  0  0 -9 
315 312   1  1  0 -9 
315 313  -1  2  0 -9 
315 314   1  3  0 -9 
315 315  -1 -2  0 -9 
315 316  -1  0  0 -9 
315 317   1 -1  0 -9 
315 318   1  1  0 -9 
315 319   1 -1  0 -9 
315 321  -1  0  0 -9 
315 322   1  1  0 -9 
315 323  -1  2  0 -9 
316 104   1  6  0 -9 
316 111  -1  5  0 -9 
316 113   1  6  0 -9 
316 121   1  6  0 -9 
316 125  -1  5  0 -9 
316 199   1  7  0 -9 
316 210  -1  5  0 -9 
316 212   1  6  0 -9 
316 290   1  6  0 -9 
316 294  -1  5  0 -9 
316 303  -1  5  0 -9 
316 305   1  6  0 -9 
316 318  -1  5  0 -9 
316 320   1  3  0 -9 
316 323   1  6  0 -9 
317  4  -1  3  0 -9 
317  8  -1  3  0 -9 
317 14  -1  3  0 -9 
317 36  -1  3  0 -9 
317 46  -1  3  0 -9 
317 97  -1  5 -1  3 -1  1  0 -9 
317 100   1  6  1  4  0 -9 
317 101  -1  3  0 -9 
317 104  -1  3  0 -9 
317 105   1  2  0 -9 
317 107   1  2  0 -9 
317 110   1  2  0 -9 
317 111  -1  4  1  2  0 -9 
317 112  -1  1  0 -9 
317 113  -1  3  0 -9 
317 118   1  2  0 -9 
317 121  -1  3  0 -9 
317 122   1  6  1  2  0 -9 
317 125   1  2  0 -9 
317 126  -1  5 -1  3 -1  1  0 -9 
317 128   1  6  1  4  0 -9 
317 130  -1  1  0 -9 
317 133  -1  5 -1  3 -1  1  0 -9 
317 135   1  2  0 -9 
317 136  -1  3  0 -9 
317 137   1  6  1  4  0 -9 
317 194  -1  3  0 -9 
317 196   1  6  1  4  0 -9 
317 197  -1  1  0 -9 
317 198   1  2  0 -9 
317 199   1  6  1  2  0 -9 
317 200  -1  5 -1  3 -1  1  0 -9 
317 204  -1  3  0 -9 
317 206   1  2  0 -9 
317 209   1  2  0 -9 
317 210  -1  4  1  2  0 -9 
317 211  -1  1  0 -9 
317 212  -1  3  0 -9 
317 216  -1  4  1  2  0 -9 
317 218  -1  3  0 -9 
317 220  -1  1  0 -9 
317 222   1  2  0 -9 
317 223   1  2  0 -9 
317 224  -1  3  0 -9 
317 228   1  6  1  2  0 -9 
317 230  -1  1  0 -9 
317 233  -1  5 -1  3 -1  1  0 -9 
317 235   1  2  0 -9 
317 236  -1  3  0 -9 
317 237   1  6  1  4  0 -9 
317 273  -1  5 -1  3 -1  1  0 -9 
317 276   1  6  1  4  0 -9 
317 277  -1  3  0 -9 
317 279  -1  1  0 -9 
317 280  -1  1  0 -9 
317 281   1  2  0 -9 
317 282  -1  5 -1  3 -1  1  0 -9 
317 283  -1  3  0 -9 
317 284   1  2  0 -9 
317 285   1  6  1  4  0 -9 
317 290  -1  3  0 -9 
317 291   1  2  0 -9 
317 294   1  2  0 -9 
317 295  -1  5 -1  3 -1  1  0 -9 
317 297   1  6  1  4  0 -9 
317 299   1  2  0 -9 
317 302   1  2  0 -9 
317 303  -1  4  1  2  0 -9 
317 304  -1  1  0 -9 
317 305  -1  3  0 -9 
317 307  -1  1  0 -9 
317 310  -1  5 -1  3 -1  1  0 -9 
317 312   1  2  0 -9 
317 313  -1  3  0 -9 
317 314   1  6  1  4  0 -9 
317 316  -1  1  0 -9 
317 317   1  0  0 -9 
317 318   1  2  0 -9 
317 320   1  2  0 -9 
317 321  -1  1  0 -9 
317 322   1  2  0 -9 
317 323  -1  3  0 -9 
318 113   1  7  0 -9 
318 212   1  7  0 -9 
318 305   1  7  0 -9 
318 318  -1  6  0 -9 
318 323   1  7  0 -9 
319 126  -1  3  0 -9 
319 128   1  4  0 -9 
319 130  -1  1  0 -9 
319 133  -1  3  0 -9 
319 135   1  2  0 -9 
319 136  -1  3  0 -9 
319 137   1  4  0 -9 
319 224  -1  3  0 -9 
319 230  -1  1  0 -9 
319 233  -1  3  0 -9 
319 235   1  2  0 -9 
319 236  -1  3  0 -9 
319 237   1  4  0 -9 
319 295  -1  3  0 -9 
319 297   1  4  0 -9 
319 307  -1  1  0 -9 
319 310  -1  3  0 -9 
319 312   1  2  0 -9 
319 313  -1  3  0 -9 
319 314   1  4  0 -9 
319 319   1  0  0 -9 
319 321  -1  1  0 -9 
319 322   1  2  0 -9 
319 323  -1  3  0 -9 
320 104   1  5  0 -9 
320 111  -1  4  0 -9 
320 113   1  5  0 -9 
320 121   1  5  0 -9 
320 125  -1  4  0 -9 
320 199  -1  4  0 -9 
320 210  -1  4  0 -9 
320 212   1  5  0 -9 
320 290   1  5  0 -9 
320 294  -1  4  0 -9 
320 303  -1  4  0 -9 
320 305   1  5  0 -9 
320 316   1  3  0 -9 
320 318  -1  4  0 -9 
321 122   1  5  0 -9 
321 126  -1  4  0 -9 
321 128   1  5  0 -9 
321 133  -1  4  0 -9 
321 136  -1  4  0 -9 
321 137   1  5  0 -9 
321 224  -1  4  0 -9 
321 228   1  5  0 -9 
321 233  -1  4  0 -9 
321 236  -1  4  0 -9 
321 237   1  5  0 -9 
321 295  -1  4  0 -9 
321 297   1  5  0 -9 
321 310  -1  4  0 -9 
321 313  -1  4  0 -9 
321 314   1  5  0 -9 
321 322   1  3  0 -9 
321 323  -1  4  0 -9 
322 122   1  6  0 -9 
322 126  -1  5  0 -9 
322 128   1  6  0 -9 
322 133  -1  5  0 -9 
322 136  -1  5  0 -9 
322 137   1  6  0 -9 
322 224   1  7  0 -9 
322 228   1  6  0 -9 
322 233  -1  5  0 -9 
322 236  -1  5  0 -9 
322 237   1  6  0 -9 
322 295  -1  5  0 -9 
322 297   1  6  0 -9 
322 310  -1  5  0 -9 
322 313  -1  5  0 -9 
322 314   1  6  0 -9 
322 321   1  3  0 -9 
322 323   1  7  0 -9 
323 323   1  8  0 -9 
324  4  -1  3  0 -9 
324 11  -1  0  0 -9 
324 12   1  1  0 -9 
324 14  -1  3  0 -9 
324 43  -1  0  0 -9 
324 44   1  1  0 -9 
324 46  -1  3  0 -9 
324 47   1 -1  0 -9 
324 48  -1  0  0 -9 
324 49  -1  0  0 -9 
324 53   1  1  0 -9 
324 97  -1  3  0 -9 
324 100   1  4  0 -9 
324 108  -1  0  0 -9 
324 110   1  2  0 -9 
324 113  -1  3  0 -9 
324 118   1  2  0 -9 
324 121  -1  3  0 -9 
324 131   1 -1  0 -9 
324 132  -1  0  0 -9 
324 133  -1  3  0 -9 
324 134   1  1  0 -9 
324 137   1  4  0 -9 
324 273  -1  3  0 -9 
324 276   1  4  0 -9 
324 280   1 -1  0 -9 
324 281   1  2  0 -9 
324 282  -1  3  0 -9 
324 283  -1  3  0 -9 
324 285   1  4  0 -9 
324 287  -1  0  0 -9 
324 300  -1  0  0 -9 
324 302   1  2  0 -9 
324 305  -1  3  0 -9 
324 308   1 -1  0 -9 
324 309  -1  0  0 -9 
324 310  -1  3  0 -9 
324 311   1  1  0 -9 
324 314   1  4  0 -9 
324 320  -1  0  0 -9 
324 324  -1 -2  0 -9 
324 325  -1  0  0 -9 
324 326   1 -1  0 -9 
324 327   1 -1  0 -9 
324 328  -1  0  0 -9 
324 329   1  1  0 -9 
324 330   1  1  0 -9 
324 331  -1  2  0 -9 
325 210  -1  4  0 -9 
325 212   1  5  0 -9 
325 318  -1  4  0 -9 
325 323   1  5  0 -9 
325 330   1  3  0 -9 
325 331  -1  4  0 -9 
326 14  -1  4  0 -9 
326 46  -1  4  0 -9 
326 48  -1  1  0 -9 
326 52  -1  3  0 -9 
326 53   1  2  0 -9 
326 110   1  3  0 -9 
326 113  -1  4  0 -9 
326 133  -1  4  0 -9 
326 137   1  5  0 -9 
326 210  -1  3  0 -9 
326 282  -1  4  0 -9 
326 285   1  5  0 -9 
326 286   1  2  0 -9 
326 287  -1  1  0 -9 
326 302   1  3  0 -9 
326 305  -1  4  0 -9 
326 310  -1  4  0 -9 
326 314   1  5  0 -9 
326 325  -1  1  0 -9 
326 326   1  0  0 -9 
326 328  -1  1  0 -9 
326 329   1  2  0 -9 
326 330   1  2  0 -9 
326 331  -1  3  0 -9 
327 104   1  4  0 -9 
327 111  -1  3  0 -9 
327 125  -1  3  0 -9 
327 132  -1  1  0 -9 
327 133  -1  4  1  2  0 -9 
327 134   1  2  0 -9 
327 137   1  5  0 -9 
327 199  -1  3  0 -9 
327 210  -1  3  0 -9 
327 212   1  4  0 -9 
327 290   1  4  0 -9 
327 294  -1  3  0 -9 
327 303  -1  3  0 -9 
327 309  -1  1  0 -9 
327 310  -1  4  1  2  0 -9 
327 311   1  2  0 -9 
327 314   1  5  0 -9 
327 316   1  2  0 -9 
327 318  -1  3  0 -9 
327 320  -1  1  0 -9 
327 325  -1  1  0 -9 
327 327   1  0  0 -9 
327 328  -1  1  0 -9 
327 329   1  2  0 -9 
327 330   1  2  0 -9 
327 331  -1  3  0 -9 
328 133  -1  5  0 -9 
328 137   1  6  0 -9 
328 310  -1  5  0 -9 
328 314   1  6  0 -9 
328 329   1  3  0 -9 
328 331  -1  4  0 -9 
329 133  -1  4  0 -9 
329 310  -1  4  0 -9 
329 323   1  6  0 -9 
329 328   1  3  0 -9 
329 331  -1  5  0 -9 
330 113   1  6  0 -9 
330 210  -1  5  0 -9 
330 212   1  6  0 -9 
330 305   1  6  0 -9 
330 318  -1  5  0 -9 
330 323   1  6  0 -9 
330 325   1  3  0 -9 
330 331  -1  5  0 -9 
331 323   1  7  0 -9 
331 331  -1  6  0 -9 
332 273  -1  4  0 -9 
332 276   1  5  0 -9 
332 333   1  3  0 -9 
332 334  -1  4  0 -9 
333 190   1  6  0 -9 
333 273  -1  5  0 -9 
333 276   1  6  0 -9 
333 332   1  3  0 -9 
333 334  -1  5  0 -9 
333 335   1  6  0 -9 
334 190   1  7  0 -9 
334 276   1  7  0 -9 
334 334  -1  6  0 -9 
334 335   1  7  0 -9 
335 335   1  8  0 -9 
336 335  -1  3  0 -9 
336 336   1  0  0 -9 
336 337  -1  1  0 -9 
336 338  -1  1  0 -9 
336 339   1  2  0 -9 
336 340  -1  3  0 -9 
336 341  -1  3  0 -9 
336 342   1  2  0 -9 
336 343   1  4  0 -9 
337 335  -1  4  0 -9 
337 340  -1  4  0 -9 
337 341  -1  4  0 -9 
337 342   1  3  0 -9 
337 343   1  5  0 -9 
338 339   1  3  0 -9 
338 340  -1  4  0 -9 
338 341  -1  4  0 -9 
338 343   1  5  0 -9 
339 338   1  3  0 -9 
339 340  -1  5  0 -9 
339 341  -1  5  0 -9 
339 343   1  6  0 -9 
340 340  -1  6  0 -9 
340 343   1  7  0 -9 
341 341  -1  6  0 -9 
341 343   1  7  0 -9 
342 335   1  7  0 -9 
342 337   1  3  0 -9 
342 340  -1  5  0 -9 
342 341  -1  5  0 -9 
342 343   1  6  0 -9 
343 343   1  8  0 -9 
344 214  -1  3  0 -9 
344 217   1  4  0 -9 
344 225  -1  1  0 -9 
344 226   1  2  0 -9 
344 227  -1  3  0 -9 
344 273  -1  3  0 -9 
344 276   1  4  0 -9 
344 290  -1  3  0 -9 
344 332  -1  1  0 -9 
344 333   1  2  0 -9 
344 334  -1  3  0 -9 
344 344   1  0  0 -9 
344 345  -1  1  0 -9 
344 346  -1  1  0 -9 
344 347   1  2  0 -9 
344 348  -1  3  0 -9 
344 349  -1  3  0 -9 
344 350   1  2  0 -9 
344 351   1  4  0 -9 
345 348  -1  4  0 -9 
345 349  -1  4  0 -9 
345 350   1  3  0 -9 
345 351   1  5  0 -9 
346 190   1  5  0 -9 
346 214  -1  4  0 -9 
346 217   1  5  0 -9 
346 227  -1  4  0 -9 
346 228   1  5  0 -9 
346 273  -1  4  0 -9 
346 276   1  5  0 -9 
346 290  -1  4  0 -9 
346 334  -1  4  0 -9 
346 335   1  5  0 -9 
346 347   1  3  0 -9 
346 348  -1  4  0 -9 
346 349  -1  4  0 -9 
346 351   1  5  0 -9 
347 190   1  6  0 -9 
347 214  -1  5  0 -9 
347 217   1  6  0 -9 
347 227  -1  5  0 -9 
347 228   1  6  0 -9 
347 273  -1  5  0 -9 
347 276   1  6  0 -9 
347 290   1  7  0 -9 
347 334  -1  5  0 -9 
347 335   1  6  0 -9 
347 346   1  3  0 -9 
347 348  -1  5  0 -9 
347 349  -1  5  0 -9 
347 351   1  6  0 -9 
348 228   1  7  0 -9 
348 335   1  7  0 -9 
348 348  -1  6  0 -9 
348 351   1  7  0 -9 
349 349  -1  6  0 -9 
349 351   1  7  0 -9 
350 228   1  6  0 -9 
350 335   1  6  0 -9 
350 345   1  3  0 -9 
350 348  -1  5  0 -9 
350 349  -1  5  0 -9 
350 351   1  6  0 -9 
351 351   1  8  0 -9 
352 225  -1  0  0 -9 
352 228  -1  3  0 -9 
352 273  -1  2 -1  0  0 -9 
352 276   1  3  0 -9 
352 290  -1  2  0 -9 
352 294   1  1  0 -9 
352 332  -1  0  0 -9 
352 333   1  1  0 -9 
352 334  -1  2  0 -9 
352 344   1 -1  0 -9 
352 345  -1  0  0 -9 
352 346  -1  0  0 -9 
352 347   1  1  0 -9 
352 352  -1 -2  0 -9 
352 353   1 -1  0 -9 
352 354   1 -1  0 -9 
352 355  -1  0  0 -9 
352 356  -1  3  0 -9 
352 358   1  2  0 -9 
352 359  -1  3  0 -9 
352 360   1  4  0 -9 
353 228  -1  4  0 -9 
353 356  -1  4  0 -9 
353 358   1  3  0 -9 
353 359  -1  4  0 -9 
353 360   1  5  0 -9 
354 227  -1  3  0 -9 
354 273  -1  5 -1  3 -1  1  0 -9 
354 276   1  6  1  4  0 -9 
354 290  -1  3  0 -9 
354 294   1  2  0 -9 
354 332  -1  1  0 -9 
354 333   1  2  0 -9 
354 334  -1  3  0 -9 
354 346  -1  1  0 -9 
354 347   1  2  0 -9 
354 349  -1  3  0 -9 
354 354   1  0  0 -9 
354 355  -1  1  0 -9 
354 356  -1  4  0 -9 
354 357   1  2  0 -9 
354 360   1  5  0 -9 
355 227  -1  4  0 -9 
355 290   1  6  0 -9 
355 294  -1  5  0 -9 
355 349  -1  4  0 -9 
355 356  -1  5  0 -9 
355 357   1  3  0 -9 
355 360   1  6  0 -9 
356 356  -1  6  0 -9 
356 360   1  7  0 -9 
357 217   1  6  0 -9 
357 227  -1  5  0 -9 
357 228   1  6  0 -9 
357 294  -1  4  0 -9 
357 349  -1  5  0 -9 
357 351   1  6  0 -9 
357 355   1  3  0 -9 
357 356  -1  4  0 -9 
358 228   1  7  0 -9 
358 353   1  3  0 -9 
358 356  -1  5  0 -9 
358 359  -1  5  0 -9 
358 360   1  6  0 -9 
359 359  -1  6  0 -9 
359 360   1  7  0 -9 
360 360   1  8  0 -9 
361 228  -1  2  0 -9 
361 335  -1  2  0 -9 
361 336   1 -1  0 -9 
361 337  -1  0  0 -9 
361 338  -1  0  0 -9 
361 339   1  1  0 -9 
361 340  -1  2 -1  0  0 -9 
361 341  -1  2  0 -9 
361 342   1  1  0 -9 
361 343   1  3  0 -9 
361 348   1  1  0 -9 
361 349   1  1  0 -9 
361 350  -1  0  0 -9 
361 351  -1  2  0 -9 
361 353  -1  0  0 -9 
361 356  -1  2 -1  0  0 -9 
361 358   1  1  0 -9 
361 359  -1  2  0 -9 
361 360   1  3  0 -9 
361 361  -1 -2  0 -9 
361 362  -1  0  0 -9 
361 363   1 -1  0 -9 
361 364   1  1  0 -9 
361 365   1 -1  0 -9 
361 367  -1  0  0 -9 
361 368   1  1  0 -9 
361 369  -1  2  0 -9 
362 349  -1  5  0 -9 
362 351   1  6  0 -9 
362 364  -1  5  0 -9 
362 366   1  3  0 -9 
362 369   1  6  0 -9 
363 228  -1  3  0 -9 
363 335  -1  3  0 -9 
363 337  -1  1  0 -9 
363 338  -1  1  0 -9 
363 339   1  2  0 -9 
363 340  -1  5 -1  3 -1  1  0 -9 
363 341  -1  3  0 -9 
363 342   1  2  0 -9 
363 343   1  6  1  4  0 -9 
363 345   1  2  0 -9 
363 348   1  2  0 -9 
363 349  -1  4  1  2  0 -9 
363 350  -1  1  0 -9 
363 351  -1  3  0 -9 
363 353  -1  1  0 -9 
363 356  -1  5 -1  3 -1  1  0 -9 
363 358   1  2  0 -9 
363 359  -1  3  0 -9 
363 360   1  6  1  4  0 -9 
363 362  -1  1  0 -9 
363 363   1  0  0 -9 
363 364   1  2  0 -9 
363 366   1  2  0 -9 
363 367  -1  1  0 -9 
363 368   1  2  0 -9 
363 369  -1  3  0 -9 
364 351   1  7  0 -9 
364 364  -1  6  0 -9 
364 369   1  7  0 -9 
365 228  -1  3  0 -9 
365 353  -1  1  0 -9 
365 356  -1  3  0 -9 
365 358   1  2  0 -9 
365 359  -1  3  0 -9 
365 360   1  4  0 -9 
365 365   1  0  0 -9 
365 367  -1  1  0 -9 
365 368   1  2  0 -9 
365 369  -1  3  0 -9 
366 349  -1  4  0 -9 
366 351   1  5  0 -9 
366 362   1  3  0 -9 
366 364  -1  4  0 -9 
367 356  -1  4  0 -9 
367 359  -1  4  0 -9 
367 360   1  5  0 -9 
367 368   1  3  0 -9 
367 369  -1  4  0 -9 
368 356  -1  5  0 -9 
368 359  -1  5  0 -9 
368 360   1  6  0 -9 
368 367   1  3  0 -9 
368 369   1  7  0 -9 
369 369   1  8  0 -9 
370 70  -1  5  0 -9 
370 72   1  6  0 -9 
370 302  -1  4  0 -9 
370 340  -1  4  0 -9 
370 349  -1  5  0 -9 
370 351   1  6  0 -9 
370 371   1  3  0 -9 
371 46   1  6  0 -9 
371 70  -1  4  0 -9 
371 302  -1  5  0 -9 
371 305   1  6  0 -9 
371 340  -1  5  0 -9 
371 343   1  6  0 -9 
371 349  -1  4  0 -9 
371 370   1  3  0 -9 
372 46  -1  2  0 -9 
372 65   1 -1  0 -9 
372 66  -1  0  0 -9 
372 67  -1  0  0 -9 
372 71   1  1  0 -9 
372 302   1  1  0 -9 
372 305  -1  2  0 -9 
372 310  -1  2 -1  0  0 -9 
372 314   1  3  0 -9 
372 338   1 -1  0 -9 
372 339   1  2  0 -9 
372 340  -1  3  0 -9 
372 341  -1  3  0 -9 
372 343   1  4  0 -9 
372 366  -1  0  0 -9 
372 371  -1  0  0 -9 
372 372  -1 -2  0 -9 
372 373  -1  0  0 -9 
372 374   1 -1  0 -9 
372 375   1 -1  0 -9 
372 376  -1  0  0 -9 
372 377   1  1  0 -9 
372 378   1  1  0 -9 
372 379  -1  2  0 -9 
373 305  -1  4  0 -9 
373 310  -1  4  0 -9 
373 314   1  5  0 -9 
373 349  -1  4  0 -9 
373 351   1  5  0 -9 
373 364  -1  4  0 -9 
373 369   1  5  0 -9 
373 378   1  3  0 -9 
373 379  -1  4  0 -9 
374 46  -1  3  0 -9 
374 66  -1  1  0 -9 
374 70  -1  3  0 -9 
374 71   1  2  0 -9 
374 302   1  2  0 -9 
374 305  -1  3  0 -9 
374 310  -1  5 -1  3 -1  1  0 -9 
374 314   1  6  1  4  0 -9 
374 340  -1  4  0 -9 
374 343   1  5  0 -9 
374 349  -1  3  0 -9 
374 370   1  2  0 -9 
374 371  -1  1  0 -9 
374 373  -1  1  0 -9 
374 374   1  0  0 -9 
374 376  -1  1  0 -9 
374 377   1  2  0 -9 
374 378   1  2  0 -9 
374 379  -1  3  0 -9 
375 305  -1  3  0 -9 
375 310  -1  3  0 -9 
375 314   1  4  0 -9 
375 349  -1  3  0 -9 
375 351   1  4  0 -9 
375 362   1  2  0 -9 
375 364  -1  3  0 -9 
375 366  -1  1  0 -9 
375 373  -1  1  0 -9 
375 375   1  0  0 -9 
375 376  -1  1  0 -9 
375 377   1  2  0 -9 
375 378   1  2  0 -9 
375 379  -1  3  0 -9 
376 310  -1  4  0 -9 
376 314   1  5  0 -9 
376 377   1  3  0 -9 
376 379  -1  4  0 -9 
377 310  -1  5  0 -9 
377 314   1  6  0 -9 
377 369   1  6  0 -9 
377 376   1  3  0 -9 
377 379  -1  5  0 -9 
378 305   1  7  0 -9 
378 310  -1  5  0 -9 
378 314   1  6  0 -9 
378 349  -1  5  0 -9 
378 351   1  6  0 -9 
378 364  -1  5  0 -9 
378 369   1  6  0 -9 
378 373   1  3  0 -9 
378 379  -1  5  0 -9 
379 314   1  7  0 -9 
379 369   1  7  0 -9 
379 379  -1  6  0 -9 
9999 9999
