 0  0  -1 -2  0 -9 
 0 16   1 -1  0 -9 
 0 24  -1  0  0 -9 
 0 33   1  1  0 -9 
 1  1  -1 -2  0 -9 
 1 18   1 -1  0 -9 
 1 26  -1  0  0 -9 
 1 42   1  1  0 -9 
 2  2  -1 -2  0 -9 
 2  6   1 -1  0 -9 
 2 10  -1  0  0 -9 
 2 50   1 -1  0 -9 
 2 58  -1  0  0 -9 
 2 77   1  1  0 -9 
 3  3  -1 -2  0 -9 
 3 11  -1  0  0 -9 
 3 14   1 -1  0 -9 
 3 51   1 -1  0 -9 
 3 54  -1  0  0 -9 
 3 56   1  1  0 -9 
 3 59  -1  0  0 -9 
 3 81   1  1  0 -9 
 3 86  -1  2  0 -9 
 4  4  -1 -2  0 -9 
 4 12  -1  0  0 -9 
 4 27  -1  0  0 -9 
 4 29   1 -1  0 -9 
 4 38  -1  2 -1  0  0 -9 
 4 45   1  1  0 -9 
 4 52   1 -1  0 -9 
 4 63  -1  0  0 -9 
 4 68   1  1  0 -9 
 4 73  -1  2  0 -9 
 4 82   1  1  0 -9 
 4 87  -1  2  0 -9 
 4 92   1  3  0 -9 
 5  5  -1 -2  0 -9 
 5 13  -1  0  0 -9 
 5 25  -1  0  0 -9 
 5 28  -1  0  0 -9 
 5 30   1 -1  0 -9 
 5 37   1  1  0 -9 
 5 39  -1  2 -1  0  0 -9 
 5 46   1  1  0 -9 
 5 53   1 -1  0 -9 
 5 64  -1  0  0 -9 
 5 67  -1  2  0 -9 
 5 69   1  1  0 -9 
 5 74  -1  2  0 -9 
 5 83   1  1  0 -9 
 5 88  -1  2  0 -9 
 5 93   1  3  0 -9 
 6  6   1  0  0 -9 
 6 10  -1  1  0 -9 
 6 77   1  2  0 -9 
 7  6   1 -1  0 -9 
 7  7  -1 -2  0 -9 
 7 10  -1  0  0 -9 
 7 11   1 -1  0 -9 
 7 17   1 -1  0 -9 
 7 25  -1  0  0 -9 
 7 33   1  2  0 -9 
 7 37  -1  3  0 -9 
 7 67   1  4  0 -9 
 7 81   1  2  0 -9 
 7 86  -1  3  0 -9 
 8  8  -1 -2  0 -9 
 8 12   1 -1  0 -9 
 8 21   1 -1  0 -9 
 8 34  -1  0  0 -9 
 8 38  -1  3  0 -9 
 8 43   1  1  0 -9 
 8 82   1  2  0 -9 
 8 87  -1  3  0 -9 
 8 92   1  4  0 -9 
 9  9  -1 -2  0 -9 
 9 13   1 -1  0 -9 
 9 22   1 -1  0 -9 
 9 33   1  1  0 -9 
 9 35  -1  0  0 -9 
 9 39  -1  3  0 -9 
 9 44   1  1  0 -9 
 9 83   1  2  0 -9 
 9 88  -1  3  0 -9 
 9 93   1  4  0 -9 
10 33  -1  4  0 -9 
10 77   1  3  0 -9 
11 37  -1  4  0 -9 
11 67   1  5  0 -9 
11 81   1  3  0 -9 
11 86  -1  4  0 -9 
12 38  -1  4  0 -9 
12 82   1  3  0 -9 
12 87  -1  4  0 -9 
12 92   1  5  0 -9 
13 39  -1  4  0 -9 
13 83   1  3  0 -9 
13 88  -1  4  0 -9 
13 93   1  5  0 -9 
14 11  -1  1  0 -9 
14 14   1  0  0 -9 
14 54  -1  1  0 -9 
14 56   1  2  0 -9 
14 81   1  2  0 -9 
14 86  -1  3  0 -9 
15 13   1 -1  0 -9 
15 15  -1 -2  0 -9 
15 31   1 -1  0 -9 
15 39  -1  3  0 -9 
15 40  -1  0  0 -9 
15 47   1  1  0 -9 
15 55   1 -1  0 -9 
15 57  -1  0  0 -9 
15 65  -1  0  0 -9 
15 70   1  1  0 -9 
15 75  -1  2  0 -9 
15 83   1  2  0 -9 
15 88  -1  3  0 -9 
15 93   1  4  0 -9 
16 16   1  0  0 -9 
16 24  -1  1  0 -9 
16 33   1  2  0 -9 
16 58   1  2  0 -9 
17 17   1  0  0 -9 
17 25  -1  1  0 -9 
17 33   1  3  0 -9 
17 37  -1  4  0 -9 
17 59   1  2  0 -9 
17 67   1  5  0 -9 
18 18   1  0  0 -9 
18 26  -1  1  0 -9 
18 42   1  2  0 -9 
18 60   1  2  0 -9 
19 19   1  0  0 -9 
19 27  -1  1  0 -9 
19 42   1  3  0 -9 
19 43   1  3  0 -9 
19 45  -1  4  0 -9 
19 61   1  2  0 -9 
19 73   1  5  0 -9 
20 20   1  0  0 -9 
20 28  -1  1  0 -9 
20 44   1  3  0 -9 
20 46  -1  4  0 -9 
20 62   1  2  0 -9 
20 74   1  5  0 -9 
21 21   1  0  0 -9 
21 34  -1  1  0 -9 
21 38  -1  4  0 -9 
21 43   1  2  0 -9 
21 78   1  2  0 -9 
21 92   1  5  0 -9 
22 22   1  0  0 -9 
22 33   1  2  0 -9 
22 35  -1  1  0 -9 
22 39  -1  4  0 -9 
22 44   1  2  0 -9 
22 79   1  2  0 -9 
22 93   1  5  0 -9 
23 23   1  0  0 -9 
23 36  -1  1  0 -9 
23 43   1  3  0 -9 
23 48  -1  4  0 -9 
23 80   1  2  0 -9 
23 94   1  5  0 -9 
24 33  -1  5  0 -9 
24 58   1  3  0 -9 
25 37  -1  5  0 -9 
25 59   1  3  0 -9 
25 67   1  6  0 -9 
26 42  -1  5  0 -9 
26 60   1  3  0 -9 
27 45  -1  5  0 -9 
27 61   1  3  0 -9 
27 73   1  6  0 -9 
28 46  -1  5  0 -9 
28 62   1  3  0 -9 
28 74   1  6  0 -9 
29 12  -1  1  0 -9 
29 27  -1  1  0 -9 
29 29   1  0  0 -9 
29 38  -1  5 -1  3 -1  1  0 -9 
29 45   1  2  0 -9 
29 61   1  2  0 -9 
29 63  -1  1  0 -9 
29 68   1  2  0 -9 
29 73  -1  3  0 -9 
29 82   1  2  0 -9 
29 87  -1  3  0 -9 
29 92   1  6  1  4  0 -9 
30 13  -1  1  0 -9 
30 25  -1  1  0 -9 
30 28  -1  1  0 -9 
30 30   1  0  0 -9 
30 37   1  2  0 -9 
30 39  -1  5 -1  3 -1  1  0 -9 
30 46   1  2  0 -9 
30 59   1  2  0 -9 
30 62   1  2  0 -9 
30 64  -1  1  0 -9 
30 67  -1  3  0 -9 
30 69   1  2  0 -9 
30 74  -1  3  0 -9 
30 83   1  2  0 -9 
30 88  -1  3  0 -9 
30 93   1  6  1  4  0 -9 
31 31   1  0  0 -9 
31 39  -1  4  0 -9 
31 40  -1  1  0 -9 
31 47   1  2  0 -9 
31 65  -1  1  0 -9 
31 70   1  2  0 -9 
31 75  -1  3  0 -9 
31 84   1  2  0 -9 
31 89  -1  3  0 -9 
31 93   1  5  0 -9 
32 28  -1  1  0 -9 
32 32   1  0  0 -9 
32 41  -1  1  0 -9 
32 46  -1  4  0 -9 
32 47   1  3  0 -9 
32 49  -1  4  0 -9 
32 62   1  2  0 -9 
32 66  -1  1  0 -9 
32 71   1  2  0 -9 
32 74   1  5  0 -9 
32 75  -1  4  0 -9 
32 85   1  2  0 -9 
32 90  -1  3  0 -9 
32 95   1  5  0 -9 
33 33  -1  6  0 -9 
34 38  -1  5  0 -9 
34 43  -1  5  0 -9 
34 78   1  3  0 -9 
34 92   1  6  0 -9 
35 33  -1  5  0 -9 
35 39  -1  5  0 -9 
35 44  -1  5  0 -9 
35 79   1  3  0 -9 
35 93   1  6  0 -9 
36 48  -1  5  0 -9 
36 80   1  3  0 -9 
36 94   1  6  0 -9 
37 37  -1  6  0 -9 
37 67   1  7  0 -9 
38 38  -1  6  0 -9 
38 92   1  7  0 -9 
39 39  -1  6  0 -9 
39 93   1  7  0 -9 
40 39  -1  5  0 -9 
40 47  -1  5  0 -9 
40 75   1  6  0 -9 
40 84   1  3  0 -9 
40 89  -1  4  0 -9 
40 93   1  6  0 -9 
41 49  -1  5  0 -9 
41 85   1  3  0 -9 
41 90  -1  4  0 -9 
41 95   1  6  0 -9 
42 42  -1  6  0 -9 
43 43  -1  6  0 -9 
44 44  -1  6  0 -9 
45 45  -1  6  0 -9 
45 73   1  7  0 -9 
46 46  -1  6  0 -9 
46 74   1  7  0 -9 
47 47  -1  6  0 -9 
47 75   1  7  0 -9 
48 48  -1  6  0 -9 
48 94   1  7  0 -9 
49 49  -1  6  0 -9 
49 95   1  7  0 -9 
50 10  -1  1  0 -9 
50 24   1  2  0 -9 
50 33  -1  3  0 -9 
50 50   1  0  0 -9 
50 58  -1  1  0 -9 
50 77   1  2  0 -9 
51 11  -1  1  0 -9 
51 25   1  2  0 -9 
51 37  -1  3  0 -9 
51 51   1  0  0 -9 
51 54  -1  1  0 -9 
51 56   1  2  0 -9 
51 59  -1  1  0 -9 
51 81   1  2  0 -9 
51 86  -1  3  0 -9 
52 12  -1  1  0 -9 
52 38  -1  3  0 -9 
52 52   1  0  0 -9 
52 63  -1  1  0 -9 
52 68   1  2  0 -9 
52 73  -1  3  0 -9 
52 82   1  2  0 -9 
52 87  -1  3  0 -9 
52 92   1  4  0 -9 
53 13  -1  1  0 -9 
53 39  -1  3  0 -9 
53 53   1  0  0 -9 
53 64  -1  1  0 -9 
53 67  -1  3  0 -9 
53 69   1  2  0 -9 
53 74  -1  3  0 -9 
53 83   1  2  0 -9 
53 88  -1  3  0 -9 
53 93   1  4  0 -9 
54 56   1  3  0 -9 
54 86  -1  4  0 -9 
55 55   1  0  0 -9 
55 57  -1  1  0 -9 
55 65  -1  1  0 -9 
55 70   1  2  0 -9 
55 72  -1  3  0 -9 
55 75  -1  3  0 -9 
55 89  -1  3  0 -9 
55 91   1  2  0 -9 
55 96   1  4  0 -9 
56 54   1  3  0 -9 
56 67   1  6  0 -9 
56 86  -1  5  0 -9 
57 72  -1  4  0 -9 
57 89  -1  4  0 -9 
57 91   1  3  0 -9 
57 96   1  5  0 -9 
58 24   1  3  0 -9 
58 33  -1  4  0 -9 
59 25   1  3  0 -9 
59 37  -1  4  0 -9 
60 26   1  3  0 -9 
60 42  -1  4  0 -9 
61 27   1  3  0 -9 
61 45  -1  4  0 -9 
62 28   1  3  0 -9 
62 46  -1  4  0 -9 
63 38  -1  4  0 -9 
63 68   1  3  0 -9 
63 73  -1  4  0 -9 
63 87  -1  4  0 -9 
63 92   1  5  0 -9 
64 39  -1  4  0 -9 
64 67  -1  4  0 -9 
64 69   1  3  0 -9 
64 74  -1  4  0 -9 
64 88  -1  4  0 -9 
64 93   1  5  0 -9 
65 70   1  3  0 -9 
65 72  -1  4  0 -9 
65 75  -1  4  0 -9 
65 89  -1  4  0 -9 
65 96   1  5  0 -9 
66 71   1  3  0 -9 
66 76  -1  4  0 -9 
66 90  -1  4  0 -9 
66 97   1  5  0 -9 
67 67   1  8  0 -9 
68 38  -1  5  0 -9 
68 63   1  3  0 -9 
68 73   1  7  0 -9 
68 87  -1  5  0 -9 
68 92   1  6  0 -9 
69 39  -1  5  0 -9 
69 64   1  3  0 -9 
69 67   1  7  0 -9 
69 74   1  7  0 -9 
69 88  -1  5  0 -9 
69 93   1  6  0 -9 
70 65   1  3  0 -9 
70 72  -1  5  0 -9 
70 75   1  7  0 -9 
70 89  -1  5  0 -9 
70 96   1  6  0 -9 
71 66   1  3  0 -9 
71 75   1  6  0 -9 
71 76  -1  5  0 -9 
71 90  -1  5  0 -9 
71 97   1  6  0 -9 
72 72  -1  6  0 -9 
72 96   1  7  0 -9 
73 73   1  8  0 -9 
74 74   1  8  0 -9 
75 75   1  8  0 -9 
76 75   1  7  0 -9 
76 76  -1  6  0 -9 
76 97   1  7  0 -9 
77 10   1  3  0 -9 
77 33  -1  5  0 -9 
78 34   1  3  0 -9 
78 38  -1  4  0 -9 
78 43  -1  4  0 -9 
79 33  -1  4  0 -9 
79 35   1  3  0 -9 
79 39  -1  4  0 -9 
79 44  -1  4  0 -9 
80 36   1  3  0 -9 
80 48  -1  4  0 -9 
81 11   1  3  0 -9 
81 37  -1  5  0 -9 
81 67   1  6  0 -9 
81 86  -1  5  0 -9 
82 12   1  3  0 -9 
82 38  -1  5  0 -9 
82 87  -1  5  0 -9 
82 92   1  6  0 -9 
83 13   1  3  0 -9 
83 39  -1  5  0 -9 
83 88  -1  5  0 -9 
83 93   1  6  0 -9 
84 39  -1  4  0 -9 
84 40   1  3  0 -9 
84 47  -1  4  0 -9 
84 89  -1  5  0 -9 
84 96   1  6  0 -9 
85 41   1  3  0 -9 
85 49  -1  4  0 -9 
85 90  -1  5  0 -9 
85 97   1  6  0 -9 
86 67   1  7  0 -9 
86 86  -1  6  0 -9 
87 87  -1  6  0 -9 
87 92   1  7  0 -9 
88 88  -1  6  0 -9 
88 93   1  7  0 -9 
89 89  -1  6  0 -9 
89 96   1  7  0 -9 
90 90  -1  6  0 -9 
90 97   1  7  0 -9 
91 57   1  3  0 -9 
91 72  -1  5  0 -9 
91 89  -1  5  0 -9 
91 96   1  6  0 -9 
92 92   1  8  0 -9 
93 93   1  8  0 -9 
94 94   1  8  0 -9 
95 95   1  8  0 -9 
96 96   1  8  0 -9 
97 97   1  8  0 -9 
98 10  -1  0  0 -9 
98 24   1  1  0 -9 
98 50   1 -1  0 -9 
98 58  -1  0  0 -9 
98 98  -1 -2  0 -9 
98 106   1 -1  0 -9 
99 11  -1  0  0 -9 
99 25   1  1  0 -9 
99 51   1 -1  0 -9 
99 54  -1  0  0 -9 
99 56   1  1  0 -9 
99 59  -1  0  0 -9 
99 67  -1  3  0 -9 
99 99  -1 -2  0 -9 
99 102   1 -1  0 -9 
99 104  -1  0  0 -9 
99 107   1 -1  0 -9 
99 115   1  2  0 -9 
100 12  -1  0  0 -9 
100 52   1 -1  0 -9 
100 63  -1  0  0 -9 
100 68   1  1  0 -9 
100 73  -1  2  0 -9 
100 100  -1 -2  0 -9 
100 111   1 -1  0 -9 
100 116  -1  0  0 -9 
100 121   1  1  0 -9 
101 13  -1  0  0 -9 
101 53   1 -1  0 -9 
101 64  -1  0  0 -9 
101 67  -1  2  0 -9 
101 69   1  1  0 -9 
101 74  -1  2  0 -9 
101 101  -1 -2  0 -9 
101 112   1 -1  0 -9 
101 115   1  1  0 -9 
101 117  -1  0  0 -9 
101 122   1  1  0 -9 
102 54  -1  1  0 -9 
102 56   1  2  0 -9 
102 86  -1  3  0 -9 
102 102   1  0  0 -9 
102 104  -1  1  0 -9 
102 125   1  2  0 -9 
103 55   1 -1  0 -9 
103 57  -1  0  0 -9 
103 65  -1  0  0 -9 
103 70   1  1  0 -9 
103 75  -1  2  0 -9 
103 103  -1 -2  0 -9 
103 105   1 -1  0 -9 
103 113   1 -1  0 -9 
103 118  -1  0  0 -9 
103 120  -1  3  0 -9 
103 123   1  1  0 -9 
103 130   1  2  0 -9 
103 131  -1  3  0 -9 
103 132   1  4  0 -9 
104 67   1  5  0 -9 
104 86  -1  4  0 -9 
104 115  -1  4  0 -9 
104 125   1  3  0 -9 
105 120  -1  4  0 -9 
105 130   1  3  0 -9 
105 131  -1  4  0 -9 
105 132   1  5  0 -9 
106 24   1  2  0 -9 
106 58  -1  1  0 -9 
106 106   1  0  0 -9 
107 25   1  2  0 -9 
107 59  -1  1  0 -9 
107 67  -1  4  0 -9 
107 107   1  0  0 -9 
107 115   1  3  0 -9 
108 26   1  2  0 -9 
108 60  -1  1  0 -9 
108 108   1  0  0 -9 
109 27   1  2  0 -9 
109 61  -1  1  0 -9 
109 73  -1  4  0 -9 
109 109   1  0  0 -9 
109 121   1  3  0 -9 
110 28   1  2  0 -9 
110 62  -1  1  0 -9 
110 74  -1  4  0 -9 
110 110   1  0  0 -9 
110 122   1  3  0 -9 
111 63  -1  1  0 -9 
111 68   1  2  0 -9 
111 73  -1  3  0 -9 
111 87  -1  3  0 -9 
111 111   1  0  0 -9 
111 116  -1  1  0 -9 
111 121   1  2  0 -9 
111 126   1  2  0 -9 
112 64  -1  1  0 -9 
112 67  -1  3  0 -9 
112 69   1  2  0 -9 
112 74  -1  3  0 -9 
112 88  -1  3  0 -9 
112 112   1  0  0 -9 
112 115   1  2  0 -9 
112 117  -1  1  0 -9 
112 122   1  2  0 -9 
112 127   1  2  0 -9 
113 65  -1  1  0 -9 
113 70   1  2  0 -9 
113 75  -1  3  0 -9 
113 89  -1  3  0 -9 
113 113   1  0  0 -9 
113 118  -1  1  0 -9 
113 120  -1  4  0 -9 
113 123   1  2  0 -9 
113 128   1  2  0 -9 
113 132   1  5  0 -9 
114 66  -1  1  0 -9 
114 71   1  2  0 -9 
114 75  -1  4  0 -9 
114 90  -1  3  0 -9 
114 114   1  0  0 -9 
114 119  -1  1  0 -9 
114 123   1  3  0 -9 
114 124  -1  4  0 -9 
114 129   1  2  0 -9 
114 133   1  5  0 -9 
115 67   1  7  0 -9 
115 115  -1  6  0 -9 
116 73   1  6  0 -9 
116 87  -1  4  0 -9 
116 121  -1  5  0 -9 
116 126   1  3  0 -9 
117 67   1  6  0 -9 
117 74   1  6  0 -9 
117 88  -1  4  0 -9 
117 115  -1  5  0 -9 
117 122  -1  5  0 -9 
117 127   1  3  0 -9 
118 75   1  6  0 -9 
118 89  -1  4  0 -9 
118 120  -1  5  0 -9 
118 123  -1  5  0 -9 
118 128   1  3  0 -9 
118 132   1  6  0 -9 
119 90  -1  4  0 -9 
119 124  -1  5  0 -9 
119 129   1  3  0 -9 
119 133   1  6  0 -9 
120 120  -1  6  0 -9 
120 132   1  7  0 -9 
121 73   1  7  0 -9 
121 121  -1  6  0 -9 
122 74   1  7  0 -9 
122 122  -1  6  0 -9 
123 75   1  7  0 -9 
123 123  -1  6  0 -9 
124 124  -1  6  0 -9 
124 133   1  7  0 -9 
125 67   1  6  0 -9 
125 86  -1  5  0 -9 
125 104   1  3  0 -9 
125 115  -1  5  0 -9 
126 87  -1  5  0 -9 
126 92   1  6  0 -9 
126 116   1  3  0 -9 
126 121  -1  4  0 -9 
127 88  -1  5  0 -9 
127 93   1  6  0 -9 
127 115  -1  4  0 -9 
127 117   1  3  0 -9 
127 122  -1  4  0 -9 
128 89  -1  5  0 -9 
128 96   1  6  0 -9 
128 118   1  3  0 -9 
128 120  -1  4  0 -9 
128 123  -1  4  0 -9 
129 90  -1  5  0 -9 
129 97   1  6  0 -9 
129 119   1  3  0 -9 
129 124  -1  4  0 -9 
130 105   1  3  0 -9 
130 120  -1  5  0 -9 
130 131  -1  5  0 -9 
130 132   1  6  0 -9 
131 131  -1  6  0 -9 
131 132   1  7  0 -9 
132 132   1  8  0 -9 
133 133   1  8  0 -9 
134 134   1  0  0 -9 
134 142  -1  1  0 -9 
134 161   1  2  0 -9 
135 17   1 -1  0 -9 
135 25  -1  0  0 -9 
135 33   1  2  0 -9 
135 37  -1  3  0 -9 
135 67   1  4  0 -9 
135 134   1 -1  0 -9 
135 135  -1 -2  0 -9 
135 142  -1  0  0 -9 
135 143   1 -1  0 -9 
135 165   1  2  0 -9 
135 170  -1  3  0 -9 
136 136   1  0  0 -9 
136 144  -1  1  0 -9 
136 176   1  2  0 -9 
137 19   1 -1  0 -9 
137 27  -1  0  0 -9 
137 42   1  2  0 -9 
137 43   1  2  0 -9 
137 45  -1  3  0 -9 
137 73   1  4  0 -9 
137 136   1 -1  0 -9 
137 137  -1 -2  0 -9 
137 144  -1  0  0 -9 
137 145   1 -1  0 -9 
137 151   1 -1  0 -9 
137 153   1  2  0 -9 
137 154  -1  0  0 -9 
137 156  -1  3  0 -9 
137 179   1  2  0 -9 
137 184  -1  3  0 -9 
137 188   1  4  0 -9 
138 20   1 -1  0 -9 
138 28  -1  0  0 -9 
138 44   1  2  0 -9 
138 46  -1  3  0 -9 
138 74   1  4  0 -9 
138 138  -1 -2  0 -9 
138 146   1 -1  0 -9 
138 152   1 -1  0 -9 
138 153   1  1  0 -9 
138 155  -1  0  0 -9 
138 157  -1  3  0 -9 
138 180   1  2  0 -9 
138 185  -1  3  0 -9 
138 189   1  4  0 -9 
139 21   1 -1  0 -9 
139 34  -1  0  0 -9 
139 38  -1  3  0 -9 
139 43   1  1  0 -9 
139 61  -1  0  0 -9 
139 78   1  1  0 -9 
139 92   1  4  0 -9 
139 139  -1 -2  0 -9 
139 145  -1  0  0 -9 
139 147   1 -1  0 -9 
139 162   1 -1  0 -9 
139 166  -1  0  0 -9 
139 171   1  1  0 -9 
139 177  -1  0  0 -9 
139 179   1  1  0 -9 
139 184  -1  2  0 -9 
140 22   1 -1  0 -9 
140 33   1  1  0 -9 
140 35  -1  0  0 -9 
140 39  -1  3  0 -9 
140 44   1  1  0 -9 
140 59  -1  0  0 -9 
140 60  -1  0  0 -9 
140 62  -1  0  0 -9 
140 79   1  1  0 -9 
140 93   1  4  0 -9 
140 136   1 -1  0 -9 
140 140  -1 -2  0 -9 
140 143  -1  0  0 -9 
140 144  -1  0  0 -9 
140 146  -1  0  0 -9 
140 148   1 -1  0 -9 
140 161  -1  0  0 -9 
140 163   1 -1  0 -9 
140 165   1  1  0 -9 
140 167  -1  0  0 -9 
140 170  -1  2  0 -9 
140 172   1  1  0 -9 
140 176   1  1  0 -9 
140 178  -1  0  0 -9 
140 180   1  1  0 -9 
140 185  -1  2  0 -9 
141 23   1 -1  0 -9 
141 36  -1  0  0 -9 
141 43   1  2  0 -9 
141 48  -1  3  0 -9 
141 62  -1  0  0 -9 
141 80   1  1  0 -9 
141 94   1  4  0 -9 
141 141  -1 -2  0 -9 
141 146  -1  0  0 -9 
141 154  -1  0  0 -9 
141 156   1  1  0 -9 
141 157  -1  2 -1  0  0 -9 
141 159   1 -1  0 -9 
141 164   1 -1  0 -9 
141 180   1  1  0 -9 
141 182  -1  0  0 -9 
141 185  -1  2  0 -9 
141 188  -1  2  0 -9 
141 189   1  3  0 -9 
141 190   1  1  0 -9 
142 33  -1  4  0 -9 
142 161   1  3  0 -9 
143 37  -1  4  0 -9 
143 67   1  5  0 -9 
143 165   1  3  0 -9 
143 170  -1  4  0 -9 
144 42  -1  4  0 -9 
144 153  -1  4  0 -9 
144 176   1  3  0 -9 
145 45  -1  4  0 -9 
145 73   1  5  0 -9 
145 156  -1  4  0 -9 
145 179   1  3  0 -9 
145 184  -1  4  0 -9 
145 188   1  5  0 -9 
146 46  -1  4  0 -9 
146 74   1  5  0 -9 
146 157  -1  4  0 -9 
146 180   1  3  0 -9 
146 185  -1  4  0 -9 
146 189   1  5  0 -9 
147 38  -1  4  0 -9 
147 92   1  5  0 -9 
147 145  -1  1  0 -9 
147 147   1  0  0 -9 
147 166  -1  1  0 -9 
147 171   1  2  0 -9 
147 179   1  2  0 -9 
147 184  -1  3  0 -9 
148 39  -1  4  0 -9 
148 93   1  5  0 -9 
148 143  -1  1  0 -9 
148 146  -1  1  0 -9 
148 148   1  0  0 -9 
148 165   1  2  0 -9 
148 167  -1  1  0 -9 
148 170  -1  3  0 -9 
148 172   1  2  0 -9 
148 180   1  2  0 -9 
148 185  -1  3  0 -9 
149 31   1 -1  0 -9 
149 39  -1  3  0 -9 
149 40  -1  0  0 -9 
149 47   1  1  0 -9 
149 59  -1  0  0 -9 
149 62  -1  0  0 -9 
149 65  -1  0  0 -9 
149 70   1  1  0 -9 
149 75  -1  2  0 -9 
149 84   1  1  0 -9 
149 89  -1  2  0 -9 
149 93   1  4  0 -9 
149 143  -1  0  0 -9 
149 146  -1  0  0 -9 
149 148   1 -1  0 -9 
149 149  -1 -2  0 -9 
149 165   1  1  0 -9 
149 167  -1  0  0 -9 
149 168   1 -1  0 -9 
149 170  -1  2  0 -9 
149 172   1  1  0 -9 
149 173  -1  0  0 -9 
149 180   1  1  0 -9 
149 181  -1  0  0 -9 
149 185  -1  2  0 -9 
149 186   1  1  0 -9 
150 28  -1  0  0 -9 
150 32   1 -1  0 -9 
150 41  -1  0  0 -9 
150 46  -1  3  0 -9 
150 47   1  2  0 -9 
150 49  -1  3  0 -9 
150 66  -1  0  0 -9 
150 71   1  1  0 -9 
150 74   1  4  0 -9 
150 75  -1  3  0 -9 
150 85   1  1  0 -9 
150 90  -1  2  0 -9 
150 95   1  4  0 -9 
150 146   1 -1  0 -9 
150 150  -1 -2  0 -9 
150 157  -1  3  0 -9 
150 158  -1  0  0 -9 
150 160   1 -1  0 -9 
150 169   1 -1  0 -9 
150 174  -1  0  0 -9 
150 180   1  2  0 -9 
150 183  -1  0  0 -9 
150 185  -1  3  0 -9 
150 189   1  4  0 -9 
150 191   1  1  0 -9 
151 151   1  0  0 -9 
151 153   1  3  0 -9 
151 154  -1  1  0 -9 
151 156  -1  4  0 -9 
151 177   1  2  0 -9 
151 188   1  5  0 -9 
152 152   1  0  0 -9 
152 153   1  2  0 -9 
152 155  -1  1  0 -9 
152 157  -1  4  0 -9 
152 178   1  2  0 -9 
152 189   1  5  0 -9 
153 153  -1  6  0 -9 
154 43  -1  4  0 -9 
154 156  -1  5  0 -9 
154 177   1  3  0 -9 
154 188   1  6  0 -9 
155 44  -1  4  0 -9 
155 153  -1  5  0 -9 
155 157  -1  5  0 -9 
155 178   1  3  0 -9 
155 189   1  6  0 -9 
156 156  -1  6  0 -9 
156 188   1  7  0 -9 
157 157  -1  6  0 -9 
157 189   1  7  0 -9 
158 47  -1  4  0 -9 
158 75   1  5  0 -9 
158 157  -1  5  0 -9 
158 181   1  3  0 -9 
158 186  -1  4  0 -9 
158 189   1  6  0 -9 
159 48  -1  4  0 -9 
159 94   1  5  0 -9 
159 146  -1  1  0 -9 
159 154  -1  1  0 -9 
159 156   1  2  0 -9 
159 157  -1  5 -1  3 -1  1  0 -9 
159 159   1  0  0 -9 
159 177   1  2  0 -9 
159 180   1  2  0 -9 
159 182  -1  1  0 -9 
159 185  -1  3  0 -9 
159 188  -1  3  0 -9 
159 189   1  6  1  4  0 -9 
159 190   1  2  0 -9 
160 49  -1  4  0 -9 
160 95   1  5  0 -9 
160 157  -1  4  0 -9 
160 158  -1  1  0 -9 
160 160   1  0  0 -9 
160 181   1  2  0 -9 
160 183  -1  1  0 -9 
160 186  -1  3  0 -9 
160 189   1  5  0 -9 
160 191   1  2  0 -9 
161 33  -1  5  0 -9 
161 142   1  3  0 -9 
162 27   1  2  0 -9 
162 34  -1  1  0 -9 
162 38  -1  4  1  2  0 -9 
162 43  -1  4  1  2  0 -9 
162 45  -1  3  0 -9 
162 61  -1  1  0 -9 
162 78   1  2  0 -9 
162 92   1  5  0 -9 
162 145  -1  1  0 -9 
162 154   1  2  0 -9 
162 156  -1  3  0 -9 
162 162   1  0  0 -9 
162 166  -1  1  0 -9 
162 171   1  2  0 -9 
162 177  -1  1  0 -9 
162 179   1  2  0 -9 
162 184  -1  3  0 -9 
163 25   1  2  0 -9 
163 26   1  2  0 -9 
163 28   1  2  0 -9 
163 33  -1  4  1  2  0 -9 
163 35  -1  1  0 -9 
163 37  -1  3  0 -9 
163 39  -1  4  1  2  0 -9 
163 42  -1  3  0 -9 
163 44  -1  4  1  2  0 -9 
163 46  -1  3  0 -9 
163 59  -1  1  0 -9 
163 60  -1  1  0 -9 
163 62  -1  1  0 -9 
163 79   1  2  0 -9 
163 93   1  5  0 -9 
163 142   1  2  0 -9 
163 143  -1  1  0 -9 
163 144  -1  1  0 -9 
163 146  -1  1  0 -9 
163 153  -1  3  0 -9 
163 155   1  2  0 -9 
163 157  -1  3  0 -9 
163 161  -1  1  0 -9 
163 163   1  0  0 -9 
163 165   1  2  0 -9 
163 167  -1  1  0 -9 
163 170  -1  3  0 -9 
163 172   1  2  0 -9 
163 176   1  2  0 -9 
163 178  -1  1  0 -9 
163 180   1  2  0 -9 
163 185  -1  3  0 -9 
164 28   1  2  0 -9 
164 36  -1  1  0 -9 
164 46  -1  3  0 -9 
164 48  -1  4  1  2  0 -9 
164 62  -1  1  0 -9 
164 80   1  2  0 -9 
164 94   1  5  0 -9 
164 146  -1  1  0 -9 
164 157  -1  3  0 -9 
164 164   1  0  0 -9 
164 180   1  2  0 -9 
164 182  -1  1  0 -9 
164 185  -1  3  0 -9 
164 188  -1  3  0 -9 
164 189   1  4  0 -9 
164 190   1  2  0 -9 
165 37  -1  5  0 -9 
165 67   1  6  0 -9 
165 143   1  3  0 -9 
165 170  -1  5  0 -9 
166 38  -1  5  0 -9 
166 92   1  6  0 -9 
166 171   1  3  0 -9 
166 184  -1  4  0 -9 
167 39  -1  5  0 -9 
167 93   1  6  0 -9 
167 170  -1  4  0 -9 
167 172   1  3  0 -9 
167 185  -1  4  0 -9 
168 25   1  2  0 -9 
168 28   1  2  0 -9 
168 37  -1  3  0 -9 
168 39  -1  4  1  2  0 -9 
168 40  -1  1  0 -9 
168 46  -1  3  0 -9 
168 47  -1  4  1  2  0 -9 
168 59  -1  1  0 -9 
168 62  -1  1  0 -9 
168 65  -1  1  0 -9 
168 70   1  2  0 -9 
168 72  -1  3  0 -9 
168 75   1  5 -1  3  0 -9 
168 84   1  2  0 -9 
168 89  -1  3  0 -9 
168 93   1  5  0 -9 
168 143  -1  1  0 -9 
168 146  -1  1  0 -9 
168 157  -1  3  0 -9 
168 158   1  2  0 -9 
168 165   1  2  0 -9 
168 167  -1  1  0 -9 
168 168   1  0  0 -9 
168 170  -1  3  0 -9 
168 172   1  2  0 -9 
168 173  -1  1  0 -9 
168 175   1  2  0 -9 
168 180   1  2  0 -9 
168 181  -1  1  0 -9 
168 185  -1  3  0 -9 
168 186  -1  4  1  2  0 -9 
168 192   1  5  0 -9 
169 41  -1  1  0 -9 
169 49  -1  4  1  2  0 -9 
169 66  -1  1  0 -9 
169 71   1  2  0 -9 
169 76  -1  3  0 -9 
169 85   1  2  0 -9 
169 90  -1  3  0 -9 
169 95   1  5  0 -9 
169 169   1  0  0 -9 
169 174  -1  1  0 -9 
169 183  -1  1  0 -9 
169 186  -1  3  0 -9 
169 187   1  2  0 -9 
169 191   1  2  0 -9 
169 192   1  4  0 -9 
169 193  -1  3  0 -9 
170 67   1  7  0 -9 
170 170  -1  6  0 -9 
171 38  -1  4  0 -9 
171 73   1  6  0 -9 
171 166   1  3  0 -9 
171 184  -1  5  0 -9 
171 188   1  6  0 -9 
172 39  -1  4  0 -9 
172 67   1  6  0 -9 
172 74   1  6  0 -9 
172 167   1  3  0 -9 
172 170  -1  5  0 -9 
172 185  -1  5  0 -9 
172 189   1  6  0 -9 
173 72  -1  4  0 -9 
173 75   1  6  0 -9 
173 175   1  3  0 -9 
173 186  -1  5  0 -9 
173 192   1  6  0 -9 
174 75   1  5  0 -9 
174 76  -1  4  0 -9 
174 186  -1  4  0 -9 
174 187   1  3  0 -9 
174 192   1  5  0 -9 
174 193  -1  4  0 -9 
175 72  -1  5  0 -9 
175 96   1  6  0 -9 
175 173   1  3  0 -9 
175 186  -1  4  0 -9 
176 42  -1  5  0 -9 
176 144   1  3  0 -9 
176 153  -1  5  0 -9 
177 43  -1  5  0 -9 
177 154   1  3  0 -9 
177 156  -1  4  0 -9 
178 44  -1  5  0 -9 
178 153  -1  4  0 -9 
178 155   1  3  0 -9 
178 157  -1  4  0 -9 
179 45  -1  5  0 -9 
179 73   1  6  0 -9 
179 145   1  3  0 -9 
179 156  -1  5  0 -9 
179 184  -1  5  0 -9 
179 188   1  6  0 -9 
180 46  -1  5  0 -9 
180 74   1  6  0 -9 
180 146   1  3  0 -9 
180 157  -1  5  0 -9 
180 185  -1  5  0 -9 
180 189   1  6  0 -9 
181 47  -1  5  0 -9 
181 75   1  6  0 -9 
181 157  -1  4  0 -9 
181 158   1  3  0 -9 
181 186  -1  5  0 -9 
181 192   1  6  0 -9 
182 48  -1  5  0 -9 
182 94   1  6  0 -9 
182 157  -1  4  0 -9 
182 185  -1  4  0 -9 
182 188  -1  4  0 -9 
182 189   1  5  0 -9 
182 190   1  3  0 -9 
183 49  -1  5  0 -9 
183 95   1  6  0 -9 
183 186  -1  4  0 -9 
183 191   1  3  0 -9 
183 192   1  5  0 -9 
183 193  -1  4  0 -9 
184 73   1  7  0 -9 
184 184  -1  6  0 -9 
184 188   1  7  0 -9 
185 74   1  7  0 -9 
185 185  -1  6  0 -9 
185 189   1  7  0 -9 
186 75   1  7  0 -9 
186 186  -1  6  0 -9 
186 192   1  7  0 -9 
187 75   1  6  0 -9 
187 76  -1  5  0 -9 
187 97   1  6  0 -9 
187 174   1  3  0 -9 
187 186  -1  5  0 -9 
187 192   1  6  0 -9 
187 193  -1  5  0 -9 
188 188   1  8  0 -9 
189 189   1  8  0 -9 
190 48  -1  4  0 -9 
190 74   1  6  0 -9 
190 157  -1  5  0 -9 
190 182   1  3  0 -9 
190 185  -1  5  0 -9 
190 188   1  7  0 -9 
190 189   1  6  0 -9 
191 49  -1  4  0 -9 
191 75   1  6  0 -9 
191 183   1  3  0 -9 
191 186  -1  5  0 -9 
191 192   1  6  0 -9 
191 193  -1  5  0 -9 
192 192   1  8  0 -9 
193 192   1  7  0 -9 
193 193  -1  6  0 -9 
194 33   1  1  0 -9 
194 161  -1  0  0 -9 
194 194  -1 -2  0 -9 
194 203   1 -1  0 -9 
195 37   1  1  0 -9 
195 67  -1  2  0 -9 
195 115   1  1  0 -9 
195 165  -1  0  0 -9 
195 170   1  1  0 -9 
195 195  -1 -2  0 -9 
195 207   1 -1  0 -9 
195 212  -1  0  0 -9 
196 42   1  1  0 -9 
196 153   1  1  0 -9 
196 176  -1  0  0 -9 
196 196  -1 -2  0 -9 
196 218   1 -1  0 -9 
197 45   1  1  0 -9 
197 73  -1  2  0 -9 
197 121   1  1  0 -9 
197 156   1  1  0 -9 
197 179  -1  0  0 -9 
197 184   1  1  0 -9 
197 188  -1  2  0 -9 
197 197  -1 -2  0 -9 
197 221   1 -1  0 -9 
197 226  -1  0  0 -9 
197 230   1  1  0 -9 
198 46   1  1  0 -9 
198 74  -1  2  0 -9 
198 122   1  1  0 -9 
198 157   1  1  0 -9 
198 180  -1  0  0 -9 
198 185   1  1  0 -9 
198 189  -1  2  0 -9 
198 198  -1 -2  0 -9 
198 222   1 -1  0 -9 
198 227  -1  0  0 -9 
198 231   1  1  0 -9 
199 38   1  1  0 -9 
199 92  -1  2  0 -9 
199 166  -1  0  0 -9 
199 199  -1 -2  0 -9 
199 208   1 -1  0 -9 
199 213  -1  0  0 -9 
199 237   1 -1  0 -9 
199 243  -1  0  0 -9 
199 249   1  1  0 -9 
200 39   1  1  0 -9 
200 93  -1  2  0 -9 
200 167  -1  0  0 -9 
200 200  -1 -2  0 -9 
200 209   1 -1  0 -9 
200 214  -1  0  0 -9 
200 236  -1  0  0 -9 
200 238   1 -1  0 -9 
200 244  -1  0  0 -9 
200 250   1  1  0 -9 
201 72   1  1  0 -9 
201 96  -1  2  0 -9 
201 120  -1  2 -1  0  0 -9 
201 132   1  3  0 -9 
201 175  -1  0  0 -9 
201 201  -1 -2  0 -9 
201 215  -1  0  0 -9 
201 217   1 -1  0 -9 
201 239   1 -1  0 -9 
201 241  -1  0  0 -9 
201 242   1  1  0 -9 
201 245  -1  0  0 -9 
201 253   1  1  0 -9 
201 255  -1  2  0 -9 
202 75  -1  2  0 -9 
202 76   1  1  0 -9 
202 97  -1  2  0 -9 
202 123   1  1  0 -9 
202 124  -1  2 -1  0  0 -9 
202 133   1  3  0 -9 
202 186   1  1  0 -9 
202 187  -1  0  0 -9 
202 192  -1  2  0 -9 
202 193   1  1  0 -9 
202 202  -1 -2  0 -9 
202 216  -1  0  0 -9 
202 228  -1  0  0 -9 
202 229   1 -1  0 -9 
202 234   1  1  0 -9 
202 235  -1  2 -1  0  0 -9 
202 240   1 -1  0 -9 
202 246  -1  0  0 -9 
202 247  -1  2  0 -9 
202 248   1  1  0 -9 
202 254   1  1  0 -9 
202 256  -1  2  0 -9 
202 257   1  3  0 -9 
203 33   1  2  0 -9 
203 142   1  2  0 -9 
203 161  -1  1  0 -9 
203 203   1  0  0 -9 
204 27   1  1  0 -9 
204 34  -1  0  0 -9 
204 38   1  1  0 -9 
204 43   1  1  0 -9 
204 61  -1  0  0 -9 
204 73  -1  3  0 -9 
204 109   1 -1  0 -9 
204 121   1  2  0 -9 
204 145  -1  0  0 -9 
204 154   1  1  0 -9 
204 162   1 -1  0 -9 
204 166  -1  0  0 -9 
204 171   1  1  0 -9 
204 177  -1  0  0 -9 
204 188  -1  3  0 -9 
204 204  -1 -2  0 -9 
204 208   1 -1  0 -9 
204 213  -1  0  0 -9 
204 219   1 -1  0 -9 
204 230   1  2  0 -9 
205 25   1  1  0 -9 
205 26   1  1  0 -9 
205 28   1  1  0 -9 
205 33   1  1  0 -9 
205 35  -1  0  0 -9 
205 39   1  1  0 -9 
205 44   1  1  0 -9 
205 59  -1  0  0 -9 
205 60  -1  0  0 -9 
205 62  -1  0  0 -9 
205 67  -1  3  0 -9 
205 74  -1  3  0 -9 
205 107   1 -1  0 -9 
205 108   1 -1  0 -9 
205 110   1 -1  0 -9 
205 115   1  2  0 -9 
205 122   1  2  0 -9 
205 142   1  1  0 -9 
205 143  -1  0  0 -9 
205 144  -1  0  0 -9 
205 146  -1  0  0 -9 
205 155   1  1  0 -9 
205 161  -1  0  0 -9 
205 163   1 -1  0 -9 
205 167  -1  0  0 -9 
205 172   1  1  0 -9 
205 178  -1  0  0 -9 
205 189  -1  3  0 -9 
205 203   1 -1  0 -9 
205 205  -1 -2  0 -9 
205 209   1 -1  0 -9 
205 214  -1  0  0 -9 
205 220   1 -1  0 -9 
205 231   1  2  0 -9 
206 28   1  1  0 -9 
206 36  -1  0  0 -9 
206 48   1  1  0 -9 
206 62  -1  0  0 -9 
206 74  -1  3  0 -9 
206 110   1 -1  0 -9 
206 122   1  2  0 -9 
206 146  -1  0  0 -9 
206 164   1 -1  0 -9 
206 182  -1  0  0 -9 
206 188  -1  2  0 -9 
206 190   1  1  0 -9 
206 206  -1 -2  0 -9 
206 224   1 -1  0 -9 
206 230   1  1  0 -9 
206 232  -1  0  0 -9 
207 37   1  2  0 -9 
207 67  -1  3  0 -9 
207 115   1  2  0 -9 
207 143   1  2  0 -9 
207 165  -1  1  0 -9 
207 170  -1  4  1  2  0 -9 
207 207   1  0  0 -9 
207 212  -1  1  0 -9 
207 236   1  2  0 -9 
208 38   1  2  0 -9 
208 92  -1  3  0 -9 
208 166  -1  1  0 -9 
208 171   1  2  0 -9 
208 184  -1  3  0 -9 
208 208   1  0  0 -9 
208 213  -1  1  0 -9 
208 249   1  2  0 -9 
209 39   1  2  0 -9 
209 93  -1  3  0 -9 
209 167  -1  1  0 -9 
209 170  -1  3  0 -9 
209 172   1  2  0 -9 
209 185  -1  3  0 -9 
209 209   1  0  0 -9 
209 214  -1  1  0 -9 
209 250   1  2  0 -9 
210 25   1  1  0 -9 
210 28   1  1  0 -9 
210 39   1  1  0 -9 
210 40  -1  0  0 -9 
210 47   1  1  0 -9 
210 59  -1  0  0 -9 
210 62  -1  0  0 -9 
210 65  -1  0  0 -9 
210 67  -1  3  0 -9 
210 70   1  1  0 -9 
210 74  -1  3  0 -9 
210 75  -1  2  0 -9 
210 96  -1  3  0 -9 
210 107   1 -1  0 -9 
210 110   1 -1  0 -9 
210 113   1 -1  0 -9 
210 115   1  2  0 -9 
210 118  -1  0  0 -9 
210 120  -1  3  0 -9 
210 122   1  2  0 -9 
210 123   1  1  0 -9 
210 132   1  4  0 -9 
210 143  -1  0  0 -9 
210 146  -1  0  0 -9 
210 158   1  1  0 -9 
210 167  -1  0  0 -9 
210 168   1 -1  0 -9 
210 172   1  1  0 -9 
210 173  -1  0  0 -9 
210 181  -1  0  0 -9 
210 186  -1  3  1  1  0 -9 
210 189  -1  3  0 -9 
210 192   1  4  0 -9 
210 209   1 -1  0 -9 
210 210  -1 -2  0 -9 
210 214  -1  0  0 -9 
210 215   1 -1  0 -9 
210 223   1 -1  0 -9 
210 228  -1  0  0 -9 
210 231   1  2  0 -9 
210 234  -1  3  0 -9 
210 247   1  4  0 -9 
210 253   1  2  0 -9 
210 255  -1  3  0 -9 
211 41  -1  0  0 -9 
211 49   1  1  0 -9 
211 66  -1  0  0 -9 
211 71   1  1  0 -9 
211 75  -1  3  0 -9 
211 97  -1  3  0 -9 
211 114   1 -1  0 -9 
211 119  -1  0  0 -9 
211 123   1  2  0 -9 
211 124  -1  3  0 -9 
211 133   1  4  0 -9 
211 169   1 -1  0 -9 
211 174  -1  0  0 -9 
211 183  -1  0  0 -9 
211 191   1  1  0 -9 
211 211  -1 -2  0 -9 
211 216   1 -1  0 -9 
211 225   1 -1  0 -9 
211 233  -1  0  0 -9 
211 235  -1  3  0 -9 
211 254   1  2  0 -9 
211 256  -1  3  0 -9 
211 257   1  4  0 -9 
212 67   1  6  0 -9 
212 115  -1  5  0 -9 
212 170  -1  5  0 -9 
212 236   1  3  0 -9 
213 73   1  5  0 -9 
213 92  -1  4  0 -9 
213 121  -1  4  0 -9 
213 184  -1  4  0 -9 
213 188   1  5  0 -9 
213 230  -1  4  0 -9 
213 249   1  3  0 -9 
214 67   1  5  0 -9 
214 74   1  5  0 -9 
214 93  -1  4  0 -9 
214 115  -1  4  0 -9 
214 122  -1  4  0 -9 
214 170  -1  4  0 -9 
214 185  -1  4  0 -9 
214 189   1  5  0 -9 
214 231  -1  4  0 -9 
214 250   1  3  0 -9 
215 75   1  5  0 -9 
215 96  -1  4  0 -9 
215 120  -1  4  0 -9 
215 123  -1  4  0 -9 
215 132   1  5  0 -9 
215 186  -1  4  0 -9 
215 192   1  5  0 -9 
215 234  -1  4  0 -9 
215 247   1  5  0 -9 
215 253   1  3  0 -9 
215 255  -1  4  0 -9 
216 97  -1  4  0 -9 
216 124  -1  4  0 -9 
216 133   1  5  0 -9 
216 235  -1  4  0 -9 
216 254   1  3  0 -9 
216 256  -1  4  0 -9 
216 257   1  5  0 -9 
217 72   1  2  0 -9 
217 96  -1  3  0 -9 
217 120  -1  5 -1  3 -1  1  0 -9 
217 132   1  6  1  4  0 -9 
217 173   1  2  0 -9 
217 175  -1  1  0 -9 
217 186  -1  3  0 -9 
217 215  -1  1  0 -9 
217 217   1  0  0 -9 
217 241  -1  1  0 -9 
217 242   1  2  0 -9 
217 253   1  2  0 -9 
217 255  -1  3  0 -9 
218 42   1  2  0 -9 
218 144   1  2  0 -9 
218 153   1  2  0 -9 
218 176  -1  1  0 -9 
218 218   1  0  0 -9 
219 43   1  2  0 -9 
219 154   1  2  0 -9 
219 177  -1  1  0 -9 
219 188  -1  4  0 -9 
219 219   1  0  0 -9 
219 230   1  3  0 -9 
220 44   1  2  0 -9 
220 155   1  2  0 -9 
220 178  -1  1  0 -9 
220 189  -1  4  0 -9 
220 220   1  0  0 -9 
220 231   1  3  0 -9 
221 45   1  2  0 -9 
221 73  -1  3  0 -9 
221 121   1  2  0 -9 
221 145   1  2  0 -9 
221 156   1  2  0 -9 
221 179  -1  1  0 -9 
221 184  -1  4  1  2  0 -9 
221 188  -1  3  0 -9 
221 221   1  0  0 -9 
221 226  -1  1  0 -9 
221 230   1  2  0 -9 
221 243   1  2  0 -9 
222 46   1  2  0 -9 
222 74  -1  3  0 -9 
222 122   1  2  0 -9 
222 146   1  2  0 -9 
222 157   1  2  0 -9 
222 180  -1  1  0 -9 
222 185  -1  4  1  2  0 -9 
222 189  -1  3  0 -9 
222 222   1  0  0 -9 
222 227  -1  1  0 -9 
222 231   1  2  0 -9 
222 244   1  2  0 -9 
223 47   1  2  0 -9 
223 75  -1  3  0 -9 
223 123   1  2  0 -9 
223 158   1  2  0 -9 
223 181  -1  1  0 -9 
223 186  -1  4  1  2  0 -9 
223 189  -1  4  0 -9 
223 192   1  5  0 -9 
223 223   1  0  0 -9 
223 228  -1  1  0 -9 
223 231   1  3  0 -9 
223 234  -1  4  0 -9 
223 245   1  2  0 -9 
223 247   1  5  0 -9 
224 48   1  2  0 -9 
224 94  -1  3  0 -9 
224 182  -1  1  0 -9 
224 185  -1  3  0 -9 
224 188  -1  3  0 -9 
224 190   1  2  0 -9 
224 224   1  0  0 -9 
224 230   1  2  0 -9 
224 232  -1  1  0 -9 
224 251   1  2  0 -9 
225 49   1  2  0 -9 
225 95  -1  3  0 -9 
225 183  -1  1  0 -9 
225 186  -1  3  0 -9 
225 191   1  2  0 -9 
225 225   1  0  0 -9 
225 233  -1  1  0 -9 
225 235  -1  4  0 -9 
225 252   1  2  0 -9 
225 257   1  5  0 -9 
226 73   1  6  0 -9 
226 121  -1  5  0 -9 
226 184  -1  5  0 -9 
226 188   1  6  0 -9 
226 230  -1  5  0 -9 
226 243   1  3  0 -9 
227 74   1  6  0 -9 
227 122  -1  5  0 -9 
227 185  -1  5  0 -9 
227 189   1  6  0 -9 
227 231  -1  5  0 -9 
227 244   1  3  0 -9 
228 75   1  6  0 -9 
228 123  -1  5  0 -9 
228 186  -1  5  0 -9 
228 192   1  6  0 -9 
228 234  -1  5  0 -9 
228 245   1  3  0 -9 
228 247   1  6  0 -9 
229 75  -1  3  0 -9 
229 76   1  2  0 -9 
229 97  -1  3  0 -9 
229 123   1  2  0 -9 
229 124  -1  5 -1  3 -1  1  0 -9 
229 133   1  6  1  4  0 -9 
229 174   1  2  0 -9 
229 186  -1  4  1  2  0 -9 
229 187  -1  1  0 -9 
229 192  -1  3  0 -9 
229 193   1  2  0 -9 
229 216  -1  1  0 -9 
229 228  -1  1  0 -9 
229 229   1  0  0 -9 
229 234   1  2  0 -9 
229 235  -1  5 -1  3 -1  1  0 -9 
229 245   1  2  0 -9 
229 246  -1  1  0 -9 
229 247  -1  3  0 -9 
229 248   1  2  0 -9 
229 254   1  2  0 -9 
229 256  -1  3  0 -9 
229 257   1  6  1  4  0 -9 
230 188   1  7  0 -9 
230 230  -1  6  0 -9 
231 189   1  7  0 -9 
231 231  -1  6  0 -9 
232 74   1  5  0 -9 
232 94  -1  4  0 -9 
232 122  -1  4  0 -9 
232 185  -1  4  0 -9 
232 188   1  6  0 -9 
232 230  -1  5  0 -9 
232 251   1  3  0 -9 
233 75   1  5  0 -9 
233 95  -1  4  0 -9 
233 123  -1  4  0 -9 
233 186  -1  4  0 -9 
233 235  -1  5  0 -9 
233 252   1  3  0 -9 
233 257   1  6  0 -9 
234 192   1  7  0 -9 
234 234  -1  6  0 -9 
234 247   1  7  0 -9 
235 235  -1  6  0 -9 
235 257   1  7  0 -9 
236 67   1  5  0 -9 
236 115  -1  4  0 -9 
236 170  -1  4  0 -9 
236 212   1  3  0 -9 
237 73   1  4  0 -9 
237 92  -1  3  0 -9 
237 121  -1  3  0 -9 
237 184  -1  3  0 -9 
237 188   1  4  0 -9 
237 213  -1  1  0 -9 
237 226   1  2  0 -9 
237 230  -1  3  0 -9 
237 237   1  0  0 -9 
237 243  -1  1  0 -9 
237 249   1  2  0 -9 
238 67   1  4  0 -9 
238 74   1  4  0 -9 
238 93  -1  3  0 -9 
238 115  -1  3  0 -9 
238 122  -1  3  0 -9 
238 170  -1  3  0 -9 
238 185  -1  3  0 -9 
238 189   1  4  0 -9 
238 212   1  2  0 -9 
238 214  -1  1  0 -9 
238 227   1  2  0 -9 
238 231  -1  3  0 -9 
238 236  -1  1  0 -9 
238 238   1  0  0 -9 
238 244  -1  1  0 -9 
238 250   1  2  0 -9 
239 75   1  4  0 -9 
239 96  -1  3  0 -9 
239 120  -1  3  0 -9 
239 123  -1  3  0 -9 
239 132   1  4  0 -9 
239 186  -1  3  0 -9 
239 192   1  4  0 -9 
239 215  -1  1  0 -9 
239 228   1  2  0 -9 
239 234  -1  3  0 -9 
239 239   1  0  0 -9 
239 241  -1  1  0 -9 
239 242   1  2  0 -9 
239 245  -1  1  0 -9 
239 253   1  2  0 -9 
239 255  -1  3  0 -9 
240 97  -1  3  0 -9 
240 124  -1  3  0 -9 
240 133   1  4  0 -9 
240 216  -1  1  0 -9 
240 235  -1  3  0 -9 
240 240   1  0  0 -9 
240 246  -1  1  0 -9 
240 247  -1  3  0 -9 
240 248   1  2  0 -9 
240 254   1  2  0 -9 
240 256  -1  3  0 -9 
240 257   1  4  0 -9 
241 120  -1  4  0 -9 
241 132   1  5  0 -9 
241 242   1  3  0 -9 
241 255  -1  4  0 -9 
242 120  -1  5  0 -9 
242 132   1  6  0 -9 
242 241   1  3  0 -9 
242 247   1  6  0 -9 
242 255  -1  5  0 -9 
243 73   1  5  0 -9 
243 121  -1  4  0 -9 
243 184  -1  4  0 -9 
243 188   1  5  0 -9 
243 226   1  3  0 -9 
243 230  -1  4  0 -9 
244 74   1  5  0 -9 
244 122  -1  4  0 -9 
244 185  -1  4  0 -9 
244 189   1  5  0 -9 
244 227   1  3  0 -9 
244 231  -1  4  0 -9 
245 75   1  5  0 -9 
245 123  -1  4  0 -9 
245 186  -1  4  0 -9 
245 192   1  5  0 -9 
245 228   1  3  0 -9 
245 234  -1  4  0 -9 
246 124  -1  4  0 -9 
246 133   1  5  0 -9 
246 235  -1  4  0 -9 
246 247  -1  4  0 -9 
246 248   1  3  0 -9 
246 256  -1  4  0 -9 
246 257   1  5  0 -9 
247 247   1  8  0 -9 
248 124  -1  5  0 -9 
248 133   1  6  0 -9 
248 235  -1  5  0 -9 
248 246   1  3  0 -9 
248 247   1  7  0 -9 
248 256  -1  5  0 -9 
248 257   1  6  0 -9 
249 73   1  6  0 -9 
249 92   1  7  0 -9 
249 121  -1  5  0 -9 
249 184  -1  5  0 -9 
249 188   1  6  0 -9 
249 213   1  3  0 -9 
249 230  -1  5  0 -9 
250 67   1  6  0 -9 
250 74   1  6  0 -9 
250 93   1  7  0 -9 
250 115  -1  5  0 -9 
250 122  -1  5  0 -9 
250 170  -1  5  0 -9 
250 185  -1  5  0 -9 
250 189   1  6  0 -9 
250 214   1  3  0 -9 
250 231  -1  5  0 -9 
251 74   1  6  0 -9 
251 94   1  7  0 -9 
251 122  -1  5  0 -9 
251 185  -1  5  0 -9 
251 189   1  6  0 -9 
251 230  -1  4  0 -9 
251 232   1  3  0 -9 
252 75   1  6  0 -9 
252 95   1  7  0 -9 
252 123  -1  5  0 -9 
252 186  -1  5  0 -9 
252 192   1  6  0 -9 
252 233   1  3  0 -9 
252 235  -1  4  0 -9 
253 75   1  6  0 -9 
253 96   1  7  0 -9 
253 120  -1  5  0 -9 
253 123  -1  5  0 -9 
253 132   1  6  0 -9 
253 186  -1  5  0 -9 
253 192   1  6  0 -9 
253 215   1  3  0 -9 
253 234  -1  5  0 -9 
253 247   1  6  0 -9 
253 255  -1  5  0 -9 
254 97   1  7  0 -9 
254 124  -1  5  0 -9 
254 133   1  6  0 -9 
254 216   1  3  0 -9 
254 235  -1  5  0 -9 
254 256  -1  5  0 -9 
254 257   1  6  0 -9 
255 132   1  7  0 -9 
255 247   1  7  0 -9 
255 255  -1  6  0 -9 
256 133   1  7  0 -9 
256 256  -1  6  0 -9 
256 257   1  7  0 -9 
257 257   1  8  0 -9 
258 153   1  3  0 -9 
258 258   1  0  0 -9 
259 43   1  1  0 -9 
259 156   1  2  0 -9 
259 177  -1  0  0 -9 
259 188  -1  3  0 -9 
259 219   1 -1  0 -9 
259 230   1  2  0 -9 
259 259  -1 -2  0 -9 
259 261   1 -1  0 -9 
259 266  -1  0  0 -9 
260 44   1  1  0 -9 
260 153   1  2  0 -9 
260 157   1  2  0 -9 
260 178  -1  0  0 -9 
260 189  -1  3  0 -9 
260 220   1 -1  0 -9 
260 231   1  2  0 -9 
260 258   1 -1  0 -9 
260 260  -1 -2  0 -9 
260 262   1 -1  0 -9 
260 267  -1  0  0 -9 
261 156   1  3  0 -9 
261 188  -1  4  0 -9 
261 261   1  0  0 -9 
261 266  -1  1  0 -9 
261 270   1  2  0 -9 
262 157   1  3  0 -9 
262 189  -1  4  0 -9 
262 262   1  0  0 -9 
262 267  -1  1  0 -9 
262 271   1  2  0 -9 
263 47   1  1  0 -9 
263 75  -1  2  0 -9 
263 123   1  1  0 -9 
263 157   1  2  0 -9 
263 181  -1  0  0 -9 
263 186   1  1  0 -9 
263 189  -1  3  0 -9 
263 223   1 -1  0 -9 
263 228  -1  0  0 -9 
263 231   1  2  0 -9 
263 234  -1  3  0 -9 
263 247   1  4  0 -9 
263 262   1 -1  0 -9 
263 263  -1 -2  0 -9 
263 267  -1  0  0 -9 
263 268   1 -1  0 -9 
263 274   1  2  0 -9 
263 276  -1  3  0 -9 
264 48   1  1  0 -9 
264 94  -1  2  0 -9 
264 157   1  2  0 -9 
264 182  -1  0  0 -9 
264 189  -1  3  0 -9 
264 224   1 -1  0 -9 
264 230   1  1  0 -9 
264 232  -1  0  0 -9 
264 244  -1  0  0 -9 
264 251   1  1  0 -9 
264 262   1 -1  0 -9 
264 264  -1 -2  0 -9 
264 267  -1  0  0 -9 
264 270  -1  0  0 -9 
264 271   1  1  0 -9 
264 272   1 -1  0 -9 
265 49   1  1  0 -9 
265 95  -1  2  0 -9 
265 183  -1  0  0 -9 
265 192  -1  3  0 -9 
265 193   1  2  0 -9 
265 225   1 -1  0 -9 
265 233  -1  0  0 -9 
265 235  -1  3  0 -9 
265 245  -1  0  0 -9 
265 252   1  1  0 -9 
265 257   1  4  0 -9 
265 265  -1 -2  0 -9 
265 268  -1  0  0 -9 
265 269   1 -1  0 -9 
265 273   1 -1  0 -9 
265 274   1  1  0 -9 
265 275  -1  0  0 -9 
265 276  -1  2  0 -9 
265 277   1  1  0 -9 
266 230  -1  4  0 -9 
266 270   1  3  0 -9 
267 231  -1  4  0 -9 
267 271   1  3  0 -9 
268 234  -1  4  0 -9 
268 247   1  5  0 -9 
268 274   1  3  0 -9 
268 276  -1  4  0 -9 
269 192  -1  4  0 -9 
269 193   1  3  0 -9 
269 235  -1  4  0 -9 
269 257   1  5  0 -9 
269 268  -1  1  0 -9 
269 269   1  0  0 -9 
269 274   1  2  0 -9 
269 275  -1  1  0 -9 
269 276  -1  3  0 -9 
269 277   1  2  0 -9 
270 188   1  6  0 -9 
270 230  -1  5  0 -9 
270 266   1  3  0 -9 
271 189   1  6  0 -9 
271 231  -1  5  0 -9 
271 267   1  3  0 -9 
272 74   1  4  0 -9 
272 94  -1  3  0 -9 
272 122  -1  3  0 -9 
272 185  -1  3  0 -9 
272 188   1  5  0 -9 
272 227   1  2  0 -9 
272 230  -1  4  1  2  0 -9 
272 231  -1  3  0 -9 
272 232  -1  1  0 -9 
272 244  -1  1  0 -9 
272 251   1  2  0 -9 
272 266   1  2  0 -9 
272 267  -1  1  0 -9 
272 270  -1  1  0 -9 
272 271   1  2  0 -9 
272 272   1  0  0 -9 
273 75   1  4  0 -9 
273 95  -1  3  0 -9 
273 123  -1  3  0 -9 
273 186  -1  3  0 -9 
273 228   1  2  0 -9 
273 233  -1  1  0 -9 
273 234  -1  3  0 -9 
273 235  -1  4  1  2  0 -9 
273 245  -1  1  0 -9 
273 252   1  2  0 -9 
273 257   1  5  0 -9 
273 268  -1  1  0 -9 
273 273   1  0  0 -9 
273 274   1  2  0 -9 
273 275  -1  1  0 -9 
273 276  -1  3  0 -9 
273 277   1  2  0 -9 
274 192   1  6  0 -9 
274 234  -1  5  0 -9 
274 247   1  6  0 -9 
274 268   1  3  0 -9 
274 276  -1  5  0 -9 
275 235  -1  5  0 -9 
275 257   1  6  0 -9 
275 276  -1  4  0 -9 
275 277   1  3  0 -9 
276 247   1  7  0 -9 
276 276  -1  6  0 -9 
277 235  -1  4  0 -9 
277 247   1  6  0 -9 
277 275   1  3  0 -9 
277 276  -1  5  0 -9 
278 33   1  1  0 -9 
278 77  -1  0  0 -9 
278 278  -1 -2  0 -9 
278 284   1 -1  0 -9 
279 37   1  1  0 -9 
279 67  -1  2  0 -9 
279 81  -1  0  0 -9 
279 86   1  1  0 -9 
279 115   1  1  0 -9 
279 279  -1 -2  0 -9 
279 288   1 -1  0 -9 
279 293  -1  0  0 -9 
280 38   1  1  0 -9 
280 82  -1  0  0 -9 
280 87   1  1  0 -9 
280 92  -1  2  0 -9 
280 280  -1 -2  0 -9 
280 289   1 -1  0 -9 
280 294  -1  0  0 -9 
280 299   1  1  0 -9 
281 39   1  1  0 -9 
281 83  -1  0  0 -9 
281 88   1  1  0 -9 
281 93  -1  2  0 -9 
281 281  -1 -2  0 -9 
281 290   1 -1  0 -9 
281 295  -1  0  0 -9 
281 300   1  1  0 -9 
282 54  -1  0  0 -9 
282 102   1 -1  0 -9 
282 104  -1  0  0 -9 
282 125   1  1  0 -9 
282 282  -1 -2  0 -9 
282 305   1 -1  0 -9 
282 307  -1  0  0 -9 
283 72   1  1  0 -9 
283 89   1  1  0 -9 
283 91  -1  0  0 -9 
283 96  -1  2  0 -9 
283 105  -1  0  0 -9 
283 120  -1  2 -1  0  0 -9 
283 130   1  1  0 -9 
283 131  -1  2  0 -9 
283 132   1  3  0 -9 
283 283  -1 -2  0 -9 
283 296  -1  0  0 -9 
283 298   1 -1  0 -9 
283 303   1  1  0 -9 
283 306   1 -1  0 -9 
283 312  -1  0  0 -9 
283 313   1  1  0 -9 
283 314  -1  2  0 -9 
284 10   1  2  0 -9 
284 33   1  2  0 -9 
284 77  -1  1  0 -9 
284 284   1  0  0 -9 
285 34   1  2  0 -9 
285 78  -1  1  0 -9 
285 92  -1  4  0 -9 
285 285   1  0  0 -9 
285 299   1  3  0 -9 
286 35   1  2  0 -9 
286 79  -1  1  0 -9 
286 93  -1  4  0 -9 
286 286   1  0  0 -9 
286 300   1  3  0 -9 
287 36   1  2  0 -9 
287 80  -1  1  0 -9 
287 94  -1  4  0 -9 
287 287   1  0  0 -9 
287 301   1  3  0 -9 
288 11   1  2  0 -9 
288 37   1  2  0 -9 
288 67  -1  3  0 -9 
288 81  -1  1  0 -9 
288 86  -1  4  1  2  0 -9 
288 115   1  2  0 -9 
288 288   1  0  0 -9 
288 293  -1  1  0 -9 
288 307   1  2  0 -9 
289 12   1  2  0 -9 
289 38   1  2  0 -9 
289 82  -1  1  0 -9 
289 87  -1  4  1  2  0 -9 
289 92  -1  3  0 -9 
289 289   1  0  0 -9 
289 294  -1  1  0 -9 
289 299   1  2  0 -9 
289 308   1  2  0 -9 
290 13   1  2  0 -9 
290 39   1  2  0 -9 
290 83  -1  1  0 -9 
290 88  -1  4  1  2  0 -9 
290 93  -1  3  0 -9 
290 290   1  0  0 -9 
290 295  -1  1  0 -9 
290 300   1  2  0 -9 
290 309   1  2  0 -9 
291 40   1  2  0 -9 
291 75  -1  4  0 -9 
291 84  -1  1  0 -9 
291 89  -1  4  1  2  0 -9 
291 93  -1  4  0 -9 
291 96   1  5  0 -9 
291 123   1  3  0 -9 
291 291   1  0  0 -9 
291 296  -1  1  0 -9 
291 300   1  3  0 -9 
291 303  -1  4  0 -9 
291 310   1  2  0 -9 
291 314   1  5  0 -9 
292 41   1  2  0 -9 
292 85  -1  1  0 -9 
292 90  -1  4  1  2  0 -9 
292 95  -1  4  0 -9 
292 97   1  5  0 -9 
292 292   1  0  0 -9 
292 297  -1  1  0 -9 
292 302   1  3  0 -9 
292 304  -1  4  0 -9 
292 311   1  2  0 -9 
292 315   1  5  0 -9 
293 67   1  6  0 -9 
293 86  -1  5  0 -9 
293 115  -1  5  0 -9 
293 307   1  3  0 -9 
294 87  -1  5  0 -9 
294 92   1  6  0 -9 
294 299  -1  5  0 -9 
294 308   1  3  0 -9 
295 88  -1  5  0 -9 
295 93   1  6  0 -9 
295 300  -1  5  0 -9 
295 309   1  3  0 -9 
296 89  -1  5  0 -9 
296 96   1  6  0 -9 
296 303  -1  5  0 -9 
296 310   1  3  0 -9 
296 314   1  6  0 -9 
297 90  -1  5  0 -9 
297 97   1  6  0 -9 
297 304  -1  5  0 -9 
297 311   1  3  0 -9 
297 315   1  6  0 -9 
298 57   1  2  0 -9 
298 72   1  2  0 -9 
298 89  -1  4  1  2  0 -9 
298 91  -1  1  0 -9 
298 96  -1  3  0 -9 
298 105  -1  1  0 -9 
298 120  -1  5 -1  3 -1  1  0 -9 
298 130   1  2  0 -9 
298 131  -1  3  0 -9 
298 132   1  6  1  4  0 -9 
298 296  -1  1  0 -9 
298 298   1  0  0 -9 
298 303   1  2  0 -9 
298 310   1  2  0 -9 
298 312  -1  1  0 -9 
298 313   1  2  0 -9 
298 314  -1  3  0 -9 
299 92   1  7  0 -9 
299 299  -1  6  0 -9 
300 93   1  7  0 -9 
300 300  -1  6  0 -9 
301 94   1  7  0 -9 
301 301  -1  6  0 -9 
302 95   1  7  0 -9 
302 302  -1  6  0 -9 
303 96   1  7  0 -9 
303 303  -1  6  0 -9 
303 314   1  7  0 -9 
304 97   1  7  0 -9 
304 304  -1  6  0 -9 
304 315   1  7  0 -9 
305 67   1  4  0 -9 
305 86  -1  3  0 -9 
305 104  -1  1  0 -9 
305 115  -1  3  0 -9 
305 125   1  2  0 -9 
305 293   1  2  0 -9 
305 305   1  0  0 -9 
305 307  -1  1  0 -9 
306 105  -1  1  0 -9 
306 120  -1  3  0 -9 
306 130   1  2  0 -9 
306 131  -1  3  0 -9 
306 132   1  4  0 -9 
306 306   1  0  0 -9 
306 312  -1  1  0 -9 
306 313   1  2  0 -9 
306 314  -1  3  0 -9 
307 67   1  5  0 -9 
307 86  -1  4  0 -9 
307 115  -1  4  0 -9 
307 293   1  3  0 -9 
308 87  -1  4  0 -9 
308 92   1  5  0 -9 
308 294   1  3  0 -9 
308 299  -1  4  0 -9 
309 88  -1  4  0 -9 
309 93   1  5  0 -9 
309 295   1  3  0 -9 
309 300  -1  4  0 -9 
310 89  -1  4  0 -9 
310 96   1  5  0 -9 
310 296   1  3  0 -9 
310 303  -1  4  0 -9 
311 90  -1  4  0 -9 
311 97   1  5  0 -9 
311 297   1  3  0 -9 
311 304  -1  4  0 -9 
312 120  -1  4  0 -9 
312 131  -1  4  0 -9 
312 132   1  5  0 -9 
312 313   1  3  0 -9 
312 314  -1  4  0 -9 
313 120  -1  5  0 -9 
313 131  -1  5  0 -9 
313 132   1  6  0 -9 
313 312   1  3  0 -9 
313 314   1  7  0 -9 
314 314   1  8  0 -9 
315 315   1  8  0 -9 
316 67   1  3  0 -9 
316 86  -1  2  0 -9 
316 104  -1  0  0 -9 
316 115  -1  2 -1  0  0 -9 
316 125   1  1  0 -9 
316 293   1  1  0 -9 
316 305   1 -1  0 -9 
316 307  -1  0  0 -9 
316 316  -1 -2  0 -9 
316 318   1 -1  0 -9 
317 105  -1  0  0 -9 
317 120  -1  2 -1  0  0 -9 
317 130   1  1  0 -9 
317 131  -1  2  0 -9 
317 132   1  3  0 -9 
317 306   1 -1  0 -9 
317 312  -1  0  0 -9 
317 313   1  1  0 -9 
317 314  -1  2  0 -9 
317 317  -1 -2  0 -9 
317 323   1 -1  0 -9 
317 324  -1  0  0 -9 
317 325   1  1  0 -9 
318 67   1  6  1  4  0 -9 
318 86  -1  3  0 -9 
318 104  -1  1  0 -9 
318 115  -1  5 -1  3 -1  1  0 -9 
318 125   1  2  0 -9 
318 293   1  2  0 -9 
318 307  -1  1  0 -9 
318 318   1  0  0 -9 
319 73   1  5  0 -9 
319 87  -1  3  0 -9 
319 116  -1  1  0 -9 
319 121  -1  4  0 -9 
319 126   1  2  0 -9 
319 294   1  2  0 -9 
319 308  -1  1  0 -9 
319 319   1  0  0 -9 
320 67   1  5  0 -9 
320 74   1  5  0 -9 
320 88  -1  3  0 -9 
320 115  -1  4  0 -9 
320 117  -1  1  0 -9 
320 122  -1  4  0 -9 
320 127   1  2  0 -9 
320 295   1  2  0 -9 
320 309  -1  1  0 -9 
320 320   1  0  0 -9 
321 75   1  5  0 -9 
321 89  -1  3  0 -9 
321 118  -1  1  0 -9 
321 120  -1  4  0 -9 
321 123  -1  4  0 -9 
321 128   1  2  0 -9 
321 132   1  5  0 -9 
321 296   1  2  0 -9 
321 310  -1  1  0 -9 
321 314  -1  4  0 -9 
321 321   1  0  0 -9 
321 325   1  3  0 -9 
322 90  -1  3  0 -9 
322 119  -1  1  0 -9 
322 124  -1  4  0 -9 
322 129   1  2  0 -9 
322 133   1  5  0 -9 
322 297   1  2  0 -9 
322 311  -1  1  0 -9 
322 315  -1  4  0 -9 
322 322   1  0  0 -9 
322 326   1  3  0 -9 
323 105  -1  1  0 -9 
323 120  -1  5 -1  3 -1  1  0 -9 
323 130   1  2  0 -9 
323 131  -1  3  0 -9 
323 132   1  6  1  4  0 -9 
323 312  -1  1  0 -9 
323 313   1  2  0 -9 
323 314  -1  3  0 -9 
323 323   1  0  0 -9 
323 324  -1  1  0 -9 
323 325   1  2  0 -9 
323 327   1  2  0 -9 
324 314   1  6  0 -9 
324 325  -1  5  0 -9 
324 327   1  3  0 -9 
325 314   1  7  0 -9 
325 325  -1  6  0 -9 
326 315   1  7  0 -9 
326 326  -1  6  0 -9 
327 324   1  3  0 -9 
327 325  -1  4  0 -9 
328 33   1  2  0 -9 
328 58  -1  0  0 -9 
328 106   1 -1  0 -9 
328 328  -1 -2  0 -9 
328 337   1 -1  0 -9 
329 37   1  2  0 -9 
329 59  -1  0  0 -9 
329 67  -1  3  0 -9 
329 107   1 -1  0 -9 
329 115   1  2  0 -9 
329 329  -1 -2  0 -9 
329 341   1 -1  0 -9 
329 346  -1  0  0 -9 
330 42   1  2  0 -9 
330 60  -1  0  0 -9 
330 108   1 -1  0 -9 
330 330  -1 -2  0 -9 
330 352   1 -1  0 -9 
331 45   1  2  0 -9 
331 61  -1  0  0 -9 
331 73  -1  3  0 -9 
331 109   1 -1  0 -9 
331 121   1  2  0 -9 
331 331  -1 -2  0 -9 
331 355   1 -1  0 -9 
331 360  -1  0  0 -9 
331 364   1  1  0 -9 
332 46   1  2  0 -9 
332 62  -1  0  0 -9 
332 74  -1  3  0 -9 
332 110   1 -1  0 -9 
332 122   1  2  0 -9 
332 332  -1 -2  0 -9 
332 356   1 -1  0 -9 
332 361  -1  0  0 -9 
332 365   1  1  0 -9 
333 38   1  2  0 -9 
333 63  -1  0  0 -9 
333 92  -1  3  0 -9 
333 111   1 -1  0 -9 
333 116  -1  0  0 -9 
333 121   1  1  0 -9 
333 126   1  1  0 -9 
333 308  -1  0  0 -9 
333 333  -1 -2  0 -9 
333 342   1 -1  0 -9 
333 347  -1  0  0 -9 
333 371   1 -1  0 -9 
333 377  -1  0  0 -9 
333 383   1  1  0 -9 
334 39   1  2  0 -9 
334 64  -1  0  0 -9 
334 93  -1  3  0 -9 
334 112   1 -1  0 -9 
334 115   1  1  0 -9 
334 117  -1  0  0 -9 
334 122   1  1  0 -9 
334 127   1  1  0 -9 
334 309  -1  0  0 -9 
334 334  -1 -2  0 -9 
334 343   1 -1  0 -9 
334 348  -1  0  0 -9 
334 370  -1  0  0 -9 
334 372   1 -1  0 -9 
334 378  -1  0  0 -9 
334 384   1  1  0 -9 
335 65  -1  0  0 -9 
335 72   1  2  0 -9 
335 96  -1  3  0 -9 
335 113   1 -1  0 -9 
335 118  -1  0  0 -9 
335 120  -1  3  0 -9 
335 123   1  1  0 -9 
335 128   1  1  0 -9 
335 132   1  4  0 -9 
335 310  -1  0  0 -9 
335 335  -1 -2  0 -9 
335 349  -1  0  0 -9 
335 351   1 -1  0 -9 
335 373   1 -1  0 -9 
335 375  -1  0  0 -9 
335 376   1  1  0 -9 
335 379  -1  0  0 -9 
335 387   1  1  0 -9 
335 389  -1  2  0 -9 
336 66  -1  0  0 -9 
336 75  -1  3  0 -9 
336 76   1  2  0 -9 
336 97  -1  3  0 -9 
336 114   1 -1  0 -9 
336 119  -1  0  0 -9 
336 123   1  2  0 -9 
336 124  -1  3  0 -9 
336 129   1  1  0 -9 
336 133   1  4  0 -9 
336 311  -1  0  0 -9 
336 336  -1 -2  0 -9 
336 350  -1  0  0 -9 
336 362  -1  0  0 -9 
336 363   1 -1  0 -9 
336 368   1  1  0 -9 
336 369  -1  2 -1  0  0 -9 
336 374   1 -1  0 -9 
336 380  -1  0  0 -9 
336 381  -1  2  0 -9 
336 382   1  1  0 -9 
336 388   1  1  0 -9 
336 390  -1  2  0 -9 
336 391   1  3  0 -9 
337 33   1  3  0 -9 
337 337   1  0  0 -9 
338 38   1  2  0 -9 
338 43   1  2  0 -9 
338 78  -1  0  0 -9 
338 92  -1  3  0 -9 
338 285   1 -1  0 -9 
338 299   1  2  0 -9 
338 338  -1 -2  0 -9 
338 342   1 -1  0 -9 
338 347  -1  0  0 -9 
338 353   1 -1  0 -9 
338 364   1  2  0 -9 
339 33   1  2  0 -9 
339 39   1  2  0 -9 
339 44   1  2  0 -9 
339 79  -1  0  0 -9 
339 93  -1  3  0 -9 
339 286   1 -1  0 -9 
339 300   1  2  0 -9 
339 337   1 -1  0 -9 
339 339  -1 -2  0 -9 
339 343   1 -1  0 -9 
339 348  -1  0  0 -9 
339 354   1 -1  0 -9 
339 365   1  2  0 -9 
340 48   1  2  0 -9 
340 80  -1  0  0 -9 
340 94  -1  3  0 -9 
340 287   1 -1  0 -9 
340 301   1  2  0 -9 
340 340  -1 -2  0 -9 
340 358   1 -1  0 -9 
340 364   1  1  0 -9 
340 366  -1  0  0 -9 
341 37   1  3  0 -9 
341 67  -1  4  0 -9 
341 341   1  0  0 -9 
341 346  -1  1  0 -9 
341 370   1  2  0 -9 
342 38   1  3  0 -9 
342 92  -1  4  0 -9 
342 342   1  0  0 -9 
342 347  -1  1  0 -9 
342 383   1  2  0 -9 
343 39   1  3  0 -9 
343 93  -1  4  0 -9 
343 343   1  0  0 -9 
343 348  -1  1  0 -9 
343 384   1  2  0 -9 
344 39   1  2  0 -9 
344 47   1  2  0 -9 
344 75  -1  3  0 -9 
344 84  -1  0  0 -9 
344 89   1  1  0 -9 
344 93  -1  3  0 -9 
344 123   1  2  0 -9 
344 291   1 -1  0 -9 
344 296  -1  0  0 -9 
344 300   1  2  0 -9 
344 303  -1  3  0 -9 
344 314   1  4  0 -9 
344 343   1 -1  0 -9 
344 344  -1 -2  0 -9 
344 348  -1  0  0 -9 
344 349   1 -1  0 -9 
344 357   1 -1  0 -9 
344 362  -1  0  0 -9 
344 365   1  2  0 -9 
344 368  -1  3  0 -9 
344 381   1  4  0 -9 
344 387   1  2  0 -9 
344 389  -1  3  0 -9 
345 49   1  2  0 -9 
345 85  -1  0  0 -9 
345 90   1  1  0 -9 
345 95  -1  3  0 -9 
345 292   1 -1  0 -9 
345 297  -1  0  0 -9 
345 302   1  2  0 -9 
345 304  -1  3  0 -9 
345 315   1  4  0 -9 
345 345  -1 -2  0 -9 
345 350   1 -1  0 -9 
345 359   1 -1  0 -9 
345 367  -1  0  0 -9 
345 369  -1  3  0 -9 
345 388   1  2  0 -9 
345 390  -1  3  0 -9 
345 391   1  4  0 -9 
346 115  -1  4  0 -9 
346 370   1  3  0 -9 
347 299  -1  4  0 -9 
347 364  -1  4  0 -9 
347 383   1  3  0 -9 
348 300  -1  4  0 -9 
348 365  -1  4  0 -9 
348 384   1  3  0 -9 
349 303  -1  4  0 -9 
349 314   1  5  0 -9 
349 368  -1  4  0 -9 
349 381   1  5  0 -9 
349 387   1  3  0 -9 
349 389  -1  4  0 -9 
350 304  -1  4  0 -9 
350 315   1  5  0 -9 
350 369  -1  4  0 -9 
350 388   1  3  0 -9 
350 390  -1  4  0 -9 
350 391   1  5  0 -9 
351 72   1  3  0 -9 
351 96  -1  4  0 -9 
351 120  -1  4  0 -9 
351 132   1  5  0 -9 
351 349  -1  1  0 -9 
351 351   1  0  0 -9 
351 375  -1  1  0 -9 
351 376   1  2  0 -9 
351 387   1  2  0 -9 
351 389  -1  3  0 -9 
352 42   1  3  0 -9 
352 352   1  0  0 -9 
353 43   1  3  0 -9 
353 353   1  0  0 -9 
353 364   1  3  0 -9 
354 44   1  3  0 -9 
354 354   1  0  0 -9 
354 365   1  3  0 -9 
355 45   1  3  0 -9 
355 73  -1  4  0 -9 
355 355   1  0  0 -9 
355 360  -1  1  0 -9 
355 364   1  2  0 -9 
355 377   1  2  0 -9 
356 46   1  3  0 -9 
356 74  -1  4  0 -9 
356 356   1  0  0 -9 
356 361  -1  1  0 -9 
356 365   1  2  0 -9 
356 378   1  2  0 -9 
357 47   1  3  0 -9 
357 75  -1  4  0 -9 
357 357   1  0  0 -9 
357 362  -1  1  0 -9 
357 365   1  3  0 -9 
357 368  -1  4  0 -9 
357 379   1  2  0 -9 
357 381   1  5  0 -9 
358 48   1  3  0 -9 
358 94  -1  4  0 -9 
358 358   1  0  0 -9 
358 364   1  2  0 -9 
358 366  -1  1  0 -9 
358 385   1  2  0 -9 
359 49   1  3  0 -9 
359 95  -1  4  0 -9 
359 359   1  0  0 -9 
359 367  -1  1  0 -9 
359 369  -1  4  0 -9 
359 386   1  2  0 -9 
359 391   1  5  0 -9 
360 121  -1  4  0 -9 
360 364  -1  5  0 -9 
360 377   1  3  0 -9 
361 122  -1  4  0 -9 
361 365  -1  5  0 -9 
361 378   1  3  0 -9 
362 123  -1  4  0 -9 
362 368  -1  5  0 -9 
362 379   1  3  0 -9 
362 381   1  6  0 -9 
363 75  -1  4  0 -9 
363 76   1  3  0 -9 
363 97  -1  4  0 -9 
363 124  -1  4  0 -9 
363 133   1  5  0 -9 
363 350  -1  1  0 -9 
363 362  -1  1  0 -9 
363 363   1  0  0 -9 
363 368   1  2  0 -9 
363 369  -1  5 -1  3 -1  1  0 -9 
363 379   1  2  0 -9 
363 380  -1  1  0 -9 
363 381  -1  3  0 -9 
363 382   1  2  0 -9 
363 388   1  2  0 -9 
363 390  -1  3  0 -9 
363 391   1  6  1  4  0 -9 
364 364  -1  6  0 -9 
365 365  -1  6  0 -9 
366 301  -1  4  0 -9 
366 364  -1  5  0 -9 
366 385   1  3  0 -9 
367 302  -1  4  0 -9 
367 369  -1  5  0 -9 
367 386   1  3  0 -9 
367 391   1  6  0 -9 
368 368  -1  6  0 -9 
368 381   1  7  0 -9 
369 369  -1  6  0 -9 
369 391   1  7  0 -9 
370 67   1  6  0 -9 
370 115  -1  5  0 -9 
370 346   1  3  0 -9 
371 73   1  5  0 -9 
371 87  -1  3  0 -9 
371 116  -1  1  0 -9 
371 121  -1  4  1  2  0 -9 
371 126   1  2  0 -9 
371 294   1  2  0 -9 
371 299  -1  3  0 -9 
371 308  -1  1  0 -9 
371 347  -1  1  0 -9 
371 360   1  2  0 -9 
371 364  -1  3  0 -9 
371 371   1  0  0 -9 
371 377  -1  1  0 -9 
371 383   1  2  0 -9 
372 67   1  5  0 -9 
372 74   1  5  0 -9 
372 88  -1  3  0 -9 
372 115  -1  4  1  2  0 -9 
372 117  -1  1  0 -9 
372 122  -1  4  1  2  0 -9 
372 127   1  2  0 -9 
372 295   1  2  0 -9 
372 300  -1  3  0 -9 
372 309  -1  1  0 -9 
372 346   1  2  0 -9 
372 348  -1  1  0 -9 
372 361   1  2  0 -9 
372 365  -1  3  0 -9 
372 370  -1  1  0 -9 
372 372   1  0  0 -9 
372 378  -1  1  0 -9 
372 384   1  2  0 -9 
373 75   1  5  0 -9 
373 89  -1  3  0 -9 
373 118  -1  1  0 -9 
373 120  -1  4  1  2  0 -9 
373 123  -1  4  1  2  0 -9 
373 128   1  2  0 -9 
373 132   1  5  0 -9 
373 296   1  2  0 -9 
373 303  -1  3  0 -9 
373 310  -1  1  0 -9 
373 349  -1  1  0 -9 
373 362   1  2  0 -9 
373 368  -1  3  0 -9 
373 373   1  0  0 -9 
373 375  -1  1  0 -9 
373 376   1  2  0 -9 
373 379  -1  1  0 -9 
373 387   1  2  0 -9 
373 389  -1  3  0 -9 
374 90  -1  3  0 -9 
374 119  -1  1  0 -9 
374 124  -1  4  1  2  0 -9 
374 129   1  2  0 -9 
374 133   1  5  0 -9 
374 297   1  2  0 -9 
374 304  -1  3  0 -9 
374 311  -1  1  0 -9 
374 350  -1  1  0 -9 
374 369  -1  3  0 -9 
374 374   1  0  0 -9 
374 380  -1  1  0 -9 
374 381  -1  3  0 -9 
374 382   1  2  0 -9 
374 388   1  2  0 -9 
374 390  -1  3  0 -9 
374 391   1  4  0 -9 
375 120  -1  5  0 -9 
375 132   1  6  0 -9 
375 376   1  3  0 -9 
375 389  -1  4  0 -9 
376 120  -1  4  0 -9 
376 314   1  6  0 -9 
376 375   1  3  0 -9 
376 381   1  6  0 -9 
376 389  -1  5  0 -9 
377 73   1  6  0 -9 
377 121  -1  5  0 -9 
377 360   1  3  0 -9 
377 364  -1  4  0 -9 
378 74   1  6  0 -9 
378 122  -1  5  0 -9 
378 361   1  3  0 -9 
378 365  -1  4  0 -9 
379 75   1  6  0 -9 
379 123  -1  5  0 -9 
379 362   1  3  0 -9 
379 368  -1  4  0 -9 
380 124  -1  5  0 -9 
380 133   1  6  0 -9 
380 369  -1  4  0 -9 
380 381  -1  4  0 -9 
380 382   1  3  0 -9 
380 390  -1  4  0 -9 
380 391   1  5  0 -9 
381 381   1  8  0 -9 
382 124  -1  4  0 -9 
382 315   1  6  0 -9 
382 369  -1  5  0 -9 
382 380   1  3  0 -9 
382 381   1  7  0 -9 
382 390  -1  5  0 -9 
382 391   1  6  0 -9 
383 92   1  6  0 -9 
383 299  -1  5  0 -9 
383 347   1  3  0 -9 
383 364  -1  5  0 -9 
384 93   1  6  0 -9 
384 300  -1  5  0 -9 
384 348   1  3  0 -9 
384 365  -1  5  0 -9 
385 94   1  6  0 -9 
385 301  -1  5  0 -9 
385 364  -1  4  0 -9 
385 366   1  3  0 -9 
386 95   1  6  0 -9 
386 302  -1  5  0 -9 
386 367   1  3  0 -9 
386 369  -1  4  0 -9 
387 96   1  6  0 -9 
387 303  -1  5  0 -9 
387 314   1  6  0 -9 
387 349   1  3  0 -9 
387 368  -1  5  0 -9 
387 381   1  6  0 -9 
387 389  -1  5  0 -9 
388 97   1  6  0 -9 
388 304  -1  5  0 -9 
388 315   1  6  0 -9 
388 350   1  3  0 -9 
388 369  -1  5  0 -9 
388 390  -1  5  0 -9 
388 391   1  6  0 -9 
389 314   1  7  0 -9 
389 381   1  7  0 -9 
389 389  -1  6  0 -9 
390 315   1  7  0 -9 
390 390  -1  6  0 -9 
390 391   1  7  0 -9 
391 391   1  8  0 -9 
392 67   1  5  0 -9 
392 115  -1  4  0 -9 
392 346   1  2  0 -9 
392 370  -1  1  0 -9 
392 392   1  0  0 -9 
393 73   1  4  0 -9 
393 87  -1  2  0 -9 
393 116  -1  0  0 -9 
393 121  -1  3  0 -9 
393 126   1  1  0 -9 
393 294   1  1  0 -9 
393 308  -1  0  0 -9 
393 319   1 -1  0 -9 
393 347  -1  0  0 -9 
393 360   1  1  0 -9 
393 371   1 -1  0 -9 
393 377  -1  0  0 -9 
393 393  -1 -2  0 -9 
393 399   1 -1  0 -9 
394 67   1  4  0 -9 
394 74   1  4  0 -9 
394 88  -1  2  0 -9 
394 115  -1  3  0 -9 
394 117  -1  0  0 -9 
394 122  -1  3  0 -9 
394 127   1  1  0 -9 
394 295   1  1  0 -9 
394 309  -1  0  0 -9 
394 320   1 -1  0 -9 
394 346   1  1  0 -9 
394 348  -1  0  0 -9 
394 361   1  1  0 -9 
394 370  -1  0  0 -9 
394 372   1 -1  0 -9 
394 378  -1  0  0 -9 
394 392   1 -1  0 -9 
394 394  -1 -2  0 -9 
394 400   1 -1  0 -9 
395 75   1  4  0 -9 
395 89  -1  2  0 -9 
395 118  -1  0  0 -9 
395 120  -1  3  0 -9 
395 123  -1  3  0 -9 
395 128   1  1  0 -9 
395 132   1  4  0 -9 
395 296   1  1  0 -9 
395 310  -1  0  0 -9 
395 314  -1  3  0 -9 
395 321   1 -1  0 -9 
395 325   1  2  0 -9 
395 349  -1  0  0 -9 
395 362   1  1  0 -9 
395 373   1 -1  0 -9 
395 375  -1  0  0 -9 
395 376   1  1  0 -9 
395 379  -1  0  0 -9 
395 381  -1  3  0 -9 
395 395  -1 -2  0 -9 
395 397   1 -1  0 -9 
395 398  -1  0  0 -9 
395 401   1 -1  0 -9 
395 403   1  2  0 -9 
396 90  -1  2  0 -9 
396 119  -1  0  0 -9 
396 124  -1  3  0 -9 
396 129   1  1  0 -9 
396 133   1  4  0 -9 
396 297   1  1  0 -9 
396 311  -1  0  0 -9 
396 315  -1  3  0 -9 
396 322   1 -1  0 -9 
396 326   1  2  0 -9 
396 350  -1  0  0 -9 
396 374   1 -1  0 -9 
396 380  -1  0  0 -9 
396 381  -1  2  0 -9 
396 382   1  1  0 -9 
396 396  -1 -2  0 -9 
396 402   1 -1  0 -9 
396 403   1  1  0 -9 
396 404  -1  0  0 -9 
397 120  -1  4  0 -9 
397 132   1  5  0 -9 
397 375  -1  1  0 -9 
397 376   1  2  0 -9 
397 389  -1  3  0 -9 
397 397   1  0  0 -9 
397 398  -1  1  0 -9 
397 405   1  2  0 -9 
398 314   1  5  0 -9 
398 325  -1  4  0 -9 
398 381   1  5  0 -9 
398 389  -1  4  0 -9 
398 403  -1  4  0 -9 
398 405   1  3  0 -9 
399 73   1  5  0 -9 
399 121  -1  4  0 -9 
399 360   1  2  0 -9 
399 377  -1  1  0 -9 
399 399   1  0  0 -9 
400 74   1  5  0 -9 
400 122  -1  4  0 -9 
400 361   1  2  0 -9 
400 378  -1  1  0 -9 
400 400   1  0  0 -9 
401 75   1  5  0 -9 
401 123  -1  4  0 -9 
401 362   1  2  0 -9 
401 379  -1  1  0 -9 
401 381  -1  4  0 -9 
401 401   1  0  0 -9 
401 403   1  3  0 -9 
402 124  -1  4  0 -9 
402 133   1  5  0 -9 
402 380  -1  1  0 -9 
402 381  -1  3  0 -9 
402 382   1  2  0 -9 
402 390  -1  3  0 -9 
402 402   1  0  0 -9 
402 403   1  2  0 -9 
402 404  -1  1  0 -9 
402 406   1  2  0 -9 
403 381   1  7  0 -9 
403 403  -1  6  0 -9 
404 315   1  5  0 -9 
404 326  -1  4  0 -9 
404 381   1  6  0 -9 
404 390  -1  4  0 -9 
404 403  -1  5  0 -9 
404 406   1  3  0 -9 
405 314   1  6  0 -9 
405 325  -1  5  0 -9 
405 381   1  6  0 -9 
405 389  -1  5  0 -9 
405 398   1  3  0 -9 
405 403  -1  5  0 -9 
406 315   1  6  0 -9 
406 326  -1  5  0 -9 
406 390  -1  5  0 -9 
406 391   1  6  0 -9 
406 403  -1  4  0 -9 
406 404   1  3  0 -9 
407 67   1  4  0 -9 
407 115  -1  3  0 -9 
407 170  -1  3  0 -9 
407 212   1  2  0 -9 
407 236   1 -1  0 -9 
407 370  -1  0  0 -9 
407 392   1 -1  0 -9 
407 407  -1 -2  0 -9 
408 73   1  3  0 -9 
408 92  -1  2  0 -9 
408 121  -1  2 -1  0  0 -9 
408 184  -1  2  0 -9 
408 188   1  3  0 -9 
408 213  -1  0  0 -9 
408 226   1  1  0 -9 
408 230  -1  2 -1  0  0 -9 
408 237   1 -1  0 -9 
408 243  -1  0  0 -9 
408 249   1  1  0 -9 
408 299   1  1  0 -9 
408 364   1  1  0 -9 
408 383  -1  0  0 -9 
408 408  -1 -2  0 -9 
408 413   1 -1  0 -9 
409 67   1  3  0 -9 
409 74   1  3  0 -9 
409 93  -1  2  0 -9 
409 115  -1  2 -1  0  0 -9 
409 122  -1  2 -1  0  0 -9 
409 170  -1  2  0 -9 
409 185  -1  2  0 -9 
409 189   1  3  0 -9 
409 212   1  1  0 -9 
409 214  -1  0  0 -9 
409 227   1  1  0 -9 
409 231  -1  2 -1  0  0 -9 
409 236  -1  0  0 -9 
409 238   1 -1  0 -9 
409 244  -1  0  0 -9 
409 250   1  1  0 -9 
409 300   1  1  0 -9 
409 365   1  1  0 -9 
409 384  -1  0  0 -9 
409 409  -1 -2  0 -9 
409 414   1 -1  0 -9 
410 75   1  3  0 -9 
410 96  -1  2  0 -9 
410 120  -1  2 -1  0  0 -9 
410 123  -1  2 -1  0  0 -9 
410 132   1  3  0 -9 
410 186  -1  2  0 -9 
410 192   1  3  0 -9 
410 215  -1  0  0 -9 
410 228   1  1  0 -9 
410 234  -1  2 -1  0  0 -9 
410 239   1 -1  0 -9 
410 241  -1  0  0 -9 
410 242   1  1  0 -9 
410 245  -1  0  0 -9 
410 247   1  1  0 -9 
410 253   1  1  0 -9 
410 255  -1  2  0 -9 
410 303   1  1  0 -9 
410 314  -1  2  0 -9 
410 325   1  1  0 -9 
410 368   1  1  0 -9 
410 381  -1  2  0 -9 
410 387  -1  0  0 -9 
410 389   1  1  0 -9 
410 403   1  1  0 -9 
410 410  -1 -2  0 -9 
410 417   1 -1  0 -9 
410 419  -1  0  0 -9 
411 97  -1  2  0 -9 
411 124  -1  2 -1  0  0 -9 
411 133   1  3  0 -9 
411 216  -1  0  0 -9 
411 235  -1  2 -1  0  0 -9 
411 240   1 -1  0 -9 
411 246  -1  0  0 -9 
411 247  -1  2  0 -9 
411 248   1  1  0 -9 
411 254   1  1  0 -9 
411 256  -1  2  0 -9 
411 257   1  3  0 -9 
411 304   1  1  0 -9 
411 315  -1  2  0 -9 
411 326   1  1  0 -9 
411 369   1  1  0 -9 
411 388  -1  0  0 -9 
411 390   1  1  0 -9 
411 391  -1  2  0 -9 
411 411  -1 -2  0 -9 
411 418   1 -1  0 -9 
411 420  -1  0  0 -9 
411 421   1  1  0 -9 
412 120  -1  3  0 -9 
412 132   1  4  0 -9 
412 241   1 -1  0 -9 
412 242   1  2  0 -9 
412 255  -1  3  0 -9 
412 375  -1  0  0 -9 
412 397   1 -1  0 -9 
412 398  -1  0  0 -9 
412 405   1  1  0 -9 
412 412  -1 -2  0 -9 
412 422   1 -1  0 -9 
412 423  -1  0  0 -9 
413 73   1  6  1  4  0 -9 
413 92  -1  3  0 -9 
413 121  -1  5 -1  3 -1  1  0 -9 
413 184  -1  3  0 -9 
413 188   1  6  1  4  0 -9 
413 213  -1  1  0 -9 
413 226   1  2  0 -9 
413 230  -1  5 -1  3 -1  1  0 -9 
413 243  -1  1  0 -9 
413 249   1  2  0 -9 
413 299   1  2  0 -9 
413 347   1  2  0 -9 
413 364   1  2  0 -9 
413 383  -1  1  0 -9 
413 413   1  0  0 -9 
414 67   1  6  1  4  0 -9 
414 74   1  6  1  4  0 -9 
414 93  -1  3  0 -9 
414 115  -1  5 -1  3 -1  1  0 -9 
414 122  -1  5 -1  3 -1  1  0 -9 
414 170  -1  3  0 -9 
414 185  -1  3  0 -9 
414 189   1  6  1  4  0 -9 
414 212   1  2  0 -9 
414 214  -1  1  0 -9 
414 227   1  2  0 -9 
414 231  -1  5 -1  3 -1  1  0 -9 
414 236  -1  1  0 -9 
414 244  -1  1  0 -9 
414 250   1  2  0 -9 
414 300   1  2  0 -9 
414 348   1  2  0 -9 
414 365   1  2  0 -9 
414 384  -1  1  0 -9 
414 414   1  0  0 -9 
415 74   1  6  1  4  0 -9 
415 94  -1  3  0 -9 
415 122  -1  5 -1  3 -1  1  0 -9 
415 185  -1  3  0 -9 
415 188   1  5  0 -9 
415 227   1  2  0 -9 
415 230  -1  4  0 -9 
415 232  -1  1  0 -9 
415 244  -1  1  0 -9 
415 251   1  2  0 -9 
415 301   1  2  0 -9 
415 366   1  2  0 -9 
415 385  -1  1  0 -9 
415 415   1  0  0 -9 
416 75   1  6  1  4  0 -9 
416 95  -1  3  0 -9 
416 123  -1  5 -1  3 -1  1  0 -9 
416 186  -1  3  0 -9 
416 228   1  2  0 -9 
416 233  -1  1  0 -9 
416 235  -1  4  0 -9 
416 245  -1  1  0 -9 
416 247  -1  4  0 -9 
416 252   1  2  0 -9 
416 257   1  5  0 -9 
416 302   1  2  0 -9 
416 367   1  2  0 -9 
416 386  -1  1  0 -9 
416 391  -1  4  0 -9 
416 416   1  0  0 -9 
416 421   1  3  0 -9 
417 75   1  6  1  4  0 -9 
417 96  -1  3  0 -9 
417 120  -1  5 -1  3 -1  1  0 -9 
417 123  -1  5 -1  3 -1  1  0 -9 
417 132   1  6  1  4  0 -9 
417 186  -1  3  0 -9 
417 192   1  6  1  4  0 -9 
417 215  -1  1  0 -9 
417 228   1  2  0 -9 
417 234  -1  5 -1  3 -1  1  0 -9 
417 241  -1  1  0 -9 
417 242   1  2  0 -9 
417 245  -1  1  0 -9 
417 247   1  6  1  2  0 -9 
417 253   1  2  0 -9 
417 255  -1  3  0 -9 
417 303   1  2  0 -9 
417 314  -1  3  0 -9 
417 325   1  2  0 -9 
417 349   1  2  0 -9 
417 368   1  2  0 -9 
417 381  -1  3  0 -9 
417 387  -1  1  0 -9 
417 389  -1  4  1  2  0 -9 
417 403   1  2  0 -9 
417 417   1  0  0 -9 
417 419  -1  1  0 -9 
417 423   1  2  0 -9 
418 97  -1  3  0 -9 
418 124  -1  5 -1  3 -1  1  0 -9 
418 133   1  6  1  4  0 -9 
418 216  -1  1  0 -9 
418 235  -1  5 -1  3 -1  1  0 -9 
418 246  -1  1  0 -9 
418 247  -1  3  0 -9 
418 248   1  2  0 -9 
418 254   1  2  0 -9 
418 256  -1  3  0 -9 
418 257   1  6  1  4  0 -9 
418 304   1  2  0 -9 
418 315  -1  3  0 -9 
418 326   1  2  0 -9 
418 350   1  2  0 -9 
418 369   1  2  0 -9 
418 388  -1  1  0 -9 
418 390  -1  4  1  2  0 -9 
418 391  -1  3  0 -9 
418 418   1  0  0 -9 
418 420  -1  1  0 -9 
418 421   1  2  0 -9 
418 424   1  2  0 -9 
419 247   1  7  0 -9 
419 314   1  6  0 -9 
419 325  -1  5  0 -9 
419 381   1  6  0 -9 
419 389  -1  5  0 -9 
419 403  -1  5  0 -9 
419 423   1  3  0 -9 
420 247   1  6  0 -9 
420 315   1  6  0 -9 
420 326  -1  5  0 -9 
420 390  -1  5  0 -9 
420 391   1  6  0 -9 
420 421  -1  5  0 -9 
420 424   1  3  0 -9 
421 247   1  7  0 -9 
421 391   1  7  0 -9 
421 421  -1  6  0 -9 
422 247  -1  3  0 -9 
422 314   1  4  0 -9 
422 325  -1  3  0 -9 
422 381   1  4  0 -9 
422 389  -1  3  0 -9 
422 398  -1  1  0 -9 
422 403  -1  3  0 -9 
422 405   1  2  0 -9 
422 419   1  2  0 -9 
422 422   1  0  0 -9 
422 423  -1  1  0 -9 
423 247  -1  4  0 -9 
423 314   1  5  0 -9 
423 325  -1  4  0 -9 
423 381   1  5  0 -9 
423 389  -1  4  0 -9 
423 403  -1  4  0 -9 
423 419   1  3  0 -9 
424 315   1  5  0 -9 
424 326  -1  4  0 -9 
424 390  -1  4  0 -9 
424 391   1  5  0 -9 
424 420   1  3  0 -9 
424 421  -1  4  0 -9 
425 73   1  4  0 -9 
425 121  -1  3  0 -9 
425 184  -1  3  0 -9 
425 188   1  4  0 -9 
425 226   1  2  0 -9 
425 230  -1  3  0 -9 
425 243   1 -1  0 -9 
425 270  -1  0  0 -9 
425 364   1  2  0 -9 
425 377  -1  0  0 -9 
425 399   1 -1  0 -9 
425 425  -1 -2  0 -9 
425 429   1 -1  0 -9 
426 74   1  4  0 -9 
426 122  -1  3  0 -9 
426 185  -1  3  0 -9 
426 189   1  4  0 -9 
426 227   1  2  0 -9 
426 231  -1  3  0 -9 
426 244   1 -1  0 -9 
426 271  -1  0  0 -9 
426 365   1  2  0 -9 
426 378  -1  0  0 -9 
426 400   1 -1  0 -9 
426 426  -1 -2  0 -9 
426 430   1 -1  0 -9 
427 75   1  4  0 -9 
427 123  -1  3  0 -9 
427 186  -1  3  0 -9 
427 192   1  4  0 -9 
427 228   1  2  0 -9 
427 234  -1  3  0 -9 
427 245   1 -1  0 -9 
427 274  -1  0  0 -9 
427 276   1  1  0 -9 
427 368   1  2  0 -9 
427 379  -1  0  0 -9 
427 381  -1  3  0 -9 
427 401   1 -1  0 -9 
427 403   1  2  0 -9 
427 427  -1 -2  0 -9 
427 433   1 -1  0 -9 
427 435  -1  0  0 -9 
428 124  -1  3  0 -9 
428 133   1  4  0 -9 
428 235  -1  3  0 -9 
428 246   1 -1  0 -9 
428 247  -1  3  0 -9 
428 248   1  2  0 -9 
428 256  -1  3  0 -9 
428 257   1  4  0 -9 
428 275  -1  0  0 -9 
428 369   1  2  0 -9 
428 380  -1  0  0 -9 
428 391  -1  3  0 -9 
428 402   1 -1  0 -9 
428 403   1  1  0 -9 
428 404  -1  0  0 -9 
428 406   1  1  0 -9 
428 424  -1  0  0 -9 
428 428  -1 -2  0 -9 
428 434   1 -1  0 -9 
428 436  -1  0  0 -9 
428 437  -1  0  0 -9 
428 438   1 -1  0 -9 
428 439   1  1  0 -9 
429 188   1  5  0 -9 
429 230  -1  4  0 -9 
429 266   1  2  0 -9 
429 270  -1  1  0 -9 
429 364   1  3  0 -9 
429 429   1  0  0 -9 
430 189   1  5  0 -9 
430 231  -1  4  0 -9 
430 267   1  2  0 -9 
430 271  -1  1  0 -9 
430 365   1  3  0 -9 
430 430   1  0  0 -9 
431 74   1  3  0 -9 
431 94  -1  2  0 -9 
431 122  -1  2 -1  0  0 -9 
431 185  -1  2  0 -9 
431 188   1  4  0 -9 
431 227   1  1  0 -9 
431 230  -1  3  0 -9 
431 232  -1  0  0 -9 
431 244  -1  0  0 -9 
431 251   1  1  0 -9 
431 266   1  1  0 -9 
431 267  -1  0  0 -9 
431 270  -1  0  0 -9 
431 272   1 -1  0 -9 
431 301   1  1  0 -9 
431 364   1  2  0 -9 
431 385  -1  0  0 -9 
431 415   1 -1  0 -9 
431 429   1 -1  0 -9 
431 431  -1 -2  0 -9 
432 75   1  3  0 -9 
432 95  -1  2  0 -9 
432 123  -1  2 -1  0  0 -9 
432 186  -1  2  0 -9 
432 228   1  1  0 -9 
432 233  -1  0  0 -9 
432 235  -1  3  0 -9 
432 245  -1  0  0 -9 
432 247  -1  3  0 -9 
432 252   1  1  0 -9 
432 257   1  4  0 -9 
432 268  -1  0  0 -9 
432 273   1 -1  0 -9 
432 275  -1  0  0 -9 
432 277   1  1  0 -9 
432 302   1  1  0 -9 
432 369   1  2  0 -9 
432 386  -1  0  0 -9 
432 391  -1  3  0 -9 
432 416   1 -1  0 -9 
432 421   1  2  0 -9 
432 432  -1 -2  0 -9 
432 434   1 -1  0 -9 
432 436  -1  0  0 -9 
433 192   1  5  0 -9 
433 234  -1  4  0 -9 
433 247   1  5  0 -9 
433 268   1  2  0 -9 
433 274  -1  1  0 -9 
433 276  -1  4  1  2  0 -9 
433 368   1  3  0 -9 
433 381  -1  4  0 -9 
433 433   1  0  0 -9 
433 435  -1  1  0 -9 
433 437   1  2  0 -9 
434 235  -1  4  0 -9 
434 257   1  5  0 -9 
434 275  -1  1  0 -9 
434 276  -1  3  0 -9 
434 277   1  2  0 -9 
434 369   1  3  0 -9 
434 391  -1  4  0 -9 
434 434   1  0  0 -9 
434 436  -1  1  0 -9 
434 439   1  2  0 -9 
435 247   1  6  0 -9 
435 276  -1  5  0 -9 
435 403  -1  4  0 -9 
435 437   1  3  0 -9 
436 247   1  5  0 -9 
436 276  -1  4  0 -9 
436 421  -1  4  0 -9 
436 439   1  3  0 -9 
437 276  -1  4  0 -9 
437 381   1  6  0 -9 
437 403  -1  5  0 -9 
437 435   1  3  0 -9 
438 276  -1  3  0 -9 
438 315   1  4  0 -9 
438 326  -1  3  0 -9 
438 381   1  5  0 -9 
438 390  -1  3  0 -9 
438 403  -1  4  1  2  0 -9 
438 404  -1  1  0 -9 
438 406   1  2  0 -9 
438 420   1  2  0 -9 
438 421  -1  3  0 -9 
438 424  -1  1  0 -9 
438 435   1  2  0 -9 
438 436  -1  1  0 -9 
438 437  -1  1  0 -9 
438 438   1  0  0 -9 
438 439   1  2  0 -9 
439 247   1  6  0 -9 
439 276  -1  5  0 -9 
439 391   1  6  0 -9 
439 421  -1  5  0 -9 
439 436   1  3  0 -9 
9999 9999
