 0  0   1  0  0 -9 
 0  3   1  3  0 -9 
 1  1   1  0  0 -9 
 1  2  -1  1  0 -9 
 1  4   1  3  0 -9 
 1  7  -1  4  0 -9 
 1  9   1  2  0 -9 
 1 10   1  5  0 -9 
 2  7  -1  5  0 -9 
 2  9   1  3  0 -9 
 2 10   1  6  0 -9 
 3  3  -1  6  0 -9 
 4  4  -1  6  0 -9 
 5  5  -1  6  0 -9 
 6  6  -1  6  0 -9 
 7  7  -1  6  0 -9 
 7 10   1  7  0 -9 
 8  8  -1  6  0 -9 
 8 11   1  7  0 -9 
 9  2   1  3  0 -9 
 9  7  -1  4  0 -9 
10 10   1  8  0 -9 
11 11   1  8  0 -9 
12  0   1 -1  0 -9 
12  3   1  2  0 -9 
12 12  -1 -2  0 -9 
12 14   1 -1  0 -9 
12 18  -1  0  0 -9 
12 24   1  1  0 -9 
13  1   1 -1  0 -9 
13  2  -1  0  0 -9 
13  4   1  2  0 -9 
13  7  -1  3  0 -9 
13  9   1  1  0 -9 
13 10   1  4  0 -9 
13 13  -1 -2  0 -9 
13 19  -1  0  0 -9 
13 22   1 -1  0 -9 
13 28   1  1  0 -9 
13 33   1 -1  0 -9 
13 38  -1  0  0 -9 
13 40   1  1  0 -9 
13 42  -1  2  0 -9 
14 14   1  0  0 -9 
14 18  -1  1  0 -9 
14 24   1  2  0 -9 
14 34   1  2  0 -9 
15 15   1  0  0 -9 
15 19  -1  1  0 -9 
15 24   1  3  0 -9 
15 28  -1  4  0 -9 
15 35   1  2  0 -9 
15 42   1  5  0 -9 
16 16   1  0  0 -9 
16 20  -1  1  0 -9 
16 25   1  3  0 -9 
16 29  -1  4  0 -9 
16 36   1  2  0 -9 
16 43   1  5  0 -9 
17 17   1  0  0 -9 
17 21  -1  1  0 -9 
17 26   1  3  0 -9 
17 30  -1  4  0 -9 
17 37   1  2  0 -9 
17 44   1  5  0 -9 
18  3  -1  4  0 -9 
18 24  -1  5  0 -9 
18 34   1  3  0 -9 
19  4  -1  4  0 -9 
19 28  -1  5  0 -9 
19 35   1  3  0 -9 
19 42   1  6  0 -9 
20  5  -1  4  0 -9 
20 29  -1  5  0 -9 
20 36   1  3  0 -9 
20 43   1  6  0 -9 
21  6  -1  4  0 -9 
21 30  -1  5  0 -9 
21 37   1  3  0 -9 
21 44   1  6  0 -9 
22  7  -1  4  0 -9 
22 10   1  5  0 -9 
22 19  -1  1  0 -9 
22 22   1  0  0 -9 
22 28   1  2  0 -9 
22 35   1  2  0 -9 
22 38  -1  1  0 -9 
22 40   1  2  0 -9 
22 42  -1  3  0 -9 
23  8  -1  4  0 -9 
23 11   1  5  0 -9 
23 21  -1  1  0 -9 
23 23   1  0  0 -9 
23 30  -1  4  0 -9 
23 31   1  3  0 -9 
23 37   1  2  0 -9 
23 39  -1  1  0 -9 
23 41   1  2  0 -9 
23 44   1  5  0 -9 
23 45  -1  4  0 -9 
24 24  -1  6  0 -9 
25 25  -1  6  0 -9 
26 26  -1  6  0 -9 
27 27  -1  6  0 -9 
28 28  -1  6  0 -9 
28 42   1  7  0 -9 
29 29  -1  6  0 -9 
29 43   1  7  0 -9 
30 30  -1  6  0 -9 
30 44   1  7  0 -9 
31 31  -1  6  0 -9 
31 45   1  7  0 -9 
32 32  -1  6  0 -9 
32 46   1  7  0 -9 
33  2  -1  1  0 -9 
33  7  -1  4  1  2  0 -9 
33  9   1  2  0 -9 
33 10   1  5  0 -9 
33 33   1  0  0 -9 
33 38  -1  1  0 -9 
33 40   1  2  0 -9 
33 42  -1  3  0 -9 
34  3  -1  5  0 -9 
34 18   1  3  0 -9 
34 24  -1  4  0 -9 
35  4  -1  5  0 -9 
35 19   1  3  0 -9 
35 28  -1  4  0 -9 
36  5  -1  5  0 -9 
36 20   1  3  0 -9 
36 29  -1  4  0 -9 
37  6  -1  5  0 -9 
37 21   1  3  0 -9 
37 30  -1  4  0 -9 
38  7  -1  5  0 -9 
38 10   1  6  0 -9 
38 40   1  3  0 -9 
38 42  -1  4  0 -9 
39  8  -1  5  0 -9 
39 11   1  6  0 -9 
39 41   1  3  0 -9 
39 47  -1  4  0 -9 
40  7  -1  4  0 -9 
40 38   1  3  0 -9 
40 42   1  7  0 -9 
41  8  -1  4  0 -9 
41 39   1  3  0 -9 
41 45   1  6  0 -9 
41 47  -1  5  0 -9 
42 42   1  8  0 -9 
43 43   1  8  0 -9 
44 44   1  8  0 -9 
45 45   1  8  0 -9 
46 46   1  8  0 -9 
47 45   1  7  0 -9 
47 47  -1  6  0 -9 
48  2  -1  0  0 -9 
48  7   1  1  0 -9 
48 33   1 -1  0 -9 
48 38  -1  0  0 -9 
48 40   1  1  0 -9 
48 42  -1  2  0 -9 
48 48  -1 -2  0 -9 
48 53   1 -1  0 -9 
48 55  -1  0  0 -9 
48 57   1  1  0 -9 
49  3   1  2  0 -9 
49 18   1  2  0 -9 
49 34  -1  1  0 -9 
49 49   1  0  0 -9 
50  4   1  2  0 -9 
50 19   1  2  0 -9 
50 35  -1  1  0 -9 
50 42  -1  4  0 -9 
50 50   1  0  0 -9 
50 57   1  3  0 -9 
51  5   1  2  0 -9 
51 20   1  2  0 -9 
51 36  -1  1  0 -9 
51 43  -1  4  0 -9 
51 51   1  0  0 -9 
51 58   1  3  0 -9 
52  6   1  2  0 -9 
52 21   1  2  0 -9 
52 37  -1  1  0 -9 
52 44  -1  4  0 -9 
52 52   1  0  0 -9 
52 59   1  3  0 -9 
53  7   1  2  0 -9 
53 10  -1  3  0 -9 
53 38  -1  1  0 -9 
53 40   1  2  0 -9 
53 42  -1  3  0 -9 
53 53   1  0  0 -9 
53 55  -1  1  0 -9 
53 57   1  2  0 -9 
53 63   1  2  0 -9 
54  8   1  2  0 -9 
54 11  -1  3  0 -9 
54 39  -1  1  0 -9 
54 41   1  2  0 -9 
54 45  -1  4  0 -9 
54 54   1  0  0 -9 
54 56  -1  1  0 -9 
54 60   1  3  0 -9 
54 62  -1  4  0 -9 
54 64   1  2  0 -9 
54 65   1  5  0 -9 
55 10  -1  4  0 -9 
55 42   1  6  0 -9 
55 57  -1  5  0 -9 
55 63   1  3  0 -9 
56 11  -1  4  0 -9 
56 62  -1  5  0 -9 
56 64   1  3  0 -9 
56 65   1  6  0 -9 
57 42   1  7  0 -9 
57 57  -1  6  0 -9 
58 43   1  7  0 -9 
58 58  -1  6  0 -9 
59 44   1  7  0 -9 
59 59  -1  6  0 -9 
60 45   1  7  0 -9 
60 60  -1  6  0 -9 
61 46   1  7  0 -9 
61 61  -1  6  0 -9 
62 62  -1  6  0 -9 
62 65   1  7  0 -9 
63 10   1  7  0 -9 
63 55   1  3  0 -9 
63 57  -1  4  0 -9 
64 11   1  7  0 -9 
64 56   1  3  0 -9 
64 62  -1  4  0 -9 
65 65   1  8  0 -9 
66  3   1  1  0 -9 
66 24   1  2  0 -9 
66 34  -1  0  0 -9 
66 49   1 -1  0 -9 
66 66  -1 -2  0 -9 
66 72   1 -1  0 -9 
67  4   1  1  0 -9 
67 28   1  2  0 -9 
67 35  -1  0  0 -9 
67 42  -1  3  0 -9 
67 50   1 -1  0 -9 
67 57   1  2  0 -9 
67 67  -1 -2  0 -9 
67 76   1 -1  0 -9 
67 81  -1  0  0 -9 
68  5   1  1  0 -9 
68 29   1  2  0 -9 
68 36  -1  0  0 -9 
68 43  -1  3  0 -9 
68 51   1 -1  0 -9 
68 58   1  2  0 -9 
68 68  -1 -2  0 -9 
68 77   1 -1  0 -9 
68 82  -1  0  0 -9 
68 87   1  1  0 -9 
69  6   1  1  0 -9 
69 30   1  2  0 -9 
69 37  -1  0  0 -9 
69 44  -1  3  0 -9 
69 52   1 -1  0 -9 
69 59   1  2  0 -9 
69 69  -1 -2  0 -9 
69 78   1 -1  0 -9 
69 83  -1  0  0 -9 
69 88   1  1  0 -9 
70  7   1  1  0 -9 
70 10  -1  2  0 -9 
70 38  -1  0  0 -9 
70 53   1 -1  0 -9 
70 55  -1  0  0 -9 
70 57   1  1  0 -9 
70 63   1  1  0 -9 
70 70  -1 -2  0 -9 
70 93   1 -1  0 -9 
70 95  -1  0  0 -9 
71  8   1  1  0 -9 
71 11  -1  2  0 -9 
71 39  -1  0  0 -9 
71 45  -1  3  0 -9 
71 47   1  2  0 -9 
71 54   1 -1  0 -9 
71 56  -1  0  0 -9 
71 60   1  2  0 -9 
71 62  -1  3  0 -9 
71 64   1  1  0 -9 
71 65   1  4  0 -9 
71 71  -1 -2  0 -9 
71 84  -1  0  0 -9 
71 86   1 -1  0 -9 
71 91   1  1  0 -9 
71 94   1 -1  0 -9 
71 100  -1  0  0 -9 
71 101   1  1  0 -9 
71 102  -1  2  0 -9 
72 24   1  3  0 -9 
72 72   1  0  0 -9 
73 25   1  3  0 -9 
73 73   1  0  0 -9 
73 87   1  3  0 -9 
74 26   1  3  0 -9 
74 74   1  0  0 -9 
74 88   1  3  0 -9 
75 27   1  3  0 -9 
75 75   1  0  0 -9 
75 89   1  3  0 -9 
76 28   1  3  0 -9 
76 42  -1  4  0 -9 
76 76   1  0  0 -9 
76 81  -1  1  0 -9 
76 95   1  2  0 -9 
77 29   1  3  0 -9 
77 43  -1  4  0 -9 
77 77   1  0  0 -9 
77 82  -1  1  0 -9 
77 87   1  2  0 -9 
77 96   1  2  0 -9 
78 30   1  3  0 -9 
78 44  -1  4  0 -9 
78 78   1  0  0 -9 
78 83  -1  1  0 -9 
78 88   1  2  0 -9 
78 97   1  2  0 -9 
79 31   1  3  0 -9 
79 45  -1  4  0 -9 
79 79   1  0  0 -9 
79 84  -1  1  0 -9 
79 88   1  3  0 -9 
79 91  -1  4  0 -9 
79 98   1  2  0 -9 
79 102   1  5  0 -9 
80 32   1  3  0 -9 
80 46  -1  4  0 -9 
80 80   1  0  0 -9 
80 85  -1  1  0 -9 
80 90   1  3  0 -9 
80 92  -1  4  0 -9 
80 99   1  2  0 -9 
80 103   1  5  0 -9 
81 57  -1  4  0 -9 
81 95   1  3  0 -9 
82 58  -1  4  0 -9 
82 87  -1  5  0 -9 
82 96   1  3  0 -9 
83 59  -1  4  0 -9 
83 88  -1  5  0 -9 
83 97   1  3  0 -9 
84 60  -1  4  0 -9 
84 91  -1  5  0 -9 
84 98   1  3  0 -9 
84 102   1  6  0 -9 
85 61  -1  4  0 -9 
85 92  -1  5  0 -9 
85 99   1  3  0 -9 
85 103   1  6  0 -9 
86 45  -1  4  0 -9 
86 47   1  3  0 -9 
86 62  -1  4  0 -9 
86 65   1  5  0 -9 
86 84  -1  1  0 -9 
86 86   1  0  0 -9 
86 91   1  2  0 -9 
86 98   1  2  0 -9 
86 100  -1  1  0 -9 
86 101   1  2  0 -9 
86 102  -1  3  0 -9 
87 87  -1  6  0 -9 
88 88  -1  6  0 -9 
89 89  -1  6  0 -9 
90 90  -1  6  0 -9 
91 91  -1  6  0 -9 
91 102   1  7  0 -9 
92 92  -1  6  0 -9 
92 103   1  7  0 -9 
93 10  -1  3  0 -9 
93 42   1  5  0 -9 
93 55  -1  1  0 -9 
93 57  -1  4  1  2  0 -9 
93 63   1  2  0 -9 
93 81   1  2  0 -9 
93 93   1  0  0 -9 
93 95  -1  1  0 -9 
94 11  -1  3  0 -9 
94 56  -1  1  0 -9 
94 62  -1  4  1  2  0 -9 
94 64   1  2  0 -9 
94 65   1  5  0 -9 
94 94   1  0  0 -9 
94 100  -1  1  0 -9 
94 101   1  2  0 -9 
94 102  -1  3  0 -9 
95 42   1  6  0 -9 
95 57  -1  5  0 -9 
95 81   1  3  0 -9 
96 43   1  6  0 -9 
96 58  -1  5  0 -9 
96 82   1  3  0 -9 
96 87  -1  4  0 -9 
97 44   1  6  0 -9 
97 59  -1  5  0 -9 
97 83   1  3  0 -9 
97 88  -1  4  0 -9 
98 45   1  6  0 -9 
98 60  -1  5  0 -9 
98 84   1  3  0 -9 
98 91  -1  4  0 -9 
99 46   1  6  0 -9 
99 61  -1  5  0 -9 
99 85   1  3  0 -9 
99 92  -1  4  0 -9 
100 62  -1  5  0 -9 
100 65   1  6  0 -9 
100 101   1  3  0 -9 
100 102  -1  4  0 -9 
101 62  -1  4  0 -9 
101 100   1  3  0 -9 
101 102   1  7  0 -9 
102 102   1  8  0 -9 
103 103   1  8  0 -9 
104  2   1  2  0 -9 
104  9  -1  1  0 -9 
104 10  -1  4  0 -9 
104 104   1  0  0 -9 
104 105   1  3  0 -9 
105 10   1  7  0 -9 
105 105  -1  6  0 -9 
106 11   1  7  0 -9 
106 106  -1  6  0 -9 
107  7   1  2  0 -9 
107  9  -1  0  0 -9 
107 10  -1  3  0 -9 
107 104   1 -1  0 -9 
107 105   1  2  0 -9 
107 107  -1 -2  0 -9 
107 112   1 -1  0 -9 
107 114  -1  0  0 -9 
107 116   1  1  0 -9 
108  3   1  3  0 -9 
108 108   1  0  0 -9 
109  4   1  3  0 -9 
109 109   1  0  0 -9 
109 116   1  3  0 -9 
110  5   1  3  0 -9 
110 110   1  0  0 -9 
110 117   1  3  0 -9 
111  6   1  3  0 -9 
111 111   1  0  0 -9 
111 118   1  3  0 -9 
112  7   1  3  0 -9 
112 10  -1  4  0 -9 
112 112   1  0  0 -9 
112 114  -1  1  0 -9 
112 116   1  2  0 -9 
112 122   1  2  0 -9 
113  8   1  3  0 -9 
113 11  -1  4  0 -9 
113 113   1  0  0 -9 
113 115  -1  1  0 -9 
113 119   1  3  0 -9 
113 121  -1  4  0 -9 
113 123   1  2  0 -9 
113 124   1  5  0 -9 
114 105  -1  4  0 -9 
114 116  -1  5  0 -9 
114 122   1  3  0 -9 
115 106  -1  4  0 -9 
115 121  -1  5  0 -9 
115 123   1  3  0 -9 
115 124   1  6  0 -9 
116 116  -1  6  0 -9 
117 117  -1  6  0 -9 
118 118  -1  6  0 -9 
119 119  -1  6  0 -9 
120 120  -1  6  0 -9 
121 121  -1  6  0 -9 
121 124   1  7  0 -9 
122 10   1  6  0 -9 
122 105  -1  5  0 -9 
122 114   1  3  0 -9 
122 116  -1  4  0 -9 
123 11   1  6  0 -9 
123 106  -1  5  0 -9 
123 115   1  3  0 -9 
123 121  -1  4  0 -9 
124 124   1  8  0 -9 
125 10  -1  3  0 -9 
125 42   1  5  0 -9 
125 55  -1  1  0 -9 
125 57  -1  4  0 -9 
125 63   1  2  0 -9 
125 105   1  2  0 -9 
125 114   1  2  0 -9 
125 122  -1  1  0 -9 
125 125   1  0  0 -9 
126 11  -1  3  0 -9 
126 56  -1  1  0 -9 
126 62  -1  4  0 -9 
126 64   1  2  0 -9 
126 65   1  5  0 -9 
126 106   1  2  0 -9 
126 115   1  2  0 -9 
126 123  -1  1  0 -9 
126 124  -1  4  0 -9 
126 126   1  0  0 -9 
126 127   1  3  0 -9 
127 124   1  7  0 -9 
127 127  -1  6  0 -9 
128 10  -1  2  0 -9 
128 42   1  4  0 -9 
128 55  -1  0  0 -9 
128 57  -1  3  0 -9 
128 63   1  1  0 -9 
128 81   1  1  0 -9 
128 93   1 -1  0 -9 
128 95  -1  0  0 -9 
128 105   1  1  0 -9 
128 116   1  2  0 -9 
128 122  -1  0  0 -9 
128 125   1 -1  0 -9 
128 128  -1 -2  0 -9 
128 130   1 -1  0 -9 
129 11  -1  2  0 -9 
129 56  -1  0  0 -9 
129 62  -1  3  0 -9 
129 64   1  1  0 -9 
129 65   1  4  0 -9 
129 94   1 -1  0 -9 
129 100  -1  0  0 -9 
129 101   1  1  0 -9 
129 102  -1  2  0 -9 
129 106   1  1  0 -9 
129 121   1  2  0 -9 
129 123  -1  0  0 -9 
129 124  -1  3  0 -9 
129 126   1 -1  0 -9 
129 127   1  2  0 -9 
129 129  -1 -2  0 -9 
129 135   1 -1  0 -9 
129 136  -1  0  0 -9 
129 137   1  1  0 -9 
130 42   1  5  0 -9 
130 57  -1  4  0 -9 
130 81   1  2  0 -9 
130 95  -1  1  0 -9 
130 116   1  3  0 -9 
130 130   1  0  0 -9 
131 43   1  5  0 -9 
131 58  -1  4  0 -9 
131 82   1  2  0 -9 
131 96  -1  1  0 -9 
131 117   1  3  0 -9 
131 131   1  0  0 -9 
132 44   1  5  0 -9 
132 59  -1  4  0 -9 
132 83   1  2  0 -9 
132 97  -1  1  0 -9 
132 118   1  3  0 -9 
132 132   1  0  0 -9 
133 45   1  5  0 -9 
133 60  -1  4  0 -9 
133 84   1  2  0 -9 
133 98  -1  1  0 -9 
133 102  -1  4  0 -9 
133 119   1  3  0 -9 
133 133   1  0  0 -9 
133 137   1  3  0 -9 
134 46   1  5  0 -9 
134 61  -1  4  0 -9 
134 85   1  2  0 -9 
134 99  -1  1  0 -9 
134 103  -1  4  0 -9 
134 120   1  3  0 -9 
134 134   1  0  0 -9 
134 138   1  3  0 -9 
135 62  -1  4  0 -9 
135 65   1  5  0 -9 
135 100  -1  1  0 -9 
135 101   1  2  0 -9 
135 102  -1  3  0 -9 
135 121   1  3  0 -9 
135 124  -1  4  0 -9 
135 135   1  0  0 -9 
135 136  -1  1  0 -9 
135 137   1  2  0 -9 
135 139   1  2  0 -9 
136 102   1  6  0 -9 
136 127  -1  4  0 -9 
136 137  -1  5  0 -9 
136 139   1  3  0 -9 
137 102   1  7  0 -9 
137 137  -1  6  0 -9 
138 103   1  7  0 -9 
138 138  -1  6  0 -9 
139 124   1  6  0 -9 
139 127  -1  5  0 -9 
139 136   1  3  0 -9 
139 137  -1  4  0 -9 
9999 9999
