 0  0  -1  6  0 -9 
 0  1   1  7  0 -9 
 1  1   1  8  0 -9 
 2  2   1  8  0 -9 
 3  1   1  7  0 -9 
 3  3  -1  6  0 -9 
 4  2   1  7  0 -9 
 4  4  -1  6  0 -9 
 4  5   1  7  0 -9 
 5  5   1  8  0 -9 
 6  0   1  3  0 -9 
 6  1  -1  4  0 -9 
 6  6   1  0  0 -9 
 6  7  -1  1  0 -9 
 6  9   1  3  0 -9 
 6 11  -1  4  0 -9 
 6 15   1  2  0 -9 
 6 18   1  5  0 -9 
 7  3  -1  4  0 -9 
 7 11  -1  5  0 -9 
 7 15   1  3  0 -9 
 7 18   1  6  0 -9 
 8  4  -1  4  0 -9 
 8  5   1  5  0 -9 
 8 12  -1  5  0 -9 
 8 16   1  3  0 -9 
 8 17  -1  4  0 -9 
 8 19   1  6  0 -9 
 9  9  -1  6  0 -9 
10 10  -1  6  0 -9 
11 11  -1  6  0 -9 
11 18   1  7  0 -9 
12 12  -1  6  0 -9 
12 19   1  7  0 -9 
13 13  -1  6  0 -9 
13 20   1  7  0 -9 
14 14  -1  6  0 -9 
14 21   1  7  0 -9 
15  1   1  6  0 -9 
15  3  -1  5  0 -9 
15  7   1  3  0 -9 
15 11  -1  4  0 -9 
16  2   1  6  0 -9 
16  4  -1  5  0 -9 
16  5   1  6  0 -9 
16  8   1  3  0 -9 
16 12  -1  4  0 -9 
16 17  -1  5  0 -9 
16 22   1  6  0 -9 
17  5   1  7  0 -9 
17 17  -1  6  0 -9 
17 22   1  7  0 -9 
18 18   1  8  0 -9 
19 19   1  8  0 -9 
20 20   1  8  0 -9 
21 21   1  8  0 -9 
22 22   1  8  0 -9 
23 23   1  8  0 -9 
24 24  -1  6  0 -9 
25 25  -1  6  0 -9 
25 26   1  7  0 -9 
26 26   1  8  0 -9 
27 26   1  7  0 -9 
27 27  -1  6  0 -9 
28  1   1  5  0 -9 
28  3  -1  4  0 -9 
28  7   1  2  0 -9 
28 15  -1  1  0 -9 
28 18  -1  4  0 -9 
28 24   1  3  0 -9 
28 28   1  0  0 -9 
28 31   1  3  0 -9 
29  2   1  5  0 -9 
29  4  -1  4  0 -9 
29  5   1  5  0 -9 
29  8   1  2  0 -9 
29 16  -1  1  0 -9 
29 17  -1  4  1  2  0 -9 
29 19  -1  4  0 -9 
29 22   1  5  0 -9 
29 25   1  3  0 -9 
29 26  -1  4  0 -9 
29 29   1  0  0 -9 
29 30  -1  1  0 -9 
29 32   1  3  0 -9 
29 35  -1  4  0 -9 
29 37   1  2  0 -9 
29 38   1  5  0 -9 
30  5   1  6  0 -9 
30 17  -1  5  0 -9 
30 22   1  6  0 -9 
30 27  -1  4  0 -9 
30 35  -1  5  0 -9 
30 37   1  3  0 -9 
30 38   1  6  0 -9 
31 18   1  7  0 -9 
31 31  -1  6  0 -9 
32 19   1  7  0 -9 
32 32  -1  6  0 -9 
33 20   1  7  0 -9 
33 33  -1  6  0 -9 
34 21   1  7  0 -9 
34 34  -1  6  0 -9 
35 22   1  7  0 -9 
35 35  -1  6  0 -9 
35 38   1  7  0 -9 
36 23   1  7  0 -9 
36 36  -1  6  0 -9 
36 39   1  7  0 -9 
37 17  -1  4  0 -9 
37 22   1  5  0 -9 
37 26   1  6  0 -9 
37 27  -1  5  0 -9 
37 30   1  3  0 -9 
37 35  -1  4  0 -9 
38 38   1  8  0 -9 
39 39   1  8  0 -9 
9999 9999
