 0  1  -1  5  0 -9 
 0  2   1  3  0 -9 
 0  3  -1  4  0 -9 
 0  4   1  6  0 -9 
 1  1  -1  6  0 -9 
 1  4   1  7  0 -9 
 2  0   1  3  0 -9 
 2  1  -1  4  0 -9 
 2  3  -1  5  0 -9 
 2  5   1  6  0 -9 
 3  3  -1  6  0 -9 
 3  5   1  7  0 -9 
 4  4   1  8  0 -9 
 5  5   1  8  0 -9 
 6  0   1  2  0 -9 
 6  2  -1  1  0 -9 
 6  3  -1  4  1  2  0 -9 
 6  4  -1  4  0 -9 
 6  5   1  5  0 -9 
 6  6   1  0  0 -9 
 6  7  -1  1  0 -9 
 6  8   1  3  0 -9 
 6  9  -1  4  0 -9 
 6 10   1  2  0 -9 
 6 11   1  5  0 -9 
 7  3  -1  5  0 -9 
 7  5   1  6  0 -9 
 7  9  -1  5  0 -9 
 7 10   1  3  0 -9 
 7 11   1  6  0 -9 
 8  4   1  7  0 -9 
 8  8  -1  6  0 -9 
 9  5   1  7  0 -9 
 9  9  -1  6  0 -9 
 9 11   1  7  0 -9 
10  3  -1  4  0 -9 
10  5   1  5  0 -9 
10  7   1  3  0 -9 
10  9  -1  4  0 -9 
11 11   1  8  0 -9 
12  1  -1  4  0 -9 
12  4   1  5  0 -9 
12 13   1  3  0 -9 
12 14  -1  4  0 -9 
13  1  -1  5  0 -9 
13  4   1  6  0 -9 
13 12   1  3  0 -9 
13 14  -1  5  0 -9 
13 15   1  6  0 -9 
14  4   1  7  0 -9 
14 14  -1  6  0 -9 
14 15   1  7  0 -9 
15 15   1  8  0 -9 
16  1   1  1  0 -9 
16  4  -1  2  0 -9 
16  8   1  1  0 -9 
16 13  -1  0  0 -9 
16 14   1  1  0 -9 
16 16  -1 -2  0 -9 
16 17   1 -1  0 -9 
16 18   1 -1  0 -9 
16 19  -1  0  0 -9 
16 20  -1  3  0 -9 
16 22   1  2  0 -9 
16 23  -1  3  0 -9 
16 24   1  4  0 -9 
17 20  -1  4  0 -9 
17 22   1  3  0 -9 
17 23  -1  4  0 -9 
17 24   1  5  0 -9 
18  1   1  2  0 -9 
18  4  -1  3  0 -9 
18  8   1  2  0 -9 
18 12   1  2  0 -9 
18 13  -1  1  0 -9 
18 14  -1  4  1  2  0 -9 
18 15   1  5  0 -9 
18 18   1  0  0 -9 
18 19  -1  1  0 -9 
18 20  -1  4  0 -9 
18 21   1  2  0 -9 
18 24   1  5  0 -9 
19  4   1  6  0 -9 
19  8  -1  5  0 -9 
19 14  -1  5  0 -9 
19 15   1  6  0 -9 
19 20  -1  5  0 -9 
19 21   1  3  0 -9 
19 24   1  6  0 -9 
20 15   1  7  0 -9 
20 20  -1  6  0 -9 
20 24   1  7  0 -9 
21  4   1  5  0 -9 
21  8  -1  4  0 -9 
21 14  -1  4  0 -9 
21 15   1  5  0 -9 
21 19   1  3  0 -9 
21 20  -1  4  0 -9 
22 15   1  6  0 -9 
22 17   1  3  0 -9 
22 20  -1  5  0 -9 
22 23  -1  5  0 -9 
22 24   1  6  0 -9 
23 23  -1  6  0 -9 
23 24   1  7  0 -9 
24 24   1  8  0 -9 
25  1   1  2  0 -9 
25  2  -1  0  0 -9 
25  3   1  1  0 -9 
25  4  -1  3  0 -9 
25  6   1 -1  0 -9 
25  7  -1  0  0 -9 
25  8   1  2  0 -9 
25  9  -1  3  0 -9 
25 11   1  4  0 -9 
25 25  -1 -2  0 -9 
25 26   1 -1  0 -9 
25 27   1 -1  0 -9 
25 28  -1  0  0 -9 
25 29  -1  3  0 -9 
25 31   1  2  0 -9 
25 32  -1  3  0 -9 
25 33   1  4  0 -9 
26  9  -1  4  0 -9 
26 11   1  5  0 -9 
26 29  -1  4  0 -9 
26 31   1  3  0 -9 
26 32  -1  4  0 -9 
26 33   1  5  0 -9 
27  1   1  3  0 -9 
27  4  -1  4  0 -9 
27 27   1  0  0 -9 
27 28  -1  1  0 -9 
27 29  -1  4  0 -9 
27 30   1  2  0 -9 
27 33   1  5  0 -9 
28  8  -1  4  0 -9 
28 29  -1  5  0 -9 
28 30   1  3  0 -9 
28 33   1  6  0 -9 
29 29  -1  6  0 -9 
29 33   1  7  0 -9 
30  4   1  6  0 -9 
30  8  -1  5  0 -9 
30 28   1  3  0 -9 
30 29  -1  4  0 -9 
31  5   1  6  0 -9 
31  9  -1  5  0 -9 
31 11   1  6  0 -9 
31 26   1  3  0 -9 
31 29  -1  5  0 -9 
31 32  -1  5  0 -9 
31 33   1  6  0 -9 
32 11   1  7  0 -9 
32 32  -1  6  0 -9 
32 33   1  7  0 -9 
33 33   1  8  0 -9 
34  3  -1  3  0 -9 
34  5   1  4  0 -9 
34  7   1  2  0 -9 
34  9  -1  3  0 -9 
34 10   1 -1  0 -9 
34 29   1  1  0 -9 
34 31  -1  0  0 -9 
34 32   1  1  0 -9 
34 33  -1  2  0 -9 
34 34  -1 -2  0 -9 
34 36   1 -1  0 -9 
34 37  -1  0  0 -9 
34 38   1  1  0 -9 
35  4   1  5  0 -9 
35  8  -1  4  0 -9 
35 28   1  2  0 -9 
35 30  -1  1  0 -9 
35 33  -1  4  0 -9 
35 35   1  0  0 -9 
35 38   1  3  0 -9 
36  5   1  5  0 -9 
36  9  -1  4  0 -9 
36 11   1  5  0 -9 
36 26   1  2  0 -9 
36 29   1  2  0 -9 
36 31  -1  1  0 -9 
36 32  -1  4  1  2  0 -9 
36 33  -1  3  0 -9 
36 36   1  0  0 -9 
36 37  -1  1  0 -9 
36 38   1  2  0 -9 
36 39   1  2  0 -9 
37 11   1  6  0 -9 
37 32  -1  5  0 -9 
37 33   1  6  0 -9 
37 38  -1  5  0 -9 
37 39   1  3  0 -9 
38 33   1  7  0 -9 
38 38  -1  6  0 -9 
39 32  -1  4  0 -9 
39 33   1  5  0 -9 
39 37   1  3  0 -9 
39 38  -1  4  0 -9 
40  4   1  4  0 -9 
40  8  -1  3  0 -9 
40 14  -1  3  0 -9 
40 15   1  4  0 -9 
40 19   1  2  0 -9 
40 20  -1  3  0 -9 
40 21   1 -1  0 -9 
40 22  -1  0  0 -9 
40 23   1  1  0 -9 
40 29   1  2  0 -9 
40 30  -1  0  0 -9 
40 33  -1  3  0 -9 
40 35   1 -1  0 -9 
40 38   1  2  0 -9 
40 40  -1 -2  0 -9 
40 41   1 -1  0 -9 
40 42  -1  0  0 -9 
41 15   1  5  0 -9 
41 17   1  2  0 -9 
41 20  -1  4  0 -9 
41 22  -1  1  0 -9 
41 23  -1  4  1  2  0 -9 
41 24   1  5  0 -9 
41 29   1  3  0 -9 
41 33  -1  4  0 -9 
41 41   1  0  0 -9 
41 42  -1  1  0 -9 
41 43   1  2  0 -9 
42 23  -1  5  0 -9 
42 24   1  6  0 -9 
42 38  -1  4  0 -9 
42 43   1  3  0 -9 
43 23  -1  4  0 -9 
43 33   1  6  0 -9 
43 38  -1  5  0 -9 
43 42   1  3  0 -9 
44 45  -1  5  0 -9 
44 46   1  3  0 -9 
44 47  -1  4  0 -9 
44 48   1  6  0 -9 
45 45  -1  6  0 -9 
45 48   1  7  0 -9 
46 44   1  3  0 -9 
46 45  -1  4  0 -9 
46 47  -1  5  0 -9 
46 49   1  6  0 -9 
47 47  -1  6  0 -9 
47 49   1  7  0 -9 
48 48   1  8  0 -9 
49 49   1  8  0 -9 
50 47  -1  4  0 -9 
50 49   1  5  0 -9 
50 51   1  3  0 -9 
50 53  -1  4  0 -9 
51 47  -1  5  0 -9 
51 49   1  6  0 -9 
51 50   1  3  0 -9 
51 52   1  6  0 -9 
51 53  -1  5  0 -9 
52 52   1  8  0 -9 
53 49   1  7  0 -9 
53 52   1  7  0 -9 
53 53  -1  6  0 -9 
54 47  -1  3  0 -9 
54 50  -1  1  0 -9 
54 51   1  2  0 -9 
54 52  -1  4  0 -9 
54 54   1  0  0 -9 
54 55  -1  1  0 -9 
54 56   1  3  0 -9 
54 57  -1  4  0 -9 
54 58   1  2  0 -9 
54 59   1  5  0 -9 
55 47  -1  4  0 -9 
55 57  -1  5  0 -9 
55 58   1  3  0 -9 
55 59   1  6  0 -9 
56 52   1  7  0 -9 
56 56  -1  6  0 -9 
57 57  -1  6  0 -9 
57 59   1  7  0 -9 
58 47  -1  5  0 -9 
58 49   1  6  0 -9 
58 55   1  3  0 -9 
58 57  -1  4  0 -9 
59 59   1  8  0 -9 
60  0   1  2  0 -9 
60  1  -1  3  0 -9 
60  2  -1  1  0 -9 
60  3  -1  4  1  2  0 -9 
60  5   1  5  0 -9 
60 12  -1  1  0 -9 
60 13   1  2  0 -9 
60 14  -1  3  0 -9 
60 44  -1  1  0 -9 
60 45  -1  4  1  2  0 -9 
60 46   1  2  0 -9 
60 47  -1  3  0 -9 
60 48   1  5  0 -9 
60 50  -1  1  0 -9 
60 51   1  2  0 -9 
60 53  -1  3  0 -9 
60 60   1  0  0 -9 
60 61  -1  1  0 -9 
60 62  -1  1  0 -9 
60 63   1  2  0 -9 
60 64  -1  3  0 -9 
60 65  -1  3  0 -9 
60 66   1  2  0 -9 
60 67   1  4  0 -9 
61  3  -1  5  0 -9 
61  5   1  6  0 -9 
61 52   1  5  0 -9 
61 53  -1  4  0 -9 
61 64  -1  4  0 -9 
61 65  -1  4  0 -9 
61 66   1  3  0 -9 
61 67   1  5  0 -9 
62 14  -1  4  0 -9 
62 15   1  5  0 -9 
62 45  -1  5  0 -9 
62 48   1  6  0 -9 
62 63   1  3  0 -9 
62 64  -1  4  0 -9 
62 65  -1  4  0 -9 
62 67   1  5  0 -9 
63  4   1  6  0 -9 
63 14  -1  5  0 -9 
63 15   1  6  0 -9 
63 45  -1  4  0 -9 
63 52   1  6  0 -9 
63 62   1  3  0 -9 
63 64  -1  5  0 -9 
63 65  -1  5  0 -9 
63 67   1  6  0 -9 
64 15   1  7  0 -9 
64 64  -1  6  0 -9 
64 67   1  7  0 -9 
65 52   1  7  0 -9 
65 65  -1  6  0 -9 
65 67   1  7  0 -9 
66  3  -1  4  0 -9 
66 15   1  6  0 -9 
66 49   1  6  0 -9 
66 52   1  6  0 -9 
66 53  -1  5  0 -9 
66 61   1  3  0 -9 
66 64  -1  5  0 -9 
66 65  -1  5  0 -9 
66 67   1  6  0 -9 
67 67   1  8  0 -9 
68  0   1  1  0 -9 
68  2  -1  0  0 -9 
68  3  -1  3  1  1  0 -9 
68  4  -1  3  0 -9 
68  5   1  4  0 -9 
68  6   1 -1  0 -9 
68  7  -1  0  0 -9 
68  8   1  2  0 -9 
68  9  -1  3  0 -9 
68 11   1  4  0 -9 
68 12  -1  0  0 -9 
68 15  -1  3  0 -9 
68 44  -1  0  0 -9 
68 45   1  1  0 -9 
68 49  -1  3  0 -9 
68 50  -1  0  0 -9 
68 51   1  1  0 -9 
68 52  -1  3  0 -9 
68 54   1 -1  0 -9 
68 55  -1  0  0 -9 
68 56   1  2  0 -9 
68 57  -1  3  0 -9 
68 59   1  4  0 -9 
68 60   1 -1  0 -9 
68 61  -1  0  0 -9 
68 62  -1  0  0 -9 
68 63   1  1  0 -9 
68 68  -1 -2  0 -9 
68 69   1 -1  0 -9 
68 70   1 -1  0 -9 
68 71  -1  0  0 -9 
68 72  -1  3  0 -9 
68 74   1  2  0 -9 
68 75  -1  3  0 -9 
68 76   1  4  0 -9 
69  3  -1  4  0 -9 
69  5   1  5  0 -9 
69  9  -1  4  0 -9 
69 11   1  5  0 -9 
69 15  -1  4  0 -9 
69 49  -1  4  0 -9 
69 57  -1  4  0 -9 
69 59   1  5  0 -9 
69 72  -1  4  0 -9 
69 74   1  3  0 -9 
69 75  -1  4  0 -9 
69 76   1  5  0 -9 
70 14  -1  3  0 -9 
70 45   1  2  0 -9 
70 48  -1  3  0 -9 
70 62  -1  1  0 -9 
70 63   1  2  0 -9 
70 65  -1  3  0 -9 
70 70   1  0  0 -9 
70 71  -1  1  0 -9 
70 72  -1  4  0 -9 
70 73   1  2  0 -9 
70 76   1  5  0 -9 
71  4   1  5  0 -9 
71  8  -1  4  0 -9 
71 14  -1  4  0 -9 
71 48  -1  4  0 -9 
71 52   1  5  0 -9 
71 56  -1  4  0 -9 
71 65  -1  4  0 -9 
71 72  -1  5  0 -9 
71 73   1  3  0 -9 
71 76   1  6  0 -9 
72 72  -1  6  0 -9 
72 76   1  7  0 -9 
73  4   1  6  0 -9 
73  8  -1  5  0 -9 
73 14  -1  5  0 -9 
73 15   1  6  0 -9 
73 48   1  7  0 -9 
73 52   1  6  0 -9 
73 56  -1  5  0 -9 
73 65  -1  5  0 -9 
73 67   1  6  0 -9 
73 71   1  3  0 -9 
73 72  -1  4  0 -9 
74  3  -1  5  0 -9 
74  5   1  6  0 -9 
74  9  -1  5  0 -9 
74 11   1  6  0 -9 
74 15   1  7  0 -9 
74 49   1  7  0 -9 
74 57  -1  5  0 -9 
74 59   1  6  0 -9 
74 69   1  3  0 -9 
74 72  -1  5  0 -9 
74 75  -1  5  0 -9 
74 76   1  6  0 -9 
75 11   1  7  0 -9 
75 59   1  7  0 -9 
75 75  -1  6  0 -9 
75 76   1  7  0 -9 
76 76   1  8  0 -9 
77 10  -1  0  0 -9 
77 15  -1  2  0 -9 
77 49  -1  2  0 -9 
77 52  -1  2  0 -9 
77 53   1  1  0 -9 
77 56   1  1  0 -9 
77 57  -1  2 -1  0  0 -9 
77 59   1  3  0 -9 
77 64   1  1  0 -9 
77 65   1  1  0 -9 
77 66  -1  0  0 -9 
77 67  -1  2  0 -9 
77 69  -1  0  0 -9 
77 72  -1  2 -1  0  0 -9 
77 74   1  1  0 -9 
77 75  -1  2  0 -9 
77 76   1  3  0 -9 
77 77  -1 -2  0 -9 
77 78  -1  0  0 -9 
77 79   1 -1  0 -9 
77 80   1  1  0 -9 
77 81   1 -1  0 -9 
77 83  -1  0  0 -9 
77 84   1  1  0 -9 
77 85  -1  2  0 -9 
78 52   1  6  0 -9 
78 56  -1  5  0 -9 
78 65  -1  5  0 -9 
78 67   1  6  0 -9 
78 80  -1  5  0 -9 
78 82   1  3  0 -9 
78 85   1  6  0 -9 
79  3  -1  3  0 -9 
79 15  -1  3  0 -9 
79 49  -1  3  0 -9 
79 52  -1  3  0 -9 
79 53   1  2  0 -9 
79 56   1  2  0 -9 
79 57  -1  5 -1  3 -1  1  0 -9 
79 59   1  6  1  4  0 -9 
79 61   1  2  0 -9 
79 64   1  2  0 -9 
79 65  -1  4  1  2  0 -9 
79 66  -1  1  0 -9 
79 67  -1  3  0 -9 
79 69  -1  1  0 -9 
79 72  -1  5 -1  3 -1  1  0 -9 
79 74   1  2  0 -9 
79 75  -1  3  0 -9 
79 76   1  6  1  4  0 -9 
79 78  -1  1  0 -9 
79 79   1  0  0 -9 
79 80   1  2  0 -9 
79 82   1  2  0 -9 
79 83  -1  1  0 -9 
79 84   1  2  0 -9 
79 85  -1  3  0 -9 
80 67   1  7  0 -9 
80 80  -1  6  0 -9 
80 85   1  7  0 -9 
81  3  -1  3  0 -9 
81  5   1  4  0 -9 
81  7   1  2  0 -9 
81  9  -1  3  0 -9 
81 10  -1  1  0 -9 
81 15  -1  3  0 -9 
81 49  -1  3  0 -9 
81 57  -1  3  0 -9 
81 59   1  4  0 -9 
81 69  -1  1  0 -9 
81 72  -1  3  0 -9 
81 74   1  2  0 -9 
81 75  -1  3  0 -9 
81 76   1  4  0 -9 
81 81   1  0  0 -9 
81 83  -1  1  0 -9 
81 84   1  2  0 -9 
81 85  -1  3  0 -9 
82 52   1  5  0 -9 
82 56  -1  4  0 -9 
82 65  -1  4  0 -9 
82 67   1  5  0 -9 
82 78   1  3  0 -9 
82 80  -1  4  0 -9 
83 57  -1  4  0 -9 
83 59   1  5  0 -9 
83 72  -1  4  0 -9 
83 75  -1  4  0 -9 
83 76   1  5  0 -9 
83 84   1  3  0 -9 
83 85  -1  4  0 -9 
84 11   1  6  0 -9 
84 57  -1  5  0 -9 
84 59   1  6  0 -9 
84 72  -1  5  0 -9 
84 75  -1  5  0 -9 
84 76   1  6  0 -9 
84 83   1  3  0 -9 
84 85   1  7  0 -9 
85 85   1  8  0 -9 
86 15  -1  3  0 -9 
86 17  -1  0  0 -9 
86 21  -1  0  0 -9 
86 22   1  1  0 -9 
86 23  -1  2  0 -9 
86 45   1  1  0 -9 
86 48  -1  2  0 -9 
86 62  -1  0  0 -9 
86 64   1  2  0 -9 
86 67  -1  3  0 -9 
86 70   1 -1  0 -9 
86 71  -1  0  0 -9 
86 72  -1  3  0 -9 
86 73   1  1  0 -9 
86 76   1  4  0 -9 
86 82  -1  0  0 -9 
86 86  -1 -2  0 -9 
86 87  -1  0  0 -9 
86 88   1 -1  0 -9 
86 89   1 -1  0 -9 
86 90  -1  0  0 -9 
86 91   1  1  0 -9 
86 92   1  1  0 -9 
86 93  -1  2  0 -9 
87 80  -1  4  0 -9 
87 85   1  5  0 -9 
87 92   1  3  0 -9 
87 93  -1  4  0 -9 
88 15  -1  4  0 -9 
88 17  -1  1  0 -9 
88 22   1  2  0 -9 
88 23  -1  3  0 -9 
88 64   1  3  0 -9 
88 67  -1  4  0 -9 
88 72  -1  4  0 -9 
88 76   1  5  0 -9 
88 87  -1  1  0 -9 
88 88   1  0  0 -9 
88 90  -1  1  0 -9 
88 91   1  2  0 -9 
88 92   1  2  0 -9 
88 93  -1  3  0 -9 
89  4   1  4  0 -9 
89  8  -1  3  0 -9 
89 14  -1  3  0 -9 
89 17  -1  1  0 -9 
89 19   1  2  0 -9 
89 20  -1  3  0 -9 
89 21  -1  1  0 -9 
89 22   1  2  0 -9 
89 23  -1  3  0 -9 
89 48  -1  3  0 -9 
89 52   1  4  0 -9 
89 56  -1  3  0 -9 
89 65  -1  3  0 -9 
89 71  -1  1  0 -9 
89 72  -1  4  1  2  0 -9 
89 73   1  2  0 -9 
89 76   1  5  0 -9 
89 78   1  2  0 -9 
89 80  -1  3  0 -9 
89 82  -1  1  0 -9 
89 87  -1  1  0 -9 
89 89   1  0  0 -9 
89 90  -1  1  0 -9 
89 91   1  2  0 -9 
89 92   1  2  0 -9 
89 93  -1  3  0 -9 
90 23  -1  4  0 -9 
90 72  -1  5  0 -9 
90 76   1  6  0 -9 
90 91   1  3  0 -9 
90 93  -1  4  0 -9 
91 23  -1  5  0 -9 
91 24   1  6  0 -9 
91 72  -1  4  0 -9 
91 85   1  6  0 -9 
91 90   1  3  0 -9 
91 93  -1  5  0 -9 
92 67   1  6  0 -9 
92 80  -1  5  0 -9 
92 85   1  6  0 -9 
92 87   1  3  0 -9 
92 93  -1  5  0 -9 
93 85   1  7  0 -9 
93 93  -1  6  0 -9 
94 44   1  2  0 -9 
94 46  -1  1  0 -9 
94 47  -1  4  1  2  0 -9 
94 48  -1  4  0 -9 
94 49   1  5  0 -9 
94 94   1  0  0 -9 
94 95  -1  1  0 -9 
94 96   1  3  0 -9 
94 97  -1  4  0 -9 
94 98   1  2  0 -9 
94 99   1  5  0 -9 
95 47  -1  5  0 -9 
95 49   1  6  0 -9 
95 97  -1  5  0 -9 
95 98   1  3  0 -9 
95 99   1  6  0 -9 
96 48   1  7  0 -9 
96 96  -1  6  0 -9 
97 49   1  7  0 -9 
97 97  -1  6  0 -9 
97 99   1  7  0 -9 
98 47  -1  4  0 -9 
98 49   1  5  0 -9 
98 95   1  3  0 -9 
98 97  -1  4  0 -9 
99 99   1  8  0 -9 
100 47  -1  3  0 -9 
100 55  -1  1  0 -9 
100 57  -1  4  0 -9 
100 58   1  2  0 -9 
100 59   1  5  0 -9 
100 95   1  2  0 -9 
100 98  -1  1  0 -9 
100 99  -1  4  0 -9 
100 100   1  0  0 -9 
100 101   1  3  0 -9 
101 99   1  7  0 -9 
101 101  -1  6  0 -9 
102 45   1  2  0 -9 
102 46  -1  0  0 -9 
102 47   1  1  0 -9 
102 48  -1  3  0 -9 
102 94   1 -1  0 -9 
102 95  -1  0  0 -9 
102 96   1  2  0 -9 
102 97  -1  3  0 -9 
102 99   1  4  0 -9 
102 102  -1 -2  0 -9 
102 103   1 -1  0 -9 
102 104   1 -1  0 -9 
102 105  -1  0  0 -9 
102 106  -1  3  0 -9 
102 108   1  2  0 -9 
102 109  -1  3  0 -9 
102 110   1  4  0 -9 
103 97  -1  4  0 -9 
103 99   1  5  0 -9 
103 106  -1  4  0 -9 
103 108   1  3  0 -9 
103 109  -1  4  0 -9 
103 110   1  5  0 -9 
104 45   1  3  0 -9 
104 48  -1  4  0 -9 
104 104   1  0  0 -9 
104 105  -1  1  0 -9 
104 106  -1  4  0 -9 
104 107   1  2  0 -9 
104 110   1  5  0 -9 
105 96  -1  4  0 -9 
105 106  -1  5  0 -9 
105 107   1  3  0 -9 
105 110   1  6  0 -9 
106 106  -1  6  0 -9 
106 110   1  7  0 -9 
107 48   1  6  0 -9 
107 96  -1  5  0 -9 
107 105   1  3  0 -9 
107 106  -1  4  0 -9 
108 49   1  6  0 -9 
108 97  -1  5  0 -9 
108 99   1  6  0 -9 
108 103   1  3  0 -9 
108 106  -1  5  0 -9 
108 109  -1  5  0 -9 
108 110   1  6  0 -9 
109 99   1  7  0 -9 
109 109  -1  6  0 -9 
109 110   1  7  0 -9 
110 110   1  8  0 -9 
111  3  -1  2  0 -9 
111  5   1  3  0 -9 
111  7   1  1  0 -9 
111  9  -1  2 -1  0  0 -9 
111 10  -1  0  0 -9 
111 11   1  1  0 -9 
111 15  -1  2  0 -9 
111 20   1  1  0 -9 
111 22  -1  0  0 -9 
111 23   1  1  0 -9 
111 24  -1  2  0 -9 
111 49  -1  2  0 -9 
111 57  -1  2 -1  0  0 -9 
111 59   1  3  0 -9 
111 69  -1  0  0 -9 
111 72  -1  2 -1  0  0 -9 
111 74   1  1  0 -9 
111 75  -1  2  0 -9 
111 76   1  3  0 -9 
111 81   1 -1  0 -9 
111 83  -1  0  0 -9 
111 84   1  1  0 -9 
111 85  -1  2  0 -9 
111 97   1  1  0 -9 
111 99  -1  2  0 -9 
111 101   1  1  0 -9 
111 106   1  1  0 -9 
111 108  -1  0  0 -9 
111 109   1  1  0 -9 
111 110  -1  2  0 -9 
111 111  -1 -2  0 -9 
111 113   1 -1  0 -9 
111 114  -1  0  0 -9 
111 115   1  1  0 -9 
112  4   1  6  1  4  0 -9 
112  8  -1  5 -1  3 -1  1  0 -9 
112 14  -1  3  0 -9 
112 19   1  2  0 -9 
112 21  -1  1  0 -9 
112 24  -1  4  0 -9 
112 48  -1  3  0 -9 
112 52   1  6  1  4  0 -9 
112 56  -1  5 -1  3 -1  1  0 -9 
112 65  -1  3  0 -9 
112 71  -1  1  0 -9 
112 72  -1  4  0 -9 
112 73   1  2  0 -9 
112 76   1  5  0 -9 
112 78   1  2  0 -9 
112 82  -1  1  0 -9 
112 85  -1  4  0 -9 
112 96   1  2  0 -9 
112 105   1  2  0 -9 
112 107  -1  1  0 -9 
112 110  -1  4  0 -9 
112 112   1  0  0 -9 
112 115   1  3  0 -9 
113  3  -1  3  0 -9 
113  5   1  6  1  4  0 -9 
113  7   1  2  0 -9 
113  9  -1  5 -1  3 -1  1  0 -9 
113 10  -1  1  0 -9 
113 11   1  6  1  2  0 -9 
113 15  -1  3  0 -9 
113 17   1  2  0 -9 
113 20   1  2  0 -9 
113 22  -1  1  0 -9 
113 23  -1  4  1  2  0 -9 
113 24  -1  3  0 -9 
113 49  -1  3  0 -9 
113 57  -1  5 -1  3 -1  1  0 -9 
113 59   1  6  1  4  0 -9 
113 69  -1  1  0 -9 
113 72  -1  5 -1  3 -1  1  0 -9 
113 74   1  2  0 -9 
113 75  -1  3  0 -9 
113 76   1  6  1  4  0 -9 
113 83  -1  1  0 -9 
113 84   1  2  0 -9 
113 85  -1  3  0 -9 
113 97   1  2  0 -9 
113 99  -1  3  0 -9 
113 101   1  2  0 -9 
113 103   1  2  0 -9 
113 106   1  2  0 -9 
113 108  -1  1  0 -9 
113 109  -1  4  1  2  0 -9 
113 110  -1  3  0 -9 
113 113   1  0  0 -9 
113 114  -1  1  0 -9 
113 115   1  2  0 -9 
113 116   1  2  0 -9 
114 11   1  7  0 -9 
114 23  -1  5  0 -9 
114 24   1  6  0 -9 
114 85   1  6  0 -9 
114 99   1  6  0 -9 
114 101  -1  5  0 -9 
114 109  -1  5  0 -9 
114 110   1  6  0 -9 
114 115  -1  5  0 -9 
114 116   1  3  0 -9 
115 24   1  7  0 -9 
115 85   1  7  0 -9 
115 110   1  7  0 -9 
115 115  -1  6  0 -9 
116 11  -1  4  0 -9 
116 23  -1  4  0 -9 
116 24   1  5  0 -9 
116 99   1  5  0 -9 
116 101  -1  4  0 -9 
116 109  -1  4  0 -9 
116 110   1  5  0 -9 
116 114   1  3  0 -9 
116 115  -1  4  0 -9 
117  4   1  3  0 -9 
117  8  -1  2 -1  0  0 -9 
117 14  -1  2  0 -9 
117 17  -1  0  0 -9 
117 19   1  1  0 -9 
117 21  -1  0  0 -9 
117 24  -1  3  0 -9 
117 48  -1  2  0 -9 
117 52   1  3  0 -9 
117 56  -1  2 -1  0  0 -9 
117 65  -1  2  0 -9 
117 71  -1  0  0 -9 
117 72  -1  3  0 -9 
117 73   1  1  0 -9 
117 76   1  4  0 -9 
117 78   1  1  0 -9 
117 82  -1  0  0 -9 
117 85  -1  3  0 -9 
117 87  -1  0  0 -9 
117 89   1 -1  0 -9 
117 90  -1  0  0 -9 
117 91   1  1  0 -9 
117 96   1  1  0 -9 
117 106   1  2  0 -9 
117 107  -1  0  0 -9 
117 110  -1  3  0 -9 
117 112   1 -1  0 -9 
117 115   1  2  0 -9 
117 117  -1 -2  0 -9 
117 118   1 -1  0 -9 
117 119  -1  0  0 -9 
118 23  -1  3  0 -9 
118 72  -1  4  0 -9 
118 76   1  5  0 -9 
118 90  -1  1  0 -9 
118 91   1  2  0 -9 
118 93  -1  3  0 -9 
118 106   1  3  0 -9 
118 110  -1  4  0 -9 
118 118   1  0  0 -9 
118 119  -1  1  0 -9 
118 120   1  2  0 -9 
119 23  -1  4  0 -9 
119 24   1  5  0 -9 
119 85   1  5  0 -9 
119 93  -1  4  0 -9 
119 115  -1  4  0 -9 
119 120   1  3  0 -9 
120 23  -1  5  0 -9 
120 24   1  6  0 -9 
120 85   1  6  0 -9 
120 93  -1  5  0 -9 
120 110   1  6  0 -9 
120 115  -1  5  0 -9 
120 119   1  3  0 -9 
121 49  -1  3  0 -9 
121 50  -1  0  0 -9 
121 52  -1  3  0 -9 
121 53   1  2  0 -9 
121 54   1 -1  0 -9 
121 55  -1  0  0 -9 
121 56   1  2  0 -9 
121 57  -1  3  0 -9 
121 58   1  1  0 -9 
121 59   1  4  0 -9 
121 98  -1  0  0 -9 
121 103  -1  0  0 -9 
121 106  -1  2 -1  0  0 -9 
121 108   1  1  0 -9 
121 109  -1  2  0 -9 
121 110   1  3  0 -9 
121 121  -1 -2  0 -9 
121 122  -1  0  0 -9 
121 123   1 -1  0 -9 
121 124   1  1  0 -9 
121 125   1 -1  0 -9 
121 127  -1  0  0 -9 
121 128   1  1  0 -9 
121 129  -1  2  0 -9 
122 56  -1  4  0 -9 
122 124  -1  5  0 -9 
122 126   1  3  0 -9 
122 129   1  6  0 -9 
123 49  -1  4  0 -9 
123 52  -1  4  0 -9 
123 53   1  3  0 -9 
123 57  -1  4  0 -9 
123 59   1  5  0 -9 
123 103  -1  1  0 -9 
123 106  -1  5 -1  3 -1  1  0 -9 
123 108   1  2  0 -9 
123 109  -1  3  0 -9 
123 110   1  6  1  4  0 -9 
123 122  -1  1  0 -9 
123 123   1  0  0 -9 
123 124   1  2  0 -9 
123 126   1  2  0 -9 
123 127  -1  1  0 -9 
123 128   1  2  0 -9 
123 129  -1  3  0 -9 
124 124  -1  6  0 -9 
124 129   1  7  0 -9 
125 47  -1  3  0 -9 
125 55  -1  1  0 -9 
125 57  -1  4  1  2  0 -9 
125 58   1  2  0 -9 
125 59   1  5  0 -9 
125 95   1  2  0 -9 
125 97  -1  3  0 -9 
125 98  -1  1  0 -9 
125 103  -1  1  0 -9 
125 106  -1  3  0 -9 
125 108   1  2  0 -9 
125 109  -1  3  0 -9 
125 110   1  4  0 -9 
125 125   1  0  0 -9 
125 127  -1  1  0 -9 
125 128   1  2  0 -9 
125 129  -1  3  0 -9 
126 52   1  6  0 -9 
126 56  -1  5  0 -9 
126 122   1  3  0 -9 
126 124  -1  4  0 -9 
127 57  -1  5  0 -9 
127 59   1  6  0 -9 
127 106  -1  4  0 -9 
127 109  -1  4  0 -9 
127 110   1  5  0 -9 
127 128   1  3  0 -9 
127 129  -1  4  0 -9 
128 57  -1  4  0 -9 
128 99   1  6  0 -9 
128 106  -1  5  0 -9 
128 109  -1  5  0 -9 
128 110   1  6  0 -9 
128 127   1  3  0 -9 
128 129   1  7  0 -9 
129 129   1  8  0 -9 
130 47  -1  2  0 -9 
130 55  -1  0  0 -9 
130 57  -1  3  0 -9 
130 58   1  1  0 -9 
130 59   1  4  0 -9 
130 95   1  1  0 -9 
130 98  -1  0  0 -9 
130 99  -1  3  0 -9 
130 100   1 -1  0 -9 
130 101   1  2  0 -9 
130 103  -1  0  0 -9 
130 125   1 -1  0 -9 
130 127  -1  0  0 -9 
130 128   1  1  0 -9 
130 129  -1  2  0 -9 
130 130  -1 -2  0 -9 
130 132   1 -1  0 -9 
130 133  -1  0  0 -9 
130 134   1  1  0 -9 
131 52   1  5  0 -9 
131 56  -1  4  0 -9 
131 122   1  2  0 -9 
131 126  -1  1  0 -9 
131 129  -1  4  0 -9 
131 131   1  0  0 -9 
131 134   1  3  0 -9 
132 57  -1  4  0 -9 
132 59   1  5  0 -9 
132 109  -1  3  0 -9 
132 127  -1  1  0 -9 
132 128   1  2  0 -9 
132 129  -1  3  0 -9 
132 132   1  0  0 -9 
132 133  -1  1  0 -9 
132 134   1  2  0 -9 
132 135   1  2  0 -9 
133 99   1  5  0 -9 
133 101  -1  4  0 -9 
133 109  -1  4  0 -9 
133 129   1  6  0 -9 
133 134  -1  5  0 -9 
133 135   1  3  0 -9 
134 129   1  7  0 -9 
134 134  -1  6  0 -9 
135 99   1  6  0 -9 
135 101  -1  5  0 -9 
135 109  -1  5  0 -9 
135 110   1  6  0 -9 
135 133   1  3  0 -9 
135 134  -1  4  0 -9 
136 52   1  4  0 -9 
136 56  -1  3  0 -9 
136 65  -1  3  0 -9 
136 67   1  4  0 -9 
136 78   1  2  0 -9 
136 80  -1  3  0 -9 
136 82   1 -1  0 -9 
136 92  -1  0  0 -9 
136 93   1  1  0 -9 
136 124   1  2  0 -9 
136 126  -1  0  0 -9 
136 129  -1  3  0 -9 
136 131   1 -1  0 -9 
136 134   1  2  0 -9 
136 136  -1 -2  0 -9 
136 138   1 -1  0 -9 
136 139  -1  0  0 -9 
137 57  -1  3  0 -9 
137 59   1  4  0 -9 
137 72  -1  3  0 -9 
137 75  -1  3  0 -9 
137 76   1  4  0 -9 
137 83   1 -1  0 -9 
137 84   1  2  0 -9 
137 85  -1  3  0 -9 
137 90  -1  0  0 -9 
137 106   1  2  0 -9 
137 110  -1  3  0 -9 
137 116  -1  0  0 -9 
137 118   1 -1  0 -9 
137 119  -1  0  0 -9 
137 120   1  1  0 -9 
137 127  -1  0  0 -9 
137 132   1 -1  0 -9 
137 133  -1  0  0 -9 
137 134   1  1  0 -9 
137 135   1  1  0 -9 
137 137  -1 -2  0 -9 
137 140   1 -1  0 -9 
137 141  -1  0  0 -9 
138 67   1  5  0 -9 
138 80  -1  4  0 -9 
138 85   1  5  0 -9 
138 87   1  2  0 -9 
138 92  -1  1  0 -9 
138 93  -1  4  1  2  0 -9 
138 124   1  3  0 -9 
138 129  -1  4  0 -9 
138 138   1  0  0 -9 
138 139  -1  1  0 -9 
138 141   1  2  0 -9 
139 85   1  6  0 -9 
139 93  -1  5  0 -9 
139 134  -1  4  0 -9 
139 141   1  3  0 -9 
140 11  -1  3  0 -9 
140 23  -1  3  0 -9 
140 24   1  4  0 -9 
140 93  -1  3  0 -9 
140 99   1  4  0 -9 
140 101  -1  3  0 -9 
140 109  -1  3  0 -9 
140 114   1  2  0 -9 
140 115  -1  3  0 -9 
140 116  -1  1  0 -9 
140 119  -1  1  0 -9 
140 120   1  2  0 -9 
140 129   1  5  0 -9 
140 133  -1  1  0 -9 
140 134  -1  4  1  2  0 -9 
140 135   1  2  0 -9 
140 139   1  2  0 -9 
140 140   1  0  0 -9 
140 141  -1  1  0 -9 
141 93  -1  4  0 -9 
141 129   1  6  0 -9 
141 134  -1  5  0 -9 
141 139   1  3  0 -9 
142 142   1  0  0 -9 
142 143  -1  1  0 -9 
142 144   1  3  0 -9 
142 145  -1  4  0 -9 
142 146   1  2  0 -9 
142 147   1  5  0 -9 
143 145  -1  5  0 -9 
143 146   1  3  0 -9 
143 147   1  6  0 -9 
144 144  -1  6  0 -9 
145 145  -1  6  0 -9 
145 147   1  7  0 -9 
146 143   1  3  0 -9 
146 145  -1  4  0 -9 
147 147   1  8  0 -9 
148 143   1  2  0 -9 
148 146  -1  1  0 -9 
148 147  -1  4  0 -9 
148 148   1  0  0 -9 
148 149   1  3  0 -9 
149 147   1  7  0 -9 
149 149  -1  6  0 -9 
150 142   1 -1  0 -9 
150 143  -1  0  0 -9 
150 144   1  2  0 -9 
150 145  -1  3  0 -9 
150 147   1  4  0 -9 
150 150  -1 -2  0 -9 
150 151   1 -1  0 -9 
150 152   1 -1  0 -9 
150 153  -1  0  0 -9 
150 154  -1  3  0 -9 
150 156   1  2  0 -9 
150 157  -1  3  0 -9 
150 158   1  4  0 -9 
151 145  -1  4  0 -9 
151 147   1  5  0 -9 
151 154  -1  4  0 -9 
151 156   1  3  0 -9 
151 157  -1  4  0 -9 
151 158   1  5  0 -9 
152 152   1  0  0 -9 
152 153  -1  1  0 -9 
152 154  -1  4  0 -9 
152 155   1  2  0 -9 
152 158   1  5  0 -9 
153 144  -1  4  0 -9 
153 154  -1  5  0 -9 
153 155   1  3  0 -9 
153 158   1  6  0 -9 
154 154  -1  6  0 -9 
154 158   1  7  0 -9 
155 144  -1  5  0 -9 
155 153   1  3  0 -9 
155 154  -1  4  0 -9 
156 145  -1  5  0 -9 
156 147   1  6  0 -9 
156 151   1  3  0 -9 
156 154  -1  5  0 -9 
156 157  -1  5  0 -9 
156 158   1  6  0 -9 
157 147   1  7  0 -9 
157 157  -1  6  0 -9 
157 158   1  7  0 -9 
158 158   1  8  0 -9 
159 145   1  1  0 -9 
159 147  -1  2  0 -9 
159 149   1  1  0 -9 
159 154   1  1  0 -9 
159 156  -1  0  0 -9 
159 157   1  1  0 -9 
159 158  -1  2  0 -9 
159 159  -1 -2  0 -9 
159 161   1 -1  0 -9 
159 162  -1  0  0 -9 
159 163   1  1  0 -9 
160 144   1  2  0 -9 
160 153   1  2  0 -9 
160 155  -1  1  0 -9 
160 158  -1  4  0 -9 
160 160   1  0  0 -9 
160 163   1  3  0 -9 
161 145   1  2  0 -9 
161 147  -1  3  0 -9 
161 149   1  2  0 -9 
161 151   1  2  0 -9 
161 154   1  2  0 -9 
161 156  -1  1  0 -9 
161 157  -1  4  1  2  0 -9 
161 158  -1  3  0 -9 
161 161   1  0  0 -9 
161 162  -1  1  0 -9 
161 163   1  2  0 -9 
161 164   1  2  0 -9 
162 147   1  6  0 -9 
162 149  -1  5  0 -9 
162 157  -1  5  0 -9 
162 158   1  6  0 -9 
162 163  -1  5  0 -9 
162 164   1  3  0 -9 
163 158   1  7  0 -9 
163 163  -1  6  0 -9 
164 147   1  5  0 -9 
164 149  -1  4  0 -9 
164 157  -1  4  0 -9 
164 158   1  5  0 -9 
164 162   1  3  0 -9 
164 163  -1  4  0 -9 
165 144   1  1  0 -9 
165 154   1  2  0 -9 
165 155  -1  0  0 -9 
165 158  -1  3  0 -9 
165 160   1 -1  0 -9 
165 163   1  2  0 -9 
165 165  -1 -2  0 -9 
165 166   1 -1  0 -9 
165 167  -1  0  0 -9 
166 154   1  3  0 -9 
166 158  -1  4  0 -9 
166 166   1  0  0 -9 
166 167  -1  1  0 -9 
166 168   1  2  0 -9 
167 163  -1  4  0 -9 
167 168   1  3  0 -9 
168 158   1  6  0 -9 
168 163  -1  5  0 -9 
168 167   1  3  0 -9 
169 47  -1  3  0 -9 
169 49   1  4  0 -9 
169 95   1  2  0 -9 
169 97  -1  3  0 -9 
169 98   1 -1  0 -9 
169 106   1  1  0 -9 
169 108  -1  0  0 -9 
169 109   1  1  0 -9 
169 110  -1  2  0 -9 
169 145   1  2  0 -9 
169 146  -1  0  0 -9 
169 147  -1  3  0 -9 
169 148   1 -1  0 -9 
169 149   1  2  0 -9 
169 169  -1 -2  0 -9 
169 171   1 -1  0 -9 
169 172  -1  0  0 -9 
169 173   1  1  0 -9 
170 48   1  5  0 -9 
170 96  -1  4  0 -9 
170 105   1  2  0 -9 
170 107  -1  1  0 -9 
170 110  -1  4  0 -9 
170 144   1  3  0 -9 
170 170   1  0  0 -9 
170 173   1  3  0 -9 
171 49   1  5  0 -9 
171 97  -1  4  0 -9 
171 99   1  5  0 -9 
171 103   1  2  0 -9 
171 106   1  2  0 -9 
171 108  -1  1  0 -9 
171 109  -1  4  1  2  0 -9 
171 110  -1  3  0 -9 
171 145   1  3  0 -9 
171 147  -1  4  0 -9 
171 171   1  0  0 -9 
171 172  -1  1  0 -9 
171 173   1  2  0 -9 
171 174   1  2  0 -9 
172 99   1  6  0 -9 
172 109  -1  5  0 -9 
172 110   1  6  0 -9 
172 149  -1  4  0 -9 
172 173  -1  5  0 -9 
172 174   1  3  0 -9 
173 110   1  7  0 -9 
173 173  -1  6  0 -9 
174 109  -1  4  0 -9 
174 110   1  5  0 -9 
174 147   1  6  0 -9 
174 149  -1  5  0 -9 
174 172   1  3  0 -9 
174 173  -1  4  0 -9 
175 109  -1  3  0 -9 
175 129   1  5  0 -9 
175 133  -1  1  0 -9 
175 134  -1  4  0 -9 
175 135   1  2  0 -9 
175 147   1  5  0 -9 
175 149  -1  4  0 -9 
175 172   1  2  0 -9 
175 174  -1  1  0 -9 
175 175   1  0  0 -9 
176 32  -1  3  0 -9 
176 33   1  4  0 -9 
176 37   1  2  0 -9 
176 38  -1  3  0 -9 
176 39   1 -1  0 -9 
176 43  -1  0  0 -9 
176 93  -1  2  0 -9 
176 110  -1  3  0 -9 
176 116  -1  0  0 -9 
176 119  -1  0  0 -9 
176 120   1  1  0 -9 
176 129   1  4  0 -9 
176 133  -1  0  0 -9 
176 134  -1  3  0 -9 
176 135   1  1  0 -9 
176 139   1  1  0 -9 
176 140   1 -1  0 -9 
176 141  -1  0  0 -9 
176 147   1  4  0 -9 
176 149  -1  3  0 -9 
176 157  -1  3  0 -9 
176 158   1  4  0 -9 
176 162   1  2  0 -9 
176 163  -1  3  0 -9 
176 164   1 -1  0 -9 
176 168  -1  0  0 -9 
176 173   1  2  0 -9 
176 174  -1  0  0 -9 
176 175   1 -1  0 -9 
176 176  -1 -2  0 -9 
176 177   1 -1  0 -9 
177 23  -1  3  0 -9 
177 33   1  5  0 -9 
177 38  -1  4  0 -9 
177 42   1  2  0 -9 
177 43  -1  1  0 -9 
177 93  -1  3  0 -9 
177 110  -1  4  0 -9 
177 119  -1  1  0 -9 
177 120   1  2  0 -9 
177 129   1  5  0 -9 
177 134  -1  4  0 -9 
177 139   1  2  0 -9 
177 141  -1  1  0 -9 
177 158   1  5  0 -9 
177 163  -1  4  0 -9 
177 167   1  2  0 -9 
177 168  -1  1  0 -9 
177 173   1  3  0 -9 
177 177   1  0  0 -9 
178 178   1  0  0 -9 
178 179  -1  1  0 -9 
178 180   1  3  0 -9 
178 181  -1  4  0 -9 
178 182   1  2  0 -9 
178 183   1  5  0 -9 
179 181  -1  5  0 -9 
179 182   1  3  0 -9 
179 183   1  6  0 -9 
180 180  -1  6  0 -9 
181 181  -1  6  0 -9 
181 183   1  7  0 -9 
182 179   1  3  0 -9 
182 181  -1  4  0 -9 
183 183   1  8  0 -9 
184 146  -1  0  0 -9 
184 151  -1  0  0 -9 
184 154  -1  2 -1  0  0 -9 
184 156   1  1  0 -9 
184 157  -1  2  0 -9 
184 158   1  3  0 -9 
184 178   1 -1  0 -9 
184 179  -1  0  0 -9 
184 180   1  2  0 -9 
184 181  -1  3  0 -9 
184 182   1  1  0 -9 
184 183   1  4  0 -9 
184 184  -1 -2  0 -9 
184 185  -1  0  0 -9 
184 186   1 -1  0 -9 
184 187   1  1  0 -9 
184 188   1 -1  0 -9 
184 190  -1  0  0 -9 
184 191   1  1  0 -9 
184 192  -1  2  0 -9 
185 180  -1  4  0 -9 
185 187  -1  5  0 -9 
185 189   1  3  0 -9 
185 192   1  6  0 -9 
186 151  -1  1  0 -9 
186 154  -1  5 -1  3 -1  1  0 -9 
186 156   1  2  0 -9 
186 157  -1  3  0 -9 
186 158   1  6  1  4  0 -9 
186 181  -1  4  0 -9 
186 183   1  5  0 -9 
186 185  -1  1  0 -9 
186 186   1  0  0 -9 
186 187   1  2  0 -9 
186 189   1  2  0 -9 
186 190  -1  1  0 -9 
186 191   1  2  0 -9 
186 192  -1  3  0 -9 
187 187  -1  6  0 -9 
187 192   1  7  0 -9 
188 143   1  2  0 -9 
188 145  -1  3  0 -9 
188 146  -1  1  0 -9 
188 151  -1  1  0 -9 
188 154  -1  3  0 -9 
188 156   1  2  0 -9 
188 157  -1  3  0 -9 
188 158   1  4  0 -9 
188 179  -1  1  0 -9 
188 181  -1  4  1  2  0 -9 
188 182   1  2  0 -9 
188 183   1  5  0 -9 
188 188   1  0  0 -9 
188 190  -1  1  0 -9 
188 191   1  2  0 -9 
188 192  -1  3  0 -9 
189 180  -1  5  0 -9 
189 185   1  3  0 -9 
189 187  -1  4  0 -9 
190 154  -1  4  0 -9 
190 157  -1  4  0 -9 
190 158   1  5  0 -9 
190 181  -1  5  0 -9 
190 183   1  6  0 -9 
190 191   1  3  0 -9 
190 192  -1  4  0 -9 
191 147   1  6  0 -9 
191 154  -1  5  0 -9 
191 157  -1  5  0 -9 
191 158   1  6  0 -9 
191 181  -1  4  0 -9 
191 190   1  3  0 -9 
191 192   1  7  0 -9 
192 192   1  8  0 -9 
193 143   1  1  0 -9 
193 146  -1  0  0 -9 
193 147  -1  3  0 -9 
193 148   1 -1  0 -9 
193 149   1  2  0 -9 
193 151  -1  0  0 -9 
193 179  -1  0  0 -9 
193 181   1  1  0 -9 
193 188   1 -1  0 -9 
193 190  -1  0  0 -9 
193 191   1  1  0 -9 
193 192  -1  2  0 -9 
193 193  -1 -2  0 -9 
193 195   1 -1  0 -9 
193 196  -1  0  0 -9 
193 197   1  1  0 -9 
194 180   1  2  0 -9 
194 185   1  2  0 -9 
194 189  -1  1  0 -9 
194 192  -1  4  0 -9 
194 194   1  0  0 -9 
194 197   1  3  0 -9 
195 157  -1  3  0 -9 
195 181   1  2  0 -9 
195 183  -1  3  0 -9 
195 190  -1  1  0 -9 
195 191   1  2  0 -9 
195 192  -1  3  0 -9 
195 195   1  0  0 -9 
195 196  -1  1  0 -9 
195 197   1  2  0 -9 
195 198   1  2  0 -9 
196 147   1  5  0 -9 
196 149  -1  4  0 -9 
196 157  -1  4  0 -9 
196 183  -1  4  0 -9 
196 192   1  6  0 -9 
196 197  -1  5  0 -9 
196 198   1  3  0 -9 
197 192   1  7  0 -9 
197 197  -1  6  0 -9 
198 147   1  6  0 -9 
198 149  -1  5  0 -9 
198 157  -1  5  0 -9 
198 158   1  6  0 -9 
198 183   1  7  0 -9 
198 196   1  3  0 -9 
198 197  -1  4  0 -9 
199 180   1  1  0 -9 
199 187   1  2  0 -9 
199 189  -1  0  0 -9 
199 192  -1  3  0 -9 
199 194   1 -1  0 -9 
199 197   1  2  0 -9 
199 199  -1 -2  0 -9 
199 201   1 -1  0 -9 
199 202  -1  0  0 -9 
200 154   1  2  0 -9 
200 158  -1  3  0 -9 
200 164  -1  0  0 -9 
200 166   1 -1  0 -9 
200 167  -1  0  0 -9 
200 168   1  1  0 -9 
200 181   1  1  0 -9 
200 183  -1  2  0 -9 
200 190  -1  0  0 -9 
200 195   1 -1  0 -9 
200 196  -1  0  0 -9 
200 197   1  1  0 -9 
200 198   1  1  0 -9 
200 200  -1 -2  0 -9 
200 203   1 -1  0 -9 
200 204  -1  0  0 -9 
201 187   1  3  0 -9 
201 192  -1  4  0 -9 
201 201   1  0  0 -9 
201 202  -1  1  0 -9 
201 204   1  2  0 -9 
202 197  -1  4  0 -9 
202 204   1  3  0 -9 
203 147   1  4  0 -9 
203 149  -1  3  0 -9 
203 157  -1  3  0 -9 
203 162   1  2  0 -9 
203 163  -1  3  0 -9 
203 164  -1  1  0 -9 
203 167  -1  1  0 -9 
203 168   1  2  0 -9 
203 183  -1  3  0 -9 
203 192   1  5  0 -9 
203 196  -1  1  0 -9 
203 197  -1  4  1  2  0 -9 
203 198   1  2  0 -9 
203 202   1  2  0 -9 
203 203   1  0  0 -9 
203 204  -1  1  0 -9 
204 192   1  6  0 -9 
204 197  -1  5  0 -9 
204 202   1  3  0 -9 
205 179   1  2  0 -9 
205 182  -1  1  0 -9 
205 183  -1  4  0 -9 
205 205   1  0  0 -9 
205 206   1  3  0 -9 
206 183   1  7  0 -9 
206 206  -1  6  0 -9 
207 181   1  2  0 -9 
207 182  -1  0  0 -9 
207 183  -1  3  0 -9 
207 205   1 -1  0 -9 
207 206   1  2  0 -9 
207 207  -1 -2  0 -9 
207 209   1 -1  0 -9 
207 210  -1  0  0 -9 
207 211   1  1  0 -9 
208 180   1  3  0 -9 
208 208   1  0  0 -9 
208 211   1  3  0 -9 
209 181   1  3  0 -9 
209 183  -1  4  0 -9 
209 209   1  0  0 -9 
209 210  -1  1  0 -9 
209 211   1  2  0 -9 
209 212   1  2  0 -9 
210 206  -1  4  0 -9 
210 211  -1  5  0 -9 
210 212   1  3  0 -9 
211 211  -1  6  0 -9 
212 183   1  6  0 -9 
212 206  -1  5  0 -9 
212 210   1  3  0 -9 
212 211  -1  4  0 -9 
213 147   1  6  1  4  0 -9 
213 149  -1  5 -1  3 -1  1  0 -9 
213 157  -1  3  0 -9 
213 162   1  2  0 -9 
213 164  -1  1  0 -9 
213 183  -1  3  0 -9 
213 192   1  5  0 -9 
213 196  -1  1  0 -9 
213 197  -1  4  0 -9 
213 198   1  2  0 -9 
213 206   1  2  0 -9 
213 210   1  2  0 -9 
213 212  -1  1  0 -9 
213 213   1  0  0 -9 
214 147   1  3  0 -9 
214 149  -1  2 -1  0  0 -9 
214 157  -1  2  0 -9 
214 162   1  1  0 -9 
214 164  -1  0  0 -9 
214 167  -1  0  0 -9 
214 183  -1  2  0 -9 
214 192   1  4  0 -9 
214 196  -1  0  0 -9 
214 197  -1  3  0 -9 
214 198   1  1  0 -9 
214 202   1  1  0 -9 
214 203   1 -1  0 -9 
214 204  -1  0  0 -9 
214 206   1  1  0 -9 
214 211   1  2  0 -9 
214 212  -1  0  0 -9 
214 213   1 -1  0 -9 
214 214  -1 -2  0 -9 
214 215   1 -1  0 -9 
215 192   1  5  0 -9 
215 197  -1  4  0 -9 
215 202   1  2  0 -9 
215 204  -1  1  0 -9 
215 211   1  3  0 -9 
215 215   1  0  0 -9 
216 45  -1  4  0 -9 
216 48   1  5  0 -9 
216 217   1  3  0 -9 
216 218  -1  4  0 -9 
217 45  -1  5  0 -9 
217 48   1  6  0 -9 
217 216   1  3  0 -9 
217 218  -1  5  0 -9 
217 219   1  6  0 -9 
218 48   1  7  0 -9 
218 218  -1  6  0 -9 
218 219   1  7  0 -9 
219 219   1  8  0 -9 
220 45  -1  3  0 -9 
220 48   1  4  0 -9 
220 52  -1  3  0 -9 
220 216  -1  1  0 -9 
220 217   1  2  0 -9 
220 218  -1  3  0 -9 
220 220   1  0  0 -9 
220 221  -1  1  0 -9 
220 222  -1  1  0 -9 
220 223   1  2  0 -9 
220 224  -1  3  0 -9 
220 225  -1  3  0 -9 
220 226   1  2  0 -9 
220 227   1  4  0 -9 
221 224  -1  4  0 -9 
221 225  -1  4  0 -9 
221 226   1  3  0 -9 
221 227   1  5  0 -9 
222 45  -1  4  0 -9 
222 48   1  5  0 -9 
222 52  -1  4  0 -9 
222 218  -1  4  0 -9 
222 219   1  5  0 -9 
222 223   1  3  0 -9 
222 224  -1  4  0 -9 
222 225  -1  4  0 -9 
222 227   1  5  0 -9 
223 45  -1  5  0 -9 
223 48   1  6  0 -9 
223 52   1  7  0 -9 
223 218  -1  5  0 -9 
223 219   1  6  0 -9 
223 222   1  3  0 -9 
223 224  -1  5  0 -9 
223 225  -1  5  0 -9 
223 227   1  6  0 -9 
224 219   1  7  0 -9 
224 224  -1  6  0 -9 
224 227   1  7  0 -9 
225 225  -1  6  0 -9 
225 227   1  7  0 -9 
226 219   1  6  0 -9 
226 221   1  3  0 -9 
226 224  -1  5  0 -9 
226 225  -1  5  0 -9 
226 227   1  6  0 -9 
227 227   1  8  0 -9 
228 52  -1  2  0 -9 
228 56   1  1  0 -9 
228 216  -1  0  0 -9 
228 219  -1  3  0 -9 
228 220   1 -1  0 -9 
228 221  -1  0  0 -9 
228 222  -1  0  0 -9 
228 223   1  1  0 -9 
228 228  -1 -2  0 -9 
228 229   1 -1  0 -9 
228 230   1 -1  0 -9 
228 231  -1  0  0 -9 
228 232  -1  3  0 -9 
228 234   1  2  0 -9 
228 235  -1  3  0 -9 
228 236   1  4  0 -9 
229 219  -1  4  0 -9 
229 232  -1  4  0 -9 
229 234   1  3  0 -9 
229 235  -1  4  0 -9 
229 236   1  5  0 -9 
230 52  -1  3  0 -9 
230 56   1  2  0 -9 
230 218  -1  3  0 -9 
230 222  -1  1  0 -9 
230 223   1  2  0 -9 
230 225  -1  3  0 -9 
230 230   1  0  0 -9 
230 231  -1  1  0 -9 
230 232  -1  4  0 -9 
230 233   1  2  0 -9 
230 236   1  5  0 -9 
231 52   1  6  0 -9 
231 56  -1  5  0 -9 
231 218  -1  4  0 -9 
231 225  -1  4  0 -9 
231 232  -1  5  0 -9 
231 233   1  3  0 -9 
231 236   1  6  0 -9 
232 232  -1  6  0 -9 
232 236   1  7  0 -9 
233 48   1  6  0 -9 
233 56  -1  4  0 -9 
233 218  -1  5  0 -9 
233 219   1  6  0 -9 
233 225  -1  5  0 -9 
233 227   1  6  0 -9 
233 231   1  3  0 -9 
233 232  -1  4  0 -9 
234 219   1  7  0 -9 
234 229   1  3  0 -9 
234 232  -1  5  0 -9 
234 235  -1  5  0 -9 
234 236   1  6  0 -9 
235 235  -1  6  0 -9 
235 236   1  7  0 -9 
236 236   1  8  0 -9 
237 219  -1  2  0 -9 
237 224   1  1  0 -9 
237 225   1  1  0 -9 
237 226  -1  0  0 -9 
237 227  -1  2  0 -9 
237 229  -1  0  0 -9 
237 232  -1  2 -1  0  0 -9 
237 234   1  1  0 -9 
237 235  -1  2  0 -9 
237 236   1  3  0 -9 
237 237  -1 -2  0 -9 
237 238  -1  0  0 -9 
237 239   1 -1  0 -9 
237 240   1  1  0 -9 
237 241   1 -1  0 -9 
237 243  -1  0  0 -9 
237 244   1  1  0 -9 
237 245  -1  2  0 -9 
238 225  -1  5  0 -9 
238 227   1  6  0 -9 
238 240  -1  5  0 -9 
238 242   1  3  0 -9 
238 245   1  6  0 -9 
239 219  -1  3  0 -9 
239 221   1  2  0 -9 
239 224   1  2  0 -9 
239 225  -1  4  1  2  0 -9 
239 226  -1  1  0 -9 
239 227  -1  3  0 -9 
239 229  -1  1  0 -9 
239 232  -1  5 -1  3 -1  1  0 -9 
239 234   1  2  0 -9 
239 235  -1  3  0 -9 
239 236   1  6  1  4  0 -9 
239 238  -1  1  0 -9 
239 239   1  0  0 -9 
239 240   1  2  0 -9 
239 242   1  2  0 -9 
239 243  -1  1  0 -9 
239 244   1  2  0 -9 
239 245  -1  3  0 -9 
240 227   1  7  0 -9 
240 240  -1  6  0 -9 
240 245   1  7  0 -9 
241 219  -1  3  0 -9 
241 229  -1  1  0 -9 
241 232  -1  3  0 -9 
241 234   1  2  0 -9 
241 235  -1  3  0 -9 
241 236   1  4  0 -9 
241 241   1  0  0 -9 
241 243  -1  1  0 -9 
241 244   1  2  0 -9 
241 245  -1  3  0 -9 
242 225  -1  4  0 -9 
242 227   1  5  0 -9 
242 238   1  3  0 -9 
242 240  -1  4  0 -9 
243 232  -1  4  0 -9 
243 235  -1  4  0 -9 
243 236   1  5  0 -9 
243 244   1  3  0 -9 
243 245  -1  4  0 -9 
244 232  -1  5  0 -9 
244 235  -1  5  0 -9 
244 236   1  6  0 -9 
244 243   1  3  0 -9 
244 245   1  7  0 -9 
245 245   1  8  0 -9 
246 45   1  1  0 -9 
246 48  -1  2  0 -9 
246 96   1  1  0 -9 
246 217  -1  0  0 -9 
246 218   1  1  0 -9 
246 246  -1 -2  0 -9 
246 247   1 -1  0 -9 
246 248   1 -1  0 -9 
246 249  -1  0  0 -9 
246 250  -1  3  0 -9 
246 252   1  2  0 -9 
246 253  -1  3  0 -9 
246 254   1  4  0 -9 
247 250  -1  4  0 -9 
247 252   1  3  0 -9 
247 253  -1  4  0 -9 
247 254   1  5  0 -9 
248 45   1  2  0 -9 
248 48  -1  3  0 -9 
248 96   1  2  0 -9 
248 216   1  2  0 -9 
248 217  -1  1  0 -9 
248 218  -1  4  1  2  0 -9 
248 219   1  5  0 -9 
248 248   1  0  0 -9 
248 249  -1  1  0 -9 
248 250  -1  4  0 -9 
248 251   1  2  0 -9 
248 254   1  5  0 -9 
249 48   1  6  0 -9 
249 96  -1  5  0 -9 
249 218  -1  5  0 -9 
249 219   1  6  0 -9 
249 250  -1  5  0 -9 
249 251   1  3  0 -9 
249 254   1  6  0 -9 
250 219   1  7  0 -9 
250 250  -1  6  0 -9 
250 254   1  7  0 -9 
251 48   1  5  0 -9 
251 96  -1  4  0 -9 
251 218  -1  4  0 -9 
251 219   1  5  0 -9 
251 249   1  3  0 -9 
251 250  -1  4  0 -9 
252 219   1  6  0 -9 
252 247   1  3  0 -9 
252 250  -1  5  0 -9 
252 253  -1  5  0 -9 
252 254   1  6  0 -9 
253 253  -1  6  0 -9 
253 254   1  7  0 -9 
254 254   1  8  0 -9 
255 219  -1  2  0 -9 
255 229  -1  0  0 -9 
255 232  -1  2 -1  0  0 -9 
255 234   1  1  0 -9 
255 235  -1  2  0 -9 
255 236   1  3  0 -9 
255 241   1 -1  0 -9 
255 243  -1  0  0 -9 
255 244   1  1  0 -9 
255 245  -1  2  0 -9 
255 250   1  1  0 -9 
255 252  -1  0  0 -9 
255 253   1  1  0 -9 
255 254  -1  2  0 -9 
255 255  -1 -2  0 -9 
255 257   1 -1  0 -9 
255 258  -1  0  0 -9 
255 259   1  1  0 -9 
256 52   1  5  0 -9 
256 56  -1  4  0 -9 
256 218  -1  3  0 -9 
256 225  -1  3  0 -9 
256 231  -1  1  0 -9 
256 232  -1  4  0 -9 
256 233   1  2  0 -9 
256 236   1  5  0 -9 
256 238   1  2  0 -9 
256 242  -1  1  0 -9 
256 245  -1  4  0 -9 
256 249   1  2  0 -9 
256 251  -1  1  0 -9 
256 254  -1  4  0 -9 
256 256   1  0  0 -9 
256 259   1  3  0 -9 
257 219  -1  3  0 -9 
257 229  -1  1  0 -9 
257 232  -1  5 -1  3 -1  1  0 -9 
257 234   1  2  0 -9 
257 235  -1  3  0 -9 
257 236   1  6  1  4  0 -9 
257 243  -1  1  0 -9 
257 244   1  2  0 -9 
257 245  -1  3  0 -9 
257 247   1  2  0 -9 
257 250   1  2  0 -9 
257 252  -1  1  0 -9 
257 253  -1  4  1  2  0 -9 
257 254  -1  3  0 -9 
257 257   1  0  0 -9 
257 258  -1  1  0 -9 
257 259   1  2  0 -9 
257 260   1  2  0 -9 
258 245   1  6  0 -9 
258 253  -1  5  0 -9 
258 254   1  6  0 -9 
258 259  -1  5  0 -9 
258 260   1  3  0 -9 
259 245   1  7  0 -9 
259 254   1  7  0 -9 
259 259  -1  6  0 -9 
260 253  -1  4  0 -9 
260 254   1  5  0 -9 
260 258   1  3  0 -9 
260 259  -1  4  0 -9 
261 45   1  2  0 -9 
261 48  -1  3  0 -9 
261 56   1  1  0 -9 
261 104   1 -1  0 -9 
261 105  -1  0  0 -9 
261 106  -1  3  0 -9 
261 107   1  1  0 -9 
261 110   1  4  0 -9 
261 126  -1  0  0 -9 
261 219  -1  3  0 -9 
261 222  -1  0  0 -9 
261 224   1  2  0 -9 
261 227  -1  3  0 -9 
261 230   1 -1  0 -9 
261 231  -1  0  0 -9 
261 232  -1  3  0 -9 
261 233   1  1  0 -9 
261 236   1  4  0 -9 
261 242  -1  0  0 -9 
261 247  -1  0  0 -9 
261 251  -1  0  0 -9 
261 252   1  1  0 -9 
261 253  -1  2  0 -9 
261 261  -1 -2  0 -9 
261 262  -1  0  0 -9 
261 263   1 -1  0 -9 
261 264   1 -1  0 -9 
261 265  -1  0  0 -9 
261 266   1  1  0 -9 
261 267   1  1  0 -9 
261 268  -1  2  0 -9 
262 124  -1  4  0 -9 
262 129   1  5  0 -9 
262 240  -1  4  0 -9 
262 245   1  5  0 -9 
262 267   1  3  0 -9 
262 268  -1  4  0 -9 
263 106  -1  4  0 -9 
263 110   1  5  0 -9 
263 219  -1  4  0 -9 
263 224   1  3  0 -9 
263 227  -1  4  0 -9 
263 232  -1  4  0 -9 
263 236   1  5  0 -9 
263 247  -1  1  0 -9 
263 252   1  2  0 -9 
263 253  -1  3  0 -9 
263 262  -1  1  0 -9 
263 263   1  0  0 -9 
263 265  -1  1  0 -9 
263 266   1  2  0 -9 
263 267   1  2  0 -9 
263 268  -1  3  0 -9 
264 52   1  5  0 -9 
264 56  -1  4  1  2  0 -9 
264 96  -1  3  0 -9 
264 105  -1  1  0 -9 
264 106  -1  4  1  2  0 -9 
264 107   1  2  0 -9 
264 110   1  5  0 -9 
264 122   1  2  0 -9 
264 124  -1  3  0 -9 
264 126  -1  1  0 -9 
264 218  -1  3  0 -9 
264 225  -1  3  0 -9 
264 231  -1  1  0 -9 
264 232  -1  4  1  2  0 -9 
264 233   1  2  0 -9 
264 236   1  5  0 -9 
264 238   1  2  0 -9 
264 240  -1  3  0 -9 
264 242  -1  1  0 -9 
264 247  -1  1  0 -9 
264 249   1  2  0 -9 
264 250  -1  3  0 -9 
264 251  -1  1  0 -9 
264 252   1  2  0 -9 
264 253  -1  3  0 -9 
264 262  -1  1  0 -9 
264 264   1  0  0 -9 
264 265  -1  1  0 -9 
264 266   1  2  0 -9 
264 267   1  2  0 -9 
264 268  -1  3  0 -9 
265 106  -1  5  0 -9 
265 110   1  6  0 -9 
265 232  -1  5  0 -9 
265 236   1  6  0 -9 
265 253  -1  4  0 -9 
265 266   1  3  0 -9 
265 268  -1  4  0 -9 
266 106  -1  4  0 -9 
266 129   1  6  0 -9 
266 232  -1  4  0 -9 
266 245   1  6  0 -9 
266 253  -1  5  0 -9 
266 254   1  6  0 -9 
266 265   1  3  0 -9 
266 268  -1  5  0 -9 
267 124  -1  5  0 -9 
267 129   1  6  0 -9 
267 227   1  6  0 -9 
267 240  -1  5  0 -9 
267 245   1  6  0 -9 
267 262   1  3  0 -9 
267 268  -1  5  0 -9 
268 129   1  7  0 -9 
268 245   1  7  0 -9 
268 268  -1  6  0 -9 
269 52   1  4  0 -9 
269 56  -1  3  0 -9 
269 105  -1  0  0 -9 
269 106   1  1  0 -9 
269 122   1  1  0 -9 
269 126  -1  0  0 -9 
269 129  -1  3  0 -9 
269 131   1 -1  0 -9 
269 134   1  2  0 -9 
269 218  -1  2  0 -9 
269 225  -1  2  0 -9 
269 231  -1  0  0 -9 
269 232  -1  3  0 -9 
269 233   1  1  0 -9 
269 236   1  4  0 -9 
269 238   1  1  0 -9 
269 242  -1  0  0 -9 
269 245  -1  3  0 -9 
269 247  -1  0  0 -9 
269 249   1  1  0 -9 
269 251  -1  0  0 -9 
269 254  -1  3  0 -9 
269 256   1 -1  0 -9 
269 259   1  2  0 -9 
269 262  -1  0  0 -9 
269 264   1 -1  0 -9 
269 265  -1  0  0 -9 
269 266   1  1  0 -9 
269 269  -1 -2  0 -9 
269 270   1 -1  0 -9 
269 271  -1  0  0 -9 
270 106   1  2  0 -9 
270 110  -1  3  0 -9 
270 232  -1  4  0 -9 
270 236   1  5  0 -9 
270 253  -1  3  0 -9 
270 265  -1  1  0 -9 
270 266   1  2  0 -9 
270 268  -1  3  0 -9 
270 270   1  0  0 -9 
270 271  -1  1  0 -9 
270 272   1  2  0 -9 
271 110  -1  4  0 -9 
271 129   1  5  0 -9 
271 134  -1  4  0 -9 
271 245   1  5  0 -9 
271 253  -1  4  0 -9 
271 254   1  5  0 -9 
271 259  -1  4  0 -9 
271 268  -1  4  0 -9 
271 272   1  3  0 -9 
272 110   1  7  0 -9 
272 129   1  6  0 -9 
272 134  -1  5  0 -9 
272 245   1  6  0 -9 
272 253  -1  5  0 -9 
272 254   1  6  0 -9 
272 259  -1  5  0 -9 
272 268  -1  5  0 -9 
272 271   1  3  0 -9 
273 124   1  1  0 -9 
273 129  -1  2  0 -9 
273 134   1  1  0 -9 
273 225  -1  3  0 -9 
273 227   1  4  0 -9 
273 238   1  2  0 -9 
273 240  -1  3  0 -9 
273 242   1 -1  0 -9 
273 267  -1  0  0 -9 
273 268   1  1  0 -9 
273 273  -1 -2  0 -9 
273 275   1 -1  0 -9 
273 276  -1  0  0 -9 
274 106   1  1  0 -9 
274 110  -1  2  0 -9 
274 232  -1  3  0 -9 
274 235  -1  3  0 -9 
274 236   1  4  0 -9 
274 243   1 -1  0 -9 
274 244   1  2  0 -9 
274 245  -1  3  0 -9 
274 260  -1  0  0 -9 
274 265  -1  0  0 -9 
274 270   1 -1  0 -9 
274 271  -1  0  0 -9 
274 272   1  1  0 -9 
274 274  -1 -2  0 -9 
274 277   1 -1  0 -9 
274 278  -1  0  0 -9 
275 124   1  2  0 -9 
275 129  -1  3  0 -9 
275 134   1  2  0 -9 
275 227   1  5  0 -9 
275 240  -1  4  0 -9 
275 245   1  5  0 -9 
275 262   1  2  0 -9 
275 267  -1  1  0 -9 
275 268  -1  4  1  2  0 -9 
275 275   1  0  0 -9 
275 276  -1  1  0 -9 
275 278   1  2  0 -9 
276 129   1  6  0 -9 
276 134  -1  5  0 -9 
276 245   1  6  0 -9 
276 268  -1  5  0 -9 
276 278   1  3  0 -9 
277 110  -1  3  0 -9 
277 129   1  4  0 -9 
277 134  -1  3  0 -9 
277 253  -1  3  0 -9 
277 254   1  4  0 -9 
277 258   1  2  0 -9 
277 259  -1  3  0 -9 
277 260  -1  1  0 -9 
277 268  -1  3  0 -9 
277 271  -1  1  0 -9 
277 272   1  2  0 -9 
277 276   1  2  0 -9 
277 277   1  0  0 -9 
277 278  -1  1  0 -9 
278 129   1  5  0 -9 
278 134  -1  4  0 -9 
278 268  -1  4  0 -9 
278 276   1  3  0 -9 
279 144   1  1  0 -9 
279 279  -1 -2  0 -9 
279 280   1 -1  0 -9 
279 281   1 -1  0 -9 
279 282  -1  0  0 -9 
279 283  -1  3  0 -9 
279 285   1  2  0 -9 
279 286  -1  3  0 -9 
279 287   1  4  0 -9 
280 283  -1  4  0 -9 
280 285   1  3  0 -9 
280 286  -1  4  0 -9 
280 287   1  5  0 -9 
281 144   1  2  0 -9 
281 281   1  0  0 -9 
281 282  -1  1  0 -9 
281 283  -1  4  0 -9 
281 284   1  2  0 -9 
281 287   1  5  0 -9 
282 144  -1  5  0 -9 
282 283  -1  5  0 -9 
282 284   1  3  0 -9 
282 287   1  6  0 -9 
283 283  -1  6  0 -9 
283 287   1  7  0 -9 
284 144  -1  4  0 -9 
284 282   1  3  0 -9 
284 283  -1  4  0 -9 
285 280   1  3  0 -9 
285 283  -1  5  0 -9 
285 286  -1  5  0 -9 
285 287   1  6  0 -9 
286 286  -1  6  0 -9 
286 287   1  7  0 -9 
287 287   1  8  0 -9 
288 283   1  1  0 -9 
288 285  -1  0  0 -9 
288 286   1  1  0 -9 
288 287  -1  2  0 -9 
288 288  -1 -2  0 -9 
288 290   1 -1  0 -9 
288 291  -1  0  0 -9 
288 292   1  1  0 -9 
289 282   1  2  0 -9 
289 284  -1  1  0 -9 
289 287  -1  4  0 -9 
289 289   1  0  0 -9 
289 292   1  3  0 -9 
290 280   1  2  0 -9 
290 283   1  2  0 -9 
290 285  -1  1  0 -9 
290 286  -1  4  1  2  0 -9 
290 287  -1  3  0 -9 
290 290   1  0  0 -9 
290 291  -1  1  0 -9 
290 292   1  2  0 -9 
290 293   1  2  0 -9 
291 286  -1  5  0 -9 
291 287   1  6  0 -9 
291 292  -1  5  0 -9 
291 293   1  3  0 -9 
292 287   1  7  0 -9 
292 292  -1  6  0 -9 
293 286  -1  4  0 -9 
293 287   1  5  0 -9 
293 291   1  3  0 -9 
293 292  -1  4  0 -9 
294 48   1  4  0 -9 
294 96  -1  3  0 -9 
294 106   1  2  0 -9 
294 107  -1  0  0 -9 
294 110  -1  3  0 -9 
294 144   1  2  0 -9 
294 170   1 -1  0 -9 
294 173   1  2  0 -9 
294 218  -1  3  0 -9 
294 219   1  4  0 -9 
294 249   1  2  0 -9 
294 250  -1  3  0 -9 
294 251   1 -1  0 -9 
294 252  -1  0  0 -9 
294 253   1  1  0 -9 
294 283   1  2  0 -9 
294 284  -1  0  0 -9 
294 287  -1  3  0 -9 
294 289   1 -1  0 -9 
294 292   1  2  0 -9 
294 294  -1 -2  0 -9 
294 295   1 -1  0 -9 
294 296  -1  0  0 -9 
295 106   1  3  0 -9 
295 110  -1  4  0 -9 
295 219   1  5  0 -9 
295 247   1  2  0 -9 
295 250  -1  4  0 -9 
295 252  -1  1  0 -9 
295 253  -1  4  1  2  0 -9 
295 254   1  5  0 -9 
295 283   1  3  0 -9 
295 287  -1  4  0 -9 
295 295   1  0  0 -9 
295 296  -1  1  0 -9 
295 297   1  2  0 -9 
296 173  -1  4  0 -9 
296 253  -1  5  0 -9 
296 254   1  6  0 -9 
296 292  -1  4  0 -9 
296 297   1  3  0 -9 
297 110   1  6  0 -9 
297 173  -1  5  0 -9 
297 253  -1  4  0 -9 
297 287   1  6  0 -9 
297 292  -1  5  0 -9 
297 296   1  3  0 -9 
298 110  -1  2  0 -9 
298 129   1  3  0 -9 
298 134  -1  2 -1  0  0 -9 
298 173   1  1  0 -9 
298 260  -1  0  0 -9 
298 268  -1  2  0 -9 
298 271  -1  0  0 -9 
298 272   1  1  0 -9 
298 276   1  1  0 -9 
298 277   1 -1  0 -9 
298 278  -1  0  0 -9 
298 286  -1  3  0 -9 
298 287   1  4  0 -9 
298 291   1  2  0 -9 
298 292  -1  3  0 -9 
298 293   1 -1  0 -9 
298 297  -1  0  0 -9 
298 298  -1 -2  0 -9 
298 299   1 -1  0 -9 
299 110  -1  3  0 -9 
299 129   1  6  1  4  0 -9 
299 134  -1  5 -1  3 -1  1  0 -9 
299 173   1  2  0 -9 
299 253  -1  3  0 -9 
299 268  -1  3  0 -9 
299 271  -1  1  0 -9 
299 272   1  2  0 -9 
299 276   1  2  0 -9 
299 278  -1  1  0 -9 
299 287   1  5  0 -9 
299 292  -1  4  0 -9 
299 296   1  2  0 -9 
299 297  -1  1  0 -9 
299 299   1  0  0 -9 
300 180   1  1  0 -9 
300 300  -1 -2  0 -9 
300 301   1 -1  0 -9 
300 302   1 -1  0 -9 
300 303  -1  0  0 -9 
300 304  -1  3  0 -9 
300 306   1  2  0 -9 
300 307  -1  3  0 -9 
300 308   1  4  0 -9 
301 304  -1  4  0 -9 
301 306   1  3  0 -9 
301 307  -1  4  0 -9 
301 308   1  5  0 -9 
302 180   1  2  0 -9 
302 302   1  0  0 -9 
302 303  -1  1  0 -9 
302 304  -1  4  0 -9 
302 305   1  2  0 -9 
302 308   1  5  0 -9 
303 180  -1  5  0 -9 
303 304  -1  5  0 -9 
303 305   1  3  0 -9 
303 308   1  6  0 -9 
304 304  -1  6  0 -9 
304 308   1  7  0 -9 
305 180  -1  4  0 -9 
305 303   1  3  0 -9 
305 304  -1  4  0 -9 
306 301   1  3  0 -9 
306 304  -1  5  0 -9 
306 307  -1  5  0 -9 
306 308   1  6  0 -9 
307 307  -1  6  0 -9 
307 308   1  7  0 -9 
308 308   1  8  0 -9 
309 301  -1  0  0 -9 
309 304  -1  2 -1  0  0 -9 
309 306   1  1  0 -9 
309 307  -1  2  0 -9 
309 308   1  3  0 -9 
309 309  -1 -2  0 -9 
309 310  -1  0  0 -9 
309 311   1 -1  0 -9 
309 312   1  1  0 -9 
309 313   1 -1  0 -9 
309 315  -1  0  0 -9 
309 316   1  1  0 -9 
309 317  -1  2  0 -9 
310 312  -1  5  0 -9 
310 314   1  3  0 -9 
310 317   1  6  0 -9 
311 301  -1  1  0 -9 
311 304  -1  5 -1  3 -1  1  0 -9 
311 306   1  2  0 -9 
311 307  -1  3  0 -9 
311 308   1  6  1  4  0 -9 
311 310  -1  1  0 -9 
311 311   1  0  0 -9 
311 312   1  2  0 -9 
311 314   1  2  0 -9 
311 315  -1  1  0 -9 
311 316   1  2  0 -9 
311 317  -1  3  0 -9 
312 312  -1  6  0 -9 
312 317   1  7  0 -9 
313 301  -1  1  0 -9 
313 304  -1  3  0 -9 
313 306   1  2  0 -9 
313 307  -1  3  0 -9 
313 308   1  4  0 -9 
313 313   1  0  0 -9 
313 315  -1  1  0 -9 
313 316   1  2  0 -9 
313 317  -1  3  0 -9 
314 310   1  3  0 -9 
314 312  -1  4  0 -9 
315 304  -1  4  0 -9 
315 307  -1  4  0 -9 
315 308   1  5  0 -9 
315 316   1  3  0 -9 
315 317  -1  4  0 -9 
316 304  -1  5  0 -9 
316 307  -1  5  0 -9 
316 308   1  6  0 -9 
316 315   1  3  0 -9 
316 317   1  7  0 -9 
317 317   1  8  0 -9 
318 301  -1  0  0 -9 
318 313   1 -1  0 -9 
318 315  -1  0  0 -9 
318 316   1  1  0 -9 
318 317  -1  2  0 -9 
318 318  -1 -2  0 -9 
318 320   1 -1  0 -9 
318 321  -1  0  0 -9 
318 322   1  1  0 -9 
319 310   1  2  0 -9 
319 314  -1  1  0 -9 
319 317  -1  4  0 -9 
319 319   1  0  0 -9 
319 322   1  3  0 -9 
320 307  -1  3  0 -9 
320 315  -1  1  0 -9 
320 316   1  2  0 -9 
320 317  -1  3  0 -9 
320 320   1  0  0 -9 
320 321  -1  1  0 -9 
320 322   1  2  0 -9 
320 323   1  2  0 -9 
321 307  -1  4  0 -9 
321 317   1  6  0 -9 
321 322  -1  5  0 -9 
321 323   1  3  0 -9 
322 317   1  7  0 -9 
322 322  -1  6  0 -9 
323 307  -1  5  0 -9 
323 308   1  6  0 -9 
323 321   1  3  0 -9 
323 322  -1  4  0 -9 
324 152   1 -1  0 -9 
324 153  -1  0  0 -9 
324 154  -1  3  0 -9 
324 155   1  1  0 -9 
324 158   1  4  0 -9 
324 180   1  1  0 -9 
324 189  -1  0  0 -9 
324 280  -1  0  0 -9 
324 284  -1  0  0 -9 
324 285   1  1  0 -9 
324 286  -1  2  0 -9 
324 302   1 -1  0 -9 
324 303  -1  0  0 -9 
324 304  -1  3  0 -9 
324 305   1  1  0 -9 
324 308   1  4  0 -9 
324 314  -1  0  0 -9 
324 324  -1 -2  0 -9 
324 325  -1  0  0 -9 
324 326   1 -1  0 -9 
324 327   1 -1  0 -9 
324 328  -1  0  0 -9 
324 329   1  1  0 -9 
324 330   1  1  0 -9 
324 331  -1  2  0 -9 
325 187  -1  4  0 -9 
325 192   1  5  0 -9 
325 312  -1  4  0 -9 
325 317   1  5  0 -9 
325 330   1  3  0 -9 
325 331  -1  4  0 -9 
326 154  -1  4  0 -9 
326 158   1  5  0 -9 
326 280  -1  1  0 -9 
326 285   1  2  0 -9 
326 286  -1  3  0 -9 
326 304  -1  4  0 -9 
326 308   1  5  0 -9 
326 325  -1  1  0 -9 
326 326   1  0  0 -9 
326 328  -1  1  0 -9 
326 329   1  2  0 -9 
326 330   1  2  0 -9 
326 331  -1  3  0 -9 
327 144  -1  3  0 -9 
327 153  -1  1  0 -9 
327 154  -1  4  1  2  0 -9 
327 155   1  2  0 -9 
327 158   1  5  0 -9 
327 180  -1  4  1  2  0 -9 
327 185   1  2  0 -9 
327 187  -1  3  0 -9 
327 189  -1  1  0 -9 
327 280  -1  1  0 -9 
327 282   1  2  0 -9 
327 283  -1  3  0 -9 
327 284  -1  1  0 -9 
327 285   1  2  0 -9 
327 286  -1  3  0 -9 
327 303  -1  1  0 -9 
327 304  -1  4  1  2  0 -9 
327 305   1  2  0 -9 
327 308   1  5  0 -9 
327 310   1  2  0 -9 
327 312  -1  3  0 -9 
327 314  -1  1  0 -9 
327 325  -1  1  0 -9 
327 327   1  0  0 -9 
327 328  -1  1  0 -9 
327 329   1  2  0 -9 
327 330   1  2  0 -9 
327 331  -1  3  0 -9 
328 154  -1  5  0 -9 
328 158   1  6  0 -9 
328 286  -1  4  0 -9 
328 304  -1  5  0 -9 
328 308   1  6  0 -9 
328 329   1  3  0 -9 
328 331  -1  4  0 -9 
329 154  -1  4  0 -9 
329 192   1  6  0 -9 
329 286  -1  5  0 -9 
329 287   1  6  0 -9 
329 304  -1  4  0 -9 
329 317   1  6  0 -9 
329 328   1  3  0 -9 
329 331  -1  5  0 -9 
330 187  -1  5  0 -9 
330 192   1  6  0 -9 
330 312  -1  5  0 -9 
330 317   1  6  0 -9 
330 325   1  3  0 -9 
330 331  -1  5  0 -9 
331 192   1  7  0 -9 
331 317   1  7  0 -9 
331 331  -1  6  0 -9 
332 153  -1  0  0 -9 
332 154   1  1  0 -9 
332 180   1  1  0 -9 
332 185   1  1  0 -9 
332 189  -1  0  0 -9 
332 192  -1  3  0 -9 
332 194   1 -1  0 -9 
332 197   1  2  0 -9 
332 280  -1  0  0 -9 
332 282   1  1  0 -9 
332 284  -1  0  0 -9 
332 287  -1  3  0 -9 
332 289   1 -1  0 -9 
332 292   1  2  0 -9 
332 303  -1  0  0 -9 
332 304   1  1  0 -9 
332 310   1  1  0 -9 
332 314  -1  0  0 -9 
332 317  -1  3  0 -9 
332 319   1 -1  0 -9 
332 322   1  2  0 -9 
332 325  -1  0  0 -9 
332 327   1 -1  0 -9 
332 328  -1  0  0 -9 
332 329   1  1  0 -9 
332 332  -1 -2  0 -9 
332 333   1 -1  0 -9 
332 334  -1  0  0 -9 
333 154   1  2  0 -9 
333 158  -1  3  0 -9 
333 286  -1  3  0 -9 
333 304   1  2  0 -9 
333 308  -1  3  0 -9 
333 328  -1  1  0 -9 
333 329   1  2  0 -9 
333 331  -1  3  0 -9 
333 333   1  0  0 -9 
333 334  -1  1  0 -9 
333 335   1  2  0 -9 
334 158  -1  4  0 -9 
334 192   1  5  0 -9 
334 197  -1  4  0 -9 
334 286  -1  4  0 -9 
334 287   1  5  0 -9 
334 292  -1  4  0 -9 
334 308  -1  4  0 -9 
334 317   1  5  0 -9 
334 322  -1  4  0 -9 
334 331  -1  4  0 -9 
334 335   1  3  0 -9 
335 158   1  7  0 -9 
335 192   1  6  0 -9 
335 197  -1  5  0 -9 
335 286  -1  5  0 -9 
335 287   1  6  0 -9 
335 292  -1  5  0 -9 
335 308   1  7  0 -9 
335 317   1  6  0 -9 
335 322  -1  5  0 -9 
335 331  -1  5  0 -9 
335 334   1  3  0 -9 
336 187   1  1  0 -9 
336 192  -1  2  0 -9 
336 197   1  1  0 -9 
336 312   1  1  0 -9 
336 317  -1  2  0 -9 
336 322   1  1  0 -9 
336 330  -1  0  0 -9 
336 331   1  1  0 -9 
336 336  -1 -2  0 -9 
336 338   1 -1  0 -9 
336 339  -1  0  0 -9 
337 154   1  1  0 -9 
337 158  -1  2  0 -9 
337 293  -1  0  0 -9 
337 304   1  1  0 -9 
337 308  -1  2  0 -9 
337 328  -1  0  0 -9 
337 333   1 -1  0 -9 
337 334  -1  0  0 -9 
337 335   1  1  0 -9 
337 337  -1 -2  0 -9 
337 340   1 -1  0 -9 
337 341  -1  0  0 -9 
338 187   1  2  0 -9 
338 192  -1  3  0 -9 
338 197   1  2  0 -9 
338 312   1  2  0 -9 
338 317  -1  3  0 -9 
338 322   1  2  0 -9 
338 325   1  2  0 -9 
338 330  -1  1  0 -9 
338 331  -1  4  1  2  0 -9 
338 338   1  0  0 -9 
338 339  -1  1  0 -9 
338 341   1  2  0 -9 
339 192   1  6  0 -9 
339 197  -1  5  0 -9 
339 317   1  6  0 -9 
339 322  -1  5  0 -9 
339 331  -1  5  0 -9 
339 341   1  3  0 -9 
340 158  -1  3  0 -9 
340 192   1  4  0 -9 
340 197  -1  3  0 -9 
340 286  -1  3  0 -9 
340 287   1  4  0 -9 
340 291   1  2  0 -9 
340 292  -1  3  0 -9 
340 293  -1  1  0 -9 
340 308  -1  3  0 -9 
340 317   1  4  0 -9 
340 322  -1  3  0 -9 
340 331  -1  3  0 -9 
340 334  -1  1  0 -9 
340 335   1  2  0 -9 
340 339   1  2  0 -9 
340 340   1  0  0 -9 
340 341  -1  1  0 -9 
341 192   1  5  0 -9 
341 197  -1  4  0 -9 
341 317   1  5  0 -9 
341 322  -1  4  0 -9 
341 331  -1  4  0 -9 
341 339   1  3  0 -9 
342 304   1  1  0 -9 
342 306  -1  0  0 -9 
342 307   1  1  0 -9 
342 308  -1  2  0 -9 
342 342  -1 -2  0 -9 
342 344   1 -1  0 -9 
342 345  -1  0  0 -9 
342 346   1  1  0 -9 
343 303   1  2  0 -9 
343 305  -1  1  0 -9 
343 308  -1  4  0 -9 
343 343   1  0  0 -9 
343 346   1  3  0 -9 
344 301   1  2  0 -9 
344 304   1  2  0 -9 
344 306  -1  1  0 -9 
344 307  -1  4  1  2  0 -9 
344 308  -1  3  0 -9 
344 344   1  0  0 -9 
344 345  -1  1  0 -9 
344 346   1  2  0 -9 
344 347   1  2  0 -9 
345 307  -1  5  0 -9 
345 308   1  6  0 -9 
345 346  -1  5  0 -9 
345 347   1  3  0 -9 
346 308   1  7  0 -9 
346 346  -1  6  0 -9 
347 307  -1  4  0 -9 
347 308   1  5  0 -9 
347 345   1  3  0 -9 
347 346  -1  4  0 -9 
348 307  -1  3  0 -9 
348 317   1  5  0 -9 
348 321  -1  1  0 -9 
348 322  -1  4  0 -9 
348 323   1  2  0 -9 
348 345   1  2  0 -9 
348 347  -1  1  0 -9 
348 348   1  0  0 -9 
349 180   1  2  0 -9 
349 208   1 -1  0 -9 
349 211   1  2  0 -9 
349 304   1  2  0 -9 
349 305  -1  0  0 -9 
349 308  -1  3  0 -9 
349 343   1 -1  0 -9 
349 346   1  2  0 -9 
349 349  -1 -2  0 -9 
349 350   1 -1  0 -9 
349 351  -1  0  0 -9 
350 304   1  3  0 -9 
350 308  -1  4  0 -9 
350 350   1  0  0 -9 
350 351  -1  1  0 -9 
350 352   1  2  0 -9 
351 211  -1  4  0 -9 
351 346  -1  4  0 -9 
351 352   1  3  0 -9 
352 211  -1  5  0 -9 
352 308   1  6  0 -9 
352 346  -1  5  0 -9 
352 351   1  3  0 -9 
353 158  -1  2  0 -9 
353 163   1  1  0 -9 
353 168  -1  0  0 -9 
353 192   1  3  0 -9 
353 197  -1  2 -1  0  0 -9 
353 211   1  1  0 -9 
353 286  -1  2  0 -9 
353 287   1  3  0 -9 
353 291   1  1  0 -9 
353 292  -1  2 -1  0  0 -9 
353 293  -1  0  0 -9 
353 308  -1  2  0 -9 
353 317   1  3  0 -9 
353 322  -1  2 -1  0  0 -9 
353 331  -1  2  0 -9 
353 334  -1  0  0 -9 
353 335   1  1  0 -9 
353 339   1  1  0 -9 
353 340   1 -1  0 -9 
353 341  -1  0  0 -9 
353 346   1  1  0 -9 
353 352  -1  0  0 -9 
353 353  -1 -2  0 -9 
353 354   1 -1  0 -9 
354 158  -1  3  0 -9 
354 163   1  2  0 -9 
354 167   1  2  0 -9 
354 168  -1  1  0 -9 
354 192   1  6  1  4  0 -9 
354 197  -1  5 -1  3 -1  1  0 -9 
354 211   1  2  0 -9 
354 286  -1  3  0 -9 
354 287   1  6  1  4  0 -9 
354 291   1  2  0 -9 
354 292  -1  5 -1  3 -1  1  0 -9 
354 293  -1  1  0 -9 
354 308  -1  3  0 -9 
354 317   1  6  1  4  0 -9 
354 322  -1  5 -1  3 -1  1  0 -9 
354 331  -1  3  0 -9 
354 334  -1  1  0 -9 
354 335   1  2  0 -9 
354 339   1  2  0 -9 
354 341  -1  1  0 -9 
354 346   1  2  0 -9 
354 351   1  2  0 -9 
354 352  -1  1  0 -9 
354 354   1  0  0 -9 
355 211   1  1  0 -9 
355 312   1  2  0 -9 
355 314  -1  0  0 -9 
355 317  -1  3  0 -9 
355 319   1 -1  0 -9 
355 322   1  2  0 -9 
355 355  -1 -2  0 -9 
355 357   1 -1  0 -9 
355 358  -1  0  0 -9 
356 304   1  2  0 -9 
356 308  -1  3  0 -9 
356 315  -1  0  0 -9 
356 320   1 -1  0 -9 
356 321  -1  0  0 -9 
356 322   1  1  0 -9 
356 323   1  1  0 -9 
356 347  -1  0  0 -9 
356 350   1 -1  0 -9 
356 351  -1  0  0 -9 
356 352   1  1  0 -9 
356 356  -1 -2  0 -9 
356 359   1 -1  0 -9 
356 360  -1  0  0 -9 
357 211   1  2  0 -9 
357 312   1  3  0 -9 
357 317  -1  4  0 -9 
357 357   1  0  0 -9 
357 358  -1  1  0 -9 
357 360   1  2  0 -9 
358 211  -1  5  0 -9 
358 322  -1  4  0 -9 
358 360   1  3  0 -9 
359 211  -1  3  0 -9 
359 307  -1  3  0 -9 
359 317   1  5  0 -9 
359 321  -1  1  0 -9 
359 322  -1  4  1  2  0 -9 
359 323   1  2  0 -9 
359 345   1  2  0 -9 
359 346  -1  3  0 -9 
359 347  -1  1  0 -9 
359 351  -1  1  0 -9 
359 352   1  2  0 -9 
359 358   1  2  0 -9 
359 359   1  0  0 -9 
359 360  -1  1  0 -9 
360 211  -1  4  0 -9 
360 317   1  6  0 -9 
360 322  -1  5  0 -9 
360 358   1  3  0 -9 
361 307  -1  2  0 -9 
361 317   1  4  0 -9 
361 321  -1  0  0 -9 
361 322  -1  3  0 -9 
361 323   1  1  0 -9 
361 345   1  1  0 -9 
361 347  -1  0  0 -9 
361 348   1 -1  0 -9 
361 351  -1  0  0 -9 
361 358   1  1  0 -9 
361 359   1 -1  0 -9 
361 360  -1  0  0 -9 
361 361  -1 -2  0 -9 
361 362   1 -1  0 -9 
362 317   1  5  0 -9 
362 322  -1  4  0 -9 
362 358   1  2  0 -9 
362 360  -1  1  0 -9 
362 362   1  0  0 -9 
363 192   1  4  0 -9 
363 197  -1  3  0 -9 
363 204  -1  0  0 -9 
363 211   1  2  0 -9 
363 215   1 -1  0 -9 
363 317   1  4  0 -9 
363 322  -1  3  0 -9 
363 331  -1  3  0 -9 
363 339   1  2  0 -9 
363 341   1 -1  0 -9 
363 360  -1  0  0 -9 
363 362   1 -1  0 -9 
363 363  -1 -2  0 -9 
364 364   1  0  0 -9 
364 365  -1  1  0 -9 
364 366   1  3  0 -9 
364 367  -1  4  0 -9 
364 368   1  2  0 -9 
364 369   1  5  0 -9 
365 367  -1  5  0 -9 
365 368   1  3  0 -9 
365 369   1  6  0 -9 
366 366  -1  6  0 -9 
367 367  -1  6  0 -9 
367 369   1  7  0 -9 
368 365   1  3  0 -9 
368 367  -1  4  0 -9 
369 369   1  8  0 -9 
370 365   1  2  0 -9 
370 368  -1  1  0 -9 
370 369  -1  4  0 -9 
370 370   1  0  0 -9 
370 371   1  3  0 -9 
371 369   1  7  0 -9 
371 371  -1  6  0 -9 
372 364   1 -1  0 -9 
372 365  -1  0  0 -9 
372 366   1  2  0 -9 
372 367  -1  3  0 -9 
372 369   1  4  0 -9 
372 372  -1 -2  0 -9 
372 373   1 -1  0 -9 
372 374   1 -1  0 -9 
372 375  -1  0  0 -9 
372 376  -1  3  0 -9 
372 378   1  2  0 -9 
372 379  -1  3  0 -9 
372 380   1  4  0 -9 
373 367  -1  4  0 -9 
373 369   1  5  0 -9 
373 376  -1  4  0 -9 
373 378   1  3  0 -9 
373 379  -1  4  0 -9 
373 380   1  5  0 -9 
374 374   1  0  0 -9 
374 375  -1  1  0 -9 
374 376  -1  4  0 -9 
374 377   1  2  0 -9 
374 380   1  5  0 -9 
375 366  -1  4  0 -9 
375 376  -1  5  0 -9 
375 377   1  3  0 -9 
375 380   1  6  0 -9 
376 376  -1  6  0 -9 
376 380   1  7  0 -9 
377 366  -1  5  0 -9 
377 375   1  3  0 -9 
377 376  -1  4  0 -9 
378 367  -1  5  0 -9 
378 369   1  6  0 -9 
378 373   1  3  0 -9 
378 376  -1  5  0 -9 
378 379  -1  5  0 -9 
378 380   1  6  0 -9 
379 369   1  7  0 -9 
379 379  -1  6  0 -9 
379 380   1  7  0 -9 
380 380   1  8  0 -9 
381 367   1  1  0 -9 
381 369  -1  2  0 -9 
381 371   1  1  0 -9 
381 376   1  1  0 -9 
381 378  -1  0  0 -9 
381 379   1  1  0 -9 
381 380  -1  2  0 -9 
381 381  -1 -2  0 -9 
381 383   1 -1  0 -9 
381 384  -1  0  0 -9 
381 385   1  1  0 -9 
382 366   1  2  0 -9 
382 375   1  2  0 -9 
382 377  -1  1  0 -9 
382 380  -1  4  0 -9 
382 382   1  0  0 -9 
382 385   1  3  0 -9 
383 367   1  2  0 -9 
383 369  -1  3  0 -9 
383 371   1  2  0 -9 
383 373   1  2  0 -9 
383 376   1  2  0 -9 
383 378  -1  1  0 -9 
383 379  -1  4  1  2  0 -9 
383 380  -1  3  0 -9 
383 383   1  0  0 -9 
383 384  -1  1  0 -9 
383 385   1  2  0 -9 
383 386   1  2  0 -9 
384 369   1  6  0 -9 
384 371  -1  5  0 -9 
384 379  -1  5  0 -9 
384 380   1  6  0 -9 
384 385  -1  5  0 -9 
384 386   1  3  0 -9 
385 380   1  7  0 -9 
385 385  -1  6  0 -9 
386 369   1  5  0 -9 
386 371  -1  4  0 -9 
386 379  -1  4  0 -9 
386 380   1  5  0 -9 
386 384   1  3  0 -9 
386 385  -1  4  0 -9 
387 366   1  1  0 -9 
387 376   1  2  0 -9 
387 377  -1  0  0 -9 
387 380  -1  3  0 -9 
387 382   1 -1  0 -9 
387 385   1  2  0 -9 
387 387  -1 -2  0 -9 
387 388   1 -1  0 -9 
387 389  -1  0  0 -9 
388 376   1  3  0 -9 
388 380  -1  4  0 -9 
388 388   1  0  0 -9 
388 389  -1  1  0 -9 
388 390   1  2  0 -9 
389 385  -1  4  0 -9 
389 390   1  3  0 -9 
390 380   1  6  0 -9 
390 385  -1  5  0 -9 
390 389   1  3  0 -9 
391 367   1  2  0 -9 
391 368  -1  0  0 -9 
391 369  -1  3  0 -9 
391 370   1 -1  0 -9 
391 371   1  2  0 -9 
391 391  -1 -2  0 -9 
391 393   1 -1  0 -9 
391 394  -1  0  0 -9 
391 395   1  1  0 -9 
392 366   1  3  0 -9 
392 392   1  0  0 -9 
392 395   1  3  0 -9 
393 367   1  3  0 -9 
393 369  -1  4  0 -9 
393 393   1  0  0 -9 
393 394  -1  1  0 -9 
393 395   1  2  0 -9 
393 396   1  2  0 -9 
394 371  -1  4  0 -9 
394 395  -1  5  0 -9 
394 396   1  3  0 -9 
395 395  -1  6  0 -9 
396 369   1  6  0 -9 
396 371  -1  5  0 -9 
396 394   1  3  0 -9 
396 395  -1  4  0 -9 
397 369   1  5  0 -9 
397 371  -1  4  0 -9 
397 394   1  2  0 -9 
397 396  -1  1  0 -9 
397 397   1  0  0 -9 
398 369   1  4  0 -9 
398 371  -1  3  0 -9 
398 379  -1  3  0 -9 
398 380   1  4  0 -9 
398 384   1  2  0 -9 
398 385  -1  3  0 -9 
398 386   1 -1  0 -9 
398 390  -1  0  0 -9 
398 395   1  2  0 -9 
398 396  -1  0  0 -9 
398 397   1 -1  0 -9 
398 398  -1 -2  0 -9 
398 399   1 -1  0 -9 
399 380   1  5  0 -9 
399 385  -1  4  0 -9 
399 389   1  2  0 -9 
399 390  -1  1  0 -9 
399 395   1  3  0 -9 
399 399   1  0  0 -9 
400 400   1  0  0 -9 
400 401   1  3  0 -9 
401 401  -1  6  0 -9 
402 145   1  2  0 -9 
402 146  -1  0  0 -9 
402 147  -1  3  0 -9 
402 148   1 -1  0 -9 
402 149   1  2  0 -9 
402 400   1 -1  0 -9 
402 401   1  2  0 -9 
402 402  -1 -2  0 -9 
402 404   1 -1  0 -9 
402 405  -1  0  0 -9 
402 406   1  1  0 -9 
403 144   1  3  0 -9 
403 403   1  0  0 -9 
403 406   1  3  0 -9 
404 145   1  3  0 -9 
404 147  -1  4  0 -9 
404 404   1  0  0 -9 
404 405  -1  1  0 -9 
404 406   1  2  0 -9 
404 407   1  2  0 -9 
405 149  -1  4  0 -9 
405 401  -1  4  0 -9 
405 406  -1  5  0 -9 
405 407   1  3  0 -9 
406 406  -1  6  0 -9 
407 147   1  6  0 -9 
407 149  -1  5  0 -9 
407 401  -1  5  0 -9 
407 405   1  3  0 -9 
407 406  -1  4  0 -9 
408 147   1  5  0 -9 
408 149  -1  4  0 -9 
408 401   1  2  0 -9 
408 405   1  2  0 -9 
408 407  -1  1  0 -9 
408 408   1  0  0 -9 
409 147   1  4  0 -9 
409 149  -1  3  0 -9 
409 157  -1  3  0 -9 
409 158   1  4  0 -9 
409 162   1  2  0 -9 
409 163  -1  3  0 -9 
409 164   1 -1  0 -9 
409 168  -1  0  0 -9 
409 401   1  1  0 -9 
409 406   1  2  0 -9 
409 407  -1  0  0 -9 
409 408   1 -1  0 -9 
409 409  -1 -2  0 -9 
409 410   1 -1  0 -9 
410 158   1  5  0 -9 
410 163  -1  4  0 -9 
410 167   1  2  0 -9 
410 168  -1  1  0 -9 
410 406   1  3  0 -9 
410 410   1  0  0 -9 
411 183   1  5  0 -9 
411 206  -1  4  0 -9 
411 210   1  2  0 -9 
411 212  -1  1  0 -9 
411 401   1  3  0 -9 
411 411   1  0  0 -9 
412 366   1  1  0 -9 
412 412  -1 -2  0 -9 
412 413   1 -1  0 -9 
412 414   1 -1  0 -9 
412 415  -1  0  0 -9 
412 416  -1  3  0 -9 
412 418   1  2  0 -9 
412 419  -1  3  0 -9 
412 420   1  4  0 -9 
413 416  -1  4  0 -9 
413 418   1  3  0 -9 
413 419  -1  4  0 -9 
413 420   1  5  0 -9 
414 366   1  2  0 -9 
414 414   1  0  0 -9 
414 415  -1  1  0 -9 
414 416  -1  4  0 -9 
414 417   1  2  0 -9 
414 420   1  5  0 -9 
415 366  -1  5  0 -9 
415 416  -1  5  0 -9 
415 417   1  3  0 -9 
415 420   1  6  0 -9 
416 416  -1  6  0 -9 
416 420   1  7  0 -9 
417 366  -1  4  0 -9 
417 415   1  3  0 -9 
417 416  -1  4  0 -9 
418 413   1  3  0 -9 
418 416  -1  5  0 -9 
418 419  -1  5  0 -9 
418 420   1  6  0 -9 
419 419  -1  6  0 -9 
419 420   1  7  0 -9 
420 420   1  8  0 -9 
421 416   1  1  0 -9 
421 418  -1  0  0 -9 
421 419   1  1  0 -9 
421 420  -1  2  0 -9 
421 421  -1 -2  0 -9 
421 423   1 -1  0 -9 
421 424  -1  0  0 -9 
421 425   1  1  0 -9 
422 415   1  2  0 -9 
422 417  -1  1  0 -9 
422 420  -1  4  0 -9 
422 422   1  0  0 -9 
422 425   1  3  0 -9 
423 413   1  2  0 -9 
423 416   1  2  0 -9 
423 418  -1  1  0 -9 
423 419  -1  4  1  2  0 -9 
423 420  -1  3  0 -9 
423 423   1  0  0 -9 
423 424  -1  1  0 -9 
423 425   1  2  0 -9 
423 426   1  2  0 -9 
424 419  -1  5  0 -9 
424 420   1  6  0 -9 
424 425  -1  5  0 -9 
424 426   1  3  0 -9 
425 420   1  7  0 -9 
425 425  -1  6  0 -9 
426 419  -1  4  0 -9 
426 420   1  5  0 -9 
426 424   1  3  0 -9 
426 425  -1  4  0 -9 
427 366   1  2  0 -9 
427 392   1 -1  0 -9 
427 395   1  2  0 -9 
427 416   1  2  0 -9 
427 417  -1  0  0 -9 
427 420  -1  3  0 -9 
427 422   1 -1  0 -9 
427 425   1  2  0 -9 
427 427  -1 -2  0 -9 
427 428   1 -1  0 -9 
427 429  -1  0  0 -9 
428 416   1  3  0 -9 
428 420  -1  4  0 -9 
428 428   1  0  0 -9 
428 429  -1  1  0 -9 
428 430   1  2  0 -9 
429 395  -1  4  0 -9 
429 425  -1  4  0 -9 
429 430   1  3  0 -9 
430 395  -1  5  0 -9 
430 420   1  6  0 -9 
430 425  -1  5  0 -9 
430 429   1  3  0 -9 
431 395   1  1  0 -9 
431 419  -1  3  0 -9 
431 420   1  4  0 -9 
431 424   1  2  0 -9 
431 425  -1  3  0 -9 
431 426   1 -1  0 -9 
431 430  -1  0  0 -9 
431 431  -1 -2  0 -9 
431 432   1 -1  0 -9 
432 395   1  2  0 -9 
432 420   1  5  0 -9 
432 425  -1  4  0 -9 
432 429   1  2  0 -9 
432 430  -1  1  0 -9 
432 432   1  0  0 -9 
433 433  -1 -2  0 -9 
433 435   1 -1  0 -9 
433 436  -1  0  0 -9 
433 437   1  1  0 -9 
434 434   1  0  0 -9 
434 437   1  3  0 -9 
435 435   1  0  0 -9 
435 436  -1  1  0 -9 
435 437   1  2  0 -9 
435 438   1  2  0 -9 
436 437  -1  5  0 -9 
436 438   1  3  0 -9 
437 437  -1  6  0 -9 
438 436   1  3  0 -9 
438 437  -1  4  0 -9 
439 436   1  2  0 -9 
439 438  -1  1  0 -9 
439 439   1  0  0 -9 
440 144   1  2  0 -9 
440 283   1  2  0 -9 
440 284  -1  0  0 -9 
440 287  -1  3  0 -9 
440 289   1 -1  0 -9 
440 292   1  2  0 -9 
440 403   1 -1  0 -9 
440 406   1  2  0 -9 
440 434   1 -1  0 -9 
440 437   1  2  0 -9 
440 440  -1 -2  0 -9 
440 441   1 -1  0 -9 
440 442  -1  0  0 -9 
441 283   1  3  0 -9 
441 287  -1  4  0 -9 
441 441   1  0  0 -9 
441 442  -1  1  0 -9 
441 443   1  2  0 -9 
442 292  -1  4  0 -9 
442 406  -1  4  0 -9 
442 437  -1  4  0 -9 
442 443   1  3  0 -9 
443 287   1  6  0 -9 
443 292  -1  5  0 -9 
443 406  -1  5  0 -9 
443 437  -1  5  0 -9 
443 442   1  3  0 -9 
444 286  -1  3  0 -9 
444 287   1  4  0 -9 
444 291   1  2  0 -9 
444 292  -1  3  0 -9 
444 293   1 -1  0 -9 
444 406   1  1  0 -9 
444 437   1  1  0 -9 
444 443  -1  0  0 -9 
444 444  -1 -2  0 -9 
444 445   1 -1  0 -9 
445 287   1  5  0 -9 
445 292  -1  4  0 -9 
445 406   1  2  0 -9 
445 437   1  2  0 -9 
445 442   1  2  0 -9 
445 443  -1  1  0 -9 
445 445   1  0  0 -9 
446 211   1  1  0 -9 
446 307  -1  3  0 -9 
446 308   1  4  0 -9 
446 345   1  2  0 -9 
446 346  -1  3  0 -9 
446 347   1 -1  0 -9 
446 352  -1  0  0 -9 
446 437   1  2  0 -9 
446 438  -1  0  0 -9 
446 439   1 -1  0 -9 
446 446  -1 -2  0 -9 
446 447   1 -1  0 -9 
447 211   1  2  0 -9 
447 308   1  5  0 -9 
447 346  -1  4  0 -9 
447 351   1  2  0 -9 
447 352  -1  1  0 -9 
447 437   1  3  0 -9 
447 447   1  0  0 -9 
448 178   1 -1  0 -9 
448 179  -1  0  0 -9 
448 180   1  2  0 -9 
448 181  -1  3  0 -9 
448 183   1  4  0 -9 
448 364   1 -1  0 -9 
448 365  -1  0  0 -9 
448 366   1  2  0 -9 
448 367  -1  3  0 -9 
448 369   1  4  0 -9 
448 448  -1 -2  0 -9 
448 449   1 -1  0 -9 
448 450   1 -1  0 -9 
448 451  -1  0  0 -9 
448 452  -1  3  0 -9 
448 454   1  2  0 -9 
448 455  -1  3  0 -9 
448 456   1  4  0 -9 
449 181  -1  4  0 -9 
449 183   1  5  0 -9 
449 367  -1  4  0 -9 
449 369   1  5  0 -9 
449 452  -1  4  0 -9 
449 454   1  3  0 -9 
449 455  -1  4  0 -9 
449 456   1  5  0 -9 
450 450   1  0  0 -9 
450 451  -1  1  0 -9 
450 452  -1  4  0 -9 
450 453   1  2  0 -9 
450 456   1  5  0 -9 
451 180  -1  4  0 -9 
451 366  -1  4  0 -9 
451 452  -1  5  0 -9 
451 453   1  3  0 -9 
451 456   1  6  0 -9 
452 452  -1  6  0 -9 
452 456   1  7  0 -9 
453 180  -1  5  0 -9 
453 366  -1  5  0 -9 
453 451   1  3  0 -9 
453 452  -1  4  0 -9 
454 181  -1  5  0 -9 
454 183   1  6  0 -9 
454 367  -1  5  0 -9 
454 369   1  6  0 -9 
454 449   1  3  0 -9 
454 452  -1  5  0 -9 
454 455  -1  5  0 -9 
454 456   1  6  0 -9 
455 183   1  7  0 -9 
455 369   1  7  0 -9 
455 455  -1  6  0 -9 
455 456   1  7  0 -9 
456 456   1  8  0 -9 
457 180   1  1  0 -9 
457 181  -1  2 -1  0  0 -9 
457 183   1  3  0 -9 
457 368  -1  0  0 -9 
457 449  -1  0  0 -9 
457 452  -1  2 -1  0  0 -9 
457 454   1  1  0 -9 
457 455  -1  2  0 -9 
457 456   1  3  0 -9 
457 457  -1 -2  0 -9 
457 458  -1  0  0 -9 
457 459   1 -1  0 -9 
457 460   1  1  0 -9 
457 461   1 -1  0 -9 
457 463  -1  0  0 -9 
457 464   1  1  0 -9 
457 465  -1  2  0 -9 
458 180  -1  5  0 -9 
458 460  -1  5  0 -9 
458 462   1  3  0 -9 
458 465   1  6  0 -9 
459 180   1  2  0 -9 
459 181  -1  5 -1  3 -1  1  0 -9 
459 183   1  6  1  4  0 -9 
459 449  -1  1  0 -9 
459 452  -1  5 -1  3 -1  1  0 -9 
459 454   1  2  0 -9 
459 455  -1  3  0 -9 
459 456   1  6  1  4  0 -9 
459 458  -1  1  0 -9 
459 459   1  0  0 -9 
459 460   1  2  0 -9 
459 462   1  2  0 -9 
459 463  -1  1  0 -9 
459 464   1  2  0 -9 
459 465  -1  3  0 -9 
460 460  -1  6  0 -9 
460 465   1  7  0 -9 
461 181  -1  3  0 -9 
461 183   1  4  0 -9 
461 365   1  2  0 -9 
461 367  -1  3  0 -9 
461 368  -1  1  0 -9 
461 449  -1  1  0 -9 
461 452  -1  3  0 -9 
461 454   1  2  0 -9 
461 455  -1  3  0 -9 
461 456   1  4  0 -9 
461 461   1  0  0 -9 
461 463  -1  1  0 -9 
461 464   1  2  0 -9 
461 465  -1  3  0 -9 
462 180  -1  4  0 -9 
462 458   1  3  0 -9 
462 460  -1  4  0 -9 
463 181  -1  4  0 -9 
463 183   1  5  0 -9 
463 452  -1  4  0 -9 
463 455  -1  4  0 -9 
463 456   1  5  0 -9 
463 464   1  3  0 -9 
463 465  -1  4  0 -9 
464 181  -1  5  0 -9 
464 183   1  6  0 -9 
464 369   1  6  0 -9 
464 452  -1  5  0 -9 
464 455  -1  5  0 -9 
464 456   1  6  0 -9 
464 463   1  3  0 -9 
464 465   1  7  0 -9 
465 465   1  8  0 -9 
466 365   1  1  0 -9 
466 368  -1  0  0 -9 
466 369  -1  3  0 -9 
466 370   1 -1  0 -9 
466 371   1  2  0 -9 
466 449  -1  0  0 -9 
466 461   1 -1  0 -9 
466 463  -1  0  0 -9 
466 464   1  1  0 -9 
466 465  -1  2  0 -9 
466 466  -1 -2  0 -9 
466 468   1 -1  0 -9 
466 469  -1  0  0 -9 
466 470   1  1  0 -9 
467 458   1  2  0 -9 
467 462  -1  1  0 -9 
467 465  -1  4  0 -9 
467 467   1  0  0 -9 
467 470   1  3  0 -9 
468 455  -1  3  0 -9 
468 463  -1  1  0 -9 
468 464   1  2  0 -9 
468 465  -1  3  0 -9 
468 468   1  0  0 -9 
468 469  -1  1  0 -9 
468 470   1  2  0 -9 
468 471   1  2  0 -9 
469 369   1  5  0 -9 
469 371  -1  4  0 -9 
469 455  -1  4  0 -9 
469 465   1  6  0 -9 
469 470  -1  5  0 -9 
469 471   1  3  0 -9 
470 465   1  7  0 -9 
470 470  -1  6  0 -9 
471 183   1  6  0 -9 
471 369   1  6  0 -9 
471 371  -1  5  0 -9 
471 455  -1  5  0 -9 
471 456   1  6  0 -9 
471 469   1  3  0 -9 
471 470  -1  4  0 -9 
472 413  -1  0  0 -9 
472 417  -1  0  0 -9 
472 418   1  1  0 -9 
472 419  -1  2  0 -9 
472 450   1 -1  0 -9 
472 451  -1  0  0 -9 
472 452  -1  3  0 -9 
472 453   1  1  0 -9 
472 456   1  4  0 -9 
472 462  -1  0  0 -9 
472 472  -1 -2  0 -9 
472 473  -1  0  0 -9 
472 474   1 -1  0 -9 
472 475   1 -1  0 -9 
472 476  -1  0  0 -9 
472 477   1  1  0 -9 
472 478   1  1  0 -9 
472 479  -1  2  0 -9 
473 460  -1  4  0 -9 
473 465   1  5  0 -9 
473 478   1  3  0 -9 
473 479  -1  4  0 -9 
474 413  -1  1  0 -9 
474 418   1  2  0 -9 
474 419  -1  3  0 -9 
474 452  -1  4  0 -9 
474 456   1  5  0 -9 
474 473  -1  1  0 -9 
474 474   1  0  0 -9 
474 476  -1  1  0 -9 
474 477   1  2  0 -9 
474 478   1  2  0 -9 
474 479  -1  3  0 -9 
475 180  -1  3  0 -9 
475 366  -1  3  0 -9 
475 413  -1  1  0 -9 
475 415   1  2  0 -9 
475 416  -1  3  0 -9 
475 417  -1  1  0 -9 
475 418   1  2  0 -9 
475 419  -1  3  0 -9 
475 451  -1  1  0 -9 
475 452  -1  4  1  2  0 -9 
475 453   1  2  0 -9 
475 456   1  5  0 -9 
475 458   1  2  0 -9 
475 460  -1  3  0 -9 
475 462  -1  1  0 -9 
475 473  -1  1  0 -9 
475 475   1  0  0 -9 
475 476  -1  1  0 -9 
475 477   1  2  0 -9 
475 478   1  2  0 -9 
475 479  -1  3  0 -9 
476 419  -1  4  0 -9 
476 452  -1  5  0 -9 
476 456   1  6  0 -9 
476 477   1  3  0 -9 
476 479  -1  4  0 -9 
477 419  -1  5  0 -9 
477 420   1  6  0 -9 
477 452  -1  4  0 -9 
477 465   1  6  0 -9 
477 476   1  3  0 -9 
477 479  -1  5  0 -9 
478 460  -1  5  0 -9 
478 465   1  6  0 -9 
478 473   1  3  0 -9 
478 479  -1  5  0 -9 
479 465   1  7  0 -9 
479 479  -1  6  0 -9 
480 413  -1  0  0 -9 
480 415   1  1  0 -9 
480 417  -1  0  0 -9 
480 420  -1  3  0 -9 
480 422   1 -1  0 -9 
480 425   1  2  0 -9 
480 451  -1  0  0 -9 
480 452   1  1  0 -9 
480 458   1  1  0 -9 
480 462  -1  0  0 -9 
480 465  -1  3  0 -9 
480 467   1 -1  0 -9 
480 470   1  2  0 -9 
480 473  -1  0  0 -9 
480 475   1 -1  0 -9 
480 476  -1  0  0 -9 
480 477   1  1  0 -9 
480 480  -1 -2  0 -9 
480 481   1 -1  0 -9 
480 482  -1  0  0 -9 
481 419  -1  3  0 -9 
481 452   1  2  0 -9 
481 456  -1  3  0 -9 
481 476  -1  1  0 -9 
481 477   1  2  0 -9 
481 479  -1  3  0 -9 
481 481   1  0  0 -9 
481 482  -1  1  0 -9 
481 483   1  2  0 -9 
482 419  -1  4  0 -9 
482 420   1  5  0 -9 
482 425  -1  4  0 -9 
482 456  -1  4  0 -9 
482 465   1  5  0 -9 
482 470  -1  4  0 -9 
482 479  -1  4  0 -9 
482 483   1  3  0 -9 
483 419  -1  5  0 -9 
483 420   1  6  0 -9 
483 425  -1  5  0 -9 
483 456   1  7  0 -9 
483 465   1  6  0 -9 
483 470  -1  5  0 -9 
483 479  -1  5  0 -9 
483 482   1  3  0 -9 
484 460   1  1  0 -9 
484 465  -1  2  0 -9 
484 470   1  1  0 -9 
484 478  -1  0  0 -9 
484 479   1  1  0 -9 
484 484  -1 -2  0 -9 
484 486   1 -1  0 -9 
484 487  -1  0  0 -9 
485 426  -1  0  0 -9 
485 452   1  1  0 -9 
485 456  -1  2  0 -9 
485 476  -1  0  0 -9 
485 481   1 -1  0 -9 
485 482  -1  0  0 -9 
485 483   1  1  0 -9 
485 485  -1 -2  0 -9 
485 488   1 -1  0 -9 
485 489  -1  0  0 -9 
486 460   1  2  0 -9 
486 465  -1  3  0 -9 
486 470   1  2  0 -9 
486 473   1  2  0 -9 
486 478  -1  1  0 -9 
486 479  -1  4  1  2  0 -9 
486 486   1  0  0 -9 
486 487  -1  1  0 -9 
486 489   1  2  0 -9 
487 465   1  6  0 -9 
487 470  -1  5  0 -9 
487 479  -1  5  0 -9 
487 489   1  3  0 -9 
488 419  -1  3  0 -9 
488 420   1  4  0 -9 
488 424   1  2  0 -9 
488 425  -1  3  0 -9 
488 426  -1  1  0 -9 
488 456  -1  3  0 -9 
488 465   1  4  0 -9 
488 470  -1  3  0 -9 
488 479  -1  3  0 -9 
488 482  -1  1  0 -9 
488 483   1  2  0 -9 
488 487   1  2  0 -9 
488 488   1  0  0 -9 
488 489  -1  1  0 -9 
489 465   1  5  0 -9 
489 470  -1  4  0 -9 
489 479  -1  4  0 -9 
489 487   1  3  0 -9 
490 181   1  1  0 -9 
490 183  -1  2  0 -9 
490 206   1  1  0 -9 
490 367   1  1  0 -9 
490 369  -1  2  0 -9 
490 371   1  1  0 -9 
490 452   1  1  0 -9 
490 454  -1  0  0 -9 
490 455   1  1  0 -9 
490 456  -1  2  0 -9 
490 490  -1 -2  0 -9 
490 492   1 -1  0 -9 
490 493  -1  0  0 -9 
490 494   1  1  0 -9 
491 180   1  2  0 -9 
491 366   1  2  0 -9 
491 451   1  2  0 -9 
491 453  -1  1  0 -9 
491 456  -1  4  0 -9 
491 491   1  0  0 -9 
491 494   1  3  0 -9 
492 181   1  2  0 -9 
492 183  -1  3  0 -9 
492 206   1  2  0 -9 
492 367   1  2  0 -9 
492 369  -1  3  0 -9 
492 371   1  2  0 -9 
492 449   1  2  0 -9 
492 452   1  2  0 -9 
492 454  -1  1  0 -9 
492 455  -1  4  1  2  0 -9 
492 456  -1  3  0 -9 
492 492   1  0  0 -9 
492 493  -1  1  0 -9 
492 494   1  2  0 -9 
492 495   1  2  0 -9 
493 183   1  6  0 -9 
493 206  -1  5  0 -9 
493 369   1  6  0 -9 
493 371  -1  5  0 -9 
493 455  -1  5  0 -9 
493 456   1  6  0 -9 
493 494  -1  5  0 -9 
493 495   1  3  0 -9 
494 456   1  7  0 -9 
494 494  -1  6  0 -9 
495 183   1  5  0 -9 
495 206  -1  4  0 -9 
495 369   1  5  0 -9 
495 371  -1  4  0 -9 
495 455  -1  4  0 -9 
495 456   1  5  0 -9 
495 493   1  3  0 -9 
495 494  -1  4  0 -9 
496 369   1  6  1  4  0 -9 
496 371  -1  5 -1  3 -1  1  0 -9 
496 455  -1  3  0 -9 
496 465   1  5  0 -9 
496 469  -1  1  0 -9 
496 470  -1  4  0 -9 
496 471   1  2  0 -9 
496 493   1  2  0 -9 
496 495  -1  1  0 -9 
496 496   1  0  0 -9 
497 180   1  1  0 -9 
497 366   1  1  0 -9 
497 452   1  2  0 -9 
497 453  -1  0  0 -9 
497 456  -1  3  0 -9 
497 491   1 -1  0 -9 
497 494   1  2  0 -9 
497 497  -1 -2  0 -9 
497 498   1 -1  0 -9 
497 499  -1  0  0 -9 
498 452   1  3  0 -9 
498 456  -1  4  0 -9 
498 498   1  0  0 -9 
498 499  -1  1  0 -9 
498 500   1  2  0 -9 
499 494  -1  4  0 -9 
499 500   1  3  0 -9 
500 456   1  6  0 -9 
500 494  -1  5  0 -9 
500 499   1  3  0 -9 
501 419  -1  2  0 -9 
501 420   1  3  0 -9 
501 424   1  1  0 -9 
501 425  -1  2 -1  0  0 -9 
501 426  -1  0  0 -9 
501 456  -1  2  0 -9 
501 465   1  3  0 -9 
501 470  -1  2 -1  0  0 -9 
501 479  -1  2  0 -9 
501 482  -1  0  0 -9 
501 483   1  1  0 -9 
501 487   1  1  0 -9 
501 488   1 -1  0 -9 
501 489  -1  0  0 -9 
501 494   1  1  0 -9 
501 500  -1  0  0 -9 
501 501  -1 -2  0 -9 
501 502   1 -1  0 -9 
502 419  -1  3  0 -9 
502 420   1  6  1  4  0 -9 
502 424   1  2  0 -9 
502 425  -1  5 -1  3 -1  1  0 -9 
502 426  -1  1  0 -9 
502 456  -1  3  0 -9 
502 465   1  6  1  4  0 -9 
502 470  -1  5 -1  3 -1  1  0 -9 
502 479  -1  3  0 -9 
502 482  -1  1  0 -9 
502 483   1  2  0 -9 
502 487   1  2  0 -9 
502 489  -1  1  0 -9 
502 494   1  2  0 -9 
502 499   1  2  0 -9 
502 500  -1  1  0 -9 
502 502   1  0  0 -9 
503 180   1  2  0 -9 
503 208   1 -1  0 -9 
503 211   1  2  0 -9 
503 460   1  2  0 -9 
503 462  -1  0  0 -9 
503 465  -1  3  0 -9 
503 467   1 -1  0 -9 
503 470   1  2  0 -9 
503 503  -1 -2  0 -9 
503 505   1 -1  0 -9 
503 506  -1  0  0 -9 
504 181   1  2  0 -9 
504 183  -1  3  0 -9 
504 209   1 -1  0 -9 
504 210  -1  0  0 -9 
504 211   1  1  0 -9 
504 212   1  1  0 -9 
504 452   1  2  0 -9 
504 456  -1  3  0 -9 
504 463  -1  0  0 -9 
504 468   1 -1  0 -9 
504 469  -1  0  0 -9 
504 470   1  1  0 -9 
504 471   1  1  0 -9 
504 495  -1  0  0 -9 
504 498   1 -1  0 -9 
504 499  -1  0  0 -9 
504 500   1  1  0 -9 
504 504  -1 -2  0 -9 
504 507   1 -1  0 -9 
504 508  -1  0  0 -9 
505 460   1  3  0 -9 
505 465  -1  4  0 -9 
505 505   1  0  0 -9 
505 506  -1  1  0 -9 
505 508   1  2  0 -9 
506 211  -1  4  0 -9 
506 470  -1  4  0 -9 
506 508   1  3  0 -9 
507 206  -1  3  0 -9 
507 210  -1  1  0 -9 
507 211  -1  4  1  2  0 -9 
507 212   1  2  0 -9 
507 369   1  4  0 -9 
507 371  -1  3  0 -9 
507 455  -1  3  0 -9 
507 465   1  5  0 -9 
507 469  -1  1  0 -9 
507 470  -1  4  1  2  0 -9 
507 471   1  2  0 -9 
507 493   1  2  0 -9 
507 494  -1  3  0 -9 
507 495  -1  1  0 -9 
507 499  -1  1  0 -9 
507 500   1  2  0 -9 
507 506   1  2  0 -9 
507 507   1  0  0 -9 
507 508  -1  1  0 -9 
508 211  -1  5  0 -9 
508 465   1  6  0 -9 
508 470  -1  5  0 -9 
508 506   1  3  0 -9 
509 210  -1  0  0 -9 
509 211   1  1  0 -9 
509 369   1  3  0 -9 
509 371  -1  2 -1  0  0 -9 
509 455  -1  2  0 -9 
509 465   1  4  0 -9 
509 469  -1  0  0 -9 
509 470  -1  3  0 -9 
509 471   1  1  0 -9 
509 493   1  1  0 -9 
509 495  -1  0  0 -9 
509 496   1 -1  0 -9 
509 499  -1  0  0 -9 
509 506   1  1  0 -9 
509 507   1 -1  0 -9 
509 508  -1  0  0 -9 
509 509  -1 -2  0 -9 
509 510   1 -1  0 -9 
510 211   1  2  0 -9 
510 465   1  5  0 -9 
510 470  -1  4  0 -9 
510 506   1  2  0 -9 
510 508  -1  1  0 -9 
510 510   1  0  0 -9 
511 211   1  1  0 -9 
511 465   1  4  0 -9 
511 470  -1  3  0 -9 
511 479  -1  3  0 -9 
511 487   1  2  0 -9 
511 489   1 -1  0 -9 
511 508  -1  0  0 -9 
511 510   1 -1  0 -9 
511 511  -1 -2  0 -9 
512 401   1  1  0 -9 
512 512  -1 -2  0 -9 
512 514   1 -1  0 -9 
512 515  -1  0  0 -9 
512 516   1  1  0 -9 
513 513   1  0  0 -9 
513 516   1  3  0 -9 
514 401   1  2  0 -9 
514 514   1  0  0 -9 
514 515  -1  1  0 -9 
514 516   1  2  0 -9 
514 517   1  2  0 -9 
515 401  -1  5  0 -9 
515 516  -1  5  0 -9 
515 517   1  3  0 -9 
516 516  -1  6  0 -9 
517 401  -1  4  0 -9 
517 515   1  3  0 -9 
517 516  -1  4  0 -9 
518 515   1  2  0 -9 
518 517  -1  1  0 -9 
518 518   1  0  0 -9 
519 513   1 -1  0 -9 
519 516   1  2  0 -9 
519 519  -1 -2  0 -9 
519 520   1 -1  0 -9 
519 521  -1  0  0 -9 
520 520   1  0  0 -9 
520 521  -1  1  0 -9 
520 522   1  2  0 -9 
521 516  -1  4  0 -9 
521 522   1  3  0 -9 
522 516  -1  5  0 -9 
522 521   1  3  0 -9 
523 516   1  1  0 -9 
523 522  -1  0  0 -9 
523 523  -1 -2  0 -9 
523 524   1 -1  0 -9 
524 516   1  2  0 -9 
524 521   1  2  0 -9 
524 522  -1  1  0 -9 
524 524   1  0  0 -9 
525 183   1  4  0 -9 
525 206  -1  3  0 -9 
525 211   1  2  0 -9 
525 212  -1  0  0 -9 
525 369   1  4  0 -9 
525 371  -1  3  0 -9 
525 395   1  2  0 -9 
525 396  -1  0  0 -9 
525 397   1 -1  0 -9 
525 401   1  2  0 -9 
525 411   1 -1  0 -9 
525 455  -1  3  0 -9 
525 456   1  4  0 -9 
525 493   1  2  0 -9 
525 494  -1  3  0 -9 
525 495   1 -1  0 -9 
525 500  -1  0  0 -9 
525 516   1  2  0 -9 
525 517  -1  0  0 -9 
525 518   1 -1  0 -9 
525 525  -1 -2  0 -9 
525 526   1 -1  0 -9 
526 211   1  3  0 -9 
526 395   1  3  0 -9 
526 456   1  5  0 -9 
526 494  -1  4  0 -9 
526 499   1  2  0 -9 
526 500  -1  1  0 -9 
526 516   1  3  0 -9 
526 526   1  0  0 -9 
527 400   1 -1  0 -9 
527 401   1  2  0 -9 
527 527  -1 -2  0 -9 
527 529   1 -1  0 -9 
527 530  -1  0  0 -9 
527 531   1  1  0 -9 
528 528   1  0  0 -9 
528 531   1  3  0 -9 
529 529   1  0  0 -9 
529 530  -1  1  0 -9 
529 531   1  2  0 -9 
529 532   1  2  0 -9 
530 401  -1  4  0 -9 
530 531  -1  5  0 -9 
530 532   1  3  0 -9 
531 531  -1  6  0 -9 
532 401  -1  5  0 -9 
532 530   1  3  0 -9 
532 531  -1  4  0 -9 
533 528   1 -1  0 -9 
533 531   1  2  0 -9 
533 533  -1 -2  0 -9 
533 535   1 -1  0 -9 
533 536  -1  0  0 -9 
534 517  -1  0  0 -9 
534 520   1 -1  0 -9 
534 521  -1  0  0 -9 
534 522   1  1  0 -9 
534 529   1 -1  0 -9 
534 530  -1  0  0 -9 
534 531   1  1  0 -9 
534 532   1  1  0 -9 
534 534  -1 -2  0 -9 
534 537   1 -1  0 -9 
534 538  -1  0  0 -9 
535 535   1  0  0 -9 
535 536  -1  1  0 -9 
535 538   1  2  0 -9 
536 531  -1  4  0 -9 
536 538   1  3  0 -9 
537 401  -1  3  0 -9 
537 515   1  2  0 -9 
537 516  -1  3  0 -9 
537 517  -1  1  0 -9 
537 521  -1  1  0 -9 
537 522   1  2  0 -9 
537 530  -1  1  0 -9 
537 531  -1  4  1  2  0 -9 
537 532   1  2  0 -9 
537 536   1  2  0 -9 
537 537   1  0  0 -9 
537 538  -1  1  0 -9 
538 531  -1  5  0 -9 
538 536   1  3  0 -9 
539 515   1  1  0 -9 
539 517  -1  0  0 -9 
539 518   1 -1  0 -9 
539 521  -1  0  0 -9 
539 530  -1  0  0 -9 
539 531   1  1  0 -9 
539 536   1  1  0 -9 
539 537   1 -1  0 -9 
539 538  -1  0  0 -9 
539 539  -1 -2  0 -9 
539 540   1 -1  0 -9 
540 531   1  2  0 -9 
540 536   1  2  0 -9 
540 538  -1  1  0 -9 
540 540   1  0  0 -9 
541 531   1  1  0 -9 
541 538  -1  0  0 -9 
541 540   1 -1  0 -9 
541 541  -1 -2  0 -9 
542 401   1  2  0 -9 
542 530   1  2  0 -9 
542 532  -1  1  0 -9 
542 542   1  0  0 -9 
543 401   1  1  0 -9 
543 531   1  2  0 -9 
543 532  -1  0  0 -9 
543 542   1 -1  0 -9 
543 543  -1 -2  0 -9 
543 544   1 -1  0 -9 
544 531   1  3  0 -9 
544 544   1  0  0 -9 
545 434   1 -1  0 -9 
545 437   1  2  0 -9 
545 528   1 -1  0 -9 
545 531   1  2  0 -9 
545 545  -1 -2  0 -9 
545 546   1 -1  0 -9 
545 547  -1  0  0 -9 
546 546   1  0  0 -9 
546 547  -1  1  0 -9 
546 548   1  2  0 -9 
547 437  -1  4  0 -9 
547 531  -1  4  0 -9 
547 548   1  3  0 -9 
548 437  -1  5  0 -9 
548 531  -1  5  0 -9 
548 547   1  3  0 -9 
549 531   1  1  0 -9 
549 549  -1 -2  0 -9 
549 551   1 -1  0 -9 
549 552  -1  0  0 -9 
550 438  -1  0  0 -9 
550 546   1 -1  0 -9 
550 547  -1  0  0 -9 
550 548   1  1  0 -9 
550 550  -1 -2  0 -9 
550 553   1 -1  0 -9 
550 554  -1  0  0 -9 
551 531   1  2  0 -9 
551 551   1  0  0 -9 
551 552  -1  1  0 -9 
551 554   1  2  0 -9 
552 531  -1  5  0 -9 
552 554   1  3  0 -9 
553 436   1  2  0 -9 
553 437  -1  3  0 -9 
553 438  -1  1  0 -9 
553 531  -1  3  0 -9 
553 547  -1  1  0 -9 
553 548   1  2  0 -9 
553 552   1  2  0 -9 
553 553   1  0  0 -9 
553 554  -1  1  0 -9 
554 531  -1  4  0 -9 
554 552   1  3  0 -9 
555 436   1  1  0 -9 
555 438  -1  0  0 -9 
555 439   1 -1  0 -9 
555 547  -1  0  0 -9 
555 552   1  1  0 -9 
555 553   1 -1  0 -9 
555 554  -1  0  0 -9 
555 555  -1 -2  0 -9 
555 556   1 -1  0 -9 
556 552   1  2  0 -9 
556 554  -1  1  0 -9 
556 556   1  0  0 -9 
557 437   1  1  0 -9 
557 531   1  1  0 -9 
557 548  -1  0  0 -9 
557 557  -1 -2  0 -9 
557 558   1 -1  0 -9 
558 437   1  2  0 -9 
558 531   1  2  0 -9 
558 547   1  2  0 -9 
558 548  -1  1  0 -9 
558 558   1  0  0 -9 
559 531   1  2  0 -9 
559 544   1 -1  0 -9 
559 554  -1  0  0 -9 
559 556   1 -1  0 -9 
559 559  -1 -2  0 -9 
9999 9999
