 0  0   1  8  0 -9 
 1  0   1  7  0 -9 
 1  1  -1  6  0 -9 
 1  2   1  7  0 -9 
 2  2   1  8  0 -9 
 3  3   1  8  0 -9 
 4  1  -1  4  0 -9 
 4  2   1  5  0 -9 
 4  5  -1  5  0 -9 
 4  7   1  3  0 -9 
 4  8  -1  4  0 -9 
 4 10   1  6  0 -9 
 5  5  -1  6  0 -9 
 5 10   1  7  0 -9 
 6  6  -1  6  0 -9 
 6 11   1  7  0 -9 
 7  0   1  6  0 -9 
 7  1  -1  5  0 -9 
 7  2   1  6  0 -9 
 7  4   1  3  0 -9 
 7  5  -1  4  0 -9 
 7  8  -1  5  0 -9 
 7 12   1  6  0 -9 
 8  2   1  7  0 -9 
 8  8  -1  6  0 -9 
 8 12   1  7  0 -9 
 9  3   1  7  0 -9 
 9  9  -1  6  0 -9 
 9 13   1  7  0 -9 
10 10   1  8  0 -9 
11 11   1  8  0 -9 
12 12   1  8  0 -9 
13 13   1  8  0 -9 
14 14   1  8  0 -9 
15 15   1  8  0 -9 
16 16  -1  6  0 -9 
16 17   1  7  0 -9 
17 17   1  8  0 -9 
18 18   1  8  0 -9 
19 19   1  8  0 -9 
20 18   1  7  0 -9 
20 19   1  7  0 -9 
20 20  -1  6  0 -9 
21  8  -1  4  0 -9 
21 12   1  5  0 -9 
21 16  -1  5  0 -9 
21 17   1  6  0 -9 
21 22   1  3  0 -9 
21 26  -1  4  0 -9 
21 30  -1  4  0 -9 
21 32   1  5  0 -9 
22  2   1  6  0 -9 
22  8  -1  5  0 -9 
22 12   1  6  0 -9 
22 16  -1  4  0 -9 
22 19   1  6  0 -9 
22 21   1  3  0 -9 
22 24   1  6  0 -9 
22 26  -1  5  0 -9 
22 30  -1  5  0 -9 
22 32   1  6  0 -9 
23  3   1  6  0 -9 
23  9  -1  5  0 -9 
23 13   1  6  0 -9 
23 19   1  5  0 -9 
23 20  -1  4  0 -9 
23 27  -1  5  0 -9 
23 30  -1  4  0 -9 
23 31   1  3  0 -9 
23 33   1  6  0 -9 
24 24   1  8  0 -9 
25 25   1  8  0 -9 
26 12   1  7  0 -9 
26 24   1  7  0 -9 
26 26  -1  6  0 -9 
26 32   1  7  0 -9 
27 13   1  7  0 -9 
27 27  -1  6  0 -9 
27 33   1  7  0 -9 
28 14   1  7  0 -9 
28 25   1  7  0 -9 
28 28  -1  6  0 -9 
28 34   1  7  0 -9 
29 15   1  7  0 -9 
29 29  -1  6  0 -9 
29 35   1  7  0 -9 
30 19   1  7  0 -9 
30 30  -1  6  0 -9 
30 32   1  7  0 -9 
31  9  -1  4  0 -9 
31 13   1  5  0 -9 
31 18   1  6  0 -9 
31 19   1  6  0 -9 
31 20  -1  5  0 -9 
31 23   1  3  0 -9 
31 27  -1  4  0 -9 
31 30  -1  5  0 -9 
31 32   1  6  0 -9 
32 32   1  8  0 -9 
33 33   1  8  0 -9 
34 34   1  8  0 -9 
35 35   1  8  0 -9 
9999 9999
