 0  0  -1 -2  0 -9 
 0 15   1 -1  0 -9 
 1  1  -1 -2  0 -9 
 1 16   1 -1  0 -9 
 2  2  -1 -2  0 -9 
 2  9   1 -1  0 -9 
 2 12  -1  0  0 -9 
 2 17   1 -1  0 -9 
 2 53   1  2  0 -9 
 3  3  -1 -2  0 -9 
 3 39   1 -1  0 -9 
 3 54  -1  0  0 -9 
 3 71   1  1  0 -9 
 4  4  -1 -2  0 -9 
 4 40   1 -1  0 -9 
 4 55  -1  0  0 -9 
 4 72   1  1  0 -9 
 5  5  -1 -2  0 -9 
 5 41   1 -1  0 -9 
 5 56  -1  0  0 -9 
 5 73   1  1  0 -9 
 6  6  -1 -2  0 -9 
 6 42   1 -1  0 -9 
 6 57  -1  0  0 -9 
 6 74   1  1  0 -9 
 7  7  -1 -2  0 -9 
 7 43   1 -1  0 -9 
 7 53   1  1  0 -9 
 7 58  -1  0  0 -9 
 7 75   1  1  0 -9 
 8  8  -1 -2  0 -9 
 8 44   1 -1  0 -9 
 8 59  -1  0  0 -9 
 8 76   1  1  0 -9 
 9  9   1  0  0 -9 
 9 12  -1  1  0 -9 
 9 107   1  2  0 -9 
10 10  -1 -2  0 -9 
10 13   1 -1  0 -9 
10 45   1 -1  0 -9 
10 60  -1  0  0 -9 
10 68  -1  3  0 -9 
10 77   1  1  0 -9 
10 122   1  2  0 -9 
10 125  -1  3  0 -9 
10 128   1  4  0 -9 
11 11  -1 -2  0 -9 
11 14   1 -1  0 -9 
11 46   1 -1  0 -9 
11 61  -1  0  0 -9 
11 69  -1  3  0 -9 
11 78   1  1  0 -9 
11 123   1  2  0 -9 
11 126  -1  3  0 -9 
11 129   1  4  0 -9 
12 53  -1  4  0 -9 
12 107   1  3  0 -9 
13 68  -1  4  0 -9 
13 122   1  3  0 -9 
13 125  -1  4  0 -9 
13 128   1  5  0 -9 
14 69  -1  4  0 -9 
14 123   1  3  0 -9 
14 126  -1  4  0 -9 
14 129   1  5  0 -9 
15 15   1  0  0 -9 
16 16   1  0  0 -9 
17 17   1  0  0 -9 
17 53   1  3  0 -9 
18 18   1  0  0 -9 
19 19   1  0  0 -9 
20 20   1  0  0 -9 
21 21   1  0  0 -9 
22 22   1  0  0 -9 
23 23   1  0  0 -9 
24 24   1  0  0 -9 
24 71   1  3  0 -9 
25 25   1  0  0 -9 
25 72   1  3  0 -9 
26 26   1  0  0 -9 
26 73   1  3  0 -9 
27 27   1  0  0 -9 
27 74   1  3  0 -9 
28 28   1  0  0 -9 
28 75   1  3  0 -9 
29 29   1  0  0 -9 
29 76   1  3  0 -9 
30 30   1  0  0 -9 
30 79   1  3  0 -9 
31 31   1  0  0 -9 
31 80   1  3  0 -9 
32 32   1  0  0 -9 
32 81   1  3  0 -9 
33 33   1  0  0 -9 
33 82   1  3  0 -9 
34 34   1  0  0 -9 
34 83   1  3  0 -9 
35 35   1  0  0 -9 
35 84   1  3  0 -9 
36 36   1  0  0 -9 
36 85   1  3  0 -9 
37 37   1  0  0 -9 
37 86   1  3  0 -9 
38 38   1  0  0 -9 
38 87   1  3  0 -9 
39 39   1  0  0 -9 
39 54  -1  1  0 -9 
39 71   1  2  0 -9 
39 108   1  2  0 -9 
40 40   1  0  0 -9 
40 55  -1  1  0 -9 
40 72   1  2  0 -9 
40 109   1  2  0 -9 
41 41   1  0  0 -9 
41 56  -1  1  0 -9 
41 73   1  2  0 -9 
41 110   1  2  0 -9 
42 42   1  0  0 -9 
42 57  -1  1  0 -9 
42 74   1  2  0 -9 
42 111   1  2  0 -9 
43 43   1  0  0 -9 
43 53   1  2  0 -9 
43 58  -1  1  0 -9 
43 75   1  2  0 -9 
43 112   1  2  0 -9 
44 44   1  0  0 -9 
44 59  -1  1  0 -9 
44 76   1  2  0 -9 
44 113   1  2  0 -9 
45 45   1  0  0 -9 
45 60  -1  1  0 -9 
45 68  -1  4  0 -9 
45 77   1  2  0 -9 
45 114   1  2  0 -9 
45 128   1  5  0 -9 
46 46   1  0  0 -9 
46 61  -1  1  0 -9 
46 69  -1  4  0 -9 
46 78   1  2  0 -9 
46 115   1  2  0 -9 
46 129   1  5  0 -9 
47 47   1  0  0 -9 
47 62  -1  1  0 -9 
47 77   1  3  0 -9 
47 88   1  3  0 -9 
47 98  -1  4  0 -9 
47 116   1  2  0 -9 
47 130   1  5  0 -9 
48 48   1  0  0 -9 
48 63  -1  1  0 -9 
48 89   1  3  0 -9 
48 99  -1  4  0 -9 
48 117   1  2  0 -9 
48 131   1  5  0 -9 
49 49   1  0  0 -9 
49 64  -1  1  0 -9 
49 90   1  3  0 -9 
49 100  -1  4  0 -9 
49 118   1  2  0 -9 
49 132   1  5  0 -9 
50 50   1  0  0 -9 
50 65  -1  1  0 -9 
50 91   1  3  0 -9 
50 101  -1  4  0 -9 
50 119   1  2  0 -9 
50 133   1  5  0 -9 
51 51   1  0  0 -9 
51 66  -1  1  0 -9 
51 92   1  3  0 -9 
51 102  -1  4  0 -9 
51 120   1  2  0 -9 
51 134   1  5  0 -9 
52 52   1  0  0 -9 
52 67  -1  1  0 -9 
52 78   1  3  0 -9 
52 93   1  3  0 -9 
52 103  -1  4  0 -9 
52 121   1  2  0 -9 
52 135   1  5  0 -9 
53 53  -1  6  0 -9 
54 71  -1  5  0 -9 
54 108   1  3  0 -9 
55 72  -1  5  0 -9 
55 109   1  3  0 -9 
56 73  -1  5  0 -9 
56 110   1  3  0 -9 
57 74  -1  5  0 -9 
57 111   1  3  0 -9 
58 53  -1  5  0 -9 
58 75  -1  5  0 -9 
58 112   1  3  0 -9 
59 76  -1  5  0 -9 
59 113   1  3  0 -9 
60 68  -1  5  0 -9 
60 77  -1  5  0 -9 
60 114   1  3  0 -9 
60 128   1  6  0 -9 
61 69  -1  5  0 -9 
61 78  -1  5  0 -9 
61 115   1  3  0 -9 
61 129   1  6  0 -9 
62 98  -1  5  0 -9 
62 116   1  3  0 -9 
62 130   1  6  0 -9 
63 99  -1  5  0 -9 
63 117   1  3  0 -9 
63 131   1  6  0 -9 
64 100  -1  5  0 -9 
64 118   1  3  0 -9 
64 132   1  6  0 -9 
65 101  -1  5  0 -9 
65 119   1  3  0 -9 
65 133   1  6  0 -9 
66 102  -1  5  0 -9 
66 120   1  3  0 -9 
66 134   1  6  0 -9 
67 103  -1  5  0 -9 
67 121   1  3  0 -9 
67 135   1  6  0 -9 
68 68  -1  6  0 -9 
68 128   1  7  0 -9 
69 69  -1  6  0 -9 
69 129   1  7  0 -9 
70 104  -1  5  0 -9 
70 124   1  3  0 -9 
70 127  -1  4  0 -9 
70 136   1  6  0 -9 
71 71  -1  6  0 -9 
72 72  -1  6  0 -9 
73 73  -1  6  0 -9 
74 74  -1  6  0 -9 
75 75  -1  6  0 -9 
76 76  -1  6  0 -9 
77 77  -1  6  0 -9 
78 78  -1  6  0 -9 
79 79  -1  6  0 -9 
80 80  -1  6  0 -9 
81 81  -1  6  0 -9 
82 82  -1  6  0 -9 
83 83  -1  6  0 -9 
84 84  -1  6  0 -9 
85 85  -1  6  0 -9 
86 86  -1  6  0 -9 
87 87  -1  6  0 -9 
88 88  -1  6  0 -9 
89 89  -1  6  0 -9 
90 90  -1  6  0 -9 
91 91  -1  6  0 -9 
92 92  -1  6  0 -9 
93 93  -1  6  0 -9 
94 94  -1  6  0 -9 
95 95  -1  6  0 -9 
96 96  -1  6  0 -9 
97 97  -1  6  0 -9 
98 98  -1  6  0 -9 
98 130   1  7  0 -9 
99 99  -1  6  0 -9 
99 131   1  7  0 -9 
100 100  -1  6  0 -9 
100 132   1  7  0 -9 
101 101  -1  6  0 -9 
101 133   1  7  0 -9 
102 102  -1  6  0 -9 
102 134   1  7  0 -9 
103 103  -1  6  0 -9 
103 135   1  7  0 -9 
104 104  -1  6  0 -9 
104 136   1  7  0 -9 
105 105  -1  6  0 -9 
105 137   1  7  0 -9 
106 106  -1  6  0 -9 
106 138   1  7  0 -9 
107 12   1  3  0 -9 
107 53  -1  5  0 -9 
108 54   1  3  0 -9 
108 71  -1  4  0 -9 
109 55   1  3  0 -9 
109 72  -1  4  0 -9 
110 56   1  3  0 -9 
110 73  -1  4  0 -9 
111 57   1  3  0 -9 
111 74  -1  4  0 -9 
112 53  -1  4  0 -9 
112 58   1  3  0 -9 
112 75  -1  4  0 -9 
113 59   1  3  0 -9 
113 76  -1  4  0 -9 
114 60   1  3  0 -9 
114 68  -1  4  0 -9 
114 77  -1  4  0 -9 
115 61   1  3  0 -9 
115 69  -1  4  0 -9 
115 78  -1  4  0 -9 
116 62   1  3  0 -9 
116 98  -1  4  0 -9 
117 63   1  3  0 -9 
117 99  -1  4  0 -9 
118 64   1  3  0 -9 
118 100  -1  4  0 -9 
119 65   1  3  0 -9 
119 101  -1  4  0 -9 
120 66   1  3  0 -9 
120 102  -1  4  0 -9 
121 67   1  3  0 -9 
121 103  -1  4  0 -9 
122 13   1  3  0 -9 
122 68  -1  5  0 -9 
122 125  -1  5  0 -9 
122 128   1  6  0 -9 
123 14   1  3  0 -9 
123 69  -1  5  0 -9 
123 126  -1  5  0 -9 
123 129   1  6  0 -9 
124 70   1  3  0 -9 
124 104  -1  4  0 -9 
124 127  -1  5  0 -9 
124 139   1  6  0 -9 
125 125  -1  6  0 -9 
125 128   1  7  0 -9 
126 126  -1  6  0 -9 
126 129   1  7  0 -9 
127 127  -1  6  0 -9 
127 139   1  7  0 -9 
128 128   1  8  0 -9 
129 129   1  8  0 -9 
130 130   1  8  0 -9 
131 131   1  8  0 -9 
132 132   1  8  0 -9 
133 133   1  8  0 -9 
134 134   1  8  0 -9 
135 135   1  8  0 -9 
136 136   1  8  0 -9 
137 137   1  8  0 -9 
138 138   1  8  0 -9 
139 139   1  8  0 -9 
9999 9999
