 0  0  -1 -2  0 -9 
 0 35   1 -1  0 -9 
 1  1  -1 -2  0 -9 
 1 36   1 -1  0 -9 
 2  2  -1 -2  0 -9 
 2 37   1 -1  0 -9 
 3  3  -1 -2  0 -9 
 3 38   1 -1  0 -9 
 4  4  -1 -2  0 -9 
 4 39   1 -1  0 -9 
 5  5  -1 -2  0 -9 
 5 40   1 -1  0 -9 
 6  6  -1 -2  0 -9 
 6 41   1 -1  0 -9 
 7  7  -1 -2  0 -9 
 7 42   1 -1  0 -9 
 8  8  -1 -2  0 -9 
 8 43   1 -1  0 -9 
 8 68  -1  0  0 -9 
 9  9  -1 -2  0 -9 
 9 44   1 -1  0 -9 
 9 69  -1  0  0 -9 
10 10  -1 -2  0 -9 
10 45   1 -1  0 -9 
10 70  -1  0  0 -9 
11 11  -1 -2  0 -9 
11 46   1 -1  0 -9 
11 71  -1  0  0 -9 
12 12  -1 -2  0 -9 
12 20  -1  0  0 -9 
12 26   1 -1  0 -9 
12 47   1 -1  0 -9 
12 74  -1  0  0 -9 
12 83   1  1  0 -9 
13 13  -1 -2  0 -9 
13 21  -1  0  0 -9 
13 27   1 -1  0 -9 
13 48   1 -1  0 -9 
13 75  -1  0  0 -9 
13 84   1  1  0 -9 
14 14  -1 -2  0 -9 
14 22  -1  0  0 -9 
14 28   1 -1  0 -9 
14 49   1 -1  0 -9 
14 76  -1  0  0 -9 
14 85   1  1  0 -9 
15 15  -1 -2  0 -9 
15 23  -1  0  0 -9 
15 29   1 -1  0 -9 
15 50   1 -1  0 -9 
15 77  -1  0  0 -9 
15 86   1  1  0 -9 
16 16  -1 -2  0 -9 
16 20  -1  0  0 -9 
16 30   1 -1  0 -9 
16 51   1 -1  0 -9 
16 78  -1  0  0 -9 
16 87   1  1  0 -9 
17 17  -1 -2  0 -9 
17 22  -1  0  0 -9 
17 31   1 -1  0 -9 
17 52   1 -1  0 -9 
17 79  -1  0  0 -9 
17 88   1  1  0 -9 
18 18  -1 -2  0 -9 
18 24  -1  0  0 -9 
18 32   1 -1  0 -9 
18 72   1 -1  0 -9 
18 80  -1  0  0 -9 
18 89   1  1  0 -9 
18 95   1  1  0 -9 
18 97  -1  2  0 -9 
19 19  -1 -2  0 -9 
19 25  -1  0  0 -9 
19 33   1 -1  0 -9 
19 71  -1  0  0 -9 
19 73   1 -1  0 -9 
19 81  -1  0  0 -9 
19 90   1  1  0 -9 
19 96   1  1  0 -9 
19 98  -1  2  0 -9 
20 68   1  3  0 -9 
21 69   1  3  0 -9 
22 70   1  3  0 -9 
23 71   1  3  0 -9 
24 95   1  3  0 -9 
24 97  -1  4  0 -9 
25 96   1  3  0 -9 
25 98  -1  4  0 -9 
26 20  -1  1  0 -9 
26 26   1  0  0 -9 
26 68   1  2  0 -9 
26 74  -1  1  0 -9 
26 83   1  2  0 -9 
27 21  -1  1  0 -9 
27 27   1  0  0 -9 
27 69   1  2  0 -9 
27 75  -1  1  0 -9 
27 84   1  2  0 -9 
28 22  -1  1  0 -9 
28 28   1  0  0 -9 
28 70   1  2  0 -9 
28 76  -1  1  0 -9 
28 85   1  2  0 -9 
29 23  -1  1  0 -9 
29 29   1  0  0 -9 
29 71   1  2  0 -9 
29 77  -1  1  0 -9 
29 86   1  2  0 -9 
30 20  -1  1  0 -9 
30 30   1  0  0 -9 
30 68   1  2  0 -9 
30 78  -1  1  0 -9 
30 87   1  2  0 -9 
31 22  -1  1  0 -9 
31 31   1  0  0 -9 
31 70   1  2  0 -9 
31 79  -1  1  0 -9 
31 88   1  2  0 -9 
32 24  -1  1  0 -9 
32 32   1  0  0 -9 
32 80  -1  1  0 -9 
32 89   1  2  0 -9 
32 95   1  2  0 -9 
32 97  -1  3  0 -9 
33 25  -1  1  0 -9 
33 33   1  0  0 -9 
33 81  -1  1  0 -9 
33 90   1  2  0 -9 
33 96   1  2  0 -9 
33 98  -1  3  0 -9 
34 24   1 -1  0 -9 
34 25  -1  0  0 -9 
34 33   1 -1  0 -9 
34 34  -1 -2  0 -9 
34 81  -1  0  0 -9 
34 82   1 -1  0 -9 
34 90   1  1  0 -9 
34 91  -1  0  0 -9 
34 95   1  2  0 -9 
34 97  -1  3  0 -9 
35 35   1  0  0 -9 
36 36   1  0  0 -9 
37 37   1  0  0 -9 
38 38   1  0  0 -9 
39 39   1  0  0 -9 
40 40   1  0  0 -9 
41 41   1  0  0 -9 
42 42   1  0  0 -9 
43 20   1  2  0 -9 
43 43   1  0  0 -9 
43 68  -1  1  0 -9 
44 21   1  2  0 -9 
44 44   1  0  0 -9 
44 69  -1  1  0 -9 
45 22   1  2  0 -9 
45 45   1  0  0 -9 
45 70  -1  1  0 -9 
46 23   1  2  0 -9 
46 46   1  0  0 -9 
46 71  -1  1  0 -9 
47 47   1  0  0 -9 
47 74  -1  1  0 -9 
47 83   1  2  0 -9 
48 48   1  0  0 -9 
48 75  -1  1  0 -9 
48 84   1  2  0 -9 
49 49   1  0  0 -9 
49 76  -1  1  0 -9 
49 85   1  2  0 -9 
50 50   1  0  0 -9 
50 77  -1  1  0 -9 
50 86   1  2  0 -9 
51 51   1  0  0 -9 
51 78  -1  1  0 -9 
51 87   1  2  0 -9 
52 52   1  0  0 -9 
52 79  -1  1  0 -9 
52 88   1  2  0 -9 
53 38   1 -1  0 -9 
53 53  -1 -2  0 -9 
54 39   1 -1  0 -9 
54 54  -1 -2  0 -9 
55 40   1 -1  0 -9 
55 55  -1 -2  0 -9 
56 39   1 -1  0 -9 
56 42   1 -1  0 -9 
56 56  -1 -2  0 -9 
57 47   1 -1  0 -9 
57 57  -1 -2  0 -9 
57 74  -1  0  0 -9 
58 48   1 -1  0 -9 
58 58  -1 -2  0 -9 
58 75  -1  0  0 -9 
59 41   1 -1  0 -9 
59 49   1 -1  0 -9 
59 59  -1 -2  0 -9 
59 76  -1  0  0 -9 
60 42   1 -1  0 -9 
60 50   1 -1  0 -9 
60 60  -1 -2  0 -9 
60 77  -1  0  0 -9 
61 51   1 -1  0 -9 
61 61  -1 -2  0 -9 
61 78  -1  0  0 -9 
62 52   1 -1  0 -9 
62 62  -1 -2  0 -9 
62 79  -1  0  0 -9 
63 48   1 -1  0 -9 
63 63  -1 -2  0 -9 
63 75  -1  0  0 -9 
63 84   1  1  0 -9 
63 87  -1  0  0 -9 
63 92   1 -1  0 -9 
64 50   1 -1  0 -9 
64 64  -1 -2  0 -9 
64 77  -1  0  0 -9 
64 86   1  1  0 -9 
64 88  -1  0  0 -9 
64 93   1 -1  0 -9 
65 49   1 -1  0 -9 
65 65  -1 -2  0 -9 
65 76  -1  0  0 -9 
65 80   1 -1  0 -9 
65 89   1  2  0 -9 
65 97  -1  3  0 -9 
66 50   1 -1  0 -9 
66 66  -1 -2  0 -9 
66 77  -1  0  0 -9 
66 81   1 -1  0 -9 
66 90   1  2  0 -9 
66 98  -1  3  0 -9 
67 67  -1 -2  0 -9 
67 81  -1  0  0 -9 
67 82   1 -1  0 -9 
67 90   1  1  0 -9 
67 91  -1  0  0 -9 
67 94   1 -1  0 -9 
67 98  -1  2  0 -9 
67 99   1  1  0 -9 
68 20   1  3  0 -9 
69 21   1  3  0 -9 
70 22   1  3  0 -9 
71 23   1  3  0 -9 
72 24  -1  1  0 -9 
72 72   1  0  0 -9 
72 80  -1  1  0 -9 
72 89   1  2  0 -9 
72 95   1  2  0 -9 
72 97  -1  3  0 -9 
73 23   1  2  0 -9 
73 25  -1  1  0 -9 
73 71  -1  1  0 -9 
73 73   1  0  0 -9 
73 81  -1  1  0 -9 
73 90   1  2  0 -9 
73 96   1  2  0 -9 
73 98  -1  3  0 -9 
74 83   1  3  0 -9 
75 84   1  3  0 -9 
76 85   1  3  0 -9 
77 86   1  3  0 -9 
78 87   1  3  0 -9 
79 88   1  3  0 -9 
80 89   1  3  0 -9 
80 97  -1  4  0 -9 
81 90   1  3  0 -9 
81 98  -1  4  0 -9 
82 81  -1  1  0 -9 
82 82   1  0  0 -9 
82 90   1  2  0 -9 
82 91  -1  1  0 -9 
82 98  -1  3  0 -9 
82 99   1  2  0 -9 
83 74   1  3  0 -9 
84 75   1  3  0 -9 
85 76   1  3  0 -9 
86 77   1  3  0 -9 
87 78   1  3  0 -9 
88 79   1  3  0 -9 
89 80   1  3  0 -9 
89 97  -1  5  0 -9 
90 81   1  3  0 -9 
90 98  -1  5  0 -9 
91 98  -1  4  0 -9 
91 99   1  3  0 -9 
92 75  -1  1  0 -9 
92 78   1  2  0 -9 
92 84   1  2  0 -9 
92 87  -1  1  0 -9 
92 92   1  0  0 -9 
93 77  -1  1  0 -9 
93 79   1  2  0 -9 
93 86   1  2  0 -9 
93 88  -1  1  0 -9 
93 93   1  0  0 -9 
94 81  -1  1  0 -9 
94 90   1  2  0 -9 
94 91  -1  1  0 -9 
94 94   1  0  0 -9 
94 98  -1  3  0 -9 
94 99   1  2  0 -9 
95 24   1  3  0 -9 
95 97  -1  5  0 -9 
96 25   1  3  0 -9 
96 98  -1  5  0 -9 
97 97  -1  6  0 -9 
98 98  -1  6  0 -9 
99 91   1  3  0 -9 
99 98  -1  5  0 -9 
9999 9999
