 0  1  -1  5  0 -9 
 0  2   1  3  0 -9 
 0  3  -1  4  0 -9 
 0  4   1  6  0 -9 
 1  1  -1  6  0 -9 
 1  4   1  7  0 -9 
 2  0   1  3  0 -9 
 2  1  -1  4  0 -9 
 2  3  -1  5  0 -9 
 2  5   1  6  0 -9 
 3  3  -1  6  0 -9 
 3  5   1  7  0 -9 
 4  4   1  8  0 -9 
 5  5   1  8  0 -9 
 6  3  -1  4  0 -9 
 6  5   1  5  0 -9 
 6  7   1  3  0 -9 
 6  9  -1  4  0 -9 
 7  3  -1  5  0 -9 
 7  5   1  6  0 -9 
 7  6   1  3  0 -9 
 7  8   1  6  0 -9 
 7  9  -1  5  0 -9 
 8  8   1  8  0 -9 
 9  5   1  7  0 -9 
 9  8   1  7  0 -9 
 9  9  -1  6  0 -9 
10  1  -1  4  0 -9 
10  4   1  5  0 -9 
10 11   1  3  0 -9 
10 12  -1  4  0 -9 
11  1  -1  5  0 -9 
11  4   1  6  0 -9 
11 10   1  3  0 -9 
11 12  -1  5  0 -9 
11 13   1  6  0 -9 
12  4   1  7  0 -9 
12 12  -1  6  0 -9 
12 13   1  7  0 -9 
13 13   1  8  0 -9 
14  1  -1  3  0 -9 
14  4   1  4  0 -9 
14  8  -1  3  0 -9 
14 10  -1  1  0 -9 
14 11   1  2  0 -9 
14 12  -1  3  0 -9 
14 14   1  0  0 -9 
14 15  -1  1  0 -9 
14 16  -1  1  0 -9 
14 17   1  2  0 -9 
14 18  -1  3  0 -9 
14 19  -1  3  0 -9 
14 20   1  2  0 -9 
14 21   1  4  0 -9 
15 18  -1  4  0 -9 
15 19  -1  4  0 -9 
15 20   1  3  0 -9 
15 21   1  5  0 -9 
16  1  -1  4  0 -9 
16  4   1  5  0 -9 
16  8  -1  4  0 -9 
16 12  -1  4  0 -9 
16 13   1  5  0 -9 
16 17   1  3  0 -9 
16 18  -1  4  0 -9 
16 19  -1  4  0 -9 
16 21   1  5  0 -9 
17  1  -1  5  0 -9 
17  4   1  6  0 -9 
17  8   1  7  0 -9 
17 12  -1  5  0 -9 
17 13   1  6  0 -9 
17 16   1  3  0 -9 
17 18  -1  5  0 -9 
17 19  -1  5  0 -9 
17 21   1  6  0 -9 
18 13   1  7  0 -9 
18 18  -1  6  0 -9 
18 21   1  7  0 -9 
19 19  -1  6  0 -9 
19 21   1  7  0 -9 
20 13   1  6  0 -9 
20 15   1  3  0 -9 
20 18  -1  5  0 -9 
20 19  -1  5  0 -9 
20 21   1  6  0 -9 
21 21   1  8  0 -9 
22  3  -1  3  0 -9 
22  5   1  4  0 -9 
22  6  -1  1  0 -9 
22  7   1  2  0 -9 
22  9  -1  3  0 -9 
22 13  -1  3  0 -9 
22 22   1  0  0 -9 
22 23  -1  1  0 -9 
22 24  -1  1  0 -9 
22 25   1  2  0 -9 
22 26  -1  3  0 -9 
22 27  -1  3  0 -9 
22 28   1  2  0 -9 
22 29   1  4  0 -9 
23  3  -1  4  0 -9 
23  5   1  5  0 -9 
23  8   1  5  0 -9 
23  9  -1  4  0 -9 
23 13  -1  4  0 -9 
23 26  -1  4  0 -9 
23 27  -1  4  0 -9 
23 28   1  3  0 -9 
23 29   1  5  0 -9 
24 25   1  3  0 -9 
24 26  -1  4  0 -9 
24 27  -1  4  0 -9 
24 29   1  5  0 -9 
25  8   1  6  0 -9 
25 24   1  3  0 -9 
25 26  -1  5  0 -9 
25 27  -1  5  0 -9 
25 29   1  6  0 -9 
26 26  -1  6  0 -9 
26 29   1  7  0 -9 
27  8   1  7  0 -9 
27 27  -1  6  0 -9 
27 29   1  7  0 -9 
28  3  -1  5  0 -9 
28  5   1  6  0 -9 
28  8   1  6  0 -9 
28  9  -1  5  0 -9 
28 13   1  7  0 -9 
28 23   1  3  0 -9 
28 26  -1  5  0 -9 
28 27  -1  5  0 -9 
28 29   1  6  0 -9 
29 29   1  8  0 -9 
30 19  -1  5  0 -9 
30 21   1  6  0 -9 
30 26  -1  4  0 -9 
30 31   1  3  0 -9 
31 19  -1  4  0 -9 
31 26  -1  5  0 -9 
31 29   1  6  0 -9 
31 30   1  3  0 -9 
9999 9999
