 0  0  -1 -2  0 -9 
 1  1  -1 -2  0 -9 
 2  2  -1 -2  0 -9 
 3  3  -1 -2  0 -9 
 4  4  -1 -2  0 -9 
 5  5  -1 -2  0 -9 
 6  6  -1 -2  0 -9 
 6 98   1 -1  0 -9 
 7  7  -1 -2  0 -9 
 7 99   1 -1  0 -9 
 8  8  -1 -2  0 -9 
 8 100   1 -1  0 -9 
 9  9  -1 -2  0 -9 
 9 101   1 -1  0 -9 
10 10  -1 -2  0 -9 
10 115   1 -1  0 -9 
10 142  -1  0  0 -9 
11 11  -1 -2  0 -9 
11 116   1 -1  0 -9 
11 143  -1  0  0 -9 
12 12  -1 -2  0 -9 
12 117   1 -1  0 -9 
12 144  -1  0  0 -9 
13 13  -1 -2  0 -9 
13 118   1 -1  0 -9 
13 145  -1  0  0 -9 
14 14  -1 -2  0 -9 
14 119   1 -1  0 -9 
14 146  -1  0  0 -9 
15 15  -1 -2  0 -9 
15 120   1 -1  0 -9 
15 147  -1  0  0 -9 
16 16  -1 -2  0 -9 
16 180   1 -1  0 -9 
17 17  -1 -2  0 -9 
17 181   1 -1  0 -9 
18 18  -1 -2  0 -9 
18 182   1 -1  0 -9 
19 19  -1 -2  0 -9 
19 183   1 -1  0 -9 
20 20  -1 -2  0 -9 
20 184   1 -1  0 -9 
21 21  -1 -2  0 -9 
21 185   1 -1  0 -9 
22 22  -1 -2  0 -9 
22 186   1 -1  0 -9 
23 23  -1 -2  0 -9 
23 187   1 -1  0 -9 
24 24  -1 -2  0 -9 
24 209   1 -1  0 -9 
24 263  -1  0  0 -9 
25 25  -1 -2  0 -9 
25 210   1 -1  0 -9 
25 264  -1  0  0 -9 
26 26  -1 -2  0 -9 
26 211   1 -1  0 -9 
26 265  -1  0  0 -9 
27 27  -1 -2  0 -9 
27 212   1 -1  0 -9 
27 266  -1  0  0 -9 
28 28  -1 -2  0 -9 
28 213   1 -1  0 -9 
28 267  -1  0  0 -9 
29 29  -1 -2  0 -9 
29 214   1 -1  0 -9 
29 268  -1  0  0 -9 
30 30  -1 -2  0 -9 
30 215   1 -1  0 -9 
30 269  -1  0  0 -9 
31 31  -1 -2  0 -9 
31 216   1 -1  0 -9 
31 270  -1  0  0 -9 
32 32  -1 -2  0 -9 
32 217   1 -1  0 -9 
32 271  -1  0  0 -9 
33 33  -1 -2  0 -9 
33 218   1 -1  0 -9 
33 272  -1  0  0 -9 
33 327   1  1  0 -9 
34 34  -1 -2  0 -9 
34 219   1 -1  0 -9 
34 273  -1  0  0 -9 
34 328   1  1  0 -9 
35 35  -1 -2  0 -9 
35 220   1 -1  0 -9 
35 274  -1  0  0 -9 
35 329   1  1  0 -9 
36 36  -1 -2  0 -9 
36 221   1 -1  0 -9 
36 275  -1  0  0 -9 
36 330   1  1  0 -9 
37 37  -1 -2  0 -9 
37 222   1 -1  0 -9 
37 276  -1  0  0 -9 
37 331   1  1  0 -9 
38 38  -1 -2  0 -9 
38 223   1 -1  0 -9 
38 277  -1  0  0 -9 
38 332   1  1  0 -9 
39 39  -1 -2  0 -9 
39 224   1 -1  0 -9 
39 278  -1  0  0 -9 
39 333   1  1  0 -9 
40 40  -1 -2  0 -9 
40 225   1 -1  0 -9 
40 279  -1  0  0 -9 
40 334   1  1  0 -9 
41 41  -1 -2  0 -9 
41 226   1 -1  0 -9 
41 280  -1  0  0 -9 
41 335   1  1  0 -9 
42 42  -1 -2  0 -9 
42 233   1 -1  0 -9 
42 287  -1  0  0 -9 
42 363   1  1  0 -9 
43 43  -1 -2  0 -9 
43 234   1 -1  0 -9 
43 288  -1  0  0 -9 
43 364   1  1  0 -9 
44 44  -1 -2  0 -9 
44 235   1 -1  0 -9 
44 289  -1  0  0 -9 
44 365   1  1  0 -9 
45 45  -1 -2  0 -9 
45 236   1 -1  0 -9 
45 290  -1  0  0 -9 
45 366   1  1  0 -9 
46 46  -1 -2  0 -9 
46 237   1 -1  0 -9 
46 291  -1  0  0 -9 
46 367   1  1  0 -9 
47 47  -1 -2  0 -9 
47 238   1 -1  0 -9 
47 292  -1  0  0 -9 
47 368   1  1  0 -9 
48 48  -1 -2  0 -9 
48 239   1 -1  0 -9 
48 293  -1  0  0 -9 
48 369   1  1  0 -9 
49 49  -1 -2  0 -9 
49 240   1 -1  0 -9 
49 294  -1  0  0 -9 
49 370   1  1  0 -9 
50 50  -1 -2  0 -9 
50 396   1 -1  0 -9 
50 432  -1  0  0 -9 
51 51  -1 -2  0 -9 
51 397   1 -1  0 -9 
51 433  -1  0  0 -9 
52 52  -1 -2  0 -9 
52 398   1 -1  0 -9 
52 434  -1  0  0 -9 
53 53  -1 -2  0 -9 
53 399   1 -1  0 -9 
53 435  -1  0  0 -9 
54 54  -1 -2  0 -9 
54 400   1 -1  0 -9 
54 436  -1  0  0 -9 
55 55  -1 -2  0 -9 
55 401   1 -1  0 -9 
55 437  -1  0  0 -9 
56 56  -1 -2  0 -9 
56 146  -1  0  0 -9 
56 169   1 -1  0 -9 
56 402   1 -1  0 -9 
56 459  -1  0  0 -9 
56 470   1  1  0 -9 
57 57  -1 -2  0 -9 
57 147  -1  0  0 -9 
57 170   1 -1  0 -9 
57 403   1 -1  0 -9 
57 460  -1  0  0 -9 
57 471   1  1  0 -9 
58 58  -1 -2  0 -9 
58 404   1 -1  0 -9 
58 482  -1  0  0 -9 
59 59  -1 -2  0 -9 
59 405   1 -1  0 -9 
59 483  -1  0  0 -9 
60 60  -1 -2  0 -9 
60 406   1 -1  0 -9 
60 484  -1  0  0 -9 
61 61  -1 -2  0 -9 
61 407   1 -1  0 -9 
61 485  -1  0  0 -9 
62 62  -1 -2  0 -9 
62 408   1 -1  0 -9 
62 486  -1  0  0 -9 
63 63  -1 -2  0 -9 
63 409   1 -1  0 -9 
63 487  -1  0  0 -9 
64 64  -1 -2  0 -9 
64 410   1 -1  0 -9 
64 488  -1  0  0 -9 
65 65  -1 -2  0 -9 
65 411   1 -1  0 -9 
65 489  -1  0  0 -9 
66 66  -1 -2  0 -9 
66 412   1 -1  0 -9 
66 490  -1  0  0 -9 
67 67  -1 -2  0 -9 
67 281  -1  0  0 -9 
67 305   1 -1  0 -9 
67 348   1  1  0 -9 
67 413   1 -1  0 -9 
67 524  -1  0  0 -9 
67 546   1  1  0 -9 
67 561  -1  2  0 -9 
68 68  -1 -2  0 -9 
68 268  -1  0  0 -9 
68 282  -1  0  0 -9 
68 306   1 -1  0 -9 
68 349   1  1  0 -9 
68 414   1 -1  0 -9 
68 525  -1  0  0 -9 
68 547   1  1  0 -9 
68 562  -1  2  0 -9 
69 69  -1 -2  0 -9 
69 269  -1  0  0 -9 
69 283  -1  0  0 -9 
69 307   1 -1  0 -9 
69 350   1  1  0 -9 
69 415   1 -1  0 -9 
69 526  -1  0  0 -9 
69 548   1  1  0 -9 
69 563  -1  2  0 -9 
70 70  -1 -2  0 -9 
70 270  -1  0  0 -9 
70 284  -1  0  0 -9 
70 308   1 -1  0 -9 
70 351   1  1  0 -9 
70 416   1 -1  0 -9 
70 527  -1  0  0 -9 
70 549   1  1  0 -9 
70 564  -1  2  0 -9 
71 71  -1 -2  0 -9 
71 271  -1  0  0 -9 
71 285  -1  0  0 -9 
71 309   1 -1  0 -9 
71 352   1  1  0 -9 
71 417   1 -1  0 -9 
71 528  -1  0  0 -9 
71 550   1  1  0 -9 
71 565  -1  2  0 -9 
72 72  -1 -2  0 -9 
72 286  -1  0  0 -9 
72 310   1 -1  0 -9 
72 353   1  1  0 -9 
72 418   1 -1  0 -9 
72 529  -1  0  0 -9 
72 551   1  1  0 -9 
72 566  -1  2  0 -9 
73 73  -1 -2  0 -9 
73 295  -1  0  0 -9 
73 312   1 -1  0 -9 
73 381   1  1  0 -9 
73 419   1 -1  0 -9 
73 531  -1  0  0 -9 
73 553   1  1  0 -9 
73 579  -1  2  0 -9 
74 74  -1 -2  0 -9 
74 296  -1  0  0 -9 
74 313   1 -1  0 -9 
74 382   1  1  0 -9 
74 420   1 -1  0 -9 
74 532  -1  0  0 -9 
74 554   1  1  0 -9 
74 580  -1  2  0 -9 
75 75  -1 -2  0 -9 
75 297  -1  0  0 -9 
75 314   1 -1  0 -9 
75 383   1  1  0 -9 
75 421   1 -1  0 -9 
75 533  -1  0  0 -9 
75 555   1  1  0 -9 
75 581  -1  2  0 -9 
76 76  -1 -2  0 -9 
76 298  -1  0  0 -9 
76 315   1 -1  0 -9 
76 384   1  1  0 -9 
76 422   1 -1  0 -9 
76 534  -1  0  0 -9 
76 556   1  1  0 -9 
76 582  -1  2  0 -9 
77 77  -1 -2  0 -9 
77 121   1 -1  0 -9 
77 148  -1  0  0 -9 
77 432  -1  0  0 -9 
77 438   1 -1  0 -9 
77 491  -1  0  0 -9 
77 594   1  1  0 -9 
78 78  -1 -2  0 -9 
78 122   1 -1  0 -9 
78 149  -1  0  0 -9 
78 439   1 -1  0 -9 
78 492  -1  0  0 -9 
78 595   1  1  0 -9 
79 79  -1 -2  0 -9 
79 123   1 -1  0 -9 
79 150  -1  0  0 -9 
79 440   1 -1  0 -9 
79 493  -1  0  0 -9 
79 596   1  1  0 -9 
80 80  -1 -2  0 -9 
80 124   1 -1  0 -9 
80 151  -1  0  0 -9 
80 441   1 -1  0 -9 
80 494  -1  0  0 -9 
80 597   1  1  0 -9 
81 81  -1 -2  0 -9 
81 125   1 -1  0 -9 
81 152  -1  0  0 -9 
81 433  -1  0  0 -9 
81 442   1 -1  0 -9 
81 495  -1  0  0 -9 
81 598   1  1  0 -9 
82 82  -1 -2  0 -9 
82 126   1 -1  0 -9 
82 153  -1  0  0 -9 
82 434  -1  0  0 -9 
82 443   1 -1  0 -9 
82 496  -1  0  0 -9 
82 599   1  1  0 -9 
83 83  -1 -2  0 -9 
83 127   1 -1  0 -9 
83 154  -1  0  0 -9 
83 435  -1  0  0 -9 
83 444   1 -1  0 -9 
83 497  -1  0  0 -9 
83 600   1  1  0 -9 
84 84  -1 -2  0 -9 
84 128   1 -1  0 -9 
84 155  -1  0  0 -9 
84 445   1 -1  0 -9 
84 498  -1  0  0 -9 
84 601   1  1  0 -9 
85 85  -1 -2  0 -9 
85 129   1 -1  0 -9 
85 156  -1  0  0 -9 
85 446   1 -1  0 -9 
85 499  -1  0  0 -9 
85 602   1  1  0 -9 
86 86  -1 -2  0 -9 
86 157  -1  0  0 -9 
86 171   1 -1  0 -9 
86 447   1 -1  0 -9 
86 461  -1  0  0 -9 
86 472   1  1  0 -9 
86 500  -1  0  0 -9 
86 615   1  1  0 -9 
86 630  -1  2  0 -9 
87 87  -1 -2  0 -9 
87 158  -1  0  0 -9 
87 172   1 -1  0 -9 
87 448   1 -1  0 -9 
87 462  -1  0  0 -9 
87 473   1  1  0 -9 
87 501  -1  0  0 -9 
87 616   1  1  0 -9 
87 631  -1  2  0 -9 
88 88  -1 -2  0 -9 
88 159  -1  0  0 -9 
88 173   1 -1  0 -9 
88 449   1 -1  0 -9 
88 463  -1  0  0 -9 
88 474   1  1  0 -9 
88 502  -1  0  0 -9 
88 617   1  1  0 -9 
88 632  -1  2  0 -9 
89 89  -1 -2  0 -9 
89 160  -1  0  0 -9 
89 174   1 -1  0 -9 
89 450   1 -1  0 -9 
89 464  -1  0  0 -9 
89 475   1  1  0 -9 
89 503  -1  0  0 -9 
89 618   1  1  0 -9 
89 633  -1  2  0 -9 
90 90  -1 -2  0 -9 
90 161  -1  0  0 -9 
90 175   1 -1  0 -9 
90 451   1 -1  0 -9 
90 465  -1  0  0 -9 
90 476   1  1  0 -9 
90 504  -1  0  0 -9 
90 619   1  1  0 -9 
90 634  -1  2  0 -9 
91 91  -1 -2  0 -9 
91 162  -1  0  0 -9 
91 176   1 -1  0 -9 
91 437  -1  0  0 -9 
91 452   1 -1  0 -9 
91 466  -1  0  0 -9 
91 477   1  1  0 -9 
91 505  -1  0  0 -9 
91 620   1  1  0 -9 
91 635  -1  2  0 -9 
92 92  -1 -2  0 -9 
92 163  -1  0  0 -9 
92 282  -1  0  0 -9 
92 299  -1  0  0 -9 
92 318   1 -1  0 -9 
92 349   1  1  0 -9 
92 354  -1  2 -1  0  0 -9 
92 385   1  1  0 -9 
92 453   1 -1  0 -9 
92 537  -1  0  0 -9 
92 562  -1  2  0 -9 
92 567   1  1  0 -9 
92 583  -1  2  0 -9 
92 621   1  1  0 -9 
92 636  -1  2  0 -9 
92 648   1  3  0 -9 
93 93  -1 -2  0 -9 
93 164  -1  0  0 -9 
93 283  -1  0  0 -9 
93 300  -1  0  0 -9 
93 319   1 -1  0 -9 
93 350   1  1  0 -9 
93 355  -1  2 -1  0  0 -9 
93 386   1  1  0 -9 
93 454   1 -1  0 -9 
93 538  -1  0  0 -9 
93 563  -1  2  0 -9 
93 568   1  1  0 -9 
93 584  -1  2  0 -9 
93 622   1  1  0 -9 
93 637  -1  2  0 -9 
93 649   1  3  0 -9 
94 94  -1 -2  0 -9 
94 165  -1  0  0 -9 
94 301  -1  0  0 -9 
94 320   1 -1  0 -9 
94 356  -1  2 -1  0  0 -9 
94 387   1  1  0 -9 
94 455   1 -1  0 -9 
94 539  -1  0  0 -9 
94 569   1  1  0 -9 
94 585  -1  2  0 -9 
94 623   1  1  0 -9 
94 638  -1  2  0 -9 
94 650   1  3  0 -9 
95 95  -1 -2  0 -9 
95 166  -1  0  0 -9 
95 302  -1  0  0 -9 
95 321   1 -1  0 -9 
95 357  -1  2 -1  0  0 -9 
95 388   1  1  0 -9 
95 456   1 -1  0 -9 
95 540  -1  0  0 -9 
95 570   1  1  0 -9 
95 586  -1  2  0 -9 
95 624   1  1  0 -9 
95 639  -1  2  0 -9 
95 651   1  3  0 -9 
96 96  -1 -2  0 -9 
96 167  -1  0  0 -9 
96 284  -1  0  0 -9 
96 303  -1  0  0 -9 
96 322   1 -1  0 -9 
96 351   1  1  0 -9 
96 358  -1  2 -1  0  0 -9 
96 389   1  1  0 -9 
96 457   1 -1  0 -9 
96 541  -1  0  0 -9 
96 564  -1  2  0 -9 
96 571   1  1  0 -9 
96 587  -1  2  0 -9 
96 625   1  1  0 -9 
96 640  -1  2  0 -9 
96 652   1  3  0 -9 
97 97  -1 -2  0 -9 
97 168  -1  0  0 -9 
97 285  -1  0  0 -9 
97 304  -1  0  0 -9 
97 323   1 -1  0 -9 
97 352   1  1  0 -9 
97 359  -1  2 -1  0  0 -9 
97 390   1  1  0 -9 
97 458   1 -1  0 -9 
97 542  -1  0  0 -9 
97 565  -1  2  0 -9 
97 572   1  1  0 -9 
97 588  -1  2  0 -9 
97 626   1  1  0 -9 
97 641  -1  2  0 -9 
97 653   1  3  0 -9 
98 98   1  0  0 -9 
99 99   1  0  0 -9 
100 100   1  0  0 -9 
101 101   1  0  0 -9 
102 102  -1 -2  0 -9 
102 121   1 -1  0 -9 
102 148  -1  0  0 -9 
102 188   1 -1  0 -9 
102 327   1  2  0 -9 
103 103  -1 -2  0 -9 
103 122   1 -1  0 -9 
103 149  -1  0  0 -9 
103 189   1 -1  0 -9 
103 328   1  2  0 -9 
104 104  -1 -2  0 -9 
104 123   1 -1  0 -9 
104 150  -1  0  0 -9 
104 190   1 -1  0 -9 
104 329   1  2  0 -9 
105 105  -1 -2  0 -9 
105 124   1 -1  0 -9 
105 151  -1  0  0 -9 
105 191   1 -1  0 -9 
105 330   1  2  0 -9 
106 99   1 -1  0 -9 
106 106  -1 -2  0 -9 
106 125   1 -1  0 -9 
106 152  -1  0  0 -9 
106 192   1 -1  0 -9 
106 331   1  2  0 -9 
107 100   1 -1  0 -9 
107 107  -1 -2  0 -9 
107 126   1 -1  0 -9 
107 153  -1  0  0 -9 
107 193   1 -1  0 -9 
107 332   1  2  0 -9 
108 101   1 -1  0 -9 
108 108  -1 -2  0 -9 
108 127   1 -1  0 -9 
108 154  -1  0  0 -9 
108 194   1 -1  0 -9 
108 333   1  2  0 -9 
109 109  -1 -2  0 -9 
109 128   1 -1  0 -9 
109 155  -1  0  0 -9 
109 195   1 -1  0 -9 
109 334   1  2  0 -9 
110 110  -1 -2  0 -9 
110 129   1 -1  0 -9 
110 156  -1  0  0 -9 
110 196   1 -1  0 -9 
110 335   1  2  0 -9 
111 111  -1 -2  0 -9 
111 251   1 -1  0 -9 
111 328   1  1  0 -9 
111 336  -1  0  0 -9 
111 371   1  1  0 -9 
112 112  -1 -2  0 -9 
112 252   1 -1  0 -9 
112 329   1  1  0 -9 
112 337  -1  0  0 -9 
112 372   1  1  0 -9 
113 113  -1 -2  0 -9 
113 253   1 -1  0 -9 
113 330   1  1  0 -9 
113 338  -1  0  0 -9 
113 373   1  1  0 -9 
114 114  -1 -2  0 -9 
114 254   1 -1  0 -9 
114 339  -1  0  0 -9 
114 374   1  1  0 -9 
115 115   1  0  0 -9 
115 142  -1  1  0 -9 
115 432   1  2  0 -9 
116 116   1  0  0 -9 
116 143  -1  1  0 -9 
116 433   1  2  0 -9 
117 117   1  0  0 -9 
117 144  -1  1  0 -9 
117 434   1  2  0 -9 
118 118   1  0  0 -9 
118 145  -1  1  0 -9 
118 435   1  2  0 -9 
119 119   1  0  0 -9 
119 146  -1  1  0 -9 
119 436   1  2  0 -9 
120 120   1  0  0 -9 
120 147  -1  1  0 -9 
120 437   1  2  0 -9 
121 121   1  0  0 -9 
121 148  -1  1  0 -9 
121 594   1  2  0 -9 
122 122   1  0  0 -9 
122 149  -1  1  0 -9 
122 595   1  2  0 -9 
123 123   1  0  0 -9 
123 150  -1  1  0 -9 
123 596   1  2  0 -9 
124 124   1  0  0 -9 
124 151  -1  1  0 -9 
124 597   1  2  0 -9 
125 125   1  0  0 -9 
125 152  -1  1  0 -9 
125 598   1  2  0 -9 
126 126   1  0  0 -9 
126 153  -1  1  0 -9 
126 599   1  2  0 -9 
127 127   1  0  0 -9 
127 154  -1  1  0 -9 
127 600   1  2  0 -9 
128 128   1  0  0 -9 
128 155  -1  1  0 -9 
128 601   1  2  0 -9 
129 129   1  0  0 -9 
129 156  -1  1  0 -9 
129 602   1  2  0 -9 
130 125   1 -1  0 -9 
130 130  -1 -2  0 -9 
130 152  -1  0  0 -9 
130 157   1 -1  0 -9 
130 227   1 -1  0 -9 
130 281  -1  0  0 -9 
130 331   1  2  0 -9 
130 348  -1  3  0 -9 
130 561   1  4  0 -9 
130 615   1  2  0 -9 
130 630  -1  3  0 -9 
131 126   1 -1  0 -9 
131 131  -1 -2  0 -9 
131 153  -1  0  0 -9 
131 158   1 -1  0 -9 
131 228   1 -1  0 -9 
131 282  -1  0  0 -9 
131 332   1  2  0 -9 
131 349  -1  3  0 -9 
131 562   1  4  0 -9 
131 616   1  2  0 -9 
131 631  -1  3  0 -9 
132 127   1 -1  0 -9 
132 132  -1 -2  0 -9 
132 154  -1  0  0 -9 
132 159   1 -1  0 -9 
132 229   1 -1  0 -9 
132 283  -1  0  0 -9 
132 333   1  2  0 -9 
132 350  -1  3  0 -9 
132 563   1  4  0 -9 
132 617   1  2  0 -9 
132 632  -1  3  0 -9 
133 128   1 -1  0 -9 
133 133  -1 -2  0 -9 
133 155  -1  0  0 -9 
133 160   1 -1  0 -9 
133 230   1 -1  0 -9 
133 284  -1  0  0 -9 
133 334   1  2  0 -9 
133 351  -1  3  0 -9 
133 564   1  4  0 -9 
133 618   1  2  0 -9 
133 633  -1  3  0 -9 
134 129   1 -1  0 -9 
134 134  -1 -2  0 -9 
134 156  -1  0  0 -9 
134 161   1 -1  0 -9 
134 231   1 -1  0 -9 
134 285  -1  0  0 -9 
134 335   1  2  0 -9 
134 352  -1  3  0 -9 
134 565   1  4  0 -9 
134 619   1  2  0 -9 
134 634  -1  3  0 -9 
135 120   1 -1  0 -9 
135 127   1 -1  0 -9 
135 135  -1 -2  0 -9 
135 147  -1  0  0 -9 
135 154  -1  0  0 -9 
135 162   1 -1  0 -9 
135 232   1 -1  0 -9 
135 286  -1  0  0 -9 
135 333   1  2  0 -9 
135 353  -1  3  0 -9 
135 566   1  4  0 -9 
135 620   1  2  0 -9 
135 635  -1  3  0 -9 
136 136  -1 -2  0 -9 
136 163   1 -1  0 -9 
136 255   1 -1  0 -9 
136 340  -1  0  0 -9 
136 354  -1  3  0 -9 
136 375   1  1  0 -9 
136 621   1  2  0 -9 
136 636  -1  3  0 -9 
136 648   1  4  0 -9 
137 137  -1 -2  0 -9 
137 164   1 -1  0 -9 
137 256   1 -1  0 -9 
137 341  -1  0  0 -9 
137 355  -1  3  0 -9 
137 376   1  1  0 -9 
137 622   1  2  0 -9 
137 637  -1  3  0 -9 
137 649   1  4  0 -9 
138 138  -1 -2  0 -9 
138 165   1 -1  0 -9 
138 257   1 -1  0 -9 
138 342  -1  0  0 -9 
138 356  -1  3  0 -9 
138 377   1  1  0 -9 
138 623   1  2  0 -9 
138 638  -1  3  0 -9 
138 650   1  4  0 -9 
139 139  -1 -2  0 -9 
139 166   1 -1  0 -9 
139 258   1 -1  0 -9 
139 343  -1  0  0 -9 
139 357  -1  3  0 -9 
139 378   1  1  0 -9 
139 624   1  2  0 -9 
139 639  -1  3  0 -9 
139 651   1  4  0 -9 
140 140  -1 -2  0 -9 
140 167   1 -1  0 -9 
140 259   1 -1  0 -9 
140 334   1  1  0 -9 
140 344  -1  0  0 -9 
140 358  -1  3  0 -9 
140 379   1  1  0 -9 
140 625   1  2  0 -9 
140 640  -1  3  0 -9 
140 652   1  4  0 -9 
141 141  -1 -2  0 -9 
141 168   1 -1  0 -9 
141 260   1 -1  0 -9 
141 335   1  1  0 -9 
141 345  -1  0  0 -9 
141 359  -1  3  0 -9 
141 380   1  1  0 -9 
141 626   1  2  0 -9 
141 641  -1  3  0 -9 
141 653   1  4  0 -9 
142 432   1  3  0 -9 
143 433   1  3  0 -9 
144 434   1  3  0 -9 
145 435   1  3  0 -9 
146 436   1  3  0 -9 
147 437   1  3  0 -9 
148 327  -1  4  0 -9 
148 594   1  3  0 -9 
149 328  -1  4  0 -9 
149 595   1  3  0 -9 
150 329  -1  4  0 -9 
150 596   1  3  0 -9 
151 330  -1  4  0 -9 
151 597   1  3  0 -9 
152 331  -1  4  0 -9 
152 598   1  3  0 -9 
153 332  -1  4  0 -9 
153 599   1  3  0 -9 
154 333  -1  4  0 -9 
154 600   1  3  0 -9 
155 334  -1  4  0 -9 
155 601   1  3  0 -9 
156 335  -1  4  0 -9 
156 602   1  3  0 -9 
157 348  -1  4  0 -9 
157 561   1  5  0 -9 
157 615   1  3  0 -9 
157 630  -1  4  0 -9 
158 349  -1  4  0 -9 
158 562   1  5  0 -9 
158 616   1  3  0 -9 
158 631  -1  4  0 -9 
159 350  -1  4  0 -9 
159 563   1  5  0 -9 
159 617   1  3  0 -9 
159 632  -1  4  0 -9 
160 351  -1  4  0 -9 
160 564   1  5  0 -9 
160 618   1  3  0 -9 
160 633  -1  4  0 -9 
161 352  -1  4  0 -9 
161 565   1  5  0 -9 
161 619   1  3  0 -9 
161 634  -1  4  0 -9 
162 353  -1  4  0 -9 
162 566   1  5  0 -9 
162 620   1  3  0 -9 
162 635  -1  4  0 -9 
163 354  -1  4  0 -9 
163 621   1  3  0 -9 
163 636  -1  4  0 -9 
163 648   1  5  0 -9 
164 355  -1  4  0 -9 
164 622   1  3  0 -9 
164 637  -1  4  0 -9 
164 649   1  5  0 -9 
165 356  -1  4  0 -9 
165 623   1  3  0 -9 
165 638  -1  4  0 -9 
165 650   1  5  0 -9 
166 357  -1  4  0 -9 
166 624   1  3  0 -9 
166 639  -1  4  0 -9 
166 651   1  5  0 -9 
167 358  -1  4  0 -9 
167 625   1  3  0 -9 
167 640  -1  4  0 -9 
167 652   1  5  0 -9 
168 359  -1  4  0 -9 
168 626   1  3  0 -9 
168 641  -1  4  0 -9 
168 653   1  5  0 -9 
169 146  -1  1  0 -9 
169 169   1  0  0 -9 
169 436   1  2  0 -9 
169 459  -1  1  0 -9 
169 470   1  2  0 -9 
170 147  -1  1  0 -9 
170 170   1  0  0 -9 
170 437   1  2  0 -9 
170 460  -1  1  0 -9 
170 471   1  2  0 -9 
171 157  -1  1  0 -9 
171 171   1  0  0 -9 
171 461  -1  1  0 -9 
171 472   1  2  0 -9 
171 615   1  2  0 -9 
171 630  -1  3  0 -9 
172 158  -1  1  0 -9 
172 172   1  0  0 -9 
172 462  -1  1  0 -9 
172 473   1  2  0 -9 
172 616   1  2  0 -9 
172 631  -1  3  0 -9 
173 159  -1  1  0 -9 
173 173   1  0  0 -9 
173 463  -1  1  0 -9 
173 474   1  2  0 -9 
173 617   1  2  0 -9 
173 632  -1  3  0 -9 
174 160  -1  1  0 -9 
174 174   1  0  0 -9 
174 464  -1  1  0 -9 
174 475   1  2  0 -9 
174 618   1  2  0 -9 
174 633  -1  3  0 -9 
175 161  -1  1  0 -9 
175 175   1  0  0 -9 
175 465  -1  1  0 -9 
175 476   1  2  0 -9 
175 619   1  2  0 -9 
175 634  -1  3  0 -9 
176 162  -1  1  0 -9 
176 176   1  0  0 -9 
176 466  -1  1  0 -9 
176 477   1  2  0 -9 
176 620   1  2  0 -9 
176 635  -1  3  0 -9 
177 160   1 -1  0 -9 
177 162  -1  0  0 -9 
177 176   1 -1  0 -9 
177 177  -1 -2  0 -9 
177 284  -1  0  0 -9 
177 311   1 -1  0 -9 
177 351  -1  3  0 -9 
177 353   1  2  0 -9 
177 466  -1  0  0 -9 
177 467   1 -1  0 -9 
177 477   1  1  0 -9 
177 478  -1  0  0 -9 
177 530  -1  0  0 -9 
177 552   1  1  0 -9 
177 564   1  4  0 -9 
177 566  -1  3  0 -9 
177 618   1  2  0 -9 
177 633  -1  3  0 -9 
178 167   1 -1  0 -9 
178 178  -1 -2  0 -9 
178 324   1 -1  0 -9 
178 358  -1  3  0 -9 
178 360  -1  0  0 -9 
178 391   1  1  0 -9 
178 468   1 -1  0 -9 
178 479  -1  0  0 -9 
178 543  -1  0  0 -9 
178 573   1  1  0 -9 
178 589  -1  2  0 -9 
178 625   1  2  0 -9 
178 640  -1  3  0 -9 
178 652   1  4  0 -9 
179 168   1 -1  0 -9 
179 179  -1 -2  0 -9 
179 325   1 -1  0 -9 
179 359  -1  3  0 -9 
179 361  -1  0  0 -9 
179 392   1  1  0 -9 
179 469   1 -1  0 -9 
179 480  -1  0  0 -9 
179 544  -1  0  0 -9 
179 574   1  1  0 -9 
179 590  -1  2  0 -9 
179 626   1  2  0 -9 
179 641  -1  3  0 -9 
179 653   1  4  0 -9 
180 180   1  0  0 -9 
181 181   1  0  0 -9 
182 182   1  0  0 -9 
183 183   1  0  0 -9 
184 184   1  0  0 -9 
185 185   1  0  0 -9 
186 186   1  0  0 -9 
187 187   1  0  0 -9 
188 188   1  0  0 -9 
188 327   1  3  0 -9 
189 189   1  0  0 -9 
189 328   1  3  0 -9 
190 190   1  0  0 -9 
190 329   1  3  0 -9 
191 191   1  0  0 -9 
191 330   1  3  0 -9 
192 192   1  0  0 -9 
192 331   1  3  0 -9 
193 193   1  0  0 -9 
193 332   1  3  0 -9 
194 194   1  0  0 -9 
194 333   1  3  0 -9 
195 195   1  0  0 -9 
195 334   1  3  0 -9 
196 196   1  0  0 -9 
196 335   1  3  0 -9 
197 197   1  0  0 -9 
197 363   1  3  0 -9 
198 198   1  0  0 -9 
198 364   1  3  0 -9 
199 199   1  0  0 -9 
199 365   1  3  0 -9 
200 200   1  0  0 -9 
200 366   1  3  0 -9 
201 201   1  0  0 -9 
201 367   1  3  0 -9 
202 202   1  0  0 -9 
202 368   1  3  0 -9 
203 203   1  0  0 -9 
203 369   1  3  0 -9 
204 204   1  0  0 -9 
204 370   1  3  0 -9 
205 205   1  0  0 -9 
205 371   1  3  0 -9 
206 206   1  0  0 -9 
206 372   1  3  0 -9 
207 207   1  0  0 -9 
207 373   1  3  0 -9 
208 208   1  0  0 -9 
208 374   1  3  0 -9 
209 209   1  0  0 -9 
209 263  -1  1  0 -9 
209 482   1  2  0 -9 
210 210   1  0  0 -9 
210 264  -1  1  0 -9 
210 483   1  2  0 -9 
211 211   1  0  0 -9 
211 265  -1  1  0 -9 
211 484   1  2  0 -9 
212 212   1  0  0 -9 
212 266  -1  1  0 -9 
212 485   1  2  0 -9 
213 213   1  0  0 -9 
213 267  -1  1  0 -9 
213 486   1  2  0 -9 
214 214   1  0  0 -9 
214 268  -1  1  0 -9 
214 487   1  2  0 -9 
215 215   1  0  0 -9 
215 269  -1  1  0 -9 
215 488   1  2  0 -9 
216 216   1  0  0 -9 
216 270  -1  1  0 -9 
216 489   1  2  0 -9 
217 217   1  0  0 -9 
217 271  -1  1  0 -9 
217 490   1  2  0 -9 
218 218   1  0  0 -9 
218 272  -1  1  0 -9 
218 327   1  2  0 -9 
218 491   1  2  0 -9 
219 219   1  0  0 -9 
219 273  -1  1  0 -9 
219 328   1  2  0 -9 
219 492   1  2  0 -9 
220 220   1  0  0 -9 
220 274  -1  1  0 -9 
220 329   1  2  0 -9 
220 493   1  2  0 -9 
221 221   1  0  0 -9 
221 275  -1  1  0 -9 
221 330   1  2  0 -9 
221 494   1  2  0 -9 
222 222   1  0  0 -9 
222 276  -1  1  0 -9 
222 331   1  2  0 -9 
222 495   1  2  0 -9 
223 223   1  0  0 -9 
223 277  -1  1  0 -9 
223 332   1  2  0 -9 
223 496   1  2  0 -9 
224 224   1  0  0 -9 
224 278  -1  1  0 -9 
224 333   1  2  0 -9 
224 497   1  2  0 -9 
225 225   1  0  0 -9 
225 279  -1  1  0 -9 
225 334   1  2  0 -9 
225 498   1  2  0 -9 
226 226   1  0  0 -9 
226 280  -1  1  0 -9 
226 335   1  2  0 -9 
226 499   1  2  0 -9 
227 227   1  0  0 -9 
227 281  -1  1  0 -9 
227 331   1  3  0 -9 
227 348  -1  4  0 -9 
227 500   1  2  0 -9 
227 561   1  5  0 -9 
228 228   1  0  0 -9 
228 282  -1  1  0 -9 
228 332   1  3  0 -9 
228 349  -1  4  0 -9 
228 501   1  2  0 -9 
228 562   1  5  0 -9 
229 229   1  0  0 -9 
229 283  -1  1  0 -9 
229 333   1  3  0 -9 
229 350  -1  4  0 -9 
229 502   1  2  0 -9 
229 563   1  5  0 -9 
230 230   1  0  0 -9 
230 284  -1  1  0 -9 
230 334   1  3  0 -9 
230 351  -1  4  0 -9 
230 503   1  2  0 -9 
230 564   1  5  0 -9 
231 231   1  0  0 -9 
231 285  -1  1  0 -9 
231 335   1  3  0 -9 
231 352  -1  4  0 -9 
231 504   1  2  0 -9 
231 565   1  5  0 -9 
232 232   1  0  0 -9 
232 286  -1  1  0 -9 
232 333   1  3  0 -9 
232 353  -1  4  0 -9 
232 505   1  2  0 -9 
232 566   1  5  0 -9 
233 233   1  0  0 -9 
233 287  -1  1  0 -9 
233 363   1  2  0 -9 
233 506   1  2  0 -9 
234 234   1  0  0 -9 
234 288  -1  1  0 -9 
234 364   1  2  0 -9 
234 507   1  2  0 -9 
235 235   1  0  0 -9 
235 289  -1  1  0 -9 
235 365   1  2  0 -9 
235 508   1  2  0 -9 
236 236   1  0  0 -9 
236 290  -1  1  0 -9 
236 366   1  2  0 -9 
236 509   1  2  0 -9 
237 237   1  0  0 -9 
237 291  -1  1  0 -9 
237 367   1  2  0 -9 
237 510   1  2  0 -9 
238 238   1  0  0 -9 
238 292  -1  1  0 -9 
238 368   1  2  0 -9 
238 511   1  2  0 -9 
239 239   1  0  0 -9 
239 293  -1  1  0 -9 
239 369   1  2  0 -9 
239 512   1  2  0 -9 
240 240   1  0  0 -9 
240 294  -1  1  0 -9 
240 370   1  2  0 -9 
240 513   1  2  0 -9 
241 241   1  0  0 -9 
241 295  -1  1  0 -9 
241 366   1  3  0 -9 
241 381  -1  4  0 -9 
241 514   1  2  0 -9 
241 579   1  5  0 -9 
242 242   1  0  0 -9 
242 296  -1  1  0 -9 
242 367   1  3  0 -9 
242 382  -1  4  0 -9 
242 515   1  2  0 -9 
242 580   1  5  0 -9 
243 243   1  0  0 -9 
243 297  -1  1  0 -9 
243 368   1  3  0 -9 
243 383  -1  4  0 -9 
243 516   1  2  0 -9 
243 581   1  5  0 -9 
244 244   1  0  0 -9 
244 298  -1  1  0 -9 
244 367   1  3  0 -9 
244 370   1  3  0 -9 
244 384  -1  4  0 -9 
244 517   1  2  0 -9 
244 582   1  5  0 -9 
245 245   1  0  0 -9 
245 299  -1  1  0 -9 
245 375   1  3  0 -9 
245 385  -1  4  0 -9 
245 518   1  2  0 -9 
245 583   1  5  0 -9 
246 246   1  0  0 -9 
246 300  -1  1  0 -9 
246 376   1  3  0 -9 
246 386  -1  4  0 -9 
246 519   1  2  0 -9 
246 584   1  5  0 -9 
247 247   1  0  0 -9 
247 301  -1  1  0 -9 
247 369   1  3  0 -9 
247 377   1  3  0 -9 
247 387  -1  4  0 -9 
247 520   1  2  0 -9 
247 585   1  5  0 -9 
248 248   1  0  0 -9 
248 302  -1  1  0 -9 
248 370   1  3  0 -9 
248 378   1  3  0 -9 
248 388  -1  4  0 -9 
248 521   1  2  0 -9 
248 586   1  5  0 -9 
249 249   1  0  0 -9 
249 303  -1  1  0 -9 
249 379   1  3  0 -9 
249 389  -1  4  0 -9 
249 522   1  2  0 -9 
249 587   1  5  0 -9 
250 250   1  0  0 -9 
250 304  -1  1  0 -9 
250 380   1  3  0 -9 
250 390  -1  4  0 -9 
250 523   1  2  0 -9 
250 588   1  5  0 -9 
251 251   1  0  0 -9 
251 328   1  2  0 -9 
251 336  -1  1  0 -9 
251 371   1  2  0 -9 
251 603   1  2  0 -9 
252 252   1  0  0 -9 
252 329   1  2  0 -9 
252 337  -1  1  0 -9 
252 372   1  2  0 -9 
252 604   1  2  0 -9 
253 253   1  0  0 -9 
253 330   1  2  0 -9 
253 338  -1  1  0 -9 
253 373   1  2  0 -9 
253 605   1  2  0 -9 
254 254   1  0  0 -9 
254 339  -1  1  0 -9 
254 374   1  2  0 -9 
254 606   1  2  0 -9 
255 255   1  0  0 -9 
255 340  -1  1  0 -9 
255 354  -1  4  0 -9 
255 375   1  2  0 -9 
255 607   1  2  0 -9 
255 648   1  5  0 -9 
256 256   1  0  0 -9 
256 341  -1  1  0 -9 
256 355  -1  4  0 -9 
256 376   1  2  0 -9 
256 608   1  2  0 -9 
256 649   1  5  0 -9 
257 257   1  0  0 -9 
257 342  -1  1  0 -9 
257 356  -1  4  0 -9 
257 377   1  2  0 -9 
257 609   1  2  0 -9 
257 650   1  5  0 -9 
258 258   1  0  0 -9 
258 343  -1  1  0 -9 
258 357  -1  4  0 -9 
258 378   1  2  0 -9 
258 610   1  2  0 -9 
258 651   1  5  0 -9 
259 259   1  0  0 -9 
259 334   1  2  0 -9 
259 344  -1  1  0 -9 
259 358  -1  4  0 -9 
259 379   1  2  0 -9 
259 611   1  2  0 -9 
259 652   1  5  0 -9 
260 260   1  0  0 -9 
260 335   1  2  0 -9 
260 345  -1  1  0 -9 
260 359  -1  4  0 -9 
260 380   1  2  0 -9 
260 612   1  2  0 -9 
260 653   1  5  0 -9 
261 261   1  0  0 -9 
261 346  -1  1  0 -9 
261 377   1  3  0 -9 
261 393  -1  4  0 -9 
261 613   1  2  0 -9 
261 654   1  5  0 -9 
262 262   1  0  0 -9 
262 347  -1  1  0 -9 
262 378   1  3  0 -9 
262 394  -1  4  0 -9 
262 614   1  2  0 -9 
262 655   1  5  0 -9 
263 482   1  3  0 -9 
264 483   1  3  0 -9 
265 484   1  3  0 -9 
266 485   1  3  0 -9 
267 486   1  3  0 -9 
268 487   1  3  0 -9 
269 488   1  3  0 -9 
270 489   1  3  0 -9 
271 490   1  3  0 -9 
272 327  -1  5  0 -9 
272 491   1  3  0 -9 
273 328  -1  5  0 -9 
273 492   1  3  0 -9 
274 329  -1  5  0 -9 
274 493   1  3  0 -9 
275 330  -1  5  0 -9 
275 494   1  3  0 -9 
276 331  -1  5  0 -9 
276 495   1  3  0 -9 
277 332  -1  5  0 -9 
277 496   1  3  0 -9 
278 333  -1  5  0 -9 
278 497   1  3  0 -9 
279 334  -1  5  0 -9 
279 498   1  3  0 -9 
280 335  -1  5  0 -9 
280 499   1  3  0 -9 
281 348  -1  5  0 -9 
281 500   1  3  0 -9 
281 561   1  6  0 -9 
282 349  -1  5  0 -9 
282 501   1  3  0 -9 
282 562   1  6  0 -9 
283 350  -1  5  0 -9 
283 502   1  3  0 -9 
283 563   1  6  0 -9 
284 351  -1  5  0 -9 
284 503   1  3  0 -9 
284 564   1  6  0 -9 
285 352  -1  5  0 -9 
285 504   1  3  0 -9 
285 565   1  6  0 -9 
286 353  -1  5  0 -9 
286 505   1  3  0 -9 
286 566   1  6  0 -9 
287 363  -1  5  0 -9 
287 506   1  3  0 -9 
288 364  -1  5  0 -9 
288 507   1  3  0 -9 
289 365  -1  5  0 -9 
289 508   1  3  0 -9 
290 366  -1  5  0 -9 
290 509   1  3  0 -9 
291 367  -1  5  0 -9 
291 510   1  3  0 -9 
292 368  -1  5  0 -9 
292 511   1  3  0 -9 
293 369  -1  5  0 -9 
293 512   1  3  0 -9 
294 370  -1  5  0 -9 
294 513   1  3  0 -9 
295 381  -1  5  0 -9 
295 514   1  3  0 -9 
295 579   1  6  0 -9 
296 382  -1  5  0 -9 
296 515   1  3  0 -9 
296 580   1  6  0 -9 
297 383  -1  5  0 -9 
297 516   1  3  0 -9 
297 581   1  6  0 -9 
298 384  -1  5  0 -9 
298 517   1  3  0 -9 
298 582   1  6  0 -9 
299 385  -1  5  0 -9 
299 518   1  3  0 -9 
299 583   1  6  0 -9 
300 386  -1  5  0 -9 
300 519   1  3  0 -9 
300 584   1  6  0 -9 
301 387  -1  5  0 -9 
301 520   1  3  0 -9 
301 585   1  6  0 -9 
302 388  -1  5  0 -9 
302 521   1  3  0 -9 
302 586   1  6  0 -9 
303 389  -1  5  0 -9 
303 522   1  3  0 -9 
303 587   1  6  0 -9 
304 390  -1  5  0 -9 
304 523   1  3  0 -9 
304 588   1  6  0 -9 
305 281  -1  1  0 -9 
305 305   1  0  0 -9 
305 348   1  2  0 -9 
305 500   1  2  0 -9 
305 524  -1  1  0 -9 
305 546   1  2  0 -9 
305 561  -1  3  0 -9 
306 268  -1  1  0 -9 
306 282  -1  1  0 -9 
306 306   1  0  0 -9 
306 349   1  2  0 -9 
306 487   1  2  0 -9 
306 501   1  2  0 -9 
306 525  -1  1  0 -9 
306 547   1  2  0 -9 
306 562  -1  3  0 -9 
307 269  -1  1  0 -9 
307 283  -1  1  0 -9 
307 307   1  0  0 -9 
307 350   1  2  0 -9 
307 488   1  2  0 -9 
307 502   1  2  0 -9 
307 526  -1  1  0 -9 
307 548   1  2  0 -9 
307 563  -1  3  0 -9 
308 270  -1  1  0 -9 
308 284  -1  1  0 -9 
308 308   1  0  0 -9 
308 351   1  2  0 -9 
308 489   1  2  0 -9 
308 503   1  2  0 -9 
308 527  -1  1  0 -9 
308 549   1  2  0 -9 
308 564  -1  3  0 -9 
309 271  -1  1  0 -9 
309 285  -1  1  0 -9 
309 309   1  0  0 -9 
309 352   1  2  0 -9 
309 490   1  2  0 -9 
309 504   1  2  0 -9 
309 528  -1  1  0 -9 
309 550   1  2  0 -9 
309 565  -1  3  0 -9 
310 286  -1  1  0 -9 
310 310   1  0  0 -9 
310 353   1  2  0 -9 
310 505   1  2  0 -9 
310 529  -1  1  0 -9 
310 551   1  2  0 -9 
310 566  -1  3  0 -9 
311 284  -1  1  0 -9 
311 311   1  0  0 -9 
311 351  -1  4  0 -9 
311 353   1  3  0 -9 
311 503   1  2  0 -9 
311 530  -1  1  0 -9 
311 552   1  2  0 -9 
311 564   1  5  0 -9 
311 566  -1  4  0 -9 
312 295  -1  1  0 -9 
312 312   1  0  0 -9 
312 381   1  2  0 -9 
312 514   1  2  0 -9 
312 531  -1  1  0 -9 
312 553   1  2  0 -9 
312 579  -1  3  0 -9 
313 296  -1  1  0 -9 
313 313   1  0  0 -9 
313 382   1  2  0 -9 
313 515   1  2  0 -9 
313 532  -1  1  0 -9 
313 554   1  2  0 -9 
313 580  -1  3  0 -9 
314 297  -1  1  0 -9 
314 314   1  0  0 -9 
314 383   1  2  0 -9 
314 516   1  2  0 -9 
314 533  -1  1  0 -9 
314 555   1  2  0 -9 
314 581  -1  3  0 -9 
315 298  -1  1  0 -9 
315 315   1  0  0 -9 
315 384   1  2  0 -9 
315 517   1  2  0 -9 
315 534  -1  1  0 -9 
315 556   1  2  0 -9 
315 582  -1  3  0 -9 
316 303  -1  1  0 -9 
316 316   1  0  0 -9 
316 389  -1  4  0 -9 
316 391   1  3  0 -9 
316 522   1  2  0 -9 
316 535  -1  1  0 -9 
316 557   1  2  0 -9 
316 587   1  5  0 -9 
316 589  -1  4  0 -9 
317 285  -1  1  0 -9 
317 297  -1  1  0 -9 
317 304  -1  1  0 -9 
317 317   1  0  0 -9 
317 352  -1  4  0 -9 
317 383  -1  4  0 -9 
317 384   1  3  0 -9 
317 390  -1  4  0 -9 
317 392   1  3  0 -9 
317 504   1  2  0 -9 
317 516   1  2  0 -9 
317 523   1  2  0 -9 
317 536  -1  1  0 -9 
317 558   1  2  0 -9 
317 565   1  5  0 -9 
317 581   1  5  0 -9 
317 582  -1  4  0 -9 
317 588   1  5  0 -9 
317 590  -1  4  0 -9 
318 163  -1  1  0 -9 
318 282  -1  1  0 -9 
318 299  -1  1  0 -9 
318 318   1  0  0 -9 
318 349   1  2  0 -9 
318 354  -1  5 -1  3 -1  1  0 -9 
318 385   1  2  0 -9 
318 501   1  2  0 -9 
318 518   1  2  0 -9 
318 537  -1  1  0 -9 
318 562  -1  3  0 -9 
318 567   1  2  0 -9 
318 583  -1  3  0 -9 
318 621   1  2  0 -9 
318 636  -1  3  0 -9 
318 648   1  6  1  4  0 -9 
319 164  -1  1  0 -9 
319 283  -1  1  0 -9 
319 300  -1  1  0 -9 
319 319   1  0  0 -9 
319 350   1  2  0 -9 
319 355  -1  5 -1  3 -1  1  0 -9 
319 386   1  2  0 -9 
319 502   1  2  0 -9 
319 519   1  2  0 -9 
319 538  -1  1  0 -9 
319 563  -1  3  0 -9 
319 568   1  2  0 -9 
319 584  -1  3  0 -9 
319 622   1  2  0 -9 
319 637  -1  3  0 -9 
319 649   1  6  1  4  0 -9 
320 165  -1  1  0 -9 
320 301  -1  1  0 -9 
320 320   1  0  0 -9 
320 356  -1  5 -1  3 -1  1  0 -9 
320 387   1  2  0 -9 
320 520   1  2  0 -9 
320 539  -1  1  0 -9 
320 569   1  2  0 -9 
320 585  -1  3  0 -9 
320 623   1  2  0 -9 
320 638  -1  3  0 -9 
320 650   1  6  1  4  0 -9 
321 166  -1  1  0 -9 
321 302  -1  1  0 -9 
321 321   1  0  0 -9 
321 357  -1  5 -1  3 -1  1  0 -9 
321 388   1  2  0 -9 
321 521   1  2  0 -9 
321 540  -1  1  0 -9 
321 570   1  2  0 -9 
321 586  -1  3  0 -9 
321 624   1  2  0 -9 
321 639  -1  3  0 -9 
321 651   1  6  1  4  0 -9 
322 167  -1  1  0 -9 
322 284  -1  1  0 -9 
322 303  -1  1  0 -9 
322 322   1  0  0 -9 
322 351   1  2  0 -9 
322 358  -1  5 -1  3 -1  1  0 -9 
322 389   1  2  0 -9 
322 503   1  2  0 -9 
322 522   1  2  0 -9 
322 541  -1  1  0 -9 
322 564  -1  3  0 -9 
322 571   1  2  0 -9 
322 587  -1  3  0 -9 
322 625   1  2  0 -9 
322 640  -1  3  0 -9 
322 652   1  6  1  4  0 -9 
323 168  -1  1  0 -9 
323 285  -1  1  0 -9 
323 304  -1  1  0 -9 
323 323   1  0  0 -9 
323 352   1  2  0 -9 
323 359  -1  5 -1  3 -1  1  0 -9 
323 390   1  2  0 -9 
323 504   1  2  0 -9 
323 523   1  2  0 -9 
323 542  -1  1  0 -9 
323 565  -1  3  0 -9 
323 572   1  2  0 -9 
323 588  -1  3  0 -9 
323 626   1  2  0 -9 
323 641  -1  3  0 -9 
323 653   1  6  1  4  0 -9 
324 324   1  0  0 -9 
324 358  -1  4  0 -9 
324 360  -1  1  0 -9 
324 391   1  2  0 -9 
324 543  -1  1  0 -9 
324 573   1  2  0 -9 
324 589  -1  3  0 -9 
324 627   1  2  0 -9 
324 642  -1  3  0 -9 
324 652   1  5  0 -9 
325 325   1  0  0 -9 
325 359  -1  4  0 -9 
325 361  -1  1  0 -9 
325 392   1  2  0 -9 
325 544  -1  1  0 -9 
325 574   1  2  0 -9 
325 590  -1  3  0 -9 
325 628   1  2  0 -9 
325 643  -1  3  0 -9 
325 653   1  5  0 -9 
326 304  -1  1  0 -9 
326 326   1  0  0 -9 
326 362  -1  1  0 -9 
326 390  -1  4  0 -9 
326 392   1  3  0 -9 
326 395  -1  4  0 -9 
326 523   1  2  0 -9 
326 545  -1  1  0 -9 
326 575   1  2  0 -9 
326 588   1  5  0 -9 
326 590  -1  4  0 -9 
326 629   1  2  0 -9 
326 644  -1  3  0 -9 
326 656   1  5  0 -9 
327 327  -1  6  0 -9 
328 328  -1  6  0 -9 
329 329  -1  6  0 -9 
330 330  -1  6  0 -9 
331 331  -1  6  0 -9 
332 332  -1  6  0 -9 
333 333  -1  6  0 -9 
334 334  -1  6  0 -9 
335 335  -1  6  0 -9 
336 328  -1  5  0 -9 
336 371  -1  5  0 -9 
336 603   1  3  0 -9 
337 329  -1  5  0 -9 
337 372  -1  5  0 -9 
337 604   1  3  0 -9 
338 330  -1  5  0 -9 
338 373  -1  5  0 -9 
338 605   1  3  0 -9 
339 374  -1  5  0 -9 
339 606   1  3  0 -9 
340 354  -1  5  0 -9 
340 375  -1  5  0 -9 
340 607   1  3  0 -9 
340 648   1  6  0 -9 
341 355  -1  5  0 -9 
341 376  -1  5  0 -9 
341 608   1  3  0 -9 
341 649   1  6  0 -9 
342 356  -1  5  0 -9 
342 377  -1  5  0 -9 
342 609   1  3  0 -9 
342 650   1  6  0 -9 
343 357  -1  5  0 -9 
343 378  -1  5  0 -9 
343 610   1  3  0 -9 
343 651   1  6  0 -9 
344 334  -1  5  0 -9 
344 358  -1  5  0 -9 
344 379  -1  5  0 -9 
344 611   1  3  0 -9 
344 652   1  6  0 -9 
345 335  -1  5  0 -9 
345 359  -1  5  0 -9 
345 380  -1  5  0 -9 
345 612   1  3  0 -9 
345 653   1  6  0 -9 
346 393  -1  5  0 -9 
346 613   1  3  0 -9 
346 654   1  6  0 -9 
347 394  -1  5  0 -9 
347 614   1  3  0 -9 
347 655   1  6  0 -9 
348 348  -1  6  0 -9 
348 561   1  7  0 -9 
349 349  -1  6  0 -9 
349 562   1  7  0 -9 
350 350  -1  6  0 -9 
350 563   1  7  0 -9 
351 351  -1  6  0 -9 
351 564   1  7  0 -9 
352 352  -1  6  0 -9 
352 565   1  7  0 -9 
353 353  -1  6  0 -9 
353 566   1  7  0 -9 
354 354  -1  6  0 -9 
354 648   1  7  0 -9 
355 355  -1  6  0 -9 
355 649   1  7  0 -9 
356 356  -1  6  0 -9 
356 650   1  7  0 -9 
357 357  -1  6  0 -9 
357 651   1  7  0 -9 
358 358  -1  6  0 -9 
358 652   1  7  0 -9 
359 359  -1  6  0 -9 
359 653   1  7  0 -9 
360 358  -1  5  0 -9 
360 391  -1  5  0 -9 
360 589   1  6  0 -9 
360 627   1  3  0 -9 
360 642  -1  4  0 -9 
360 652   1  6  0 -9 
361 359  -1  5  0 -9 
361 392  -1  5  0 -9 
361 590   1  6  0 -9 
361 628   1  3  0 -9 
361 643  -1  4  0 -9 
361 653   1  6  0 -9 
362 395  -1  5  0 -9 
362 629   1  3  0 -9 
362 644  -1  4  0 -9 
362 656   1  6  0 -9 
363 363  -1  6  0 -9 
364 364  -1  6  0 -9 
365 365  -1  6  0 -9 
366 366  -1  6  0 -9 
367 367  -1  6  0 -9 
368 368  -1  6  0 -9 
369 369  -1  6  0 -9 
370 370  -1  6  0 -9 
371 371  -1  6  0 -9 
372 372  -1  6  0 -9 
373 373  -1  6  0 -9 
374 374  -1  6  0 -9 
375 375  -1  6  0 -9 
376 376  -1  6  0 -9 
377 377  -1  6  0 -9 
378 378  -1  6  0 -9 
379 379  -1  6  0 -9 
380 380  -1  6  0 -9 
381 381  -1  6  0 -9 
381 579   1  7  0 -9 
382 382  -1  6  0 -9 
382 580   1  7  0 -9 
383 383  -1  6  0 -9 
383 581   1  7  0 -9 
384 384  -1  6  0 -9 
384 582   1  7  0 -9 
385 385  -1  6  0 -9 
385 583   1  7  0 -9 
386 386  -1  6  0 -9 
386 584   1  7  0 -9 
387 387  -1  6  0 -9 
387 585   1  7  0 -9 
388 388  -1  6  0 -9 
388 586   1  7  0 -9 
389 389  -1  6  0 -9 
389 587   1  7  0 -9 
390 390  -1  6  0 -9 
390 588   1  7  0 -9 
391 391  -1  6  0 -9 
391 589   1  7  0 -9 
392 392  -1  6  0 -9 
392 590   1  7  0 -9 
393 393  -1  6  0 -9 
393 654   1  7  0 -9 
394 394  -1  6  0 -9 
394 655   1  7  0 -9 
395 395  -1  6  0 -9 
395 656   1  7  0 -9 
396 142   1  2  0 -9 
396 396   1  0  0 -9 
396 432  -1  1  0 -9 
397 143   1  2  0 -9 
397 397   1  0  0 -9 
397 433  -1  1  0 -9 
398 144   1  2  0 -9 
398 398   1  0  0 -9 
398 434  -1  1  0 -9 
399 145   1  2  0 -9 
399 399   1  0  0 -9 
399 435  -1  1  0 -9 
400 146   1  2  0 -9 
400 400   1  0  0 -9 
400 436  -1  1  0 -9 
401 147   1  2  0 -9 
401 401   1  0  0 -9 
401 437  -1  1  0 -9 
402 402   1  0  0 -9 
402 459  -1  1  0 -9 
402 470   1  2  0 -9 
403 403   1  0  0 -9 
403 460  -1  1  0 -9 
403 471   1  2  0 -9 
404 263   1  2  0 -9 
404 404   1  0  0 -9 
404 482  -1  1  0 -9 
405 264   1  2  0 -9 
405 405   1  0  0 -9 
405 483  -1  1  0 -9 
406 265   1  2  0 -9 
406 406   1  0  0 -9 
406 484  -1  1  0 -9 
407 266   1  2  0 -9 
407 407   1  0  0 -9 
407 485  -1  1  0 -9 
408 267   1  2  0 -9 
408 408   1  0  0 -9 
408 486  -1  1  0 -9 
409 268   1  2  0 -9 
409 409   1  0  0 -9 
409 487  -1  1  0 -9 
410 269   1  2  0 -9 
410 410   1  0  0 -9 
410 488  -1  1  0 -9 
411 270   1  2  0 -9 
411 411   1  0  0 -9 
411 489  -1  1  0 -9 
412 271   1  2  0 -9 
412 412   1  0  0 -9 
412 490  -1  1  0 -9 
413 413   1  0  0 -9 
413 524  -1  1  0 -9 
413 546   1  2  0 -9 
413 561  -1  3  0 -9 
414 414   1  0  0 -9 
414 525  -1  1  0 -9 
414 547   1  2  0 -9 
414 562  -1  3  0 -9 
415 415   1  0  0 -9 
415 526  -1  1  0 -9 
415 548   1  2  0 -9 
415 563  -1  3  0 -9 
416 416   1  0  0 -9 
416 527  -1  1  0 -9 
416 549   1  2  0 -9 
416 564  -1  3  0 -9 
417 417   1  0  0 -9 
417 528  -1  1  0 -9 
417 550   1  2  0 -9 
417 565  -1  3  0 -9 
418 418   1  0  0 -9 
418 529  -1  1  0 -9 
418 551   1  2  0 -9 
418 566  -1  3  0 -9 
419 419   1  0  0 -9 
419 531  -1  1  0 -9 
419 553   1  2  0 -9 
419 579  -1  3  0 -9 
420 420   1  0  0 -9 
420 532  -1  1  0 -9 
420 554   1  2  0 -9 
420 580  -1  3  0 -9 
421 421   1  0  0 -9 
421 533  -1  1  0 -9 
421 555   1  2  0 -9 
421 581  -1  3  0 -9 
422 422   1  0  0 -9 
422 534  -1  1  0 -9 
422 556   1  2  0 -9 
422 582  -1  3  0 -9 
423 402   1 -1  0 -9 
423 413   1 -1  0 -9 
423 423  -1 -2  0 -9 
423 459  -1  0  0 -9 
423 461   1 -1  0 -9 
423 472   1  2  0 -9 
423 524  -1  0  0 -9 
423 630  -1  3  0 -9 
424 414   1 -1  0 -9 
424 424  -1 -2  0 -9 
424 462   1 -1  0 -9 
424 473   1  2  0 -9 
424 525  -1  0  0 -9 
424 631  -1  3  0 -9 
425 415   1 -1  0 -9 
425 425  -1 -2  0 -9 
425 463   1 -1  0 -9 
425 474   1  2  0 -9 
425 526  -1  0  0 -9 
425 632  -1  3  0 -9 
426 416   1 -1  0 -9 
426 426  -1 -2  0 -9 
426 464   1 -1  0 -9 
426 475   1  2  0 -9 
426 527  -1  0  0 -9 
426 633  -1  3  0 -9 
427 417   1 -1  0 -9 
427 427  -1 -2  0 -9 
427 465   1 -1  0 -9 
427 476   1  2  0 -9 
427 528  -1  0  0 -9 
427 634  -1  3  0 -9 
428 403   1 -1  0 -9 
428 418   1 -1  0 -9 
428 428  -1 -2  0 -9 
428 460  -1  0  0 -9 
428 466   1 -1  0 -9 
428 477   1  2  0 -9 
428 529  -1  0  0 -9 
428 635  -1  3  0 -9 
429 429  -1 -2  0 -9 
429 466  -1  0  0 -9 
429 467   1 -1  0 -9 
429 477   1  1  0 -9 
429 478  -1  0  0 -9 
429 481   1 -1  0 -9 
429 530  -1  0  0 -9 
429 635  -1  2  0 -9 
429 645   1  1  0 -9 
430 418   1 -1  0 -9 
430 430  -1 -2  0 -9 
430 468   1 -1  0 -9 
430 479  -1  0  0 -9 
430 529  -1  0  0 -9 
430 543  -1  0  0 -9 
430 551   1  1  0 -9 
430 552  -1  0  0 -9 
430 557  -1  0  0 -9 
430 559   1 -1  0 -9 
430 566  -1  2  0 -9 
430 573   1  1  0 -9 
430 576   1  1  0 -9 
430 577  -1  2 -1  0  0 -9 
430 589  -1  2  0 -9 
430 591   1  1  0 -9 
430 642  -1  2  0 -9 
430 646   1  1  0 -9 
430 657   1  3  0 -9 
431 422   1 -1  0 -9 
431 431  -1 -2  0 -9 
431 469   1 -1  0 -9 
431 480  -1  0  0 -9 
431 534  -1  0  0 -9 
431 544  -1  0  0 -9 
431 556   1  1  0 -9 
431 558  -1  0  0 -9 
431 560   1 -1  0 -9 
431 574   1  1  0 -9 
431 578  -1  2 -1  0  0 -9 
431 582  -1  2  0 -9 
431 590  -1  2  0 -9 
431 592   1  1  0 -9 
431 643  -1  2  0 -9 
431 647   1  1  0 -9 
431 658   1  3  0 -9 
432 142   1  3  0 -9 
433 143   1  3  0 -9 
434 144   1  3  0 -9 
435 145   1  3  0 -9 
436 146   1  3  0 -9 
437 147   1  3  0 -9 
438 142   1  2  0 -9 
438 148  -1  1  0 -9 
438 272   1  2  0 -9 
438 327  -1  3  0 -9 
438 432  -1  1  0 -9 
438 438   1  0  0 -9 
438 491  -1  1  0 -9 
438 594   1  2  0 -9 
439 149  -1  1  0 -9 
439 273   1  2  0 -9 
439 328  -1  3  0 -9 
439 439   1  0  0 -9 
439 492  -1  1  0 -9 
439 595   1  2  0 -9 
440 150  -1  1  0 -9 
440 274   1  2  0 -9 
440 329  -1  3  0 -9 
440 440   1  0  0 -9 
440 493  -1  1  0 -9 
440 596   1  2  0 -9 
441 151  -1  1  0 -9 
441 275   1  2  0 -9 
441 330  -1  3  0 -9 
441 441   1  0  0 -9 
441 494  -1  1  0 -9 
441 597   1  2  0 -9 
442 143   1  2  0 -9 
442 152  -1  1  0 -9 
442 276   1  2  0 -9 
442 331  -1  3  0 -9 
442 433  -1  1  0 -9 
442 442   1  0  0 -9 
442 495  -1  1  0 -9 
442 598   1  2  0 -9 
443 144   1  2  0 -9 
443 153  -1  1  0 -9 
443 277   1  2  0 -9 
443 332  -1  3  0 -9 
443 434  -1  1  0 -9 
443 443   1  0  0 -9 
443 496  -1  1  0 -9 
443 599   1  2  0 -9 
444 145   1  2  0 -9 
444 154  -1  1  0 -9 
444 278   1  2  0 -9 
444 333  -1  3  0 -9 
444 435  -1  1  0 -9 
444 444   1  0  0 -9 
444 497  -1  1  0 -9 
444 600   1  2  0 -9 
445 155  -1  1  0 -9 
445 279   1  2  0 -9 
445 334  -1  3  0 -9 
445 445   1  0  0 -9 
445 498  -1  1  0 -9 
445 601   1  2  0 -9 
446 156  -1  1  0 -9 
446 280   1  2  0 -9 
446 335  -1  3  0 -9 
446 446   1  0  0 -9 
446 499  -1  1  0 -9 
446 602   1  2  0 -9 
447 157  -1  1  0 -9 
447 281   1  2  0 -9 
447 348  -1  3  0 -9 
447 447   1  0  0 -9 
447 461  -1  1  0 -9 
447 472   1  2  0 -9 
447 500  -1  1  0 -9 
447 615   1  2  0 -9 
447 630  -1  3  0 -9 
448 158  -1  1  0 -9 
448 282   1  2  0 -9 
448 349  -1  3  0 -9 
448 448   1  0  0 -9 
448 462  -1  1  0 -9 
448 473   1  2  0 -9 
448 501  -1  1  0 -9 
448 616   1  2  0 -9 
448 631  -1  3  0 -9 
449 159  -1  1  0 -9 
449 283   1  2  0 -9 
449 350  -1  3  0 -9 
449 449   1  0  0 -9 
449 463  -1  1  0 -9 
449 474   1  2  0 -9 
449 502  -1  1  0 -9 
449 617   1  2  0 -9 
449 632  -1  3  0 -9 
450 160  -1  1  0 -9 
450 284   1  2  0 -9 
450 351  -1  3  0 -9 
450 450   1  0  0 -9 
450 464  -1  1  0 -9 
450 475   1  2  0 -9 
450 503  -1  1  0 -9 
450 618   1  2  0 -9 
450 633  -1  3  0 -9 
451 161  -1  1  0 -9 
451 285   1  2  0 -9 
451 352  -1  3  0 -9 
451 451   1  0  0 -9 
451 465  -1  1  0 -9 
451 476   1  2  0 -9 
451 504  -1  1  0 -9 
451 619   1  2  0 -9 
451 634  -1  3  0 -9 
452 147   1  2  0 -9 
452 162  -1  1  0 -9 
452 286   1  2  0 -9 
452 353  -1  3  0 -9 
452 437  -1  1  0 -9 
452 452   1  0  0 -9 
452 466  -1  1  0 -9 
452 477   1  2  0 -9 
452 505  -1  1  0 -9 
452 620   1  2  0 -9 
452 635  -1  3  0 -9 
453 163  -1  1  0 -9 
453 354  -1  3  0 -9 
453 453   1  0  0 -9 
453 537  -1  1  0 -9 
453 562  -1  3  0 -9 
453 567   1  2  0 -9 
453 583  -1  3  0 -9 
453 621   1  2  0 -9 
453 636  -1  3  0 -9 
453 648   1  4  0 -9 
454 164  -1  1  0 -9 
454 355  -1  3  0 -9 
454 454   1  0  0 -9 
454 538  -1  1  0 -9 
454 563  -1  3  0 -9 
454 568   1  2  0 -9 
454 584  -1  3  0 -9 
454 622   1  2  0 -9 
454 637  -1  3  0 -9 
454 649   1  4  0 -9 
455 165  -1  1  0 -9 
455 356  -1  3  0 -9 
455 455   1  0  0 -9 
455 539  -1  1  0 -9 
455 569   1  2  0 -9 
455 585  -1  3  0 -9 
455 623   1  2  0 -9 
455 638  -1  3  0 -9 
455 650   1  4  0 -9 
456 166  -1  1  0 -9 
456 357  -1  3  0 -9 
456 456   1  0  0 -9 
456 540  -1  1  0 -9 
456 570   1  2  0 -9 
456 586  -1  3  0 -9 
456 624   1  2  0 -9 
456 639  -1  3  0 -9 
456 651   1  4  0 -9 
457 167  -1  1  0 -9 
457 358  -1  3  0 -9 
457 457   1  0  0 -9 
457 541  -1  1  0 -9 
457 564  -1  3  0 -9 
457 571   1  2  0 -9 
457 587  -1  3  0 -9 
457 625   1  2  0 -9 
457 640  -1  3  0 -9 
457 652   1  4  0 -9 
458 168  -1  1  0 -9 
458 359  -1  3  0 -9 
458 458   1  0  0 -9 
458 542  -1  1  0 -9 
458 565  -1  3  0 -9 
458 572   1  2  0 -9 
458 588  -1  3  0 -9 
458 626   1  2  0 -9 
458 641  -1  3  0 -9 
458 653   1  4  0 -9 
459 470   1  3  0 -9 
460 471   1  3  0 -9 
461 472   1  3  0 -9 
461 630  -1  4  0 -9 
462 473   1  3  0 -9 
462 631  -1  4  0 -9 
463 474   1  3  0 -9 
463 632  -1  4  0 -9 
464 475   1  3  0 -9 
464 633  -1  4  0 -9 
465 476   1  3  0 -9 
465 634  -1  4  0 -9 
466 477   1  3  0 -9 
466 635  -1  4  0 -9 
467 466  -1  1  0 -9 
467 467   1  0  0 -9 
467 477   1  2  0 -9 
467 478  -1  1  0 -9 
467 530  -1  1  0 -9 
467 552   1  2  0 -9 
467 576  -1  3  0 -9 
467 635  -1  3  0 -9 
467 645   1  2  0 -9 
468 468   1  0  0 -9 
468 479  -1  1  0 -9 
468 543  -1  1  0 -9 
468 573   1  2  0 -9 
468 577  -1  3  0 -9 
468 589  -1  3  0 -9 
468 642  -1  3  0 -9 
468 646   1  2  0 -9 
468 657   1  4  0 -9 
469 469   1  0  0 -9 
469 480  -1  1  0 -9 
469 544  -1  1  0 -9 
469 574   1  2  0 -9 
469 578  -1  3  0 -9 
469 590  -1  3  0 -9 
469 643  -1  3  0 -9 
469 647   1  2  0 -9 
469 658   1  4  0 -9 
470 459   1  3  0 -9 
471 460   1  3  0 -9 
472 461   1  3  0 -9 
472 561   1  6  0 -9 
472 630  -1  5  0 -9 
473 462   1  3  0 -9 
473 562   1  6  0 -9 
473 631  -1  5  0 -9 
474 463   1  3  0 -9 
474 563   1  6  0 -9 
474 632  -1  5  0 -9 
475 464   1  3  0 -9 
475 564   1  6  0 -9 
475 633  -1  5  0 -9 
476 465   1  3  0 -9 
476 565   1  6  0 -9 
476 634  -1  5  0 -9 
477 466   1  3  0 -9 
477 566   1  6  0 -9 
477 635  -1  5  0 -9 
478 566   1  5  0 -9 
478 576  -1  4  0 -9 
478 635  -1  4  0 -9 
478 645   1  3  0 -9 
479 577  -1  4  0 -9 
479 642  -1  4  0 -9 
479 646   1  3  0 -9 
479 657   1  5  0 -9 
480 578  -1  4  0 -9 
480 643  -1  4  0 -9 
480 647   1  3  0 -9 
480 658   1  5  0 -9 
481 466  -1  1  0 -9 
481 477   1  2  0 -9 
481 478  -1  1  0 -9 
481 481   1  0  0 -9 
481 635  -1  3  0 -9 
481 645   1  2  0 -9 
482 263   1  3  0 -9 
483 264   1  3  0 -9 
484 265   1  3  0 -9 
485 266   1  3  0 -9 
486 267   1  3  0 -9 
487 268   1  3  0 -9 
488 269   1  3  0 -9 
489 270   1  3  0 -9 
490 271   1  3  0 -9 
491 272   1  3  0 -9 
491 327  -1  4  0 -9 
492 273   1  3  0 -9 
492 328  -1  4  0 -9 
493 274   1  3  0 -9 
493 329  -1  4  0 -9 
494 275   1  3  0 -9 
494 330  -1  4  0 -9 
495 276   1  3  0 -9 
495 331  -1  4  0 -9 
496 277   1  3  0 -9 
496 332  -1  4  0 -9 
497 278   1  3  0 -9 
497 333  -1  4  0 -9 
498 279   1  3  0 -9 
498 334  -1  4  0 -9 
499 280   1  3  0 -9 
499 335  -1  4  0 -9 
500 281   1  3  0 -9 
500 348  -1  4  0 -9 
501 282   1  3  0 -9 
501 349  -1  4  0 -9 
502 283   1  3  0 -9 
502 350  -1  4  0 -9 
503 284   1  3  0 -9 
503 351  -1  4  0 -9 
504 285   1  3  0 -9 
504 352  -1  4  0 -9 
505 286   1  3  0 -9 
505 353  -1  4  0 -9 
506 287   1  3  0 -9 
506 363  -1  4  0 -9 
507 288   1  3  0 -9 
507 364  -1  4  0 -9 
508 289   1  3  0 -9 
508 365  -1  4  0 -9 
509 290   1  3  0 -9 
509 366  -1  4  0 -9 
510 291   1  3  0 -9 
510 367  -1  4  0 -9 
511 292   1  3  0 -9 
511 368  -1  4  0 -9 
512 293   1  3  0 -9 
512 369  -1  4  0 -9 
513 294   1  3  0 -9 
513 370  -1  4  0 -9 
514 295   1  3  0 -9 
514 381  -1  4  0 -9 
515 296   1  3  0 -9 
515 382  -1  4  0 -9 
516 297   1  3  0 -9 
516 383  -1  4  0 -9 
517 298   1  3  0 -9 
517 384  -1  4  0 -9 
518 299   1  3  0 -9 
518 385  -1  4  0 -9 
519 300   1  3  0 -9 
519 386  -1  4  0 -9 
520 301   1  3  0 -9 
520 387  -1  4  0 -9 
521 302   1  3  0 -9 
521 388  -1  4  0 -9 
522 303   1  3  0 -9 
522 389  -1  4  0 -9 
523 304   1  3  0 -9 
523 390  -1  4  0 -9 
524 546   1  3  0 -9 
524 561  -1  4  0 -9 
525 547   1  3  0 -9 
525 562  -1  4  0 -9 
526 548   1  3  0 -9 
526 563  -1  4  0 -9 
527 549   1  3  0 -9 
527 564  -1  4  0 -9 
528 550   1  3  0 -9 
528 565  -1  4  0 -9 
529 551   1  3  0 -9 
529 566  -1  4  0 -9 
530 552   1  3  0 -9 
530 576  -1  4  0 -9 
531 553   1  3  0 -9 
531 579  -1  4  0 -9 
532 554   1  3  0 -9 
532 580  -1  4  0 -9 
533 555   1  3  0 -9 
533 581  -1  4  0 -9 
534 556   1  3  0 -9 
534 582  -1  4  0 -9 
535 557   1  3  0 -9 
535 591  -1  4  0 -9 
536 558   1  3  0 -9 
536 592  -1  4  0 -9 
537 354  -1  4  0 -9 
537 562  -1  4  0 -9 
537 567   1  3  0 -9 
537 583  -1  4  0 -9 
537 636  -1  4  0 -9 
537 648   1  5  0 -9 
538 355  -1  4  0 -9 
538 563  -1  4  0 -9 
538 568   1  3  0 -9 
538 584  -1  4  0 -9 
538 637  -1  4  0 -9 
538 649   1  5  0 -9 
539 356  -1  4  0 -9 
539 569   1  3  0 -9 
539 585  -1  4  0 -9 
539 638  -1  4  0 -9 
539 650   1  5  0 -9 
540 357  -1  4  0 -9 
540 570   1  3  0 -9 
540 586  -1  4  0 -9 
540 639  -1  4  0 -9 
540 651   1  5  0 -9 
541 358  -1  4  0 -9 
541 564  -1  4  0 -9 
541 571   1  3  0 -9 
541 587  -1  4  0 -9 
541 640  -1  4  0 -9 
541 652   1  5  0 -9 
542 359  -1  4  0 -9 
542 565  -1  4  0 -9 
542 572   1  3  0 -9 
542 588  -1  4  0 -9 
542 641  -1  4  0 -9 
542 653   1  5  0 -9 
543 573   1  3  0 -9 
543 577  -1  4  0 -9 
543 589  -1  4  0 -9 
543 642  -1  4  0 -9 
543 657   1  5  0 -9 
544 574   1  3  0 -9 
544 578  -1  4  0 -9 
544 590  -1  4  0 -9 
544 643  -1  4  0 -9 
544 658   1  5  0 -9 
545 575   1  3  0 -9 
545 593  -1  4  0 -9 
545 644  -1  4  0 -9 
545 659   1  5  0 -9 
546 524   1  3  0 -9 
546 561   1  7  0 -9 
547 525   1  3  0 -9 
547 562   1  7  0 -9 
548 526   1  3  0 -9 
548 563   1  7  0 -9 
549 527   1  3  0 -9 
549 564   1  7  0 -9 
550 528   1  3  0 -9 
550 565   1  7  0 -9 
551 529   1  3  0 -9 
551 566   1  7  0 -9 
552 530   1  3  0 -9 
552 566   1  6  0 -9 
552 576  -1  5  0 -9 
553 531   1  3  0 -9 
553 579   1  7  0 -9 
554 532   1  3  0 -9 
554 580   1  7  0 -9 
555 533   1  3  0 -9 
555 581   1  7  0 -9 
556 534   1  3  0 -9 
556 582   1  7  0 -9 
557 535   1  3  0 -9 
557 589   1  6  0 -9 
557 591  -1  5  0 -9 
558 536   1  3  0 -9 
558 582   1  6  0 -9 
558 590   1  6  0 -9 
558 592  -1  5  0 -9 
559 479  -1  1  0 -9 
559 529  -1  1  0 -9 
559 530   1  2  0 -9 
559 535   1  2  0 -9 
559 543  -1  1  0 -9 
559 551   1  2  0 -9 
559 552  -1  1  0 -9 
559 557  -1  1  0 -9 
559 559   1  0  0 -9 
559 566  -1  3  0 -9 
559 573   1  2  0 -9 
559 576   1  2  0 -9 
559 577  -1  5 -1  3 -1  1  0 -9 
559 589  -1  3  0 -9 
559 591   1  2  0 -9 
559 642  -1  3  0 -9 
559 646   1  2  0 -9 
559 657   1  6  1  4  0 -9 
560 480  -1  1  0 -9 
560 534  -1  1  0 -9 
560 536   1  2  0 -9 
560 544  -1  1  0 -9 
560 556   1  2  0 -9 
560 558  -1  1  0 -9 
560 560   1  0  0 -9 
560 574   1  2  0 -9 
560 578  -1  5 -1  3 -1  1  0 -9 
560 582  -1  3  0 -9 
560 590  -1  3  0 -9 
560 592   1  2  0 -9 
560 643  -1  3  0 -9 
560 647   1  2  0 -9 
560 658   1  6  1  4  0 -9 
561 561   1  8  0 -9 
562 562   1  8  0 -9 
563 563   1  8  0 -9 
564 564   1  8  0 -9 
565 565   1  8  0 -9 
566 566   1  8  0 -9 
567 354  -1  5  0 -9 
567 537   1  3  0 -9 
567 562   1  7  0 -9 
567 583   1  7  0 -9 
567 636  -1  5  0 -9 
567 648   1  6  0 -9 
568 355  -1  5  0 -9 
568 538   1  3  0 -9 
568 563   1  7  0 -9 
568 584   1  7  0 -9 
568 637  -1  5  0 -9 
568 649   1  6  0 -9 
569 356  -1  5  0 -9 
569 539   1  3  0 -9 
569 585   1  7  0 -9 
569 638  -1  5  0 -9 
569 650   1  6  0 -9 
570 357  -1  5  0 -9 
570 540   1  3  0 -9 
570 586   1  7  0 -9 
570 639  -1  5  0 -9 
570 651   1  6  0 -9 
571 358  -1  5  0 -9 
571 541   1  3  0 -9 
571 564   1  7  0 -9 
571 587   1  7  0 -9 
571 640  -1  5  0 -9 
571 652   1  6  0 -9 
572 359  -1  5  0 -9 
572 542   1  3  0 -9 
572 565   1  7  0 -9 
572 588   1  7  0 -9 
572 641  -1  5  0 -9 
572 653   1  6  0 -9 
573 543   1  3  0 -9 
573 577  -1  5  0 -9 
573 589   1  7  0 -9 
573 642  -1  5  0 -9 
573 657   1  6  0 -9 
574 544   1  3  0 -9 
574 578  -1  5  0 -9 
574 590   1  7  0 -9 
574 643  -1  5  0 -9 
574 658   1  6  0 -9 
575 545   1  3  0 -9 
575 590   1  6  0 -9 
575 593  -1  5  0 -9 
575 644  -1  5  0 -9 
575 659   1  6  0 -9 
576 566   1  7  0 -9 
576 576  -1  6  0 -9 
577 577  -1  6  0 -9 
577 657   1  7  0 -9 
578 578  -1  6  0 -9 
578 658   1  7  0 -9 
579 579   1  8  0 -9 
580 580   1  8  0 -9 
581 581   1  8  0 -9 
582 582   1  8  0 -9 
583 583   1  8  0 -9 
584 584   1  8  0 -9 
585 585   1  8  0 -9 
586 586   1  8  0 -9 
587 587   1  8  0 -9 
588 588   1  8  0 -9 
589 589   1  8  0 -9 
590 590   1  8  0 -9 
591 589   1  7  0 -9 
591 591  -1  6  0 -9 
592 582   1  7  0 -9 
592 590   1  7  0 -9 
592 592  -1  6  0 -9 
593 590   1  7  0 -9 
593 593  -1  6  0 -9 
593 659   1  7  0 -9 
594 148   1  3  0 -9 
594 327  -1  5  0 -9 
595 149   1  3  0 -9 
595 328  -1  5  0 -9 
596 150   1  3  0 -9 
596 329  -1  5  0 -9 
597 151   1  3  0 -9 
597 330  -1  5  0 -9 
598 152   1  3  0 -9 
598 331  -1  5  0 -9 
599 153   1  3  0 -9 
599 332  -1  5  0 -9 
600 154   1  3  0 -9 
600 333  -1  5  0 -9 
601 155   1  3  0 -9 
601 334  -1  5  0 -9 
602 156   1  3  0 -9 
602 335  -1  5  0 -9 
603 328  -1  4  0 -9 
603 336   1  3  0 -9 
603 371  -1  4  0 -9 
604 329  -1  4  0 -9 
604 337   1  3  0 -9 
604 372  -1  4  0 -9 
605 330  -1  4  0 -9 
605 338   1  3  0 -9 
605 373  -1  4  0 -9 
606 339   1  3  0 -9 
606 374  -1  4  0 -9 
607 340   1  3  0 -9 
607 354  -1  4  0 -9 
607 375  -1  4  0 -9 
608 341   1  3  0 -9 
608 355  -1  4  0 -9 
608 376  -1  4  0 -9 
609 342   1  3  0 -9 
609 356  -1  4  0 -9 
609 377  -1  4  0 -9 
610 343   1  3  0 -9 
610 357  -1  4  0 -9 
610 378  -1  4  0 -9 
611 334  -1  4  0 -9 
611 344   1  3  0 -9 
611 358  -1  4  0 -9 
611 379  -1  4  0 -9 
612 335  -1  4  0 -9 
612 345   1  3  0 -9 
612 359  -1  4  0 -9 
612 380  -1  4  0 -9 
613 346   1  3  0 -9 
613 393  -1  4  0 -9 
614 347   1  3  0 -9 
614 394  -1  4  0 -9 
615 157   1  3  0 -9 
615 348  -1  5  0 -9 
615 561   1  6  0 -9 
615 630  -1  5  0 -9 
616 158   1  3  0 -9 
616 349  -1  5  0 -9 
616 562   1  6  0 -9 
616 631  -1  5  0 -9 
617 159   1  3  0 -9 
617 350  -1  5  0 -9 
617 563   1  6  0 -9 
617 632  -1  5  0 -9 
618 160   1  3  0 -9 
618 351  -1  5  0 -9 
618 564   1  6  0 -9 
618 633  -1  5  0 -9 
619 161   1  3  0 -9 
619 352  -1  5  0 -9 
619 565   1  6  0 -9 
619 634  -1  5  0 -9 
620 162   1  3  0 -9 
620 353  -1  5  0 -9 
620 566   1  6  0 -9 
620 635  -1  5  0 -9 
621 163   1  3  0 -9 
621 354  -1  5  0 -9 
621 636  -1  5  0 -9 
621 648   1  6  0 -9 
622 164   1  3  0 -9 
622 355  -1  5  0 -9 
622 637  -1  5  0 -9 
622 649   1  6  0 -9 
623 165   1  3  0 -9 
623 356  -1  5  0 -9 
623 638  -1  5  0 -9 
623 650   1  6  0 -9 
624 166   1  3  0 -9 
624 357  -1  5  0 -9 
624 639  -1  5  0 -9 
624 651   1  6  0 -9 
625 167   1  3  0 -9 
625 358  -1  5  0 -9 
625 640  -1  5  0 -9 
625 652   1  6  0 -9 
626 168   1  3  0 -9 
626 359  -1  5  0 -9 
626 641  -1  5  0 -9 
626 653   1  6  0 -9 
627 358  -1  4  0 -9 
627 360   1  3  0 -9 
627 391  -1  4  0 -9 
627 642  -1  5  0 -9 
627 657   1  6  0 -9 
628 359  -1  4  0 -9 
628 361   1  3  0 -9 
628 392  -1  4  0 -9 
628 643  -1  5  0 -9 
628 658   1  6  0 -9 
629 362   1  3  0 -9 
629 395  -1  4  0 -9 
629 644  -1  5  0 -9 
629 659   1  6  0 -9 
630 561   1  7  0 -9 
630 630  -1  6  0 -9 
631 562   1  7  0 -9 
631 631  -1  6  0 -9 
632 563   1  7  0 -9 
632 632  -1  6  0 -9 
633 564   1  7  0 -9 
633 633  -1  6  0 -9 
634 565   1  7  0 -9 
634 634  -1  6  0 -9 
635 566   1  7  0 -9 
635 635  -1  6  0 -9 
636 636  -1  6  0 -9 
636 648   1  7  0 -9 
637 637  -1  6  0 -9 
637 649   1  7  0 -9 
638 638  -1  6  0 -9 
638 650   1  7  0 -9 
639 639  -1  6  0 -9 
639 651   1  7  0 -9 
640 640  -1  6  0 -9 
640 652   1  7  0 -9 
641 641  -1  6  0 -9 
641 653   1  7  0 -9 
642 642  -1  6  0 -9 
642 657   1  7  0 -9 
643 643  -1  6  0 -9 
643 658   1  7  0 -9 
644 644  -1  6  0 -9 
644 659   1  7  0 -9 
645 478   1  3  0 -9 
645 566   1  6  0 -9 
645 576  -1  5  0 -9 
645 635  -1  5  0 -9 
646 479   1  3  0 -9 
646 577  -1  5  0 -9 
646 642  -1  5  0 -9 
646 657   1  6  0 -9 
647 480   1  3  0 -9 
647 578  -1  5  0 -9 
647 643  -1  5  0 -9 
647 658   1  6  0 -9 
648 648   1  8  0 -9 
649 649   1  8  0 -9 
650 650   1  8  0 -9 
651 651   1  8  0 -9 
652 652   1  8  0 -9 
653 653   1  8  0 -9 
654 654   1  8  0 -9 
655 655   1  8  0 -9 
656 656   1  8  0 -9 
657 657   1  8  0 -9 
658 658   1  8  0 -9 
659 659   1  8  0 -9 
9999 9999
