 0  2  -1  5  0 -9 
 0  6   1  3  0 -9 
 0  9   1  6  0 -9 
 1  0  -1  1  0 -9 
 1  1   1  0  0 -9 
 1  2  -1  4  0 -9 
 1  3   1  3  0 -9 
 1  6   1  2  0 -9 
 1  7  -1  1  0 -9 
 1  8   1  2  0 -9 
 1  9   1  5  0 -9 
 1 10  -1  4  0 -9 
 2  2  -1  6  0 -9 
 2  9   1  7  0 -9 
 3  3  -1  6  0 -9 
 3 10   1  7  0 -9 
 4  4  -1  6  0 -9 
 4 11   1  7  0 -9 
 5  5  -1  6  0 -9 
 5 12   1  7  0 -9 
 6  0   1  3  0 -9 
 6  2  -1  4  0 -9 
 7  8   1  3  0 -9 
 7 13  -1  4  0 -9 
 8  7   1  3  0 -9 
 8 10   1  6  0 -9 
 8 13  -1  5  0 -9 
 9  9   1  8  0 -9 
10 10   1  8  0 -9 
11 11   1  8  0 -9 
12 12   1  8  0 -9 
13 10   1  7  0 -9 
13 13  -1  6  0 -9 
14 12   1  7  0 -9 
14 14  -1  6  0 -9 
15  0  -1  1  0 -9 
15  2  -1  4  1  2  0 -9 
15  6   1  2  0 -9 
15  9   1  5  0 -9 
15 15   1  0  0 -9 
15 17  -1  1  0 -9 
15 21   1  2  0 -9 
15 27  -1  3  0 -9 
16  0  -1  0  0 -9 
16  1   1 -1  0 -9 
16  2  -1  3  0 -9 
16  3   1  2  0 -9 
16  6   1  1  0 -9 
16  7  -1  0  0 -9 
16  9   1  4  0 -9 
16 10  -1  3  0 -9 
16 13   1  2  0 -9 
16 15   1 -1  0 -9 
16 16  -1 -2  0 -9 
16 17  -1  0  0 -9 
16 21   1  1  0 -9 
16 22  -1  0  0 -9 
16 25   1 -1  0 -9 
16 27  -1  2  0 -9 
16 31   1  1  0 -9 
17  2  -1  5  0 -9 
17  9   1  6  0 -9 
17 21   1  3  0 -9 
17 27  -1  4  0 -9 
18  3  -1  5  0 -9 
18 10   1  6  0 -9 
18 22   1  3  0 -9 
18 31  -1  4  0 -9 
19  4  -1  5  0 -9 
19 11   1  6  0 -9 
19 23   1  3  0 -9 
19 32  -1  4  0 -9 
20  5  -1  5  0 -9 
20 12   1  6  0 -9 
20 24   1  3  0 -9 
20 33  -1  4  0 -9 
21  2  -1  4  0 -9 
21 17   1  3  0 -9 
21 27   1  7  0 -9 
22  3  -1  4  0 -9 
22 18   1  3  0 -9 
22 27   1  6  0 -9 
22 31  -1  5  0 -9 
23  4  -1  4  0 -9 
23 19   1  3  0 -9 
23 28   1  6  0 -9 
23 32  -1  5  0 -9 
24  5  -1  4  0 -9 
24 20   1  3  0 -9 
24 29   1  6  0 -9 
24 33  -1  5  0 -9 
25  2  -1  4  0 -9 
25  9   1  5  0 -9 
25 10  -1  4  0 -9 
25 13   1  3  0 -9 
25 17  -1  1  0 -9 
25 18   1  2  0 -9 
25 21   1  2  0 -9 
25 22  -1  1  0 -9 
25 25   1  0  0 -9 
25 27  -1  3  0 -9 
25 31   1  2  0 -9 
26  4  -1  4  0 -9 
26 11   1  5  0 -9 
26 12  -1  4  0 -9 
26 14   1  3  0 -9 
26 19  -1  1  0 -9 
26 20   1  2  0 -9 
26 23   1  2  0 -9 
26 24  -1  1  0 -9 
26 26   1  0  0 -9 
26 28  -1  4  0 -9 
26 29   1  5  0 -9 
26 33  -1  4  0 -9 
26 34   1  3  0 -9 
27 27   1  8  0 -9 
28 28   1  8  0 -9 
29 29   1  8  0 -9 
30 30   1  8  0 -9 
31 27   1  7  0 -9 
31 31  -1  6  0 -9 
32 28   1  7  0 -9 
32 32  -1  6  0 -9 
33 29   1  7  0 -9 
33 33  -1  6  0 -9 
34 28   1  7  0 -9 
34 34  -1  6  0 -9 
35 30   1  7  0 -9 
35 35  -1  6  0 -9 
36  0  -1  0  0 -9 
36  2   1  1  0 -9 
36 15   1 -1  0 -9 
36 17  -1  0  0 -9 
36 21   1  1  0 -9 
36 27  -1  2  0 -9 
36 36  -1 -2  0 -9 
36 38   1 -1  0 -9 
36 42  -1  0  0 -9 
36 48   1  1  0 -9 
37  8  -1  0  0 -9 
37 13   1  1  0 -9 
37 37  -1 -2  0 -9 
37 43  -1  0  0 -9 
37 46   1 -1  0 -9 
37 52   1  1  0 -9 
37 57   1 -1  0 -9 
37 62  -1  0  0 -9 
37 64   1  1  0 -9 
37 66  -1  2  0 -9 
38  2   1  2  0 -9 
38  9  -1  3  0 -9 
38 17  -1  1  0 -9 
38 21   1  2  0 -9 
38 27  -1  3  0 -9 
38 38   1  0  0 -9 
38 42  -1  1  0 -9 
38 48   1  2  0 -9 
38 58   1  2  0 -9 
39  3   1  2  0 -9 
39 10  -1  3  0 -9 
39 18  -1  1  0 -9 
39 22   1  2  0 -9 
39 27  -1  4  0 -9 
39 39   1  0  0 -9 
39 43  -1  1  0 -9 
39 48   1  3  0 -9 
39 52  -1  4  0 -9 
39 59   1  2  0 -9 
39 66   1  5  0 -9 
40  4   1  2  0 -9 
40 11  -1  3  0 -9 
40 19  -1  1  0 -9 
40 23   1  2  0 -9 
40 28  -1  4  0 -9 
40 40   1  0  0 -9 
40 44  -1  1  0 -9 
40 49   1  3  0 -9 
40 53  -1  4  0 -9 
40 60   1  2  0 -9 
40 67   1  5  0 -9 
41  5   1  2  0 -9 
41 12  -1  3  0 -9 
41 20  -1  1  0 -9 
41 24   1  2  0 -9 
41 29  -1  4  0 -9 
41 41   1  0  0 -9 
41 45  -1  1  0 -9 
41 50   1  3  0 -9 
41 54  -1  4  0 -9 
41 61   1  2  0 -9 
41 68   1  5  0 -9 
42  9  -1  4  0 -9 
42 27   1  6  0 -9 
42 48  -1  5  0 -9 
42 58   1  3  0 -9 
43 10  -1  4  0 -9 
43 52  -1  5  0 -9 
43 59   1  3  0 -9 
43 66   1  6  0 -9 
44 11  -1  4  0 -9 
44 53  -1  5  0 -9 
44 60   1  3  0 -9 
44 67   1  6  0 -9 
45 12  -1  4  0 -9 
45 54  -1  5  0 -9 
45 61   1  3  0 -9 
45 68   1  6  0 -9 
46 10  -1  3  0 -9 
46 13   1  2  0 -9 
46 43  -1  1  0 -9 
46 46   1  0  0 -9 
46 52   1  2  0 -9 
46 59   1  2  0 -9 
46 62  -1  1  0 -9 
46 64   1  2  0 -9 
46 66  -1  3  0 -9 
47 12  -1  3  0 -9 
47 14   1  2  0 -9 
47 45  -1  1  0 -9 
47 47   1  0  0 -9 
47 54  -1  4  0 -9 
47 55   1  3  0 -9 
47 61   1  2  0 -9 
47 63  -1  1  0 -9 
47 65   1  2  0 -9 
47 68   1  5  0 -9 
47 69  -1  4  0 -9 
48 27   1  7  0 -9 
48 48  -1  6  0 -9 
49 28   1  7  0 -9 
49 49  -1  6  0 -9 
50 29   1  7  0 -9 
50 50  -1  6  0 -9 
51 30   1  7  0 -9 
51 51  -1  6  0 -9 
52 52  -1  6  0 -9 
52 66   1  7  0 -9 
53 53  -1  6  0 -9 
53 67   1  7  0 -9 
54 54  -1  6  0 -9 
54 68   1  7  0 -9 
55 55  -1  6  0 -9 
55 69   1  7  0 -9 
56 56  -1  6  0 -9 
56 70   1  7  0 -9 
57  7   1  2  0 -9 
57  8  -1  1  0 -9 
57 10   1  5  0 -9 
57 13  -1  4  1  2  0 -9 
57 57   1  0  0 -9 
57 62  -1  1  0 -9 
57 64   1  2  0 -9 
57 66  -1  3  0 -9 
58  9   1  7  0 -9 
58 42   1  3  0 -9 
58 48  -1  4  0 -9 
59 10   1  7  0 -9 
59 43   1  3  0 -9 
59 52  -1  4  0 -9 
60 11   1  7  0 -9 
60 44   1  3  0 -9 
60 53  -1  4  0 -9 
61 12   1  7  0 -9 
61 45   1  3  0 -9 
61 54  -1  4  0 -9 
62 10   1  6  0 -9 
62 13  -1  5  0 -9 
62 64   1  3  0 -9 
62 66  -1  4  0 -9 
63 12   1  6  0 -9 
63 14  -1  5  0 -9 
63 65   1  3  0 -9 
63 71  -1  4  0 -9 
64 13  -1  4  0 -9 
64 62   1  3  0 -9 
64 66   1  7  0 -9 
65 14  -1  4  0 -9 
65 63   1  3  0 -9 
65 69   1  6  0 -9 
65 71  -1  5  0 -9 
66 66   1  8  0 -9 
67 67   1  8  0 -9 
68 68   1  8  0 -9 
69 69   1  8  0 -9 
70 70   1  8  0 -9 
71 69   1  7  0 -9 
71 71  -1  6  0 -9 
72  2   1  1  0 -9 
72  9  -1  2  0 -9 
72 17  -1  0  0 -9 
72 38   1 -1  0 -9 
72 42  -1  0  0 -9 
72 48   1  1  0 -9 
72 58   1  1  0 -9 
72 72  -1 -2  0 -9 
72 89   1 -1  0 -9 
72 95  -1  0  0 -9 
73  3   1  1  0 -9 
73 10  -1  2  0 -9 
73 18  -1  0  0 -9 
73 27  -1  3  0 -9 
73 31   1  2  0 -9 
73 39   1 -1  0 -9 
73 43  -1  0  0 -9 
73 48   1  2  0 -9 
73 52  -1  3  0 -9 
73 59   1  1  0 -9 
73 66   1  4  0 -9 
73 73  -1 -2  0 -9 
73 76  -1  0  0 -9 
73 80   1 -1  0 -9 
73 90   1 -1  0 -9 
73 99  -1  0  0 -9 
73 104   1  1  0 -9 
74  4   1  1  0 -9 
74 11  -1  2  0 -9 
74 19  -1  0  0 -9 
74 28  -1  3  0 -9 
74 32   1  2  0 -9 
74 40   1 -1  0 -9 
74 44  -1  0  0 -9 
74 49   1  2  0 -9 
74 53  -1  3  0 -9 
74 60   1  1  0 -9 
74 67   1  4  0 -9 
74 74  -1 -2  0 -9 
74 77  -1  0  0 -9 
74 81   1 -1  0 -9 
74 85   1  1  0 -9 
74 91   1 -1  0 -9 
74 100  -1  0  0 -9 
74 105   1  1  0 -9 
74 110  -1  2  0 -9 
75  5   1  1  0 -9 
75 12  -1  2  0 -9 
75 20  -1  0  0 -9 
75 29  -1  3  0 -9 
75 33   1  2  0 -9 
75 41   1 -1  0 -9 
75 45  -1  0  0 -9 
75 50   1  2  0 -9 
75 54  -1  3  0 -9 
75 61   1  1  0 -9 
75 68   1  4  0 -9 
75 75  -1 -2  0 -9 
75 78  -1  0  0 -9 
75 82   1 -1  0 -9 
75 86   1  1  0 -9 
75 92   1 -1  0 -9 
75 101  -1  0  0 -9 
75 106   1  1  0 -9 
75 111  -1  2  0 -9 
76 48  -1  4  0 -9 
76 95   1  3  0 -9 
77 49  -1  4  0 -9 
77 85  -1  5  0 -9 
77 96   1  3  0 -9 
77 110   1  6  0 -9 
78 50  -1  4  0 -9 
78 86  -1  5  0 -9 
78 97   1  3  0 -9 
78 111   1  6  0 -9 
79 51  -1  4  0 -9 
79 87  -1  5  0 -9 
79 98   1  3  0 -9 
79 112   1  6  0 -9 
80 27  -1  4  0 -9 
80 31   1  3  0 -9 
80 52  -1  4  0 -9 
80 66   1  5  0 -9 
80 76  -1  1  0 -9 
80 80   1  0  0 -9 
80 95   1  2  0 -9 
80 99  -1  1  0 -9 
80 104   1  2  0 -9 
81 28  -1  4  0 -9 
81 32   1  3  0 -9 
81 53  -1  4  0 -9 
81 67   1  5  0 -9 
81 77  -1  1  0 -9 
81 81   1  0  0 -9 
81 85   1  2  0 -9 
81 96   1  2  0 -9 
81 100  -1  1  0 -9 
81 105   1  2  0 -9 
81 110  -1  3  0 -9 
82 29  -1  4  0 -9 
82 33   1  3  0 -9 
82 54  -1  4  0 -9 
82 68   1  5  0 -9 
82 78  -1  1  0 -9 
82 82   1  0  0 -9 
82 86   1  2  0 -9 
82 97   1  2  0 -9 
82 101  -1  1  0 -9 
82 106   1  2  0 -9 
82 111  -1  3  0 -9 
83 28  -1  4  0 -9 
83 34   1  3  0 -9 
83 55  -1  4  0 -9 
83 69   1  5  0 -9 
83 77  -1  1  0 -9 
83 83   1  0  0 -9 
83 85  -1  4  0 -9 
83 86   1  3  0 -9 
83 96   1  2  0 -9 
83 102  -1  1  0 -9 
83 107   1  2  0 -9 
83 110   1  5  0 -9 
83 111  -1  4  0 -9 
84 30  -1  4  0 -9 
84 35   1  3  0 -9 
84 56  -1  4  0 -9 
84 70   1  5  0 -9 
84 79  -1  1  0 -9 
84 84   1  0  0 -9 
84 87  -1  4  0 -9 
84 88   1  3  0 -9 
84 98   1  2  0 -9 
84 103  -1  1  0 -9 
84 108   1  2  0 -9 
84 112   1  5  0 -9 
84 113  -1  4  0 -9 
85 85  -1  6  0 -9 
85 110   1  7  0 -9 
86 86  -1  6  0 -9 
86 111   1  7  0 -9 
87 87  -1  6  0 -9 
87 112   1  7  0 -9 
88 88  -1  6  0 -9 
88 113   1  7  0 -9 
89  9  -1  3  0 -9 
89 27   1  5  0 -9 
89 42  -1  1  0 -9 
89 48  -1  4  1  2  0 -9 
89 58   1  2  0 -9 
89 76   1  2  0 -9 
89 89   1  0  0 -9 
89 95  -1  1  0 -9 
90 10  -1  3  0 -9 
90 43  -1  1  0 -9 
90 52  -1  4  1  2  0 -9 
90 59   1  2  0 -9 
90 66   1  5  0 -9 
90 90   1  0  0 -9 
90 99  -1  1  0 -9 
90 104   1  2  0 -9 
91 11  -1  3  0 -9 
91 44  -1  1  0 -9 
91 53  -1  4  1  2  0 -9 
91 60   1  2  0 -9 
91 67   1  5  0 -9 
91 91   1  0  0 -9 
91 100  -1  1  0 -9 
91 105   1  2  0 -9 
91 110  -1  3  0 -9 
92 12  -1  3  0 -9 
92 45  -1  1  0 -9 
92 54  -1  4  1  2  0 -9 
92 61   1  2  0 -9 
92 68   1  5  0 -9 
92 92   1  0  0 -9 
92 101  -1  1  0 -9 
92 106   1  2  0 -9 
92 111  -1  3  0 -9 
93 10  -1  2  0 -9 
93 13   1  1  0 -9 
93 43  -1  0  0 -9 
93 46   1 -1  0 -9 
93 52   1  1  0 -9 
93 59   1  1  0 -9 
93 62  -1  0  0 -9 
93 90   1 -1  0 -9 
93 93  -1 -2  0 -9 
93 99  -1  0  0 -9 
94 12  -1  2  0 -9 
94 14   1  1  0 -9 
94 45  -1  0  0 -9 
94 47   1 -1  0 -9 
94 54  -1  3  0 -9 
94 55   1  2  0 -9 
94 61   1  1  0 -9 
94 63  -1  0  0 -9 
94 68   1  4  0 -9 
94 69  -1  3  0 -9 
94 71   1  2  0 -9 
94 92   1 -1  0 -9 
94 94  -1 -2  0 -9 
94 101  -1  0  0 -9 
94 106   1  1  0 -9 
94 107  -1  0  0 -9 
94 109   1 -1  0 -9 
94 111  -1  2  0 -9 
94 114   1  1  0 -9 
95 27   1  6  0 -9 
95 48  -1  5  0 -9 
95 76   1  3  0 -9 
96 28   1  6  0 -9 
96 49  -1  5  0 -9 
96 77   1  3  0 -9 
96 85  -1  4  0 -9 
97 29   1  6  0 -9 
97 50  -1  5  0 -9 
97 78   1  3  0 -9 
97 86  -1  4  0 -9 
98 30   1  6  0 -9 
98 51  -1  5  0 -9 
98 79   1  3  0 -9 
98 87  -1  4  0 -9 
99 52  -1  5  0 -9 
99 66   1  6  0 -9 
99 104   1  3  0 -9 
100 53  -1  5  0 -9 
100 67   1  6  0 -9 
100 105   1  3  0 -9 
100 110  -1  4  0 -9 
101 54  -1  5  0 -9 
101 68   1  6  0 -9 
101 106   1  3  0 -9 
101 111  -1  4  0 -9 
102 55  -1  5  0 -9 
102 69   1  6  0 -9 
102 107   1  3  0 -9 
102 114  -1  4  0 -9 
103 56  -1  5  0 -9 
103 70   1  6  0 -9 
103 108   1  3  0 -9 
103 115  -1  4  0 -9 
104 52  -1  4  0 -9 
104 99   1  3  0 -9 
105 53  -1  4  0 -9 
105 100   1  3  0 -9 
105 110   1  7  0 -9 
106 54  -1  4  0 -9 
106 101   1  3  0 -9 
106 111   1  7  0 -9 
107 55  -1  4  0 -9 
107 102   1  3  0 -9 
107 111   1  6  0 -9 
107 114  -1  5  0 -9 
108 56  -1  4  0 -9 
108 103   1  3  0 -9 
108 113   1  6  0 -9 
108 115  -1  5  0 -9 
109 54  -1  4  0 -9 
109 68   1  5  0 -9 
109 69  -1  4  0 -9 
109 71   1  3  0 -9 
109 101  -1  1  0 -9 
109 102   1  2  0 -9 
109 106   1  2  0 -9 
109 107  -1  1  0 -9 
109 109   1  0  0 -9 
109 111  -1  3  0 -9 
109 114   1  2  0 -9 
110 110   1  8  0 -9 
111 111   1  8  0 -9 
112 112   1  8  0 -9 
113 113   1  8  0 -9 
114 111   1  7  0 -9 
114 114  -1  6  0 -9 
115 113   1  7  0 -9 
115 115  -1  6  0 -9 
116  0   1  2  0 -9 
116  6  -1  1  0 -9 
116  9  -1  4  0 -9 
116 116   1  0  0 -9 
116 119   1  3  0 -9 
117  7  -1  1  0 -9 
117  8   1  2  0 -9 
117 10  -1  4  0 -9 
117 117   1  0  0 -9 
117 118  -1  1  0 -9 
117 120   1  3  0 -9 
117 123  -1  4  0 -9 
117 125   1  2  0 -9 
117 126   1  5  0 -9 
118 123  -1  5  0 -9 
118 125   1  3  0 -9 
118 126   1  6  0 -9 
119  9   1  7  0 -9 
119 119  -1  6  0 -9 
120 10   1  7  0 -9 
120 120  -1  6  0 -9 
121 11   1  7  0 -9 
121 121  -1  6  0 -9 
122 12   1  7  0 -9 
122 122  -1  6  0 -9 
123 123  -1  6  0 -9 
123 126   1  7  0 -9 
124 124  -1  6  0 -9 
124 127   1  7  0 -9 
125 118   1  3  0 -9 
125 123  -1  4  0 -9 
126 126   1  8  0 -9 
127 127   1  8  0 -9 
128  2   1  2  0 -9 
128  6  -1  0  0 -9 
128  9  -1  3  0 -9 
128 116   1 -1  0 -9 
128 119   1  2  0 -9 
128 128  -1 -2  0 -9 
128 130   1 -1  0 -9 
128 134  -1  0  0 -9 
128 140   1  1  0 -9 
129  7  -1  0  0 -9 
129 10  -1  3  0 -9 
129 13   1  2  0 -9 
129 117   1 -1  0 -9 
129 118  -1  0  0 -9 
129 120   1  2  0 -9 
129 123  -1  3  0 -9 
129 125   1  1  0 -9 
129 126   1  4  0 -9 
129 129  -1 -2  0 -9 
129 135  -1  0  0 -9 
129 138   1 -1  0 -9 
129 144   1  1  0 -9 
129 149   1 -1  0 -9 
129 154  -1  0  0 -9 
129 156   1  1  0 -9 
129 158  -1  2  0 -9 
130  2   1  3  0 -9 
130  9  -1  4  0 -9 
130 130   1  0  0 -9 
130 134  -1  1  0 -9 
130 140   1  2  0 -9 
130 150   1  2  0 -9 
131  3   1  3  0 -9 
131 10  -1  4  0 -9 
131 131   1  0  0 -9 
131 135  -1  1  0 -9 
131 140   1  3  0 -9 
131 144  -1  4  0 -9 
131 151   1  2  0 -9 
131 158   1  5  0 -9 
132  4   1  3  0 -9 
132 11  -1  4  0 -9 
132 132   1  0  0 -9 
132 136  -1  1  0 -9 
132 141   1  3  0 -9 
132 145  -1  4  0 -9 
132 152   1  2  0 -9 
132 159   1  5  0 -9 
133  5   1  3  0 -9 
133 12  -1  4  0 -9 
133 133   1  0  0 -9 
133 137  -1  1  0 -9 
133 142   1  3  0 -9 
133 146  -1  4  0 -9 
133 153   1  2  0 -9 
133 160   1  5  0 -9 
134 119  -1  4  0 -9 
134 140  -1  5  0 -9 
134 150   1  3  0 -9 
135 120  -1  4  0 -9 
135 144  -1  5  0 -9 
135 151   1  3  0 -9 
135 158   1  6  0 -9 
136 121  -1  4  0 -9 
136 145  -1  5  0 -9 
136 152   1  3  0 -9 
136 159   1  6  0 -9 
137 122  -1  4  0 -9 
137 146  -1  5  0 -9 
137 153   1  3  0 -9 
137 160   1  6  0 -9 
138 10  -1  4  0 -9 
138 13   1  3  0 -9 
138 123  -1  4  0 -9 
138 126   1  5  0 -9 
138 135  -1  1  0 -9 
138 138   1  0  0 -9 
138 144   1  2  0 -9 
138 151   1  2  0 -9 
138 154  -1  1  0 -9 
138 156   1  2  0 -9 
138 158  -1  3  0 -9 
139 12  -1  4  0 -9 
139 14   1  3  0 -9 
139 124  -1  4  0 -9 
139 127   1  5  0 -9 
139 137  -1  1  0 -9 
139 139   1  0  0 -9 
139 146  -1  4  0 -9 
139 147   1  3  0 -9 
139 153   1  2  0 -9 
139 155  -1  1  0 -9 
139 157   1  2  0 -9 
139 160   1  5  0 -9 
139 161  -1  4  0 -9 
140 140  -1  6  0 -9 
141 141  -1  6  0 -9 
142 142  -1  6  0 -9 
143 143  -1  6  0 -9 
144 144  -1  6  0 -9 
144 158   1  7  0 -9 
145 145  -1  6  0 -9 
145 159   1  7  0 -9 
146 146  -1  6  0 -9 
146 160   1  7  0 -9 
147 147  -1  6  0 -9 
147 161   1  7  0 -9 
148 148  -1  6  0 -9 
148 162   1  7  0 -9 
149 118  -1  1  0 -9 
149 123  -1  4  1  2  0 -9 
149 125   1  2  0 -9 
149 126   1  5  0 -9 
149 149   1  0  0 -9 
149 154  -1  1  0 -9 
149 156   1  2  0 -9 
149 158  -1  3  0 -9 
150  9   1  6  0 -9 
150 119  -1  5  0 -9 
150 134   1  3  0 -9 
150 140  -1  4  0 -9 
151 10   1  6  0 -9 
151 120  -1  5  0 -9 
151 135   1  3  0 -9 
151 144  -1  4  0 -9 
152 11   1  6  0 -9 
152 121  -1  5  0 -9 
152 136   1  3  0 -9 
152 145  -1  4  0 -9 
153 12   1  6  0 -9 
153 122  -1  5  0 -9 
153 137   1  3  0 -9 
153 146  -1  4  0 -9 
154 123  -1  5  0 -9 
154 126   1  6  0 -9 
154 156   1  3  0 -9 
154 158  -1  4  0 -9 
155 124  -1  5  0 -9 
155 127   1  6  0 -9 
155 157   1  3  0 -9 
155 163  -1  4  0 -9 
156 123  -1  4  0 -9 
156 154   1  3  0 -9 
156 158   1  7  0 -9 
157 124  -1  4  0 -9 
157 155   1  3  0 -9 
157 161   1  6  0 -9 
157 163  -1  5  0 -9 
158 158   1  8  0 -9 
159 159   1  8  0 -9 
160 160   1  8  0 -9 
161 161   1  8  0 -9 
162 162   1  8  0 -9 
163 161   1  7  0 -9 
163 163  -1  6  0 -9 
164 118  -1  0  0 -9 
164 123   1  1  0 -9 
164 149   1 -1  0 -9 
164 154  -1  0  0 -9 
164 156   1  1  0 -9 
164 158  -1  2  0 -9 
164 164  -1 -2  0 -9 
164 169   1 -1  0 -9 
164 171  -1  0  0 -9 
164 173   1  1  0 -9 
165  9  -1  3  0 -9 
165 27   1  5  0 -9 
165 42  -1  1  0 -9 
165 48  -1  4  0 -9 
165 58   1  2  0 -9 
165 119   1  2  0 -9 
165 134   1  2  0 -9 
165 150  -1  1  0 -9 
165 165   1  0  0 -9 
166 10  -1  3  0 -9 
166 43  -1  1  0 -9 
166 52  -1  4  0 -9 
166 59   1  2  0 -9 
166 66   1  5  0 -9 
166 120   1  2  0 -9 
166 135   1  2  0 -9 
166 151  -1  1  0 -9 
166 158  -1  4  0 -9 
166 166   1  0  0 -9 
166 173   1  3  0 -9 
167 11  -1  3  0 -9 
167 44  -1  1  0 -9 
167 53  -1  4  0 -9 
167 60   1  2  0 -9 
167 67   1  5  0 -9 
167 121   1  2  0 -9 
167 136   1  2  0 -9 
167 152  -1  1  0 -9 
167 159  -1  4  0 -9 
167 167   1  0  0 -9 
167 174   1  3  0 -9 
168 12  -1  3  0 -9 
168 45  -1  1  0 -9 
168 54  -1  4  0 -9 
168 61   1  2  0 -9 
168 68   1  5  0 -9 
168 122   1  2  0 -9 
168 137   1  2  0 -9 
168 153  -1  1  0 -9 
168 160  -1  4  0 -9 
168 168   1  0  0 -9 
168 175   1  3  0 -9 
169 123   1  2  0 -9 
169 126  -1  3  0 -9 
169 154  -1  1  0 -9 
169 156   1  2  0 -9 
169 158  -1  3  0 -9 
169 169   1  0  0 -9 
169 171  -1  1  0 -9 
169 173   1  2  0 -9 
169 179   1  2  0 -9 
170 124   1  2  0 -9 
170 127  -1  3  0 -9 
170 155  -1  1  0 -9 
170 157   1  2  0 -9 
170 161  -1  4  0 -9 
170 170   1  0  0 -9 
170 172  -1  1  0 -9 
170 176   1  3  0 -9 
170 178  -1  4  0 -9 
170 180   1  2  0 -9 
170 181   1  5  0 -9 
171 126  -1  4  0 -9 
171 158   1  6  0 -9 
171 173  -1  5  0 -9 
171 179   1  3  0 -9 
172 127  -1  4  0 -9 
172 178  -1  5  0 -9 
172 180   1  3  0 -9 
172 181   1  6  0 -9 
173 158   1  7  0 -9 
173 173  -1  6  0 -9 
174 159   1  7  0 -9 
174 174  -1  6  0 -9 
175 160   1  7  0 -9 
175 175  -1  6  0 -9 
176 161   1  7  0 -9 
176 176  -1  6  0 -9 
177 162   1  7  0 -9 
177 177  -1  6  0 -9 
178 178  -1  6  0 -9 
178 181   1  7  0 -9 
179 126   1  7  0 -9 
179 171   1  3  0 -9 
179 173  -1  4  0 -9 
180 127   1  7  0 -9 
180 172   1  3  0 -9 
180 178  -1  4  0 -9 
181 181   1  8  0 -9 
182  9  -1  2  0 -9 
182 27   1  4  0 -9 
182 42  -1  0  0 -9 
182 48  -1  3  0 -9 
182 58   1  1  0 -9 
182 76   1  1  0 -9 
182 89   1 -1  0 -9 
182 95  -1  0  0 -9 
182 119   1  1  0 -9 
182 140   1  2  0 -9 
182 150  -1  0  0 -9 
182 165   1 -1  0 -9 
182 182  -1 -2  0 -9 
182 188   1 -1  0 -9 
183 10  -1  2  0 -9 
183 43  -1  0  0 -9 
183 52  -1  3  0 -9 
183 59   1  1  0 -9 
183 66   1  4  0 -9 
183 90   1 -1  0 -9 
183 99  -1  0  0 -9 
183 104   1  1  0 -9 
183 120   1  1  0 -9 
183 144   1  2  0 -9 
183 151  -1  0  0 -9 
183 158  -1  3  0 -9 
183 166   1 -1  0 -9 
183 173   1  2  0 -9 
183 183  -1 -2  0 -9 
183 192   1 -1  0 -9 
183 197  -1  0  0 -9 
184 11  -1  2  0 -9 
184 44  -1  0  0 -9 
184 53  -1  3  0 -9 
184 60   1  1  0 -9 
184 67   1  4  0 -9 
184 91   1 -1  0 -9 
184 100  -1  0  0 -9 
184 105   1  1  0 -9 
184 110  -1  2  0 -9 
184 121   1  1  0 -9 
184 145   1  2  0 -9 
184 152  -1  0  0 -9 
184 159  -1  3  0 -9 
184 167   1 -1  0 -9 
184 174   1  2  0 -9 
184 184  -1 -2  0 -9 
184 193   1 -1  0 -9 
184 198  -1  0  0 -9 
184 203   1  1  0 -9 
185 12  -1  2  0 -9 
185 45  -1  0  0 -9 
185 54  -1  3  0 -9 
185 61   1  1  0 -9 
185 68   1  4  0 -9 
185 92   1 -1  0 -9 
185 101  -1  0  0 -9 
185 106   1  1  0 -9 
185 111  -1  2  0 -9 
185 122   1  1  0 -9 
185 146   1  2  0 -9 
185 153  -1  0  0 -9 
185 160  -1  3  0 -9 
185 168   1 -1  0 -9 
185 175   1  2  0 -9 
185 185  -1 -2  0 -9 
185 194   1 -1  0 -9 
185 199  -1  0  0 -9 
185 204   1  1  0 -9 
186 123   1  1  0 -9 
186 126  -1  2  0 -9 
186 154  -1  0  0 -9 
186 169   1 -1  0 -9 
186 171  -1  0  0 -9 
186 173   1  1  0 -9 
186 179   1  1  0 -9 
186 186  -1 -2  0 -9 
186 209   1 -1  0 -9 
186 211  -1  0  0 -9 
187 124   1  1  0 -9 
187 127  -1  2  0 -9 
187 155  -1  0  0 -9 
187 161  -1  3  0 -9 
187 163   1  2  0 -9 
187 170   1 -1  0 -9 
187 172  -1  0  0 -9 
187 176   1  2  0 -9 
187 178  -1  3  0 -9 
187 180   1  1  0 -9 
187 181   1  4  0 -9 
187 187  -1 -2  0 -9 
187 200  -1  0  0 -9 
187 202   1 -1  0 -9 
187 207   1  1  0 -9 
187 210   1 -1  0 -9 
187 216  -1  0  0 -9 
187 217   1  1  0 -9 
187 218  -1  2  0 -9 
188 27   1  5  0 -9 
188 48  -1  4  0 -9 
188 76   1  2  0 -9 
188 95  -1  1  0 -9 
188 140   1  3  0 -9 
188 188   1  0  0 -9 
189 28   1  5  0 -9 
189 49  -1  4  0 -9 
189 77   1  2  0 -9 
189 96  -1  1  0 -9 
189 110  -1  4  0 -9 
189 141   1  3  0 -9 
189 189   1  0  0 -9 
189 203   1  3  0 -9 
190 29   1  5  0 -9 
190 50  -1  4  0 -9 
190 78   1  2  0 -9 
190 97  -1  1  0 -9 
190 111  -1  4  0 -9 
190 142   1  3  0 -9 
190 190   1  0  0 -9 
190 204   1  3  0 -9 
191 30   1  5  0 -9 
191 51  -1  4  0 -9 
191 79   1  2  0 -9 
191 98  -1  1  0 -9 
191 112  -1  4  0 -9 
191 143   1  3  0 -9 
191 191   1  0  0 -9 
191 205   1  3  0 -9 
192 52  -1  4  0 -9 
192 66   1  5  0 -9 
192 99  -1  1  0 -9 
192 104   1  2  0 -9 
192 144   1  3  0 -9 
192 158  -1  4  0 -9 
192 192   1  0  0 -9 
192 197  -1  1  0 -9 
192 211   1  2  0 -9 
193 53  -1  4  0 -9 
193 67   1  5  0 -9 
193 100  -1  1  0 -9 
193 105   1  2  0 -9 
193 110  -1  3  0 -9 
193 145   1  3  0 -9 
193 159  -1  4  0 -9 
193 193   1  0  0 -9 
193 198  -1  1  0 -9 
193 203   1  2  0 -9 
193 212   1  2  0 -9 
194 54  -1  4  0 -9 
194 68   1  5  0 -9 
194 101  -1  1  0 -9 
194 106   1  2  0 -9 
194 111  -1  3  0 -9 
194 146   1  3  0 -9 
194 160  -1  4  0 -9 
194 194   1  0  0 -9 
194 199  -1  1  0 -9 
194 204   1  2  0 -9 
194 213   1  2  0 -9 
195 55  -1  4  0 -9 
195 69   1  5  0 -9 
195 102  -1  1  0 -9 
195 107   1  2  0 -9 
195 111  -1  4  0 -9 
195 147   1  3  0 -9 
195 161  -1  4  0 -9 
195 195   1  0  0 -9 
195 200  -1  1  0 -9 
195 204   1  3  0 -9 
195 207  -1  4  0 -9 
195 214   1  2  0 -9 
195 218   1  5  0 -9 
196 56  -1  4  0 -9 
196 70   1  5  0 -9 
196 103  -1  1  0 -9 
196 108   1  2  0 -9 
196 113  -1  4  0 -9 
196 148   1  3  0 -9 
196 162  -1  4  0 -9 
196 196   1  0  0 -9 
196 201  -1  1  0 -9 
196 206   1  3  0 -9 
196 208  -1  4  0 -9 
196 215   1  2  0 -9 
196 219   1  5  0 -9 
197 173  -1  4  0 -9 
197 211   1  3  0 -9 
198 110   1  6  0 -9 
198 174  -1  4  0 -9 
198 203  -1  5  0 -9 
198 212   1  3  0 -9 
199 111   1  6  0 -9 
199 175  -1  4  0 -9 
199 204  -1  5  0 -9 
199 213   1  3  0 -9 
200 176  -1  4  0 -9 
200 207  -1  5  0 -9 
200 214   1  3  0 -9 
200 218   1  6  0 -9 
201 177  -1  4  0 -9 
201 208  -1  5  0 -9 
201 215   1  3  0 -9 
201 219   1  6  0 -9 
202 161  -1  4  0 -9 
202 163   1  3  0 -9 
202 178  -1  4  0 -9 
202 181   1  5  0 -9 
202 200  -1  1  0 -9 
202 202   1  0  0 -9 
202 207   1  2  0 -9 
202 214   1  2  0 -9 
202 216  -1  1  0 -9 
202 217   1  2  0 -9 
202 218  -1  3  0 -9 
203 110   1  7  0 -9 
203 203  -1  6  0 -9 
204 111   1  7  0 -9 
204 204  -1  6  0 -9 
205 112   1  7  0 -9 
205 205  -1  6  0 -9 
206 113   1  7  0 -9 
206 206  -1  6  0 -9 
207 207  -1  6  0 -9 
207 218   1  7  0 -9 
208 208  -1  6  0 -9 
208 219   1  7  0 -9 
209 126  -1  3  0 -9 
209 158   1  5  0 -9 
209 171  -1  1  0 -9 
209 173  -1  4  1  2  0 -9 
209 179   1  2  0 -9 
209 197   1  2  0 -9 
209 209   1  0  0 -9 
209 211  -1  1  0 -9 
210 127  -1  3  0 -9 
210 172  -1  1  0 -9 
210 178  -1  4  1  2  0 -9 
210 180   1  2  0 -9 
210 181   1  5  0 -9 
210 210   1  0  0 -9 
210 216  -1  1  0 -9 
210 217   1  2  0 -9 
210 218  -1  3  0 -9 
211 158   1  6  0 -9 
211 173  -1  5  0 -9 
211 197   1  3  0 -9 
212 159   1  6  0 -9 
212 174  -1  5  0 -9 
212 198   1  3  0 -9 
212 203  -1  4  0 -9 
213 160   1  6  0 -9 
213 175  -1  5  0 -9 
213 199   1  3  0 -9 
213 204  -1  4  0 -9 
214 161   1  6  0 -9 
214 176  -1  5  0 -9 
214 200   1  3  0 -9 
214 207  -1  4  0 -9 
215 162   1  6  0 -9 
215 177  -1  5  0 -9 
215 201   1  3  0 -9 
215 208  -1  4  0 -9 
216 178  -1  5  0 -9 
216 181   1  6  0 -9 
216 217   1  3  0 -9 
216 218  -1  4  0 -9 
217 178  -1  4  0 -9 
217 216   1  3  0 -9 
217 218   1  7  0 -9 
218 218   1  8  0 -9 
219 219   1  8  0 -9 
9999 9999
