 0 116   1  3  0 -9 
 0 179  -1  4  0 -9 
 1 117   1  3  0 -9 
 1 180  -1  4  0 -9 
 2 118   1  3  0 -9 
 2 181  -1  4  0 -9 
 3 119   1  3  0 -9 
 3 182  -1  4  0 -9 
 4 120   1  3  0 -9 
 4 183  -1  4  0 -9 
 5 121   1  3  0 -9 
 5 184  -1  4  0 -9 
 6 60  -1  4  0 -9 
 6 277   1  3  0 -9 
 6 325  -1  4  0 -9 
 6 385   1  5  0 -9 
 7 61  -1  4  0 -9 
 7 278   1  3  0 -9 
 7 326  -1  4  0 -9 
 7 386   1  5  0 -9 
 8 62  -1  4  0 -9 
 8 279   1  3  0 -9 
 8 327  -1  4  0 -9 
 8 387   1  5  0 -9 
 9 63  -1  4  0 -9 
 9 280   1  3  0 -9 
 9 328  -1  4  0 -9 
 9 388   1  5  0 -9 
10 64  -1  4  0 -9 
10 281   1  3  0 -9 
10 329  -1  4  0 -9 
10 389   1  5  0 -9 
11 65  -1  4  0 -9 
11 282   1  3  0 -9 
11 330  -1  4  0 -9 
11 390   1  5  0 -9 
12 66  -1  4  0 -9 
12 283   1  3  0 -9 
12 331  -1  4  0 -9 
12 391   1  5  0 -9 
13 67  -1  4  0 -9 
13 284   1  3  0 -9 
13 332  -1  4  0 -9 
13 392   1  5  0 -9 
14 77  -1  4  0 -9 
14 294   1  3  0 -9 
14 342  -1  4  0 -9 
14 468   1  5  0 -9 
15 78  -1  4  0 -9 
15 295   1  3  0 -9 
15 343  -1  4  0 -9 
15 469   1  5  0 -9 
16  2  -1  1  0 -9 
16 16   1  0  0 -9 
16 118   1  2  0 -9 
16 122  -1  1  0 -9 
16 181  -1  3  0 -9 
16 185   1  2  0 -9 
17  0  -1  1  0 -9 
17  3  -1  1  0 -9 
17 17   1  0  0 -9 
17 116   1  2  0 -9 
17 119   1  2  0 -9 
17 123  -1  1  0 -9 
17 179  -1  3  0 -9 
17 182  -1  3  0 -9 
17 186   1  2  0 -9 
18  4  -1  1  0 -9 
18 18   1  0  0 -9 
18 120   1  2  0 -9 
18 124  -1  1  0 -9 
18 183  -1  3  0 -9 
18 187   1  2  0 -9 
19  1  -1  1  0 -9 
19  5  -1  1  0 -9 
19 19   1  0  0 -9 
19 117   1  2  0 -9 
19 121   1  2  0 -9 
19 125  -1  1  0 -9 
19 180  -1  3  0 -9 
19 184  -1  3  0 -9 
19 188   1  2  0 -9 
20  0   1 -1  0 -9 
20  2  -1  0  0 -9 
20 16   1 -1  0 -9 
20 20  -1 -2  0 -9 
20 116   1  2  0 -9 
20 122  -1  0  0 -9 
20 126   1 -1  0 -9 
20 179  -1  3  0 -9 
20 185   1  1  0 -9 
20 189  -1  0  0 -9 
21  0  -1  0  0 -9 
21  3  -1  0  0 -9 
21 17   1 -1  0 -9 
21 21  -1 -2  0 -9 
21 116   1  1  0 -9 
21 123  -1  0  0 -9 
21 127   1 -1  0 -9 
21 179  -1  2  0 -9 
21 186   1  1  0 -9 
21 190  -1  0  0 -9 
22  1   1 -1  0 -9 
22  4  -1  0  0 -9 
22 18   1 -1  0 -9 
22 22  -1 -2  0 -9 
22 117   1  2  0 -9 
22 124  -1  0  0 -9 
22 128   1 -1  0 -9 
22 180  -1  3  0 -9 
22 187   1  1  0 -9 
22 191  -1  0  0 -9 
23  1  -1  0  0 -9 
23  5  -1  0  0 -9 
23 19   1 -1  0 -9 
23 23  -1 -2  0 -9 
23 117   1  1  0 -9 
23 125  -1  0  0 -9 
23 129   1 -1  0 -9 
23 180  -1  2  0 -9 
23 188   1  1  0 -9 
23 192  -1  0  0 -9 
24  2  -1  0  0 -9 
24 16   1 -1  0 -9 
24 24  -1 -2  0 -9 
24 118   1  1  0 -9 
24 119  -1  0  0 -9 
24 122  -1  0  0 -9 
24 130   1 -1  0 -9 
24 181  -1  2  0 -9 
24 182   1  1  0 -9 
24 185   1  1  0 -9 
24 193  -1  0  0 -9 
25  4  -1  0  0 -9 
25 18   1 -1  0 -9 
25 25  -1 -2  0 -9 
25 120   1  1  0 -9 
25 121  -1  0  0 -9 
25 124  -1  0  0 -9 
25 131   1 -1  0 -9 
25 183  -1  2  0 -9 
25 184   1  1  0 -9 
25 187   1  1  0 -9 
25 194  -1  0  0 -9 
26  0  -1  1  0 -9 
26  6  -1  1  0 -9 
26 26   1  0  0 -9 
26 116   1  2  0 -9 
26 132  -1  1  0 -9 
26 179  -1  3  0 -9 
26 195   1  2  0 -9 
26 277   1  2  0 -9 
26 325  -1  3  0 -9 
27  7  -1  1  0 -9 
27 27   1  0  0 -9 
27 133  -1  1  0 -9 
27 196   1  2  0 -9 
27 278   1  2  0 -9 
27 326  -1  3  0 -9 
28  1  -1  1  0 -9 
28  8  -1  1  0 -9 
28 28   1  0  0 -9 
28 117   1  2  0 -9 
28 134  -1  1  0 -9 
28 180  -1  3  0 -9 
28 197   1  2  0 -9 
28 279   1  2  0 -9 
28 327  -1  3  0 -9 
29  9  -1  1  0 -9 
29 29   1  0  0 -9 
29 135  -1  1  0 -9 
29 198   1  2  0 -9 
29 280   1  2  0 -9 
29 328  -1  3  0 -9 
30 10  -1  1  0 -9 
30 30   1  0  0 -9 
30 136  -1  1  0 -9 
30 199   1  2  0 -9 
30 281   1  2  0 -9 
30 329  -1  3  0 -9 
31 11  -1  1  0 -9 
31 31   1  0  0 -9 
31 137  -1  1  0 -9 
31 200   1  2  0 -9 
31 282   1  2  0 -9 
31 330  -1  3  0 -9 
32 12  -1  1  0 -9 
32 32   1  0  0 -9 
32 138  -1  1  0 -9 
32 201   1  2  0 -9 
32 283   1  2  0 -9 
32 331  -1  3  0 -9 
33 13  -1  1  0 -9 
33 33   1  0  0 -9 
33 139  -1  1  0 -9 
33 202   1  2  0 -9 
33 284   1  2  0 -9 
33 332  -1  3  0 -9 
34  0  -1  0  0 -9 
34  6  -1  0  0 -9 
34 26   1 -1  0 -9 
34 34  -1 -2  0 -9 
34 116   1  1  0 -9 
34 132  -1  0  0 -9 
34 140   1 -1  0 -9 
34 179  -1  2  0 -9 
34 195   1  1  0 -9 
34 203  -1  0  0 -9 
34 277   1  1  0 -9 
34 285  -1  0  0 -9 
34 325  -1  2  0 -9 
34 333   1  1  0 -9 
35  7  -1  0  0 -9 
35 27   1 -1  0 -9 
35 35  -1 -2  0 -9 
35 133  -1  0  0 -9 
35 141   1 -1  0 -9 
35 196   1  1  0 -9 
35 204  -1  0  0 -9 
35 278   1  1  0 -9 
35 286  -1  0  0 -9 
35 326  -1  2  0 -9 
35 334   1  1  0 -9 
36  1  -1  0  0 -9 
36  8  -1  0  0 -9 
36 28   1 -1  0 -9 
36 36  -1 -2  0 -9 
36 117   1  1  0 -9 
36 134  -1  0  0 -9 
36 142   1 -1  0 -9 
36 180  -1  2  0 -9 
36 197   1  1  0 -9 
36 205  -1  0  0 -9 
36 279   1  1  0 -9 
36 287  -1  0  0 -9 
36 327  -1  2  0 -9 
36 335   1  1  0 -9 
37  9  -1  0  0 -9 
37 29   1 -1  0 -9 
37 37  -1 -2  0 -9 
37 135  -1  0  0 -9 
37 143   1 -1  0 -9 
37 198   1  1  0 -9 
37 206  -1  0  0 -9 
37 280   1  1  0 -9 
37 288  -1  0  0 -9 
37 328  -1  2  0 -9 
37 336   1  1  0 -9 
38 10  -1  0  0 -9 
38 30   1 -1  0 -9 
38 38  -1 -2  0 -9 
38 136  -1  0  0 -9 
38 144   1 -1  0 -9 
38 199   1  1  0 -9 
38 207  -1  0  0 -9 
38 281   1  1  0 -9 
38 289  -1  0  0 -9 
38 329  -1  2  0 -9 
38 337   1  1  0 -9 
39  1  -1  0  0 -9 
39  8  -1  0  0 -9 
39 11  -1  0  0 -9 
39 28   1 -1  0 -9 
39 31   1 -1  0 -9 
39 39  -1 -2  0 -9 
39 117   1  1  0 -9 
39 120  -1  0  0 -9 
39 134  -1  0  0 -9 
39 137  -1  0  0 -9 
39 145   1 -1  0 -9 
39 180  -1  2  0 -9 
39 183   1  1  0 -9 
39 197   1  1  0 -9 
39 200   1  1  0 -9 
39 208  -1  0  0 -9 
39 279   1  1  0 -9 
39 282   1  1  0 -9 
39 290  -1  0  0 -9 
39 327  -1  2  0 -9 
39 330  -1  2  0 -9 
39 338   1  1  0 -9 
40 12  -1  0  0 -9 
40 32   1 -1  0 -9 
40 40  -1 -2  0 -9 
40 121  -1  0  0 -9 
40 138  -1  0  0 -9 
40 146   1 -1  0 -9 
40 184   1  1  0 -9 
40 201   1  1  0 -9 
40 209  -1  0  0 -9 
40 283   1  1  0 -9 
40 291  -1  0  0 -9 
40 331  -1  2  0 -9 
40 339   1  1  0 -9 
41 11  -1  0  0 -9 
41 31   1 -1  0 -9 
41 41  -1 -2  0 -9 
41 137  -1  0  0 -9 
41 147   1 -1  0 -9 
41 200   1  1  0 -9 
41 210  -1  0  0 -9 
41 282   1  1  0 -9 
41 292  -1  0  0 -9 
41 330  -1  2  0 -9 
41 340   1  1  0 -9 
42 13  -1  0  0 -9 
42 33   1 -1  0 -9 
42 42  -1 -2  0 -9 
42 139  -1  0  0 -9 
42 148   1 -1  0 -9 
42 202   1  1  0 -9 
42 211  -1  0  0 -9 
42 284   1  1  0 -9 
42 293  -1  0  0 -9 
42 332  -1  2  0 -9 
42 341   1  1  0 -9 
43  6   1 -1  0 -9 
43 43  -1 -2  0 -9 
43 60  -1  3  0 -9 
43 68  -1  0  0 -9 
43 87   1 -1  0 -9 
43 149   1 -1  0 -9 
43 212  -1  0  0 -9 
43 277   1  2  0 -9 
43 304  -1  0  0 -9 
43 325  -1  3  0 -9 
43 385   1  4  0 -9 
43 393   1  1  0 -9 
44  9   1 -1  0 -9 
44 11  -1  0  0 -9 
44 31   1 -1  0 -9 
44 44  -1 -2  0 -9 
44 63  -1  3  0 -9 
44 65   1  2  0 -9 
44 71  -1  0  0 -9 
44 88   1 -1  0 -9 
44 137  -1  0  0 -9 
44 150   1 -1  0 -9 
44 200   1  1  0 -9 
44 213  -1  0  0 -9 
44 280   1  2  0 -9 
44 305  -1  0  0 -9 
44 328  -1  3  0 -9 
44 388   1  4  0 -9 
44 390  -1  3  0 -9 
44 394   1  1  0 -9 
45  1   1 -1  0 -9 
45  7   1 -1  0 -9 
45  8   1 -1  0 -9 
45 10   1 -1  0 -9 
45 12  -1  0  0 -9 
45 32   1 -1  0 -9 
45 45  -1 -2  0 -9 
45 61  -1  3  0 -9 
45 62  -1  3  0 -9 
45 64  -1  3  0 -9 
45 66   1  2  0 -9 
45 69  -1  0  0 -9 
45 70  -1  0  0 -9 
45 72  -1  0  0 -9 
45 89   1 -1  0 -9 
45 117   1  2  0 -9 
45 138  -1  0  0 -9 
45 151   1 -1  0 -9 
45 180  -1  3  0 -9 
45 201   1  1  0 -9 
45 214  -1  0  0 -9 
45 278   1  2  0 -9 
45 279   1  2  0 -9 
45 281   1  2  0 -9 
45 306  -1  0  0 -9 
45 326  -1  3  0 -9 
45 327  -1  3  0 -9 
45 329  -1  3  0 -9 
45 386   1  4  0 -9 
45 387   1  4  0 -9 
45 389   1  4  0 -9 
45 391  -1  3  0 -9 
45 395   1  1  0 -9 
46 10   1 -1  0 -9 
46 13  -1  0  0 -9 
46 33   1 -1  0 -9 
46 46  -1 -2  0 -9 
46 64  -1  3  0 -9 
46 67   1  2  0 -9 
46 72  -1  0  0 -9 
46 90   1 -1  0 -9 
46 139  -1  0  0 -9 
46 152   1 -1  0 -9 
46 202   1  1  0 -9 
46 215  -1  0  0 -9 
46 281   1  2  0 -9 
46 307  -1  0  0 -9 
46 329  -1  3  0 -9 
46 389   1  4  0 -9 
46 392  -1  3  0 -9 
46 396   1  1  0 -9 
47  6  -1  0  0 -9 
47 47  -1 -2  0 -9 
47 60  -1  2 -1  0  0 -9 
47 61   1  1  0 -9 
47 69  -1  0  0 -9 
47 91   1 -1  0 -9 
47 153   1 -1  0 -9 
47 216  -1  0  0 -9 
47 277   1  1  0 -9 
47 308  -1  0  0 -9 
47 325  -1  2  0 -9 
47 385   1  3  0 -9 
47 386  -1  2  0 -9 
47 397   1  1  0 -9 
48  8   1 -1  0 -9 
48 48  -1 -2  0 -9 
48 62  -1  3  0 -9 
48 65   1  1  0 -9 
48 73  -1  0  0 -9 
48 92   1 -1  0 -9 
48 154   1 -1  0 -9 
48 217  -1  0  0 -9 
48 279   1  2  0 -9 
48 309  -1  0  0 -9 
48 327  -1  3  0 -9 
48 387   1  4  0 -9 
48 390  -1  2  0 -9 
48 398   1  1  0 -9 
49  8  -1  0  0 -9 
49 49  -1 -2  0 -9 
49 62  -1  2 -1  0  0 -9 
49 66   1  1  0 -9 
49 74  -1  0  0 -9 
49 93   1 -1  0 -9 
49 155   1 -1  0 -9 
49 218  -1  0  0 -9 
49 279   1  1  0 -9 
49 310  -1  0  0 -9 
49 327  -1  2  0 -9 
49 387   1  3  0 -9 
49 391  -1  2  0 -9 
49 399   1  1  0 -9 
50  9  -1  0  0 -9 
50 50  -1 -2  0 -9 
50 61   1  1  0 -9 
50 63  -1  2 -1  0  0 -9 
50 64   1  1  0 -9 
50 65   1  1  0 -9 
50 69  -1  0  0 -9 
50 72  -1  0  0 -9 
50 75  -1  0  0 -9 
50 94   1 -1  0 -9 
50 156   1 -1  0 -9 
50 219  -1  0  0 -9 
50 280   1  1  0 -9 
50 311  -1  0  0 -9 
50 328  -1  2  0 -9 
50 386  -1  2  0 -9 
50 388   1  3  0 -9 
50 389  -1  2  0 -9 
50 390  -1  2  0 -9 
50 400   1  1  0 -9 
51 51  -1 -2  0 -9 
51 67   1  1  0 -9 
51 76  -1  0  0 -9 
51 95   1 -1  0 -9 
51 157   1 -1  0 -9 
51 220  -1  0  0 -9 
51 312  -1  0  0 -9 
51 392  -1  2  0 -9 
51 401   1  1  0 -9 
52  8   1 -1  0 -9 
52 52  -1 -2  0 -9 
52 62  -1  3  0 -9 
52 70  -1  0  0 -9 
52 79  -1  0  0 -9 
52 96   1 -1  0 -9 
52 108   1  1  0 -9 
52 158   1 -1  0 -9 
52 221  -1  0  0 -9 
52 279   1  2  0 -9 
52 313  -1  0  0 -9 
52 327  -1  3  0 -9 
52 387   1  4  0 -9 
52 402   1  1  0 -9 
52 470  -1  2  0 -9 
53 14   1 -1  0 -9 
53 53  -1 -2  0 -9 
53 77  -1  3  0 -9 
53 80  -1  0  0 -9 
53 97   1 -1  0 -9 
53 109   1  1  0 -9 
53 159   1 -1  0 -9 
53 222  -1  0  0 -9 
53 294   1  2  0 -9 
53 314  -1  0  0 -9 
53 342  -1  3  0 -9 
53 403   1  1  0 -9 
53 468   1  4  0 -9 
53 471  -1  2  0 -9 
54 15   1 -1  0 -9 
54 54  -1 -2  0 -9 
54 78  -1  3  0 -9 
54 81  -1  0  0 -9 
54 98   1 -1  0 -9 
54 110   1  1  0 -9 
54 160   1 -1  0 -9 
54 223  -1  0  0 -9 
54 295   1  2  0 -9 
54 315  -1  0  0 -9 
54 343  -1  3  0 -9 
54 404   1  1  0 -9 
54 469   1  4  0 -9 
54 472  -1  2  0 -9 
55  8  -1  0  0 -9 
55 14  -1  0  0 -9 
55 55  -1 -2  0 -9 
55 62  -1  2 -1  0  0 -9 
55 63   1  1  0 -9 
55 71  -1  0  0 -9 
55 77  -1  2 -1  0  0 -9 
55 82  -1  0  0 -9 
55 99   1 -1  0 -9 
55 111   1  1  0 -9 
55 161   1 -1  0 -9 
55 224  -1  0  0 -9 
55 279   1  1  0 -9 
55 294   1  1  0 -9 
55 316  -1  0  0 -9 
55 327  -1  2  0 -9 
55 342  -1  2  0 -9 
55 387   1  3  0 -9 
55 388  -1  2  0 -9 
55 405   1  1  0 -9 
55 468   1  3  0 -9 
55 473  -1  2  0 -9 
56 15  -1  0  0 -9 
56 56  -1 -2  0 -9 
56 64   1  1  0 -9 
56 72  -1  0  0 -9 
56 78  -1  2 -1  0  0 -9 
56 83  -1  0  0 -9 
56 100   1 -1  0 -9 
56 112   1  1  0 -9 
56 162   1 -1  0 -9 
56 225  -1  0  0 -9 
56 295   1  1  0 -9 
56 317  -1  0  0 -9 
56 343  -1  2  0 -9 
56 389  -1  2  0 -9 
56 406   1  1  0 -9 
56 469   1  3  0 -9 
56 474  -1  2  0 -9 
57 14  -1  0  0 -9 
57 57  -1 -2  0 -9 
57 77  -1  2 -1  0  0 -9 
57 84  -1  0  0 -9 
57 101   1 -1  0 -9 
57 113   1  1  0 -9 
57 163   1 -1  0 -9 
57 226  -1  0  0 -9 
57 294   1  1  0 -9 
57 318  -1  0  0 -9 
57 342  -1  2  0 -9 
57 407   1  1  0 -9 
57 468   1  3  0 -9 
57 475  -1  2  0 -9 
58 15   1 -1  0 -9 
58 58  -1 -2  0 -9 
58 67   1  1  0 -9 
58 78  -1  3  0 -9 
58 85  -1  0  0 -9 
58 102   1 -1  0 -9 
58 114   1  1  0 -9 
58 164   1 -1  0 -9 
58 227  -1  0  0 -9 
58 295   1  2  0 -9 
58 319  -1  0  0 -9 
58 343  -1  3  0 -9 
58 392  -1  2  0 -9 
58 408   1  1  0 -9 
58 469   1  4  0 -9 
58 476  -1  2  0 -9 
59 59  -1 -2  0 -9 
59 86  -1  0  0 -9 
59 103   1 -1  0 -9 
59 115   1  1  0 -9 
59 165   1 -1  0 -9 
59 228  -1  0  0 -9 
59 320  -1  0  0 -9 
59 409   1  1  0 -9 
59 477  -1  2  0 -9 
60 60  -1  6  0 -9 
60 385   1  7  0 -9 
61 61  -1  6  0 -9 
61 386   1  7  0 -9 
62 62  -1  6  0 -9 
62 387   1  7  0 -9 
63 63  -1  6  0 -9 
63 388   1  7  0 -9 
64 64  -1  6  0 -9 
64 389   1  7  0 -9 
65 65  -1  6  0 -9 
65 390   1  7  0 -9 
66 66  -1  6  0 -9 
66 391   1  7  0 -9 
67 67  -1  6  0 -9 
67 392   1  7  0 -9 
68 60  -1  5  0 -9 
68 285   1  3  0 -9 
68 333  -1  4  0 -9 
68 385   1  6  0 -9 
69 61  -1  5  0 -9 
69 286   1  3  0 -9 
69 334  -1  4  0 -9 
69 386   1  6  0 -9 
70 62  -1  5  0 -9 
70 287   1  3  0 -9 
70 335  -1  4  0 -9 
70 387   1  6  0 -9 
71 63  -1  5  0 -9 
71 288   1  3  0 -9 
71 336  -1  4  0 -9 
71 388   1  6  0 -9 
72 64  -1  5  0 -9 
72 289   1  3  0 -9 
72 337  -1  4  0 -9 
72 389   1  6  0 -9 
73 62  -1  5  0 -9 
73 65  -1  5  0 -9 
73 290   1  3  0 -9 
73 338  -1  4  0 -9 
73 387   1  6  0 -9 
73 390   1  6  0 -9 
74 66  -1  5  0 -9 
74 291   1  3  0 -9 
74 339  -1  4  0 -9 
74 391   1  6  0 -9 
75 65  -1  5  0 -9 
75 292   1  3  0 -9 
75 340  -1  4  0 -9 
75 390   1  6  0 -9 
76 67  -1  5  0 -9 
76 293   1  3  0 -9 
76 341  -1  4  0 -9 
76 392   1  6  0 -9 
77 77  -1  6  0 -9 
77 468   1  7  0 -9 
78 78  -1  6  0 -9 
78 469   1  7  0 -9 
79 108  -1  5  0 -9 
79 296   1  3  0 -9 
79 344  -1  4  0 -9 
79 470   1  6  0 -9 
80 77  -1  5  0 -9 
80 109  -1  5  0 -9 
80 297   1  3  0 -9 
80 345  -1  4  0 -9 
80 468   1  6  0 -9 
80 471   1  6  0 -9 
81 78  -1  5  0 -9 
81 110  -1  5  0 -9 
81 298   1  3  0 -9 
81 346  -1  4  0 -9 
81 469   1  6  0 -9 
81 472   1  6  0 -9 
82 111  -1  5  0 -9 
82 299   1  3  0 -9 
82 347  -1  4  0 -9 
82 473   1  6  0 -9 
83 112  -1  5  0 -9 
83 300   1  3  0 -9 
83 348  -1  4  0 -9 
83 474   1  6  0 -9 
84 113  -1  5  0 -9 
84 301   1  3  0 -9 
84 349  -1  4  0 -9 
84 475   1  6  0 -9 
85 67  -1  5  0 -9 
85 78  -1  5  0 -9 
85 114  -1  5  0 -9 
85 302   1  3  0 -9 
85 350  -1  4  0 -9 
85 392   1  6  0 -9 
85 469   1  6  0 -9 
85 476   1  6  0 -9 
86 115  -1  5  0 -9 
86 303   1  3  0 -9 
86 351  -1  4  0 -9 
86 477   1  6  0 -9 
87 60  -1  4  0 -9 
87 68  -1  1  0 -9 
87 87   1  0  0 -9 
87 285   1  2  0 -9 
87 304  -1  1  0 -9 
87 333  -1  3  0 -9 
87 385   1  5  0 -9 
87 393   1  2  0 -9 
88 63  -1  4  0 -9 
88 65   1  3  0 -9 
88 71  -1  1  0 -9 
88 88   1  0  0 -9 
88 288   1  2  0 -9 
88 305  -1  1  0 -9 
88 336  -1  3  0 -9 
88 388   1  5  0 -9 
88 390  -1  4  0 -9 
88 394   1  2  0 -9 
89 61  -1  4  0 -9 
89 62  -1  4  0 -9 
89 64  -1  4  0 -9 
89 66   1  3  0 -9 
89 69  -1  1  0 -9 
89 70  -1  1  0 -9 
89 72  -1  1  0 -9 
89 89   1  0  0 -9 
89 286   1  2  0 -9 
89 287   1  2  0 -9 
89 289   1  2  0 -9 
89 306  -1  1  0 -9 
89 334  -1  3  0 -9 
89 335  -1  3  0 -9 
89 337  -1  3  0 -9 
89 386   1  5  0 -9 
89 387   1  5  0 -9 
89 389   1  5  0 -9 
89 391  -1  4  0 -9 
89 395   1  2  0 -9 
90 64  -1  4  0 -9 
90 67   1  3  0 -9 
90 72  -1  1  0 -9 
90 90   1  0  0 -9 
90 289   1  2  0 -9 
90 307  -1  1  0 -9 
90 337  -1  3  0 -9 
90 389   1  5  0 -9 
90 392  -1  4  0 -9 
90 396   1  2  0 -9 
91  6  -1  1  0 -9 
91 60  -1  5 -1  3 -1  1  0 -9 
91 61   1  2  0 -9 
91 69  -1  1  0 -9 
91 91   1  0  0 -9 
91 277   1  2  0 -9 
91 286   1  2  0 -9 
91 308  -1  1  0 -9 
91 325  -1  3  0 -9 
91 334  -1  3  0 -9 
91 385   1  6  1  4  0 -9 
91 386  -1  3  0 -9 
91 397   1  2  0 -9 
92 62  -1  4  0 -9 
92 65   1  2  0 -9 
92 73  -1  1  0 -9 
92 92   1  0  0 -9 
92 290   1  2  0 -9 
92 309  -1  1  0 -9 
92 338  -1  3  0 -9 
92 387   1  5  0 -9 
92 390  -1  3  0 -9 
92 398   1  2  0 -9 
93  8  -1  1  0 -9 
93 62  -1  5 -1  3 -1  1  0 -9 
93 66   1  2  0 -9 
93 74  -1  1  0 -9 
93 93   1  0  0 -9 
93 279   1  2  0 -9 
93 291   1  2  0 -9 
93 310  -1  1  0 -9 
93 327  -1  3  0 -9 
93 339  -1  3  0 -9 
93 387   1  6  1  4  0 -9 
93 391  -1  3  0 -9 
93 399   1  2  0 -9 
94  9  -1  1  0 -9 
94 61   1  2  0 -9 
94 63  -1  5 -1  3 -1  1  0 -9 
94 64   1  2  0 -9 
94 65   1  2  0 -9 
94 69  -1  1  0 -9 
94 72  -1  1  0 -9 
94 75  -1  1  0 -9 
94 94   1  0  0 -9 
94 280   1  2  0 -9 
94 286   1  2  0 -9 
94 289   1  2  0 -9 
94 292   1  2  0 -9 
94 311  -1  1  0 -9 
94 328  -1  3  0 -9 
94 334  -1  3  0 -9 
94 337  -1  3  0 -9 
94 340  -1  3  0 -9 
94 386  -1  3  0 -9 
94 388   1  6  1  4  0 -9 
94 389  -1  3  0 -9 
94 390  -1  3  0 -9 
94 400   1  2  0 -9 
95 67   1  2  0 -9 
95 76  -1  1  0 -9 
95 95   1  0  0 -9 
95 293   1  2  0 -9 
95 312  -1  1  0 -9 
95 341  -1  3  0 -9 
95 392  -1  3  0 -9 
95 401   1  2  0 -9 
96 62  -1  4  0 -9 
96 70  -1  1  0 -9 
96 79  -1  1  0 -9 
96 96   1  0  0 -9 
96 108   1  2  0 -9 
96 287   1  2  0 -9 
96 296   1  2  0 -9 
96 313  -1  1  0 -9 
96 335  -1  3  0 -9 
96 344  -1  3  0 -9 
96 387   1  5  0 -9 
96 402   1  2  0 -9 
96 470  -1  3  0 -9 
97 77  -1  4  0 -9 
97 80  -1  1  0 -9 
97 97   1  0  0 -9 
97 109   1  2  0 -9 
97 297   1  2  0 -9 
97 314  -1  1  0 -9 
97 345  -1  3  0 -9 
97 403   1  2  0 -9 
97 468   1  5  0 -9 
97 471  -1  3  0 -9 
98 78  -1  4  0 -9 
98 81  -1  1  0 -9 
98 98   1  0  0 -9 
98 110   1  2  0 -9 
98 298   1  2  0 -9 
98 315  -1  1  0 -9 
98 346  -1  3  0 -9 
98 404   1  2  0 -9 
98 469   1  5  0 -9 
98 472  -1  3  0 -9 
99  8  -1  1  0 -9 
99 14  -1  1  0 -9 
99 62  -1  5 -1  3 -1  1  0 -9 
99 63   1  2  0 -9 
99 71  -1  1  0 -9 
99 77  -1  5 -1  3 -1  1  0 -9 
99 82  -1  1  0 -9 
99 99   1  0  0 -9 
99 111   1  2  0 -9 
99 279   1  2  0 -9 
99 288   1  2  0 -9 
99 294   1  2  0 -9 
99 299   1  2  0 -9 
99 316  -1  1  0 -9 
99 327  -1  3  0 -9 
99 336  -1  3  0 -9 
99 342  -1  3  0 -9 
99 347  -1  3  0 -9 
99 387   1  6  1  4  0 -9 
99 388  -1  3  0 -9 
99 405   1  2  0 -9 
99 468   1  6  1  4  0 -9 
99 473  -1  3  0 -9 
100 15  -1  1  0 -9 
100 64   1  2  0 -9 
100 72  -1  1  0 -9 
100 78  -1  5 -1  3 -1  1  0 -9 
100 83  -1  1  0 -9 
100 100   1  0  0 -9 
100 112   1  2  0 -9 
100 289   1  2  0 -9 
100 295   1  2  0 -9 
100 300   1  2  0 -9 
100 317  -1  1  0 -9 
100 337  -1  3  0 -9 
100 343  -1  3  0 -9 
100 348  -1  3  0 -9 
100 389  -1  3  0 -9 
100 406   1  2  0 -9 
100 469   1  6  1  4  0 -9 
100 474  -1  3  0 -9 
101 14  -1  1  0 -9 
101 77  -1  5 -1  3 -1  1  0 -9 
101 84  -1  1  0 -9 
101 101   1  0  0 -9 
101 113   1  2  0 -9 
101 294   1  2  0 -9 
101 301   1  2  0 -9 
101 318  -1  1  0 -9 
101 342  -1  3  0 -9 
101 349  -1  3  0 -9 
101 407   1  2  0 -9 
101 468   1  6  1  4  0 -9 
101 475  -1  3  0 -9 
102 67   1  2  0 -9 
102 78  -1  4  0 -9 
102 85  -1  1  0 -9 
102 102   1  0  0 -9 
102 114   1  2  0 -9 
102 302   1  2  0 -9 
102 319  -1  1  0 -9 
102 350  -1  3  0 -9 
102 392  -1  3  0 -9 
102 408   1  2  0 -9 
102 469   1  5  0 -9 
102 476  -1  3  0 -9 
103 86  -1  1  0 -9 
103 103   1  0  0 -9 
103 115   1  2  0 -9 
103 303   1  2  0 -9 
103 320  -1  1  0 -9 
103 351  -1  3  0 -9 
103 409   1  2  0 -9 
103 477  -1  3  0 -9 
104 82  -1  1  0 -9 
104 104   1  0  0 -9 
104 109   1  3  0 -9 
104 111  -1  4  0 -9 
104 299   1  2  0 -9 
104 321  -1  1  0 -9 
104 347  -1  3  0 -9 
104 410   1  2  0 -9 
104 471  -1  4  0 -9 
104 473   1  5  0 -9 
105 79  -1  1  0 -9 
105 83  -1  1  0 -9 
105 105   1  0  0 -9 
105 108  -1  4  0 -9 
105 110   1  3  0 -9 
105 112  -1  4  0 -9 
105 296   1  2  0 -9 
105 300   1  2  0 -9 
105 322  -1  1  0 -9 
105 344  -1  3  0 -9 
105 348  -1  3  0 -9 
105 411   1  2  0 -9 
105 470   1  5  0 -9 
105 472  -1  4  0 -9 
105 474   1  5  0 -9 
106 83  -1  1  0 -9 
106 106   1  0  0 -9 
106 112  -1  4  0 -9 
106 114   1  3  0 -9 
106 300   1  2  0 -9 
106 323  -1  1  0 -9 
106 348  -1  3  0 -9 
106 412   1  2  0 -9 
106 474   1  5  0 -9 
106 476  -1  4  0 -9 
107 84  -1  1  0 -9 
107 107   1  0  0 -9 
107 109   1  3  0 -9 
107 113  -1  4  0 -9 
107 115   1  3  0 -9 
107 301   1  2  0 -9 
107 324  -1  1  0 -9 
107 349  -1  3  0 -9 
107 413   1  2  0 -9 
107 471  -1  4  0 -9 
107 475   1  5  0 -9 
107 477  -1  4  0 -9 
108 108  -1  6  0 -9 
108 470   1  7  0 -9 
109 109  -1  6  0 -9 
109 471   1  7  0 -9 
110 110  -1  6  0 -9 
110 472   1  7  0 -9 
111 111  -1  6  0 -9 
111 473   1  7  0 -9 
112 112  -1  6  0 -9 
112 474   1  7  0 -9 
113 113  -1  6  0 -9 
113 475   1  7  0 -9 
114 114  -1  6  0 -9 
114 476   1  7  0 -9 
115 115  -1  6  0 -9 
115 477   1  7  0 -9 
116  0   1  3  0 -9 
116 179  -1  5  0 -9 
117  1   1  3  0 -9 
117 180  -1  5  0 -9 
118  2   1  3  0 -9 
118 181  -1  5  0 -9 
119  3   1  3  0 -9 
119 182  -1  5  0 -9 
120  4   1  3  0 -9 
120 183  -1  5  0 -9 
121  5   1  3  0 -9 
121 184  -1  5  0 -9 
122 181  -1  4  0 -9 
122 185   1  3  0 -9 
123 179  -1  4  0 -9 
123 182  -1  4  0 -9 
123 186   1  3  0 -9 
124 183  -1  4  0 -9 
124 187   1  3  0 -9 
125 180  -1  4  0 -9 
125 184  -1  4  0 -9 
125 188   1  3  0 -9 
126 122  -1  1  0 -9 
126 126   1  0  0 -9 
126 181  -1  3  0 -9 
126 185   1  2  0 -9 
126 189  -1  1  0 -9 
126 229   1  2  0 -9 
127  0  -1  1  0 -9 
127 116   1  2  0 -9 
127 123  -1  1  0 -9 
127 127   1  0  0 -9 
127 179  -1  3  0 -9 
127 182  -1  3  0 -9 
127 186   1  2  0 -9 
127 190  -1  1  0 -9 
127 230   1  2  0 -9 
128 124  -1  1  0 -9 
128 128   1  0  0 -9 
128 183  -1  3  0 -9 
128 187   1  2  0 -9 
128 191  -1  1  0 -9 
128 231   1  2  0 -9 
129  1  -1  1  0 -9 
129 117   1  2  0 -9 
129 125  -1  1  0 -9 
129 129   1  0  0 -9 
129 180  -1  3  0 -9 
129 184  -1  3  0 -9 
129 188   1  2  0 -9 
129 192  -1  1  0 -9 
129 232   1  2  0 -9 
130  2  -1  1  0 -9 
130  3   1  2  0 -9 
130 118   1  2  0 -9 
130 119  -1  1  0 -9 
130 122  -1  1  0 -9 
130 130   1  0  0 -9 
130 181  -1  3  0 -9 
130 182  -1  4  1  2  0 -9 
130 185   1  2  0 -9 
130 193  -1  1  0 -9 
130 233   1  2  0 -9 
131  4  -1  1  0 -9 
131  5   1  2  0 -9 
131 120   1  2  0 -9 
131 121  -1  1  0 -9 
131 124  -1  1  0 -9 
131 131   1  0  0 -9 
131 183  -1  3  0 -9 
131 184  -1  4  1  2  0 -9 
131 187   1  2  0 -9 
131 194  -1  1  0 -9 
131 234   1  2  0 -9 
132 179  -1  4  0 -9 
132 195   1  3  0 -9 
132 325  -1  4  0 -9 
133 196   1  3  0 -9 
133 326  -1  4  0 -9 
134 180  -1  4  0 -9 
134 197   1  3  0 -9 
134 327  -1  4  0 -9 
135 198   1  3  0 -9 
135 328  -1  4  0 -9 
136 199   1  3  0 -9 
136 329  -1  4  0 -9 
137 200   1  3  0 -9 
137 330  -1  4  0 -9 
138 201   1  3  0 -9 
138 331  -1  4  0 -9 
139 202   1  3  0 -9 
139 332  -1  4  0 -9 
140  0  -1  1  0 -9 
140  6  -1  1  0 -9 
140 60  -1  3  0 -9 
140 68   1  2  0 -9 
140 116   1  2  0 -9 
140 132  -1  1  0 -9 
140 140   1  0  0 -9 
140 179  -1  3  0 -9 
140 195   1  2  0 -9 
140 203  -1  1  0 -9 
140 237   1  2  0 -9 
140 277   1  2  0 -9 
140 285  -1  1  0 -9 
140 325  -1  3  0 -9 
140 333  -1  4  1  2  0 -9 
140 414   1  5  0 -9 
141  7  -1  1  0 -9 
141 61  -1  3  0 -9 
141 69   1  2  0 -9 
141 133  -1  1  0 -9 
141 141   1  0  0 -9 
141 196   1  2  0 -9 
141 204  -1  1  0 -9 
141 238   1  2  0 -9 
141 278   1  2  0 -9 
141 286  -1  1  0 -9 
141 326  -1  3  0 -9 
141 334  -1  4  1  2  0 -9 
141 415   1  5  0 -9 
142  1  -1  1  0 -9 
142  8  -1  1  0 -9 
142 62  -1  3  0 -9 
142 70   1  2  0 -9 
142 117   1  2  0 -9 
142 134  -1  1  0 -9 
142 142   1  0  0 -9 
142 180  -1  3  0 -9 
142 197   1  2  0 -9 
142 205  -1  1  0 -9 
142 239   1  2  0 -9 
142 279   1  2  0 -9 
142 287  -1  1  0 -9 
142 327  -1  3  0 -9 
142 335  -1  4  1  2  0 -9 
142 416   1  5  0 -9 
143  9  -1  1  0 -9 
143 63  -1  3  0 -9 
143 71   1  2  0 -9 
143 135  -1  1  0 -9 
143 143   1  0  0 -9 
143 198   1  2  0 -9 
143 206  -1  1  0 -9 
143 240   1  2  0 -9 
143 280   1  2  0 -9 
143 288  -1  1  0 -9 
143 328  -1  3  0 -9 
143 336  -1  4  1  2  0 -9 
143 417   1  5  0 -9 
144 10  -1  1  0 -9 
144 64  -1  3  0 -9 
144 72   1  2  0 -9 
144 136  -1  1  0 -9 
144 144   1  0  0 -9 
144 199   1  2  0 -9 
144 207  -1  1  0 -9 
144 241   1  2  0 -9 
144 281   1  2  0 -9 
144 289  -1  1  0 -9 
144 329  -1  3  0 -9 
144 337  -1  4  1  2  0 -9 
144 418   1  5  0 -9 
145  1  -1  1  0 -9 
145  4   1  2  0 -9 
145  8  -1  1  0 -9 
145 11  -1  1  0 -9 
145 62  -1  3  0 -9 
145 65  -1  3  0 -9 
145 73   1  2  0 -9 
145 117   1  2  0 -9 
145 120  -1  1  0 -9 
145 134  -1  1  0 -9 
145 137  -1  1  0 -9 
145 145   1  0  0 -9 
145 180  -1  3  0 -9 
145 183  -1  4  1  2  0 -9 
145 197   1  2  0 -9 
145 200   1  2  0 -9 
145 208  -1  1  0 -9 
145 242   1  2  0 -9 
145 279   1  2  0 -9 
145 282   1  2  0 -9 
145 290  -1  1  0 -9 
145 327  -1  3  0 -9 
145 330  -1  3  0 -9 
145 338  -1  4  1  2  0 -9 
145 419   1  5  0 -9 
146  5   1  2  0 -9 
146 12  -1  1  0 -9 
146 66  -1  3  0 -9 
146 74   1  2  0 -9 
146 121  -1  1  0 -9 
146 138  -1  1  0 -9 
146 146   1  0  0 -9 
146 184  -1  4  1  2  0 -9 
146 201   1  2  0 -9 
146 209  -1  1  0 -9 
146 243   1  2  0 -9 
146 283   1  2  0 -9 
146 291  -1  1  0 -9 
146 331  -1  3  0 -9 
146 339  -1  4  1  2  0 -9 
146 420   1  5  0 -9 
147 11  -1  1  0 -9 
147 65  -1  3  0 -9 
147 75   1  2  0 -9 
147 137  -1  1  0 -9 
147 147   1  0  0 -9 
147 200   1  2  0 -9 
147 210  -1  1  0 -9 
147 244   1  2  0 -9 
147 282   1  2  0 -9 
147 292  -1  1  0 -9 
147 330  -1  3  0 -9 
147 340  -1  4  1  2  0 -9 
147 421   1  5  0 -9 
148 13  -1  1  0 -9 
148 67  -1  3  0 -9 
148 76   1  2  0 -9 
148 139  -1  1  0 -9 
148 148   1  0  0 -9 
148 202   1  2  0 -9 
148 211  -1  1  0 -9 
148 245   1  2  0 -9 
148 284   1  2  0 -9 
148 293  -1  1  0 -9 
148 332  -1  3  0 -9 
148 341  -1  4  1  2  0 -9 
148 422   1  5  0 -9 
149 149   1  0  0 -9 
149 212  -1  1  0 -9 
149 304  -1  1  0 -9 
149 333  -1  3  0 -9 
149 352   1  2  0 -9 
149 393   1  2  0 -9 
149 414   1  4  0 -9 
149 423  -1  3  0 -9 
150 137  -1  1  0 -9 
150 150   1  0  0 -9 
150 200   1  2  0 -9 
150 213  -1  1  0 -9 
150 305  -1  1  0 -9 
150 330  -1  3  0 -9 
150 336  -1  3  0 -9 
150 353   1  2  0 -9 
150 394   1  2  0 -9 
150 417   1  4  0 -9 
150 424  -1  3  0 -9 
151 138  -1  1  0 -9 
151 151   1  0  0 -9 
151 201   1  2  0 -9 
151 214  -1  1  0 -9 
151 306  -1  1  0 -9 
151 331  -1  3  0 -9 
151 334  -1  3  0 -9 
151 335  -1  3  0 -9 
151 337  -1  3  0 -9 
151 354   1  2  0 -9 
151 395   1  2  0 -9 
151 415   1  4  0 -9 
151 416   1  4  0 -9 
151 418   1  4  0 -9 
151 425  -1  3  0 -9 
152 139  -1  1  0 -9 
152 152   1  0  0 -9 
152 202   1  2  0 -9 
152 215  -1  1  0 -9 
152 307  -1  1  0 -9 
152 332  -1  3  0 -9 
152 337  -1  3  0 -9 
152 355   1  2  0 -9 
152 396   1  2  0 -9 
152 418   1  4  0 -9 
152 426  -1  3  0 -9 
153  6  -1  1  0 -9 
153 60  -1  3  0 -9 
153 153   1  0  0 -9 
153 216  -1  1  0 -9 
153 277   1  2  0 -9 
153 308  -1  1  0 -9 
153 325  -1  3  0 -9 
153 334  -1  3  0 -9 
153 356   1  2  0 -9 
153 385   1  4  0 -9 
153 386  -1  3  0 -9 
153 397   1  2  0 -9 
153 415   1  4  0 -9 
153 427  -1  3  0 -9 
154 154   1  0  0 -9 
154 217  -1  1  0 -9 
154 309  -1  1  0 -9 
154 338  -1  3  0 -9 
154 357   1  2  0 -9 
154 390  -1  3  0 -9 
154 398   1  2  0 -9 
154 419   1  4  0 -9 
154 428  -1  3  0 -9 
155  8  -1  1  0 -9 
155 62  -1  3  0 -9 
155 155   1  0  0 -9 
155 218  -1  1  0 -9 
155 279   1  2  0 -9 
155 310  -1  1  0 -9 
155 327  -1  3  0 -9 
155 339  -1  3  0 -9 
155 358   1  2  0 -9 
155 387   1  4  0 -9 
155 391  -1  3  0 -9 
155 399   1  2  0 -9 
155 420   1  4  0 -9 
155 429  -1  3  0 -9 
156  9  -1  1  0 -9 
156 63  -1  3  0 -9 
156 156   1  0  0 -9 
156 219  -1  1  0 -9 
156 280   1  2  0 -9 
156 311  -1  1  0 -9 
156 328  -1  3  0 -9 
156 334  -1  3  0 -9 
156 337  -1  3  0 -9 
156 340  -1  3  0 -9 
156 359   1  2  0 -9 
156 386  -1  3  0 -9 
156 388   1  4  0 -9 
156 389  -1  3  0 -9 
156 390  -1  3  0 -9 
156 400   1  2  0 -9 
156 415   1  4  0 -9 
156 418   1  4  0 -9 
156 421   1  4  0 -9 
156 430  -1  3  0 -9 
157 157   1  0  0 -9 
157 220  -1  1  0 -9 
157 312  -1  1  0 -9 
157 341  -1  3  0 -9 
157 360   1  2  0 -9 
157 392  -1  3  0 -9 
157 401   1  2  0 -9 
157 422   1  4  0 -9 
157 431  -1  3  0 -9 
158 158   1  0  0 -9 
158 221  -1  1  0 -9 
158 313  -1  1  0 -9 
158 335  -1  3  0 -9 
158 344  -1  3  0 -9 
158 367   1  2  0 -9 
158 402   1  2  0 -9 
158 416   1  4  0 -9 
158 438  -1  3  0 -9 
158 470  -1  3  0 -9 
158 478   1  4  0 -9 
159 159   1  0  0 -9 
159 222  -1  1  0 -9 
159 314  -1  1  0 -9 
159 345  -1  3  0 -9 
159 368   1  2  0 -9 
159 403   1  2  0 -9 
159 439  -1  3  0 -9 
159 471  -1  3  0 -9 
159 479   1  4  0 -9 
160 160   1  0  0 -9 
160 223  -1  1  0 -9 
160 315  -1  1  0 -9 
160 346  -1  3  0 -9 
160 369   1  2  0 -9 
160 404   1  2  0 -9 
160 440  -1  3  0 -9 
160 472  -1  3  0 -9 
160 480   1  4  0 -9 
161  8  -1  1  0 -9 
161 14  -1  1  0 -9 
161 62  -1  3  0 -9 
161 77  -1  3  0 -9 
161 161   1  0  0 -9 
161 224  -1  1  0 -9 
161 279   1  2  0 -9 
161 294   1  2  0 -9 
161 316  -1  1  0 -9 
161 327  -1  3  0 -9 
161 336  -1  3  0 -9 
161 342  -1  3  0 -9 
161 347  -1  3  0 -9 
161 370   1  2  0 -9 
161 387   1  4  0 -9 
161 388  -1  3  0 -9 
161 405   1  2  0 -9 
161 417   1  4  0 -9 
161 441  -1  3  0 -9 
161 468   1  4  0 -9 
161 473  -1  3  0 -9 
161 481   1  4  0 -9 
162 15  -1  1  0 -9 
162 78  -1  3  0 -9 
162 162   1  0  0 -9 
162 225  -1  1  0 -9 
162 295   1  2  0 -9 
162 317  -1  1  0 -9 
162 337  -1  3  0 -9 
162 343  -1  3  0 -9 
162 348  -1  3  0 -9 
162 371   1  2  0 -9 
162 389  -1  3  0 -9 
162 406   1  2  0 -9 
162 418   1  4  0 -9 
162 442  -1  3  0 -9 
162 469   1  4  0 -9 
162 474  -1  3  0 -9 
162 482   1  4  0 -9 
163 14  -1  1  0 -9 
163 77  -1  3  0 -9 
163 163   1  0  0 -9 
163 226  -1  1  0 -9 
163 294   1  2  0 -9 
163 318  -1  1  0 -9 
163 342  -1  3  0 -9 
163 349  -1  3  0 -9 
163 372   1  2  0 -9 
163 407   1  2  0 -9 
163 443  -1  3  0 -9 
163 468   1  4  0 -9 
163 475  -1  3  0 -9 
163 483   1  4  0 -9 
164 164   1  0  0 -9 
164 227  -1  1  0 -9 
164 319  -1  1  0 -9 
164 350  -1  3  0 -9 
164 373   1  2  0 -9 
164 392  -1  3  0 -9 
164 408   1  2  0 -9 
164 444  -1  3  0 -9 
164 476  -1  3  0 -9 
164 484   1  4  0 -9 
165 165   1  0  0 -9 
165 228  -1  1  0 -9 
165 320  -1  1  0 -9 
165 351  -1  3  0 -9 
165 374   1  2  0 -9 
165 409   1  2  0 -9 
165 445  -1  3  0 -9 
165 477  -1  3  0 -9 
165 485   1  4  0 -9 
166 122  -1  0  0 -9 
166 126   1 -1  0 -9 
166 149   1 -1  0 -9 
166 166  -1 -2  0 -9 
166 181  -1  2  0 -9 
166 185   1  1  0 -9 
166 189  -1  0  0 -9 
166 212  -1  0  0 -9 
166 229   1  1  0 -9 
166 237  -1  0  0 -9 
166 256   1 -1  0 -9 
166 304  -1  0  0 -9 
166 352   1  1  0 -9 
167 137  -1  0  0 -9 
167 150   1 -1  0 -9 
167 167  -1 -2  0 -9 
167 200   1  1  0 -9 
167 213  -1  0  0 -9 
167 240  -1  0  0 -9 
167 257   1 -1  0 -9 
167 305  -1  0  0 -9 
167 330  -1  2  0 -9 
167 353   1  1  0 -9 
168 138  -1  0  0 -9 
168 151   1 -1  0 -9 
168 168  -1 -2  0 -9 
168 201   1  1  0 -9 
168 214  -1  0  0 -9 
168 238  -1  0  0 -9 
168 239  -1  0  0 -9 
168 241  -1  0  0 -9 
168 258   1 -1  0 -9 
168 306  -1  0  0 -9 
168 331  -1  2  0 -9 
168 354   1  1  0 -9 
169 139  -1  0  0 -9 
169 152   1 -1  0 -9 
169 169  -1 -2  0 -9 
169 202   1  1  0 -9 
169 215  -1  0  0 -9 
169 241  -1  0  0 -9 
169 259   1 -1  0 -9 
169 307  -1  0  0 -9 
169 332  -1  2  0 -9 
169 355   1  1  0 -9 
170  0  -1  0  0 -9 
170  6  -1  0  0 -9 
170 26   1 -1  0 -9 
170 116   1  1  0 -9 
170 122   1 -1  0 -9 
170 123  -1  0  0 -9 
170 127   1 -1  0 -9 
170 132  -1  0  0 -9 
170 133   1 -1  0 -9 
170 153   1 -1  0 -9 
170 170  -1 -2  0 -9 
170 181  -1  3  0 -9 
170 185   1  2  0 -9 
170 190  -1  0  0 -9 
170 196   1  2  0 -9 
170 216  -1  0  0 -9 
170 230   1  1  0 -9 
170 233  -1  0  0 -9 
170 238  -1  0  0 -9 
170 260   1 -1  0 -9 
170 277   1  1  0 -9 
170 308  -1  0  0 -9 
170 326  -1  3  0 -9 
170 356   1  1  0 -9 
171 124  -1  0  0 -9 
171 128   1 -1  0 -9 
171 137   1 -1  0 -9 
171 154   1 -1  0 -9 
171 171  -1 -2  0 -9 
171 191  -1  0  0 -9 
171 200   1  2  0 -9 
171 217  -1  0  0 -9 
171 231   1  1  0 -9 
171 242  -1  0  0 -9 
171 261   1 -1  0 -9 
171 309  -1  0  0 -9 
171 330  -1  3  0 -9 
171 357   1  1  0 -9 
172  1  -1  0  0 -9 
172  8  -1  0  0 -9 
172 28   1 -1  0 -9 
172 117   1  1  0 -9 
172 125  -1  0  0 -9 
172 129   1 -1  0 -9 
172 134  -1  0  0 -9 
172 138   1 -1  0 -9 
172 155   1 -1  0 -9 
172 172  -1 -2  0 -9 
172 192  -1  0  0 -9 
172 201   1  2  0 -9 
172 218  -1  0  0 -9 
172 232   1  1  0 -9 
172 243  -1  0  0 -9 
172 262   1 -1  0 -9 
172 279   1  1  0 -9 
172 310  -1  0  0 -9 
172 331  -1  3  0 -9 
172 358   1  1  0 -9 
173  9  -1  0  0 -9 
173 29   1 -1  0 -9 
173 133   1 -1  0 -9 
173 135  -1  0  0 -9 
173 136   1 -1  0 -9 
173 137   1 -1  0 -9 
173 156   1 -1  0 -9 
173 173  -1 -2  0 -9 
173 196   1  2  0 -9 
173 199   1  2  0 -9 
173 200   1  2  0 -9 
173 219  -1  0  0 -9 
173 238  -1  0  0 -9 
173 241  -1  0  0 -9 
173 244  -1  0  0 -9 
173 263   1 -1  0 -9 
173 280   1  1  0 -9 
173 311  -1  0  0 -9 
173 326  -1  3  0 -9 
173 329  -1  3  0 -9 
173 330  -1  3  0 -9 
173 359   1  1  0 -9 
174 139   1 -1  0 -9 
174 157   1 -1  0 -9 
174 174  -1 -2  0 -9 
174 202   1  2  0 -9 
174 220  -1  0  0 -9 
174 245  -1  0  0 -9 
174 264   1 -1  0 -9 
174 312  -1  0  0 -9 
174 332  -1  3  0 -9 
174 360   1  1  0 -9 
175 154   1 -1  0 -9 
175 159   1 -1  0 -9 
175 175  -1 -2  0 -9 
175 217  -1  0  0 -9 
175 222  -1  0  0 -9 
175 309  -1  0  0 -9 
175 314  -1  0  0 -9 
175 336   1  1  0 -9 
175 338  -1  2  0 -9 
175 345  -1  2  0 -9 
175 347   1  1  0 -9 
175 357   1  1  0 -9 
175 368   1  1  0 -9 
175 370  -1  0  0 -9 
175 390  -1  2  0 -9 
175 394  -1  0  0 -9 
175 398   1  1  0 -9 
175 403   1  1  0 -9 
175 410  -1  0  0 -9 
175 417  -1  2  0 -9 
175 419   1  3  0 -9 
175 424   1  1  0 -9 
175 428  -1  2 -1  0  0 -9 
175 439  -1  2 -1  0  0 -9 
175 441   1  1  0 -9 
175 456   1 -1  0 -9 
175 471  -1  2  0 -9 
175 479   1  3  0 -9 
175 481  -1  2  0 -9 
175 490   1  1  0 -9 
176  8  -1  0  0 -9 
176 62  -1  2 -1  0  0 -9 
176 149   1 -1  0 -9 
176 155   1 -1  0 -9 
176 160   1 -1  0 -9 
176 176  -1 -2  0 -9 
176 212  -1  0  0 -9 
176 218  -1  0  0 -9 
176 223  -1  0  0 -9 
176 279   1  1  0 -9 
176 304  -1  0  0 -9 
176 310  -1  0  0 -9 
176 315  -1  0  0 -9 
176 327  -1  2  0 -9 
176 333  -1  2  0 -9 
176 334   1  1  0 -9 
176 335   1  1  0 -9 
176 337   1  1  0 -9 
176 339  -1  2  0 -9 
176 344   1  1  0 -9 
176 346  -1  2  0 -9 
176 348   1  1  0 -9 
176 352   1  1  0 -9 
176 356  -1  0  0 -9 
176 358   1  1  0 -9 
176 367  -1  0  0 -9 
176 369   1  1  0 -9 
176 371  -1  0  0 -9 
176 387   1  3  0 -9 
176 391  -1  2  0 -9 
176 393   1  1  0 -9 
176 395  -1  0  0 -9 
176 399   1  1  0 -9 
176 404   1  1  0 -9 
176 411  -1  0  0 -9 
176 414   1  3  0 -9 
176 415  -1  2  0 -9 
176 416  -1  2  0 -9 
176 418  -1  2  0 -9 
176 420   1  3  0 -9 
176 423  -1  2 -1  0  0 -9 
176 425   1  1  0 -9 
176 427   1  1  0 -9 
176 429  -1  2 -1  0  0 -9 
176 438   1  1  0 -9 
176 440  -1  2 -1  0  0 -9 
176 442   1  1  0 -9 
176 457   1 -1  0 -9 
176 472  -1  2  0 -9 
176 478  -1  2  0 -9 
176 480   1  3  0 -9 
176 482  -1  2  0 -9 
176 491   1  1  0 -9 
177 164   1 -1  0 -9 
177 177  -1 -2  0 -9 
177 227  -1  0  0 -9 
177 319  -1  0  0 -9 
177 337   1  1  0 -9 
177 348   1  1  0 -9 
177 350  -1  2  0 -9 
177 371  -1  0  0 -9 
177 373   1  1  0 -9 
177 392  -1  2  0 -9 
177 396  -1  0  0 -9 
177 408   1  1  0 -9 
177 412  -1  0  0 -9 
177 418  -1  2  0 -9 
177 426   1  1  0 -9 
177 442   1  1  0 -9 
177 444  -1  2 -1  0  0 -9 
177 458   1 -1  0 -9 
177 476  -1  2  0 -9 
177 482  -1  2  0 -9 
177 484   1  3  0 -9 
177 492   1  1  0 -9 
178 159   1 -1  0 -9 
178 165   1 -1  0 -9 
178 178  -1 -2  0 -9 
178 222  -1  0  0 -9 
178 228  -1  0  0 -9 
178 314  -1  0  0 -9 
178 320  -1  0  0 -9 
178 345  -1  2  0 -9 
178 349   1  1  0 -9 
178 351  -1  2  0 -9 
178 368   1  1  0 -9 
178 372  -1  0  0 -9 
178 374   1  1  0 -9 
178 403   1  1  0 -9 
178 409   1  1  0 -9 
178 413  -1  0  0 -9 
178 439  -1  2 -1  0  0 -9 
178 443   1  1  0 -9 
178 445  -1  2 -1  0  0 -9 
178 459   1 -1  0 -9 
178 471  -1  2  0 -9 
178 477  -1  2  0 -9 
178 479   1  3  0 -9 
178 483  -1  2  0 -9 
178 485   1  3  0 -9 
178 493   1  1  0 -9 
179 179  -1  6  0 -9 
180 180  -1  6  0 -9 
181 181  -1  6  0 -9 
182 182  -1  6  0 -9 
183 183  -1  6  0 -9 
184 184  -1  6  0 -9 
185 122   1  3  0 -9 
185 181  -1  5  0 -9 
186 123   1  3  0 -9 
186 179  -1  5  0 -9 
186 182  -1  5  0 -9 
187 124   1  3  0 -9 
187 183  -1  5  0 -9 
188 125   1  3  0 -9 
188 180  -1  5  0 -9 
188 184  -1  5  0 -9 
189 181  -1  4  0 -9 
189 229   1  3  0 -9 
190 182  -1  4  0 -9 
190 230   1  3  0 -9 
191 183  -1  4  0 -9 
191 231   1  3  0 -9 
192 184  -1  4  0 -9 
192 232   1  3  0 -9 
193 182  -1  5  0 -9 
193 233   1  3  0 -9 
194 184  -1  5  0 -9 
194 234   1  3  0 -9 
195 132   1  3  0 -9 
195 179  -1  5  0 -9 
195 325  -1  5  0 -9 
195 385   1  6  0 -9 
196 133   1  3  0 -9 
196 326  -1  5  0 -9 
196 386   1  6  0 -9 
197 134   1  3  0 -9 
197 180  -1  5  0 -9 
197 327  -1  5  0 -9 
197 387   1  6  0 -9 
198 135   1  3  0 -9 
198 328  -1  5  0 -9 
198 388   1  6  0 -9 
199 136   1  3  0 -9 
199 329  -1  5  0 -9 
199 389   1  6  0 -9 
200 137   1  3  0 -9 
200 330  -1  5  0 -9 
200 390   1  6  0 -9 
201 138   1  3  0 -9 
201 331  -1  5  0 -9 
201 391   1  6  0 -9 
202 139   1  3  0 -9 
202 332  -1  5  0 -9 
202 392   1  6  0 -9 
203 237   1  3  0 -9 
203 333  -1  5  0 -9 
203 414   1  6  0 -9 
204 238   1  3  0 -9 
204 334  -1  5  0 -9 
204 415   1  6  0 -9 
205 239   1  3  0 -9 
205 335  -1  5  0 -9 
205 416   1  6  0 -9 
206 240   1  3  0 -9 
206 336  -1  5  0 -9 
206 417   1  6  0 -9 
207 241   1  3  0 -9 
207 337  -1  5  0 -9 
207 418   1  6  0 -9 
208 183  -1  5  0 -9 
208 242   1  3  0 -9 
208 338  -1  5  0 -9 
208 419   1  6  0 -9 
209 184  -1  5  0 -9 
209 243   1  3  0 -9 
209 339  -1  5  0 -9 
209 420   1  6  0 -9 
210 244   1  3  0 -9 
210 340  -1  5  0 -9 
210 421   1  6  0 -9 
211 245   1  3  0 -9 
211 341  -1  5  0 -9 
211 422   1  6  0 -9 
212 333  -1  4  0 -9 
212 352   1  3  0 -9 
212 414   1  5  0 -9 
212 423  -1  4  0 -9 
213 330  -1  4  0 -9 
213 336  -1  4  0 -9 
213 353   1  3  0 -9 
213 390   1  5  0 -9 
213 417   1  5  0 -9 
213 424  -1  4  0 -9 
214 331  -1  4  0 -9 
214 334  -1  4  0 -9 
214 335  -1  4  0 -9 
214 337  -1  4  0 -9 
214 354   1  3  0 -9 
214 391   1  5  0 -9 
214 415   1  5  0 -9 
214 416   1  5  0 -9 
214 418   1  5  0 -9 
214 425  -1  4  0 -9 
215 332  -1  4  0 -9 
215 337  -1  4  0 -9 
215 355   1  3  0 -9 
215 392   1  5  0 -9 
215 418   1  5  0 -9 
215 426  -1  4  0 -9 
216 334  -1  4  0 -9 
216 356   1  3  0 -9 
216 415   1  5  0 -9 
216 427  -1  4  0 -9 
217 338  -1  4  0 -9 
217 357   1  3  0 -9 
217 419   1  5  0 -9 
217 428  -1  4  0 -9 
218 339  -1  4  0 -9 
218 358   1  3  0 -9 
218 420   1  5  0 -9 
218 429  -1  4  0 -9 
219 334  -1  4  0 -9 
219 337  -1  4  0 -9 
219 340  -1  4  0 -9 
219 359   1  3  0 -9 
219 415   1  5  0 -9 
219 418   1  5  0 -9 
219 421   1  5  0 -9 
219 430  -1  4  0 -9 
220 341  -1  4  0 -9 
220 360   1  3  0 -9 
220 422   1  5  0 -9 
220 431  -1  4  0 -9 
221 335  -1  4  0 -9 
221 344  -1  4  0 -9 
221 367   1  3  0 -9 
221 416   1  5  0 -9 
221 438  -1  4  0 -9 
221 478   1  5  0 -9 
222 345  -1  4  0 -9 
222 368   1  3  0 -9 
222 439  -1  4  0 -9 
222 479   1  5  0 -9 
223 346  -1  4  0 -9 
223 369   1  3  0 -9 
223 440  -1  4  0 -9 
223 480   1  5  0 -9 
224 336  -1  4  0 -9 
224 347  -1  4  0 -9 
224 370   1  3  0 -9 
224 417   1  5  0 -9 
224 441  -1  4  0 -9 
224 481   1  5  0 -9 
225 337  -1  4  0 -9 
225 348  -1  4  0 -9 
225 371   1  3  0 -9 
225 418   1  5  0 -9 
225 442  -1  4  0 -9 
225 482   1  5  0 -9 
226 349  -1  4  0 -9 
226 372   1  3  0 -9 
226 443  -1  4  0 -9 
226 483   1  5  0 -9 
227 350  -1  4  0 -9 
227 373   1  3  0 -9 
227 444  -1  4  0 -9 
227 484   1  5  0 -9 
228 351  -1  4  0 -9 
228 374   1  3  0 -9 
228 445  -1  4  0 -9 
228 485   1  5  0 -9 
229 181  -1  5  0 -9 
229 189   1  3  0 -9 
230 182  -1  5  0 -9 
230 190   1  3  0 -9 
231 183  -1  5  0 -9 
231 191   1  3  0 -9 
232 184  -1  5  0 -9 
232 192   1  3  0 -9 
233 182  -1  4  0 -9 
233 193   1  3  0 -9 
234 184  -1  4  0 -9 
234 194   1  3  0 -9 
235 182  -1  3  0 -9 
235 190  -1  1  0 -9 
235 193   1  2  0 -9 
235 230   1  2  0 -9 
235 233  -1  1  0 -9 
235 235   1  0  0 -9 
236 184  -1  3  0 -9 
236 192  -1  1  0 -9 
236 194   1  2  0 -9 
236 232   1  2  0 -9 
236 234  -1  1  0 -9 
236 236   1  0  0 -9 
237 203   1  3  0 -9 
237 333  -1  4  0 -9 
238 204   1  3  0 -9 
238 334  -1  4  0 -9 
239 205   1  3  0 -9 
239 335  -1  4  0 -9 
240 206   1  3  0 -9 
240 336  -1  4  0 -9 
241 207   1  3  0 -9 
241 337  -1  4  0 -9 
242 183  -1  4  0 -9 
242 208   1  3  0 -9 
242 338  -1  4  0 -9 
243 184  -1  4  0 -9 
243 209   1  3  0 -9 
243 339  -1  4  0 -9 
244 210   1  3  0 -9 
244 340  -1  4  0 -9 
245 211   1  3  0 -9 
245 341  -1  4  0 -9 
246 216  -1  1  0 -9 
246 246   1  0  0 -9 
246 334  -1  3  0 -9 
246 356   1  2  0 -9 
246 361  -1  1  0 -9 
246 415   1  4  0 -9 
246 427  -1  3  0 -9 
246 432   1  2  0 -9 
247 183  -1  3  0 -9 
247 191  -1  1  0 -9 
247 206  -1  1  0 -9 
247 208   1  2  0 -9 
247 217  -1  1  0 -9 
247 231   1  2  0 -9 
247 240   1  2  0 -9 
247 242  -1  1  0 -9 
247 247   1  0  0 -9 
247 336  -1  4  1  2  0 -9 
247 338  -1  3  0 -9 
247 357   1  2  0 -9 
247 362  -1  1  0 -9 
247 417   1  5  0 -9 
247 428  -1  3  0 -9 
247 433   1  2  0 -9 
248 184  -1  3  0 -9 
248 192  -1  1  0 -9 
248 204  -1  1  0 -9 
248 207  -1  1  0 -9 
248 209   1  2  0 -9 
248 218  -1  1  0 -9 
248 232   1  2  0 -9 
248 238   1  2  0 -9 
248 241   1  2  0 -9 
248 243  -1  1  0 -9 
248 248   1  0  0 -9 
248 334  -1  4  1  2  0 -9 
248 337  -1  4  1  2  0 -9 
248 339  -1  3  0 -9 
248 358   1  2  0 -9 
248 363  -1  1  0 -9 
248 415   1  5  0 -9 
248 418   1  5  0 -9 
248 429  -1  3  0 -9 
248 434   1  2  0 -9 
249 210   1  2  0 -9 
249 219  -1  1  0 -9 
249 244  -1  1  0 -9 
249 249   1  0  0 -9 
249 334  -1  3  0 -9 
249 337  -1  3  0 -9 
249 340  -1  3  0 -9 
249 359   1  2  0 -9 
249 364  -1  1  0 -9 
249 415   1  4  0 -9 
249 418   1  4  0 -9 
249 430  -1  3  0 -9 
249 435   1  2  0 -9 
250 207  -1  1  0 -9 
250 211   1  2  0 -9 
250 220  -1  1  0 -9 
250 241   1  2  0 -9 
250 245  -1  1  0 -9 
250 250   1  0  0 -9 
250 337  -1  4  1  2  0 -9 
250 341  -1  3  0 -9 
250 360   1  2  0 -9 
250 365  -1  1  0 -9 
250 418   1  5  0 -9 
250 431  -1  3  0 -9 
250 436   1  2  0 -9 
251 218  -1  1  0 -9 
251 251   1  0  0 -9 
251 339  -1  3  0 -9 
251 358   1  2  0 -9 
251 366  -1  1  0 -9 
251 420   1  4  0 -9 
251 421  -1  3  0 -9 
251 429  -1  3  0 -9 
251 437   1  2  0 -9 
252 224  -1  1  0 -9 
252 252   1  0  0 -9 
252 336  -1  3  0 -9 
252 347  -1  3  0 -9 
252 370   1  2  0 -9 
252 375  -1  1  0 -9 
252 417   1  4  0 -9 
252 441  -1  3  0 -9 
252 446   1  2  0 -9 
252 481   1  4  0 -9 
252 486  -1  3  0 -9 
253 225  -1  1  0 -9 
253 253   1  0  0 -9 
253 337  -1  3  0 -9 
253 348  -1  3  0 -9 
253 371   1  2  0 -9 
253 376  -1  1  0 -9 
253 418   1  4  0 -9 
253 442  -1  3  0 -9 
253 447   1  2  0 -9 
253 482   1  4  0 -9 
253 487  -1  3  0 -9 
254 226  -1  1  0 -9 
254 254   1  0  0 -9 
254 349  -1  3  0 -9 
254 372   1  2  0 -9 
254 377  -1  1  0 -9 
254 443  -1  3  0 -9 
254 448   1  2  0 -9 
254 483   1  4  0 -9 
254 488  -1  3  0 -9 
255 225  -1  1  0 -9 
255 228  -1  1  0 -9 
255 255   1  0  0 -9 
255 337  -1  3  0 -9 
255 348  -1  3  0 -9 
255 351  -1  3  0 -9 
255 371   1  2  0 -9 
255 374   1  2  0 -9 
255 378  -1  1  0 -9 
255 418   1  4  0 -9 
255 422  -1  3  0 -9 
255 442  -1  3  0 -9 
255 445  -1  3  0 -9 
255 449   1  2  0 -9 
255 482   1  4  0 -9 
255 485   1  4  0 -9 
255 489  -1  3  0 -9 
256 122  -1  1  0 -9 
256 181  -1  3  0 -9 
256 185   1  2  0 -9 
256 189  -1  1  0 -9 
256 203   1  2  0 -9 
256 212  -1  1  0 -9 
256 229   1  2  0 -9 
256 237  -1  1  0 -9 
256 256   1  0  0 -9 
256 333  -1  3  0 -9 
256 352   1  2  0 -9 
257 137  -1  1  0 -9 
257 200   1  2  0 -9 
257 206   1  2  0 -9 
257 213  -1  1  0 -9 
257 240  -1  1  0 -9 
257 257   1  0  0 -9 
257 330  -1  3  0 -9 
257 336  -1  3  0 -9 
257 353   1  2  0 -9 
258 138  -1  1  0 -9 
258 201   1  2  0 -9 
258 204   1  2  0 -9 
258 205   1  2  0 -9 
258 207   1  2  0 -9 
258 214  -1  1  0 -9 
258 238  -1  1  0 -9 
258 239  -1  1  0 -9 
258 241  -1  1  0 -9 
258 258   1  0  0 -9 
258 331  -1  3  0 -9 
258 334  -1  3  0 -9 
258 335  -1  3  0 -9 
258 337  -1  3  0 -9 
258 354   1  2  0 -9 
259 139  -1  1  0 -9 
259 202   1  2  0 -9 
259 207   1  2  0 -9 
259 215  -1  1  0 -9 
259 241  -1  1  0 -9 
259 259   1  0  0 -9 
259 332  -1  3  0 -9 
259 337  -1  3  0 -9 
259 355   1  2  0 -9 
260 182  -1  3  0 -9 
260 190  -1  1  0 -9 
260 193   1  2  0 -9 
260 204   1  2  0 -9 
260 216  -1  1  0 -9 
260 230   1  2  0 -9 
260 233  -1  1  0 -9 
260 238  -1  1  0 -9 
260 260   1  0  0 -9 
260 334  -1  3  0 -9 
260 356   1  2  0 -9 
261 183  -1  3  0 -9 
261 191  -1  1  0 -9 
261 208   1  2  0 -9 
261 217  -1  1  0 -9 
261 231   1  2  0 -9 
261 242  -1  1  0 -9 
261 261   1  0  0 -9 
261 338  -1  3  0 -9 
261 357   1  2  0 -9 
262 184  -1  3  0 -9 
262 192  -1  1  0 -9 
262 209   1  2  0 -9 
262 218  -1  1  0 -9 
262 232   1  2  0 -9 
262 243  -1  1  0 -9 
262 262   1  0  0 -9 
262 339  -1  3  0 -9 
262 358   1  2  0 -9 
263 204   1  2  0 -9 
263 207   1  2  0 -9 
263 210   1  2  0 -9 
263 219  -1  1  0 -9 
263 238  -1  1  0 -9 
263 241  -1  1  0 -9 
263 244  -1  1  0 -9 
263 263   1  0  0 -9 
263 334  -1  3  0 -9 
263 337  -1  3  0 -9 
263 340  -1  3  0 -9 
263 359   1  2  0 -9 
264 211   1  2  0 -9 
264 220  -1  1  0 -9 
264 245  -1  1  0 -9 
264 264   1  0  0 -9 
264 341  -1  3  0 -9 
264 360   1  2  0 -9 
265 182  -1  2  0 -9 
265 190  -1  0  0 -9 
265 193   1  1  0 -9 
265 216  -1  0  0 -9 
265 230   1  1  0 -9 
265 233  -1  0  0 -9 
265 235   1 -1  0 -9 
265 238  -1  0  0 -9 
265 246   1 -1  0 -9 
265 260   1 -1  0 -9 
265 265  -1 -2  0 -9 
265 356   1  1  0 -9 
265 361  -1  0  0 -9 
266 183  -1  2  0 -9 
266 191  -1  0  0 -9 
266 206  -1  0  0 -9 
266 208   1  1  0 -9 
266 217  -1  0  0 -9 
266 231   1  1  0 -9 
266 242  -1  0  0 -9 
266 247   1 -1  0 -9 
266 261   1 -1  0 -9 
266 266  -1 -2  0 -9 
266 336   1  1  0 -9 
266 338  -1  2  0 -9 
266 357   1  1  0 -9 
266 362  -1  0  0 -9 
267 184  -1  2  0 -9 
267 192  -1  0  0 -9 
267 204  -1  0  0 -9 
267 207  -1  0  0 -9 
267 209   1  1  0 -9 
267 218  -1  0  0 -9 
267 232   1  1  0 -9 
267 243  -1  0  0 -9 
267 248   1 -1  0 -9 
267 262   1 -1  0 -9 
267 267  -1 -2  0 -9 
267 334   1  1  0 -9 
267 337   1  1  0 -9 
267 339  -1  2  0 -9 
267 358   1  1  0 -9 
267 363  -1  0  0 -9 
268 210   1  1  0 -9 
268 219  -1  0  0 -9 
268 238  -1  0  0 -9 
268 241  -1  0  0 -9 
268 244  -1  0  0 -9 
268 249   1 -1  0 -9 
268 263   1 -1  0 -9 
268 268  -1 -2  0 -9 
268 340  -1  2  0 -9 
268 359   1  1  0 -9 
268 364  -1  0  0 -9 
269 207  -1  0  0 -9 
269 211   1  1  0 -9 
269 220  -1  0  0 -9 
269 245  -1  0  0 -9 
269 250   1 -1  0 -9 
269 264   1 -1  0 -9 
269 269  -1 -2  0 -9 
269 337   1  1  0 -9 
269 341  -1  2  0 -9 
269 360   1  1  0 -9 
269 365  -1  0  0 -9 
270 192  -1  0  0 -9 
270 210   1  2  0 -9 
270 218  -1  0  0 -9 
270 232   1  1  0 -9 
270 234  -1  0  0 -9 
270 236   1 -1  0 -9 
270 243  -1  0  0 -9 
270 244   1 -1  0 -9 
270 251   1 -1  0 -9 
270 262   1 -1  0 -9 
270 270  -1 -2  0 -9 
270 340  -1  3  0 -9 
270 358   1  1  0 -9 
270 366  -1  0  0 -9 
271 217   1 -1  0 -9 
271 224  -1  0  0 -9 
271 252   1 -1  0 -9 
271 271  -1 -2  0 -9 
271 338  -1  3  0 -9 
271 357   1  2  0 -9 
271 375  -1  0  0 -9 
271 419   1  4  0 -9 
271 428  -1  3  0 -9 
271 433  -1  0  0 -9 
271 446   1  1  0 -9 
271 450  -1  0  0 -9 
271 460   1 -1  0 -9 
271 486  -1  2  0 -9 
271 494   1  1  0 -9 
272 216  -1  0  0 -9 
272 218   1 -1  0 -9 
272 225  -1  0  0 -9 
272 246   1 -1  0 -9 
272 253   1 -1  0 -9 
272 272  -1 -2  0 -9 
272 339  -1  3  0 -9 
272 358   1  2  0 -9 
272 361  -1  0  0 -9 
272 376  -1  0  0 -9 
272 420   1  4  0 -9 
272 429  -1  3  0 -9 
272 432   1  1  0 -9 
272 434  -1  0  0 -9 
272 447   1  1  0 -9 
272 451  -1  0  0 -9 
272 461   1 -1  0 -9 
272 487  -1  2  0 -9 
272 495   1  1  0 -9 
273 159   1 -1  0 -9 
273 222  -1  0  0 -9 
273 225  -1  0  0 -9 
273 227   1 -1  0 -9 
273 253   1 -1  0 -9 
273 273  -1 -2  0 -9 
273 314  -1  0  0 -9 
273 350  -1  3  0 -9 
273 373   1  2  0 -9 
273 376  -1  0  0 -9 
273 403   1  1  0 -9 
273 444  -1  3  0 -9 
273 447   1  1  0 -9 
273 452  -1  0  0 -9 
273 462   1 -1  0 -9 
273 471  -1  2  0 -9 
273 484   1  4  0 -9 
273 487  -1  2  0 -9 
273 496   1  1  0 -9 
274 226  -1  0  0 -9 
274 228   1 -1  0 -9 
274 254   1 -1  0 -9 
274 274  -1 -2  0 -9 
274 351  -1  3  0 -9 
274 374   1  2  0 -9 
274 377  -1  0  0 -9 
274 445  -1  3  0 -9 
274 448   1  1  0 -9 
274 453  -1  0  0 -9 
274 463   1 -1  0 -9 
274 485   1  4  0 -9 
274 488  -1  2  0 -9 
274 497   1  1  0 -9 
275 218  -1  0  0 -9 
275 226  -1  0  0 -9 
275 251   1 -1  0 -9 
275 254   1 -1  0 -9 
275 275  -1 -2  0 -9 
275 334   1  1  0 -9 
275 337   1  1  0 -9 
275 339  -1  2  0 -9 
275 348   1  1  0 -9 
275 349  -1  2  0 -9 
275 356  -1  0  0 -9 
275 358   1  1  0 -9 
275 366  -1  0  0 -9 
275 371  -1  0  0 -9 
275 372   1  1  0 -9 
275 377  -1  0  0 -9 
275 415  -1  2  0 -9 
275 418  -1  2  0 -9 
275 420   1  3  0 -9 
275 421  -1  2  0 -9 
275 427   1  1  0 -9 
275 429  -1  2 -1  0  0 -9 
275 430   1  1  0 -9 
275 435  -1  0  0 -9 
275 437   1  1  0 -9 
275 442   1  1  0 -9 
275 443  -1  2 -1  0  0 -9 
275 448   1  1  0 -9 
275 454  -1  0  0 -9 
275 464   1 -1  0 -9 
275 482  -1  2  0 -9 
275 483   1  3  0 -9 
275 488  -1  2  0 -9 
275 498   1  1  0 -9 
276 225  -1  0  0 -9 
276 228  -1  0  0 -9 
276 255   1 -1  0 -9 
276 276  -1 -2  0 -9 
276 351  -1  2  0 -9 
276 374   1  1  0 -9 
276 378  -1  0  0 -9 
276 422  -1  2  0 -9 
276 431   1  1  0 -9 
276 436  -1  0  0 -9 
276 445  -1  2 -1  0  0 -9 
276 449   1  1  0 -9 
276 455  -1  0  0 -9 
276 465   1 -1  0 -9 
276 485   1  3  0 -9 
276 489  -1  2  0 -9 
276 499   1  1  0 -9 
277  6   1  3  0 -9 
277 60  -1  5  0 -9 
277 325  -1  5  0 -9 
277 385   1  6  0 -9 
278  7   1  3  0 -9 
278 61  -1  5  0 -9 
278 326  -1  5  0 -9 
278 386   1  6  0 -9 
279  8   1  3  0 -9 
279 62  -1  5  0 -9 
279 327  -1  5  0 -9 
279 387   1  6  0 -9 
280  9   1  3  0 -9 
280 63  -1  5  0 -9 
280 328  -1  5  0 -9 
280 388   1  6  0 -9 
281 10   1  3  0 -9 
281 64  -1  5  0 -9 
281 329  -1  5  0 -9 
281 389   1  6  0 -9 
282 11   1  3  0 -9 
282 65  -1  5  0 -9 
282 330  -1  5  0 -9 
282 390   1  6  0 -9 
283 12   1  3  0 -9 
283 66  -1  5  0 -9 
283 331  -1  5  0 -9 
283 391   1  6  0 -9 
284 13   1  3  0 -9 
284 67  -1  5  0 -9 
284 332  -1  5  0 -9 
284 392   1  6  0 -9 
285 60  -1  4  0 -9 
285 68   1  3  0 -9 
285 333  -1  5  0 -9 
285 414   1  6  0 -9 
286 61  -1  4  0 -9 
286 69   1  3  0 -9 
286 334  -1  5  0 -9 
286 415   1  6  0 -9 
287 62  -1  4  0 -9 
287 70   1  3  0 -9 
287 335  -1  5  0 -9 
287 416   1  6  0 -9 
288 63  -1  4  0 -9 
288 71   1  3  0 -9 
288 336  -1  5  0 -9 
288 417   1  6  0 -9 
289 64  -1  4  0 -9 
289 72   1  3  0 -9 
289 337  -1  5  0 -9 
289 418   1  6  0 -9 
290 62  -1  4  0 -9 
290 65  -1  4  0 -9 
290 73   1  3  0 -9 
290 338  -1  5  0 -9 
290 419   1  6  0 -9 
291 66  -1  4  0 -9 
291 74   1  3  0 -9 
291 339  -1  5  0 -9 
291 420   1  6  0 -9 
292 65  -1  4  0 -9 
292 75   1  3  0 -9 
292 340  -1  5  0 -9 
292 421   1  6  0 -9 
293 67  -1  4  0 -9 
293 76   1  3  0 -9 
293 341  -1  5  0 -9 
293 422   1  6  0 -9 
294 14   1  3  0 -9 
294 77  -1  5  0 -9 
294 342  -1  5  0 -9 
294 468   1  6  0 -9 
295 15   1  3  0 -9 
295 78  -1  5  0 -9 
295 343  -1  5  0 -9 
295 469   1  6  0 -9 
296 79   1  3  0 -9 
296 108  -1  4  0 -9 
296 344  -1  5  0 -9 
296 478   1  6  0 -9 
297 77  -1  4  0 -9 
297 80   1  3  0 -9 
297 109  -1  4  0 -9 
297 345  -1  5  0 -9 
297 479   1  6  0 -9 
298 78  -1  4  0 -9 
298 81   1  3  0 -9 
298 110  -1  4  0 -9 
298 346  -1  5  0 -9 
298 480   1  6  0 -9 
299 82   1  3  0 -9 
299 111  -1  4  0 -9 
299 347  -1  5  0 -9 
299 481   1  6  0 -9 
300 83   1  3  0 -9 
300 112  -1  4  0 -9 
300 348  -1  5  0 -9 
300 482   1  6  0 -9 
301 84   1  3  0 -9 
301 113  -1  4  0 -9 
301 349  -1  5  0 -9 
301 483   1  6  0 -9 
302 67  -1  4  0 -9 
302 78  -1  4  0 -9 
302 85   1  3  0 -9 
302 114  -1  4  0 -9 
302 350  -1  5  0 -9 
302 484   1  6  0 -9 
303 86   1  3  0 -9 
303 115  -1  4  0 -9 
303 351  -1  5  0 -9 
303 485   1  6  0 -9 
304 333  -1  4  0 -9 
304 393   1  3  0 -9 
304 414   1  5  0 -9 
304 423  -1  4  0 -9 
305 336  -1  4  0 -9 
305 394   1  3  0 -9 
305 417   1  5  0 -9 
305 424  -1  4  0 -9 
306 334  -1  4  0 -9 
306 335  -1  4  0 -9 
306 337  -1  4  0 -9 
306 395   1  3  0 -9 
306 415   1  5  0 -9 
306 416   1  5  0 -9 
306 418   1  5  0 -9 
306 425  -1  4  0 -9 
307 337  -1  4  0 -9 
307 396   1  3  0 -9 
307 418   1  5  0 -9 
307 426  -1  4  0 -9 
308 60  -1  4  0 -9 
308 325  -1  4  0 -9 
308 334  -1  4  0 -9 
308 385   1  5  0 -9 
308 386  -1  4  0 -9 
308 397   1  3  0 -9 
308 415   1  5  0 -9 
308 427  -1  4  0 -9 
309 338  -1  4  0 -9 
309 390  -1  4  0 -9 
309 398   1  3  0 -9 
309 419   1  5  0 -9 
309 428  -1  4  0 -9 
310 62  -1  4  0 -9 
310 327  -1  4  0 -9 
310 339  -1  4  0 -9 
310 387   1  5  0 -9 
310 391  -1  4  0 -9 
310 399   1  3  0 -9 
310 420   1  5  0 -9 
310 429  -1  4  0 -9 
311 63  -1  4  0 -9 
311 328  -1  4  0 -9 
311 334  -1  4  0 -9 
311 337  -1  4  0 -9 
311 340  -1  4  0 -9 
311 386  -1  4  0 -9 
311 388   1  5  0 -9 
311 389  -1  4  0 -9 
311 390  -1  4  0 -9 
311 400   1  3  0 -9 
311 415   1  5  0 -9 
311 418   1  5  0 -9 
311 421   1  5  0 -9 
311 430  -1  4  0 -9 
312 341  -1  4  0 -9 
312 392  -1  4  0 -9 
312 401   1  3  0 -9 
312 422   1  5  0 -9 
312 431  -1  4  0 -9 
313 335  -1  4  0 -9 
313 344  -1  4  0 -9 
313 402   1  3  0 -9 
313 416   1  5  0 -9 
313 438  -1  4  0 -9 
313 470  -1  4  0 -9 
313 478   1  5  0 -9 
314 345  -1  4  0 -9 
314 403   1  3  0 -9 
314 439  -1  4  0 -9 
314 471  -1  4  0 -9 
314 479   1  5  0 -9 
315 346  -1  4  0 -9 
315 404   1  3  0 -9 
315 440  -1  4  0 -9 
315 472  -1  4  0 -9 
315 480   1  5  0 -9 
316 62  -1  4  0 -9 
316 77  -1  4  0 -9 
316 327  -1  4  0 -9 
316 336  -1  4  0 -9 
316 342  -1  4  0 -9 
316 347  -1  4  0 -9 
316 387   1  5  0 -9 
316 388  -1  4  0 -9 
316 405   1  3  0 -9 
316 417   1  5  0 -9 
316 441  -1  4  0 -9 
316 468   1  5  0 -9 
316 473  -1  4  0 -9 
316 481   1  5  0 -9 
317 78  -1  4  0 -9 
317 337  -1  4  0 -9 
317 343  -1  4  0 -9 
317 348  -1  4  0 -9 
317 389  -1  4  0 -9 
317 406   1  3  0 -9 
317 418   1  5  0 -9 
317 442  -1  4  0 -9 
317 469   1  5  0 -9 
317 474  -1  4  0 -9 
317 482   1  5  0 -9 
318 77  -1  4  0 -9 
318 342  -1  4  0 -9 
318 349  -1  4  0 -9 
318 407   1  3  0 -9 
318 443  -1  4  0 -9 
318 468   1  5  0 -9 
318 475  -1  4  0 -9 
318 483   1  5  0 -9 
319 350  -1  4  0 -9 
319 392  -1  4  0 -9 
319 408   1  3  0 -9 
319 444  -1  4  0 -9 
319 476  -1  4  0 -9 
319 484   1  5  0 -9 
320 351  -1  4  0 -9 
320 409   1  3  0 -9 
320 445  -1  4  0 -9 
320 477  -1  4  0 -9 
320 485   1  5  0 -9 
321 347  -1  4  0 -9 
321 410   1  3  0 -9 
321 481   1  5  0 -9 
321 490  -1  4  0 -9 
322 344  -1  4  0 -9 
322 348  -1  4  0 -9 
322 411   1  3  0 -9 
322 478   1  5  0 -9 
322 482   1  5  0 -9 
322 491  -1  4  0 -9 
323 348  -1  4  0 -9 
323 412   1  3  0 -9 
323 482   1  5  0 -9 
323 492  -1  4  0 -9 
324 349  -1  4  0 -9 
324 413   1  3  0 -9 
324 483   1  5  0 -9 
324 493  -1  4  0 -9 
325 325  -1  6  0 -9 
325 385   1  7  0 -9 
326 326  -1  6  0 -9 
326 386   1  7  0 -9 
327 327  -1  6  0 -9 
327 387   1  7  0 -9 
328 328  -1  6  0 -9 
328 388   1  7  0 -9 
329 329  -1  6  0 -9 
329 389   1  7  0 -9 
330 330  -1  6  0 -9 
330 390   1  7  0 -9 
331 331  -1  6  0 -9 
331 391   1  7  0 -9 
332 332  -1  6  0 -9 
332 392   1  7  0 -9 
333 333  -1  6  0 -9 
333 414   1  7  0 -9 
334 334  -1  6  0 -9 
334 415   1  7  0 -9 
335 335  -1  6  0 -9 
335 416   1  7  0 -9 
336 336  -1  6  0 -9 
336 417   1  7  0 -9 
337 337  -1  6  0 -9 
337 418   1  7  0 -9 
338 338  -1  6  0 -9 
338 419   1  7  0 -9 
339 339  -1  6  0 -9 
339 420   1  7  0 -9 
340 340  -1  6  0 -9 
340 421   1  7  0 -9 
341 341  -1  6  0 -9 
341 422   1  7  0 -9 
342 342  -1  6  0 -9 
342 468   1  7  0 -9 
343 343  -1  6  0 -9 
343 469   1  7  0 -9 
344 344  -1  6  0 -9 
344 478   1  7  0 -9 
345 345  -1  6  0 -9 
345 479   1  7  0 -9 
346 346  -1  6  0 -9 
346 480   1  7  0 -9 
347 347  -1  6  0 -9 
347 481   1  7  0 -9 
348 348  -1  6  0 -9 
348 482   1  7  0 -9 
349 349  -1  6  0 -9 
349 483   1  7  0 -9 
350 350  -1  6  0 -9 
350 484   1  7  0 -9 
351 351  -1  6  0 -9 
351 485   1  7  0 -9 
352 212   1  3  0 -9 
352 333  -1  5  0 -9 
352 414   1  6  0 -9 
352 423  -1  5  0 -9 
353 213   1  3  0 -9 
353 330  -1  5  0 -9 
353 336  -1  5  0 -9 
353 390   1  6  0 -9 
353 417   1  6  0 -9 
353 424  -1  5  0 -9 
354 214   1  3  0 -9 
354 331  -1  5  0 -9 
354 334  -1  5  0 -9 
354 335  -1  5  0 -9 
354 337  -1  5  0 -9 
354 391   1  6  0 -9 
354 415   1  6  0 -9 
354 416   1  6  0 -9 
354 418   1  6  0 -9 
354 425  -1  5  0 -9 
355 215   1  3  0 -9 
355 332  -1  5  0 -9 
355 337  -1  5  0 -9 
355 392   1  6  0 -9 
355 418   1  6  0 -9 
355 426  -1  5  0 -9 
356 216   1  3  0 -9 
356 334  -1  5  0 -9 
356 415   1  6  0 -9 
356 427  -1  5  0 -9 
357 217   1  3  0 -9 
357 338  -1  5  0 -9 
357 419   1  6  0 -9 
357 428  -1  5  0 -9 
358 218   1  3  0 -9 
358 339  -1  5  0 -9 
358 420   1  6  0 -9 
358 429  -1  5  0 -9 
359 219   1  3  0 -9 
359 334  -1  5  0 -9 
359 337  -1  5  0 -9 
359 340  -1  5  0 -9 
359 415   1  6  0 -9 
359 418   1  6  0 -9 
359 421   1  6  0 -9 
359 430  -1  5  0 -9 
360 220   1  3  0 -9 
360 341  -1  5  0 -9 
360 422   1  6  0 -9 
360 431  -1  5  0 -9 
361 334  -1  4  0 -9 
361 415   1  5  0 -9 
361 427  -1  4  0 -9 
361 432   1  3  0 -9 
362 336  -1  5  0 -9 
362 417   1  6  0 -9 
362 428  -1  4  0 -9 
362 433   1  3  0 -9 
363 334  -1  5  0 -9 
363 337  -1  5  0 -9 
363 415   1  6  0 -9 
363 418   1  6  0 -9 
363 429  -1  4  0 -9 
363 434   1  3  0 -9 
364 334  -1  4  0 -9 
364 337  -1  4  0 -9 
364 415   1  5  0 -9 
364 418   1  5  0 -9 
364 430  -1  4  0 -9 
364 435   1  3  0 -9 
365 337  -1  5  0 -9 
365 418   1  6  0 -9 
365 431  -1  4  0 -9 
365 436   1  3  0 -9 
366 339  -1  4  0 -9 
366 420   1  5  0 -9 
366 421  -1  4  0 -9 
366 429  -1  4  0 -9 
366 437   1  3  0 -9 
367 221   1  3  0 -9 
367 335  -1  5  0 -9 
367 344  -1  5  0 -9 
367 416   1  6  0 -9 
367 438  -1  5  0 -9 
367 478   1  6  0 -9 
368 222   1  3  0 -9 
368 345  -1  5  0 -9 
368 439  -1  5  0 -9 
368 479   1  6  0 -9 
369 223   1  3  0 -9 
369 346  -1  5  0 -9 
369 440  -1  5  0 -9 
369 480   1  6  0 -9 
370 224   1  3  0 -9 
370 336  -1  5  0 -9 
370 347  -1  5  0 -9 
370 417   1  6  0 -9 
370 441  -1  5  0 -9 
370 481   1  6  0 -9 
371 225   1  3  0 -9 
371 337  -1  5  0 -9 
371 348  -1  5  0 -9 
371 418   1  6  0 -9 
371 442  -1  5  0 -9 
371 482   1  6  0 -9 
372 226   1  3  0 -9 
372 349  -1  5  0 -9 
372 443  -1  5  0 -9 
372 483   1  6  0 -9 
373 227   1  3  0 -9 
373 350  -1  5  0 -9 
373 444  -1  5  0 -9 
373 484   1  6  0 -9 
374 228   1  3  0 -9 
374 351  -1  5  0 -9 
374 445  -1  5  0 -9 
374 485   1  6  0 -9 
375 336  -1  4  0 -9 
375 347  -1  4  0 -9 
375 417   1  5  0 -9 
375 441  -1  4  0 -9 
375 446   1  3  0 -9 
375 481   1  5  0 -9 
375 486  -1  4  0 -9 
376 337  -1  4  0 -9 
376 348  -1  4  0 -9 
376 418   1  5  0 -9 
376 442  -1  4  0 -9 
376 447   1  3  0 -9 
376 482   1  5  0 -9 
376 487  -1  4  0 -9 
377 349  -1  4  0 -9 
377 443  -1  4  0 -9 
377 448   1  3  0 -9 
377 483   1  5  0 -9 
377 488  -1  4  0 -9 
378 337  -1  4  0 -9 
378 348  -1  4  0 -9 
378 351  -1  4  0 -9 
378 418   1  5  0 -9 
378 422  -1  4  0 -9 
378 442  -1  4  0 -9 
378 445  -1  4  0 -9 
378 449   1  3  0 -9 
378 482   1  5  0 -9 
378 485   1  5  0 -9 
378 489  -1  4  0 -9 
379 347  -1  5  0 -9 
379 450   1  3  0 -9 
379 481   1  6  0 -9 
379 494  -1  4  0 -9 
380 348  -1  5  0 -9 
380 451   1  3  0 -9 
380 482   1  6  0 -9 
380 495  -1  4  0 -9 
381 337  -1  5  0 -9 
381 345  -1  5  0 -9 
381 348  -1  5  0 -9 
381 418   1  6  0 -9 
381 444  -1  4  0 -9 
381 452   1  3  0 -9 
381 479   1  6  0 -9 
381 482   1  6  0 -9 
381 496  -1  4  0 -9 
382 349  -1  5  0 -9 
382 445  -1  4  0 -9 
382 453   1  3  0 -9 
382 483   1  6  0 -9 
382 497  -1  4  0 -9 
383 348  -1  4  0 -9 
383 454   1  3  0 -9 
383 482   1  5  0 -9 
383 498  -1  4  0 -9 
384 348  -1  5  0 -9 
384 455   1  3  0 -9 
384 482   1  6  0 -9 
384 499  -1  4  0 -9 
385 385   1  8  0 -9 
386 386   1  8  0 -9 
387 387   1  8  0 -9 
388 388   1  8  0 -9 
389 389   1  8  0 -9 
390 390   1  8  0 -9 
391 391   1  8  0 -9 
392 392   1  8  0 -9 
393 304   1  3  0 -9 
393 333  -1  5  0 -9 
393 414   1  6  0 -9 
393 423  -1  5  0 -9 
394 305   1  3  0 -9 
394 336  -1  5  0 -9 
394 390   1  6  0 -9 
394 417   1  6  0 -9 
394 424  -1  5  0 -9 
395 306   1  3  0 -9 
395 334  -1  5  0 -9 
395 335  -1  5  0 -9 
395 337  -1  5  0 -9 
395 391   1  6  0 -9 
395 415   1  6  0 -9 
395 416   1  6  0 -9 
395 418   1  6  0 -9 
395 425  -1  5  0 -9 
396 307   1  3  0 -9 
396 337  -1  5  0 -9 
396 392   1  6  0 -9 
396 418   1  6  0 -9 
396 426  -1  5  0 -9 
397 60  -1  5  0 -9 
397 308   1  3  0 -9 
397 325  -1  5  0 -9 
397 334  -1  5  0 -9 
397 385   1  6  0 -9 
397 386   1  7  0 -9 
397 415   1  6  0 -9 
397 427  -1  5  0 -9 
398 309   1  3  0 -9 
398 338  -1  5  0 -9 
398 390   1  7  0 -9 
398 419   1  6  0 -9 
398 428  -1  5  0 -9 
399 62  -1  5  0 -9 
399 310   1  3  0 -9 
399 327  -1  5  0 -9 
399 339  -1  5  0 -9 
399 387   1  6  0 -9 
399 391   1  7  0 -9 
399 420   1  6  0 -9 
399 429  -1  5  0 -9 
400 63  -1  5  0 -9 
400 311   1  3  0 -9 
400 328  -1  5  0 -9 
400 334  -1  5  0 -9 
400 337  -1  5  0 -9 
400 340  -1  5  0 -9 
400 386   1  7  0 -9 
400 388   1  6  0 -9 
400 389   1  7  0 -9 
400 390   1  7  0 -9 
400 415   1  6  0 -9 
400 418   1  6  0 -9 
400 421   1  6  0 -9 
400 430  -1  5  0 -9 
401 312   1  3  0 -9 
401 341  -1  5  0 -9 
401 392   1  7  0 -9 
401 422   1  6  0 -9 
401 431  -1  5  0 -9 
402 313   1  3  0 -9 
402 335  -1  5  0 -9 
402 344  -1  5  0 -9 
402 416   1  6  0 -9 
402 438  -1  5  0 -9 
402 470   1  7  0 -9 
402 478   1  6  0 -9 
403 314   1  3  0 -9 
403 345  -1  5  0 -9 
403 439  -1  5  0 -9 
403 471   1  7  0 -9 
403 479   1  6  0 -9 
404 315   1  3  0 -9 
404 346  -1  5  0 -9 
404 440  -1  5  0 -9 
404 472   1  7  0 -9 
404 480   1  6  0 -9 
405 62  -1  5  0 -9 
405 77  -1  5  0 -9 
405 316   1  3  0 -9 
405 327  -1  5  0 -9 
405 336  -1  5  0 -9 
405 342  -1  5  0 -9 
405 347  -1  5  0 -9 
405 387   1  6  0 -9 
405 388   1  7  0 -9 
405 417   1  6  0 -9 
405 441  -1  5  0 -9 
405 468   1  6  0 -9 
405 473   1  7  0 -9 
405 481   1  6  0 -9 
406 78  -1  5  0 -9 
406 317   1  3  0 -9 
406 337  -1  5  0 -9 
406 343  -1  5  0 -9 
406 348  -1  5  0 -9 
406 389   1  7  0 -9 
406 418   1  6  0 -9 
406 442  -1  5  0 -9 
406 469   1  6  0 -9 
406 474   1  7  0 -9 
406 482   1  6  0 -9 
407 77  -1  5  0 -9 
407 318   1  3  0 -9 
407 342  -1  5  0 -9 
407 349  -1  5  0 -9 
407 443  -1  5  0 -9 
407 468   1  6  0 -9 
407 475   1  7  0 -9 
407 483   1  6  0 -9 
408 319   1  3  0 -9 
408 350  -1  5  0 -9 
408 392   1  7  0 -9 
408 444  -1  5  0 -9 
408 476   1  7  0 -9 
408 484   1  6  0 -9 
409 320   1  3  0 -9 
409 351  -1  5  0 -9 
409 445  -1  5  0 -9 
409 477   1  7  0 -9 
409 485   1  6  0 -9 
410 321   1  3  0 -9 
410 347  -1  5  0 -9 
410 471   1  6  0 -9 
410 481   1  6  0 -9 
410 490  -1  5  0 -9 
411 322   1  3  0 -9 
411 344  -1  5  0 -9 
411 348  -1  5  0 -9 
411 472   1  6  0 -9 
411 478   1  6  0 -9 
411 482   1  6  0 -9 
411 491  -1  5  0 -9 
412 323   1  3  0 -9 
412 348  -1  5  0 -9 
412 476   1  6  0 -9 
412 482   1  6  0 -9 
412 492  -1  5  0 -9 
413 324   1  3  0 -9 
413 349  -1  5  0 -9 
413 471   1  6  0 -9 
413 477   1  6  0 -9 
413 483   1  6  0 -9 
413 493  -1  5  0 -9 
414 414   1  8  0 -9 
415 415   1  8  0 -9 
416 416   1  8  0 -9 
417 417   1  8  0 -9 
418 418   1  8  0 -9 
419 419   1  8  0 -9 
420 420   1  8  0 -9 
421 421   1  8  0 -9 
422 422   1  8  0 -9 
423 414   1  7  0 -9 
423 423  -1  6  0 -9 
424 390   1  7  0 -9 
424 417   1  7  0 -9 
424 424  -1  6  0 -9 
425 391   1  7  0 -9 
425 415   1  7  0 -9 
425 416   1  7  0 -9 
425 418   1  7  0 -9 
425 425  -1  6  0 -9 
426 392   1  7  0 -9 
426 418   1  7  0 -9 
426 426  -1  6  0 -9 
427 415   1  7  0 -9 
427 427  -1  6  0 -9 
428 419   1  7  0 -9 
428 428  -1  6  0 -9 
429 420   1  7  0 -9 
429 429  -1  6  0 -9 
430 415   1  7  0 -9 
430 418   1  7  0 -9 
430 421   1  7  0 -9 
430 430  -1  6  0 -9 
431 422   1  7  0 -9 
431 431  -1  6  0 -9 
432 334  -1  5  0 -9 
432 361   1  3  0 -9 
432 415   1  6  0 -9 
432 427  -1  5  0 -9 
433 336  -1  4  0 -9 
433 362   1  3  0 -9 
433 419   1  6  0 -9 
433 428  -1  5  0 -9 
434 334  -1  4  0 -9 
434 337  -1  4  0 -9 
434 363   1  3  0 -9 
434 420   1  6  0 -9 
434 429  -1  5  0 -9 
435 334  -1  5  0 -9 
435 337  -1  5  0 -9 
435 364   1  3  0 -9 
435 415   1  6  0 -9 
435 418   1  6  0 -9 
435 421   1  6  0 -9 
435 430  -1  5  0 -9 
436 337  -1  4  0 -9 
436 365   1  3  0 -9 
436 422   1  6  0 -9 
436 431  -1  5  0 -9 
437 339  -1  5  0 -9 
437 366   1  3  0 -9 
437 420   1  6  0 -9 
437 421   1  7  0 -9 
437 429  -1  5  0 -9 
438 416   1  7  0 -9 
438 438  -1  6  0 -9 
438 478   1  7  0 -9 
439 439  -1  6  0 -9 
439 479   1  7  0 -9 
440 440  -1  6  0 -9 
440 480   1  7  0 -9 
441 417   1  7  0 -9 
441 441  -1  6  0 -9 
441 481   1  7  0 -9 
442 418   1  7  0 -9 
442 442  -1  6  0 -9 
442 482   1  7  0 -9 
443 443  -1  6  0 -9 
443 483   1  7  0 -9 
444 444  -1  6  0 -9 
444 484   1  7  0 -9 
445 445  -1  6  0 -9 
445 485   1  7  0 -9 
446 336  -1  5  0 -9 
446 347  -1  5  0 -9 
446 375   1  3  0 -9 
446 417   1  6  0 -9 
446 441  -1  5  0 -9 
446 481   1  6  0 -9 
446 486   1  7  0 -9 
447 337  -1  5  0 -9 
447 348  -1  5  0 -9 
447 376   1  3  0 -9 
447 418   1  6  0 -9 
447 442  -1  5  0 -9 
447 482   1  6  0 -9 
447 487   1  7  0 -9 
448 349  -1  5  0 -9 
448 377   1  3  0 -9 
448 443  -1  5  0 -9 
448 483   1  6  0 -9 
448 488   1  7  0 -9 
449 337  -1  5  0 -9 
449 348  -1  5  0 -9 
449 351  -1  5  0 -9 
449 378   1  3  0 -9 
449 418   1  6  0 -9 
449 422   1  7  0 -9 
449 442  -1  5  0 -9 
449 445  -1  5  0 -9 
449 482   1  6  0 -9 
449 485   1  6  0 -9 
449 489   1  7  0 -9 
450 347  -1  4  0 -9 
450 379   1  3  0 -9 
450 486   1  6  0 -9 
450 494  -1  5  0 -9 
451 348  -1  4  0 -9 
451 380   1  3  0 -9 
451 487   1  6  0 -9 
451 495  -1  5  0 -9 
452 337  -1  4  0 -9 
452 345  -1  4  0 -9 
452 348  -1  4  0 -9 
452 381   1  3  0 -9 
452 444  -1  5  0 -9 
452 471   1  6  0 -9 
452 484   1  6  0 -9 
452 487   1  6  0 -9 
452 496  -1  5  0 -9 
453 349  -1  4  0 -9 
453 382   1  3  0 -9 
453 445  -1  5  0 -9 
453 485   1  6  0 -9 
453 488   1  6  0 -9 
453 497  -1  5  0 -9 
454 348  -1  5  0 -9 
454 383   1  3  0 -9 
454 482   1  6  0 -9 
454 488   1  6  0 -9 
454 498  -1  5  0 -9 
455 348  -1  4  0 -9 
455 384   1  3  0 -9 
455 489   1  6  0 -9 
455 499  -1  5  0 -9 
456 217  -1  1  0 -9 
456 222  -1  1  0 -9 
456 224   1  2  0 -9 
456 305   1  2  0 -9 
456 309  -1  1  0 -9 
456 314  -1  1  0 -9 
456 321   1  2  0 -9 
456 336  -1  4  1  2  0 -9 
456 338  -1  3  0 -9 
456 345  -1  3  0 -9 
456 347  -1  4  1  2  0 -9 
456 357   1  2  0 -9 
456 368   1  2  0 -9 
456 370  -1  1  0 -9 
456 390  -1  3  0 -9 
456 394  -1  1  0 -9 
456 398   1  2  0 -9 
456 403   1  2  0 -9 
456 410  -1  1  0 -9 
456 417  -1  3  0 -9 
456 419   1  6  1  4  0 -9 
456 424   1  2  0 -9 
456 428  -1  5 -1  3 -1  1  0 -9 
456 439  -1  5 -1  3 -1  1  0 -9 
456 441   1  2  0 -9 
456 456   1  0  0 -9 
456 471  -1  3  0 -9 
456 479   1  6  1  4  0 -9 
456 481  -1  3  0 -9 
456 490   1  2  0 -9 
457  8  -1  1  0 -9 
457 62  -1  5 -1  3 -1  1  0 -9 
457 212  -1  1  0 -9 
457 216   1  2  0 -9 
457 218  -1  1  0 -9 
457 221   1  2  0 -9 
457 223  -1  1  0 -9 
457 225   1  2  0 -9 
457 279   1  2  0 -9 
457 304  -1  1  0 -9 
457 306   1  2  0 -9 
457 310  -1  1  0 -9 
457 315  -1  1  0 -9 
457 322   1  2  0 -9 
457 327  -1  3  0 -9 
457 333  -1  3  0 -9 
457 334  -1  4  1  2  0 -9 
457 335  -1  4  1  2  0 -9 
457 337  -1  4  1  2  0 -9 
457 339  -1  3  0 -9 
457 344  -1  4  1  2  0 -9 
457 346  -1  3  0 -9 
457 348  -1  4  1  2  0 -9 
457 352   1  2  0 -9 
457 356  -1  1  0 -9 
457 358   1  2  0 -9 
457 367  -1  1  0 -9 
457 369   1  2  0 -9 
457 371  -1  1  0 -9 
457 387   1  6  1  4  0 -9 
457 391  -1  3  0 -9 
457 393   1  2  0 -9 
457 395  -1  1  0 -9 
457 399   1  2  0 -9 
457 404   1  2  0 -9 
457 411  -1  1  0 -9 
457 414   1  6  1  4  0 -9 
457 415  -1  3  0 -9 
457 416  -1  3  0 -9 
457 418  -1  3  0 -9 
457 420   1  6  1  4  0 -9 
457 423  -1  5 -1  3 -1  1  0 -9 
457 425   1  2  0 -9 
457 427   1  2  0 -9 
457 429  -1  5 -1  3 -1  1  0 -9 
457 438   1  2  0 -9 
457 440  -1  5 -1  3 -1  1  0 -9 
457 442   1  2  0 -9 
457 457   1  0  0 -9 
457 472  -1  3  0 -9 
457 478  -1  3  0 -9 
457 480   1  6  1  4  0 -9 
457 482  -1  3  0 -9 
457 491   1  2  0 -9 
458 225   1  2  0 -9 
458 227  -1  1  0 -9 
458 307   1  2  0 -9 
458 319  -1  1  0 -9 
458 323   1  2  0 -9 
458 337  -1  4  1  2  0 -9 
458 348  -1  4  1  2  0 -9 
458 350  -1  3  0 -9 
458 371  -1  1  0 -9 
458 373   1  2  0 -9 
458 392  -1  3  0 -9 
458 396  -1  1  0 -9 
458 408   1  2  0 -9 
458 412  -1  1  0 -9 
458 418  -1  3  0 -9 
458 426   1  2  0 -9 
458 442   1  2  0 -9 
458 444  -1  5 -1  3 -1  1  0 -9 
458 458   1  0  0 -9 
458 476  -1  3  0 -9 
458 482  -1  3  0 -9 
458 484   1  6  1  4  0 -9 
458 492   1  2  0 -9 
459 222  -1  1  0 -9 
459 226   1  2  0 -9 
459 228  -1  1  0 -9 
459 314  -1  1  0 -9 
459 320  -1  1  0 -9 
459 324   1  2  0 -9 
459 345  -1  3  0 -9 
459 349  -1  4  1  2  0 -9 
459 351  -1  3  0 -9 
459 368   1  2  0 -9 
459 372  -1  1  0 -9 
459 374   1  2  0 -9 
459 403   1  2  0 -9 
459 409   1  2  0 -9 
459 413  -1  1  0 -9 
459 439  -1  5 -1  3 -1  1  0 -9 
459 443   1  2  0 -9 
459 445  -1  5 -1  3 -1  1  0 -9 
459 459   1  0  0 -9 
459 471  -1  3  0 -9 
459 477  -1  3  0 -9 
459 479   1  6  1  4  0 -9 
459 483  -1  3  0 -9 
459 485   1  6  1  4  0 -9 
459 493   1  2  0 -9 
460 336  -1  3  0 -9 
460 347  -1  3  0 -9 
460 362   1  2  0 -9 
460 375  -1  1  0 -9 
460 379   1  2  0 -9 
460 419   1  5  0 -9 
460 428  -1  4  0 -9 
460 433  -1  1  0 -9 
460 446   1  2  0 -9 
460 450  -1  1  0 -9 
460 460   1  0  0 -9 
460 486  -1  3  0 -9 
460 494   1  2  0 -9 
461 334  -1  3  0 -9 
461 337  -1  3  0 -9 
461 348  -1  3  0 -9 
461 361  -1  1  0 -9 
461 363   1  2  0 -9 
461 376  -1  1  0 -9 
461 380   1  2  0 -9 
461 420   1  5  0 -9 
461 429  -1  4  0 -9 
461 432   1  2  0 -9 
461 434  -1  1  0 -9 
461 447   1  2  0 -9 
461 451  -1  1  0 -9 
461 461   1  0  0 -9 
461 487  -1  3  0 -9 
461 495   1  2  0 -9 
462 314  -1  1  0 -9 
462 337  -1  3  0 -9 
462 345  -1  3  0 -9 
462 348  -1  3  0 -9 
462 376  -1  1  0 -9 
462 381   1  2  0 -9 
462 403   1  2  0 -9 
462 444  -1  4  0 -9 
462 447   1  2  0 -9 
462 452  -1  1  0 -9 
462 462   1  0  0 -9 
462 471  -1  3  0 -9 
462 484   1  5  0 -9 
462 487  -1  3  0 -9 
462 496   1  2  0 -9 
463 349  -1  3  0 -9 
463 377  -1  1  0 -9 
463 382   1  2  0 -9 
463 445  -1  4  0 -9 
463 448   1  2  0 -9 
463 453  -1  1  0 -9 
463 463   1  0  0 -9 
463 485   1  5  0 -9 
463 488  -1  3  0 -9 
463 497   1  2  0 -9 
464 216   1  2  0 -9 
464 218  -1  1  0 -9 
464 225   1  2  0 -9 
464 226  -1  1  0 -9 
464 334  -1  4  1  2  0 -9 
464 337  -1  4  1  2  0 -9 
464 339  -1  3  0 -9 
464 348  -1  4  1  2  0 -9 
464 349  -1  3  0 -9 
464 356  -1  1  0 -9 
464 358   1  2  0 -9 
464 364   1  2  0 -9 
464 366  -1  1  0 -9 
464 371  -1  1  0 -9 
464 372   1  2  0 -9 
464 377  -1  1  0 -9 
464 383   1  2  0 -9 
464 415  -1  3  0 -9 
464 418  -1  3  0 -9 
464 420   1  6  1  4  0 -9 
464 421  -1  3  0 -9 
464 427   1  2  0 -9 
464 429  -1  5 -1  3 -1  1  0 -9 
464 430   1  2  0 -9 
464 435  -1  1  0 -9 
464 437   1  2  0 -9 
464 442   1  2  0 -9 
464 443  -1  5 -1  3 -1  1  0 -9 
464 448   1  2  0 -9 
464 454  -1  1  0 -9 
464 464   1  0  0 -9 
464 482  -1  3  0 -9 
464 483   1  6  1  4  0 -9 
464 488  -1  3  0 -9 
464 498   1  2  0 -9 
465 228  -1  1  0 -9 
465 337  -1  3  0 -9 
465 348  -1  3  0 -9 
465 351  -1  3  0 -9 
465 365   1  2  0 -9 
465 374   1  2  0 -9 
465 378  -1  1  0 -9 
465 384   1  2  0 -9 
465 422  -1  3  0 -9 
465 431   1  2  0 -9 
465 436  -1  1  0 -9 
465 445  -1  5 -1  3 -1  1  0 -9 
465 449   1  2  0 -9 
465 455  -1  1  0 -9 
465 465   1  0  0 -9 
465 485   1  6  1  4  0 -9 
465 489  -1  3  0 -9 
465 499   1  2  0 -9 
466 321  -1  1  0 -9 
466 323   1  2  0 -9 
466 347  -1  3  0 -9 
466 348  -1  4  1  2  0 -9 
466 379   1  2  0 -9 
466 380  -1  1  0 -9 
466 410   1  2  0 -9 
466 412  -1  1  0 -9 
466 450  -1  1  0 -9 
466 451   1  2  0 -9 
466 466   1  0  0 -9 
466 471  -1  4  0 -9 
466 476   1  5  0 -9 
466 482   1  5  0 -9 
466 486   1  5  0 -9 
466 487  -1  4  0 -9 
466 492  -1  4  0 -9 
466 494  -1  4  0 -9 
466 496   1  3  0 -9 
467 348  -1  3  0 -9 
467 383  -1  1  0 -9 
467 384   1  2  0 -9 
467 454   1  2  0 -9 
467 455  -1  1  0 -9 
467 467   1  0  0 -9 
467 488  -1  4  0 -9 
467 489   1  5  0 -9 
467 497   1  3  0 -9 
467 499  -1  4  0 -9 
468 468   1  8  0 -9 
469 469   1  8  0 -9 
470 470   1  8  0 -9 
471 471   1  8  0 -9 
472 472   1  8  0 -9 
473 473   1  8  0 -9 
474 474   1  8  0 -9 
475 475   1  8  0 -9 
476 476   1  8  0 -9 
477 477   1  8  0 -9 
478 478   1  8  0 -9 
479 479   1  8  0 -9 
480 480   1  8  0 -9 
481 481   1  8  0 -9 
482 482   1  8  0 -9 
483 483   1  8  0 -9 
484 484   1  8  0 -9 
485 485   1  8  0 -9 
486 486   1  8  0 -9 
487 487   1  8  0 -9 
488 488   1  8  0 -9 
489 489   1  8  0 -9 
490 471   1  7  0 -9 
490 481   1  7  0 -9 
490 490  -1  6  0 -9 
491 472   1  7  0 -9 
491 478   1  7  0 -9 
491 482   1  7  0 -9 
491 491  -1  6  0 -9 
492 476   1  7  0 -9 
492 482   1  7  0 -9 
492 492  -1  6  0 -9 
493 471   1  7  0 -9 
493 477   1  7  0 -9 
493 483   1  7  0 -9 
493 493  -1  6  0 -9 
494 486   1  7  0 -9 
494 494  -1  6  0 -9 
495 487   1  7  0 -9 
495 495  -1  6  0 -9 
496 471   1  7  0 -9 
496 487   1  7  0 -9 
496 496  -1  6  0 -9 
497 488   1  7  0 -9 
497 497  -1  6  0 -9 
498 482   1  7  0 -9 
498 488   1  7  0 -9 
498 498  -1  6  0 -9 
499 489   1  7  0 -9 
499 499  -1  6  0 -9 
9999 9999
