 0  0   1  8  0 -9 
 1  0   1  7  0 -9 
 1  1  -1  6  0 -9 
 2  2   1  8  0 -9 
 3  2   1  7  0 -9 
 3  3  -1  6  0 -9 
 4  3  -1  4  0 -9 
 4  5   1  3  0 -9 
 5  2   1  6  0 -9 
 5  3  -1  5  0 -9 
 5  4   1  3  0 -9 
 6  6   1  8  0 -9 
 7  6   1  7  0 -9 
 7  7  -1  6  0 -9 
 8  0   1  7  0 -9 
 8  8  -1  6  0 -9 
 9  9   1  8  0 -9 
10  9   1  7  0 -9 
10 10  -1  6  0 -9 
11 10  -1  4  0 -9 
11 12   1  3  0 -9 
12  9   1  6  0 -9 
12 10  -1  5  0 -9 
12 11   1  3  0 -9 
13  2   1  7  0 -9 
13 13  -1  6  0 -9 
14  2  -1  4  0 -9 
14  4  -1  1  0 -9 
14  5   1  2  0 -9 
14  9   1  5  0 -9 
14 10  -1  4  0 -9 
14 11   1  2  0 -9 
14 12  -1  1  0 -9 
14 13   1  3  0 -9 
14 14   1  0  0 -9 
15 15   1  8  0 -9 
16 15   1  7  0 -9 
16 16  -1  6  0 -9 
17 17   1  8  0 -9 
18 17   1  7  0 -9 
18 18  -1  6  0 -9 
19 18  -1  4  0 -9 
19 20   1  3  0 -9 
20 17   1  6  0 -9 
20 18  -1  5  0 -9 
20 19   1  3  0 -9 
21 21   1  8  0 -9 
22 21   1  7  0 -9 
22 22  -1  6  0 -9 
23 22  -1  4  0 -9 
23 24   1  3  0 -9 
24 21   1  6  0 -9 
24 22  -1  5  0 -9 
24 23   1  3  0 -9 
25 17   1  7  0 -9 
25 25  -1  6  0 -9 
26 17  -1  4  0 -9 
26 19  -1  1  0 -9 
26 20   1  2  0 -9 
26 21   1  5  0 -9 
26 22  -1  4  0 -9 
26 23   1  2  0 -9 
26 24  -1  1  0 -9 
26 25   1  3  0 -9 
26 26   1  0  0 -9 
27 27   1  8  0 -9 
28 27  -1  4  0 -9 
28 29   1  3  0 -9 
29 27   1  7  0 -9 
29 28   1  3  0 -9 
30 27  -1  3  0 -9 
30 28  -1  1  0 -9 
30 29   1  2  0 -9 
30 30   1  0  0 -9 
31 27   1  7  0 -9 
31 31  -1  6  0 -9 
32 31  -1  4  0 -9 
32 33   1  3  0 -9 
33 27   1  6  0 -9 
33 31  -1  5  0 -9 
33 32   1  3  0 -9 
34 27  -1  3  0 -9 
34 28  -1  1  0 -9 
34 29   1  2  0 -9 
34 31   1  2  0 -9 
34 32   1  2  0 -9 
34 33  -1  1  0 -9 
34 34   1  0  0 -9 
35 27  -1  2  0 -9 
35 28  -1  0  0 -9 
35 29   1  1  0 -9 
35 30   1 -1  0 -9 
35 31   1  1  0 -9 
35 33  -1  0  0 -9 
35 34   1 -1  0 -9 
35 35  -1 -2  0 -9 
36 36   1  8  0 -9 
37 36   1  7  0 -9 
37 37  -1  6  0 -9 
38 38   1  8  0 -9 
39 38   1  7  0 -9 
39 39  -1  6  0 -9 
40 39  -1  4  0 -9 
40 41   1  3  0 -9 
41 38   1  6  0 -9 
41 39  -1  5  0 -9 
41 40   1  3  0 -9 
42 42   1  8  0 -9 
43 42   1  7  0 -9 
43 43  -1  6  0 -9 
44 43  -1  4  0 -9 
44 45   1  3  0 -9 
45 42   1  6  0 -9 
45 43  -1  5  0 -9 
45 44   1  3  0 -9 
46 38   1  7  0 -9 
46 46  -1  6  0 -9 
47 38  -1  4  0 -9 
47 40  -1  1  0 -9 
47 41   1  2  0 -9 
47 42   1  5  0 -9 
47 43  -1  4  0 -9 
47 44   1  2  0 -9 
47 45  -1  1  0 -9 
47 46   1  3  0 -9 
47 47   1  0  0 -9 
48 48   1  8  0 -9 
49 48  -1  4  0 -9 
49 50   1  3  0 -9 
50 48   1  7  0 -9 
50 49   1  3  0 -9 
51 48  -1  3  0 -9 
51 49  -1  1  0 -9 
51 50   1  2  0 -9 
51 51   1  0  0 -9 
52 48   1  7  0 -9 
52 52  -1  6  0 -9 
53 52  -1  4  0 -9 
53 54   1  3  0 -9 
54 48   1  6  0 -9 
54 52  -1  5  0 -9 
54 53   1  3  0 -9 
55 48  -1  3  0 -9 
55 49  -1  1  0 -9 
55 50   1  2  0 -9 
55 52   1  2  0 -9 
55 53   1  2  0 -9 
55 54  -1  1  0 -9 
55 55   1  0  0 -9 
56 48  -1  2  0 -9 
56 49  -1  0  0 -9 
56 50   1  1  0 -9 
56 51   1 -1  0 -9 
56 52   1  1  0 -9 
56 54  -1  0  0 -9 
56 55   1 -1  0 -9 
56 56  -1 -2  0 -9 
57 15   1  7  0 -9 
57 57  -1  6  0 -9 
58 58   1  8  0 -9 
59 58   1  7  0 -9 
59 59  -1  6  0 -9 
60 59  -1  4  0 -9 
60 61   1  3  0 -9 
61 58   1  6  0 -9 
61 59  -1  5  0 -9 
61 60   1  3  0 -9 
62 17   1  7  0 -9 
62 62  -1  6  0 -9 
63 17  -1  4  0 -9 
63 19  -1  1  0 -9 
63 20   1  2  0 -9 
63 58   1  5  0 -9 
63 59  -1  4  0 -9 
63 60   1  2  0 -9 
63 61  -1  1  0 -9 
63 62   1  3  0 -9 
63 63   1  0  0 -9 
64 21   1  7  0 -9 
64 64  -1  6  0 -9 
65 21  -1  4  0 -9 
65 23  -1  1  0 -9 
65 24   1  2  0 -9 
65 42   1  5  0 -9 
65 43  -1  4  0 -9 
65 44   1  2  0 -9 
65 45  -1  1  0 -9 
65 64   1  3  0 -9 
65 65   1  0  0 -9 
66 27   1  7  0 -9 
66 66  -1  6  0 -9 
67 66  -1  4  0 -9 
67 68   1  3  0 -9 
68 27   1  6  0 -9 
68 66  -1  5  0 -9 
68 67   1  3  0 -9 
69 27  -1  3  0 -9 
69 28  -1  1  0 -9 
69 29   1  2  0 -9 
69 66   1  2  0 -9 
69 67   1  2  0 -9 
69 68  -1  1  0 -9 
69 69   1  0  0 -9 
70 27  -1  2  0 -9 
70 28  -1  0  0 -9 
70 29   1  1  0 -9 
70 30   1 -1  0 -9 
70 66   1  1  0 -9 
70 68  -1  0  0 -9 
70 69   1 -1  0 -9 
70 70  -1 -2  0 -9 
71 27  -1  4  0 -9 
71 32  -1  1  0 -9 
71 33   1  2  0 -9 
71 48   1  5  0 -9 
71 52  -1  4  0 -9 
71 53   1  2  0 -9 
71 54  -1  1  0 -9 
71 66   1  3  0 -9 
71 71   1  0  0 -9 
72 72   1  8  0 -9 
73 72   1  7  0 -9 
73 73  -1  6  0 -9 
74 73  -1  4  0 -9 
74 75   1  3  0 -9 
75 72   1  6  0 -9 
75 73  -1  5  0 -9 
75 74   1  3  0 -9 
76 76   1  8  0 -9 
77 76  -1  4  0 -9 
77 78   1  3  0 -9 
78 76   1  7  0 -9 
78 77   1  3  0 -9 
79 76  -1  3  0 -9 
79 77  -1  1  0 -9 
79 78   1  2  0 -9 
79 79   1  0  0 -9 
80 76   1  7  0 -9 
80 80  -1  6  0 -9 
81 80  -1  4  0 -9 
81 82   1  3  0 -9 
82 76   1  6  0 -9 
82 80  -1  5  0 -9 
82 81   1  3  0 -9 
83 76  -1  3  0 -9 
83 77  -1  1  0 -9 
83 78   1  2  0 -9 
83 80   1  2  0 -9 
83 81   1  2  0 -9 
83 82  -1  1  0 -9 
83 83   1  0  0 -9 
84 76  -1  2  0 -9 
84 77  -1  0  0 -9 
84 78   1  1  0 -9 
84 79   1 -1  0 -9 
84 80   1  1  0 -9 
84 82  -1  0  0 -9 
84 83   1 -1  0 -9 
84 84  -1 -2  0 -9 
85 86   1  3  0 -9 
86 85   1  3  0 -9 
87 85  -1  1  0 -9 
87 86   1  2  0 -9 
87 87   1  0  0 -9 
88 85  -1  0  0 -9 
88 87   1 -1  0 -9 
88 88  -1 -2  0 -9 
89 89   1  8  0 -9 
90 89   1  7  0 -9 
90 90  -1  6  0 -9 
91 90  -1  4  0 -9 
91 92   1  3  0 -9 
92 89   1  6  0 -9 
92 90  -1  5  0 -9 
92 91   1  3  0 -9 
93 72   1  7  0 -9 
93 93  -1  6  0 -9 
94 72  -1  4  0 -9 
94 74  -1  1  0 -9 
94 75   1  2  0 -9 
94 89   1  5  0 -9 
94 90  -1  4  0 -9 
94 91   1  2  0 -9 
94 92  -1  1  0 -9 
94 93   1  3  0 -9 
94 94   1  0  0 -9 
95 95   1  8  0 -9 
96 95  -1  4  0 -9 
96 97   1  3  0 -9 
97 95   1  7  0 -9 
97 96   1  3  0 -9 
98 95  -1  3  0 -9 
98 96  -1  1  0 -9 
98 97   1  2  0 -9 
98 98   1  0  0 -9 
99 95   1  7  0 -9 
99 99  -1  6  0 -9 
100 99  -1  4  0 -9 
100 101   1  3  0 -9 
101 95   1  6  0 -9 
101 99  -1  5  0 -9 
101 100   1  3  0 -9 
102 95  -1  3  0 -9 
102 96  -1  1  0 -9 
102 97   1  2  0 -9 
102 99   1  2  0 -9 
102 100   1  2  0 -9 
102 101  -1  1  0 -9 
102 102   1  0  0 -9 
103 95  -1  2  0 -9 
103 96  -1  0  0 -9 
103 97   1  1  0 -9 
103 98   1 -1  0 -9 
103 99   1  1  0 -9 
103 101  -1  0  0 -9 
103 102   1 -1  0 -9 
103 103  -1 -2  0 -9 
104 76   1  7  0 -9 
104 104  -1  6  0 -9 
105 104  -1  4  0 -9 
105 106   1  3  0 -9 
106 76   1  6  0 -9 
106 104  -1  5  0 -9 
106 105   1  3  0 -9 
107 76  -1  3  0 -9 
107 77  -1  1  0 -9 
107 78   1  2  0 -9 
107 104   1  2  0 -9 
107 105   1  2  0 -9 
107 106  -1  1  0 -9 
107 107   1  0  0 -9 
108 76  -1  2  0 -9 
108 77  -1  0  0 -9 
108 78   1  1  0 -9 
108 79   1 -1  0 -9 
108 104   1  1  0 -9 
108 106  -1  0  0 -9 
108 107   1 -1  0 -9 
108 108  -1 -2  0 -9 
109 76  -1  4  0 -9 
109 81  -1  1  0 -9 
109 82   1  2  0 -9 
109 95   1  5  0 -9 
109 99  -1  4  0 -9 
109 100   1  2  0 -9 
109 101  -1  1  0 -9 
109 104   1  3  0 -9 
109 109   1  0  0 -9 
110 111   1  3  0 -9 
111 110   1  3  0 -9 
112 110  -1  1  0 -9 
112 111   1  2  0 -9 
112 112   1  0  0 -9 
113 110  -1  0  0 -9 
113 112   1 -1  0 -9 
113 113  -1 -2  0 -9 
114 85  -1  1  0 -9 
114 86   1  2  0 -9 
114 110   1  2  0 -9 
114 111  -1  1  0 -9 
114 114   1  0  0 -9 
115 85  -1  0  0 -9 
115 86   1  1  0 -9 
115 87   1 -1  0 -9 
115 111  -1  0  0 -9 
115 114   1 -1  0 -9 
115 115  -1 -2  0 -9 
9999 9999
