 0  0   1  0  0 -9 
 0 60  -1  1  0 -9 
 0 123   1  2  0 -9 
 1  1   1  0  0 -9 
 1 61  -1  1  0 -9 
 1 124   1  2  0 -9 
 2  2   1  0  0 -9 
 2 62  -1  1  0 -9 
 2 125   1  2  0 -9 
 3  3   1  0  0 -9 
 3 63  -1  1  0 -9 
 3 126   1  2  0 -9 
 4  4   1  0  0 -9 
 4 64  -1  1  0 -9 
 4 127   1  2  0 -9 
 5  5   1  0  0 -9 
 5 65  -1  1  0 -9 
 5 128   1  2  0 -9 
 6  6   1  0  0 -9 
 6 221  -1  1  0 -9 
 6 269   1  2  0 -9 
 6 329  -1  3  0 -9 
 7  7   1  0  0 -9 
 7 222  -1  1  0 -9 
 7 270   1  2  0 -9 
 7 330  -1  3  0 -9 
 8  8   1  0  0 -9 
 8 223  -1  1  0 -9 
 8 271   1  2  0 -9 
 8 331  -1  3  0 -9 
 9  9   1  0  0 -9 
 9 224  -1  1  0 -9 
 9 272   1  2  0 -9 
 9 332  -1  3  0 -9 
10 10   1  0  0 -9 
10 225  -1  1  0 -9 
10 273   1  2  0 -9 
10 333  -1  3  0 -9 
11 11   1  0  0 -9 
11 226  -1  1  0 -9 
11 274   1  2  0 -9 
11 334  -1  3  0 -9 
12 12   1  0  0 -9 
12 227  -1  1  0 -9 
12 275   1  2  0 -9 
12 335  -1  3  0 -9 
13 13   1  0  0 -9 
13 228  -1  1  0 -9 
13 276   1  2  0 -9 
13 336  -1  3  0 -9 
14 14   1  0  0 -9 
14 238  -1  1  0 -9 
14 286   1  2  0 -9 
14 412  -1  3  0 -9 
15 15   1  0  0 -9 
15 239  -1  1  0 -9 
15 287   1  2  0 -9 
15 413  -1  3  0 -9 
16  2   1 -1  0 -9 
16 16  -1 -2  0 -9 
16 62  -1  0  0 -9 
16 66   1 -1  0 -9 
16 129   1  2  0 -9 
16 444  -1  3  0 -9 
17  0   1 -1  0 -9 
17  3   1 -1  0 -9 
17 17  -1 -2  0 -9 
17 60  -1  0  0 -9 
17 63  -1  0  0 -9 
17 67   1 -1  0 -9 
17 130   1  2  0 -9 
17 445  -1  3  0 -9 
18  4   1 -1  0 -9 
18 18  -1 -2  0 -9 
18 64  -1  0  0 -9 
18 68   1 -1  0 -9 
18 131   1  2  0 -9 
18 446  -1  3  0 -9 
19  1   1 -1  0 -9 
19  5   1 -1  0 -9 
19 19  -1 -2  0 -9 
19 61  -1  0  0 -9 
19 65  -1  0  0 -9 
19 69   1 -1  0 -9 
19 132   1  2  0 -9 
19 447  -1  3  0 -9 
20  0   1 -1  0 -9 
20 20  -1 -2  0 -9 
20 60  -1  0  0 -9 
20 66  -1  0  0 -9 
20 70   1 -1  0 -9 
20 123   1  1  0 -9 
20 125  -1  0  0 -9 
20 129   1  1  0 -9 
20 133  -1  0  0 -9 
20 173   1 -1  0 -9 
20 444  -1  2  0 -9 
20 461   1  1  0 -9 
21 21  -1 -2  0 -9 
21 67  -1  0  0 -9 
21 71   1 -1  0 -9 
21 126  -1  0  0 -9 
21 130   1  1  0 -9 
21 134  -1  0  0 -9 
21 174   1 -1  0 -9 
21 445  -1  2  0 -9 
21 462   1  1  0 -9 
22  1   1 -1  0 -9 
22 22  -1 -2  0 -9 
22 61  -1  0  0 -9 
22 68  -1  0  0 -9 
22 72   1 -1  0 -9 
22 124   1  1  0 -9 
22 127  -1  0  0 -9 
22 131   1  1  0 -9 
22 135  -1  0  0 -9 
22 175   1 -1  0 -9 
22 446  -1  2  0 -9 
22 463   1  1  0 -9 
23 23  -1 -2  0 -9 
23 69  -1  0  0 -9 
23 73   1 -1  0 -9 
23 128  -1  0  0 -9 
23 132   1  1  0 -9 
23 136  -1  0  0 -9 
23 176   1 -1  0 -9 
23 447  -1  2  0 -9 
23 464   1  1  0 -9 
24 24  -1 -2  0 -9 
24 63  -1  0  0 -9 
24 66  -1  0  0 -9 
24 74   1 -1  0 -9 
24 129   1  1  0 -9 
24 137  -1  0  0 -9 
24 177   1 -1  0 -9 
24 444  -1  2  0 -9 
24 465   1  1  0 -9 
25 25  -1 -2  0 -9 
25 65  -1  0  0 -9 
25 68  -1  0  0 -9 
25 75   1 -1  0 -9 
25 131   1  1  0 -9 
25 138  -1  0  0 -9 
25 178   1 -1  0 -9 
25 446  -1  2  0 -9 
25 466   1  1  0 -9 
26  0   1 -1  0 -9 
26  6   1 -1  0 -9 
26 26  -1 -2  0 -9 
26 60  -1  0  0 -9 
26 76   1 -1  0 -9 
26 139   1  2  0 -9 
26 221  -1  0  0 -9 
26 488  -1  3  0 -9 
27  7   1 -1  0 -9 
27 27  -1 -2  0 -9 
27 77   1 -1  0 -9 
27 140   1  2  0 -9 
27 222  -1  0  0 -9 
27 489  -1  3  0 -9 
28  1   1 -1  0 -9 
28  8   1 -1  0 -9 
28 28  -1 -2  0 -9 
28 61  -1  0  0 -9 
28 78   1 -1  0 -9 
28 141   1  2  0 -9 
28 223  -1  0  0 -9 
28 490  -1  3  0 -9 
29  9   1 -1  0 -9 
29 29  -1 -2  0 -9 
29 79   1 -1  0 -9 
29 142   1  2  0 -9 
29 224  -1  0  0 -9 
29 491  -1  3  0 -9 
30 10   1 -1  0 -9 
30 30  -1 -2  0 -9 
30 80   1 -1  0 -9 
30 143   1  2  0 -9 
30 225  -1  0  0 -9 
30 492  -1  3  0 -9 
31 11   1 -1  0 -9 
31 31  -1 -2  0 -9 
31 81   1 -1  0 -9 
31 144   1  2  0 -9 
31 226  -1  0  0 -9 
31 493  -1  3  0 -9 
32 12   1 -1  0 -9 
32 32  -1 -2  0 -9 
32 82   1 -1  0 -9 
32 145   1  2  0 -9 
32 227  -1  0  0 -9 
32 494  -1  3  0 -9 
33 13   1 -1  0 -9 
33 33  -1 -2  0 -9 
33 83   1 -1  0 -9 
33 146   1  2  0 -9 
33 228  -1  0  0 -9 
33 495  -1  3  0 -9 
34 34  -1 -2  0 -9 
34 76  -1  0  0 -9 
34 84   1 -1  0 -9 
34 139   1  1  0 -9 
34 147  -1  0  0 -9 
34 181   1 -1  0 -9 
34 229  -1  0  0 -9 
34 488  -1  2  0 -9 
34 517   1  1  0 -9 
35 35  -1 -2  0 -9 
35 77  -1  0  0 -9 
35 85   1 -1  0 -9 
35 140   1  1  0 -9 
35 148  -1  0  0 -9 
35 182   1 -1  0 -9 
35 230  -1  0  0 -9 
35 489  -1  2  0 -9 
35 518   1  1  0 -9 
36 36  -1 -2  0 -9 
36 78  -1  0  0 -9 
36 86   1 -1  0 -9 
36 141   1  1  0 -9 
36 149  -1  0  0 -9 
36 183   1 -1  0 -9 
36 231  -1  0  0 -9 
36 490  -1  2  0 -9 
36 519   1  1  0 -9 
37 37  -1 -2  0 -9 
37 79  -1  0  0 -9 
37 87   1 -1  0 -9 
37 142   1  1  0 -9 
37 150  -1  0  0 -9 
37 184   1 -1  0 -9 
37 232  -1  0  0 -9 
37 491  -1  2  0 -9 
37 520   1  1  0 -9 
38 38  -1 -2  0 -9 
38 80  -1  0  0 -9 
38 88   1 -1  0 -9 
38 143   1  1  0 -9 
38 151  -1  0  0 -9 
38 185   1 -1  0 -9 
38 233  -1  0  0 -9 
38 492  -1  2  0 -9 
38 521   1  1  0 -9 
39 39  -1 -2  0 -9 
39 64  -1  0  0 -9 
39 78  -1  0  0 -9 
39 81  -1  0  0 -9 
39 89   1 -1  0 -9 
39 141   1  1  0 -9 
39 144   1  1  0 -9 
39 152  -1  0  0 -9 
39 186   1 -1  0 -9 
39 234  -1  0  0 -9 
39 490  -1  2  0 -9 
39 493  -1  2  0 -9 
39 522   1  1  0 -9 
40 40  -1 -2  0 -9 
40 65  -1  0  0 -9 
40 82  -1  0  0 -9 
40 90   1 -1  0 -9 
40 145   1  1  0 -9 
40 153  -1  0  0 -9 
40 187   1 -1  0 -9 
40 235  -1  0  0 -9 
40 494  -1  2  0 -9 
40 523   1  1  0 -9 
41 41  -1 -2  0 -9 
41 81  -1  0  0 -9 
41 91   1 -1  0 -9 
41 144   1  1  0 -9 
41 154  -1  0  0 -9 
41 188   1 -1  0 -9 
41 236  -1  0  0 -9 
41 493  -1  2  0 -9 
41 524   1  1  0 -9 
42 42  -1 -2  0 -9 
42 83  -1  0  0 -9 
42 92   1 -1  0 -9 
42 146   1  1  0 -9 
42 155  -1  0  0 -9 
42 189   1 -1  0 -9 
42 237  -1  0  0 -9 
42 495  -1  2  0 -9 
42 525   1  1  0 -9 
43  6   1 -1  0 -9 
43 43  -1 -2  0 -9 
43 93   1 -1  0 -9 
43 156  -1  0  0 -9 
43 221  -1  0  0 -9 
43 248  -1  0  0 -9 
43 269   1  1  0 -9 
43 277  -1  0  0 -9 
43 296   1 -1  0 -9 
43 329  -1  2  0 -9 
43 337   1  1  0 -9 
43 358   1  1  0 -9 
43 367  -1  2 -1  0  0 -9 
43 496  -1  2  0 -9 
43 526   1  1  0 -9 
43 571   1  3  0 -9 
44  9   1 -1  0 -9 
44 44  -1 -2  0 -9 
44 81  -1  0  0 -9 
44 94   1 -1  0 -9 
44 144   1  1  0 -9 
44 157  -1  0  0 -9 
44 224  -1  0  0 -9 
44 249  -1  0  0 -9 
44 272   1  1  0 -9 
44 274  -1  0  0 -9 
44 280  -1  0  0 -9 
44 297   1 -1  0 -9 
44 332  -1  2  0 -9 
44 334   1  1  0 -9 
44 338   1  1  0 -9 
44 361   1  1  0 -9 
44 368  -1  2 -1  0  0 -9 
44 493  -1  2  0 -9 
44 497  -1  2  0 -9 
44 527   1  1  0 -9 
44 572   1  3  0 -9 
45  1   1 -1  0 -9 
45  7   1 -1  0 -9 
45  8   1 -1  0 -9 
45 10   1 -1  0 -9 
45 45  -1 -2  0 -9 
45 61  -1  0  0 -9 
45 82  -1  0  0 -9 
45 95   1 -1  0 -9 
45 124   1  1  0 -9 
45 145   1  1  0 -9 
45 158  -1  0  0 -9 
45 222  -1  0  0 -9 
45 223  -1  0  0 -9 
45 225  -1  0  0 -9 
45 250  -1  0  0 -9 
45 270   1  1  0 -9 
45 271   1  1  0 -9 
45 273   1  1  0 -9 
45 275  -1  0  0 -9 
45 278  -1  0  0 -9 
45 279  -1  0  0 -9 
45 281  -1  0  0 -9 
45 298   1 -1  0 -9 
45 330  -1  2  0 -9 
45 331  -1  2  0 -9 
45 333  -1  2  0 -9 
45 335   1  1  0 -9 
45 339   1  1  0 -9 
45 359   1  1  0 -9 
45 360   1  1  0 -9 
45 362   1  1  0 -9 
45 369  -1  2 -1  0  0 -9 
45 494  -1  2  0 -9 
45 498  -1  2  0 -9 
45 528   1  1  0 -9 
45 573   1  3  0 -9 
46 10   1 -1  0 -9 
46 46  -1 -2  0 -9 
46 83  -1  0  0 -9 
46 96   1 -1  0 -9 
46 146   1  1  0 -9 
46 159  -1  0  0 -9 
46 225  -1  0  0 -9 
46 251  -1  0  0 -9 
46 273   1  1  0 -9 
46 276  -1  0  0 -9 
46 281  -1  0  0 -9 
46 299   1 -1  0 -9 
46 333  -1  2  0 -9 
46 336   1  1  0 -9 
46 340   1  1  0 -9 
46 362   1  1  0 -9 
46 370  -1  2 -1  0  0 -9 
46 495  -1  2  0 -9 
46 499  -1  2  0 -9 
46 529   1  1  0 -9 
46 574   1  3  0 -9 
47 47  -1 -2  0 -9 
47 97   1 -1  0 -9 
47 160  -1  0  0 -9 
47 252  -1  0  0 -9 
47 278  -1  0  0 -9 
47 300   1 -1  0 -9 
47 330  -1  2  0 -9 
47 341   1  1  0 -9 
47 359   1  1  0 -9 
47 371  -1  2 -1  0  0 -9 
47 500  -1  2  0 -9 
47 530   1  1  0 -9 
47 575   1  3  0 -9 
48  8   1 -1  0 -9 
48 48  -1 -2  0 -9 
48 98   1 -1  0 -9 
48 161  -1  0  0 -9 
48 223  -1  0  0 -9 
48 253  -1  0  0 -9 
48 271   1  1  0 -9 
48 282  -1  0  0 -9 
48 301   1 -1  0 -9 
48 331  -1  2  0 -9 
48 334  -1  2  0 -9 
48 342   1  1  0 -9 
48 363   1  1  0 -9 
48 372  -1  2 -1  0  0 -9 
48 501  -1  2  0 -9 
48 531   1  1  0 -9 
48 576   1  3  0 -9 
49 49  -1 -2  0 -9 
49 99   1 -1  0 -9 
49 162  -1  0  0 -9 
49 254  -1  0  0 -9 
49 283  -1  0  0 -9 
49 302   1 -1  0 -9 
49 335  -1  2  0 -9 
49 343   1  1  0 -9 
49 364   1  1  0 -9 
49 373  -1  2 -1  0  0 -9 
49 502  -1  2  0 -9 
49 532   1  1  0 -9 
49 577   1  3  0 -9 
50 50  -1 -2  0 -9 
50 100   1 -1  0 -9 
50 163  -1  0  0 -9 
50 255  -1  0  0 -9 
50 278  -1  0  0 -9 
50 281  -1  0  0 -9 
50 284  -1  0  0 -9 
50 303   1 -1  0 -9 
50 330  -1  2  0 -9 
50 333  -1  2  0 -9 
50 334  -1  2  0 -9 
50 344   1  1  0 -9 
50 359   1  1  0 -9 
50 362   1  1  0 -9 
50 365   1  1  0 -9 
50 374  -1  2 -1  0  0 -9 
50 503  -1  2  0 -9 
50 533   1  1  0 -9 
50 578   1  3  0 -9 
51 51  -1 -2  0 -9 
51 101   1 -1  0 -9 
51 164  -1  0  0 -9 
51 256  -1  0  0 -9 
51 285  -1  0  0 -9 
51 304   1 -1  0 -9 
51 336  -1  2  0 -9 
51 345   1  1  0 -9 
51 366   1  1  0 -9 
51 375  -1  2 -1  0  0 -9 
51 504  -1  2  0 -9 
51 534   1  1  0 -9 
51 579   1  3  0 -9 
52  8   1 -1  0 -9 
52 52  -1 -2  0 -9 
52 102   1 -1  0 -9 
52 165  -1  0  0 -9 
52 223  -1  0  0 -9 
52 257  -1  0  0 -9 
52 271   1  1  0 -9 
52 279  -1  0  0 -9 
52 288  -1  0  0 -9 
52 311   1 -1  0 -9 
52 331  -1  2  0 -9 
52 346   1  1  0 -9 
52 360   1  1  0 -9 
52 382  -1  2 -1  0  0 -9 
52 414  -1  2  0 -9 
52 422   1  1  0 -9 
52 505  -1  2  0 -9 
52 541   1  1  0 -9 
52 592   1  3  0 -9 
53 14   1 -1  0 -9 
53 53  -1 -2  0 -9 
53 103   1 -1  0 -9 
53 166  -1  0  0 -9 
53 238  -1  0  0 -9 
53 258  -1  0  0 -9 
53 286   1  1  0 -9 
53 289  -1  0  0 -9 
53 312   1 -1  0 -9 
53 347   1  1  0 -9 
53 383  -1  2 -1  0  0 -9 
53 412  -1  2  0 -9 
53 415  -1  2  0 -9 
53 423   1  1  0 -9 
53 506  -1  2  0 -9 
53 542   1  1  0 -9 
53 593   1  3  0 -9 
54 15   1 -1  0 -9 
54 54  -1 -2  0 -9 
54 104   1 -1  0 -9 
54 167  -1  0  0 -9 
54 239  -1  0  0 -9 
54 259  -1  0  0 -9 
54 287   1  1  0 -9 
54 290  -1  0  0 -9 
54 313   1 -1  0 -9 
54 348   1  1  0 -9 
54 384  -1  2 -1  0  0 -9 
54 413  -1  2  0 -9 
54 416  -1  2  0 -9 
54 424   1  1  0 -9 
54 507  -1  2  0 -9 
54 543   1  1  0 -9 
54 594   1  3  0 -9 
55 55  -1 -2  0 -9 
55 105   1 -1  0 -9 
55 168  -1  0  0 -9 
55 260  -1  0  0 -9 
55 280  -1  0  0 -9 
55 291  -1  0  0 -9 
55 314   1 -1  0 -9 
55 332  -1  2  0 -9 
55 349   1  1  0 -9 
55 361   1  1  0 -9 
55 385  -1  2 -1  0  0 -9 
55 417  -1  2  0 -9 
55 425   1  1  0 -9 
55 508  -1  2  0 -9 
55 544   1  1  0 -9 
55 595   1  3  0 -9 
56 56  -1 -2  0 -9 
56 106   1 -1  0 -9 
56 169  -1  0  0 -9 
56 261  -1  0  0 -9 
56 281  -1  0  0 -9 
56 292  -1  0  0 -9 
56 315   1 -1  0 -9 
56 333  -1  2  0 -9 
56 350   1  1  0 -9 
56 362   1  1  0 -9 
56 386  -1  2 -1  0  0 -9 
56 418  -1  2  0 -9 
56 426   1  1  0 -9 
56 509  -1  2  0 -9 
56 545   1  1  0 -9 
56 596   1  3  0 -9 
57 57  -1 -2  0 -9 
57 107   1 -1  0 -9 
57 170  -1  0  0 -9 
57 262  -1  0  0 -9 
57 293  -1  0  0 -9 
57 316   1 -1  0 -9 
57 351   1  1  0 -9 
57 387  -1  2 -1  0  0 -9 
57 419  -1  2  0 -9 
57 427   1  1  0 -9 
57 510  -1  2  0 -9 
57 546   1  1  0 -9 
57 597   1  3  0 -9 
58 15   1 -1  0 -9 
58 58  -1 -2  0 -9 
58 108   1 -1  0 -9 
58 171  -1  0  0 -9 
58 239  -1  0  0 -9 
58 263  -1  0  0 -9 
58 287   1  1  0 -9 
58 294  -1  0  0 -9 
58 317   1 -1  0 -9 
58 336  -1  2  0 -9 
58 352   1  1  0 -9 
58 388  -1  2 -1  0  0 -9 
58 413  -1  2  0 -9 
58 420  -1  2  0 -9 
58 428   1  1  0 -9 
58 511  -1  2  0 -9 
58 547   1  1  0 -9 
58 598   1  3  0 -9 
59 59  -1 -2  0 -9 
59 109   1 -1  0 -9 
59 172  -1  0  0 -9 
59 264  -1  0  0 -9 
59 295  -1  0  0 -9 
59 318   1 -1  0 -9 
59 353   1  1  0 -9 
59 389  -1  2 -1  0  0 -9 
59 421  -1  2  0 -9 
59 429   1  1  0 -9 
59 512  -1  2  0 -9 
59 548   1  1  0 -9 
59 599   1  3  0 -9 
60 123   1  3  0 -9 
61 124   1  3  0 -9 
62 125   1  3  0 -9 
63 126   1  3  0 -9 
64 127   1  3  0 -9 
65 128   1  3  0 -9 
66 129   1  3  0 -9 
66 444  -1  4  0 -9 
67 130   1  3  0 -9 
67 445  -1  4  0 -9 
68 131   1  3  0 -9 
68 446  -1  4  0 -9 
69 132   1  3  0 -9 
69 447  -1  4  0 -9 
70 66  -1  1  0 -9 
70 70   1  0  0 -9 
70 129   1  2  0 -9 
70 133  -1  1  0 -9 
70 444  -1  3  0 -9 
70 461   1  2  0 -9 
71 67  -1  1  0 -9 
71 71   1  0  0 -9 
71 130   1  2  0 -9 
71 134  -1  1  0 -9 
71 445  -1  3  0 -9 
71 462   1  2  0 -9 
72 68  -1  1  0 -9 
72 72   1  0  0 -9 
72 131   1  2  0 -9 
72 135  -1  1  0 -9 
72 446  -1  3  0 -9 
72 463   1  2  0 -9 
73 69  -1  1  0 -9 
73 73   1  0  0 -9 
73 132   1  2  0 -9 
73 136  -1  1  0 -9 
73 447  -1  3  0 -9 
73 464   1  2  0 -9 
74 63  -1  1  0 -9 
74 66  -1  1  0 -9 
74 74   1  0  0 -9 
74 126   1  2  0 -9 
74 129   1  2  0 -9 
74 137  -1  1  0 -9 
74 444  -1  3  0 -9 
74 465   1  2  0 -9 
75 65  -1  1  0 -9 
75 68  -1  1  0 -9 
75 75   1  0  0 -9 
75 128   1  2  0 -9 
75 131   1  2  0 -9 
75 138  -1  1  0 -9 
75 446  -1  3  0 -9 
75 466   1  2  0 -9 
76 139   1  3  0 -9 
76 488  -1  4  0 -9 
77 140   1  3  0 -9 
77 489  -1  4  0 -9 
78 141   1  3  0 -9 
78 490  -1  4  0 -9 
79 142   1  3  0 -9 
79 491  -1  4  0 -9 
80 143   1  3  0 -9 
80 492  -1  4  0 -9 
81 144   1  3  0 -9 
81 493  -1  4  0 -9 
82 145   1  3  0 -9 
82 494  -1  4  0 -9 
83 146   1  3  0 -9 
83 495  -1  4  0 -9 
84 76  -1  1  0 -9 
84 84   1  0  0 -9 
84 139   1  2  0 -9 
84 147  -1  1  0 -9 
84 229  -1  1  0 -9 
84 277   1  2  0 -9 
84 358  -1  3  0 -9 
84 488  -1  3  0 -9 
84 517   1  2  0 -9 
85 77  -1  1  0 -9 
85 85   1  0  0 -9 
85 140   1  2  0 -9 
85 148  -1  1  0 -9 
85 230  -1  1  0 -9 
85 278   1  2  0 -9 
85 359  -1  3  0 -9 
85 489  -1  3  0 -9 
85 518   1  2  0 -9 
86 78  -1  1  0 -9 
86 86   1  0  0 -9 
86 141   1  2  0 -9 
86 149  -1  1  0 -9 
86 231  -1  1  0 -9 
86 279   1  2  0 -9 
86 360  -1  3  0 -9 
86 490  -1  3  0 -9 
86 519   1  2  0 -9 
87 79  -1  1  0 -9 
87 87   1  0  0 -9 
87 142   1  2  0 -9 
87 150  -1  1  0 -9 
87 232  -1  1  0 -9 
87 280   1  2  0 -9 
87 361  -1  3  0 -9 
87 491  -1  3  0 -9 
87 520   1  2  0 -9 
88 80  -1  1  0 -9 
88 88   1  0  0 -9 
88 143   1  2  0 -9 
88 151  -1  1  0 -9 
88 233  -1  1  0 -9 
88 281   1  2  0 -9 
88 362  -1  3  0 -9 
88 492  -1  3  0 -9 
88 521   1  2  0 -9 
89 64  -1  1  0 -9 
89 78  -1  1  0 -9 
89 81  -1  1  0 -9 
89 89   1  0  0 -9 
89 127   1  2  0 -9 
89 141   1  2  0 -9 
89 144   1  2  0 -9 
89 152  -1  1  0 -9 
89 234  -1  1  0 -9 
89 282   1  2  0 -9 
89 363  -1  3  0 -9 
89 490  -1  3  0 -9 
89 493  -1  3  0 -9 
89 522   1  2  0 -9 
90 65  -1  1  0 -9 
90 82  -1  1  0 -9 
90 90   1  0  0 -9 
90 128   1  2  0 -9 
90 145   1  2  0 -9 
90 153  -1  1  0 -9 
90 235  -1  1  0 -9 
90 283   1  2  0 -9 
90 364  -1  3  0 -9 
90 494  -1  3  0 -9 
90 523   1  2  0 -9 
91 81  -1  1  0 -9 
91 91   1  0  0 -9 
91 144   1  2  0 -9 
91 154  -1  1  0 -9 
91 236  -1  1  0 -9 
91 284   1  2  0 -9 
91 365  -1  3  0 -9 
91 493  -1  3  0 -9 
91 524   1  2  0 -9 
92 83  -1  1  0 -9 
92 92   1  0  0 -9 
92 146   1  2  0 -9 
92 155  -1  1  0 -9 
92 237  -1  1  0 -9 
92 285   1  2  0 -9 
92 366  -1  3  0 -9 
92 495  -1  3  0 -9 
92 525   1  2  0 -9 
93 93   1  0  0 -9 
93 156  -1  1  0 -9 
93 248  -1  1  0 -9 
93 337   1  2  0 -9 
93 367  -1  3  0 -9 
93 496  -1  3  0 -9 
93 526   1  2  0 -9 
93 571   1  4  0 -9 
94 81  -1  1  0 -9 
94 94   1  0  0 -9 
94 144   1  2  0 -9 
94 157  -1  1  0 -9 
94 249  -1  1  0 -9 
94 338   1  2  0 -9 
94 368  -1  3  0 -9 
94 493  -1  3  0 -9 
94 497  -1  3  0 -9 
94 527   1  2  0 -9 
94 572   1  4  0 -9 
95 82  -1  1  0 -9 
95 95   1  0  0 -9 
95 145   1  2  0 -9 
95 158  -1  1  0 -9 
95 250  -1  1  0 -9 
95 339   1  2  0 -9 
95 369  -1  3  0 -9 
95 494  -1  3  0 -9 
95 498  -1  3  0 -9 
95 528   1  2  0 -9 
95 573   1  4  0 -9 
96 83  -1  1  0 -9 
96 96   1  0  0 -9 
96 146   1  2  0 -9 
96 159  -1  1  0 -9 
96 251  -1  1  0 -9 
96 340   1  2  0 -9 
96 370  -1  3  0 -9 
96 495  -1  3  0 -9 
96 499  -1  3  0 -9 
96 529   1  2  0 -9 
96 574   1  4  0 -9 
97 97   1  0  0 -9 
97 160  -1  1  0 -9 
97 252  -1  1  0 -9 
97 330  -1  3  0 -9 
97 341   1  2  0 -9 
97 371  -1  3  0 -9 
97 500  -1  3  0 -9 
97 530   1  2  0 -9 
97 575   1  4  0 -9 
98 98   1  0  0 -9 
98 161  -1  1  0 -9 
98 253  -1  1  0 -9 
98 334  -1  3  0 -9 
98 342   1  2  0 -9 
98 372  -1  3  0 -9 
98 501  -1  3  0 -9 
98 531   1  2  0 -9 
98 576   1  4  0 -9 
99 99   1  0  0 -9 
99 162  -1  1  0 -9 
99 254  -1  1  0 -9 
99 335  -1  3  0 -9 
99 343   1  2  0 -9 
99 373  -1  3  0 -9 
99 502  -1  3  0 -9 
99 532   1  2  0 -9 
99 577   1  4  0 -9 
100 100   1  0  0 -9 
100 163  -1  1  0 -9 
100 255  -1  1  0 -9 
100 330  -1  3  0 -9 
100 333  -1  3  0 -9 
100 334  -1  3  0 -9 
100 344   1  2  0 -9 
100 374  -1  3  0 -9 
100 503  -1  3  0 -9 
100 533   1  2  0 -9 
100 578   1  4  0 -9 
101 101   1  0  0 -9 
101 164  -1  1  0 -9 
101 256  -1  1  0 -9 
101 336  -1  3  0 -9 
101 345   1  2  0 -9 
101 375  -1  3  0 -9 
101 504  -1  3  0 -9 
101 534   1  2  0 -9 
101 579   1  4  0 -9 
102 102   1  0  0 -9 
102 165  -1  1  0 -9 
102 257  -1  1  0 -9 
102 346   1  2  0 -9 
102 382  -1  3  0 -9 
102 414  -1  3  0 -9 
102 505  -1  3  0 -9 
102 541   1  2  0 -9 
102 592   1  4  0 -9 
103 103   1  0  0 -9 
103 166  -1  1  0 -9 
103 258  -1  1  0 -9 
103 347   1  2  0 -9 
103 383  -1  3  0 -9 
103 415  -1  3  0 -9 
103 506  -1  3  0 -9 
103 542   1  2  0 -9 
103 593   1  4  0 -9 
104 104   1  0  0 -9 
104 167  -1  1  0 -9 
104 259  -1  1  0 -9 
104 348   1  2  0 -9 
104 384  -1  3  0 -9 
104 416  -1  3  0 -9 
104 507  -1  3  0 -9 
104 543   1  2  0 -9 
104 594   1  4  0 -9 
105 105   1  0  0 -9 
105 168  -1  1  0 -9 
105 260  -1  1  0 -9 
105 332  -1  3  0 -9 
105 349   1  2  0 -9 
105 385  -1  3  0 -9 
105 417  -1  3  0 -9 
105 508  -1  3  0 -9 
105 544   1  2  0 -9 
105 595   1  4  0 -9 
106 106   1  0  0 -9 
106 169  -1  1  0 -9 
106 261  -1  1  0 -9 
106 333  -1  3  0 -9 
106 350   1  2  0 -9 
106 386  -1  3  0 -9 
106 418  -1  3  0 -9 
106 509  -1  3  0 -9 
106 545   1  2  0 -9 
106 596   1  4  0 -9 
107 107   1  0  0 -9 
107 170  -1  1  0 -9 
107 262  -1  1  0 -9 
107 351   1  2  0 -9 
107 387  -1  3  0 -9 
107 419  -1  3  0 -9 
107 510  -1  3  0 -9 
107 546   1  2  0 -9 
107 597   1  4  0 -9 
108 108   1  0  0 -9 
108 171  -1  1  0 -9 
108 263  -1  1  0 -9 
108 336  -1  3  0 -9 
108 352   1  2  0 -9 
108 388  -1  3  0 -9 
108 420  -1  3  0 -9 
108 511  -1  3  0 -9 
108 547   1  2  0 -9 
108 598   1  4  0 -9 
109 109   1  0  0 -9 
109 172  -1  1  0 -9 
109 264  -1  1  0 -9 
109 353   1  2  0 -9 
109 389  -1  3  0 -9 
109 421  -1  3  0 -9 
109 512  -1  3  0 -9 
109 548   1  2  0 -9 
109 599   1  4  0 -9 
110 66  -1  0  0 -9 
110 70   1 -1  0 -9 
110 93   1 -1  0 -9 
110 110  -1 -2  0 -9 
110 129   1  1  0 -9 
110 133  -1  0  0 -9 
110 156  -1  0  0 -9 
110 200   1 -1  0 -9 
110 248  -1  0  0 -9 
110 444  -1  2  0 -9 
110 461   1  1  0 -9 
110 467  -1  0  0 -9 
110 526   1  1  0 -9 
111 81  -1  0  0 -9 
111 94   1 -1  0 -9 
111 111  -1 -2  0 -9 
111 144   1  1  0 -9 
111 157  -1  0  0 -9 
111 201   1 -1  0 -9 
111 249  -1  0  0 -9 
111 468  -1  0  0 -9 
111 493  -1  2  0 -9 
111 527   1  1  0 -9 
112 82  -1  0  0 -9 
112 95   1 -1  0 -9 
112 112  -1 -2  0 -9 
112 145   1  1  0 -9 
112 158  -1  0  0 -9 
112 202   1 -1  0 -9 
112 250  -1  0  0 -9 
112 469  -1  0  0 -9 
112 494  -1  2  0 -9 
112 528   1  1  0 -9 
113 83  -1  0  0 -9 
113 96   1 -1  0 -9 
113 113  -1 -2  0 -9 
113 146   1  1  0 -9 
113 159  -1  0  0 -9 
113 203   1 -1  0 -9 
113 251  -1  0  0 -9 
113 470  -1  0  0 -9 
113 495  -1  2  0 -9 
113 529   1  1  0 -9 
114 66   1 -1  0 -9 
114 67  -1  0  0 -9 
114 71   1 -1  0 -9 
114 77   1 -1  0 -9 
114 97   1 -1  0 -9 
114 114  -1 -2  0 -9 
114 129   1  2  0 -9 
114 134  -1  0  0 -9 
114 140   1  2  0 -9 
114 160  -1  0  0 -9 
114 204   1 -1  0 -9 
114 252  -1  0  0 -9 
114 444  -1  3  0 -9 
114 462   1  1  0 -9 
114 471  -1  0  0 -9 
114 489  -1  3  0 -9 
114 530   1  1  0 -9 
115 68  -1  0  0 -9 
115 72   1 -1  0 -9 
115 81   1 -1  0 -9 
115 98   1 -1  0 -9 
115 115  -1 -2  0 -9 
115 135  -1  0  0 -9 
115 144   1  2  0 -9 
115 161  -1  0  0 -9 
115 205   1 -1  0 -9 
115 253  -1  0  0 -9 
115 463   1  1  0 -9 
115 472  -1  0  0 -9 
115 493  -1  3  0 -9 
115 531   1  1  0 -9 
116 69  -1  0  0 -9 
116 73   1 -1  0 -9 
116 82   1 -1  0 -9 
116 99   1 -1  0 -9 
116 116  -1 -2  0 -9 
116 136  -1  0  0 -9 
116 145   1  2  0 -9 
116 162  -1  0  0 -9 
116 206   1 -1  0 -9 
116 254  -1  0  0 -9 
116 464   1  1  0 -9 
116 473  -1  0  0 -9 
116 494  -1  3  0 -9 
116 532   1  1  0 -9 
117 77   1 -1  0 -9 
117 80   1 -1  0 -9 
117 81   1 -1  0 -9 
117 100   1 -1  0 -9 
117 117  -1 -2  0 -9 
117 140   1  2  0 -9 
117 143   1  2  0 -9 
117 144   1  2  0 -9 
117 163  -1  0  0 -9 
117 207   1 -1  0 -9 
117 255  -1  0  0 -9 
117 474  -1  0  0 -9 
117 489  -1  3  0 -9 
117 492  -1  3  0 -9 
117 493  -1  3  0 -9 
117 533   1  1  0 -9 
118 83   1 -1  0 -9 
118 101   1 -1  0 -9 
118 118  -1 -2  0 -9 
118 146   1  2  0 -9 
118 164  -1  0  0 -9 
118 208   1 -1  0 -9 
118 256  -1  0  0 -9 
118 475  -1  0  0 -9 
118 495  -1  3  0 -9 
118 534   1  1  0 -9 
119 98   1 -1  0 -9 
119 103   1 -1  0 -9 
119 119  -1 -2  0 -9 
119 161  -1  0  0 -9 
119 166  -1  0  0 -9 
119 253  -1  0  0 -9 
119 258  -1  0  0 -9 
119 334  -1  2  0 -9 
119 338  -1  0  0 -9 
119 342   1  1  0 -9 
119 347   1  1  0 -9 
119 354  -1  0  0 -9 
119 368   1  1  0 -9 
119 372  -1  2 -1  0  0 -9 
119 383  -1  2 -1  0  0 -9 
119 400   1 -1  0 -9 
119 415  -1  2  0 -9 
119 434   1  1  0 -9 
119 497   1  1  0 -9 
119 501  -1  2  0 -9 
119 506  -1  2  0 -9 
119 513   1  1  0 -9 
119 531   1  1  0 -9 
119 542   1  1  0 -9 
119 559  -1  0  0 -9 
119 572  -1  2  0 -9 
119 576   1  3  0 -9 
119 580   1  1  0 -9 
119 593   1  3  0 -9 
119 600  -1  2  0 -9 
120 93   1 -1  0 -9 
120 99   1 -1  0 -9 
120 104   1 -1  0 -9 
120 120  -1 -2  0 -9 
120 156  -1  0  0 -9 
120 162  -1  0  0 -9 
120 167  -1  0  0 -9 
120 248  -1  0  0 -9 
120 254  -1  0  0 -9 
120 259  -1  0  0 -9 
120 335  -1  2  0 -9 
120 337   1  1  0 -9 
120 339  -1  0  0 -9 
120 343   1  1  0 -9 
120 348   1  1  0 -9 
120 355  -1  0  0 -9 
120 367  -1  2 -1  0  0 -9 
120 369   1  1  0 -9 
120 373  -1  2 -1  0  0 -9 
120 384  -1  2 -1  0  0 -9 
120 401   1 -1  0 -9 
120 416  -1  2  0 -9 
120 435   1  1  0 -9 
120 496  -1  2  0 -9 
120 498   1  1  0 -9 
120 502  -1  2  0 -9 
120 507  -1  2  0 -9 
120 514   1  1  0 -9 
120 526   1  1  0 -9 
120 532   1  1  0 -9 
120 543   1  1  0 -9 
120 560  -1  0  0 -9 
120 571   1  3  0 -9 
120 573  -1  2  0 -9 
120 577   1  3  0 -9 
120 581   1  1  0 -9 
120 594   1  3  0 -9 
120 601  -1  2  0 -9 
121 108   1 -1  0 -9 
121 121  -1 -2  0 -9 
121 171  -1  0  0 -9 
121 263  -1  0  0 -9 
121 336  -1  2  0 -9 
121 340  -1  0  0 -9 
121 352   1  1  0 -9 
121 356  -1  0  0 -9 
121 370   1  1  0 -9 
121 388  -1  2 -1  0  0 -9 
121 402   1 -1  0 -9 
121 420  -1  2  0 -9 
121 436   1  1  0 -9 
121 499   1  1  0 -9 
121 511  -1  2  0 -9 
121 515   1  1  0 -9 
121 547   1  1  0 -9 
121 561  -1  0  0 -9 
121 574  -1  2  0 -9 
121 582   1  1  0 -9 
121 598   1  3  0 -9 
121 602  -1  2  0 -9 
122 103   1 -1  0 -9 
122 109   1 -1  0 -9 
122 122  -1 -2  0 -9 
122 166  -1  0  0 -9 
122 172  -1  0  0 -9 
122 258  -1  0  0 -9 
122 264  -1  0  0 -9 
122 347   1  1  0 -9 
122 353   1  1  0 -9 
122 357  -1  0  0 -9 
122 383  -1  2 -1  0  0 -9 
122 389  -1  2 -1  0  0 -9 
122 403   1 -1  0 -9 
122 415  -1  2  0 -9 
122 421  -1  2  0 -9 
122 437   1  1  0 -9 
122 506  -1  2  0 -9 
122 512  -1  2  0 -9 
122 516   1  1  0 -9 
122 542   1  1  0 -9 
122 548   1  1  0 -9 
122 562  -1  0  0 -9 
122 583   1  1  0 -9 
122 593   1  3  0 -9 
122 599   1  3  0 -9 
122 603  -1  2  0 -9 
123 60   1  3  0 -9 
124 61   1  3  0 -9 
125 62   1  3  0 -9 
126 63   1  3  0 -9 
127 64   1  3  0 -9 
128 65   1  3  0 -9 
129 66   1  3  0 -9 
129 444  -1  5  0 -9 
130 67   1  3  0 -9 
130 445  -1  5  0 -9 
131 68   1  3  0 -9 
131 446  -1  5  0 -9 
132 69   1  3  0 -9 
132 447  -1  5  0 -9 
133 444  -1  4  0 -9 
133 461   1  3  0 -9 
134 445  -1  4  0 -9 
134 462   1  3  0 -9 
135 446  -1  4  0 -9 
135 463   1  3  0 -9 
136 447  -1  4  0 -9 
136 464   1  3  0 -9 
137 444  -1  4  0 -9 
137 465   1  3  0 -9 
138 446  -1  4  0 -9 
138 466   1  3  0 -9 
139 76   1  3  0 -9 
139 329   1  6  0 -9 
139 488  -1  5  0 -9 
140 77   1  3  0 -9 
140 330   1  6  0 -9 
140 489  -1  5  0 -9 
141 78   1  3  0 -9 
141 331   1  6  0 -9 
141 490  -1  5  0 -9 
142 79   1  3  0 -9 
142 332   1  6  0 -9 
142 491  -1  5  0 -9 
143 80   1  3  0 -9 
143 333   1  6  0 -9 
143 492  -1  5  0 -9 
144 81   1  3  0 -9 
144 334   1  6  0 -9 
144 493  -1  5  0 -9 
145 82   1  3  0 -9 
145 335   1  6  0 -9 
145 494  -1  5  0 -9 
146 83   1  3  0 -9 
146 336   1  6  0 -9 
146 495  -1  5  0 -9 
147 329   1  5  0 -9 
147 358  -1  4  0 -9 
147 488  -1  4  0 -9 
147 517   1  3  0 -9 
148 330   1  5  0 -9 
148 359  -1  4  0 -9 
148 489  -1  4  0 -9 
148 518   1  3  0 -9 
149 331   1  5  0 -9 
149 360  -1  4  0 -9 
149 490  -1  4  0 -9 
149 519   1  3  0 -9 
150 332   1  5  0 -9 
150 361  -1  4  0 -9 
150 491  -1  4  0 -9 
150 520   1  3  0 -9 
151 333   1  5  0 -9 
151 362  -1  4  0 -9 
151 492  -1  4  0 -9 
151 521   1  3  0 -9 
152 331   1  5  0 -9 
152 334   1  5  0 -9 
152 363  -1  4  0 -9 
152 490  -1  4  0 -9 
152 493  -1  4  0 -9 
152 522   1  3  0 -9 
153 335   1  5  0 -9 
153 364  -1  4  0 -9 
153 494  -1  4  0 -9 
153 523   1  3  0 -9 
154 334   1  5  0 -9 
154 365  -1  4  0 -9 
154 493  -1  4  0 -9 
154 524   1  3  0 -9 
155 336   1  5  0 -9 
155 366  -1  4  0 -9 
155 495  -1  4  0 -9 
155 525   1  3  0 -9 
156 367  -1  4  0 -9 
156 496  -1  4  0 -9 
156 526   1  3  0 -9 
156 571   1  5  0 -9 
157 334   1  5  0 -9 
157 368  -1  4  0 -9 
157 493  -1  4  0 -9 
157 497  -1  4  0 -9 
157 527   1  3  0 -9 
157 572   1  5  0 -9 
158 335   1  5  0 -9 
158 369  -1  4  0 -9 
158 494  -1  4  0 -9 
158 498  -1  4  0 -9 
158 528   1  3  0 -9 
158 573   1  5  0 -9 
159 336   1  5  0 -9 
159 370  -1  4  0 -9 
159 495  -1  4  0 -9 
159 499  -1  4  0 -9 
159 529   1  3  0 -9 
159 574   1  5  0 -9 
160 371  -1  4  0 -9 
160 500  -1  4  0 -9 
160 530   1  3  0 -9 
160 575   1  5  0 -9 
161 372  -1  4  0 -9 
161 501  -1  4  0 -9 
161 531   1  3  0 -9 
161 576   1  5  0 -9 
162 373  -1  4  0 -9 
162 502  -1  4  0 -9 
162 532   1  3  0 -9 
162 577   1  5  0 -9 
163 374  -1  4  0 -9 
163 503  -1  4  0 -9 
163 533   1  3  0 -9 
163 578   1  5  0 -9 
164 375  -1  4  0 -9 
164 504  -1  4  0 -9 
164 534   1  3  0 -9 
164 579   1  5  0 -9 
165 382  -1  4  0 -9 
165 505  -1  4  0 -9 
165 541   1  3  0 -9 
165 592   1  5  0 -9 
166 383  -1  4  0 -9 
166 506  -1  4  0 -9 
166 542   1  3  0 -9 
166 593   1  5  0 -9 
167 384  -1  4  0 -9 
167 507  -1  4  0 -9 
167 543   1  3  0 -9 
167 594   1  5  0 -9 
168 385  -1  4  0 -9 
168 508  -1  4  0 -9 
168 544   1  3  0 -9 
168 595   1  5  0 -9 
169 386  -1  4  0 -9 
169 509  -1  4  0 -9 
169 545   1  3  0 -9 
169 596   1  5  0 -9 
170 387  -1  4  0 -9 
170 510  -1  4  0 -9 
170 546   1  3  0 -9 
170 597   1  5  0 -9 
171 388  -1  4  0 -9 
171 511  -1  4  0 -9 
171 547   1  3  0 -9 
171 598   1  5  0 -9 
172 389  -1  4  0 -9 
172 512  -1  4  0 -9 
172 548   1  3  0 -9 
172 599   1  5  0 -9 
173 60  -1  1  0 -9 
173 62   1  2  0 -9 
173 66  -1  1  0 -9 
173 123   1  2  0 -9 
173 125  -1  1  0 -9 
173 129   1  2  0 -9 
173 133  -1  1  0 -9 
173 173   1  0  0 -9 
173 444  -1  3  0 -9 
173 461   1  2  0 -9 
174 63   1  2  0 -9 
174 67  -1  1  0 -9 
174 126  -1  1  0 -9 
174 130   1  2  0 -9 
174 134  -1  1  0 -9 
174 174   1  0  0 -9 
174 445  -1  3  0 -9 
174 462   1  2  0 -9 
175 61  -1  1  0 -9 
175 64   1  2  0 -9 
175 68  -1  1  0 -9 
175 124   1  2  0 -9 
175 127  -1  1  0 -9 
175 131   1  2  0 -9 
175 135  -1  1  0 -9 
175 175   1  0  0 -9 
175 446  -1  3  0 -9 
175 463   1  2  0 -9 
176 65   1  2  0 -9 
176 69  -1  1  0 -9 
176 128  -1  1  0 -9 
176 132   1  2  0 -9 
176 136  -1  1  0 -9 
176 176   1  0  0 -9 
176 447  -1  3  0 -9 
176 464   1  2  0 -9 
177 66  -1  1  0 -9 
177 129   1  2  0 -9 
177 137  -1  1  0 -9 
177 177   1  0  0 -9 
177 444  -1  3  0 -9 
177 465   1  2  0 -9 
178 68  -1  1  0 -9 
178 131   1  2  0 -9 
178 138  -1  1  0 -9 
178 178   1  0  0 -9 
178 446  -1  3  0 -9 
178 466   1  2  0 -9 
179 66  -1  0  0 -9 
179 70   1 -1  0 -9 
179 129   1  1  0 -9 
179 133  -1  0  0 -9 
179 134   1 -1  0 -9 
179 137  -1  0  0 -9 
179 177   1 -1  0 -9 
179 179  -1 -2  0 -9 
179 445  -1  3  0 -9 
179 462   1  2  0 -9 
180 68  -1  0  0 -9 
180 72   1 -1  0 -9 
180 131   1  1  0 -9 
180 135  -1  0  0 -9 
180 136   1 -1  0 -9 
180 138  -1  0  0 -9 
180 178   1 -1  0 -9 
180 180  -1 -2  0 -9 
180 447  -1  3  0 -9 
180 464   1  2  0 -9 
181 76  -1  1  0 -9 
181 139   1  2  0 -9 
181 147  -1  1  0 -9 
181 181   1  0  0 -9 
181 488  -1  3  0 -9 
181 517   1  2  0 -9 
182 77  -1  1  0 -9 
182 140   1  2  0 -9 
182 148  -1  1  0 -9 
182 182   1  0  0 -9 
182 489  -1  3  0 -9 
182 518   1  2  0 -9 
183 78  -1  1  0 -9 
183 141   1  2  0 -9 
183 149  -1  1  0 -9 
183 183   1  0  0 -9 
183 490  -1  3  0 -9 
183 519   1  2  0 -9 
184 79  -1  1  0 -9 
184 142   1  2  0 -9 
184 150  -1  1  0 -9 
184 184   1  0  0 -9 
184 491  -1  3  0 -9 
184 520   1  2  0 -9 
185 80  -1  1  0 -9 
185 143   1  2  0 -9 
185 151  -1  1  0 -9 
185 185   1  0  0 -9 
185 492  -1  3  0 -9 
185 521   1  2  0 -9 
186 78  -1  1  0 -9 
186 81  -1  1  0 -9 
186 141   1  2  0 -9 
186 144   1  2  0 -9 
186 152  -1  1  0 -9 
186 186   1  0  0 -9 
186 490  -1  3  0 -9 
186 493  -1  3  0 -9 
186 522   1  2  0 -9 
187 82  -1  1  0 -9 
187 145   1  2  0 -9 
187 153  -1  1  0 -9 
187 187   1  0  0 -9 
187 494  -1  3  0 -9 
187 523   1  2  0 -9 
188 81  -1  1  0 -9 
188 144   1  2  0 -9 
188 154  -1  1  0 -9 
188 188   1  0  0 -9 
188 493  -1  3  0 -9 
188 524   1  2  0 -9 
189 83  -1  1  0 -9 
189 146   1  2  0 -9 
189 155  -1  1  0 -9 
189 189   1  0  0 -9 
189 495  -1  3  0 -9 
189 525   1  2  0 -9 
190 93   1 -1  0 -9 
190 156  -1  0  0 -9 
190 160   1 -1  0 -9 
190 190  -1 -2  0 -9 
190 248  -1  0  0 -9 
190 305   1 -1  0 -9 
190 337   1  1  0 -9 
190 371  -1  3  0 -9 
190 376  -1  0  0 -9 
190 500  -1  3  0 -9 
190 530   1  2  0 -9 
190 575   1  4  0 -9 
191 78  -1  0  0 -9 
191 81  -1  0  0 -9 
191 86   1 -1  0 -9 
191 94   1 -1  0 -9 
191 135   1 -1  0 -9 
191 141   1  1  0 -9 
191 144   1  1  0 -9 
191 149  -1  0  0 -9 
191 150   1 -1  0 -9 
191 152  -1  0  0 -9 
191 157  -1  0  0 -9 
191 161   1 -1  0 -9 
191 186   1 -1  0 -9 
191 191  -1 -2  0 -9 
191 231  -1  0  0 -9 
191 249  -1  0  0 -9 
191 279   1  1  0 -9 
191 280  -1  0  0 -9 
191 306   1 -1  0 -9 
191 331  -1  3  0 -9 
191 332   1  4  0 -9 
191 334  -1  3  0 -9 
191 338   1  1  0 -9 
191 361  -1  3  0 -9 
191 363   1  2  0 -9 
191 372  -1  3  0 -9 
191 377  -1  0  0 -9 
191 446  -1  3  0 -9 
191 463   1  2  0 -9 
191 491  -1  3  0 -9 
191 501  -1  3  0 -9 
191 520   1  2  0 -9 
191 531   1  2  0 -9 
191 576   1  4  0 -9 
192 82  -1  0  0 -9 
192 95   1 -1  0 -9 
192 136   1 -1  0 -9 
192 145   1  1  0 -9 
192 148   1 -1  0 -9 
192 151   1 -1  0 -9 
192 153  -1  0  0 -9 
192 158  -1  0  0 -9 
192 162   1 -1  0 -9 
192 187   1 -1  0 -9 
192 192  -1 -2  0 -9 
192 250  -1  0  0 -9 
192 278  -1  0  0 -9 
192 281  -1  0  0 -9 
192 307   1 -1  0 -9 
192 330   1  4  0 -9 
192 333   1  4  0 -9 
192 335  -1  3  0 -9 
192 339   1  1  0 -9 
192 359  -1  3  0 -9 
192 362  -1  3  0 -9 
192 364   1  2  0 -9 
192 373  -1  3  0 -9 
192 378  -1  0  0 -9 
192 447  -1  3  0 -9 
192 464   1  2  0 -9 
192 489  -1  3  0 -9 
192 492  -1  3  0 -9 
192 502  -1  3  0 -9 
192 518   1  2  0 -9 
192 521   1  2  0 -9 
192 532   1  2  0 -9 
192 577   1  4  0 -9 
193 81  -1  0  0 -9 
193 94   1 -1  0 -9 
193 144   1  1  0 -9 
193 154  -1  0  0 -9 
193 157  -1  0  0 -9 
193 163   1 -1  0 -9 
193 188   1 -1  0 -9 
193 193  -1 -2  0 -9 
193 249  -1  0  0 -9 
193 308   1 -1  0 -9 
193 334  -1  3  0 -9 
193 338   1  1  0 -9 
193 365   1  2  0 -9 
193 374  -1  3  0 -9 
193 379  -1  0  0 -9 
193 503  -1  3  0 -9 
193 533   1  2  0 -9 
193 578   1  4  0 -9 
194 83  -1  0  0 -9 
194 96   1 -1  0 -9 
194 146   1  1  0 -9 
194 151   1 -1  0 -9 
194 155  -1  0  0 -9 
194 159  -1  0  0 -9 
194 164   1 -1  0 -9 
194 189   1 -1  0 -9 
194 194  -1 -2  0 -9 
194 251  -1  0  0 -9 
194 281  -1  0  0 -9 
194 309   1 -1  0 -9 
194 333   1  4  0 -9 
194 336  -1  3  0 -9 
194 340   1  1  0 -9 
194 362  -1  3  0 -9 
194 366   1  2  0 -9 
194 375  -1  3  0 -9 
194 380  -1  0  0 -9 
194 492  -1  3  0 -9 
194 504  -1  3  0 -9 
194 521   1  2  0 -9 
194 534   1  2  0 -9 
194 579   1  4  0 -9 
195 98   1 -1  0 -9 
195 161  -1  0  0 -9 
195 162   1 -1  0 -9 
195 195  -1 -2  0 -9 
195 253  -1  0  0 -9 
195 310   1 -1  0 -9 
195 334  -1  2  0 -9 
195 342   1  1  0 -9 
195 365   1  1  0 -9 
195 373  -1  3  0 -9 
195 381  -1  0  0 -9 
195 502  -1  3  0 -9 
195 532   1  2  0 -9 
195 577   1  4  0 -9 
196 102   1 -1  0 -9 
196 103   1 -1  0 -9 
196 165  -1  0  0 -9 
196 166  -1  0  0 -9 
196 168   1 -1  0 -9 
196 196  -1 -2  0 -9 
196 257  -1  0  0 -9 
196 258  -1  0  0 -9 
196 319   1 -1  0 -9 
196 346   1  1  0 -9 
196 347   1  1  0 -9 
196 385  -1  3  0 -9 
196 390  -1  0  0 -9 
196 414  -1  2  0 -9 
196 415  -1  2  0 -9 
196 430   1  1  0 -9 
196 508  -1  3  0 -9 
196 544   1  2  0 -9 
196 595   1  4  0 -9 
197 104   1 -1  0 -9 
197 167  -1  0  0 -9 
197 169   1 -1  0 -9 
197 197  -1 -2  0 -9 
197 259  -1  0  0 -9 
197 320   1 -1  0 -9 
197 348   1  1  0 -9 
197 386  -1  3  0 -9 
197 391  -1  0  0 -9 
197 416  -1  2  0 -9 
197 431   1  1  0 -9 
197 509  -1  3  0 -9 
197 545   1  2  0 -9 
197 596   1  4  0 -9 
198 103   1 -1  0 -9 
198 166  -1  0  0 -9 
198 170   1 -1  0 -9 
198 198  -1 -2  0 -9 
198 258  -1  0  0 -9 
198 321   1 -1  0 -9 
198 347   1  1  0 -9 
198 387  -1  3  0 -9 
198 392  -1  0  0 -9 
198 415  -1  2  0 -9 
198 432   1  1  0 -9 
198 510  -1  3  0 -9 
198 546   1  2  0 -9 
198 597   1  4  0 -9 
199 108   1 -1  0 -9 
199 169   1 -1  0 -9 
199 171  -1  0  0 -9 
199 172   1 -1  0 -9 
199 199  -1 -2  0 -9 
199 263  -1  0  0 -9 
199 322   1 -1  0 -9 
199 336  -1  2  0 -9 
199 352   1  1  0 -9 
199 366   1  1  0 -9 
199 386  -1  3  0 -9 
199 389  -1  3  0 -9 
199 393  -1  0  0 -9 
199 420  -1  2  0 -9 
199 433   1  1  0 -9 
199 509  -1  3  0 -9 
199 512  -1  3  0 -9 
199 545   1  2  0 -9 
199 548   1  2  0 -9 
199 596   1  4  0 -9 
199 599   1  4  0 -9 
200 66  -1  1  0 -9 
200 129   1  2  0 -9 
200 133  -1  1  0 -9 
200 156  -1  1  0 -9 
200 200   1  0  0 -9 
200 444  -1  3  0 -9 
200 448   1  2  0 -9 
200 461   1  2  0 -9 
200 467  -1  1  0 -9 
200 496  -1  3  0 -9 
200 526   1  2  0 -9 
201 81  -1  1  0 -9 
201 144   1  2  0 -9 
201 157  -1  1  0 -9 
201 201   1  0  0 -9 
201 449   1  2  0 -9 
201 468  -1  1  0 -9 
201 493  -1  3  0 -9 
201 497  -1  3  0 -9 
201 527   1  2  0 -9 
202 82  -1  1  0 -9 
202 145   1  2  0 -9 
202 158  -1  1  0 -9 
202 202   1  0  0 -9 
202 450   1  2  0 -9 
202 469  -1  1  0 -9 
202 494  -1  3  0 -9 
202 498  -1  3  0 -9 
202 528   1  2  0 -9 
203 83  -1  1  0 -9 
203 146   1  2  0 -9 
203 159  -1  1  0 -9 
203 203   1  0  0 -9 
203 451   1  2  0 -9 
203 470  -1  1  0 -9 
203 495  -1  3  0 -9 
203 499  -1  3  0 -9 
203 529   1  2  0 -9 
204 134  -1  1  0 -9 
204 160  -1  1  0 -9 
204 204   1  0  0 -9 
204 445  -1  3  0 -9 
204 452   1  2  0 -9 
204 462   1  2  0 -9 
204 471  -1  1  0 -9 
204 500  -1  3  0 -9 
204 530   1  2  0 -9 
205 135  -1  1  0 -9 
205 161  -1  1  0 -9 
205 205   1  0  0 -9 
205 446  -1  3  0 -9 
205 453   1  2  0 -9 
205 463   1  2  0 -9 
205 472  -1  1  0 -9 
205 501  -1  3  0 -9 
205 531   1  2  0 -9 
206 136  -1  1  0 -9 
206 162  -1  1  0 -9 
206 206   1  0  0 -9 
206 447  -1  3  0 -9 
206 454   1  2  0 -9 
206 464   1  2  0 -9 
206 473  -1  1  0 -9 
206 502  -1  3  0 -9 
206 532   1  2  0 -9 
207 163  -1  1  0 -9 
207 207   1  0  0 -9 
207 455   1  2  0 -9 
207 474  -1  1  0 -9 
207 503  -1  3  0 -9 
207 533   1  2  0 -9 
208 164  -1  1  0 -9 
208 208   1  0  0 -9 
208 456   1  2  0 -9 
208 475  -1  1  0 -9 
208 504  -1  3  0 -9 
208 534   1  2  0 -9 
209 134  -1  0  0 -9 
209 160  -1  0  0 -9 
209 204   1 -1  0 -9 
209 209  -1 -2  0 -9 
209 445  -1  2  0 -9 
209 448  -1  0  0 -9 
209 452   1  1  0 -9 
209 462   1  1  0 -9 
209 471  -1  0  0 -9 
209 476   1 -1  0 -9 
209 496   1  1  0 -9 
209 500  -1  2  0 -9 
209 530   1  1  0 -9 
209 535  -1  0  0 -9 
210 135  -1  0  0 -9 
210 161  -1  0  0 -9 
210 205   1 -1  0 -9 
210 210  -1 -2  0 -9 
210 446  -1  2  0 -9 
210 449  -1  0  0 -9 
210 453   1  1  0 -9 
210 463   1  1  0 -9 
210 472  -1  0  0 -9 
210 477   1 -1  0 -9 
210 497   1  1  0 -9 
210 501  -1  2  0 -9 
210 531   1  1  0 -9 
210 536  -1  0  0 -9 
211 136  -1  0  0 -9 
211 162  -1  0  0 -9 
211 206   1 -1  0 -9 
211 211  -1 -2  0 -9 
211 447  -1  2  0 -9 
211 450  -1  0  0 -9 
211 454   1  1  0 -9 
211 464   1  1  0 -9 
211 473  -1  0  0 -9 
211 478   1 -1  0 -9 
211 498   1  1  0 -9 
211 502  -1  2  0 -9 
211 532   1  1  0 -9 
211 537  -1  0  0 -9 
212 163  -1  0  0 -9 
212 207   1 -1  0 -9 
212 212  -1 -2  0 -9 
212 449  -1  0  0 -9 
212 455   1  1  0 -9 
212 474  -1  0  0 -9 
212 479   1 -1  0 -9 
212 497   1  1  0 -9 
212 503  -1  2  0 -9 
212 533   1  1  0 -9 
212 538  -1  0  0 -9 
213 164  -1  0  0 -9 
213 208   1 -1  0 -9 
213 213  -1 -2  0 -9 
213 451  -1  0  0 -9 
213 456   1  1  0 -9 
213 475  -1  0  0 -9 
213 480   1 -1  0 -9 
213 499   1  1  0 -9 
213 504  -1  2  0 -9 
213 534   1  1  0 -9 
213 539  -1  0  0 -9 
214 81  -1  0  0 -9 
214 136  -1  0  0 -9 
214 144   1  1  0 -9 
214 154  -1  0  0 -9 
214 162  -1  0  0 -9 
214 188   1 -1  0 -9 
214 206   1 -1  0 -9 
214 214  -1 -2  0 -9 
214 446   1  1  0 -9 
214 447  -1  2  0 -9 
214 453  -1  0  0 -9 
214 454   1  1  0 -9 
214 464   1  1  0 -9 
214 466  -1  0  0 -9 
214 473  -1  0  0 -9 
214 481   1 -1  0 -9 
214 493  -1  2  0 -9 
214 501   1  1  0 -9 
214 502  -1  2  0 -9 
214 524   1  1  0 -9 
214 532   1  1  0 -9 
214 540  -1  0  0 -9 
215 161   1 -1  0 -9 
215 215  -1 -2  0 -9 
215 372  -1  3  0 -9 
215 377  -1  0  0 -9 
215 394  -1  0  0 -9 
215 404   1 -1  0 -9 
215 438   1  1  0 -9 
215 457  -1  0  0 -9 
215 482   1 -1  0 -9 
215 501  -1  3  0 -9 
215 531   1  2  0 -9 
215 563  -1  0  0 -9 
215 576   1  4  0 -9 
215 584   1  1  0 -9 
215 604  -1  2  0 -9 
216 162   1 -1  0 -9 
216 216  -1 -2  0 -9 
216 373  -1  3  0 -9 
216 378  -1  0  0 -9 
216 395  -1  0  0 -9 
216 405   1 -1  0 -9 
216 439   1  1  0 -9 
216 458  -1  0  0 -9 
216 483   1 -1  0 -9 
216 502  -1  3  0 -9 
216 532   1  2  0 -9 
216 564  -1  0  0 -9 
216 577   1  4  0 -9 
216 585   1  1  0 -9 
216 605  -1  2  0 -9 
217 103   1 -1  0 -9 
217 166  -1  0  0 -9 
217 171   1 -1  0 -9 
217 217  -1 -2  0 -9 
217 258  -1  0  0 -9 
217 347   1  1  0 -9 
217 388  -1  3  0 -9 
217 396  -1  0  0 -9 
217 406   1 -1  0 -9 
217 415  -1  2  0 -9 
217 440   1  1  0 -9 
217 459  -1  0  0 -9 
217 484   1 -1  0 -9 
217 511  -1  3  0 -9 
217 547   1  2  0 -9 
217 565  -1  0  0 -9 
217 586   1  1  0 -9 
217 598   1  4  0 -9 
217 606  -1  2  0 -9 
218 172   1 -1  0 -9 
218 218  -1 -2  0 -9 
218 389  -1  3  0 -9 
218 397  -1  0  0 -9 
218 407   1 -1  0 -9 
218 441   1  1  0 -9 
218 460  -1  0  0 -9 
218 485   1 -1  0 -9 
218 512  -1  3  0 -9 
218 548   1  2  0 -9 
218 566  -1  0  0 -9 
218 587   1  1  0 -9 
218 599   1  4  0 -9 
218 607  -1  2  0 -9 
219 162  -1  0  0 -9 
219 170  -1  0  0 -9 
219 219  -1 -2  0 -9 
219 373  -1  2 -1  0  0 -9 
219 374   1  1  0 -9 
219 379  -1  0  0 -9 
219 387  -1  2 -1  0  0 -9 
219 398  -1  0  0 -9 
219 408   1 -1  0 -9 
219 442   1  1  0 -9 
219 457  -1  0  0 -9 
219 486   1 -1  0 -9 
219 502  -1  2  0 -9 
219 510  -1  2  0 -9 
219 532   1  1  0 -9 
219 546   1  1  0 -9 
219 567  -1  0  0 -9 
219 577   1  3  0 -9 
219 578  -1  2  0 -9 
219 588   1  1  0 -9 
219 597   1  3  0 -9 
219 608  -1  2  0 -9 
220 172  -1  0  0 -9 
220 220  -1 -2  0 -9 
220 375   1  1  0 -9 
220 380  -1  0  0 -9 
220 389  -1  2 -1  0  0 -9 
220 399  -1  0  0 -9 
220 409   1 -1  0 -9 
220 443   1  1  0 -9 
220 459  -1  0  0 -9 
220 487   1 -1  0 -9 
220 512  -1  2  0 -9 
220 548   1  1  0 -9 
220 568  -1  0  0 -9 
220 579  -1  2  0 -9 
220 589   1  1  0 -9 
220 599   1  3  0 -9 
220 609  -1  2  0 -9 
221 269   1  3  0 -9 
221 329  -1  4  0 -9 
222 270   1  3  0 -9 
222 330  -1  4  0 -9 
223 271   1  3  0 -9 
223 331  -1  4  0 -9 
224 272   1  3  0 -9 
224 332  -1  4  0 -9 
225 273   1  3  0 -9 
225 333  -1  4  0 -9 
226 274   1  3  0 -9 
226 334  -1  4  0 -9 
227 275   1  3  0 -9 
227 335  -1  4  0 -9 
228 276   1  3  0 -9 
228 336  -1  4  0 -9 
229 277   1  3  0 -9 
229 358  -1  4  0 -9 
230 278   1  3  0 -9 
230 359  -1  4  0 -9 
231 279   1  3  0 -9 
231 360  -1  4  0 -9 
232 280   1  3  0 -9 
232 361  -1  4  0 -9 
233 281   1  3  0 -9 
233 362  -1  4  0 -9 
234 282   1  3  0 -9 
234 363  -1  4  0 -9 
235 283   1  3  0 -9 
235 364  -1  4  0 -9 
236 284   1  3  0 -9 
236 365  -1  4  0 -9 
237 285   1  3  0 -9 
237 366  -1  4  0 -9 
238 286   1  3  0 -9 
238 412  -1  4  0 -9 
239 287   1  3  0 -9 
239 413  -1  4  0 -9 
240 288   1  3  0 -9 
240 422  -1  4  0 -9 
241 289   1  3  0 -9 
241 423  -1  4  0 -9 
242 290   1  3  0 -9 
242 424  -1  4  0 -9 
243 291   1  3  0 -9 
243 425  -1  4  0 -9 
244 292   1  3  0 -9 
244 426  -1  4  0 -9 
245 293   1  3  0 -9 
245 427  -1  4  0 -9 
246 294   1  3  0 -9 
246 428  -1  4  0 -9 
247 295   1  3  0 -9 
247 429  -1  4  0 -9 
248 337   1  3  0 -9 
248 367  -1  4  0 -9 
248 496  -1  4  0 -9 
248 571   1  5  0 -9 
249 338   1  3  0 -9 
249 368  -1  4  0 -9 
249 497  -1  4  0 -9 
249 572   1  5  0 -9 
250 339   1  3  0 -9 
250 369  -1  4  0 -9 
250 498  -1  4  0 -9 
250 573   1  5  0 -9 
251 340   1  3  0 -9 
251 370  -1  4  0 -9 
251 499  -1  4  0 -9 
251 574   1  5  0 -9 
252 330  -1  4  0 -9 
252 341   1  3  0 -9 
252 371  -1  4  0 -9 
252 500  -1  4  0 -9 
252 575   1  5  0 -9 
253 334  -1  4  0 -9 
253 342   1  3  0 -9 
253 372  -1  4  0 -9 
253 501  -1  4  0 -9 
253 576   1  5  0 -9 
254 335  -1  4  0 -9 
254 343   1  3  0 -9 
254 373  -1  4  0 -9 
254 502  -1  4  0 -9 
254 577   1  5  0 -9 
255 330  -1  4  0 -9 
255 333  -1  4  0 -9 
255 334  -1  4  0 -9 
255 344   1  3  0 -9 
255 374  -1  4  0 -9 
255 503  -1  4  0 -9 
255 578   1  5  0 -9 
256 336  -1  4  0 -9 
256 345   1  3  0 -9 
256 375  -1  4  0 -9 
256 504  -1  4  0 -9 
256 579   1  5  0 -9 
257 346   1  3  0 -9 
257 382  -1  4  0 -9 
257 414  -1  4  0 -9 
257 505  -1  4  0 -9 
257 592   1  5  0 -9 
258 347   1  3  0 -9 
258 383  -1  4  0 -9 
258 415  -1  4  0 -9 
258 506  -1  4  0 -9 
258 593   1  5  0 -9 
259 348   1  3  0 -9 
259 384  -1  4  0 -9 
259 416  -1  4  0 -9 
259 507  -1  4  0 -9 
259 594   1  5  0 -9 
260 332  -1  4  0 -9 
260 349   1  3  0 -9 
260 385  -1  4  0 -9 
260 417  -1  4  0 -9 
260 508  -1  4  0 -9 
260 595   1  5  0 -9 
261 333  -1  4  0 -9 
261 350   1  3  0 -9 
261 386  -1  4  0 -9 
261 418  -1  4  0 -9 
261 509  -1  4  0 -9 
261 596   1  5  0 -9 
262 351   1  3  0 -9 
262 387  -1  4  0 -9 
262 419  -1  4  0 -9 
262 510  -1  4  0 -9 
262 597   1  5  0 -9 
263 336  -1  4  0 -9 
263 352   1  3  0 -9 
263 388  -1  4  0 -9 
263 420  -1  4  0 -9 
263 511  -1  4  0 -9 
263 598   1  5  0 -9 
264 353   1  3  0 -9 
264 389  -1  4  0 -9 
264 421  -1  4  0 -9 
264 512  -1  4  0 -9 
264 599   1  5  0 -9 
265 354   1  3  0 -9 
265 434  -1  4  0 -9 
265 513  -1  4  0 -9 
265 600   1  5  0 -9 
266 355   1  3  0 -9 
266 435  -1  4  0 -9 
266 514  -1  4  0 -9 
266 601   1  5  0 -9 
267 356   1  3  0 -9 
267 436  -1  4  0 -9 
267 515  -1  4  0 -9 
267 602   1  5  0 -9 
268 357   1  3  0 -9 
268 437  -1  4  0 -9 
268 516  -1  4  0 -9 
268 603   1  5  0 -9 
269 221   1  3  0 -9 
269 329   1  7  0 -9 
270 222   1  3  0 -9 
270 330   1  7  0 -9 
271 223   1  3  0 -9 
271 331   1  7  0 -9 
272 224   1  3  0 -9 
272 332   1  7  0 -9 
273 225   1  3  0 -9 
273 333   1  7  0 -9 
274 226   1  3  0 -9 
274 334   1  7  0 -9 
275 227   1  3  0 -9 
275 335   1  7  0 -9 
276 228   1  3  0 -9 
276 336   1  7  0 -9 
277 229   1  3  0 -9 
277 329   1  6  0 -9 
277 358  -1  5  0 -9 
278 230   1  3  0 -9 
278 330   1  6  0 -9 
278 359  -1  5  0 -9 
279 231   1  3  0 -9 
279 331   1  6  0 -9 
279 360  -1  5  0 -9 
280 232   1  3  0 -9 
280 332   1  6  0 -9 
280 361  -1  5  0 -9 
281 233   1  3  0 -9 
281 333   1  6  0 -9 
281 362  -1  5  0 -9 
282 234   1  3  0 -9 
282 331   1  6  0 -9 
282 334   1  6  0 -9 
282 363  -1  5  0 -9 
283 235   1  3  0 -9 
283 335   1  6  0 -9 
283 364  -1  5  0 -9 
284 236   1  3  0 -9 
284 334   1  6  0 -9 
284 365  -1  5  0 -9 
285 237   1  3  0 -9 
285 336   1  6  0 -9 
285 366  -1  5  0 -9 
286 238   1  3  0 -9 
286 412   1  7  0 -9 
287 239   1  3  0 -9 
287 413   1  7  0 -9 
288 240   1  3  0 -9 
288 414   1  6  0 -9 
288 422  -1  5  0 -9 
289 241   1  3  0 -9 
289 412   1  6  0 -9 
289 415   1  6  0 -9 
289 423  -1  5  0 -9 
290 242   1  3  0 -9 
290 413   1  6  0 -9 
290 416   1  6  0 -9 
290 424  -1  5  0 -9 
291 243   1  3  0 -9 
291 417   1  6  0 -9 
291 425  -1  5  0 -9 
292 244   1  3  0 -9 
292 418   1  6  0 -9 
292 426  -1  5  0 -9 
293 245   1  3  0 -9 
293 419   1  6  0 -9 
293 427  -1  5  0 -9 
294 246   1  3  0 -9 
294 336   1  6  0 -9 
294 413   1  6  0 -9 
294 420   1  6  0 -9 
294 428  -1  5  0 -9 
295 247   1  3  0 -9 
295 421   1  6  0 -9 
295 429  -1  5  0 -9 
296 156  -1  1  0 -9 
296 221  -1  1  0 -9 
296 229   1  2  0 -9 
296 248  -1  1  0 -9 
296 269   1  2  0 -9 
296 277  -1  1  0 -9 
296 296   1  0  0 -9 
296 329  -1  3  0 -9 
296 337   1  2  0 -9 
296 358   1  2  0 -9 
296 367  -1  5 -1  3 -1  1  0 -9 
296 496  -1  3  0 -9 
296 526   1  2  0 -9 
296 571   1  6  1  4  0 -9 
297 81  -1  1  0 -9 
297 144   1  2  0 -9 
297 157  -1  1  0 -9 
297 224  -1  1  0 -9 
297 226   1  2  0 -9 
297 232   1  2  0 -9 
297 249  -1  1  0 -9 
297 272   1  2  0 -9 
297 274  -1  1  0 -9 
297 280  -1  1  0 -9 
297 297   1  0  0 -9 
297 332  -1  3  0 -9 
297 334   1  6  1  2  0 -9 
297 338   1  2  0 -9 
297 361   1  2  0 -9 
297 368  -1  5 -1  3 -1  1  0 -9 
297 493  -1  3  0 -9 
297 497  -1  3  0 -9 
297 527   1  2  0 -9 
297 572   1  6  1  4  0 -9 
298 61  -1  1  0 -9 
298 82  -1  1  0 -9 
298 124   1  2  0 -9 
298 145   1  2  0 -9 
298 158  -1  1  0 -9 
298 222  -1  1  0 -9 
298 223  -1  1  0 -9 
298 225  -1  1  0 -9 
298 227   1  2  0 -9 
298 230   1  2  0 -9 
298 231   1  2  0 -9 
298 233   1  2  0 -9 
298 250  -1  1  0 -9 
298 270   1  2  0 -9 
298 271   1  2  0 -9 
298 273   1  2  0 -9 
298 275  -1  1  0 -9 
298 278  -1  1  0 -9 
298 279  -1  1  0 -9 
298 281  -1  1  0 -9 
298 298   1  0  0 -9 
298 330  -1  3  0 -9 
298 331  -1  3  0 -9 
298 333  -1  3  0 -9 
298 335   1  6  1  2  0 -9 
298 339   1  2  0 -9 
298 359   1  2  0 -9 
298 360   1  2  0 -9 
298 362   1  2  0 -9 
298 369  -1  5 -1  3 -1  1  0 -9 
298 494  -1  3  0 -9 
298 498  -1  3  0 -9 
298 528   1  2  0 -9 
298 573   1  6  1  4  0 -9 
299 83  -1  1  0 -9 
299 146   1  2  0 -9 
299 159  -1  1  0 -9 
299 225  -1  1  0 -9 
299 228   1  2  0 -9 
299 233   1  2  0 -9 
299 251  -1  1  0 -9 
299 273   1  2  0 -9 
299 276  -1  1  0 -9 
299 281  -1  1  0 -9 
299 299   1  0  0 -9 
299 333  -1  3  0 -9 
299 336   1  6  1  2  0 -9 
299 340   1  2  0 -9 
299 362   1  2  0 -9 
299 370  -1  5 -1  3 -1  1  0 -9 
299 495  -1  3  0 -9 
299 499  -1  3  0 -9 
299 529   1  2  0 -9 
299 574   1  6  1  4  0 -9 
300 160  -1  1  0 -9 
300 230   1  2  0 -9 
300 252  -1  1  0 -9 
300 278  -1  1  0 -9 
300 300   1  0  0 -9 
300 330  -1  3  0 -9 
300 341   1  2  0 -9 
300 359   1  2  0 -9 
300 371  -1  5 -1  3 -1  1  0 -9 
300 500  -1  3  0 -9 
300 530   1  2  0 -9 
300 575   1  6  1  4  0 -9 
301 161  -1  1  0 -9 
301 223  -1  1  0 -9 
301 234   1  2  0 -9 
301 253  -1  1  0 -9 
301 271   1  2  0 -9 
301 282  -1  1  0 -9 
301 301   1  0  0 -9 
301 331  -1  3  0 -9 
301 334  -1  3  0 -9 
301 342   1  2  0 -9 
301 363   1  2  0 -9 
301 372  -1  5 -1  3 -1  1  0 -9 
301 501  -1  3  0 -9 
301 531   1  2  0 -9 
301 576   1  6  1  4  0 -9 
302 162  -1  1  0 -9 
302 235   1  2  0 -9 
302 254  -1  1  0 -9 
302 283  -1  1  0 -9 
302 302   1  0  0 -9 
302 335  -1  3  0 -9 
302 343   1  2  0 -9 
302 364   1  2  0 -9 
302 373  -1  5 -1  3 -1  1  0 -9 
302 502  -1  3  0 -9 
302 532   1  2  0 -9 
302 577   1  6  1  4  0 -9 
303 163  -1  1  0 -9 
303 230   1  2  0 -9 
303 233   1  2  0 -9 
303 236   1  2  0 -9 
303 255  -1  1  0 -9 
303 278  -1  1  0 -9 
303 281  -1  1  0 -9 
303 284  -1  1  0 -9 
303 303   1  0  0 -9 
303 330  -1  3  0 -9 
303 333  -1  3  0 -9 
303 334  -1  3  0 -9 
303 344   1  2  0 -9 
303 359   1  2  0 -9 
303 362   1  2  0 -9 
303 365   1  2  0 -9 
303 374  -1  5 -1  3 -1  1  0 -9 
303 503  -1  3  0 -9 
303 533   1  2  0 -9 
303 578   1  6  1  4  0 -9 
304 164  -1  1  0 -9 
304 237   1  2  0 -9 
304 256  -1  1  0 -9 
304 285  -1  1  0 -9 
304 304   1  0  0 -9 
304 336  -1  3  0 -9 
304 345   1  2  0 -9 
304 366   1  2  0 -9 
304 375  -1  5 -1  3 -1  1  0 -9 
304 504  -1  3  0 -9 
304 534   1  2  0 -9 
304 579   1  6  1  4  0 -9 
305 248  -1  1  0 -9 
305 305   1  0  0 -9 
305 337   1  2  0 -9 
305 371  -1  4  0 -9 
305 376  -1  1  0 -9 
305 496  -1  3  0 -9 
305 535   1  2  0 -9 
305 575   1  5  0 -9 
306 231  -1  1  0 -9 
306 232   1  2  0 -9 
306 249  -1  1  0 -9 
306 279   1  2  0 -9 
306 280  -1  1  0 -9 
306 306   1  0  0 -9 
306 331  -1  4  0 -9 
306 332   1  5  0 -9 
306 334  -1  4  0 -9 
306 338   1  2  0 -9 
306 361  -1  4  0 -9 
306 363   1  3  0 -9 
306 372  -1  4  0 -9 
306 377  -1  1  0 -9 
306 497  -1  3  0 -9 
306 536   1  2  0 -9 
306 576   1  5  0 -9 
307 230   1  2  0 -9 
307 233   1  2  0 -9 
307 250  -1  1  0 -9 
307 278  -1  1  0 -9 
307 281  -1  1  0 -9 
307 307   1  0  0 -9 
307 330   1  5  0 -9 
307 333   1  5  0 -9 
307 335  -1  4  0 -9 
307 339   1  2  0 -9 
307 359  -1  4  0 -9 
307 362  -1  4  0 -9 
307 364   1  3  0 -9 
307 373  -1  4  0 -9 
307 378  -1  1  0 -9 
307 498  -1  3  0 -9 
307 537   1  2  0 -9 
307 577   1  5  0 -9 
308 249  -1  1  0 -9 
308 308   1  0  0 -9 
308 334  -1  4  0 -9 
308 338   1  2  0 -9 
308 365   1  3  0 -9 
308 374  -1  4  0 -9 
308 379  -1  1  0 -9 
308 497  -1  3  0 -9 
308 538   1  2  0 -9 
308 578   1  5  0 -9 
309 233   1  2  0 -9 
309 251  -1  1  0 -9 
309 281  -1  1  0 -9 
309 309   1  0  0 -9 
309 333   1  5  0 -9 
309 336  -1  4  0 -9 
309 340   1  2  0 -9 
309 362  -1  4  0 -9 
309 366   1  3  0 -9 
309 375  -1  4  0 -9 
309 380  -1  1  0 -9 
309 499  -1  3  0 -9 
309 539   1  2  0 -9 
309 579   1  5  0 -9 
310 253  -1  1  0 -9 
310 310   1  0  0 -9 
310 334  -1  3  0 -9 
310 342   1  2  0 -9 
310 365   1  2  0 -9 
310 373  -1  4  0 -9 
310 381  -1  1  0 -9 
310 501  -1  3  0 -9 
310 540   1  2  0 -9 
310 577   1  5  0 -9 
311 165  -1  1  0 -9 
311 223  -1  1  0 -9 
311 231   1  2  0 -9 
311 240   1  2  0 -9 
311 257  -1  1  0 -9 
311 271   1  2  0 -9 
311 279  -1  1  0 -9 
311 288  -1  1  0 -9 
311 311   1  0  0 -9 
311 331  -1  3  0 -9 
311 346   1  2  0 -9 
311 360   1  2  0 -9 
311 382  -1  5 -1  3 -1  1  0 -9 
311 414  -1  3  0 -9 
311 422   1  2  0 -9 
311 505  -1  3  0 -9 
311 541   1  2  0 -9 
311 592   1  6  1  4  0 -9 
312 166  -1  1  0 -9 
312 238  -1  1  0 -9 
312 241   1  2  0 -9 
312 258  -1  1  0 -9 
312 286   1  2  0 -9 
312 289  -1  1  0 -9 
312 312   1  0  0 -9 
312 347   1  2  0 -9 
312 383  -1  5 -1  3 -1  1  0 -9 
312 412  -1  3  0 -9 
312 415  -1  3  0 -9 
312 423   1  2  0 -9 
312 506  -1  3  0 -9 
312 542   1  2  0 -9 
312 593   1  6  1  4  0 -9 
313 167  -1  1  0 -9 
313 239  -1  1  0 -9 
313 242   1  2  0 -9 
313 259  -1  1  0 -9 
313 287   1  2  0 -9 
313 290  -1  1  0 -9 
313 313   1  0  0 -9 
313 348   1  2  0 -9 
313 384  -1  5 -1  3 -1  1  0 -9 
313 413  -1  3  0 -9 
313 416  -1  3  0 -9 
313 424   1  2  0 -9 
313 507  -1  3  0 -9 
313 543   1  2  0 -9 
313 594   1  6  1  4  0 -9 
314 168  -1  1  0 -9 
314 232   1  2  0 -9 
314 243   1  2  0 -9 
314 260  -1  1  0 -9 
314 280  -1  1  0 -9 
314 291  -1  1  0 -9 
314 314   1  0  0 -9 
314 332  -1  3  0 -9 
314 349   1  2  0 -9 
314 361   1  2  0 -9 
314 385  -1  5 -1  3 -1  1  0 -9 
314 417  -1  3  0 -9 
314 425   1  2  0 -9 
314 508  -1  3  0 -9 
314 544   1  2  0 -9 
314 595   1  6  1  4  0 -9 
315 169  -1  1  0 -9 
315 233   1  2  0 -9 
315 244   1  2  0 -9 
315 261  -1  1  0 -9 
315 281  -1  1  0 -9 
315 292  -1  1  0 -9 
315 315   1  0  0 -9 
315 333  -1  3  0 -9 
315 350   1  2  0 -9 
315 362   1  2  0 -9 
315 386  -1  5 -1  3 -1  1  0 -9 
315 418  -1  3  0 -9 
315 426   1  2  0 -9 
315 509  -1  3  0 -9 
315 545   1  2  0 -9 
315 596   1  6  1  4  0 -9 
316 170  -1  1  0 -9 
316 245   1  2  0 -9 
316 262  -1  1  0 -9 
316 293  -1  1  0 -9 
316 316   1  0  0 -9 
316 351   1  2  0 -9 
316 387  -1  5 -1  3 -1  1  0 -9 
316 419  -1  3  0 -9 
316 427   1  2  0 -9 
316 510  -1  3  0 -9 
316 546   1  2  0 -9 
316 597   1  6  1  4  0 -9 
317 171  -1  1  0 -9 
317 239  -1  1  0 -9 
317 246   1  2  0 -9 
317 263  -1  1  0 -9 
317 287   1  2  0 -9 
317 294  -1  1  0 -9 
317 317   1  0  0 -9 
317 336  -1  3  0 -9 
317 352   1  2  0 -9 
317 388  -1  5 -1  3 -1  1  0 -9 
317 413  -1  3  0 -9 
317 420  -1  3  0 -9 
317 428   1  2  0 -9 
317 511  -1  3  0 -9 
317 547   1  2  0 -9 
317 598   1  6  1  4  0 -9 
318 172  -1  1  0 -9 
318 247   1  2  0 -9 
318 264  -1  1  0 -9 
318 295  -1  1  0 -9 
318 318   1  0  0 -9 
318 353   1  2  0 -9 
318 389  -1  5 -1  3 -1  1  0 -9 
318 421  -1  3  0 -9 
318 429   1  2  0 -9 
318 512  -1  3  0 -9 
318 548   1  2  0 -9 
318 599   1  6  1  4  0 -9 
319 257  -1  1  0 -9 
319 258  -1  1  0 -9 
319 319   1  0  0 -9 
319 346   1  2  0 -9 
319 347   1  2  0 -9 
319 385  -1  4  0 -9 
319 390  -1  1  0 -9 
319 414  -1  3  0 -9 
319 415  -1  3  0 -9 
319 430   1  2  0 -9 
319 505  -1  3  0 -9 
319 506  -1  3  0 -9 
319 549   1  2  0 -9 
319 595   1  5  0 -9 
320 259  -1  1  0 -9 
320 320   1  0  0 -9 
320 348   1  2  0 -9 
320 386  -1  4  0 -9 
320 391  -1  1  0 -9 
320 416  -1  3  0 -9 
320 431   1  2  0 -9 
320 507  -1  3  0 -9 
320 550   1  2  0 -9 
320 596   1  5  0 -9 
321 258  -1  1  0 -9 
321 321   1  0  0 -9 
321 347   1  2  0 -9 
321 387  -1  4  0 -9 
321 392  -1  1  0 -9 
321 415  -1  3  0 -9 
321 432   1  2  0 -9 
321 506  -1  3  0 -9 
321 551   1  2  0 -9 
321 597   1  5  0 -9 
322 263  -1  1  0 -9 
322 322   1  0  0 -9 
322 336  -1  3  0 -9 
322 352   1  2  0 -9 
322 366   1  2  0 -9 
322 386  -1  4  0 -9 
322 389  -1  4  0 -9 
322 393  -1  1  0 -9 
322 420  -1  3  0 -9 
322 433   1  2  0 -9 
322 511  -1  3  0 -9 
322 552   1  2  0 -9 
322 596   1  5  0 -9 
322 599   1  5  0 -9 
323 240  -1  1  0 -9 
323 243   1  2  0 -9 
323 265  -1  1  0 -9 
323 288   1  2  0 -9 
323 291  -1  1  0 -9 
323 323   1  0  0 -9 
323 354   1  2  0 -9 
323 394  -1  1  0 -9 
323 414  -1  4  0 -9 
323 415  -1  4  0 -9 
323 417   1  5  0 -9 
323 425  -1  4  0 -9 
323 430   1  3  0 -9 
323 438  -1  4  0 -9 
323 513  -1  3  0 -9 
323 553   1  2  0 -9 
323 604   1  5  0 -9 
324 244   1  2  0 -9 
324 266  -1  1  0 -9 
324 292  -1  1  0 -9 
324 324   1  0  0 -9 
324 355   1  2  0 -9 
324 395  -1  1  0 -9 
324 416  -1  4  0 -9 
324 418   1  5  0 -9 
324 426  -1  4  0 -9 
324 431   1  3  0 -9 
324 439  -1  4  0 -9 
324 514  -1  3  0 -9 
324 554   1  2  0 -9 
324 605   1  5  0 -9 
325 233   1  2  0 -9 
325 241   1  2  0 -9 
325 242  -1  1  0 -9 
325 244   1  2  0 -9 
325 251  -1  1  0 -9 
325 258  -1  1  0 -9 
325 267  -1  1  0 -9 
325 281  -1  1  0 -9 
325 289  -1  1  0 -9 
325 290   1  2  0 -9 
325 292  -1  1  0 -9 
325 325   1  0  0 -9 
325 333   1  5  0 -9 
325 336  -1  4  0 -9 
325 340   1  2  0 -9 
325 347   1  2  0 -9 
325 356   1  2  0 -9 
325 362  -1  4  0 -9 
325 388  -1  4  0 -9 
325 396  -1  1  0 -9 
325 412   1  5  0 -9 
325 413  -1  4  0 -9 
325 415   1  5  0 -9 
325 416  -1  4  0 -9 
325 418   1  5  0 -9 
325 420  -1  4  0 -9 
325 423  -1  4  0 -9 
325 426  -1  4  0 -9 
325 428   1  3  0 -9 
325 431   1  3  0 -9 
325 440  -1  4  0 -9 
325 499  -1  3  0 -9 
325 506  -1  3  0 -9 
325 515  -1  3  0 -9 
325 555   1  2  0 -9 
325 598   1  5  0 -9 
325 606   1  5  0 -9 
326 245   1  2  0 -9 
326 268  -1  1  0 -9 
326 293  -1  1  0 -9 
326 326   1  0  0 -9 
326 357   1  2  0 -9 
326 389  -1  4  0 -9 
326 397  -1  1  0 -9 
326 415  -1  4  0 -9 
326 419   1  5  0 -9 
326 421  -1  4  0 -9 
326 427  -1  4  0 -9 
326 429   1  3  0 -9 
326 432   1  3  0 -9 
326 441  -1  4  0 -9 
326 516  -1  3  0 -9 
326 556   1  2  0 -9 
326 599   1  5  0 -9 
326 607   1  5  0 -9 
327 265  -1  1  0 -9 
327 327   1  0  0 -9 
327 354   1  2  0 -9 
327 398  -1  1  0 -9 
327 415  -1  4  0 -9 
327 432   1  3  0 -9 
327 442  -1  4  0 -9 
327 513  -1  3  0 -9 
327 557   1  2  0 -9 
327 608   1  5  0 -9 
328 244   1  2  0 -9 
328 267  -1  1  0 -9 
328 292  -1  1  0 -9 
328 328   1  0  0 -9 
328 356   1  2  0 -9 
328 399  -1  1  0 -9 
328 418   1  5  0 -9 
328 420  -1  4  0 -9 
328 426  -1  4  0 -9 
328 433   1  3  0 -9 
328 443  -1  4  0 -9 
328 515  -1  3  0 -9 
328 558   1  2  0 -9 
328 609   1  5  0 -9 
329 329   1  8  0 -9 
330 330   1  8  0 -9 
331 331   1  8  0 -9 
332 332   1  8  0 -9 
333 333   1  8  0 -9 
334 334   1  8  0 -9 
335 335   1  8  0 -9 
336 336   1  8  0 -9 
337 248   1  3  0 -9 
337 367  -1  5  0 -9 
337 496  -1  5  0 -9 
337 571   1  6  0 -9 
338 249   1  3  0 -9 
338 334   1  6  0 -9 
338 368  -1  5  0 -9 
338 497  -1  5  0 -9 
338 572   1  6  0 -9 
339 250   1  3  0 -9 
339 335   1  6  0 -9 
339 369  -1  5  0 -9 
339 498  -1  5  0 -9 
339 573   1  6  0 -9 
340 251   1  3  0 -9 
340 336   1  6  0 -9 
340 370  -1  5  0 -9 
340 499  -1  5  0 -9 
340 574   1  6  0 -9 
341 252   1  3  0 -9 
341 330   1  7  0 -9 
341 371  -1  5  0 -9 
341 500  -1  5  0 -9 
341 575   1  6  0 -9 
342 253   1  3  0 -9 
342 334   1  7  0 -9 
342 372  -1  5  0 -9 
342 501  -1  5  0 -9 
342 576   1  6  0 -9 
343 254   1  3  0 -9 
343 335   1  7  0 -9 
343 373  -1  5  0 -9 
343 502  -1  5  0 -9 
343 577   1  6  0 -9 
344 255   1  3  0 -9 
344 330   1  7  0 -9 
344 333   1  7  0 -9 
344 334   1  7  0 -9 
344 374  -1  5  0 -9 
344 503  -1  5  0 -9 
344 578   1  6  0 -9 
345 256   1  3  0 -9 
345 336   1  7  0 -9 
345 375  -1  5  0 -9 
345 504  -1  5  0 -9 
345 579   1  6  0 -9 
346 257   1  3  0 -9 
346 382  -1  5  0 -9 
346 414   1  7  0 -9 
346 505  -1  5  0 -9 
346 592   1  6  0 -9 
347 258   1  3  0 -9 
347 383  -1  5  0 -9 
347 415   1  7  0 -9 
347 506  -1  5  0 -9 
347 593   1  6  0 -9 
348 259   1  3  0 -9 
348 384  -1  5  0 -9 
348 416   1  7  0 -9 
348 507  -1  5  0 -9 
348 594   1  6  0 -9 
349 260   1  3  0 -9 
349 332   1  7  0 -9 
349 385  -1  5  0 -9 
349 417   1  7  0 -9 
349 508  -1  5  0 -9 
349 595   1  6  0 -9 
350 261   1  3  0 -9 
350 333   1  7  0 -9 
350 386  -1  5  0 -9 
350 418   1  7  0 -9 
350 509  -1  5  0 -9 
350 596   1  6  0 -9 
351 262   1  3  0 -9 
351 387  -1  5  0 -9 
351 419   1  7  0 -9 
351 510  -1  5  0 -9 
351 597   1  6  0 -9 
352 263   1  3  0 -9 
352 336   1  7  0 -9 
352 388  -1  5  0 -9 
352 420   1  7  0 -9 
352 511  -1  5  0 -9 
352 598   1  6  0 -9 
353 264   1  3  0 -9 
353 389  -1  5  0 -9 
353 421   1  7  0 -9 
353 512  -1  5  0 -9 
353 599   1  6  0 -9 
354 265   1  3  0 -9 
354 415   1  6  0 -9 
354 434  -1  5  0 -9 
354 513  -1  5  0 -9 
354 600   1  6  0 -9 
355 266   1  3  0 -9 
355 416   1  6  0 -9 
355 435  -1  5  0 -9 
355 514  -1  5  0 -9 
355 601   1  6  0 -9 
356 267   1  3  0 -9 
356 420   1  6  0 -9 
356 436  -1  5  0 -9 
356 515  -1  5  0 -9 
356 602   1  6  0 -9 
357 268   1  3  0 -9 
357 415   1  6  0 -9 
357 421   1  6  0 -9 
357 437  -1  5  0 -9 
357 516  -1  5  0 -9 
357 603   1  6  0 -9 
358 329   1  7  0 -9 
358 358  -1  6  0 -9 
359 330   1  7  0 -9 
359 359  -1  6  0 -9 
360 331   1  7  0 -9 
360 360  -1  6  0 -9 
361 332   1  7  0 -9 
361 361  -1  6  0 -9 
362 333   1  7  0 -9 
362 362  -1  6  0 -9 
363 331   1  7  0 -9 
363 334   1  7  0 -9 
363 363  -1  6  0 -9 
364 335   1  7  0 -9 
364 364  -1  6  0 -9 
365 334   1  7  0 -9 
365 365  -1  6  0 -9 
366 336   1  7  0 -9 
366 366  -1  6  0 -9 
367 367  -1  6  0 -9 
367 571   1  7  0 -9 
368 334   1  7  0 -9 
368 368  -1  6  0 -9 
368 572   1  7  0 -9 
369 335   1  7  0 -9 
369 369  -1  6  0 -9 
369 573   1  7  0 -9 
370 336   1  7  0 -9 
370 370  -1  6  0 -9 
370 574   1  7  0 -9 
371 371  -1  6  0 -9 
371 575   1  7  0 -9 
372 372  -1  6  0 -9 
372 576   1  7  0 -9 
373 373  -1  6  0 -9 
373 577   1  7  0 -9 
374 374  -1  6  0 -9 
374 578   1  7  0 -9 
375 375  -1  6  0 -9 
375 579   1  7  0 -9 
376 371  -1  5  0 -9 
376 496  -1  4  0 -9 
376 535   1  3  0 -9 
376 575   1  6  0 -9 
377 372  -1  5  0 -9 
377 497  -1  4  0 -9 
377 536   1  3  0 -9 
377 576   1  6  0 -9 
378 373  -1  5  0 -9 
378 498  -1  4  0 -9 
378 537   1  3  0 -9 
378 577   1  6  0 -9 
379 374  -1  5  0 -9 
379 497  -1  4  0 -9 
379 538   1  3  0 -9 
379 578   1  6  0 -9 
380 375  -1  5  0 -9 
380 499  -1  4  0 -9 
380 539   1  3  0 -9 
380 579   1  6  0 -9 
381 334   1  6  0 -9 
381 365  -1  5  0 -9 
381 373  -1  5  0 -9 
381 501  -1  4  0 -9 
381 540   1  3  0 -9 
381 577   1  6  0 -9 
382 382  -1  6  0 -9 
382 592   1  7  0 -9 
383 383  -1  6  0 -9 
383 593   1  7  0 -9 
384 384  -1  6  0 -9 
384 594   1  7  0 -9 
385 385  -1  6  0 -9 
385 595   1  7  0 -9 
386 386  -1  6  0 -9 
386 596   1  7  0 -9 
387 387  -1  6  0 -9 
387 597   1  7  0 -9 
388 388  -1  6  0 -9 
388 598   1  7  0 -9 
389 389  -1  6  0 -9 
389 599   1  7  0 -9 
390 385  -1  5  0 -9 
390 414   1  6  0 -9 
390 415   1  6  0 -9 
390 430  -1  5  0 -9 
390 505  -1  4  0 -9 
390 506  -1  4  0 -9 
390 549   1  3  0 -9 
390 595   1  6  0 -9 
391 386  -1  5  0 -9 
391 416   1  6  0 -9 
391 431  -1  5  0 -9 
391 507  -1  4  0 -9 
391 550   1  3  0 -9 
391 596   1  6  0 -9 
392 387  -1  5  0 -9 
392 415   1  6  0 -9 
392 432  -1  5  0 -9 
392 506  -1  4  0 -9 
392 551   1  3  0 -9 
392 597   1  6  0 -9 
393 336   1  6  0 -9 
393 366  -1  5  0 -9 
393 386  -1  5  0 -9 
393 389  -1  5  0 -9 
393 420   1  6  0 -9 
393 433  -1  5  0 -9 
393 511  -1  4  0 -9 
393 552   1  3  0 -9 
393 596   1  6  0 -9 
393 599   1  6  0 -9 
394 438  -1  5  0 -9 
394 513  -1  4  0 -9 
394 553   1  3  0 -9 
394 604   1  6  0 -9 
395 439  -1  5  0 -9 
395 514  -1  4  0 -9 
395 554   1  3  0 -9 
395 605   1  6  0 -9 
396 388  -1  5  0 -9 
396 415   1  6  0 -9 
396 440  -1  5  0 -9 
396 499  -1  4  0 -9 
396 506  -1  4  0 -9 
396 515  -1  4  0 -9 
396 555   1  3  0 -9 
396 598   1  6  0 -9 
396 606   1  6  0 -9 
397 389  -1  5  0 -9 
397 441  -1  5  0 -9 
397 516  -1  4  0 -9 
397 556   1  3  0 -9 
397 599   1  6  0 -9 
397 607   1  6  0 -9 
398 442  -1  5  0 -9 
398 513  -1  4  0 -9 
398 557   1  3  0 -9 
398 608   1  6  0 -9 
399 443  -1  5  0 -9 
399 515  -1  4  0 -9 
399 558   1  3  0 -9 
399 609   1  6  0 -9 
400 161  -1  1  0 -9 
400 166  -1  1  0 -9 
400 249   1  2  0 -9 
400 253  -1  1  0 -9 
400 258  -1  1  0 -9 
400 265   1  2  0 -9 
400 334  -1  3  0 -9 
400 338  -1  1  0 -9 
400 342   1  2  0 -9 
400 347   1  2  0 -9 
400 354  -1  1  0 -9 
400 368   1  2  0 -9 
400 372  -1  5 -1  3 -1  1  0 -9 
400 383  -1  5 -1  3 -1  1  0 -9 
400 400   1  0  0 -9 
400 415  -1  3  0 -9 
400 434   1  2  0 -9 
400 457   1  2  0 -9 
400 497  -1  4  1  2  0 -9 
400 501  -1  3  0 -9 
400 506  -1  3  0 -9 
400 513  -1  4  1  2  0 -9 
400 531   1  2  0 -9 
400 542   1  2  0 -9 
400 559  -1  1  0 -9 
400 572  -1  3  0 -9 
400 576   1  6  1  4  0 -9 
400 580   1  2  0 -9 
400 593   1  6  1  4  0 -9 
400 600  -1  3  0 -9 
401 156  -1  1  0 -9 
401 162  -1  1  0 -9 
401 167  -1  1  0 -9 
401 248  -1  1  0 -9 
401 250   1  2  0 -9 
401 254  -1  1  0 -9 
401 259  -1  1  0 -9 
401 266   1  2  0 -9 
401 335  -1  3  0 -9 
401 337   1  2  0 -9 
401 339  -1  1  0 -9 
401 343   1  2  0 -9 
401 348   1  2  0 -9 
401 355  -1  1  0 -9 
401 367  -1  5 -1  3 -1  1  0 -9 
401 369   1  2  0 -9 
401 373  -1  5 -1  3 -1  1  0 -9 
401 384  -1  5 -1  3 -1  1  0 -9 
401 401   1  0  0 -9 
401 416  -1  3  0 -9 
401 435   1  2  0 -9 
401 458   1  2  0 -9 
401 496  -1  3  0 -9 
401 498  -1  4  1  2  0 -9 
401 502  -1  3  0 -9 
401 507  -1  3  0 -9 
401 514  -1  4  1  2  0 -9 
401 526   1  2  0 -9 
401 532   1  2  0 -9 
401 543   1  2  0 -9 
401 560  -1  1  0 -9 
401 571   1  6  1  4  0 -9 
401 573  -1  3  0 -9 
401 577   1  6  1  4  0 -9 
401 581   1  2  0 -9 
401 594   1  6  1  4  0 -9 
401 601  -1  3  0 -9 
402 171  -1  1  0 -9 
402 251   1  2  0 -9 
402 263  -1  1  0 -9 
402 267   1  2  0 -9 
402 336  -1  3  0 -9 
402 340  -1  1  0 -9 
402 352   1  2  0 -9 
402 356  -1  1  0 -9 
402 370   1  2  0 -9 
402 388  -1  5 -1  3 -1  1  0 -9 
402 402   1  0  0 -9 
402 420  -1  3  0 -9 
402 436   1  2  0 -9 
402 459   1  2  0 -9 
402 499  -1  4  1  2  0 -9 
402 511  -1  3  0 -9 
402 515  -1  4  1  2  0 -9 
402 547   1  2  0 -9 
402 561  -1  1  0 -9 
402 574  -1  3  0 -9 
402 582   1  2  0 -9 
402 598   1  6  1  4  0 -9 
402 602  -1  3  0 -9 
403 166  -1  1  0 -9 
403 172  -1  1  0 -9 
403 258  -1  1  0 -9 
403 264  -1  1  0 -9 
403 268   1  2  0 -9 
403 347   1  2  0 -9 
403 353   1  2  0 -9 
403 357  -1  1  0 -9 
403 383  -1  5 -1  3 -1  1  0 -9 
403 389  -1  5 -1  3 -1  1  0 -9 
403 403   1  0  0 -9 
403 415  -1  3  0 -9 
403 421  -1  3  0 -9 
403 437   1  2  0 -9 
403 460   1  2  0 -9 
403 506  -1  3  0 -9 
403 512  -1  3  0 -9 
403 516  -1  4  1  2  0 -9 
403 542   1  2  0 -9 
403 548   1  2  0 -9 
403 562  -1  1  0 -9 
403 583   1  2  0 -9 
403 593   1  6  1  4  0 -9 
403 599   1  6  1  4  0 -9 
403 603  -1  3  0 -9 
404 372  -1  4  0 -9 
404 377  -1  1  0 -9 
404 394  -1  1  0 -9 
404 404   1  0  0 -9 
404 438   1  2  0 -9 
404 497  -1  3  0 -9 
404 513  -1  3  0 -9 
404 536   1  2  0 -9 
404 553   1  2  0 -9 
404 563  -1  1  0 -9 
404 576   1  5  0 -9 
404 584   1  2  0 -9 
404 604  -1  3  0 -9 
405 373  -1  4  0 -9 
405 378  -1  1  0 -9 
405 395  -1  1  0 -9 
405 405   1  0  0 -9 
405 439   1  2  0 -9 
405 498  -1  3  0 -9 
405 514  -1  3  0 -9 
405 537   1  2  0 -9 
405 554   1  2  0 -9 
405 564  -1  1  0 -9 
405 577   1  5  0 -9 
405 585   1  2  0 -9 
405 605  -1  3  0 -9 
406 258  -1  1  0 -9 
406 347   1  2  0 -9 
406 388  -1  4  0 -9 
406 396  -1  1  0 -9 
406 406   1  0  0 -9 
406 415  -1  3  0 -9 
406 440   1  2  0 -9 
406 499  -1  3  0 -9 
406 506  -1  3  0 -9 
406 515  -1  3  0 -9 
406 555   1  2  0 -9 
406 565  -1  1  0 -9 
406 586   1  2  0 -9 
406 598   1  5  0 -9 
406 606  -1  3  0 -9 
407 389  -1  4  0 -9 
407 397  -1  1  0 -9 
407 407   1  0  0 -9 
407 441   1  2  0 -9 
407 516  -1  3  0 -9 
407 556   1  2  0 -9 
407 566  -1  1  0 -9 
407 587   1  2  0 -9 
407 599   1  5  0 -9 
407 607  -1  3  0 -9 
408 162  -1  1  0 -9 
408 170  -1  1  0 -9 
408 373  -1  5 -1  3 -1  1  0 -9 
408 374   1  2  0 -9 
408 379  -1  1  0 -9 
408 387  -1  5 -1  3 -1  1  0 -9 
408 398  -1  1  0 -9 
408 408   1  0  0 -9 
408 442   1  2  0 -9 
408 497  -1  3  0 -9 
408 502  -1  3  0 -9 
408 510  -1  3  0 -9 
408 513  -1  3  0 -9 
408 532   1  2  0 -9 
408 538   1  2  0 -9 
408 546   1  2  0 -9 
408 557   1  2  0 -9 
408 567  -1  1  0 -9 
408 577   1  6  1  4  0 -9 
408 578  -1  3  0 -9 
408 588   1  2  0 -9 
408 597   1  6  1  4  0 -9 
408 608  -1  3  0 -9 
409 172  -1  1  0 -9 
409 375   1  2  0 -9 
409 380  -1  1  0 -9 
409 389  -1  5 -1  3 -1  1  0 -9 
409 399  -1  1  0 -9 
409 409   1  0  0 -9 
409 443   1  2  0 -9 
409 499  -1  3  0 -9 
409 512  -1  3  0 -9 
409 515  -1  3  0 -9 
409 539   1  2  0 -9 
409 548   1  2  0 -9 
409 558   1  2  0 -9 
409 568  -1  1  0 -9 
409 579  -1  3  0 -9 
409 589   1  2  0 -9 
409 599   1  6  1  4  0 -9 
409 609  -1  3  0 -9 
410 265  -1  1  0 -9 
410 267   1  2  0 -9 
410 354   1  2  0 -9 
410 356  -1  1  0 -9 
410 394  -1  1  0 -9 
410 410   1  0  0 -9 
410 415  -1  4  0 -9 
410 420   1  5  0 -9 
410 436  -1  4  0 -9 
410 438  -1  4  0 -9 
410 440   1  3  0 -9 
410 513  -1  3  0 -9 
410 515  -1  4  1  2  0 -9 
410 553   1  2  0 -9 
410 569  -1  1  0 -9 
410 590   1  2  0 -9 
410 602   1  5  0 -9 
410 604   1  5  0 -9 
410 606  -1  4  0 -9 
411 399  -1  1  0 -9 
411 411   1  0  0 -9 
411 441   1  3  0 -9 
411 443  -1  4  0 -9 
411 515  -1  3  0 -9 
411 558   1  2  0 -9 
411 570  -1  1  0 -9 
411 591   1  2  0 -9 
411 607  -1  4  0 -9 
411 609   1  5  0 -9 
412 412   1  8  0 -9 
413 413   1  8  0 -9 
414 414   1  8  0 -9 
415 415   1  8  0 -9 
416 416   1  8  0 -9 
417 417   1  8  0 -9 
418 418   1  8  0 -9 
419 419   1  8  0 -9 
420 420   1  8  0 -9 
421 421   1  8  0 -9 
422 414   1  7  0 -9 
422 422  -1  6  0 -9 
423 412   1  7  0 -9 
423 415   1  7  0 -9 
423 423  -1  6  0 -9 
424 413   1  7  0 -9 
424 416   1  7  0 -9 
424 424  -1  6  0 -9 
425 417   1  7  0 -9 
425 425  -1  6  0 -9 
426 418   1  7  0 -9 
426 426  -1  6  0 -9 
427 419   1  7  0 -9 
427 427  -1  6  0 -9 
428 336   1  7  0 -9 
428 413   1  7  0 -9 
428 420   1  7  0 -9 
428 428  -1  6  0 -9 
429 421   1  7  0 -9 
429 429  -1  6  0 -9 
430 414   1  7  0 -9 
430 415   1  7  0 -9 
430 430  -1  6  0 -9 
431 416   1  7  0 -9 
431 431  -1  6  0 -9 
432 415   1  7  0 -9 
432 432  -1  6  0 -9 
433 420   1  7  0 -9 
433 433  -1  6  0 -9 
434 415   1  7  0 -9 
434 434  -1  6  0 -9 
434 600   1  7  0 -9 
435 416   1  7  0 -9 
435 435  -1  6  0 -9 
435 601   1  7  0 -9 
436 420   1  7  0 -9 
436 436  -1  6  0 -9 
436 602   1  7  0 -9 
437 415   1  7  0 -9 
437 421   1  7  0 -9 
437 437  -1  6  0 -9 
437 603   1  7  0 -9 
438 438  -1  6  0 -9 
438 604   1  7  0 -9 
439 439  -1  6  0 -9 
439 605   1  7  0 -9 
440 415   1  7  0 -9 
440 440  -1  6  0 -9 
440 606   1  7  0 -9 
441 441  -1  6  0 -9 
441 607   1  7  0 -9 
442 442  -1  6  0 -9 
442 608   1  7  0 -9 
443 443  -1  6  0 -9 
443 609   1  7  0 -9 
444 444  -1  6  0 -9 
445 445  -1  6  0 -9 
446 446  -1  6  0 -9 
447 447  -1  6  0 -9 
448 467   1  3  0 -9 
448 496  -1  5  0 -9 
448 571   1  6  0 -9 
449 468   1  3  0 -9 
449 497  -1  5  0 -9 
449 572   1  6  0 -9 
450 469   1  3  0 -9 
450 498  -1  5  0 -9 
450 573   1  6  0 -9 
451 470   1  3  0 -9 
451 499  -1  5  0 -9 
451 574   1  6  0 -9 
452 445  -1  5  0 -9 
452 471   1  3  0 -9 
452 500  -1  5  0 -9 
452 575   1  6  0 -9 
453 446  -1  5  0 -9 
453 472   1  3  0 -9 
453 501  -1  5  0 -9 
453 576   1  6  0 -9 
454 447  -1  5  0 -9 
454 473   1  3  0 -9 
454 502  -1  5  0 -9 
454 577   1  6  0 -9 
455 474   1  3  0 -9 
455 503  -1  5  0 -9 
455 578   1  6  0 -9 
456 475   1  3  0 -9 
456 504  -1  5  0 -9 
456 579   1  6  0 -9 
457 497  -1  4  0 -9 
457 513  -1  4  0 -9 
457 559   1  3  0 -9 
457 572   1  5  0 -9 
457 580  -1  4  0 -9 
457 600   1  5  0 -9 
458 498  -1  4  0 -9 
458 514  -1  4  0 -9 
458 560   1  3  0 -9 
458 573   1  5  0 -9 
458 581  -1  4  0 -9 
458 601   1  5  0 -9 
459 499  -1  4  0 -9 
459 515  -1  4  0 -9 
459 561   1  3  0 -9 
459 574   1  5  0 -9 
459 582  -1  4  0 -9 
459 602   1  5  0 -9 
460 516  -1  4  0 -9 
460 562   1  3  0 -9 
460 583  -1  4  0 -9 
460 603   1  5  0 -9 
461 133   1  3  0 -9 
461 444  -1  5  0 -9 
462 134   1  3  0 -9 
462 445  -1  5  0 -9 
463 135   1  3  0 -9 
463 446  -1  5  0 -9 
464 136   1  3  0 -9 
464 447  -1  5  0 -9 
465 137   1  3  0 -9 
465 444  -1  5  0 -9 
466 138   1  3  0 -9 
466 446  -1  5  0 -9 
467 448   1  3  0 -9 
467 496  -1  4  0 -9 
468 449   1  3  0 -9 
468 497  -1  4  0 -9 
469 450   1  3  0 -9 
469 498  -1  4  0 -9 
470 451   1  3  0 -9 
470 499  -1  4  0 -9 
471 445  -1  4  0 -9 
471 452   1  3  0 -9 
471 500  -1  4  0 -9 
472 446  -1  4  0 -9 
472 453   1  3  0 -9 
472 501  -1  4  0 -9 
473 447  -1  4  0 -9 
473 454   1  3  0 -9 
473 502  -1  4  0 -9 
474 455   1  3  0 -9 
474 503  -1  4  0 -9 
475 456   1  3  0 -9 
475 504  -1  4  0 -9 
476 134  -1  1  0 -9 
476 160  -1  1  0 -9 
476 371  -1  3  0 -9 
476 376   1  2  0 -9 
476 445  -1  3  0 -9 
476 448  -1  1  0 -9 
476 452   1  2  0 -9 
476 462   1  2  0 -9 
476 467   1  2  0 -9 
476 471  -1  1  0 -9 
476 476   1  0  0 -9 
476 496  -1  4  1  2  0 -9 
476 500  -1  3  0 -9 
476 530   1  2  0 -9 
476 535  -1  1  0 -9 
476 571   1  5  0 -9 
477 135  -1  1  0 -9 
477 161  -1  1  0 -9 
477 372  -1  3  0 -9 
477 377   1  2  0 -9 
477 446  -1  3  0 -9 
477 449  -1  1  0 -9 
477 453   1  2  0 -9 
477 463   1  2  0 -9 
477 468   1  2  0 -9 
477 472  -1  1  0 -9 
477 477   1  0  0 -9 
477 497  -1  4  1  2  0 -9 
477 501  -1  3  0 -9 
477 531   1  2  0 -9 
477 536  -1  1  0 -9 
477 572   1  5  0 -9 
478 136  -1  1  0 -9 
478 162  -1  1  0 -9 
478 373  -1  3  0 -9 
478 378   1  2  0 -9 
478 447  -1  3  0 -9 
478 450  -1  1  0 -9 
478 454   1  2  0 -9 
478 464   1  2  0 -9 
478 469   1  2  0 -9 
478 473  -1  1  0 -9 
478 478   1  0  0 -9 
478 498  -1  4  1  2  0 -9 
478 502  -1  3  0 -9 
478 532   1  2  0 -9 
478 537  -1  1  0 -9 
478 573   1  5  0 -9 
479 163  -1  1  0 -9 
479 374  -1  3  0 -9 
479 379   1  2  0 -9 
479 449  -1  1  0 -9 
479 455   1  2  0 -9 
479 468   1  2  0 -9 
479 474  -1  1  0 -9 
479 479   1  0  0 -9 
479 497  -1  4  1  2  0 -9 
479 503  -1  3  0 -9 
479 533   1  2  0 -9 
479 538  -1  1  0 -9 
479 572   1  5  0 -9 
480 164  -1  1  0 -9 
480 375  -1  3  0 -9 
480 380   1  2  0 -9 
480 451  -1  1  0 -9 
480 456   1  2  0 -9 
480 470   1  2  0 -9 
480 475  -1  1  0 -9 
480 480   1  0  0 -9 
480 499  -1  4  1  2  0 -9 
480 504  -1  3  0 -9 
480 534   1  2  0 -9 
480 539  -1  1  0 -9 
480 574   1  5  0 -9 
481 81  -1  1  0 -9 
481 136  -1  1  0 -9 
481 138   1  2  0 -9 
481 144   1  2  0 -9 
481 154  -1  1  0 -9 
481 162  -1  1  0 -9 
481 365  -1  3  0 -9 
481 373  -1  3  0 -9 
481 381   1  2  0 -9 
481 446  -1  4  1  2  0 -9 
481 447  -1  3  0 -9 
481 453  -1  1  0 -9 
481 454   1  2  0 -9 
481 464   1  2  0 -9 
481 466  -1  1  0 -9 
481 472   1  2  0 -9 
481 473  -1  1  0 -9 
481 481   1  0  0 -9 
481 493  -1  3  0 -9 
481 501  -1  4  1  2  0 -9 
481 502  -1  3  0 -9 
481 524   1  2  0 -9 
481 532   1  2  0 -9 
481 540  -1  1  0 -9 
481 576   1  5  0 -9 
482 457  -1  1  0 -9 
482 482   1  0  0 -9 
482 497  -1  3  0 -9 
482 513  -1  3  0 -9 
482 559   1  2  0 -9 
482 563  -1  1  0 -9 
482 572   1  4  0 -9 
482 580  -1  3  0 -9 
482 584   1  2  0 -9 
482 600   1  4  0 -9 
482 604  -1  3  0 -9 
483 458  -1  1  0 -9 
483 483   1  0  0 -9 
483 498  -1  3  0 -9 
483 514  -1  3  0 -9 
483 560   1  2  0 -9 
483 564  -1  1  0 -9 
483 573   1  4  0 -9 
483 581  -1  3  0 -9 
483 585   1  2  0 -9 
483 601   1  4  0 -9 
483 605  -1  3  0 -9 
484 459  -1  1  0 -9 
484 484   1  0  0 -9 
484 499  -1  3  0 -9 
484 515  -1  3  0 -9 
484 561   1  2  0 -9 
484 565  -1  1  0 -9 
484 574   1  4  0 -9 
484 582  -1  3  0 -9 
484 586   1  2  0 -9 
484 602   1  4  0 -9 
484 606  -1  3  0 -9 
485 460  -1  1  0 -9 
485 485   1  0  0 -9 
485 516  -1  3  0 -9 
485 562   1  2  0 -9 
485 566  -1  1  0 -9 
485 583  -1  3  0 -9 
485 587   1  2  0 -9 
485 603   1  4  0 -9 
485 607  -1  3  0 -9 
486 162  -1  1  0 -9 
486 170  -1  1  0 -9 
486 373  -1  3  0 -9 
486 387  -1  3  0 -9 
486 457  -1  1  0 -9 
486 486   1  0  0 -9 
486 497  -1  3  0 -9 
486 502  -1  3  0 -9 
486 510  -1  3  0 -9 
486 513  -1  3  0 -9 
486 532   1  2  0 -9 
486 546   1  2  0 -9 
486 559   1  2  0 -9 
486 567  -1  1  0 -9 
486 572   1  4  0 -9 
486 577   1  4  0 -9 
486 578  -1  3  0 -9 
486 580  -1  3  0 -9 
486 588   1  2  0 -9 
486 597   1  4  0 -9 
486 600   1  4  0 -9 
486 608  -1  3  0 -9 
487 172  -1  1  0 -9 
487 389  -1  3  0 -9 
487 459  -1  1  0 -9 
487 487   1  0  0 -9 
487 499  -1  3  0 -9 
487 512  -1  3  0 -9 
487 515  -1  3  0 -9 
487 548   1  2  0 -9 
487 561   1  2  0 -9 
487 568  -1  1  0 -9 
487 574   1  4  0 -9 
487 579  -1  3  0 -9 
487 582  -1  3  0 -9 
487 589   1  2  0 -9 
487 599   1  4  0 -9 
487 602   1  4  0 -9 
487 609  -1  3  0 -9 
488 329   1  7  0 -9 
488 488  -1  6  0 -9 
489 330   1  7  0 -9 
489 489  -1  6  0 -9 
490 331   1  7  0 -9 
490 490  -1  6  0 -9 
491 332   1  7  0 -9 
491 491  -1  6  0 -9 
492 333   1  7  0 -9 
492 492  -1  6  0 -9 
493 334   1  7  0 -9 
493 493  -1  6  0 -9 
494 335   1  7  0 -9 
494 494  -1  6  0 -9 
495 336   1  7  0 -9 
495 495  -1  6  0 -9 
496 496  -1  6  0 -9 
496 571   1  7  0 -9 
497 497  -1  6  0 -9 
497 572   1  7  0 -9 
498 498  -1  6  0 -9 
498 573   1  7  0 -9 
499 499  -1  6  0 -9 
499 574   1  7  0 -9 
500 500  -1  6  0 -9 
500 575   1  7  0 -9 
501 501  -1  6  0 -9 
501 576   1  7  0 -9 
502 502  -1  6  0 -9 
502 577   1  7  0 -9 
503 503  -1  6  0 -9 
503 578   1  7  0 -9 
504 504  -1  6  0 -9 
504 579   1  7  0 -9 
505 505  -1  6  0 -9 
505 592   1  7  0 -9 
506 506  -1  6  0 -9 
506 593   1  7  0 -9 
507 507  -1  6  0 -9 
507 594   1  7  0 -9 
508 508  -1  6  0 -9 
508 595   1  7  0 -9 
509 509  -1  6  0 -9 
509 596   1  7  0 -9 
510 510  -1  6  0 -9 
510 597   1  7  0 -9 
511 511  -1  6  0 -9 
511 598   1  7  0 -9 
512 512  -1  6  0 -9 
512 599   1  7  0 -9 
513 513  -1  6  0 -9 
513 600   1  7  0 -9 
514 514  -1  6  0 -9 
514 601   1  7  0 -9 
515 515  -1  6  0 -9 
515 602   1  7  0 -9 
516 516  -1  6  0 -9 
516 603   1  7  0 -9 
517 147   1  3  0 -9 
517 329   1  6  0 -9 
517 358  -1  5  0 -9 
517 488  -1  5  0 -9 
518 148   1  3  0 -9 
518 330   1  6  0 -9 
518 359  -1  5  0 -9 
518 489  -1  5  0 -9 
519 149   1  3  0 -9 
519 331   1  6  0 -9 
519 360  -1  5  0 -9 
519 490  -1  5  0 -9 
520 150   1  3  0 -9 
520 332   1  6  0 -9 
520 361  -1  5  0 -9 
520 491  -1  5  0 -9 
521 151   1  3  0 -9 
521 333   1  6  0 -9 
521 362  -1  5  0 -9 
521 492  -1  5  0 -9 
522 152   1  3  0 -9 
522 331   1  6  0 -9 
522 334   1  6  0 -9 
522 363  -1  5  0 -9 
522 490  -1  5  0 -9 
522 493  -1  5  0 -9 
523 153   1  3  0 -9 
523 335   1  6  0 -9 
523 364  -1  5  0 -9 
523 494  -1  5  0 -9 
524 154   1  3  0 -9 
524 334   1  6  0 -9 
524 365  -1  5  0 -9 
524 493  -1  5  0 -9 
525 155   1  3  0 -9 
525 336   1  6  0 -9 
525 366  -1  5  0 -9 
525 495  -1  5  0 -9 
526 156   1  3  0 -9 
526 367  -1  5  0 -9 
526 496  -1  5  0 -9 
526 571   1  6  0 -9 
527 157   1  3  0 -9 
527 334   1  6  0 -9 
527 368  -1  5  0 -9 
527 493  -1  5  0 -9 
527 497  -1  5  0 -9 
527 572   1  6  0 -9 
528 158   1  3  0 -9 
528 335   1  6  0 -9 
528 369  -1  5  0 -9 
528 494  -1  5  0 -9 
528 498  -1  5  0 -9 
528 573   1  6  0 -9 
529 159   1  3  0 -9 
529 336   1  6  0 -9 
529 370  -1  5  0 -9 
529 495  -1  5  0 -9 
529 499  -1  5  0 -9 
529 574   1  6  0 -9 
530 160   1  3  0 -9 
530 371  -1  5  0 -9 
530 500  -1  5  0 -9 
530 575   1  6  0 -9 
531 161   1  3  0 -9 
531 372  -1  5  0 -9 
531 501  -1  5  0 -9 
531 576   1  6  0 -9 
532 162   1  3  0 -9 
532 373  -1  5  0 -9 
532 502  -1  5  0 -9 
532 577   1  6  0 -9 
533 163   1  3  0 -9 
533 374  -1  5  0 -9 
533 503  -1  5  0 -9 
533 578   1  6  0 -9 
534 164   1  3  0 -9 
534 375  -1  5  0 -9 
534 504  -1  5  0 -9 
534 579   1  6  0 -9 
535 371  -1  4  0 -9 
535 376   1  3  0 -9 
535 496  -1  5  0 -9 
535 571   1  6  0 -9 
536 372  -1  4  0 -9 
536 377   1  3  0 -9 
536 497  -1  5  0 -9 
536 572   1  6  0 -9 
537 373  -1  4  0 -9 
537 378   1  3  0 -9 
537 498  -1  5  0 -9 
537 573   1  6  0 -9 
538 374  -1  4  0 -9 
538 379   1  3  0 -9 
538 497  -1  5  0 -9 
538 572   1  6  0 -9 
539 375  -1  4  0 -9 
539 380   1  3  0 -9 
539 499  -1  5  0 -9 
539 574   1  6  0 -9 
540 365  -1  4  0 -9 
540 373  -1  4  0 -9 
540 381   1  3  0 -9 
540 501  -1  5  0 -9 
540 576   1  6  0 -9 
541 165   1  3  0 -9 
541 382  -1  5  0 -9 
541 505  -1  5  0 -9 
541 592   1  6  0 -9 
542 166   1  3  0 -9 
542 383  -1  5  0 -9 
542 506  -1  5  0 -9 
542 593   1  6  0 -9 
543 167   1  3  0 -9 
543 384  -1  5  0 -9 
543 507  -1  5  0 -9 
543 594   1  6  0 -9 
544 168   1  3  0 -9 
544 385  -1  5  0 -9 
544 508  -1  5  0 -9 
544 595   1  6  0 -9 
545 169   1  3  0 -9 
545 386  -1  5  0 -9 
545 509  -1  5  0 -9 
545 596   1  6  0 -9 
546 170   1  3  0 -9 
546 387  -1  5  0 -9 
546 510  -1  5  0 -9 
546 597   1  6  0 -9 
547 171   1  3  0 -9 
547 388  -1  5  0 -9 
547 511  -1  5  0 -9 
547 598   1  6  0 -9 
548 172   1  3  0 -9 
548 389  -1  5  0 -9 
548 512  -1  5  0 -9 
548 599   1  6  0 -9 
549 385  -1  4  0 -9 
549 390   1  3  0 -9 
549 430  -1  4  0 -9 
549 505  -1  5  0 -9 
549 506  -1  5  0 -9 
549 592   1  6  0 -9 
549 593   1  6  0 -9 
550 386  -1  4  0 -9 
550 391   1  3  0 -9 
550 431  -1  4  0 -9 
550 507  -1  5  0 -9 
550 594   1  6  0 -9 
551 387  -1  4  0 -9 
551 392   1  3  0 -9 
551 432  -1  4  0 -9 
551 506  -1  5  0 -9 
551 593   1  6  0 -9 
552 366  -1  4  0 -9 
552 386  -1  4  0 -9 
552 389  -1  4  0 -9 
552 393   1  3  0 -9 
552 433  -1  4  0 -9 
552 511  -1  5  0 -9 
552 598   1  6  0 -9 
553 394   1  3  0 -9 
553 438  -1  4  0 -9 
553 513  -1  5  0 -9 
553 600   1  6  0 -9 
554 395   1  3  0 -9 
554 439  -1  4  0 -9 
554 514  -1  5  0 -9 
554 601   1  6  0 -9 
555 388  -1  4  0 -9 
555 396   1  3  0 -9 
555 440  -1  4  0 -9 
555 499  -1  5  0 -9 
555 506  -1  5  0 -9 
555 515  -1  5  0 -9 
555 574   1  6  0 -9 
555 593   1  6  0 -9 
555 602   1  6  0 -9 
556 389  -1  4  0 -9 
556 397   1  3  0 -9 
556 441  -1  4  0 -9 
556 516  -1  5  0 -9 
556 603   1  6  0 -9 
557 398   1  3  0 -9 
557 442  -1  4  0 -9 
557 513  -1  5  0 -9 
557 600   1  6  0 -9 
558 399   1  3  0 -9 
558 443  -1  4  0 -9 
558 515  -1  5  0 -9 
558 602   1  6  0 -9 
559 457   1  3  0 -9 
559 497  -1  5  0 -9 
559 513  -1  5  0 -9 
559 572   1  6  0 -9 
559 580  -1  5  0 -9 
559 600   1  6  0 -9 
560 458   1  3  0 -9 
560 498  -1  5  0 -9 
560 514  -1  5  0 -9 
560 573   1  6  0 -9 
560 581  -1  5  0 -9 
560 601   1  6  0 -9 
561 459   1  3  0 -9 
561 499  -1  5  0 -9 
561 515  -1  5  0 -9 
561 574   1  6  0 -9 
561 582  -1  5  0 -9 
561 602   1  6  0 -9 
562 460   1  3  0 -9 
562 516  -1  5  0 -9 
562 583  -1  5  0 -9 
562 603   1  6  0 -9 
563 497  -1  4  0 -9 
563 513  -1  4  0 -9 
563 572   1  5  0 -9 
563 580  -1  4  0 -9 
563 584   1  3  0 -9 
563 600   1  5  0 -9 
563 604  -1  4  0 -9 
564 498  -1  4  0 -9 
564 514  -1  4  0 -9 
564 573   1  5  0 -9 
564 581  -1  4  0 -9 
564 585   1  3  0 -9 
564 601   1  5  0 -9 
564 605  -1  4  0 -9 
565 499  -1  4  0 -9 
565 515  -1  4  0 -9 
565 574   1  5  0 -9 
565 582  -1  4  0 -9 
565 586   1  3  0 -9 
565 602   1  5  0 -9 
565 606  -1  4  0 -9 
566 516  -1  4  0 -9 
566 583  -1  4  0 -9 
566 587   1  3  0 -9 
566 603   1  5  0 -9 
566 607  -1  4  0 -9 
567 373  -1  4  0 -9 
567 387  -1  4  0 -9 
567 497  -1  4  0 -9 
567 502  -1  4  0 -9 
567 510  -1  4  0 -9 
567 513  -1  4  0 -9 
567 572   1  5  0 -9 
567 577   1  5  0 -9 
567 578  -1  4  0 -9 
567 580  -1  4  0 -9 
567 588   1  3  0 -9 
567 597   1  5  0 -9 
567 600   1  5  0 -9 
567 608  -1  4  0 -9 
568 389  -1  4  0 -9 
568 499  -1  4  0 -9 
568 512  -1  4  0 -9 
568 515  -1  4  0 -9 
568 574   1  5  0 -9 
568 579  -1  4  0 -9 
568 582  -1  4  0 -9 
568 589   1  3  0 -9 
568 599   1  5  0 -9 
568 602   1  5  0 -9 
568 609  -1  4  0 -9 
569 515  -1  5  0 -9 
569 590   1  3  0 -9 
569 602   1  6  0 -9 
569 610  -1  4  0 -9 
570 515  -1  4  0 -9 
570 591   1  3  0 -9 
570 602   1  5  0 -9 
570 611  -1  4  0 -9 
571 571   1  8  0 -9 
572 572   1  8  0 -9 
573 573   1  8  0 -9 
574 574   1  8  0 -9 
575 575   1  8  0 -9 
576 576   1  8  0 -9 
577 577   1  8  0 -9 
578 578   1  8  0 -9 
579 579   1  8  0 -9 
580 572   1  7  0 -9 
580 580  -1  6  0 -9 
580 600   1  7  0 -9 
581 573   1  7  0 -9 
581 581  -1  6  0 -9 
581 601   1  7  0 -9 
582 574   1  7  0 -9 
582 582  -1  6  0 -9 
582 602   1  7  0 -9 
583 583  -1  6  0 -9 
583 603   1  7  0 -9 
584 497  -1  5  0 -9 
584 513  -1  5  0 -9 
584 563   1  3  0 -9 
584 572   1  6  0 -9 
584 580  -1  5  0 -9 
584 600   1  6  0 -9 
584 604   1  7  0 -9 
585 498  -1  5  0 -9 
585 514  -1  5  0 -9 
585 564   1  3  0 -9 
585 573   1  6  0 -9 
585 581  -1  5  0 -9 
585 601   1  6  0 -9 
585 605   1  7  0 -9 
586 499  -1  5  0 -9 
586 515  -1  5  0 -9 
586 565   1  3  0 -9 
586 574   1  6  0 -9 
586 582  -1  5  0 -9 
586 602   1  6  0 -9 
586 606   1  7  0 -9 
587 516  -1  5  0 -9 
587 566   1  3  0 -9 
587 583  -1  5  0 -9 
587 603   1  6  0 -9 
587 607   1  7  0 -9 
588 373  -1  5  0 -9 
588 387  -1  5  0 -9 
588 497  -1  5  0 -9 
588 502  -1  5  0 -9 
588 510  -1  5  0 -9 
588 513  -1  5  0 -9 
588 567   1  3  0 -9 
588 572   1  6  0 -9 
588 577   1  6  0 -9 
588 578   1  7  0 -9 
588 580  -1  5  0 -9 
588 597   1  6  0 -9 
588 600   1  6  0 -9 
588 608   1  7  0 -9 
589 389  -1  5  0 -9 
589 499  -1  5  0 -9 
589 512  -1  5  0 -9 
589 515  -1  5  0 -9 
589 568   1  3  0 -9 
589 574   1  6  0 -9 
589 579   1  7  0 -9 
589 582  -1  5  0 -9 
589 599   1  6  0 -9 
589 602   1  6  0 -9 
589 609   1  7  0 -9 
590 515  -1  4  0 -9 
590 569   1  3  0 -9 
590 606   1  6  0 -9 
590 610  -1  5  0 -9 
591 515  -1  5  0 -9 
591 570   1  3  0 -9 
591 602   1  6  0 -9 
591 607   1  6  0 -9 
591 611  -1  5  0 -9 
592 592   1  8  0 -9 
593 593   1  8  0 -9 
594 594   1  8  0 -9 
595 595   1  8  0 -9 
596 596   1  8  0 -9 
597 597   1  8  0 -9 
598 598   1  8  0 -9 
599 599   1  8  0 -9 
600 600   1  8  0 -9 
601 601   1  8  0 -9 
602 602   1  8  0 -9 
603 603   1  8  0 -9 
604 604   1  8  0 -9 
605 605   1  8  0 -9 
606 606   1  8  0 -9 
607 607   1  8  0 -9 
608 608   1  8  0 -9 
609 609   1  8  0 -9 
610 606   1  7  0 -9 
610 610  -1  6  0 -9 
611 602   1  7  0 -9 
611 607   1  7  0 -9 
611 611  -1  6  0 -9 
9999 9999
