 0  0  -1 -2  0 -9 
 1  1  -1 -2  0 -9 
 1  9   1 -1  0 -9 
 1 13  -1  0  0 -9 
 2  2  -1 -2  0 -9 
 2 10   1 -1  0 -9 
 2 14  -1  0  0 -9 
 3  3  -1 -2  0 -9 
 3 11   1 -1  0 -9 
 3 15  -1  0  0 -9 
 3 19   1  1  0 -9 
 4  4  -1 -2  0 -9 
 4 21   1 -1  0 -9 
 5  5  -1 -2  0 -9 
 5 22   1 -1  0 -9 
 5 27  -1  0  0 -9 
 6  6  -1 -2  0 -9 
 6 23   1 -1  0 -9 
 6 28  -1  0  0 -9 
 7  7  -1 -2  0 -9 
 7 14  -1  0  0 -9 
 7 17   1 -1  0 -9 
 7 24   1 -1  0 -9 
 7 31  -1  0  0 -9 
 7 33   1  1  0 -9 
 8  8  -1 -2  0 -9 
 8 16  -1  0  0 -9 
 8 18   1 -1  0 -9 
 8 20   1  1  0 -9 
 8 25   1 -1  0 -9 
 8 32  -1  0  0 -9 
 8 34   1  1  0 -9 
 8 35  -1  2  0 -9 
 9  9   1  0  0 -9 
 9 13  -1  1  0 -9 
 9 27   1  2  0 -9 
10 10   1  0  0 -9 
10 14  -1  1  0 -9 
10 28   1  2  0 -9 
11 11   1  0  0 -9 
11 15  -1  1  0 -9 
11 19   1  2  0 -9 
11 29   1  2  0 -9 
12 12   1  0  0 -9 
12 16  -1  1  0 -9 
12 19   1  3  0 -9 
12 20  -1  4  0 -9 
12 30   1  2  0 -9 
12 35   1  5  0 -9 
13 27   1  3  0 -9 
14 28   1  3  0 -9 
15 19  -1  5  0 -9 
15 29   1  3  0 -9 
16 20  -1  5  0 -9 
16 30   1  3  0 -9 
16 35   1  6  0 -9 
17 14  -1  1  0 -9 
17 17   1  0  0 -9 
17 28   1  2  0 -9 
17 31  -1  1  0 -9 
17 33   1  2  0 -9 
18 16  -1  1  0 -9 
18 18   1  0  0 -9 
18 20   1  2  0 -9 
18 30   1  2  0 -9 
18 32  -1  1  0 -9 
18 34   1  2  0 -9 
18 35  -1  3  0 -9 
19 19  -1  6  0 -9 
20 20  -1  6  0 -9 
20 35   1  7  0 -9 
21 21   1  0  0 -9 
22 13   1  2  0 -9 
22 22   1  0  0 -9 
22 27  -1  1  0 -9 
23 14   1  2  0 -9 
23 23   1  0  0 -9 
23 28  -1  1  0 -9 
24 24   1  0  0 -9 
24 31  -1  1  0 -9 
24 33   1  2  0 -9 
25 25   1  0  0 -9 
25 32  -1  1  0 -9 
25 34   1  2  0 -9 
25 35  -1  3  0 -9 
26 24   1 -1  0 -9 
26 26  -1 -2  0 -9 
26 31  -1  0  0 -9 
27 13   1  3  0 -9 
28 14   1  3  0 -9 
29 15   1  3  0 -9 
29 19  -1  4  0 -9 
30 16   1  3  0 -9 
30 20  -1  4  0 -9 
31 33   1  3  0 -9 
32 34   1  3  0 -9 
32 35  -1  4  0 -9 
33 31   1  3  0 -9 
34 32   1  3  0 -9 
34 35   1  7  0 -9 
35 35   1  8  0 -9 
36  9   1 -1  0 -9 
36 13  -1  0  0 -9 
36 27   1  1  0 -9 
36 36  -1 -2  0 -9 
36 42   1 -1  0 -9 
37 10   1 -1  0 -9 
37 14  -1  0  0 -9 
37 28   1  1  0 -9 
37 37  -1 -2  0 -9 
37 43   1 -1  0 -9 
38 11   1 -1  0 -9 
38 15  -1  0  0 -9 
38 19   1  1  0 -9 
38 29   1  1  0 -9 
38 38  -1 -2  0 -9 
38 44   1 -1  0 -9 
38 48  -1  0  0 -9 
39 12   1 -1  0 -9 
39 16  -1  0  0 -9 
39 19   1  2  0 -9 
39 20  -1  3  0 -9 
39 30   1  1  0 -9 
39 35   1  4  0 -9 
39 39  -1 -2  0 -9 
39 40  -1  0  0 -9 
39 41   1 -1  0 -9 
39 45   1 -1  0 -9 
39 49  -1  0  0 -9 
39 50   1  1  0 -9 
40 19  -1  4  0 -9 
40 48   1  3  0 -9 
41 20  -1  4  0 -9 
41 35   1  5  0 -9 
41 40  -1  1  0 -9 
41 41   1  0  0 -9 
41 48   1  2  0 -9 
41 49  -1  1  0 -9 
41 50   1  2  0 -9 
42 13  -1  1  0 -9 
42 27   1  2  0 -9 
42 42   1  0  0 -9 
43 14  -1  1  0 -9 
43 28   1  2  0 -9 
43 43   1  0  0 -9 
44 15  -1  1  0 -9 
44 19  -1  4  1  2  0 -9 
44 29   1  2  0 -9 
44 40   1  2  0 -9 
44 44   1  0  0 -9 
44 48  -1  1  0 -9 
45 16  -1  1  0 -9 
45 20  -1  4  1  2  0 -9 
45 30   1  2  0 -9 
45 35   1  5  0 -9 
45 45   1  0  0 -9 
45 49  -1  1  0 -9 
45 50   1  2  0 -9 
46 14  -1  0  0 -9 
46 17   1 -1  0 -9 
46 28   1  1  0 -9 
46 31  -1  0  0 -9 
46 43   1 -1  0 -9 
46 46  -1 -2  0 -9 
47 16  -1  0  0 -9 
47 18   1 -1  0 -9 
47 20   1  1  0 -9 
47 30   1  1  0 -9 
47 32  -1  0  0 -9 
47 45   1 -1  0 -9 
47 47  -1 -2  0 -9 
47 49  -1  0  0 -9 
48 19  -1  5  0 -9 
48 40   1  3  0 -9 
49 20  -1  5  0 -9 
49 35   1  6  0 -9 
49 50   1  3  0 -9 
50 20  -1  4  0 -9 
50 49   1  3  0 -9 
51 13  -1  0  0 -9 
51 42   1 -1  0 -9 
51 51  -1 -2  0 -9 
52 14  -1  0  0 -9 
52 43   1 -1  0 -9 
52 52  -1 -2  0 -9 
53 15  -1  0  0 -9 
53 19   1  1  0 -9 
53 40   1  1  0 -9 
53 44   1 -1  0 -9 
53 48  -1  0  0 -9 
53 53  -1 -2  0 -9 
53 57   1 -1  0 -9 
54 16  -1  0  0 -9 
54 20   1  1  0 -9 
54 45   1 -1  0 -9 
54 49  -1  0  0 -9 
54 50   1  1  0 -9 
54 54  -1 -2  0 -9 
54 58   1 -1  0 -9 
54 59  -1  0  0 -9 
55 33  -1  0  0 -9 
55 55  -1 -2  0 -9 
55 60   1 -1  0 -9 
56 34  -1  0  0 -9 
56 35   1  1  0 -9 
56 56  -1 -2  0 -9 
56 61   1 -1  0 -9 
56 62  -1  0  0 -9 
57 19   1  2  0 -9 
57 40   1  2  0 -9 
57 48  -1  1  0 -9 
57 57   1  0  0 -9 
58 20   1  2  0 -9 
58 35  -1  3  0 -9 
58 49  -1  1  0 -9 
58 50   1  2  0 -9 
58 58   1  0  0 -9 
58 59  -1  1  0 -9 
58 62   1  2  0 -9 
59 35  -1  4  0 -9 
59 62   1  3  0 -9 
60 31   1  2  0 -9 
60 33  -1  1  0 -9 
60 60   1  0  0 -9 
61 32   1  2  0 -9 
61 34  -1  1  0 -9 
61 35   1  6  1  2  0 -9 
61 59   1  2  0 -9 
61 61   1  0  0 -9 
61 62  -1  1  0 -9 
62 35   1  7  0 -9 
62 59   1  3  0 -9 
63 19   1  1  0 -9 
63 48  -1  0  0 -9 
63 57   1 -1  0 -9 
63 63  -1 -2  0 -9 
64 20   1  1  0 -9 
64 35  -1  2  0 -9 
64 49  -1  0  0 -9 
64 58   1 -1  0 -9 
64 59  -1  0  0 -9 
64 62   1  1  0 -9 
64 64  -1 -2  0 -9 
64 65   1 -1  0 -9 
65 35  -1  3  0 -9 
65 59  -1  1  0 -9 
65 62   1  2  0 -9 
65 65   1  0  0 -9 
66 21   1 -1  0 -9 
66 66  -1 -2  0 -9 
67 13   1  1  0 -9 
67 22   1 -1  0 -9 
67 27  -1  0  0 -9 
67 67  -1 -2  0 -9 
67 72   1 -1  0 -9 
68 14   1  1  0 -9 
68 23   1 -1  0 -9 
68 28  -1  0  0 -9 
68 68  -1 -2  0 -9 
68 73   1 -1  0 -9 
69 24   1 -1  0 -9 
69 31  -1  0  0 -9 
69 33   1  1  0 -9 
69 69  -1 -2  0 -9 
69 76   1 -1  0 -9 
69 78  -1  0  0 -9 
70 25   1 -1  0 -9 
70 32  -1  0  0 -9 
70 34   1  1  0 -9 
70 35  -1  2  0 -9 
70 70  -1 -2  0 -9 
70 77   1 -1  0 -9 
70 79  -1  0  0 -9 
70 80   1  1  0 -9 
71 71  -1 -2  0 -9 
71 81   1 -1  0 -9 
71 82  -1  0  0 -9 
72 13   1  2  0 -9 
72 27  -1  1  0 -9 
72 72   1  0  0 -9 
73 14   1  2  0 -9 
73 28  -1  1  0 -9 
73 73   1  0  0 -9 
74 15   1  2  0 -9 
74 29  -1  1  0 -9 
74 74   1  0  0 -9 
75 16   1  2  0 -9 
75 30  -1  1  0 -9 
75 35  -1  4  0 -9 
75 75   1  0  0 -9 
75 80   1  3  0 -9 
76 31  -1  1  0 -9 
76 33   1  2  0 -9 
76 76   1  0  0 -9 
76 78  -1  1  0 -9 
76 82   1  2  0 -9 
77 32  -1  1  0 -9 
77 34   1  2  0 -9 
77 35  -1  3  0 -9 
77 77   1  0  0 -9 
77 79  -1  1  0 -9 
77 80   1  2  0 -9 
77 83   1  2  0 -9 
78 82   1  3  0 -9 
79 35   1  6  0 -9 
79 80  -1  5  0 -9 
79 83   1  3  0 -9 
80 35   1  7  0 -9 
80 80  -1  6  0 -9 
81 78   1  2  0 -9 
81 81   1  0  0 -9 
81 82  -1  1  0 -9 
82 78   1  3  0 -9 
83 79   1  3  0 -9 
83 80  -1  4  0 -9 
84 27  -1  0  0 -9 
84 72   1 -1  0 -9 
84 84  -1 -2  0 -9 
85 28  -1  0  0 -9 
85 73   1 -1  0 -9 
85 85  -1 -2  0 -9 
86 19   1  2  0 -9 
86 29  -1  0  0 -9 
86 74   1 -1  0 -9 
86 86  -1 -2  0 -9 
86 90   1 -1  0 -9 
87 20   1  2  0 -9 
87 30  -1  0  0 -9 
87 35  -1  3  0 -9 
87 75   1 -1  0 -9 
87 80   1  2  0 -9 
87 87  -1 -2  0 -9 
87 91   1 -1  0 -9 
87 92  -1  0  0 -9 
88 31  -1  0  0 -9 
88 76   1 -1  0 -9 
88 78  -1  0  0 -9 
88 82   1  1  0 -9 
88 88  -1 -2  0 -9 
88 93   1 -1  0 -9 
89 32  -1  0  0 -9 
89 77   1 -1  0 -9 
89 79  -1  0  0 -9 
89 80   1  1  0 -9 
89 83   1  1  0 -9 
89 89  -1 -2  0 -9 
89 94   1 -1  0 -9 
89 95  -1  0  0 -9 
90 19   1  3  0 -9 
90 90   1  0  0 -9 
91 20   1  3  0 -9 
91 35  -1  4  0 -9 
91 91   1  0  0 -9 
91 92  -1  1  0 -9 
91 95   1  2  0 -9 
92 80  -1  4  0 -9 
92 95   1  3  0 -9 
93 78  -1  1  0 -9 
93 82   1  2  0 -9 
93 93   1  0  0 -9 
94 35   1  5  0 -9 
94 79  -1  1  0 -9 
94 80  -1  4  1  2  0 -9 
94 83   1  2  0 -9 
94 92   1  2  0 -9 
94 94   1  0  0 -9 
94 95  -1  1  0 -9 
95 35   1  6  0 -9 
95 80  -1  5  0 -9 
95 92   1  3  0 -9 
96 78  -1  0  0 -9 
96 93   1 -1  0 -9 
96 96  -1 -2  0 -9 
97 59  -1  0  0 -9 
97 79  -1  0  0 -9 
97 80   1  1  0 -9 
97 92   1  1  0 -9 
97 94   1 -1  0 -9 
97 95  -1  0  0 -9 
97 97  -1 -2  0 -9 
97 98   1 -1  0 -9 
98 35  -1  3  0 -9 
98 59  -1  1  0 -9 
98 62   1  2  0 -9 
98 80   1  2  0 -9 
98 92   1  2  0 -9 
98 95  -1  1  0 -9 
98 98   1  0  0 -9 
99 35  -1  2  0 -9 
99 59  -1  0  0 -9 
99 62   1  1  0 -9 
99 65   1 -1  0 -9 
99 80   1  1  0 -9 
99 95  -1  0  0 -9 
99 98   1 -1  0 -9 
99 99  -1 -2  0 -9 
9999 9999
