 0  0   1  0  0 -9 
 0 15  -1  1  0 -9 
 0 204   1  2  0 -9 
 1  0   1 -1  0 -9 
 1  1  -1 -2  0 -9 
 1 15  -1  0  0 -9 
 1 16   1 -1  0 -9 
 1 33   1 -1  0 -9 
 1 53   1  2  0 -9 
 1 54  -1  0  0 -9 
 1 74  -1  3  0 -9 
 1 225   1  2  0 -9 
 1 268  -1  3  0 -9 
 1 306   1  4  0 -9 
 2  2  -1 -2  0 -9 
 2 17   1 -1  0 -9 
 2 34   1 -1  0 -9 
 2 53   1  1  0 -9 
 2 55  -1  0  0 -9 
 2 75  -1  3  0 -9 
 2 226   1  2  0 -9 
 2 269  -1  3  0 -9 
 2 307   1  4  0 -9 
 3  3  -1 -2  0 -9 
 3 18   1 -1  0 -9 
 3 35   1 -1  0 -9 
 3 56  -1  0  0 -9 
 3 77  -1  3  0 -9 
 3 117   1  1  0 -9 
 3 228   1  2  0 -9 
 3 271  -1  3  0 -9 
 3 342   1  4  0 -9 
 4  4  -1 -2  0 -9 
 4 19   1 -1  0 -9 
 4 36   1 -1  0 -9 
 4 57  -1  0  0 -9 
 4 78  -1  3  0 -9 
 4 118   1  1  0 -9 
 4 229   1  2  0 -9 
 4 272  -1  3  0 -9 
 4 343   1  4  0 -9 
 5  5  -1 -2  0 -9 
 5 20   1 -1  0 -9 
 5 37   1 -1  0 -9 
 5 53   1  1  0 -9 
 5 58  -1  0  0 -9 
 5 79  -1  3  0 -9 
 5 119   1  1  0 -9 
 5 230   1  2  0 -9 
 5 273  -1  3  0 -9 
 5 344   1  4  0 -9 
 6  6  -1 -2  0 -9 
 6 21   1 -1  0 -9 
 6 38   1 -1  0 -9 
 6 59  -1  0  0 -9 
 6 80  -1  3  0 -9 
 6 120   1  1  0 -9 
 6 231   1  2  0 -9 
 6 274  -1  3  0 -9 
 6 345   1  4  0 -9 
 7  7  -1 -2  0 -9 
 7 22   1 -1  0 -9 
 7 39   1 -1  0 -9 
 7 60  -1  0  0 -9 
 7 81  -1  3  0 -9 
 7 121   1  1  0 -9 
 7 232   1  2  0 -9 
 7 275  -1  3  0 -9 
 7 346   1  4  0 -9 
 8  8  -1 -2  0 -9 
 8 23   1 -1  0 -9 
 8 40   1 -1  0 -9 
 8 61  -1  0  0 -9 
 8 82  -1  3  0 -9 
 8 122   1  1  0 -9 
 8 233   1  2  0 -9 
 8 276  -1  3  0 -9 
 8 347   1  4  0 -9 
 9  9  -1 -2  0 -9 
 9 16  -1  0  0 -9 
 9 24   1 -1  0 -9 
 9 177   1 -1  0 -9 
 9 183  -1  0  0 -9 
 9 192   1  1  0 -9 
 9 205  -1  0  0 -9 
 9 225   1  1  0 -9 
 9 268  -1  2  0 -9 
10  0   1 -1  0 -9 
10 10  -1 -2  0 -9 
10 15  -1  0  0 -9 
10 17  -1  0  0 -9 
10 25   1 -1  0 -9 
10 178   1 -1  0 -9 
10 184  -1  0  0 -9 
10 193   1  1  0 -9 
10 204   1  1  0 -9 
10 206  -1  0  0 -9 
10 226   1  1  0 -9 
10 269  -1  2  0 -9 
11 11  -1 -2  0 -9 
11 20  -1  0  0 -9 
11 54  -1  0  0 -9 
11 62  -1  0  0 -9 
11 74   1  1  0 -9 
11 79  -1  2 -1  0  0 -9 
11 98   1 -1  0 -9 
11 133   1  1  0 -9 
11 179   1 -1  0 -9 
11 230   1  1  0 -9 
11 249  -1  0  0 -9 
11 273  -1  2  0 -9 
11 306  -1  2  0 -9 
11 308   1  1  0 -9 
11 344   1  3  0 -9 
11 348  -1  2  0 -9 
12 12  -1 -2  0 -9 
12 18  -1  0  0 -9 
12 21  -1  0  0 -9 
12 63  -1  0  0 -9 
12 77  -1  2 -1  0  0 -9 
12 80  -1  2 -1  0  0 -9 
12 99   1 -1  0 -9 
12 134   1  1  0 -9 
12 180   1 -1  0 -9 
12 228   1  1  0 -9 
12 231   1  1  0 -9 
12 250  -1  0  0 -9 
12 271  -1  2  0 -9 
12 274  -1  2  0 -9 
12 309   1  1  0 -9 
12 342   1  3  0 -9 
12 345   1  3  0 -9 
12 349  -1  2  0 -9 
13 13  -1 -2  0 -9 
13 22  -1  0  0 -9 
13 64  -1  0  0 -9 
13 81  -1  2 -1  0  0 -9 
13 100   1 -1  0 -9 
13 135   1  1  0 -9 
13 181   1 -1  0 -9 
13 232   1  1  0 -9 
13 251  -1  0  0 -9 
13 275  -1  2  0 -9 
13 310   1  1  0 -9 
13 346   1  3  0 -9 
13 350  -1  2  0 -9 
14 14  -1 -2  0 -9 
14 19  -1  0  0 -9 
14 23  -1  0  0 -9 
14 65  -1  0  0 -9 
14 78  -1  2 -1  0  0 -9 
14 82  -1  2 -1  0  0 -9 
14 101   1 -1  0 -9 
14 136   1  1  0 -9 
14 182   1 -1  0 -9 
14 229   1  1  0 -9 
14 233   1  1  0 -9 
14 252  -1  0  0 -9 
14 272  -1  2  0 -9 
14 276  -1  2  0 -9 
14 311   1  1  0 -9 
14 343   1  3  0 -9 
14 347   1  3  0 -9 
14 351  -1  2  0 -9 
15 53  -1  4  0 -9 
15 204   1  3  0 -9 
16 74  -1  4  0 -9 
16 225   1  3  0 -9 
16 268  -1  4  0 -9 
16 306   1  5  0 -9 
17 75  -1  4  0 -9 
17 226   1  3  0 -9 
17 269  -1  4  0 -9 
17 307   1  5  0 -9 
18 77  -1  4  0 -9 
18 228   1  3  0 -9 
18 271  -1  4  0 -9 
18 342   1  5  0 -9 
19 78  -1  4  0 -9 
19 229   1  3  0 -9 
19 272  -1  4  0 -9 
19 343   1  5  0 -9 
20 79  -1  4  0 -9 
20 230   1  3  0 -9 
20 273  -1  4  0 -9 
20 344   1  5  0 -9 
21 80  -1  4  0 -9 
21 231   1  3  0 -9 
21 274  -1  4  0 -9 
21 345   1  5  0 -9 
22 81  -1  4  0 -9 
22 232   1  3  0 -9 
22 275  -1  4  0 -9 
22 346   1  5  0 -9 
23 82  -1  4  0 -9 
23 233   1  3  0 -9 
23 276  -1  4  0 -9 
23 347   1  5  0 -9 
24 16  -1  1  0 -9 
24 24   1  0  0 -9 
24 183  -1  1  0 -9 
24 192   1  2  0 -9 
24 225   1  2  0 -9 
24 268  -1  3  0 -9 
25 17  -1  1  0 -9 
25 25   1  0  0 -9 
25 184  -1  1  0 -9 
25 193   1  2  0 -9 
25 226   1  2  0 -9 
25 269  -1  3  0 -9 
26 17  -1  0  0 -9 
26 25   1 -1  0 -9 
26 26  -1 -2  0 -9 
26 184  -1  0  0 -9 
26 185   1 -1  0 -9 
26 193   1  1  0 -9 
26 194  -1  0  0 -9 
26 226   1  1  0 -9 
26 227  -1  0  0 -9 
26 269  -1  2  0 -9 
26 270   1  1  0 -9 
27 20   1 -1  0 -9 
27 27  -1 -2  0 -9 
27 79  -1  3  0 -9 
27 83  -1  0  0 -9 
27 102   1 -1  0 -9 
27 137   1  1  0 -9 
27 186   1 -1  0 -9 
27 195  -1  0  0 -9 
27 230   1  2  0 -9 
27 253  -1  0  0 -9 
27 273  -1  3  0 -9 
27 312   1  1  0 -9 
27 344   1  4  0 -9 
27 352  -1  2  0 -9 
28 21   1 -1  0 -9 
28 28  -1 -2  0 -9 
28 80  -1  3  0 -9 
28 84  -1  0  0 -9 
28 103   1 -1  0 -9 
28 138   1  1  0 -9 
28 187   1 -1  0 -9 
28 196  -1  0  0 -9 
28 231   1  2  0 -9 
28 254  -1  0  0 -9 
28 274  -1  3  0 -9 
28 313   1  1  0 -9 
28 345   1  4  0 -9 
28 353  -1  2  0 -9 
29 22   1 -1  0 -9 
29 29  -1 -2  0 -9 
29 81  -1  3  0 -9 
29 85  -1  0  0 -9 
29 104   1 -1  0 -9 
29 139   1  1  0 -9 
29 188   1 -1  0 -9 
29 197  -1  0  0 -9 
29 232   1  2  0 -9 
29 255  -1  0  0 -9 
29 275  -1  3  0 -9 
29 314   1  1  0 -9 
29 346   1  4  0 -9 
29 354  -1  2  0 -9 
30 23   1 -1  0 -9 
30 30  -1 -2  0 -9 
30 82  -1  3  0 -9 
30 86  -1  0  0 -9 
30 105   1 -1  0 -9 
30 140   1  1  0 -9 
30 189   1 -1  0 -9 
30 198  -1  0  0 -9 
30 233   1  2  0 -9 
30 256  -1  0  0 -9 
30 276  -1  3  0 -9 
30 315   1  1  0 -9 
30 347   1  4  0 -9 
30 355  -1  2  0 -9 
31 21  -1  0  0 -9 
31 31  -1 -2  0 -9 
31 75   1  1  0 -9 
31 76  -1  0  0 -9 
31 80  -1  2 -1  0  0 -9 
31 87  -1  0  0 -9 
31 106   1 -1  0 -9 
31 141   1  1  0 -9 
31 190   1 -1  0 -9 
31 199  -1  0  0 -9 
31 231   1  1  0 -9 
31 257  -1  0  0 -9 
31 274  -1  2  0 -9 
31 307  -1  2  0 -9 
31 316   1  1  0 -9 
31 345   1  3  0 -9 
31 356  -1  2  0 -9 
32 23  -1  0  0 -9 
32 32  -1 -2  0 -9 
32 82  -1  2 -1  0  0 -9 
32 88  -1  0  0 -9 
32 107   1 -1  0 -9 
32 142   1  1  0 -9 
32 191   1 -1  0 -9 
32 200  -1  0  0 -9 
32 233   1  1  0 -9 
32 258  -1  0  0 -9 
32 276  -1  2  0 -9 
32 317   1  1  0 -9 
32 347   1  3  0 -9 
32 357  -1  2  0 -9 
33 33   1  0  0 -9 
33 53   1  3  0 -9 
33 54  -1  1  0 -9 
33 74  -1  4  0 -9 
33 205   1  2  0 -9 
33 306   1  5  0 -9 
34 34   1  0  0 -9 
34 53   1  2  0 -9 
34 55  -1  1  0 -9 
34 75  -1  4  0 -9 
34 206   1  2  0 -9 
34 307   1  5  0 -9 
35 35   1  0  0 -9 
35 56  -1  1  0 -9 
35 77  -1  4  0 -9 
35 117   1  2  0 -9 
35 207   1  2  0 -9 
35 342   1  5  0 -9 
36 36   1  0  0 -9 
36 57  -1  1  0 -9 
36 78  -1  4  0 -9 
36 118   1  2  0 -9 
36 208   1  2  0 -9 
36 343   1  5  0 -9 
37 37   1  0  0 -9 
37 53   1  2  0 -9 
37 58  -1  1  0 -9 
37 79  -1  4  0 -9 
37 119   1  2  0 -9 
37 209   1  2  0 -9 
37 344   1  5  0 -9 
38 38   1  0  0 -9 
38 59  -1  1  0 -9 
38 80  -1  4  0 -9 
38 120   1  2  0 -9 
38 210   1  2  0 -9 
38 345   1  5  0 -9 
39 39   1  0  0 -9 
39 60  -1  1  0 -9 
39 81  -1  4  0 -9 
39 121   1  2  0 -9 
39 211   1  2  0 -9 
39 346   1  5  0 -9 
40 40   1  0  0 -9 
40 61  -1  1  0 -9 
40 82  -1  4  0 -9 
40 122   1  2  0 -9 
40 212   1  2  0 -9 
40 347   1  5  0 -9 
41 41   1  0  0 -9 
41 62  -1  1  0 -9 
41 119   1  3  0 -9 
41 133  -1  4  0 -9 
41 213   1  2  0 -9 
41 348   1  5  0 -9 
42 42   1  0  0 -9 
42 63  -1  1  0 -9 
42 117   1  3  0 -9 
42 120   1  3  0 -9 
42 134  -1  4  0 -9 
42 214   1  2  0 -9 
42 349   1  5  0 -9 
43 43   1  0  0 -9 
43 64  -1  1  0 -9 
43 121   1  3  0 -9 
43 135  -1  4  0 -9 
43 215   1  2  0 -9 
43 350   1  5  0 -9 
44 44   1  0  0 -9 
44 65  -1  1  0 -9 
44 118   1  3  0 -9 
44 122   1  3  0 -9 
44 136  -1  4  0 -9 
44 216   1  2  0 -9 
44 351   1  5  0 -9 
45 45   1  0  0 -9 
45 66  -1  1  0 -9 
45 117   1  3  0 -9 
45 123   1  3  0 -9 
45 143  -1  4  0 -9 
45 217   1  2  0 -9 
45 358   1  5  0 -9 
46 46   1  0  0 -9 
46 67  -1  1  0 -9 
46 124   1  3  0 -9 
46 144  -1  4  0 -9 
46 218   1  2  0 -9 
46 359   1  5  0 -9 
47 47   1  0  0 -9 
47 68  -1  1  0 -9 
47 118   1  3  0 -9 
47 125   1  3  0 -9 
47 145  -1  4  0 -9 
47 219   1  2  0 -9 
47 360   1  5  0 -9 
48 48   1  0  0 -9 
48 69  -1  1  0 -9 
48 126   1  3  0 -9 
48 146  -1  4  0 -9 
48 220   1  2  0 -9 
48 361   1  5  0 -9 
49 49   1  0  0 -9 
49 70  -1  1  0 -9 
49 127   1  3  0 -9 
49 147  -1  4  0 -9 
49 221   1  2  0 -9 
49 362   1  5  0 -9 
50 50   1  0  0 -9 
50 71  -1  1  0 -9 
50 128   1  3  0 -9 
50 148  -1  4  0 -9 
50 222   1  2  0 -9 
50 363   1  5  0 -9 
51 51   1  0  0 -9 
51 72  -1  1  0 -9 
51 129   1  3  0 -9 
51 149  -1  4  0 -9 
51 223   1  2  0 -9 
51 364   1  5  0 -9 
52 52   1  0  0 -9 
52 73  -1  1  0 -9 
52 130   1  3  0 -9 
52 150  -1  4  0 -9 
52 224   1  2  0 -9 
52 365   1  5  0 -9 
53 53  -1  6  0 -9 
54 74  -1  5  0 -9 
54 205   1  3  0 -9 
54 306   1  6  0 -9 
55 53  -1  5  0 -9 
55 75  -1  5  0 -9 
55 206   1  3  0 -9 
55 307   1  6  0 -9 
56 77  -1  5  0 -9 
56 117  -1  5  0 -9 
56 207   1  3  0 -9 
56 342   1  6  0 -9 
57 78  -1  5  0 -9 
57 118  -1  5  0 -9 
57 208   1  3  0 -9 
57 343   1  6  0 -9 
58 53  -1  5  0 -9 
58 79  -1  5  0 -9 
58 119  -1  5  0 -9 
58 209   1  3  0 -9 
58 344   1  6  0 -9 
59 80  -1  5  0 -9 
59 120  -1  5  0 -9 
59 210   1  3  0 -9 
59 345   1  6  0 -9 
60 81  -1  5  0 -9 
60 121  -1  5  0 -9 
60 211   1  3  0 -9 
60 346   1  6  0 -9 
61 82  -1  5  0 -9 
61 122  -1  5  0 -9 
61 212   1  3  0 -9 
61 347   1  6  0 -9 
62 133  -1  5  0 -9 
62 213   1  3  0 -9 
62 348   1  6  0 -9 
63 134  -1  5  0 -9 
63 214   1  3  0 -9 
63 349   1  6  0 -9 
64 135  -1  5  0 -9 
64 215   1  3  0 -9 
64 350   1  6  0 -9 
65 136  -1  5  0 -9 
65 216   1  3  0 -9 
65 351   1  6  0 -9 
66 143  -1  5  0 -9 
66 217   1  3  0 -9 
66 358   1  6  0 -9 
67 144  -1  5  0 -9 
67 218   1  3  0 -9 
67 359   1  6  0 -9 
68 145  -1  5  0 -9 
68 219   1  3  0 -9 
68 360   1  6  0 -9 
69 146  -1  5  0 -9 
69 220   1  3  0 -9 
69 361   1  6  0 -9 
70 147  -1  5  0 -9 
70 221   1  3  0 -9 
70 362   1  6  0 -9 
71 148  -1  5  0 -9 
71 222   1  3  0 -9 
71 363   1  6  0 -9 
72 149  -1  5  0 -9 
72 223   1  3  0 -9 
72 364   1  6  0 -9 
73 150  -1  5  0 -9 
73 224   1  3  0 -9 
73 365   1  6  0 -9 
74 74  -1  6  0 -9 
74 306   1  7  0 -9 
75 75  -1  6  0 -9 
75 307   1  7  0 -9 
76 75  -1  5  0 -9 
76 227   1  3  0 -9 
76 270  -1  4  0 -9 
76 307   1  6  0 -9 
77 77  -1  6  0 -9 
77 342   1  7  0 -9 
78 78  -1  6  0 -9 
78 343   1  7  0 -9 
79 79  -1  6  0 -9 
79 344   1  7  0 -9 
80 80  -1  6  0 -9 
80 345   1  7  0 -9 
81 81  -1  6  0 -9 
81 346   1  7  0 -9 
82 82  -1  6  0 -9 
82 347   1  7  0 -9 
83 79  -1  5  0 -9 
83 137  -1  5  0 -9 
83 234   1  3  0 -9 
83 277  -1  4  0 -9 
83 344   1  6  0 -9 
83 352   1  6  0 -9 
84 80  -1  5  0 -9 
84 138  -1  5  0 -9 
84 235   1  3  0 -9 
84 278  -1  4  0 -9 
84 345   1  6  0 -9 
84 353   1  6  0 -9 
85 81  -1  5  0 -9 
85 139  -1  5  0 -9 
85 236   1  3  0 -9 
85 279  -1  4  0 -9 
85 346   1  6  0 -9 
85 354   1  6  0 -9 
86 82  -1  5  0 -9 
86 140  -1  5  0 -9 
86 237   1  3  0 -9 
86 280  -1  4  0 -9 
86 347   1  6  0 -9 
86 355   1  6  0 -9 
87 141  -1  5  0 -9 
87 238   1  3  0 -9 
87 281  -1  4  0 -9 
87 356   1  6  0 -9 
88 142  -1  5  0 -9 
88 239   1  3  0 -9 
88 282  -1  4  0 -9 
88 357   1  6  0 -9 
89 151  -1  5  0 -9 
89 240   1  3  0 -9 
89 283  -1  4  0 -9 
89 366   1  6  0 -9 
90 152  -1  5  0 -9 
90 241   1  3  0 -9 
90 284  -1  4  0 -9 
90 367   1  6  0 -9 
91 153  -1  5  0 -9 
91 242   1  3  0 -9 
91 285  -1  4  0 -9 
91 368   1  6  0 -9 
92 154  -1  5  0 -9 
92 243   1  3  0 -9 
92 286  -1  4  0 -9 
92 369   1  6  0 -9 
93 155  -1  5  0 -9 
93 244   1  3  0 -9 
93 287  -1  4  0 -9 
93 370   1  6  0 -9 
94 156  -1  5  0 -9 
94 245   1  3  0 -9 
94 288  -1  4  0 -9 
94 371   1  6  0 -9 
95 157  -1  5  0 -9 
95 246   1  3  0 -9 
95 289  -1  4  0 -9 
95 372   1  6  0 -9 
96 158  -1  5  0 -9 
96 247   1  3  0 -9 
96 290  -1  4  0 -9 
96 373   1  6  0 -9 
97 159  -1  5  0 -9 
97 248   1  3  0 -9 
97 291  -1  4  0 -9 
97 374   1  6  0 -9 
98 20  -1  1  0 -9 
98 54  -1  1  0 -9 
98 62  -1  1  0 -9 
98 74   1  2  0 -9 
98 79  -1  5 -1  3 -1  1  0 -9 
98 98   1  0  0 -9 
98 133   1  2  0 -9 
98 205   1  2  0 -9 
98 213   1  2  0 -9 
98 230   1  2  0 -9 
98 249  -1  1  0 -9 
98 273  -1  3  0 -9 
98 306  -1  3  0 -9 
98 308   1  2  0 -9 
98 344   1  6  1  4  0 -9 
98 348  -1  3  0 -9 
99 18  -1  1  0 -9 
99 21  -1  1  0 -9 
99 63  -1  1  0 -9 
99 77  -1  5 -1  3 -1  1  0 -9 
99 80  -1  5 -1  3 -1  1  0 -9 
99 99   1  0  0 -9 
99 134   1  2  0 -9 
99 214   1  2  0 -9 
99 228   1  2  0 -9 
99 231   1  2  0 -9 
99 250  -1  1  0 -9 
99 271  -1  3  0 -9 
99 274  -1  3  0 -9 
99 309   1  2  0 -9 
99 342   1  6  1  4  0 -9 
99 345   1  6  1  4  0 -9 
99 349  -1  3  0 -9 
100 22  -1  1  0 -9 
100 64  -1  1  0 -9 
100 81  -1  5 -1  3 -1  1  0 -9 
100 100   1  0  0 -9 
100 135   1  2  0 -9 
100 215   1  2  0 -9 
100 232   1  2  0 -9 
100 251  -1  1  0 -9 
100 275  -1  3  0 -9 
100 310   1  2  0 -9 
100 346   1  6  1  4  0 -9 
100 350  -1  3  0 -9 
101 19  -1  1  0 -9 
101 23  -1  1  0 -9 
101 65  -1  1  0 -9 
101 78  -1  5 -1  3 -1  1  0 -9 
101 82  -1  5 -1  3 -1  1  0 -9 
101 101   1  0  0 -9 
101 136   1  2  0 -9 
101 216   1  2  0 -9 
101 229   1  2  0 -9 
101 233   1  2  0 -9 
101 252  -1  1  0 -9 
101 272  -1  3  0 -9 
101 276  -1  3  0 -9 
101 311   1  2  0 -9 
101 343   1  6  1  4  0 -9 
101 347   1  6  1  4  0 -9 
101 351  -1  3  0 -9 
102 79  -1  4  0 -9 
102 83  -1  1  0 -9 
102 102   1  0  0 -9 
102 137   1  2  0 -9 
102 234   1  2  0 -9 
102 253  -1  1  0 -9 
102 277  -1  3  0 -9 
102 312   1  2  0 -9 
102 344   1  5  0 -9 
102 352  -1  3  0 -9 
103 80  -1  4  0 -9 
103 84  -1  1  0 -9 
103 103   1  0  0 -9 
103 138   1  2  0 -9 
103 235   1  2  0 -9 
103 254  -1  1  0 -9 
103 278  -1  3  0 -9 
103 313   1  2  0 -9 
103 345   1  5  0 -9 
103 353  -1  3  0 -9 
104 81  -1  4  0 -9 
104 85  -1  1  0 -9 
104 104   1  0  0 -9 
104 139   1  2  0 -9 
104 236   1  2  0 -9 
104 255  -1  1  0 -9 
104 279  -1  3  0 -9 
104 314   1  2  0 -9 
104 346   1  5  0 -9 
104 354  -1  3  0 -9 
105 82  -1  4  0 -9 
105 86  -1  1  0 -9 
105 105   1  0  0 -9 
105 140   1  2  0 -9 
105 237   1  2  0 -9 
105 256  -1  1  0 -9 
105 280  -1  3  0 -9 
105 315   1  2  0 -9 
105 347   1  5  0 -9 
105 355  -1  3  0 -9 
106 21  -1  1  0 -9 
106 75   1  2  0 -9 
106 76  -1  1  0 -9 
106 80  -1  5 -1  3 -1  1  0 -9 
106 87  -1  1  0 -9 
106 106   1  0  0 -9 
106 141   1  2  0 -9 
106 227   1  2  0 -9 
106 231   1  2  0 -9 
106 238   1  2  0 -9 
106 257  -1  1  0 -9 
106 270  -1  3  0 -9 
106 274  -1  3  0 -9 
106 281  -1  3  0 -9 
106 307  -1  3  0 -9 
106 316   1  2  0 -9 
106 345   1  6  1  4  0 -9 
106 356  -1  3  0 -9 
107 23  -1  1  0 -9 
107 82  -1  5 -1  3 -1  1  0 -9 
107 88  -1  1  0 -9 
107 107   1  0  0 -9 
107 142   1  2  0 -9 
107 233   1  2  0 -9 
107 239   1  2  0 -9 
107 258  -1  1  0 -9 
107 276  -1  3  0 -9 
107 282  -1  3  0 -9 
107 317   1  2  0 -9 
107 347   1  6  1  4  0 -9 
107 357  -1  3  0 -9 
108 62  -1  1  0 -9 
108 89  -1  1  0 -9 
108 108   1  0  0 -9 
108 133  -1  4  0 -9 
108 137   1  3  0 -9 
108 151  -1  4  0 -9 
108 160   1  3  0 -9 
108 213   1  2  0 -9 
108 240   1  2  0 -9 
108 259  -1  1  0 -9 
108 283  -1  3  0 -9 
108 318   1  2  0 -9 
108 348   1  5  0 -9 
108 352  -1  4  0 -9 
108 366   1  5  0 -9 
108 375  -1  4  0 -9 
109 71  -1  1  0 -9 
109 92  -1  1  0 -9 
109 109   1  0  0 -9 
109 148  -1  4  0 -9 
109 154  -1  4  0 -9 
109 161   1  3  0 -9 
109 222   1  2  0 -9 
109 243   1  2  0 -9 
109 260  -1  1  0 -9 
109 286  -1  3  0 -9 
109 319   1  2  0 -9 
109 363   1  5  0 -9 
109 369   1  5  0 -9 
109 376  -1  4  0 -9 
110 72  -1  1  0 -9 
110 90  -1  1  0 -9 
110 91  -1  1  0 -9 
110 93  -1  1  0 -9 
110 110   1  0  0 -9 
110 149  -1  4  0 -9 
110 152  -1  4  0 -9 
110 153  -1  4  0 -9 
110 155  -1  4  0 -9 
110 162   1  3  0 -9 
110 223   1  2  0 -9 
110 241   1  2  0 -9 
110 242   1  2  0 -9 
110 244   1  2  0 -9 
110 261  -1  1  0 -9 
110 284  -1  3  0 -9 
110 285  -1  3  0 -9 
110 287  -1  3  0 -9 
110 320   1  2  0 -9 
110 364   1  5  0 -9 
110 367   1  5  0 -9 
110 368   1  5  0 -9 
110 370   1  5  0 -9 
110 377  -1  4  0 -9 
111 73  -1  1  0 -9 
111 93  -1  1  0 -9 
111 111   1  0  0 -9 
111 150  -1  4  0 -9 
111 155  -1  4  0 -9 
111 163   1  3  0 -9 
111 224   1  2  0 -9 
111 244   1  2  0 -9 
111 262  -1  1  0 -9 
111 287  -1  3  0 -9 
111 321   1  2  0 -9 
111 365   1  5  0 -9 
111 370   1  5  0 -9 
111 378  -1  4  0 -9 
112 87  -1  1  0 -9 
112 90  -1  1  0 -9 
112 112   1  0  0 -9 
112 138   1  3  0 -9 
112 141  -1  4  0 -9 
112 152  -1  4  0 -9 
112 164   1  3  0 -9 
112 238   1  2  0 -9 
112 241   1  2  0 -9 
112 263  -1  1  0 -9 
112 281  -1  3  0 -9 
112 284  -1  3  0 -9 
112 322   1  2  0 -9 
112 353  -1  4  0 -9 
112 356   1  5  0 -9 
112 367   1  5  0 -9 
112 379  -1  4  0 -9 
113 94  -1  1  0 -9 
113 113   1  0  0 -9 
113 139   1  3  0 -9 
113 156  -1  4  0 -9 
113 165   1  3  0 -9 
113 245   1  2  0 -9 
113 264  -1  1  0 -9 
113 288  -1  3  0 -9 
113 323   1  2  0 -9 
113 354  -1  4  0 -9 
113 371   1  5  0 -9 
113 380  -1  4  0 -9 
114 95  -1  1  0 -9 
114 114   1  0  0 -9 
114 140   1  3  0 -9 
114 157  -1  4  0 -9 
114 166   1  3  0 -9 
114 246   1  2  0 -9 
114 265  -1  1  0 -9 
114 289  -1  3  0 -9 
114 324   1  2  0 -9 
114 355  -1  4  0 -9 
114 372   1  5  0 -9 
114 381  -1  4  0 -9 
115 90  -1  1  0 -9 
115 93  -1  1  0 -9 
115 96  -1  1  0 -9 
115 115   1  0  0 -9 
115 152  -1  4  0 -9 
115 155  -1  4  0 -9 
115 158  -1  4  0 -9 
115 167   1  3  0 -9 
115 241   1  2  0 -9 
115 244   1  2  0 -9 
115 247   1  2  0 -9 
115 266  -1  1  0 -9 
115 284  -1  3  0 -9 
115 287  -1  3  0 -9 
115 290  -1  3  0 -9 
115 325   1  2  0 -9 
115 367   1  5  0 -9 
115 370   1  5  0 -9 
115 373   1  5  0 -9 
115 382  -1  4  0 -9 
116 97  -1  1  0 -9 
116 116   1  0  0 -9 
116 159  -1  4  0 -9 
116 168   1  3  0 -9 
116 248   1  2  0 -9 
116 267  -1  1  0 -9 
116 291  -1  3  0 -9 
116 326   1  2  0 -9 
116 374   1  5  0 -9 
116 383  -1  4  0 -9 
117 117  -1  6  0 -9 
118 118  -1  6  0 -9 
119 119  -1  6  0 -9 
120 120  -1  6  0 -9 
121 121  -1  6  0 -9 
122 122  -1  6  0 -9 
123 123  -1  6  0 -9 
124 124  -1  6  0 -9 
125 125  -1  6  0 -9 
126 126  -1  6  0 -9 
127 127  -1  6  0 -9 
128 128  -1  6  0 -9 
129 129  -1  6  0 -9 
130 130  -1  6  0 -9 
131 131  -1  6  0 -9 
132 132  -1  6  0 -9 
133 133  -1  6  0 -9 
133 348   1  7  0 -9 
134 134  -1  6  0 -9 
134 349   1  7  0 -9 
135 135  -1  6  0 -9 
135 350   1  7  0 -9 
136 136  -1  6  0 -9 
136 351   1  7  0 -9 
137 137  -1  6  0 -9 
137 352   1  7  0 -9 
138 138  -1  6  0 -9 
138 353   1  7  0 -9 
139 139  -1  6  0 -9 
139 354   1  7  0 -9 
140 140  -1  6  0 -9 
140 355   1  7  0 -9 
141 141  -1  6  0 -9 
141 356   1  7  0 -9 
142 142  -1  6  0 -9 
142 357   1  7  0 -9 
143 143  -1  6  0 -9 
143 358   1  7  0 -9 
144 144  -1  6  0 -9 
144 359   1  7  0 -9 
145 145  -1  6  0 -9 
145 360   1  7  0 -9 
146 146  -1  6  0 -9 
146 361   1  7  0 -9 
147 147  -1  6  0 -9 
147 362   1  7  0 -9 
148 148  -1  6  0 -9 
148 363   1  7  0 -9 
149 149  -1  6  0 -9 
149 364   1  7  0 -9 
150 150  -1  6  0 -9 
150 365   1  7  0 -9 
151 151  -1  6  0 -9 
151 366   1  7  0 -9 
152 152  -1  6  0 -9 
152 367   1  7  0 -9 
153 153  -1  6  0 -9 
153 368   1  7  0 -9 
154 154  -1  6  0 -9 
154 369   1  7  0 -9 
155 155  -1  6  0 -9 
155 370   1  7  0 -9 
156 156  -1  6  0 -9 
156 371   1  7  0 -9 
157 157  -1  6  0 -9 
157 372   1  7  0 -9 
158 158  -1  6  0 -9 
158 373   1  7  0 -9 
159 159  -1  6  0 -9 
159 374   1  7  0 -9 
160 160  -1  6  0 -9 
160 375   1  7  0 -9 
161 161  -1  6  0 -9 
161 376   1  7  0 -9 
162 162  -1  6  0 -9 
162 377   1  7  0 -9 
163 163  -1  6  0 -9 
163 378   1  7  0 -9 
164 164  -1  6  0 -9 
164 379   1  7  0 -9 
165 165  -1  6  0 -9 
165 380   1  7  0 -9 
166 166  -1  6  0 -9 
166 381   1  7  0 -9 
167 167  -1  6  0 -9 
167 382   1  7  0 -9 
168 168  -1  6  0 -9 
168 383   1  7  0 -9 
169 169  -1  6  0 -9 
169 384   1  7  0 -9 
170 170  -1  6  0 -9 
170 385   1  7  0 -9 
171 171  -1  6  0 -9 
171 386   1  7  0 -9 
172 172  -1  6  0 -9 
172 387   1  7  0 -9 
173 173  -1  6  0 -9 
173 388   1  7  0 -9 
174 174  -1  6  0 -9 
174 389   1  7  0 -9 
175 175  -1  6  0 -9 
175 390   1  7  0 -9 
176 176  -1  6  0 -9 
176 391   1  7  0 -9 
177 16  -1  1  0 -9 
177 54   1  2  0 -9 
177 74  -1  3  0 -9 
177 177   1  0  0 -9 
177 183  -1  1  0 -9 
177 192   1  2  0 -9 
177 205  -1  1  0 -9 
177 225   1  2  0 -9 
177 268  -1  3  0 -9 
178 15  -1  1  0 -9 
178 17  -1  1  0 -9 
178 53  -1  3  0 -9 
178 55   1  2  0 -9 
178 75  -1  3  0 -9 
178 178   1  0  0 -9 
178 184  -1  1  0 -9 
178 193   1  2  0 -9 
178 204   1  2  0 -9 
178 206  -1  1  0 -9 
178 226   1  2  0 -9 
178 269  -1  3  0 -9 
179 20  -1  1  0 -9 
179 79  -1  3  0 -9 
179 179   1  0  0 -9 
179 230   1  2  0 -9 
179 249  -1  1  0 -9 
179 273  -1  3  0 -9 
179 306  -1  3  0 -9 
179 308   1  2  0 -9 
179 344   1  4  0 -9 
179 348  -1  3  0 -9 
180 18  -1  1  0 -9 
180 21  -1  1  0 -9 
180 77  -1  3  0 -9 
180 80  -1  3  0 -9 
180 180   1  0  0 -9 
180 228   1  2  0 -9 
180 231   1  2  0 -9 
180 250  -1  1  0 -9 
180 271  -1  3  0 -9 
180 274  -1  3  0 -9 
180 309   1  2  0 -9 
180 342   1  4  0 -9 
180 345   1  4  0 -9 
180 349  -1  3  0 -9 
181 22  -1  1  0 -9 
181 81  -1  3  0 -9 
181 181   1  0  0 -9 
181 232   1  2  0 -9 
181 251  -1  1  0 -9 
181 275  -1  3  0 -9 
181 310   1  2  0 -9 
181 346   1  4  0 -9 
181 350  -1  3  0 -9 
182 19  -1  1  0 -9 
182 23  -1  1  0 -9 
182 78  -1  3  0 -9 
182 82  -1  3  0 -9 
182 182   1  0  0 -9 
182 229   1  2  0 -9 
182 233   1  2  0 -9 
182 252  -1  1  0 -9 
182 272  -1  3  0 -9 
182 276  -1  3  0 -9 
182 311   1  2  0 -9 
182 343   1  4  0 -9 
182 347   1  4  0 -9 
182 351  -1  3  0 -9 
183 192   1  3  0 -9 
183 268  -1  4  0 -9 
184 193   1  3  0 -9 
184 269  -1  4  0 -9 
185 17  -1  1  0 -9 
185 75  -1  3  0 -9 
185 76   1  2  0 -9 
185 184  -1  1  0 -9 
185 185   1  0  0 -9 
185 193   1  2  0 -9 
185 194  -1  1  0 -9 
185 201   1  2  0 -9 
185 226   1  2  0 -9 
185 227  -1  1  0 -9 
185 269  -1  3  0 -9 
185 270  -1  4  1  2  0 -9 
185 327   1  5  0 -9 
186 186   1  0  0 -9 
186 195  -1  1  0 -9 
186 253  -1  1  0 -9 
186 277  -1  3  0 -9 
186 292   1  2  0 -9 
186 312   1  2  0 -9 
186 328  -1  3  0 -9 
186 352  -1  3  0 -9 
186 392   1  4  0 -9 
187 187   1  0  0 -9 
187 196  -1  1  0 -9 
187 254  -1  1  0 -9 
187 278  -1  3  0 -9 
187 293   1  2  0 -9 
187 313   1  2  0 -9 
187 329  -1  3  0 -9 
187 353  -1  3  0 -9 
187 393   1  4  0 -9 
188 188   1  0  0 -9 
188 197  -1  1  0 -9 
188 255  -1  1  0 -9 
188 279  -1  3  0 -9 
188 294   1  2  0 -9 
188 314   1  2  0 -9 
188 330  -1  3  0 -9 
188 354  -1  3  0 -9 
188 394   1  4  0 -9 
189 189   1  0  0 -9 
189 198  -1  1  0 -9 
189 256  -1  1  0 -9 
189 280  -1  3  0 -9 
189 295   1  2  0 -9 
189 315   1  2  0 -9 
189 331  -1  3  0 -9 
189 355  -1  3  0 -9 
189 395   1  4  0 -9 
190 21  -1  1  0 -9 
190 80  -1  3  0 -9 
190 190   1  0  0 -9 
190 199  -1  1  0 -9 
190 231   1  2  0 -9 
190 257  -1  1  0 -9 
190 270  -1  3  0 -9 
190 274  -1  3  0 -9 
190 281  -1  3  0 -9 
190 296   1  2  0 -9 
190 307  -1  3  0 -9 
190 316   1  2  0 -9 
190 327   1  4  0 -9 
190 332  -1  3  0 -9 
190 345   1  4  0 -9 
190 356  -1  3  0 -9 
190 396   1  4  0 -9 
191 23  -1  1  0 -9 
191 82  -1  3  0 -9 
191 191   1  0  0 -9 
191 200  -1  1  0 -9 
191 233   1  2  0 -9 
191 258  -1  1  0 -9 
191 276  -1  3  0 -9 
191 282  -1  3  0 -9 
191 297   1  2  0 -9 
191 317   1  2  0 -9 
191 333  -1  3  0 -9 
191 347   1  4  0 -9 
191 357  -1  3  0 -9 
191 397   1  4  0 -9 
192 183   1  3  0 -9 
192 268  -1  5  0 -9 
192 306   1  6  0 -9 
193 184   1  3  0 -9 
193 269  -1  5  0 -9 
193 307   1  6  0 -9 
194 201   1  3  0 -9 
194 270  -1  5  0 -9 
194 327   1  6  0 -9 
195 277  -1  4  0 -9 
195 292   1  3  0 -9 
195 328  -1  4  0 -9 
195 392   1  5  0 -9 
196 278  -1  4  0 -9 
196 293   1  3  0 -9 
196 329  -1  4  0 -9 
196 393   1  5  0 -9 
197 279  -1  4  0 -9 
197 294   1  3  0 -9 
197 330  -1  4  0 -9 
197 394   1  5  0 -9 
198 280  -1  4  0 -9 
198 295   1  3  0 -9 
198 331  -1  4  0 -9 
198 395   1  5  0 -9 
199 270  -1  4  0 -9 
199 281  -1  4  0 -9 
199 296   1  3  0 -9 
199 327   1  5  0 -9 
199 332  -1  4  0 -9 
199 396   1  5  0 -9 
200 282  -1  4  0 -9 
200 297   1  3  0 -9 
200 333  -1  4  0 -9 
200 397   1  5  0 -9 
201 194   1  3  0 -9 
201 270  -1  4  0 -9 
202 199  -1  1  0 -9 
202 202   1  0  0 -9 
202 270  -1  3  0 -9 
202 281  -1  3  0 -9 
202 296   1  2  0 -9 
202 298  -1  1  0 -9 
202 327   1  4  0 -9 
202 332  -1  3  0 -9 
202 334   1  2  0 -9 
202 396   1  4  0 -9 
202 398  -1  3  0 -9 
203 200  -1  1  0 -9 
203 203   1  0  0 -9 
203 282  -1  3  0 -9 
203 297   1  2  0 -9 
203 299  -1  1  0 -9 
203 333  -1  3  0 -9 
203 335   1  2  0 -9 
203 397   1  4  0 -9 
203 399  -1  3  0 -9 
204 15   1  3  0 -9 
204 53  -1  5  0 -9 
205 54   1  3  0 -9 
205 74  -1  4  0 -9 
206 53  -1  4  0 -9 
206 55   1  3  0 -9 
206 75  -1  4  0 -9 
207 56   1  3  0 -9 
207 77  -1  4  0 -9 
207 117  -1  4  0 -9 
208 57   1  3  0 -9 
208 78  -1  4  0 -9 
208 118  -1  4  0 -9 
209 53  -1  4  0 -9 
209 58   1  3  0 -9 
209 79  -1  4  0 -9 
209 119  -1  4  0 -9 
210 59   1  3  0 -9 
210 80  -1  4  0 -9 
210 120  -1  4  0 -9 
211 60   1  3  0 -9 
211 81  -1  4  0 -9 
211 121  -1  4  0 -9 
212 61   1  3  0 -9 
212 82  -1  4  0 -9 
212 122  -1  4  0 -9 
213 62   1  3  0 -9 
213 133  -1  4  0 -9 
214 63   1  3  0 -9 
214 134  -1  4  0 -9 
215 64   1  3  0 -9 
215 135  -1  4  0 -9 
216 65   1  3  0 -9 
216 136  -1  4  0 -9 
217 66   1  3  0 -9 
217 143  -1  4  0 -9 
218 67   1  3  0 -9 
218 144  -1  4  0 -9 
219 68   1  3  0 -9 
219 145  -1  4  0 -9 
220 69   1  3  0 -9 
220 146  -1  4  0 -9 
221 70   1  3  0 -9 
221 147  -1  4  0 -9 
222 71   1  3  0 -9 
222 148  -1  4  0 -9 
223 72   1  3  0 -9 
223 149  -1  4  0 -9 
224 73   1  3  0 -9 
224 150  -1  4  0 -9 
225 16   1  3  0 -9 
225 74  -1  5  0 -9 
225 268  -1  5  0 -9 
225 306   1  6  0 -9 
226 17   1  3  0 -9 
226 75  -1  5  0 -9 
226 269  -1  5  0 -9 
226 307   1  6  0 -9 
227 75  -1  4  0 -9 
227 76   1  3  0 -9 
227 270  -1  5  0 -9 
227 327   1  6  0 -9 
228 18   1  3  0 -9 
228 77  -1  5  0 -9 
228 271  -1  5  0 -9 
228 342   1  6  0 -9 
229 19   1  3  0 -9 
229 78  -1  5  0 -9 
229 272  -1  5  0 -9 
229 343   1  6  0 -9 
230 20   1  3  0 -9 
230 79  -1  5  0 -9 
230 273  -1  5  0 -9 
230 344   1  6  0 -9 
231 21   1  3  0 -9 
231 80  -1  5  0 -9 
231 274  -1  5  0 -9 
231 345   1  6  0 -9 
232 22   1  3  0 -9 
232 81  -1  5  0 -9 
232 275  -1  5  0 -9 
232 346   1  6  0 -9 
233 23   1  3  0 -9 
233 82  -1  5  0 -9 
233 276  -1  5  0 -9 
233 347   1  6  0 -9 
234 79  -1  4  0 -9 
234 83   1  3  0 -9 
234 137  -1  4  0 -9 
234 277  -1  5  0 -9 
234 392   1  6  0 -9 
235 80  -1  4  0 -9 
235 84   1  3  0 -9 
235 138  -1  4  0 -9 
235 278  -1  5  0 -9 
235 393   1  6  0 -9 
236 81  -1  4  0 -9 
236 85   1  3  0 -9 
236 139  -1  4  0 -9 
236 279  -1  5  0 -9 
236 394   1  6  0 -9 
237 82  -1  4  0 -9 
237 86   1  3  0 -9 
237 140  -1  4  0 -9 
237 280  -1  5  0 -9 
237 395   1  6  0 -9 
238 87   1  3  0 -9 
238 141  -1  4  0 -9 
238 281  -1  5  0 -9 
238 396   1  6  0 -9 
239 88   1  3  0 -9 
239 142  -1  4  0 -9 
239 282  -1  5  0 -9 
239 397   1  6  0 -9 
240 89   1  3  0 -9 
240 151  -1  4  0 -9 
240 283  -1  5  0 -9 
240 400   1  6  0 -9 
241 90   1  3  0 -9 
241 152  -1  4  0 -9 
241 284  -1  5  0 -9 
241 401   1  6  0 -9 
242 91   1  3  0 -9 
242 153  -1  4  0 -9 
242 285  -1  5  0 -9 
242 402   1  6  0 -9 
243 92   1  3  0 -9 
243 154  -1  4  0 -9 
243 286  -1  5  0 -9 
243 403   1  6  0 -9 
244 93   1  3  0 -9 
244 155  -1  4  0 -9 
244 287  -1  5  0 -9 
244 404   1  6  0 -9 
245 94   1  3  0 -9 
245 156  -1  4  0 -9 
245 288  -1  5  0 -9 
245 405   1  6  0 -9 
246 95   1  3  0 -9 
246 157  -1  4  0 -9 
246 289  -1  5  0 -9 
246 406   1  6  0 -9 
247 96   1  3  0 -9 
247 158  -1  4  0 -9 
247 290  -1  5  0 -9 
247 407   1  6  0 -9 
248 97   1  3  0 -9 
248 159  -1  4  0 -9 
248 291  -1  5  0 -9 
248 408   1  6  0 -9 
249 79  -1  4  0 -9 
249 273  -1  4  0 -9 
249 306  -1  4  0 -9 
249 308   1  3  0 -9 
249 344   1  5  0 -9 
249 348  -1  4  0 -9 
250 77  -1  4  0 -9 
250 80  -1  4  0 -9 
250 271  -1  4  0 -9 
250 274  -1  4  0 -9 
250 309   1  3  0 -9 
250 342   1  5  0 -9 
250 345   1  5  0 -9 
250 349  -1  4  0 -9 
251 81  -1  4  0 -9 
251 275  -1  4  0 -9 
251 310   1  3  0 -9 
251 346   1  5  0 -9 
251 350  -1  4  0 -9 
252 78  -1  4  0 -9 
252 82  -1  4  0 -9 
252 272  -1  4  0 -9 
252 276  -1  4  0 -9 
252 311   1  3  0 -9 
252 343   1  5  0 -9 
252 347   1  5  0 -9 
252 351  -1  4  0 -9 
253 277  -1  4  0 -9 
253 312   1  3  0 -9 
253 328  -1  4  0 -9 
253 352  -1  4  0 -9 
253 392   1  5  0 -9 
254 278  -1  4  0 -9 
254 313   1  3  0 -9 
254 329  -1  4  0 -9 
254 353  -1  4  0 -9 
254 393   1  5  0 -9 
255 279  -1  4  0 -9 
255 314   1  3  0 -9 
255 330  -1  4  0 -9 
255 354  -1  4  0 -9 
255 394   1  5  0 -9 
256 280  -1  4  0 -9 
256 315   1  3  0 -9 
256 331  -1  4  0 -9 
256 355  -1  4  0 -9 
256 395   1  5  0 -9 
257 80  -1  4  0 -9 
257 270  -1  4  0 -9 
257 274  -1  4  0 -9 
257 281  -1  4  0 -9 
257 307  -1  4  0 -9 
257 316   1  3  0 -9 
257 327   1  5  0 -9 
257 332  -1  4  0 -9 
257 345   1  5  0 -9 
257 356  -1  4  0 -9 
257 396   1  5  0 -9 
258 82  -1  4  0 -9 
258 276  -1  4  0 -9 
258 282  -1  4  0 -9 
258 317   1  3  0 -9 
258 333  -1  4  0 -9 
258 347   1  5  0 -9 
258 357  -1  4  0 -9 
258 397   1  5  0 -9 
259 283  -1  4  0 -9 
259 318   1  3  0 -9 
259 400   1  5  0 -9 
259 419  -1  4  0 -9 
260 286  -1  4  0 -9 
260 319   1  3  0 -9 
260 403   1  5  0 -9 
260 420  -1  4  0 -9 
261 284  -1  4  0 -9 
261 285  -1  4  0 -9 
261 287  -1  4  0 -9 
261 320   1  3  0 -9 
261 401   1  5  0 -9 
261 402   1  5  0 -9 
261 404   1  5  0 -9 
261 421  -1  4  0 -9 
262 287  -1  4  0 -9 
262 321   1  3  0 -9 
262 404   1  5  0 -9 
262 422  -1  4  0 -9 
263 281  -1  4  0 -9 
263 284  -1  4  0 -9 
263 322   1  3  0 -9 
263 396   1  5  0 -9 
263 401   1  5  0 -9 
263 423  -1  4  0 -9 
264 288  -1  4  0 -9 
264 323   1  3  0 -9 
264 405   1  5  0 -9 
264 424  -1  4  0 -9 
265 289  -1  4  0 -9 
265 324   1  3  0 -9 
265 406   1  5  0 -9 
265 425  -1  4  0 -9 
266 284  -1  4  0 -9 
266 287  -1  4  0 -9 
266 290  -1  4  0 -9 
266 325   1  3  0 -9 
266 401   1  5  0 -9 
266 404   1  5  0 -9 
266 407   1  5  0 -9 
266 426  -1  4  0 -9 
267 291  -1  4  0 -9 
267 326   1  3  0 -9 
267 408   1  5  0 -9 
267 427  -1  4  0 -9 
268 268  -1  6  0 -9 
268 306   1  7  0 -9 
269 269  -1  6  0 -9 
269 307   1  7  0 -9 
270 270  -1  6  0 -9 
270 327   1  7  0 -9 
271 271  -1  6  0 -9 
271 342   1  7  0 -9 
272 272  -1  6  0 -9 
272 343   1  7  0 -9 
273 273  -1  6  0 -9 
273 344   1  7  0 -9 
274 274  -1  6  0 -9 
274 345   1  7  0 -9 
275 275  -1  6  0 -9 
275 346   1  7  0 -9 
276 276  -1  6  0 -9 
276 347   1  7  0 -9 
277 277  -1  6  0 -9 
277 392   1  7  0 -9 
278 278  -1  6  0 -9 
278 393   1  7  0 -9 
279 279  -1  6  0 -9 
279 394   1  7  0 -9 
280 280  -1  6  0 -9 
280 395   1  7  0 -9 
281 281  -1  6  0 -9 
281 396   1  7  0 -9 
282 282  -1  6  0 -9 
282 397   1  7  0 -9 
283 283  -1  6  0 -9 
283 400   1  7  0 -9 
284 284  -1  6  0 -9 
284 401   1  7  0 -9 
285 285  -1  6  0 -9 
285 402   1  7  0 -9 
286 286  -1  6  0 -9 
286 403   1  7  0 -9 
287 287  -1  6  0 -9 
287 404   1  7  0 -9 
288 288  -1  6  0 -9 
288 405   1  7  0 -9 
289 289  -1  6  0 -9 
289 406   1  7  0 -9 
290 290  -1  6  0 -9 
290 407   1  7  0 -9 
291 291  -1  6  0 -9 
291 408   1  7  0 -9 
292 195   1  3  0 -9 
292 277  -1  5  0 -9 
292 328  -1  5  0 -9 
292 392   1  6  0 -9 
293 196   1  3  0 -9 
293 278  -1  5  0 -9 
293 329  -1  5  0 -9 
293 393   1  6  0 -9 
294 197   1  3  0 -9 
294 279  -1  5  0 -9 
294 330  -1  5  0 -9 
294 394   1  6  0 -9 
295 198   1  3  0 -9 
295 280  -1  5  0 -9 
295 331  -1  5  0 -9 
295 395   1  6  0 -9 
296 199   1  3  0 -9 
296 270  -1  5  0 -9 
296 281  -1  5  0 -9 
296 327   1  6  0 -9 
296 332  -1  5  0 -9 
296 396   1  6  0 -9 
297 200   1  3  0 -9 
297 282  -1  5  0 -9 
297 333  -1  5  0 -9 
297 397   1  6  0 -9 
298 270  -1  4  0 -9 
298 281  -1  4  0 -9 
298 327   1  5  0 -9 
298 332  -1  4  0 -9 
298 334   1  3  0 -9 
298 396   1  5  0 -9 
298 398  -1  4  0 -9 
299 282  -1  4  0 -9 
299 333  -1  4  0 -9 
299 335   1  3  0 -9 
299 397   1  5  0 -9 
299 399  -1  4  0 -9 
300 281  -1  5  0 -9 
300 336   1  3  0 -9 
300 396   1  6  0 -9 
300 428  -1  4  0 -9 
301 288  -1  5  0 -9 
301 337   1  3  0 -9 
301 405   1  6  0 -9 
301 429  -1  4  0 -9 
302 289  -1  5  0 -9 
302 338   1  3  0 -9 
302 406   1  6  0 -9 
302 430  -1  4  0 -9 
303 290  -1  5  0 -9 
303 339   1  3  0 -9 
303 407   1  6  0 -9 
303 431  -1  4  0 -9 
304 291  -1  5  0 -9 
304 340   1  3  0 -9 
304 408   1  6  0 -9 
304 432  -1  4  0 -9 
305 290  -1  4  0 -9 
305 341   1  3  0 -9 
305 407   1  5  0 -9 
305 433  -1  4  0 -9 
306 306   1  8  0 -9 
307 307   1  8  0 -9 
308 79  -1  5  0 -9 
308 249   1  3  0 -9 
308 273  -1  5  0 -9 
308 306   1  7  0 -9 
308 344   1  6  0 -9 
308 348   1  7  0 -9 
309 77  -1  5  0 -9 
309 80  -1  5  0 -9 
309 250   1  3  0 -9 
309 271  -1  5  0 -9 
309 274  -1  5  0 -9 
309 342   1  6  0 -9 
309 345   1  6  0 -9 
309 349   1  7  0 -9 
310 81  -1  5  0 -9 
310 251   1  3  0 -9 
310 275  -1  5  0 -9 
310 346   1  6  0 -9 
310 350   1  7  0 -9 
311 78  -1  5  0 -9 
311 82  -1  5  0 -9 
311 252   1  3  0 -9 
311 272  -1  5  0 -9 
311 276  -1  5  0 -9 
311 343   1  6  0 -9 
311 347   1  6  0 -9 
311 351   1  7  0 -9 
312 253   1  3  0 -9 
312 277  -1  5  0 -9 
312 328  -1  5  0 -9 
312 352   1  7  0 -9 
312 392   1  6  0 -9 
313 254   1  3  0 -9 
313 278  -1  5  0 -9 
313 329  -1  5  0 -9 
313 353   1  7  0 -9 
313 393   1  6  0 -9 
314 255   1  3  0 -9 
314 279  -1  5  0 -9 
314 330  -1  5  0 -9 
314 354   1  7  0 -9 
314 394   1  6  0 -9 
315 256   1  3  0 -9 
315 280  -1  5  0 -9 
315 331  -1  5  0 -9 
315 355   1  7  0 -9 
315 395   1  6  0 -9 
316 80  -1  5  0 -9 
316 257   1  3  0 -9 
316 270  -1  5  0 -9 
316 274  -1  5  0 -9 
316 281  -1  5  0 -9 
316 307   1  7  0 -9 
316 327   1  6  0 -9 
316 332  -1  5  0 -9 
316 345   1  6  0 -9 
316 356   1  7  0 -9 
316 396   1  6  0 -9 
317 82  -1  5  0 -9 
317 258   1  3  0 -9 
317 276  -1  5  0 -9 
317 282  -1  5  0 -9 
317 333  -1  5  0 -9 
317 347   1  6  0 -9 
317 357   1  7  0 -9 
317 397   1  6  0 -9 
318 259   1  3  0 -9 
318 283  -1  5  0 -9 
318 352   1  6  0 -9 
318 375   1  6  0 -9 
318 400   1  6  0 -9 
318 419  -1  5  0 -9 
319 260   1  3  0 -9 
319 286  -1  5  0 -9 
319 376   1  6  0 -9 
319 403   1  6  0 -9 
319 420  -1  5  0 -9 
320 261   1  3  0 -9 
320 284  -1  5  0 -9 
320 285  -1  5  0 -9 
320 287  -1  5  0 -9 
320 377   1  6  0 -9 
320 401   1  6  0 -9 
320 402   1  6  0 -9 
320 404   1  6  0 -9 
320 421  -1  5  0 -9 
321 262   1  3  0 -9 
321 287  -1  5  0 -9 
321 378   1  6  0 -9 
321 404   1  6  0 -9 
321 422  -1  5  0 -9 
322 263   1  3  0 -9 
322 281  -1  5  0 -9 
322 284  -1  5  0 -9 
322 353   1  6  0 -9 
322 379   1  6  0 -9 
322 396   1  6  0 -9 
322 401   1  6  0 -9 
322 423  -1  5  0 -9 
323 264   1  3  0 -9 
323 288  -1  5  0 -9 
323 354   1  6  0 -9 
323 380   1  6  0 -9 
323 405   1  6  0 -9 
323 424  -1  5  0 -9 
324 265   1  3  0 -9 
324 289  -1  5  0 -9 
324 355   1  6  0 -9 
324 381   1  6  0 -9 
324 406   1  6  0 -9 
324 425  -1  5  0 -9 
325 266   1  3  0 -9 
325 284  -1  5  0 -9 
325 287  -1  5  0 -9 
325 290  -1  5  0 -9 
325 382   1  6  0 -9 
325 401   1  6  0 -9 
325 404   1  6  0 -9 
325 407   1  6  0 -9 
325 426  -1  5  0 -9 
326 267   1  3  0 -9 
326 291  -1  5  0 -9 
326 383   1  6  0 -9 
326 408   1  6  0 -9 
326 427  -1  5  0 -9 
327 327   1  8  0 -9 
328 328  -1  6  0 -9 
328 392   1  7  0 -9 
329 329  -1  6  0 -9 
329 393   1  7  0 -9 
330 330  -1  6  0 -9 
330 394   1  7  0 -9 
331 331  -1  6  0 -9 
331 395   1  7  0 -9 
332 327   1  7  0 -9 
332 332  -1  6  0 -9 
332 396   1  7  0 -9 
333 333  -1  6  0 -9 
333 397   1  7  0 -9 
334 270  -1  5  0 -9 
334 281  -1  5  0 -9 
334 298   1  3  0 -9 
334 327   1  6  0 -9 
334 332  -1  5  0 -9 
334 396   1  6  0 -9 
334 398   1  7  0 -9 
335 282  -1  5  0 -9 
335 299   1  3  0 -9 
335 333  -1  5  0 -9 
335 397   1  6  0 -9 
335 399   1  7  0 -9 
336 281  -1  4  0 -9 
336 300   1  3  0 -9 
336 398   1  6  0 -9 
336 409   1  6  0 -9 
336 428  -1  5  0 -9 
337 288  -1  4  0 -9 
337 301   1  3  0 -9 
337 410   1  6  0 -9 
337 429  -1  5  0 -9 
338 289  -1  4  0 -9 
338 302   1  3  0 -9 
338 411   1  6  0 -9 
338 430  -1  5  0 -9 
339 290  -1  4  0 -9 
339 303   1  3  0 -9 
339 412   1  6  0 -9 
339 431  -1  5  0 -9 
340 291  -1  4  0 -9 
340 304   1  3  0 -9 
340 413   1  6  0 -9 
340 432  -1  5  0 -9 
341 290  -1  5  0 -9 
341 305   1  3  0 -9 
341 399   1  6  0 -9 
341 407   1  6  0 -9 
341 414   1  6  0 -9 
341 433  -1  5  0 -9 
342 342   1  8  0 -9 
343 343   1  8  0 -9 
344 344   1  8  0 -9 
345 345   1  8  0 -9 
346 346   1  8  0 -9 
347 347   1  8  0 -9 
348 348   1  8  0 -9 
349 349   1  8  0 -9 
350 350   1  8  0 -9 
351 351   1  8  0 -9 
352 352   1  8  0 -9 
353 353   1  8  0 -9 
354 354   1  8  0 -9 
355 355   1  8  0 -9 
356 356   1  8  0 -9 
357 357   1  8  0 -9 
358 358   1  8  0 -9 
359 359   1  8  0 -9 
360 360   1  8  0 -9 
361 361   1  8  0 -9 
362 362   1  8  0 -9 
363 363   1  8  0 -9 
364 364   1  8  0 -9 
365 365   1  8  0 -9 
366 366   1  8  0 -9 
367 367   1  8  0 -9 
368 368   1  8  0 -9 
369 369   1  8  0 -9 
370 370   1  8  0 -9 
371 371   1  8  0 -9 
372 372   1  8  0 -9 
373 373   1  8  0 -9 
374 374   1  8  0 -9 
375 375   1  8  0 -9 
376 376   1  8  0 -9 
377 377   1  8  0 -9 
378 378   1  8  0 -9 
379 379   1  8  0 -9 
380 380   1  8  0 -9 
381 381   1  8  0 -9 
382 382   1  8  0 -9 
383 383   1  8  0 -9 
384 384   1  8  0 -9 
385 385   1  8  0 -9 
386 386   1  8  0 -9 
387 387   1  8  0 -9 
388 388   1  8  0 -9 
389 389   1  8  0 -9 
390 390   1  8  0 -9 
391 391   1  8  0 -9 
392 392   1  8  0 -9 
393 393   1  8  0 -9 
394 394   1  8  0 -9 
395 395   1  8  0 -9 
396 396   1  8  0 -9 
397 397   1  8  0 -9 
398 398   1  8  0 -9 
399 399   1  8  0 -9 
400 400   1  8  0 -9 
401 401   1  8  0 -9 
402 402   1  8  0 -9 
403 403   1  8  0 -9 
404 404   1  8  0 -9 
405 405   1  8  0 -9 
406 406   1  8  0 -9 
407 407   1  8  0 -9 
408 408   1  8  0 -9 
409 409   1  8  0 -9 
410 410   1  8  0 -9 
411 411   1  8  0 -9 
412 412   1  8  0 -9 
413 413   1  8  0 -9 
414 414   1  8  0 -9 
415 415   1  8  0 -9 
416 416   1  8  0 -9 
417 417   1  8  0 -9 
418 418   1  8  0 -9 
419 352   1  7  0 -9 
419 375   1  7  0 -9 
419 400   1  7  0 -9 
419 419  -1  6  0 -9 
420 376   1  7  0 -9 
420 403   1  7  0 -9 
420 420  -1  6  0 -9 
421 377   1  7  0 -9 
421 401   1  7  0 -9 
421 402   1  7  0 -9 
421 404   1  7  0 -9 
421 421  -1  6  0 -9 
422 378   1  7  0 -9 
422 404   1  7  0 -9 
422 422  -1  6  0 -9 
423 353   1  7  0 -9 
423 379   1  7  0 -9 
423 396   1  7  0 -9 
423 401   1  7  0 -9 
423 423  -1  6  0 -9 
424 354   1  7  0 -9 
424 380   1  7  0 -9 
424 405   1  7  0 -9 
424 424  -1  6  0 -9 
425 355   1  7  0 -9 
425 381   1  7  0 -9 
425 406   1  7  0 -9 
425 425  -1  6  0 -9 
426 382   1  7  0 -9 
426 401   1  7  0 -9 
426 404   1  7  0 -9 
426 407   1  7  0 -9 
426 426  -1  6  0 -9 
427 383   1  7  0 -9 
427 408   1  7  0 -9 
427 427  -1  6  0 -9 
428 398   1  7  0 -9 
428 409   1  7  0 -9 
428 428  -1  6  0 -9 
429 410   1  7  0 -9 
429 429  -1  6  0 -9 
430 411   1  7  0 -9 
430 430  -1  6  0 -9 
431 412   1  7  0 -9 
431 431  -1  6  0 -9 
432 413   1  7  0 -9 
432 432  -1  6  0 -9 
433 399   1  7  0 -9 
433 407   1  7  0 -9 
433 414   1  7  0 -9 
433 433  -1  6  0 -9 
434 380   1  7  0 -9 
434 415   1  7  0 -9 
434 434  -1  6  0 -9 
435 381   1  7  0 -9 
435 409   1  7  0 -9 
435 416   1  7  0 -9 
435 435  -1  6  0 -9 
436 390   1  7  0 -9 
436 416   1  7  0 -9 
436 436  -1  6  0 -9 
437 391   1  7  0 -9 
437 417   1  7  0 -9 
437 437  -1  6  0 -9 
438 414   1  7  0 -9 
438 417   1  7  0 -9 
438 438  -1  6  0 -9 
439 418   1  7  0 -9 
439 439  -1  6  0 -9 
9999 9999
