 0  0   1  8  0 -9 
 1  1   1  8  0 -9 
 2  2   1  8  0 -9 
 3  3   1  8  0 -9 
 4  4   1  8  0 -9 
 5  5   1  8  0 -9 
 6  2   1  7  0 -9 
 6  6  -1  6  0 -9 
 7  0   1  7  0 -9 
 7  3   1  7  0 -9 
 7  7  -1  6  0 -9 
 8  4   1  7  0 -9 
 8  8  -1  6  0 -9 
 9  1   1  7  0 -9 
 9  5   1  7  0 -9 
 9  9  -1  6  0 -9 
10  0   1  7  0 -9 
10 10  -1  6  0 -9 
11  1   1  7  0 -9 
11  2   1  7  0 -9 
11 11  -1  6  0 -9 
12  3   1  7  0 -9 
12  4   1  7  0 -9 
12 12  -1  6  0 -9 
13  5   1  7  0 -9 
13 13  -1  6  0 -9 
14  0   1  6  0 -9 
14  6  -1  4  0 -9 
14 10  -1  5  0 -9 
14 22   1  3  0 -9 
15  0   1  5  0 -9 
15  7  -1  4  0 -9 
15 10  -1  4  0 -9 
15 23   1  3  0 -9 
16  1   1  6  0 -9 
16  2   1  6  0 -9 
16  6  -1  5  0 -9 
16 11  -1  5  0 -9 
16 24   1  3  0 -9 
17  0   1  6  0 -9 
17  1   1  7  0 -9 
17  3   1  6  0 -9 
17  4   1  6  0 -9 
17  7  -1  5  0 -9 
17  8  -1  5  0 -9 
17 10  -1  5  0 -9 
17 12  -1  5  0 -9 
17 25   1  3  0 -9 
18  1   1  6  0 -9 
18  5   1  6  0 -9 
18  9  -1  5  0 -9 
18 13  -1  5  0 -9 
18 26   1  3  0 -9 
19  4   1  5  0 -9 
19  8  -1  4  0 -9 
19 12  -1  4  0 -9 
19 27   1  3  0 -9 
20  1   1  5  0 -9 
20  2   1  5  0 -9 
20  3  -1  4  0 -9 
20  5   1  5  0 -9 
20  6  -1  4  0 -9 
20  9  -1  4  0 -9 
20 11  -1  4  0 -9 
20 13  -1  4  0 -9 
20 28   1  3  0 -9 
21  4   1  6  0 -9 
21  8  -1  5  0 -9 
21 13  -1  4  0 -9 
21 29   1  3  0 -9 
22  2   1  6  0 -9 
22  6  -1  5  0 -9 
22 10  -1  4  0 -9 
22 14   1  3  0 -9 
23  0   1  6  0 -9 
23  3   1  6  0 -9 
23  7  -1  5  0 -9 
23 10  -1  5  0 -9 
23 15   1  3  0 -9 
24  2   1  5  0 -9 
24  6  -1  4  0 -9 
24 11  -1  4  0 -9 
24 16   1  3  0 -9 
25  0   1  5  0 -9 
25  1  -1  4  0 -9 
25  3   1  5  0 -9 
25  4   1  5  0 -9 
25  7  -1  4  0 -9 
25  8  -1  4  0 -9 
25 10  -1  4  0 -9 
25 12  -1  4  0 -9 
25 17   1  3  0 -9 
26  5   1  5  0 -9 
26  9  -1  4  0 -9 
26 13  -1  4  0 -9 
26 18   1  3  0 -9 
27  3   1  6  0 -9 
27  4   1  6  0 -9 
27  8  -1  5  0 -9 
27 12  -1  5  0 -9 
27 19   1  3  0 -9 
28  1   1  6  0 -9 
28  2   1  6  0 -9 
28  3   1  7  0 -9 
28  5   1  6  0 -9 
28  6  -1  5  0 -9 
28  9  -1  5  0 -9 
28 11  -1  5  0 -9 
28 13  -1  5  0 -9 
28 20   1  3  0 -9 
29  5   1  6  0 -9 
29  8  -1  4  0 -9 
29 13  -1  5  0 -9 
29 21   1  3  0 -9 
30  0   1  4  0 -9 
30  1  -1  3  0 -9 
30  4   1  4  0 -9 
30  7  -1  3  0 -9 
30  8  -1  3  0 -9 
30 10  -1  3  0 -9 
30 12  -1  3  0 -9 
30 15  -1  1  0 -9 
30 17   1  2  0 -9 
30 19  -1  1  0 -9 
30 23   1  2  0 -9 
30 25  -1  1  0 -9 
30 27   1  2  0 -9 
30 30   1  0  0 -9 
31  2   1  4  0 -9 
31  3  -1  3  0 -9 
31  5   1  4  0 -9 
31  6  -1  3  0 -9 
31  9  -1  3  0 -9 
31 11  -1  3  0 -9 
31 13  -1  3  0 -9 
31 16   1  2  0 -9 
31 18   1  2  0 -9 
31 20  -1  1  0 -9 
31 24  -1  1  0 -9 
31 26  -1  1  0 -9 
31 28   1  2  0 -9 
31 31   1  0  0 -9 
9999 9999
