 0  0  -1  6  0 -9 
 1  0   1  3  0 -9 
 1  1   1  0  0 -9 
 1  2   1  3  0 -9 
 2  2  -1  6  0 -9 
 3  3  -1  6  0 -9 
 4  4   1  0  0 -9 
 4  5  -1  1  0 -9 
 4  6   1  3  0 -9 
 4  7  -1  4  0 -9 
 4  8   1  2  0 -9 
 4  9   1  5  0 -9 
 5  3  -1  4  0 -9 
 5  7  -1  5  0 -9 
 5  8   1  3  0 -9 
 5  9   1  6  0 -9 
 6  6  -1  6  0 -9 
 7  7  -1  6  0 -9 
 7  9   1  7  0 -9 
 8  3  -1  5  0 -9 
 8  5   1  3  0 -9 
 8  7  -1  4  0 -9 
 9  9   1  8  0 -9 
10  3   1  2  0 -9 
10  5   1  2  0 -9 
10  8  -1  1  0 -9 
10  9  -1  4  0 -9 
10 10   1  0  0 -9 
10 11   1  3  0 -9 
11  9   1  7  0 -9 
11 11  -1  6  0 -9 
12  3   1  1  0 -9 
12  7   1  2  0 -9 
12  8  -1  0  0 -9 
12  9  -1  3  0 -9 
12 10   1 -1  0 -9 
12 11   1  2  0 -9 
12 12  -1 -2  0 -9 
12 14   1 -1  0 -9 
12 15  -1  0  0 -9 
12 16   1  1  0 -9 
13  6   1  3  0 -9 
13 13   1  0  0 -9 
13 16   1  3  0 -9 
14  7   1  3  0 -9 
14  9  -1  4  0 -9 
14 14   1  0  0 -9 
14 15  -1  1  0 -9 
14 16   1  2  0 -9 
14 17   1  2  0 -9 
15 11  -1  4  0 -9 
15 16  -1  5  0 -9 
15 17   1  3  0 -9 
16 16  -1  6  0 -9 
17  9   1  6  0 -9 
17 11  -1  5  0 -9 
17 15   1  3  0 -9 
17 16  -1  4  0 -9 
18  3   1  3  0 -9 
18 18   1  0  0 -9 
18 19   1  3  0 -9 
19 19  -1  6  0 -9 
20  9   1  5  0 -9 
20 11  -1  4  0 -9 
20 15   1  2  0 -9 
20 17  -1  1  0 -9 
20 19   1  3  0 -9 
20 20   1  0  0 -9 
21 21   1  0  0 -9 
21 22   1  3  0 -9 
22 22  -1  6  0 -9 
23 22   1  3  0 -9 
23 23   1  0  0 -9 
24 24   1  0  0 -9 
24 25   1  3  0 -9 
25 25  -1  6  0 -9 
26 24   1 -1  0 -9 
26 25   1  2  0 -9 
26 26  -1 -2  0 -9 
26 28   1 -1  0 -9 
26 29  -1  0  0 -9 
26 30   1  1  0 -9 
27 27   1  0  0 -9 
27 30   1  3  0 -9 
28 28   1  0  0 -9 
28 29  -1  1  0 -9 
28 30   1  2  0 -9 
28 31   1  2  0 -9 
29 25  -1  4  0 -9 
29 30  -1  5  0 -9 
29 31   1  3  0 -9 
30 30  -1  6  0 -9 
31 25  -1  5  0 -9 
31 29   1  3  0 -9 
31 30  -1  4  0 -9 
32 25   1  2  0 -9 
32 29   1  2  0 -9 
32 31  -1  1  0 -9 
32 32   1  0  0 -9 
33 25   1  1  0 -9 
33 30   1  2  0 -9 
33 31  -1  0  0 -9 
33 32   1 -1  0 -9 
33 33  -1 -2  0 -9 
33 34   1 -1  0 -9 
34 30   1  3  0 -9 
34 34   1  0  0 -9 
35 25   1  3  0 -9 
35 35   1  0  0 -9 
36 36   1  0  0 -9 
36 37   1  3  0 -9 
37 37  -1  6  0 -9 
38 37   1  3  0 -9 
38 38   1  0  0 -9 
39 39   1  0  0 -9 
9999 9999
