 0  0  -1  6  0 -9 
 0  1   1  7  0 -9 
 1  1   1  8  0 -9 
 2  2   1  8  0 -9 
 3  0  -1  4  0 -9 
 3  1   1  5  0 -9 
 3  4   1  3  0 -9 
 3  8  -1  4  0 -9 
 3 12  -1  4  0 -9 
 3 14   1  5  0 -9 
 4  0  -1  5  0 -9 
 4  1   1  6  0 -9 
 4  3   1  3  0 -9 
 4  6   1  6  0 -9 
 4  8  -1  5  0 -9 
 4 12  -1  5  0 -9 
 4 14   1  6  0 -9 
 5  0  -1  4  0 -9 
 5  1   1  5  0 -9 
 5  2  -1  4  0 -9 
 5  9  -1  5  0 -9 
 5 12  -1  4  0 -9 
 5 13   1  3  0 -9 
 5 15   1  6  0 -9 
 6  6   1  8  0 -9 
 7  7   1  8  0 -9 
 8  6   1  7  0 -9 
 8  8  -1  6  0 -9 
 8 14   1  7  0 -9 
 9  9  -1  6  0 -9 
 9 15   1  7  0 -9 
10  7   1  7  0 -9 
10 10  -1  6  0 -9 
10 16   1  7  0 -9 
11 11  -1  6  0 -9 
11 17   1  7  0 -9 
12  1   1  7  0 -9 
12 12  -1  6  0 -9 
12 14   1  7  0 -9 
13  0  -1  5  0 -9 
13  1   1  6  0 -9 
13  2   1  7  0 -9 
13  5   1  3  0 -9 
13  9  -1  4  0 -9 
13 12  -1  5  0 -9 
13 14   1  6  0 -9 
14 14   1  8  0 -9 
15 15   1  8  0 -9 
16 16   1  8  0 -9 
17 17   1  8  0 -9 
18  6   1  5  0 -9 
18  8  -1  4  0 -9 
18 20  -1  4  0 -9 
18 22   1  3  0 -9 
18 26  -1  4  0 -9 
18 30   1  5  0 -9 
19  0  -1  3  0 -9 
19  1   1  4  0 -9 
19  2  -1  3  0 -9 
19  3  -1  1  0 -9 
19  4   1  2  0 -9 
19  5  -1  1  0 -9 
19  8  -1  3  0 -9 
19  9  -1  4  1  2  0 -9 
19 12  -1  3  0 -9 
19 13   1  2  0 -9 
19 15   1  5  0 -9 
19 18  -1  1  0 -9 
19 19   1  0  0 -9 
19 20  -1  3  0 -9 
19 22   1  2  0 -9 
19 23  -1  1  0 -9 
19 26  -1  3  0 -9 
19 27   1  2  0 -9 
19 30   1  4  0 -9 
19 31  -1  3  0 -9 
20  6   1  7  0 -9 
20 20  -1  6  0 -9 
20 30   1  7  0 -9 
21  7   1  7  0 -9 
21 21  -1  6  0 -9 
21 32   1  7  0 -9 
22  6   1  6  0 -9 
22  8  -1  5  0 -9 
22 14   1  6  0 -9 
22 18   1  3  0 -9 
22 20  -1  5  0 -9 
22 26  -1  5  0 -9 
22 30   1  6  0 -9 
23  9  -1  5  0 -9 
23 15   1  6  0 -9 
23 20  -1  4  0 -9 
23 26  -1  4  0 -9 
23 27   1  3  0 -9 
23 30   1  5  0 -9 
23 31  -1  4  0 -9 
24  7   1  6  0 -9 
24 10  -1  5  0 -9 
24 16   1  6  0 -9 
24 21  -1  5  0 -9 
24 28   1  3  0 -9 
24 32   1  6  0 -9 
24 35  -1  4  0 -9 
25 11  -1  5  0 -9 
25 17   1  6  0 -9 
25 21  -1  4  0 -9 
25 29   1  3  0 -9 
25 32   1  5  0 -9 
25 36  -1  4  0 -9 
26 26  -1  6  0 -9 
26 30   1  7  0 -9 
27  6   1  6  0 -9 
27  9  -1  4  0 -9 
27 20  -1  5  0 -9 
27 23   1  3  0 -9 
27 26  -1  5  0 -9 
27 30   1  6  0 -9 
27 31   1  7  0 -9 
28  7   1  5  0 -9 
28 10  -1  4  0 -9 
28 21  -1  4  0 -9 
28 24   1  3  0 -9 
28 33   1  6  0 -9 
28 35  -1  5  0 -9 
29  7   1  6  0 -9 
29 11  -1  4  0 -9 
29 21  -1  5  0 -9 
29 25   1  3  0 -9 
29 31   1  6  0 -9 
29 32   1  6  0 -9 
29 34   1  6  0 -9 
29 36  -1  5  0 -9 
30 30   1  8  0 -9 
31 31   1  8  0 -9 
32 32   1  8  0 -9 
33 33   1  8  0 -9 
34 34   1  8  0 -9 
35 33   1  7  0 -9 
35 35  -1  6  0 -9 
36 31   1  7  0 -9 
36 32   1  7  0 -9 
36 34   1  7  0 -9 
36 36  -1  6  0 -9 
37 34   1  7  0 -9 
37 37  -1  6  0 -9 
38 38   1  8  0 -9 
39  2   1  7  0 -9 
39 38   1  7  0 -9 
39 39  -1  6  0 -9 
40 38   1  7  0 -9 
40 40  -1  6  0 -9 
41 41  -1  6  0 -9 
41 42   1  7  0 -9 
42 42   1  8  0 -9 
43  0  -1  5  0 -9 
43  1   1  6  0 -9 
43 44   1  3  0 -9 
43 48  -1  4  0 -9 
43 52  -1  4  0 -9 
43 54   1  5  0 -9 
44  0  -1  4  0 -9 
44 38   1  6  0 -9 
44 43   1  3  0 -9 
44 46   1  6  0 -9 
44 48  -1  5  0 -9 
44 52  -1  5  0 -9 
44 54   1  6  0 -9 
45 38   1  5  0 -9 
45 39  -1  4  0 -9 
45 49  -1  5  0 -9 
45 52  -1  4  0 -9 
45 53   1  3  0 -9 
45 55   1  6  0 -9 
46 46   1  8  0 -9 
47 47   1  8  0 -9 
48 46   1  7  0 -9 
48 48  -1  6  0 -9 
48 54   1  7  0 -9 
49 49  -1  6  0 -9 
49 55   1  7  0 -9 
50 47   1  7  0 -9 
50 50  -1  6  0 -9 
50 56   1  7  0 -9 
51 51  -1  6  0 -9 
51 57   1  7  0 -9 
52 38   1  7  0 -9 
52 52  -1  6  0 -9 
52 54   1  7  0 -9 
53  2   1  6  0 -9 
53 38   1  6  0 -9 
53 39  -1  5  0 -9 
53 45   1  3  0 -9 
53 49  -1  4  0 -9 
53 52  -1  5  0 -9 
53 54   1  6  0 -9 
54 54   1  8  0 -9 
55 55   1  8  0 -9 
56 56   1  8  0 -9 
57 57   1  8  0 -9 
58  0  -1  4  0 -9 
58  1   1  5  0 -9 
58 43  -1  1  0 -9 
58 44   1  2  0 -9 
58 46  -1  4  0 -9 
58 52  -1  3  0 -9 
58 58   1  0  0 -9 
58 59  -1  1  0 -9 
58 61   1  3  0 -9 
58 63  -1  4  0 -9 
58 67   1  2  0 -9 
58 70   1  5  0 -9 
59 38   1  5  0 -9 
59 40  -1  4  0 -9 
59 52  -1  4  0 -9 
59 63  -1  5  0 -9 
59 67   1  3  0 -9 
59 70   1  6  0 -9 
60 41  -1  4  0 -9 
60 42   1  5  0 -9 
60 64  -1  5  0 -9 
60 68   1  3  0 -9 
60 69  -1  4  0 -9 
60 71   1  6  0 -9 
61 46   1  7  0 -9 
61 61  -1  6  0 -9 
62 47   1  7  0 -9 
62 62  -1  6  0 -9 
63 63  -1  6  0 -9 
63 70   1  7  0 -9 
64 64  -1  6  0 -9 
64 71   1  7  0 -9 
65 65  -1  6  0 -9 
65 72   1  7  0 -9 
66 66  -1  6  0 -9 
66 73   1  7  0 -9 
67 38   1  6  0 -9 
67 40  -1  5  0 -9 
67 52  -1  5  0 -9 
67 54   1  6  0 -9 
67 59   1  3  0 -9 
67 63  -1  4  0 -9 
68 41  -1  5  0 -9 
68 42   1  6  0 -9 
68 60   1  3  0 -9 
68 64  -1  4  0 -9 
68 69  -1  5  0 -9 
68 74   1  6  0 -9 
69 42   1  7  0 -9 
69 69  -1  6  0 -9 
69 74   1  7  0 -9 
70 70   1  8  0 -9 
71 71   1  8  0 -9 
72 72   1  8  0 -9 
73 73   1  8  0 -9 
74 74   1  8  0 -9 
75 75   1  8  0 -9 
76 38   1  6  0 -9 
76 40  -1  5  0 -9 
76 52  -1  5  0 -9 
76 54   1  6  0 -9 
76 78  -1  5  0 -9 
76 82   1  3  0 -9 
76 85   1  6  0 -9 
77  0  -1  5 -1  3 -1  1  0 -9 
77  1   1  6  1  4  0 -9 
77  2  -1  3  0 -9 
77  3  -1  1  0 -9 
77  4   1  2  0 -9 
77  5  -1  1  0 -9 
77  6  -1  4  0 -9 
77  9  -1  4  0 -9 
77 12  -1  3  0 -9 
77 13   1  2  0 -9 
77 15   1  5  0 -9 
77 38  -1  3  0 -9 
77 39   1  2  0 -9 
77 40   1  2  0 -9 
77 41  -1  5 -1  3 -1  1  0 -9 
77 42   1  6  1  4  0 -9 
77 45   1  2  0 -9 
77 52  -1  4  1  2  0 -9 
77 53  -1  1  0 -9 
77 54   1  5  0 -9 
77 55  -1  4  0 -9 
77 60  -1  1  0 -9 
77 64  -1  4  0 -9 
77 68   1  2  0 -9 
77 69  -1  3  0 -9 
77 71   1  5  0 -9 
77 76  -1  1  0 -9 
77 77   1  0  0 -9 
77 78  -1  4  0 -9 
77 79   1  3  0 -9 
77 82   1  2  0 -9 
77 83  -1  1  0 -9 
77 84   1  2  0 -9 
77 85   1  5  0 -9 
77 86  -1  4  0 -9 
78 54   1  7  0 -9 
78 78  -1  6  0 -9 
78 85   1  7  0 -9 
79  6   1  7  0 -9 
79 55   1  7  0 -9 
79 79  -1  6  0 -9 
79 86   1  7  0 -9 
80 56   1  7  0 -9 
80 80  -1  6  0 -9 
80 87   1  7  0 -9 
81  7   1  7  0 -9 
81 57   1  7  0 -9 
81 81  -1  6  0 -9 
81 88   1  7  0 -9 
82 38   1  5  0 -9 
82 40  -1  4  0 -9 
82 52  -1  4  0 -9 
82 54   1  5  0 -9 
82 76   1  3  0 -9 
82 78  -1  4  0 -9 
83 41  -1  4  0 -9 
83 42   1  5  0 -9 
83 69  -1  4  0 -9 
83 74   1  5  0 -9 
83 84   1  3  0 -9 
83 89  -1  4  0 -9 
84 41  -1  5  0 -9 
84 42   1  6  0 -9 
84 69  -1  5  0 -9 
84 74   1  6  0 -9 
84 83   1  3  0 -9 
84 86   1  6  0 -9 
84 89  -1  5  0 -9 
85 85   1  8  0 -9 
86 86   1  8  0 -9 
87 87   1  8  0 -9 
88 88   1  8  0 -9 
89 74   1  7  0 -9 
89 86   1  7  0 -9 
89 89  -1  6  0 -9 
90 75   1  7  0 -9 
90 88   1  7  0 -9 
90 90  -1  6  0 -9 
91  0  -1  3  0 -9 
91  1   1  4  0 -9 
91  3   1 -1  0 -9 
91  4   1  2  0 -9 
91  8  -1  3  0 -9 
91 12  -1  3  0 -9 
91 14   1  4  0 -9 
91 20   1  1  0 -9 
91 22  -1  0  0 -9 
91 26   1  1  0 -9 
91 30  -1  2  0 -9 
91 43  -1  0  0 -9 
91 46  -1  3  0 -9 
91 48   1  2  0 -9 
91 54  -1  3  0 -9 
91 58   1 -1  0 -9 
91 59  -1  0  0 -9 
91 61   1  2  0 -9 
91 63  -1  3  0 -9 
91 67   1  1  0 -9 
91 70   1  4  0 -9 
91 82  -1  0  0 -9 
91 91  -1 -2  0 -9 
91 92  -1  0  0 -9 
91 94  -1  0  0 -9 
91 96   1 -1  0 -9 
91 100  -1  2 -1  0  0 -9 
91 104   1  1  0 -9 
91 112   1 -1  0 -9 
91 117  -1  0  0 -9 
91 121   1  1  0 -9 
91 127  -1  2  0 -9 
91 136   1  1  0 -9 
91 140  -1  2  0 -9 
91 146   1  3  0 -9 
92 78  -1  4  0 -9 
92 85   1  5  0 -9 
92 100  -1  4  0 -9 
92 136   1  3  0 -9 
92 140  -1  4  0 -9 
92 146   1  5  0 -9 
93  0  -1  2 -1  0  0 -9 
93  1   1  3  0 -9 
93  2  -1  2  0 -9 
93  3  -1  0  0 -9 
93  4   1  1  0 -9 
93  5  -1  0  0 -9 
93  6  -1  3  0 -9 
93  9  -1  3  0 -9 
93 12  -1  2  0 -9 
93 13   1  1  0 -9 
93 15   1  4  0 -9 
93 18  -1  0  0 -9 
93 19   1 -1  0 -9 
93 23  -1  0  0 -9 
93 27   1  1  0 -9 
93 31  -1  2  0 -9 
93 38  -1  2  0 -9 
93 39   1  1  0 -9 
93 40   1  1  0 -9 
93 41  -1  2 -1  0  0 -9 
93 42   1  3  0 -9 
93 49   1  2  0 -9 
93 52   1  1  0 -9 
93 53  -1  0  0 -9 
93 55  -1  3  0 -9 
93 60  -1  0  0 -9 
93 64  -1  3  0 -9 
93 68   1  1  0 -9 
93 69  -1  2  0 -9 
93 71   1  4  0 -9 
93 76  -1  0  0 -9 
93 77   1 -1  0 -9 
93 78  -1  3  0 -9 
93 79   1  2  0 -9 
93 83  -1  0  0 -9 
93 84   1  1  0 -9 
93 85   1  4  0 -9 
93 86  -1  3  0 -9 
93 92   1 -1  0 -9 
93 93  -1 -2  0 -9 
93 97   1 -1  0 -9 
93 100  -1  3  0 -9 
93 101  -1  0  0 -9 
93 105   1  1  0 -9 
93 113   1 -1  0 -9 
93 114  -1  0  0 -9 
93 118  -1  0  0 -9 
93 122   1  1  0 -9 
93 128  -1  2  0 -9 
93 136   1  2  0 -9 
93 140  -1  3  0 -9 
93 146   1  4  0 -9 
94  6   1  6  0 -9 
94 20  -1  5  0 -9 
94 30   1  6  0 -9 
94 61  -1  4  0 -9 
94 104  -1  5  0 -9 
94 115   1  3  0 -9 
94 127   1  6  0 -9 
95  7   1  6  0 -9 
95 21  -1  5  0 -9 
95 32   1  6  0 -9 
95 62  -1  4  0 -9 
95 106  -1  5  0 -9 
95 116   1  3  0 -9 
95 129   1  6  0 -9 
96  6   1  5  0 -9 
96  8  -1  4  0 -9 
96 14   1  5  0 -9 
96 18   1  2  0 -9 
96 20  -1  4  1  2  0 -9 
96 22  -1  1  0 -9 
96 26   1  2  0 -9 
96 30  -1  3  0 -9 
96 46  -1  4  0 -9 
96 48   1  3  0 -9 
96 54  -1  4  0 -9 
96 63  -1  4  0 -9 
96 70   1  5  0 -9 
96 92  -1  1  0 -9 
96 94  -1  1  0 -9 
96 96   1  0  0 -9 
96 100  -1  5 -1  3 -1  1  0 -9 
96 104   1  2  0 -9 
96 115   1  2  0 -9 
96 117  -1  1  0 -9 
96 121   1  2  0 -9 
96 127  -1  3  0 -9 
96 136   1  2  0 -9 
96 140  -1  3  0 -9 
96 146   1  6  1  4  0 -9 
97  9  -1  4  0 -9 
97 15   1  5  0 -9 
97 20  -1  3  0 -9 
97 23  -1  1  0 -9 
97 27   1  2  0 -9 
97 31  -1  3  0 -9 
97 49   1  3  0 -9 
97 55  -1  4  0 -9 
97 64  -1  4  0 -9 
97 71   1  5  0 -9 
97 97   1  0  0 -9 
97 100  -1  4  0 -9 
97 101  -1  1  0 -9 
97 105   1  2  0 -9 
97 118  -1  1  0 -9 
97 122   1  2  0 -9 
97 128  -1  3  0 -9 
97 137   1  2  0 -9 
97 141  -1  3  0 -9 
97 146   1  5  0 -9 
98  7   1  5  0 -9 
98 10  -1  4  0 -9 
98 16   1  5  0 -9 
98 21  -1  4  1  2  0 -9 
98 24  -1  1  0 -9 
98 28   1  2  0 -9 
98 32   1  5  0 -9 
98 33  -1  4  0 -9 
98 47  -1  4  0 -9 
98 50   1  3  0 -9 
98 56  -1  4  0 -9 
98 65  -1  4  0 -9 
98 72   1  5  0 -9 
98 95  -1  1  0 -9 
98 98   1  0  0 -9 
98 102  -1  1  0 -9 
98 106  -1  4  0 -9 
98 107   1  3  0 -9 
98 109  -1  4  0 -9 
98 116   1  2  0 -9 
98 119  -1  1  0 -9 
98 123   1  2  0 -9 
98 129   1  5  0 -9 
98 130  -1  4  0 -9 
98 138   1  2  0 -9 
98 142  -1  3  0 -9 
98 147   1  5  0 -9 
99 11  -1  4  0 -9 
99 17   1  5  0 -9 
99 21  -1  3  0 -9 
99 25  -1  1  0 -9 
99 29   1  2  0 -9 
99 31  -1  4  0 -9 
99 34  -1  4  0 -9 
99 51   1  3  0 -9 
99 57  -1  4  0 -9 
99 66  -1  4  0 -9 
99 73   1  5  0 -9 
99 99   1  0  0 -9 
99 103  -1  1  0 -9 
99 105   1  3  0 -9 
99 108   1  3  0 -9 
99 110  -1  4  0 -9 
99 120  -1  1  0 -9 
99 124   1  2  0 -9 
99 128  -1  4  0 -9 
99 131  -1  4  0 -9 
99 139   1  2  0 -9 
99 143  -1  3  0 -9 
99 148   1  5  0 -9 
100 100  -1  6  0 -9 
100 146   1  7  0 -9 
101  6   1  5  0 -9 
101 20  -1  4  0 -9 
101 31   1  6  0 -9 
101 79  -1  4  0 -9 
101 86   1  5  0 -9 
101 100  -1  5  0 -9 
101 105  -1  5  0 -9 
101 128   1  6  0 -9 
101 137   1  3  0 -9 
101 141  -1  4  0 -9 
101 146   1  6  0 -9 
102 80  -1  4  0 -9 
102 87   1  5  0 -9 
102 109  -1  5  0 -9 
102 138   1  3  0 -9 
102 142  -1  4  0 -9 
102 147   1  6  0 -9 
103  7   1  5  0 -9 
103 21  -1  4  0 -9 
103 81  -1  4  0 -9 
103 88   1  5  0 -9 
103 110  -1  5  0 -9 
103 139   1  3  0 -9 
103 143  -1  4  0 -9 
103 148   1  6  0 -9 
104 30   1  7  0 -9 
104 104  -1  6  0 -9 
104 127   1  7  0 -9 
105 31   1  7  0 -9 
105 105  -1  6  0 -9 
105 128   1  7  0 -9 
106 32   1  7  0 -9 
106 106  -1  6  0 -9 
106 129   1  7  0 -9 
107 33   1  7  0 -9 
107 107  -1  6  0 -9 
107 130   1  7  0 -9 
108 34   1  7  0 -9 
108 108  -1  6  0 -9 
108 131   1  7  0 -9 
109 109  -1  6  0 -9 
109 147   1  7  0 -9 
110 110  -1  6  0 -9 
110 148   1  7  0 -9 
111 111  -1  6  0 -9 
111 149   1  7  0 -9 
112 38   1  4  0 -9 
112 40  -1  3  0 -9 
112 52  -1  3  0 -9 
112 59  -1  1  0 -9 
112 63  -1  4  1  2  0 -9 
112 67   1  2  0 -9 
112 70   1  5  0 -9 
112 76   1  2  0 -9 
112 78  -1  3  0 -9 
112 82  -1  1  0 -9 
112 92  -1  1  0 -9 
112 100  -1  3  0 -9 
112 112   1  0  0 -9 
112 117  -1  1  0 -9 
112 121   1  2  0 -9 
112 127  -1  3  0 -9 
112 136   1  2  0 -9 
112 140  -1  3  0 -9 
112 146   1  4  0 -9 
113 41  -1  3  0 -9 
113 42   1  4  0 -9 
113 60  -1  1  0 -9 
113 64  -1  4  1  2  0 -9 
113 68   1  2  0 -9 
113 69  -1  3  0 -9 
113 71   1  5  0 -9 
113 83  -1  1  0 -9 
113 84   1  2  0 -9 
113 89  -1  3  0 -9 
113 113   1  0  0 -9 
113 114  -1  1  0 -9 
113 118  -1  1  0 -9 
113 122   1  2  0 -9 
113 125  -1  3  0 -9 
113 128  -1  3  0 -9 
113 141  -1  3  0 -9 
113 144   1  2  0 -9 
113 150   1  4  0 -9 
114 86   1  5  0 -9 
114 89  -1  4  0 -9 
114 125  -1  4  0 -9 
114 141  -1  4  0 -9 
114 144   1  3  0 -9 
114 150   1  5  0 -9 
115 20  -1  4  0 -9 
115 30   1  5  0 -9 
115 46   1  6  0 -9 
115 61  -1  5  0 -9 
115 94   1  3  0 -9 
115 104  -1  4  0 -9 
116 21  -1  4  0 -9 
116 32   1  5  0 -9 
116 47   1  6  0 -9 
116 62  -1  5  0 -9 
116 95   1  3  0 -9 
116 106  -1  4  0 -9 
117 63  -1  5  0 -9 
117 70   1  6  0 -9 
117 100  -1  4  0 -9 
117 121   1  3  0 -9 
117 127  -1  4  0 -9 
117 140  -1  4  0 -9 
117 146   1  5  0 -9 
118 64  -1  5  0 -9 
118 71   1  6  0 -9 
118 122   1  3  0 -9 
118 125  -1  4  0 -9 
118 128  -1  4  0 -9 
118 141  -1  4  0 -9 
118 150   1  5  0 -9 
119 65  -1  5  0 -9 
119 72   1  6  0 -9 
119 123   1  3  0 -9 
119 132  -1  4  0 -9 
119 142  -1  4  0 -9 
119 151   1  5  0 -9 
120 66  -1  5  0 -9 
120 73   1  6  0 -9 
120 124   1  3  0 -9 
120 133  -1  4  0 -9 
120 143  -1  4  0 -9 
120 152   1  5  0 -9 
121 63  -1  4  0 -9 
121 85   1  6  0 -9 
121 100  -1  5  0 -9 
121 117   1  3  0 -9 
121 127   1  7  0 -9 
121 140  -1  5  0 -9 
121 146   1  6  0 -9 
122 64  -1  4  0 -9 
122 86   1  6  0 -9 
122 118   1  3  0 -9 
122 125  -1  5  0 -9 
122 128   1  7  0 -9 
122 141  -1  5  0 -9 
122 150   1  6  0 -9 
123 65  -1  4  0 -9 
123 87   1  6  0 -9 
123 119   1  3  0 -9 
123 130   1  6  0 -9 
123 132  -1  5  0 -9 
123 142  -1  5  0 -9 
123 151   1  6  0 -9 
124 66  -1  4  0 -9 
124 88   1  6  0 -9 
124 120   1  3  0 -9 
124 128   1  6  0 -9 
124 131   1  6  0 -9 
124 133  -1  5  0 -9 
124 143  -1  5  0 -9 
124 152   1  6  0 -9 
125 125  -1  6  0 -9 
125 150   1  7  0 -9 
126 88   1  5  0 -9 
126 90  -1  4  0 -9 
126 134  -1  5  0 -9 
126 143  -1  4  0 -9 
126 145   1  3  0 -9 
126 153   1  6  0 -9 
127 127   1  8  0 -9 
128 128   1  8  0 -9 
129 129   1  8  0 -9 
130 130   1  8  0 -9 
131 131   1  8  0 -9 
132 130   1  7  0 -9 
132 132  -1  6  0 -9 
132 151   1  7  0 -9 
133 128   1  7  0 -9 
133 131   1  7  0 -9 
133 133  -1  6  0 -9 
133 152   1  7  0 -9 
134 134  -1  6  0 -9 
134 153   1  7  0 -9 
135 131   1  7  0 -9 
135 135  -1  6  0 -9 
135 154   1  7  0 -9 
136 54   1  6  0 -9 
136 78  -1  5  0 -9 
136 85   1  6  0 -9 
136 92   1  3  0 -9 
136 100  -1  5  0 -9 
136 140  -1  5  0 -9 
136 146   1  6  0 -9 
137  6   1  6  0 -9 
137 20  -1  5  0 -9 
137 30   1  6  0 -9 
137 55   1  6  0 -9 
137 79  -1  5  0 -9 
137 86   1  6  0 -9 
137 100  -1  4  0 -9 
137 101   1  3  0 -9 
137 105  -1  4  0 -9 
137 141  -1  5  0 -9 
137 150   1  6  0 -9 
138 56   1  6  0 -9 
138 80  -1  5  0 -9 
138 87   1  6  0 -9 
138 102   1  3  0 -9 
138 109  -1  4  0 -9 
138 142  -1  5  0 -9 
138 151   1  6  0 -9 
139  7   1  6  0 -9 
139 21  -1  5  0 -9 
139 32   1  6  0 -9 
139 57   1  6  0 -9 
139 81  -1  5  0 -9 
139 88   1  6  0 -9 
139 103   1  3  0 -9 
139 110  -1  4  0 -9 
139 143  -1  5  0 -9 
139 152   1  6  0 -9 
140 85   1  7  0 -9 
140 140  -1  6  0 -9 
140 146   1  7  0 -9 
141 86   1  7  0 -9 
141 141  -1  6  0 -9 
141 150   1  7  0 -9 
142 87   1  7  0 -9 
142 142  -1  6  0 -9 
142 151   1  7  0 -9 
143 88   1  7  0 -9 
143 143  -1  6  0 -9 
143 152   1  7  0 -9 
144 74   1  6  0 -9 
144 86   1  6  0 -9 
144 89  -1  5  0 -9 
144 114   1  3  0 -9 
144 125  -1  5  0 -9 
144 141  -1  5  0 -9 
144 150   1  6  0 -9 
145 75   1  6  0 -9 
145 88   1  6  0 -9 
145 90  -1  5  0 -9 
145 126   1  3  0 -9 
145 134  -1  4  0 -9 
145 143  -1  5  0 -9 
145 152   1  6  0 -9 
146 146   1  8  0 -9 
147 147   1  8  0 -9 
148 148   1  8  0 -9 
149 149   1  8  0 -9 
150 150   1  8  0 -9 
151 151   1  8  0 -9 
152 152   1  8  0 -9 
153 153   1  8  0 -9 
154 154   1  8  0 -9 
9999 9999
