 0  0   1  8  0 -9 
 1  0   1  7  0 -9 
 1  1  -1  6  0 -9 
 2  2   1  8  0 -9 
 3  2   1  7  0 -9 
 3  3  -1  6  0 -9 
 4  4   1  8  0 -9 
 5  4   1  7  0 -9 
 5  5  -1  6  0 -9 
 6  0   1  6  0 -9 
 6  1  -1  5  0 -9 
 6  2   1  6  0 -9 
 6  3  -1  5  0 -9 
 6  5  -1  4  0 -9 
 6  7   1  3  0 -9 
 7  1  -1  4  0 -9 
 7  3  -1  4  0 -9 
 7  4   1  6  0 -9 
 7  5  -1  5  0 -9 
 7  6   1  3  0 -9 
 8  8   1  8  0 -9 
 9  2   1  7  0 -9 
 9  8   1  7  0 -9 
 9  9  -1  6  0 -9 
10  2   1  5  0 -9 
10  3  -1  4  0 -9 
10  9  -1  4  0 -9 
10 11   1  3  0 -9 
11  2   1  6  0 -9 
11  3  -1  5  0 -9 
11  8   1  6  0 -9 
11  9  -1  5  0 -9 
11 10   1  3  0 -9 
12 12   1  8  0 -9 
13  4   1  7  0 -9 
13 12   1  7  0 -9 
13 13  -1  6  0 -9 
14  4   1  6  0 -9 
14  5  -1  5  0 -9 
14 12   1  6  0 -9 
14 13  -1  5  0 -9 
14 15   1  3  0 -9 
15  4   1  5  0 -9 
15  5  -1  4  0 -9 
15 13  -1  4  0 -9 
15 14   1  3  0 -9 
16 16   1  8  0 -9 
17 16   1  7  0 -9 
17 17  -1  6  0 -9 
18  8   1  7  0 -9 
18 16   1  7  0 -9 
18 18  -1  6  0 -9 
19  2   1  6  0 -9 
19  3  -1  5  0 -9 
19  8   1  6  0 -9 
19  9  -1  5  0 -9 
19 12   1  7  0 -9 
19 16   1  6  0 -9 
19 17  -1  5  0 -9 
19 18  -1  5  0 -9 
19 20   1  3  0 -9 
20  2   1  5  0 -9 
20  3  -1  4  0 -9 
20  8   1  5  0 -9 
20  9  -1  4  0 -9 
20 12  -1  4  0 -9 
20 16   1  5  0 -9 
20 17  -1  4  0 -9 
20 18  -1  4  0 -9 
20 19   1  3  0 -9 
21 16   1  5  0 -9 
21 17  -1  4  0 -9 
21 18  -1  4  0 -9 
21 22   1  3  0 -9 
22  8   1  6  0 -9 
22 16   1  6  0 -9 
22 17  -1  5  0 -9 
22 18  -1  5  0 -9 
22 21   1  3  0 -9 
23  2   1  4  0 -9 
23  3  -1  3  0 -9 
23  9  -1  3  0 -9 
23 10  -1  1  0 -9 
23 11   1  2  0 -9 
23 12  -1  3  0 -9 
23 16   1  4  0 -9 
23 17  -1  3  0 -9 
23 18  -1  3  0 -9 
23 19   1  2  0 -9 
23 20  -1  1  0 -9 
23 21  -1  1  0 -9 
23 22   1  2  0 -9 
23 23   1  0  0 -9 
24 24   1  8  0 -9 
25 24   1  7  0 -9 
25 25  -1  6  0 -9 
26 26   1  8  0 -9 
27 26   1  7  0 -9 
27 27  -1  6  0 -9 
28 24   1  6  0 -9 
28 25  -1  5  0 -9 
28 27  -1  4  0 -9 
28 29   1  3  0 -9 
29 25  -1  4  0 -9 
29 26   1  6  0 -9 
29 27  -1  5  0 -9 
29 28   1  3  0 -9 
30 30   1  8  0 -9 
31 30   1  7  0 -9 
31 31  -1  6  0 -9 
32  2   1  6  0 -9 
32  3  -1  5  0 -9 
32 31  -1  4  0 -9 
32 33   1  3  0 -9 
33  3  -1  4  0 -9 
33 30   1  6  0 -9 
33 31  -1  5  0 -9 
33 32   1  3  0 -9 
34  8   1  7  0 -9 
34 34  -1  6  0 -9 
35  3  -1  3  0 -9 
35  8  -1  4  0 -9 
35 10  -1  1  0 -9 
35 11   1  2  0 -9 
35 30   1  5  0 -9 
35 31  -1  4  0 -9 
35 32   1  2  0 -9 
35 33  -1  1  0 -9 
35 34   1  3  0 -9 
35 35   1  0  0 -9 
36 36   1  8  0 -9 
37 26   1  7  0 -9 
37 36   1  7  0 -9 
37 37  -1  6  0 -9 
38 26   1  6  0 -9 
38 27  -1  5  0 -9 
38 36   1  6  0 -9 
38 37  -1  5  0 -9 
38 39   1  3  0 -9 
39 26   1  5  0 -9 
39 27  -1  4  0 -9 
39 37  -1  4  0 -9 
39 38   1  3  0 -9 
40 40   1  8  0 -9 
41 40   1  7  0 -9 
41 41  -1  6  0 -9 
42 12   1  7  0 -9 
42 30   1  7  0 -9 
42 40   1  7  0 -9 
42 42  -1  6  0 -9 
43 12   1  6  0 -9 
43 30   1  6  0 -9 
43 31  -1  5  0 -9 
43 40   1  6  0 -9 
43 41  -1  5  0 -9 
43 42  -1  5  0 -9 
43 44   1  3  0 -9 
44 30   1  5  0 -9 
44 31  -1  4  0 -9 
44 40   1  5  0 -9 
44 41  -1  4  0 -9 
44 42  -1  4  0 -9 
44 43   1  3  0 -9 
45  8   1  6  0 -9 
45 16   1  6  0 -9 
45 18  -1  5  0 -9 
45 34  -1  5  0 -9 
45 41  -1  4  0 -9 
45 46   1  3  0 -9 
46  8   1  5  0 -9 
46 18  -1  4  0 -9 
46 34  -1  4  0 -9 
46 40   1  6  0 -9 
46 41  -1  5  0 -9 
46 45   1  3  0 -9 
47 18  -1  3  0 -9 
47 21  -1  1  0 -9 
47 22   1  2  0 -9 
47 40   1  5  0 -9 
47 41  -1  4  0 -9 
47 45   1  2  0 -9 
47 46  -1  1  0 -9 
47 47   1  0  0 -9 
48  8  -1  3  0 -9 
48 10  -1  0  0 -9 
48 11   1  1  0 -9 
48 20  -1  0  0 -9 
48 21  -1  0  0 -9 
48 22   1  1  0 -9 
48 23   1 -1  0 -9 
48 30   1  4  0 -9 
48 31  -1  3  0 -9 
48 33  -1  0  0 -9 
48 34   1  2  0 -9 
48 35   1 -1  0 -9 
48 40   1  4  0 -9 
48 41  -1  3  0 -9 
48 42  -1  3  0 -9 
48 43   1  2  0 -9 
48 44   1 -1  0 -9 
48 46  -1  0  0 -9 
48 47   1 -1  0 -9 
48 48  -1 -2  0 -9 
49 49   1  8  0 -9 
50 49   1  7  0 -9 
50 50  -1  6  0 -9 
51 49   1  7  0 -9 
51 51  -1  6  0 -9 
52 36   1  7  0 -9 
52 49   1  6  0 -9 
52 50  -1  5  0 -9 
52 51  -1  5  0 -9 
52 53   1  3  0 -9 
53 36  -1  4  0 -9 
53 49   1  5  0 -9 
53 50  -1  4  0 -9 
53 51  -1  4  0 -9 
53 52   1  3  0 -9 
54  8  -1  4  0 -9 
54 49   1  5  0 -9 
54 50  -1  4  0 -9 
54 51  -1  4  0 -9 
54 55   1  3  0 -9 
55  8   1  7  0 -9 
55 49   1  6  0 -9 
55 50  -1  5  0 -9 
55 51  -1  5  0 -9 
55 54   1  3  0 -9 
56  8  -1  3  0 -9 
56 36  -1  3  0 -9 
56 49   1  4  0 -9 
56 50  -1  3  0 -9 
56 51  -1  3  0 -9 
56 52   1  2  0 -9 
56 53  -1  1  0 -9 
56 54  -1  1  0 -9 
56 55   1  2  0 -9 
56 56   1  0  0 -9 
57 57   1  8  0 -9 
58 57   1  7  0 -9 
58 58  -1  6  0 -9 
59 57   1  7  0 -9 
59 59  -1  6  0 -9 
60 57   1  6  0 -9 
60 58  -1  5  0 -9 
60 59  -1  5  0 -9 
60 61   1  3  0 -9 
61 57   1  5  0 -9 
61 58  -1  4  0 -9 
61 59  -1  4  0 -9 
61 60   1  3  0 -9 
62 27  -1  4  0 -9 
62 34  -1  4  0 -9 
62 49   1  6  0 -9 
62 51  -1  5  0 -9 
62 58  -1  4  0 -9 
62 63   1  3  0 -9 
63  8   1  6  0 -9 
63 26   1  6  0 -9 
63 27  -1  5  0 -9 
63 34  -1  5  0 -9 
63 51  -1  4  0 -9 
63 57   1  6  0 -9 
63 58  -1  5  0 -9 
63 62   1  3  0 -9 
64  8  -1  3  0 -9 
64 26   1  5  0 -9 
64 27  -1  4  0 -9 
64 34   1  2  0 -9 
64 51  -1  3  0 -9 
64 54  -1  1  0 -9 
64 55   1  2  0 -9 
64 57   1  5  0 -9 
64 58  -1  4  0 -9 
64 62   1  2  0 -9 
64 63  -1  1  0 -9 
64 64   1  0  0 -9 
65  8  -1  2  0 -9 
65 26   1  4  0 -9 
65 27  -1  3  0 -9 
65 34   1  1  0 -9 
65 37  -1  3  0 -9 
65 38   1  2  0 -9 
65 39   1 -1  0 -9 
65 53  -1  0  0 -9 
65 54  -1  0  0 -9 
65 55   1  1  0 -9 
65 56   1 -1  0 -9 
65 57   1  4  0 -9 
65 58  -1  3  0 -9 
65 59  -1  3  0 -9 
65 60   1  2  0 -9 
65 61   1 -1  0 -9 
65 63  -1  0  0 -9 
65 64   1 -1  0 -9 
65 65  -1 -2  0 -9 
66 66   1  8  0 -9 
67 57   1  5  0 -9 
67 58  -1  4  0 -9 
67 59  -1  4  0 -9 
67 66  -1  4  0 -9 
67 68   1  3  0 -9 
68 57   1  6  0 -9 
68 58  -1  5  0 -9 
68 59  -1  5  0 -9 
68 66   1  7  0 -9 
68 67   1  3  0 -9 
69 57   1  4  0 -9 
69 58  -1  3  0 -9 
69 59  -1  3  0 -9 
69 60   1  2  0 -9 
69 61  -1  1  0 -9 
69 66  -1  3  0 -9 
69 67  -1  1  0 -9 
69 68   1  2  0 -9 
69 69   1  0  0 -9 
70 66   1  7  0 -9 
70 70  -1  6  0 -9 
71 70  -1  4  0 -9 
71 72   1  3  0 -9 
72 66   1  6  0 -9 
72 70  -1  5  0 -9 
72 71   1  3  0 -9 
73 57   1  6  1  4  0 -9 
73 58  -1  5 -1  3 -1  1  0 -9 
73 59  -1  3  0 -9 
73 60   1  2  0 -9 
73 61  -1  1  0 -9 
73 66  -1  3  0 -9 
73 67  -1  1  0 -9 
73 68   1  2  0 -9 
73 70   1  2  0 -9 
73 71   1  2  0 -9 
73 72  -1  1  0 -9 
73 73   1  0  0 -9 
74 57   1  3  0 -9 
74 58  -1  2 -1  0  0 -9 
74 59  -1  2  0 -9 
74 60   1  1  0 -9 
74 61  -1  0  0 -9 
74 66  -1  2  0 -9 
74 67  -1  0  0 -9 
74 68   1  1  0 -9 
74 69   1 -1  0 -9 
74 70   1  1  0 -9 
74 72  -1  0  0 -9 
74 73   1 -1  0 -9 
74 74  -1 -2  0 -9 
75 40   1  7  0 -9 
75 66   1  7  0 -9 
75 75  -1  6  0 -9 
76 40   1  5  0 -9 
76 41  -1  4  0 -9 
76 75  -1  4  0 -9 
76 77   1  3  0 -9 
77 40   1  6  0 -9 
77 41  -1  5  0 -9 
77 66   1  6  0 -9 
77 75  -1  5  0 -9 
77 76   1  3  0 -9 
78 40   1  6  0 -9 
78 41  -1  5  0 -9 
78 66   1  6  0 -9 
78 70  -1  5  0 -9 
78 75  -1  5  0 -9 
78 79   1  3  0 -9 
79 40   1  5  0 -9 
79 41  -1  4  0 -9 
79 66   1  5  0 -9 
79 70  -1  4  0 -9 
79 75  -1  4  0 -9 
79 78   1  3  0 -9 
80 40   1  6  1  4  0 -9 
80 41  -1  5 -1  3 -1  1  0 -9 
80 75  -1  3  0 -9 
80 76  -1  1  0 -9 
80 77   1  2  0 -9 
80 78   1  2  0 -9 
80 79  -1  1  0 -9 
80 80   1  0  0 -9 
81 40   1  4  0 -9 
81 41  -1  3  0 -9 
81 70  -1  3  0 -9 
81 71  -1  1  0 -9 
81 72   1  2  0 -9 
81 75  -1  3  0 -9 
81 76  -1  1  0 -9 
81 77   1  2  0 -9 
81 78   1  2  0 -9 
81 79  -1  1  0 -9 
81 81   1  0  0 -9 
82 40   1  3  0 -9 
82 41  -1  2 -1  0  0 -9 
82 71  -1  0  0 -9 
82 75  -1  2  0 -9 
82 76  -1  0  0 -9 
82 77   1  1  0 -9 
82 78   1  1  0 -9 
82 79  -1  0  0 -9 
82 80   1 -1  0 -9 
82 81   1 -1  0 -9 
82 82  -1 -2  0 -9 
83 83   1  8  0 -9 
84 83   1  7  0 -9 
84 84  -1  6  0 -9 
85 85   1  8  0 -9 
86  0   1  7  0 -9 
86 85   1  7  0 -9 
86 86  -1  6  0 -9 
87  0   1  5  0 -9 
87  1  -1  4  0 -9 
87 83   1  6  0 -9 
87 84  -1  5  0 -9 
87 86  -1  4  0 -9 
87 88   1  3  0 -9 
88  0   1  6  0 -9 
88  1  -1  5  0 -9 
88 84  -1  4  0 -9 
88 85   1  6  0 -9 
88 86  -1  5  0 -9 
88 87   1  3  0 -9 
89 89   1  8  0 -9 
90 12   1  7  0 -9 
90 83   1  7  0 -9 
90 89   1  7  0 -9 
90 90  -1  6  0 -9 
91 89   1  7  0 -9 
91 91  -1  6  0 -9 
92 12   1  6  0 -9 
92 83   1  6  0 -9 
92 84  -1  5  0 -9 
92 89   1  6  0 -9 
92 90  -1  5  0 -9 
92 91  -1  5  0 -9 
92 93   1  3  0 -9 
93 83   1  5  0 -9 
93 84  -1  4  0 -9 
93 89   1  5  0 -9 
93 90  -1  4  0 -9 
93 91  -1  4  0 -9 
93 92   1  3  0 -9 
94  4   1  5  0 -9 
94  5  -1  4  0 -9 
94  8  -1  4  0 -9 
94 12   1  5  0 -9 
94 13  -1  4  0 -9 
94 83   1  5  0 -9 
94 84  -1  4  0 -9 
94 85  -1  4  0 -9 
94 89   1  5  0 -9 
94 90  -1  4  0 -9 
94 91  -1  4  0 -9 
94 95   1  3  0 -9 
95  4   1  6  0 -9 
95  5  -1  5  0 -9 
95  8   1  7  0 -9 
95 12   1  6  0 -9 
95 13  -1  5  0 -9 
95 83   1  6  0 -9 
95 84  -1  5  0 -9 
95 85   1  7  0 -9 
95 89   1  6  0 -9 
95 90  -1  5  0 -9 
95 91  -1  5  0 -9 
95 94   1  3  0 -9 
96  4   1  4  0 -9 
96  5  -1  3  0 -9 
96  8  -1  3  0 -9 
96 13  -1  3  0 -9 
96 14   1  2  0 -9 
96 15  -1  1  0 -9 
96 83   1  4  0 -9 
96 84  -1  3  0 -9 
96 85  -1  3  0 -9 
96 89   1  4  0 -9 
96 90  -1  3  0 -9 
96 91  -1  3  0 -9 
96 92   1  2  0 -9 
96 93  -1  1  0 -9 
96 94  -1  1  0 -9 
96 95   1  2  0 -9 
96 96   1  0  0 -9 
97 16   1  6  0 -9 
97 17  -1  5  0 -9 
97 91  -1  4  0 -9 
97 98   1  3  0 -9 
98 17  -1  4  0 -9 
98 89   1  6  0 -9 
98 91  -1  5  0 -9 
98 97   1  3  0 -9 
99 99   1  8  0 -9 
100 24   1  7  0 -9 
100 83   1  7  0 -9 
100 99   1  7  0 -9 
100 100  -1  6  0 -9 
101 24   1  5  0 -9 
101 25  -1  4  0 -9 
101 83   1  5  0 -9 
101 84  -1  4  0 -9 
101 100  -1  4  0 -9 
101 102   1  3  0 -9 
102 24   1  6  0 -9 
102 25  -1  5  0 -9 
102 83   1  6  0 -9 
102 84  -1  5  0 -9 
102 99   1  6  0 -9 
102 100  -1  5  0 -9 
102 101   1  3  0 -9 
103 103   1  8  0 -9 
104 103   1  7  0 -9 
104 104  -1  6  0 -9 
105 83   1  6  0 -9 
105 84  -1  5  0 -9 
105 104  -1  4  0 -9 
105 106   1  3  0 -9 
106 84  -1  4  0 -9 
106 103   1  6  0 -9 
106 104  -1  5  0 -9 
106 105   1  3  0 -9 
107 99   1  7  0 -9 
107 107  -1  6  0 -9 
108 25  -1  3  0 -9 
108 26   1  5  0 -9 
108 27  -1  4  0 -9 
108 28   1  2  0 -9 
108 29  -1  1  0 -9 
108 84  -1  3  0 -9 
108 99  -1  4  0 -9 
108 101  -1  1  0 -9 
108 102   1  2  0 -9 
108 103   1  5  0 -9 
108 104  -1  4  0 -9 
108 105   1  2  0 -9 
108 106  -1  1  0 -9 
108 107   1  3  0 -9 
108 108   1  0  0 -9 
109 109   1  8  0 -9 
110 36   1  7  0 -9 
110 109   1  7  0 -9 
110 110  -1  6  0 -9 
111 109   1  7  0 -9 
111 111  -1  6  0 -9 
112 36   1  6  0 -9 
112 109   1  6  0 -9 
112 110  -1  5  0 -9 
112 111  -1  5  0 -9 
112 113   1  3  0 -9 
113 109   1  5  0 -9 
113 110  -1  4  0 -9 
113 111  -1  4  0 -9 
113 112   1  3  0 -9 
114 26   1  5  0 -9 
114 27  -1  4  0 -9 
114 36   1  5  0 -9 
114 37  -1  4  0 -9 
114 99  -1  4  0 -9 
114 109   1  5  0 -9 
114 110  -1  4  0 -9 
114 111  -1  4  0 -9 
114 115   1  3  0 -9 
115 26   1  6  0 -9 
115 27  -1  5  0 -9 
115 36   1  6  0 -9 
115 37  -1  5  0 -9 
115 99   1  7  0 -9 
115 109   1  6  0 -9 
115 110  -1  5  0 -9 
115 111  -1  5  0 -9 
115 114   1  3  0 -9 
116 26   1  4  0 -9 
116 27  -1  3  0 -9 
116 37  -1  3  0 -9 
116 38   1  2  0 -9 
116 39  -1  1  0 -9 
116 99  -1  3  0 -9 
116 109   1  4  0 -9 
116 110  -1  3  0 -9 
116 111  -1  3  0 -9 
116 112   1  2  0 -9 
116 113  -1  1  0 -9 
116 114  -1  1  0 -9 
116 115   1  2  0 -9 
116 116   1  0  0 -9 
117 117   1  8  0 -9 
118 117   1  7  0 -9 
118 118  -1  6  0 -9 
119 117   1  7  0 -9 
119 119  -1  6  0 -9 
120 117   1  6  0 -9 
120 118  -1  5  0 -9 
120 119  -1  5  0 -9 
120 121   1  3  0 -9 
121 117   1  5  0 -9 
121 118  -1  4  0 -9 
121 119  -1  4  0 -9 
121 120   1  3  0 -9 
122 107  -1  4  0 -9 
122 109   1  6  0 -9 
122 111  -1  5  0 -9 
122 118  -1  4  0 -9 
122 123   1  3  0 -9 
123 99   1  6  0 -9 
123 107  -1  5  0 -9 
123 111  -1  4  0 -9 
123 117   1  6  0 -9 
123 118  -1  5  0 -9 
123 122   1  3  0 -9 
124 26   1  6  1  4  0 -9 
124 27  -1  5 -1  3 -1  1  0 -9 
124 37  -1  3  0 -9 
124 38   1  2  0 -9 
124 39  -1  1  0 -9 
124 99  -1  3  0 -9 
124 107   1  2  0 -9 
124 111  -1  3  0 -9 
124 114  -1  1  0 -9 
124 115   1  2  0 -9 
124 117   1  5  0 -9 
124 118  -1  4  0 -9 
124 122   1  2  0 -9 
124 123  -1  1  0 -9 
124 124   1  0  0 -9 
125 26   1  3  0 -9 
125 27  -1  2 -1  0  0 -9 
125 37  -1  2  0 -9 
125 38   1  1  0 -9 
125 39  -1  0  0 -9 
125 99  -1  2  0 -9 
125 107   1  1  0 -9 
125 113  -1  0  0 -9 
125 114  -1  0  0 -9 
125 115   1  1  0 -9 
125 116   1 -1  0 -9 
125 117   1  4  0 -9 
125 118  -1  3  0 -9 
125 119  -1  3  0 -9 
125 120   1  2  0 -9 
125 121   1 -1  0 -9 
125 123  -1  0  0 -9 
125 124   1 -1  0 -9 
125 125  -1 -2  0 -9 
126 126   1  8  0 -9 
127  8  -1  4  0 -9 
127 12   1  5  0 -9 
127 30   1  5  0 -9 
127 31  -1  4  0 -9 
127 40   1  5  0 -9 
127 41  -1  4  0 -9 
127 42  -1  4  0 -9 
127 83   1  5  0 -9 
127 84  -1  4  0 -9 
127 89   1  5  0 -9 
127 90  -1  4  0 -9 
127 91  -1  4  0 -9 
127 103  -1  4  0 -9 
127 117   1  5  0 -9 
127 118  -1  4  0 -9 
127 119  -1  4  0 -9 
127 126  -1  4  0 -9 
127 128   1  3  0 -9 
128  8   1  7  0 -9 
128 12   1  6  0 -9 
128 30   1  6  0 -9 
128 31  -1  5  0 -9 
128 40   1  6  0 -9 
128 41  -1  5  0 -9 
128 42  -1  5  0 -9 
128 83   1  6  0 -9 
128 84  -1  5  0 -9 
128 89   1  6  0 -9 
128 90  -1  5  0 -9 
128 91  -1  5  0 -9 
128 103   1  7  0 -9 
128 117   1  6  0 -9 
128 118  -1  5  0 -9 
128 119  -1  5  0 -9 
128 126   1  7  0 -9 
128 127   1  3  0 -9 
129  8  -1  3  0 -9 
129 30   1  4  0 -9 
129 31  -1  3  0 -9 
129 40   1  4  0 -9 
129 41  -1  3  0 -9 
129 42  -1  3  0 -9 
129 43   1  2  0 -9 
129 44  -1  1  0 -9 
129 83   1  4  0 -9 
129 84  -1  3  0 -9 
129 89   1  4  0 -9 
129 90  -1  3  0 -9 
129 91  -1  3  0 -9 
129 92   1  2  0 -9 
129 93  -1  1  0 -9 
129 103  -1  3  0 -9 
129 117   1  4  0 -9 
129 118  -1  3  0 -9 
129 119  -1  3  0 -9 
129 120   1  2  0 -9 
129 121  -1  1  0 -9 
129 126  -1  3  0 -9 
129 127  -1  1  0 -9 
129 128   1  2  0 -9 
129 129   1  0  0 -9 
130 126   1  7  0 -9 
130 130  -1  6  0 -9 
131 34  -1  4  0 -9 
131 89   1  6  0 -9 
131 91  -1  5  0 -9 
131 130  -1  4  0 -9 
131 132   1  3  0 -9 
132  8   1  6  0 -9 
132 34  -1  5  0 -9 
132 91  -1  4  0 -9 
132 126   1  6  0 -9 
132 130  -1  5  0 -9 
132 131   1  3  0 -9 
133  8  -1  3  0 -9 
133 30   1  6  1  4  0 -9 
133 31  -1  5 -1  3 -1  1  0 -9 
133 34   1  2  0 -9 
133 40   1  6  1  4  0 -9 
133 41  -1  5 -1  3 -1  1  0 -9 
133 42  -1  3  0 -9 
133 43   1  2  0 -9 
133 44  -1  1  0 -9 
133 84  -1  3  0 -9 
133 91  -1  3  0 -9 
133 103  -1  3  0 -9 
133 104   1  2  0 -9 
133 105   1  2  0 -9 
133 106  -1  1  0 -9 
133 117   1  6  1  4  0 -9 
133 118  -1  5 -1  3 -1  1  0 -9 
133 119  -1  3  0 -9 
133 120   1  2  0 -9 
133 121  -1  1  0 -9 
133 126  -1  3  0 -9 
133 127  -1  1  0 -9 
133 128   1  2  0 -9 
133 130   1  2  0 -9 
133 131   1  2  0 -9 
133 132  -1  1  0 -9 
133 133   1  0  0 -9 
134  8  -1  2  0 -9 
134 30   1  3  0 -9 
134 31  -1  2 -1  0  0 -9 
134 34   1  1  0 -9 
134 40   1  3  0 -9 
134 41  -1  2 -1  0  0 -9 
134 42  -1  2  0 -9 
134 43   1  1  0 -9 
134 44  -1  0  0 -9 
134 93  -1  0  0 -9 
134 103  -1  2  0 -9 
134 104   1  1  0 -9 
134 106  -1  0  0 -9 
134 117   1  3  0 -9 
134 118  -1  2 -1  0  0 -9 
134 119  -1  2  0 -9 
134 120   1  1  0 -9 
134 121  -1  0  0 -9 
134 126  -1  2  0 -9 
134 127  -1  0  0 -9 
134 128   1  1  0 -9 
134 129   1 -1  0 -9 
134 130   1  1  0 -9 
134 132  -1  0  0 -9 
134 133   1 -1  0 -9 
134 134  -1 -2  0 -9 
135 126   1  7  0 -9 
135 135  -1  6  0 -9 
136 40   1  6  0 -9 
136 41  -1  5  0 -9 
136 135  -1  4  0 -9 
136 137   1  3  0 -9 
137 41  -1  4  0 -9 
137 126   1  6  0 -9 
137 135  -1  5  0 -9 
137 136   1  3  0 -9 
138 126   1  6  0 -9 
138 130  -1  5  0 -9 
138 135  -1  5  0 -9 
138 139   1  3  0 -9 
139 126   1  5  0 -9 
139 130  -1  4  0 -9 
139 135  -1  4  0 -9 
139 138   1  3  0 -9 
140 40   1  5  0 -9 
140 41  -1  4  0 -9 
140 135  -1  3  0 -9 
140 136  -1  1  0 -9 
140 137   1  2  0 -9 
140 138   1  2  0 -9 
140 139  -1  1  0 -9 
140 140   1  0  0 -9 
141 17  -1  3  0 -9 
141 18  -1  3  0 -9 
141 21  -1  1  0 -9 
141 22   1  2  0 -9 
141 34  -1  3  0 -9 
141 40   1  5  0 -9 
141 41  -1  4  1  2  0 -9 
141 45   1  2  0 -9 
141 46  -1  1  0 -9 
141 89   1  5  0 -9 
141 91  -1  4  1  2  0 -9 
141 97   1  2  0 -9 
141 98  -1  1  0 -9 
141 130  -1  3  0 -9 
141 131  -1  1  0 -9 
141 132   1  2  0 -9 
141 135  -1  3  0 -9 
141 136  -1  1  0 -9 
141 137   1  2  0 -9 
141 138   1  2  0 -9 
141 139  -1  1  0 -9 
141 141   1  0  0 -9 
142 18  -1  2  0 -9 
142 21  -1  0  0 -9 
142 22   1  1  0 -9 
142 40   1  4  0 -9 
142 41  -1  3  0 -9 
142 45   1  1  0 -9 
142 46  -1  0  0 -9 
142 47   1 -1  0 -9 
142 91   1  1  0 -9 
142 98  -1  0  0 -9 
142 131  -1  0  0 -9 
142 135  -1  2  0 -9 
142 136  -1  0  0 -9 
142 137   1  1  0 -9 
142 138   1  1  0 -9 
142 139  -1  0  0 -9 
142 140   1 -1  0 -9 
142 141   1 -1  0 -9 
142 142  -1 -2  0 -9 
143 143   1  8  0 -9 
144 143   1  7  0 -9 
144 144  -1  6  0 -9 
145 145   1  8  0 -9 
146 145   1  7  0 -9 
146 146  -1  6  0 -9 
147 143   1  6  0 -9 
147 144  -1  5  0 -9 
147 146  -1  4  0 -9 
147 148   1  3  0 -9 
148 144  -1  4  0 -9 
148 145   1  6  0 -9 
148 146  -1  5  0 -9 
148 147   1  3  0 -9 
149 149   1  8  0 -9 
150 143   1  7  0 -9 
150 149   1  7  0 -9 
150 150  -1  6  0 -9 
151 143   1  5  0 -9 
151 144  -1  4  0 -9 
151 150  -1  4  0 -9 
151 152   1  3  0 -9 
152 143   1  6  0 -9 
152 144  -1  5  0 -9 
152 149   1  6  0 -9 
152 150  -1  5  0 -9 
152 151   1  3  0 -9 
153 153   1  8  0 -9 
154 83   1  7  0 -9 
154 153   1  7  0 -9 
154 154  -1  6  0 -9 
155 83   1  5  0 -9 
155 84  -1  4  0 -9 
155 154  -1  4  0 -9 
155 156   1  3  0 -9 
156 83   1  6  0 -9 
156 84  -1  5  0 -9 
156 153   1  6  0 -9 
156 154  -1  5  0 -9 
156 155   1  3  0 -9 
157  8   1  7  0 -9 
157 85   1  7  0 -9 
157 149   1  7  0 -9 
157 157  -1  6  0 -9 
158  1  -1  3  0 -9 
158  3  -1  3  0 -9 
158  4   1  5  0 -9 
158  5  -1  4  0 -9 
158  6   1  2  0 -9 
158  7  -1  1  0 -9 
158  8  -1  4  0 -9 
158 10  -1  1  0 -9 
158 11   1  2  0 -9 
158 83   1  5  0 -9 
158 84  -1  4  1  2  0 -9 
158 85  -1  4  0 -9 
158 87  -1  1  0 -9 
158 88   1  2  0 -9 
158 144  -1  3  0 -9 
158 145   1  5  0 -9 
158 146  -1  4  0 -9 
158 147   1  2  0 -9 
158 148  -1  1  0 -9 
158 149  -1  4  0 -9 
158 151  -1  1  0 -9 
158 152   1  2  0 -9 
158 153   1  5  0 -9 
158 154  -1  4  0 -9 
158 155   1  2  0 -9 
158 156  -1  1  0 -9 
158 157   1  3  0 -9 
158 158   1  0  0 -9 
159 159   1  8  0 -9 
160 159   1  7  0 -9 
160 160  -1  6  0 -9 
161 159   1  7  0 -9 
161 161  -1  6  0 -9 
162 159   1  6  0 -9 
162 160  -1  5  0 -9 
162 161  -1  5  0 -9 
162 163   1  3  0 -9 
163 159   1  5  0 -9 
163 160  -1  4  0 -9 
163 161  -1  4  0 -9 
163 162   1  3  0 -9 
164 149  -1  4  0 -9 
164 159   1  5  0 -9 
164 160  -1  4  0 -9 
164 161  -1  4  0 -9 
164 165   1  3  0 -9 
165 149   1  7  0 -9 
165 159   1  6  0 -9 
165 160  -1  5  0 -9 
165 161  -1  5  0 -9 
165 164   1  3  0 -9 
166 149  -1  3  0 -9 
166 159   1  4  0 -9 
166 160  -1  3  0 -9 
166 161  -1  3  0 -9 
166 162   1  2  0 -9 
166 163  -1  1  0 -9 
166 164  -1  1  0 -9 
166 165   1  2  0 -9 
166 166   1  0  0 -9 
167 167   1  8  0 -9 
168 167   1  7  0 -9 
168 168  -1  6  0 -9 
169 167   1  7  0 -9 
169 169  -1  6  0 -9 
170 167   1  6  0 -9 
170 168  -1  5  0 -9 
170 169  -1  5  0 -9 
170 171   1  3  0 -9 
171 167   1  5  0 -9 
171 168  -1  4  0 -9 
171 169  -1  4  0 -9 
171 170   1  3  0 -9 
172 83   1  6  0 -9 
172 84  -1  5  0 -9 
172 89   1  6  0 -9 
172 91  -1  5  0 -9 
172 157  -1  4  0 -9 
172 159   1  6  0 -9 
172 161  -1  5  0 -9 
172 168  -1  4  0 -9 
172 173   1  3  0 -9 
173  8   1  6  0 -9 
173 84  -1  4  0 -9 
173 85   1  6  0 -9 
173 91  -1  4  0 -9 
173 149   1  6  0 -9 
173 157  -1  5  0 -9 
173 161  -1  4  0 -9 
173 167   1  6  0 -9 
173 168  -1  5  0 -9 
173 172   1  3  0 -9 
174  4   1  6  1  4  0 -9 
174  5  -1  5 -1  3 -1  1  0 -9 
174  8  -1  3  0 -9 
174 13  -1  3  0 -9 
174 14   1  2  0 -9 
174 15  -1  1  0 -9 
174 84  -1  3  0 -9 
174 85  -1  3  0 -9 
174 91  -1  3  0 -9 
174 94  -1  1  0 -9 
174 95   1  2  0 -9 
174 149  -1  3  0 -9 
174 157   1  2  0 -9 
174 161  -1  3  0 -9 
174 164  -1  1  0 -9 
174 165   1  2  0 -9 
174 167   1  5  0 -9 
174 168  -1  4  0 -9 
174 172   1  2  0 -9 
174 173  -1  1  0 -9 
174 174   1  0  0 -9 
175  4   1  3  0 -9 
175  5  -1  2 -1  0  0 -9 
175  8  -1  2  0 -9 
175 13  -1  2  0 -9 
175 14   1  1  0 -9 
175 15  -1  0  0 -9 
175 85  -1  2  0 -9 
175 93  -1  0  0 -9 
175 94  -1  0  0 -9 
175 95   1  1  0 -9 
175 96   1 -1  0 -9 
175 149  -1  2  0 -9 
175 157   1  1  0 -9 
175 163  -1  0  0 -9 
175 164  -1  0  0 -9 
175 165   1  1  0 -9 
175 166   1 -1  0 -9 
175 167   1  4  0 -9 
175 168  -1  3  0 -9 
175 169  -1  3  0 -9 
175 170   1  2  0 -9 
175 171   1 -1  0 -9 
175 173  -1  0  0 -9 
175 174   1 -1  0 -9 
175 175  -1 -2  0 -9 
176 176   1  8  0 -9 
177 153  -1  4  0 -9 
177 167   1  5  0 -9 
177 168  -1  4  0 -9 
177 169  -1  4  0 -9 
177 176  -1  4  0 -9 
177 178   1  3  0 -9 
178 153   1  7  0 -9 
178 167   1  6  0 -9 
178 168  -1  5  0 -9 
178 169  -1  5  0 -9 
178 176   1  7  0 -9 
178 177   1  3  0 -9 
179 153  -1  3  0 -9 
179 167   1  4  0 -9 
179 168  -1  3  0 -9 
179 169  -1  3  0 -9 
179 170   1  2  0 -9 
179 171  -1  1  0 -9 
179 176  -1  3  0 -9 
179 177  -1  1  0 -9 
179 178   1  2  0 -9 
179 179   1  0  0 -9 
180 89   1  7  0 -9 
180 176   1  7  0 -9 
180 180  -1  6  0 -9 
181  8  -1  4  0 -9 
181 89   1  5  0 -9 
181 91  -1  4  0 -9 
181 180  -1  4  0 -9 
181 182   1  3  0 -9 
182  8   1  7  0 -9 
182 89   1  6  0 -9 
182 91  -1  5  0 -9 
182 176   1  6  0 -9 
182 180  -1  5  0 -9 
182 181   1  3  0 -9 
183  2   1  6  1  4  0 -9 
183  3  -1  3  0 -9 
183  8   1  6  1  2  0 -9 
183  9  -1  5 -1  3 -1  1  0 -9 
183 10  -1  1  0 -9 
183 11   1  2  0 -9 
183 12  -1  3  0 -9 
183 16   1  6  1  4  0 -9 
183 17  -1  5 -1  3 -1  1  0 -9 
183 18  -1  3  0 -9 
183 19   1  2  0 -9 
183 20  -1  1  0 -9 
183 21  -1  1  0 -9 
183 22   1  2  0 -9 
183 83  -1  3  0 -9 
183 84  -1  4  1  2  0 -9 
183 89  -1  3  0 -9 
183 90   1  2  0 -9 
183 91  -1  4  1  2  0 -9 
183 92  -1  1  0 -9 
183 93   1  2  0 -9 
183 153  -1  3  0 -9 
183 154   1  2  0 -9 
183 155   1  2  0 -9 
183 156  -1  1  0 -9 
183 167   1  6  1  4  0 -9 
183 168  -1  5 -1  3 -1  1  0 -9 
183 169  -1  3  0 -9 
183 170   1  2  0 -9 
183 171  -1  1  0 -9 
183 176  -1  3  0 -9 
183 177  -1  1  0 -9 
183 178   1  2  0 -9 
183 180   1  2  0 -9 
183 181   1  2  0 -9 
183 182  -1  1  0 -9 
183 183   1  0  0 -9 
184  2   1  3  0 -9 
184  3  -1  2  0 -9 
184  8   1  1  0 -9 
184  9  -1  2 -1  0  0 -9 
184 10  -1  0  0 -9 
184 11   1  1  0 -9 
184 12  -1  2  0 -9 
184 16   1  3  0 -9 
184 17  -1  2 -1  0  0 -9 
184 18  -1  2  0 -9 
184 19   1  1  0 -9 
184 20  -1  0  0 -9 
184 21  -1  0  0 -9 
184 22   1  1  0 -9 
184 23   1 -1  0 -9 
184 83  -1  2  0 -9 
184 84   1  1  0 -9 
184 89  -1  2  0 -9 
184 90   1  1  0 -9 
184 91   1  1  0 -9 
184 92  -1  0  0 -9 
184 153  -1  2  0 -9 
184 154   1  1  0 -9 
184 156  -1  0  0 -9 
184 167   1  3  0 -9 
184 168  -1  2 -1  0  0 -9 
184 169  -1  2  0 -9 
184 170   1  1  0 -9 
184 171  -1  0  0 -9 
184 176  -1  2  0 -9 
184 177  -1  0  0 -9 
184 178   1  1  0 -9 
184 179   1 -1  0 -9 
184 180   1  1  0 -9 
184 182  -1  0  0 -9 
184 183   1 -1  0 -9 
184 184  -1 -2  0 -9 
185 176   1  7  0 -9 
185 185  -1  6  0 -9 
186 185  -1  4  0 -9 
186 187   1  3  0 -9 
187 176   1  6  0 -9 
187 185  -1  5  0 -9 
187 186   1  3  0 -9 
188 89   1  6  0 -9 
188 91  -1  5  0 -9 
188 176   1  6  0 -9 
188 180  -1  5  0 -9 
188 185  -1  5  0 -9 
188 189   1  3  0 -9 
189 89   1  5  0 -9 
189 91  -1  4  0 -9 
189 176   1  5  0 -9 
189 180  -1  4  0 -9 
189 185  -1  4  0 -9 
189 188   1  3  0 -9 
190 16   1  5  0 -9 
190 17  -1  4  0 -9 
190 91  -1  3  0 -9 
190 97  -1  1  0 -9 
190 98   1  2  0 -9 
190 185  -1  3  0 -9 
190 186  -1  1  0 -9 
190 187   1  2  0 -9 
190 188   1  2  0 -9 
190 189  -1  1  0 -9 
190 190   1  0  0 -9 
191  8  -1  3  0 -9 
191 89   1  4  0 -9 
191 91  -1  3  0 -9 
191 180  -1  3  0 -9 
191 181  -1  1  0 -9 
191 182   1  2  0 -9 
191 185  -1  3  0 -9 
191 186  -1  1  0 -9 
191 187   1  2  0 -9 
191 188   1  2  0 -9 
191 189  -1  1  0 -9 
191 191   1  0  0 -9 
192 16   1  4  0 -9 
192 17  -1  3  0 -9 
192 18  -1  3  0 -9 
192 21   1 -1  0 -9 
192 22   1  2  0 -9 
192 97  -1  0  0 -9 
192 181  -1  0  0 -9 
192 185  -1  2  0 -9 
192 186  -1  0  0 -9 
192 187   1  1  0 -9 
192 188   1  1  0 -9 
192 189  -1  0  0 -9 
192 190   1 -1  0 -9 
192 191   1 -1  0 -9 
192 192  -1 -2  0 -9 
193 193   1  8  0 -9 
194 117   1  5  0 -9 
194 118  -1  4  0 -9 
194 119  -1  4  0 -9 
194 193  -1  4  0 -9 
194 195   1  3  0 -9 
195 117   1  6  0 -9 
195 118  -1  5  0 -9 
195 119  -1  5  0 -9 
195 193   1  7  0 -9 
195 194   1  3  0 -9 
196 117   1  4  0 -9 
196 118  -1  3  0 -9 
196 119  -1  3  0 -9 
196 120   1  2  0 -9 
196 121  -1  1  0 -9 
196 193  -1  3  0 -9 
196 194  -1  1  0 -9 
196 195   1  2  0 -9 
196 196   1  0  0 -9 
197  8   1  7  0 -9 
197 109   1  7  0 -9 
197 149   1  7  0 -9 
197 193   1  7  0 -9 
197 197  -1  6  0 -9 
198 109   1  5  0 -9 
198 111  -1  4  0 -9 
198 197  -1  4  0 -9 
198 199   1  3  0 -9 
199  8   1  6  0 -9 
199 109   1  6  0 -9 
199 111  -1  5  0 -9 
199 149   1  6  0 -9 
199 193   1  6  0 -9 
199 197  -1  5  0 -9 
199 198   1  3  0 -9 
200  8  -1  3  0 -9 
200 36  -1  3  0 -9 
200 49   1  6  1  4  0 -9 
200 50  -1  5 -1  3 -1  1  0 -9 
200 51  -1  3  0 -9 
200 52   1  2  0 -9 
200 53  -1  1  0 -9 
200 54  -1  1  0 -9 
200 55   1  2  0 -9 
200 109  -1  3  0 -9 
200 110   1  2  0 -9 
200 111  -1  4  1  2  0 -9 
200 112  -1  1  0 -9 
200 113   1  2  0 -9 
200 117   1  6  1  4  0 -9 
200 118  -1  5 -1  3 -1  1  0 -9 
200 119  -1  3  0 -9 
200 120   1  2  0 -9 
200 121  -1  1  0 -9 
200 149  -1  3  0 -9 
200 159   1  6  1  4  0 -9 
200 160  -1  5 -1  3 -1  1  0 -9 
200 161  -1  3  0 -9 
200 162   1  2  0 -9 
200 163  -1  1  0 -9 
200 164  -1  1  0 -9 
200 165   1  2  0 -9 
200 193  -1  3  0 -9 
200 194  -1  1  0 -9 
200 195   1  2  0 -9 
200 197   1  2  0 -9 
200 198   1  2  0 -9 
200 199  -1  1  0 -9 
200 200   1  0  0 -9 
201  8  -1  2  0 -9 
201 36  -1  2  0 -9 
201 49   1  3  0 -9 
201 50  -1  2 -1  0  0 -9 
201 51  -1  2  0 -9 
201 52   1  1  0 -9 
201 53  -1  0  0 -9 
201 54  -1  0  0 -9 
201 55   1  1  0 -9 
201 56   1 -1  0 -9 
201 109  -1  2  0 -9 
201 110   1  1  0 -9 
201 111   1  1  0 -9 
201 112  -1  0  0 -9 
201 117   1  3  0 -9 
201 118  -1  2 -1  0  0 -9 
201 119  -1  2  0 -9 
201 120   1  1  0 -9 
201 121  -1  0  0 -9 
201 149  -1  2  0 -9 
201 159   1  3  0 -9 
201 160  -1  2 -1  0  0 -9 
201 161  -1  2  0 -9 
201 162   1  1  0 -9 
201 163  -1  0  0 -9 
201 164  -1  0  0 -9 
201 165   1  1  0 -9 
201 166   1 -1  0 -9 
201 193  -1  2  0 -9 
201 194  -1  0  0 -9 
201 195   1  1  0 -9 
201 196   1 -1  0 -9 
201 197   1  1  0 -9 
201 199  -1  0  0 -9 
201 200   1 -1  0 -9 
201 201  -1 -2  0 -9 
202 66  -1  4  0 -9 
202 126   1  5  0 -9 
202 130  -1  4  0 -9 
202 135  -1  4  0 -9 
202 176  -1  4  0 -9 
202 203   1  3  0 -9 
203 66   1  7  0 -9 
203 126   1  6  0 -9 
203 130  -1  5  0 -9 
203 135  -1  5  0 -9 
203 176   1  7  0 -9 
203 202   1  3  0 -9 
204 66  -1  3  0 -9 
204 126   1  4  0 -9 
204 130  -1  3  0 -9 
204 135  -1  3  0 -9 
204 138   1  2  0 -9 
204 139  -1  1  0 -9 
204 176  -1  3  0 -9 
204 202  -1  1  0 -9 
204 203   1  2  0 -9 
204 204   1  0  0 -9 
205 40   1  4  0 -9 
205 41  -1  3  0 -9 
205 75  -1  3  0 -9 
205 76   1 -1  0 -9 
205 77   1  2  0 -9 
205 136  -1  0  0 -9 
205 138   1  1  0 -9 
205 139  -1  0  0 -9 
205 140   1 -1  0 -9 
205 185  -1  3  0 -9 
205 186   1 -1  0 -9 
205 187   1  2  0 -9 
205 202  -1  0  0 -9 
205 204   1 -1  0 -9 
205 205  -1 -2  0 -9 
206 206   1  8  0 -9 
207 85   1  7  0 -9 
207 206   1  7  0 -9 
207 207  -1  6  0 -9 
208  0   1  6  0 -9 
208  1  -1  5  0 -9 
208 85   1  6  0 -9 
208 86  -1  5  0 -9 
208 206   1  6  0 -9 
208 207  -1  5  0 -9 
208 209   1  3  0 -9 
209  0   1  5  0 -9 
209  1  -1  4  0 -9 
209 85   1  5  0 -9 
209 86  -1  4  0 -9 
209 207  -1  4  0 -9 
209 208   1  3  0 -9 
210 210   1  8  0 -9 
211 206   1  7  0 -9 
211 210   1  7  0 -9 
211 211  -1  6  0 -9 
212 210   1  7  0 -9 
212 212  -1  6  0 -9 
213 84  -1  4  0 -9 
213 206   1  6  0 -9 
213 210   1  6  0 -9 
213 211  -1  5  0 -9 
213 212  -1  5  0 -9 
213 214   1  3  0 -9 
214 83   1  6  0 -9 
214 84  -1  5  0 -9 
214 210   1  5  0 -9 
214 211  -1  4  0 -9 
214 212  -1  4  0 -9 
214 213   1  3  0 -9 
215 206   1  5  0 -9 
215 207  -1  4  0 -9 
215 210   1  5  0 -9 
215 211  -1  4  0 -9 
215 212  -1  4  0 -9 
215 216   1  3  0 -9 
216 85   1  6  0 -9 
216 206   1  6  0 -9 
216 207  -1  5  0 -9 
216 210   1  6  0 -9 
216 211  -1  5  0 -9 
216 212  -1  5  0 -9 
216 215   1  3  0 -9 
217  0   1  4  0 -9 
217  1  -1  3  0 -9 
217 83   1  5  0 -9 
217 84  -1  4  1  2  0 -9 
217 86  -1  3  0 -9 
217 87  -1  1  0 -9 
217 88   1  2  0 -9 
217 207  -1  3  0 -9 
217 208   1  2  0 -9 
217 209  -1  1  0 -9 
217 210   1  4  0 -9 
217 211  -1  3  0 -9 
217 212  -1  3  0 -9 
217 213   1  2  0 -9 
217 214  -1  1  0 -9 
217 215  -1  1  0 -9 
217 216   1  2  0 -9 
217 217   1  0  0 -9 
218 218   1  8  0 -9 
219 218   1  7  0 -9 
219 219  -1  6  0 -9 
220 99   1  7  0 -9 
220 218   1  7  0 -9 
220 220  -1  6  0 -9 
221 24   1  6  0 -9 
221 25  -1  5  0 -9 
221 36   1  7  0 -9 
221 83   1  6  0 -9 
221 84  -1  5  0 -9 
221 99   1  6  0 -9 
221 100  -1  5  0 -9 
221 206   1  7  0 -9 
221 218   1  6  0 -9 
221 219  -1  5  0 -9 
221 220  -1  5  0 -9 
221 222   1  3  0 -9 
222 24   1  5  0 -9 
222 25  -1  4  0 -9 
222 36  -1  4  0 -9 
222 83   1  5  0 -9 
222 84  -1  4  0 -9 
222 99   1  5  0 -9 
222 100  -1  4  0 -9 
222 206  -1  4  0 -9 
222 218   1  5  0 -9 
222 219  -1  4  0 -9 
222 220  -1  4  0 -9 
222 221   1  3  0 -9 
223 218   1  5  0 -9 
223 219  -1  4  0 -9 
223 220  -1  4  0 -9 
223 224   1  3  0 -9 
224 99   1  6  0 -9 
224 218   1  6  0 -9 
224 219  -1  5  0 -9 
224 220  -1  5  0 -9 
224 223   1  3  0 -9 
225 24   1  4  0 -9 
225 25  -1  3  0 -9 
225 36  -1  3  0 -9 
225 83   1  4  0 -9 
225 84  -1  3  0 -9 
225 100  -1  3  0 -9 
225 101  -1  1  0 -9 
225 102   1  2  0 -9 
225 206  -1  3  0 -9 
225 218   1  4  0 -9 
225 219  -1  3  0 -9 
225 220  -1  3  0 -9 
225 221   1  2  0 -9 
225 222  -1  1  0 -9 
225 223  -1  1  0 -9 
225 224   1  2  0 -9 
225 225   1  0  0 -9 
226 226   1  8  0 -9 
227 226   1  7  0 -9 
227 227  -1  6  0 -9 
228 103   1  7  0 -9 
228 206   1  7  0 -9 
228 226   1  7  0 -9 
228 228  -1  6  0 -9 
229 103   1  6  0 -9 
229 104  -1  5  0 -9 
229 206   1  6  0 -9 
229 226   1  6  0 -9 
229 227  -1  5  0 -9 
229 228  -1  5  0 -9 
229 230   1  3  0 -9 
230 103   1  5  0 -9 
230 104  -1  4  0 -9 
230 226   1  5  0 -9 
230 227  -1  4  0 -9 
230 228  -1  4  0 -9 
230 229   1  3  0 -9 
231 99   1  6  0 -9 
231 107  -1  5  0 -9 
231 218   1  6  0 -9 
231 220  -1  5  0 -9 
231 227  -1  4  0 -9 
231 232   1  3  0 -9 
232 99   1  5  0 -9 
232 107  -1  4  0 -9 
232 220  -1  4  0 -9 
232 226   1  6  0 -9 
232 227  -1  5  0 -9 
232 231   1  3  0 -9 
233 220  -1  3  0 -9 
233 223  -1  1  0 -9 
233 224   1  2  0 -9 
233 226   1  5  0 -9 
233 227  -1  4  0 -9 
233 231   1  2  0 -9 
233 232  -1  1  0 -9 
233 233   1  0  0 -9 
234 26   1  4  0 -9 
234 27  -1  3  0 -9 
234 29  -1  0  0 -9 
234 37  -1  3  0 -9 
234 38   1  2  0 -9 
234 39   1 -1  0 -9 
234 99  -1  3  0 -9 
234 101  -1  0  0 -9 
234 102   1  1  0 -9 
234 103   1  4  0 -9 
234 104  -1  3  0 -9 
234 106  -1  0  0 -9 
234 107   1  2  0 -9 
234 108   1 -1  0 -9 
234 222  -1  0  0 -9 
234 223  -1  0  0 -9 
234 224   1  1  0 -9 
234 225   1 -1  0 -9 
234 226   1  4  0 -9 
234 227  -1  3  0 -9 
234 228  -1  3  0 -9 
234 229   1  2  0 -9 
234 230   1 -1  0 -9 
234 232  -1  0  0 -9 
234 233   1 -1  0 -9 
234 234  -1 -2  0 -9 
235 235   1  8  0 -9 
236 206   1  5  0 -9 
236 210   1  5  0 -9 
236 211  -1  4  0 -9 
236 212  -1  4  0 -9 
236 226   1  5  0 -9 
236 227  -1  4  0 -9 
236 228  -1  4  0 -9 
236 235  -1  4  0 -9 
236 237   1  3  0 -9 
237 103   1  6  0 -9 
237 206   1  6  0 -9 
237 210   1  6  0 -9 
237 211  -1  5  0 -9 
237 212  -1  5  0 -9 
237 226   1  6  0 -9 
237 227  -1  5  0 -9 
237 228  -1  5  0 -9 
237 235   1  7  0 -9 
237 236   1  3  0 -9 
238 83   1  5  0 -9 
238 84  -1  4  1  2  0 -9 
238 104  -1  3  0 -9 
238 105  -1  1  0 -9 
238 106   1  2  0 -9 
238 210   1  4  0 -9 
238 211  -1  3  0 -9 
238 212  -1  3  0 -9 
238 213   1  2  0 -9 
238 214  -1  1  0 -9 
238 226   1  4  0 -9 
238 227  -1  3  0 -9 
238 228  -1  3  0 -9 
238 229   1  2  0 -9 
238 230  -1  1  0 -9 
238 235  -1  3  0 -9 
238 236  -1  1  0 -9 
238 237   1  2  0 -9 
238 238   1  0  0 -9 
239 235   1  7  0 -9 
239 239  -1  6  0 -9 
240 210   1  6  0 -9 
240 212  -1  5  0 -9 
240 239  -1  4  0 -9 
240 241   1  3  0 -9 
241 212  -1  4  0 -9 
241 235   1  6  0 -9 
241 239  -1  5  0 -9 
241 240   1  3  0 -9 
242 212  -1  3  0 -9 
242 226   1  6  1  4  0 -9 
242 227  -1  5 -1  3 -1  1  0 -9 
242 228  -1  3  0 -9 
242 229   1  2  0 -9 
242 230  -1  1  0 -9 
242 235  -1  3  0 -9 
242 236  -1  1  0 -9 
242 237   1  2  0 -9 
242 239   1  2  0 -9 
242 240   1  2  0 -9 
242 241  -1  1  0 -9 
242 242   1  0  0 -9 
243 84   1  1  0 -9 
243 105  -1  0  0 -9 
243 214  -1  0  0 -9 
243 226   1  3  0 -9 
243 227  -1  2 -1  0  0 -9 
243 228  -1  2  0 -9 
243 229   1  1  0 -9 
243 230  -1  0  0 -9 
243 235  -1  2  0 -9 
243 236  -1  0  0 -9 
243 237   1  1  0 -9 
243 238   1 -1  0 -9 
243 239   1  1  0 -9 
243 241  -1  0  0 -9 
243 242   1 -1  0 -9 
243 243  -1 -2  0 -9 
244 111  -1  4  0 -9 
244 212  -1  4  0 -9 
244 218   1  6  0 -9 
244 219  -1  5  0 -9 
244 245   1  3  0 -9 
245 109   1  6  0 -9 
245 111  -1  5  0 -9 
245 210   1  6  0 -9 
245 212  -1  5  0 -9 
245 219  -1  4  0 -9 
245 244   1  3  0 -9 
246 235   1  7  0 -9 
246 246  -1  6  0 -9 
247 119  -1  4  0 -9 
247 226   1  6  0 -9 
247 227  -1  5  0 -9 
247 246  -1  4  0 -9 
247 248   1  3  0 -9 
248 117   1  6  0 -9 
248 119  -1  5  0 -9 
248 227  -1  4  0 -9 
248 235   1  6  0 -9 
248 246  -1  5  0 -9 
248 247   1  3  0 -9 
249 235   1  6  0 -9 
249 239  -1  5  0 -9 
249 246  -1  5  0 -9 
249 250   1  3  0 -9 
250 235   1  5  0 -9 
250 239  -1  4  0 -9 
250 246  -1  4  0 -9 
250 249   1  3  0 -9 
251 119  -1  3  0 -9 
251 120   1  2  0 -9 
251 121  -1  1  0 -9 
251 226   1  5  0 -9 
251 227  -1  4  0 -9 
251 246  -1  3  0 -9 
251 247  -1  1  0 -9 
251 248   1  2  0 -9 
251 249   1  2  0 -9 
251 250  -1  1  0 -9 
251 251   1  0  0 -9 
252 107  -1  3  0 -9 
252 109   1  5  0 -9 
252 111  -1  4  1  2  0 -9 
252 118  -1  3  0 -9 
252 119  -1  3  0 -9 
252 120   1  2  0 -9 
252 121  -1  1  0 -9 
252 122  -1  1  0 -9 
252 123   1  2  0 -9 
252 210   1  5  0 -9 
252 212  -1  4  1  2  0 -9 
252 219  -1  3  0 -9 
252 220  -1  3  0 -9 
252 223  -1  1  0 -9 
252 224   1  2  0 -9 
252 226   1  5  0 -9 
252 227  -1  4  1  2  0 -9 
252 231   1  2  0 -9 
252 232  -1  1  0 -9 
252 239  -1  3  0 -9 
252 240  -1  1  0 -9 
252 241   1  2  0 -9 
252 244   1  2  0 -9 
252 245  -1  1  0 -9 
252 246  -1  3  0 -9 
252 247  -1  1  0 -9 
252 248   1  2  0 -9 
252 249   1  2  0 -9 
252 250  -1  1  0 -9 
252 252   1  0  0 -9 
253 111   1  1  0 -9 
253 119  -1  2  0 -9 
253 120   1  1  0 -9 
253 121  -1  0  0 -9 
253 122  -1  0  0 -9 
253 212   1  1  0 -9 
253 220  -1  2  0 -9 
253 223  -1  0  0 -9 
253 224   1  1  0 -9 
253 226   1  4  0 -9 
253 227  -1  3  0 -9 
253 231   1  1  0 -9 
253 232  -1  0  0 -9 
253 233   1 -1  0 -9 
253 240  -1  0  0 -9 
253 245  -1  0  0 -9 
253 246  -1  2  0 -9 
253 247  -1  0  0 -9 
253 248   1  1  0 -9 
253 249   1  1  0 -9 
253 250  -1  0  0 -9 
253 251   1 -1  0 -9 
253 252   1 -1  0 -9 
253 253  -1 -2  0 -9 
254 254   1  8  0 -9 
255 145   1  7  0 -9 
255 254   1  7  0 -9 
255 255  -1  6  0 -9 
256 145   1  6  0 -9 
256 146  -1  5  0 -9 
256 254   1  6  0 -9 
256 255  -1  5  0 -9 
256 257   1  3  0 -9 
257 145   1  5  0 -9 
257 146  -1  4  0 -9 
257 255  -1  4  0 -9 
257 256   1  3  0 -9 
258 258   1  8  0 -9 
259 258   1  7  0 -9 
259 259  -1  6  0 -9 
260 149   1  7  0 -9 
260 258   1  7  0 -9 
260 260  -1  6  0 -9 
261 143   1  6  0 -9 
261 144  -1  5  0 -9 
261 149   1  6  0 -9 
261 150  -1  5  0 -9 
261 254   1  7  0 -9 
261 258   1  6  0 -9 
261 259  -1  5  0 -9 
261 260  -1  5  0 -9 
261 262   1  3  0 -9 
262 143   1  5  0 -9 
262 144  -1  4  0 -9 
262 149   1  5  0 -9 
262 150  -1  4  0 -9 
262 254  -1  4  0 -9 
262 258   1  5  0 -9 
262 259  -1  4  0 -9 
262 260  -1  4  0 -9 
262 261   1  3  0 -9 
263 258   1  5  0 -9 
263 259  -1  4  0 -9 
263 260  -1  4  0 -9 
263 264   1  3  0 -9 
264 149   1  6  0 -9 
264 258   1  6  0 -9 
264 259  -1  5  0 -9 
264 260  -1  5  0 -9 
264 263   1  3  0 -9 
265 143   1  4  0 -9 
265 144  -1  3  0 -9 
265 150  -1  3  0 -9 
265 151  -1  1  0 -9 
265 152   1  2  0 -9 
265 254  -1  3  0 -9 
265 258   1  4  0 -9 
265 259  -1  3  0 -9 
265 260  -1  3  0 -9 
265 261   1  2  0 -9 
265 262  -1  1  0 -9 
265 263  -1  1  0 -9 
265 264   1  2  0 -9 
265 265   1  0  0 -9 
266 266   1  8  0 -9 
267 266   1  7  0 -9 
267 267  -1  6  0 -9 
268 153   1  7  0 -9 
268 266   1  7  0 -9 
268 268  -1  6  0 -9 
269 83   1  6  0 -9 
269 84  -1  5  0 -9 
269 153   1  6  0 -9 
269 154  -1  5  0 -9 
269 206   1  7  0 -9 
269 266   1  6  0 -9 
269 267  -1  5  0 -9 
269 268  -1  5  0 -9 
269 270   1  3  0 -9 
270 83   1  5  0 -9 
270 84  -1  4  0 -9 
270 153   1  5  0 -9 
270 154  -1  4  0 -9 
270 206  -1  4  0 -9 
270 266   1  5  0 -9 
270 267  -1  4  0 -9 
270 268  -1  4  0 -9 
270 269   1  3  0 -9 
271  8   1  6  0 -9 
271 16   1  6  0 -9 
271 18  -1  5  0 -9 
271 85   1  6  0 -9 
271 149   1  6  0 -9 
271 157  -1  5  0 -9 
271 206   1  6  0 -9 
271 207  -1  5  0 -9 
271 210   1  6  0 -9 
271 212  -1  5  0 -9 
271 258   1  6  0 -9 
271 260  -1  5  0 -9 
271 267  -1  4  0 -9 
271 272   1  3  0 -9 
272  8   1  5  0 -9 
272 18  -1  4  0 -9 
272 85   1  5  0 -9 
272 149   1  5  0 -9 
272 157  -1  4  0 -9 
272 207  -1  4  0 -9 
272 212  -1  4  0 -9 
272 260  -1  4  0 -9 
272 266   1  6  0 -9 
272 267  -1  5  0 -9 
272 271   1  3  0 -9 
273 18  -1  3  0 -9 
273 21  -1  1  0 -9 
273 22   1  2  0 -9 
273 207  -1  3  0 -9 
273 212  -1  3  0 -9 
273 215  -1  1  0 -9 
273 216   1  2  0 -9 
273 260  -1  3  0 -9 
273 263  -1  1  0 -9 
273 264   1  2  0 -9 
273 266   1  5  0 -9 
273 267  -1  4  0 -9 
273 271   1  2  0 -9 
273 272  -1  1  0 -9 
273 273   1  0  0 -9 
274  4   1  4  0 -9 
274  5  -1  3  0 -9 
274  7  -1  0  0 -9 
274  8  -1  3  0 -9 
274 10  -1  0  0 -9 
274 11   1  1  0 -9 
274 13  -1  3  0 -9 
274 14   1  2  0 -9 
274 15   1 -1  0 -9 
274 20  -1  0  0 -9 
274 21  -1  0  0 -9 
274 22   1  1  0 -9 
274 23   1 -1  0 -9 
274 83   1  4  0 -9 
274 84  -1  3  1  1  0 -9 
274 85  -1  3  0 -9 
274 87  -1  0  0 -9 
274 88   1  1  0 -9 
274 145   1  4  0 -9 
274 146  -1  3  0 -9 
274 148  -1  0  0 -9 
274 149  -1  3  0 -9 
274 151  -1  0  0 -9 
274 152   1  1  0 -9 
274 153   1  4  0 -9 
274 154  -1  3  0 -9 
274 156  -1  0  0 -9 
274 157   1  2  0 -9 
274 158   1 -1  0 -9 
274 206  -1  3  0 -9 
274 209  -1  0  0 -9 
274 214  -1  0  0 -9 
274 215  -1  0  0 -9 
274 216   1  1  0 -9 
274 217   1 -1  0 -9 
274 255  -1  3  0 -9 
274 256   1  2  0 -9 
274 257   1 -1  0 -9 
274 262  -1  0  0 -9 
274 263  -1  0  0 -9 
274 264   1  1  0 -9 
274 265   1 -1  0 -9 
274 266   1  4  0 -9 
274 267  -1  3  0 -9 
274 268  -1  3  0 -9 
274 269   1  2  0 -9 
274 270   1 -1  0 -9 
274 272  -1  0  0 -9 
274 273   1 -1  0 -9 
274 274  -1 -2  0 -9 
275 275   1  8  0 -9 
276 266   1  5  0 -9 
276 267  -1  4  0 -9 
276 268  -1  4  0 -9 
276 275  -1  4  0 -9 
276 277   1  3  0 -9 
277 153   1  6  0 -9 
277 266   1  6  0 -9 
277 267  -1  5  0 -9 
277 268  -1  5  0 -9 
277 275   1  7  0 -9 
277 276   1  3  0 -9 
278 83   1  4  0 -9 
278 84  -1  3  0 -9 
278 154  -1  3  0 -9 
278 155  -1  1  0 -9 
278 156   1  2  0 -9 
278 206  -1  3  0 -9 
278 266   1  4  0 -9 
278 267  -1  3  0 -9 
278 268  -1  3  0 -9 
278 269   1  2  0 -9 
278 270  -1  1  0 -9 
278 275  -1  3  0 -9 
278 276  -1  1  0 -9 
278 277   1  2  0 -9 
278 278   1  0  0 -9 
279 210   1  7  0 -9 
279 275   1  7  0 -9 
279 279  -1  6  0 -9 
280 210   1  5  0 -9 
280 212  -1  4  0 -9 
280 279  -1  4  0 -9 
280 281   1  3  0 -9 
281 210   1  6  0 -9 
281 212  -1  5  0 -9 
281 275   1  6  0 -9 
281 279  -1  5  0 -9 
281 280   1  3  0 -9 
282 84  -1  3  0 -9 
282 206  -1  3  0 -9 
282 210  -1  3  0 -9 
282 211   1  2  0 -9 
282 212  -1  4  1  2  0 -9 
282 213  -1  1  0 -9 
282 214   1  2  0 -9 
282 266   1  6  1  4  0 -9 
282 267  -1  5 -1  3 -1  1  0 -9 
282 268  -1  3  0 -9 
282 269   1  2  0 -9 
282 270  -1  1  0 -9 
282 275  -1  3  0 -9 
282 276  -1  1  0 -9 
282 277   1  2  0 -9 
282 279   1  2  0 -9 
282 280   1  2  0 -9 
282 281  -1  1  0 -9 
282 282   1  0  0 -9 
283 155  -1  0  0 -9 
283 206  -1  2  0 -9 
283 210  -1  2  0 -9 
283 211   1  1  0 -9 
283 212   1  1  0 -9 
283 213  -1  0  0 -9 
283 266   1  3  0 -9 
283 267  -1  2 -1  0  0 -9 
283 268  -1  2  0 -9 
283 269   1  1  0 -9 
283 270  -1  0  0 -9 
283 275  -1  2  0 -9 
283 276  -1  0  0 -9 
283 277   1  1  0 -9 
283 278   1 -1  0 -9 
283 279   1  1  0 -9 
283 281  -1  0  0 -9 
283 282   1 -1  0 -9 
283 283  -1 -2  0 -9 
284 193   1  7  0 -9 
284 226   1  7  0 -9 
284 275   1  7  0 -9 
284 284  -1  6  0 -9 
285 226   1  5  0 -9 
285 227  -1  4  0 -9 
285 284  -1  4  0 -9 
285 286   1  3  0 -9 
286 193   1  6  0 -9 
286 226   1  6  0 -9 
286 227  -1  5  0 -9 
286 275   1  6  0 -9 
286 284  -1  5  0 -9 
286 285   1  3  0 -9 
287  8   1  6  0 -9 
287 16   1  6  0 -9 
287 17  -1  5  0 -9 
287 18  -1  5  0 -9 
287 109   1  6  0 -9 
287 111  -1  5  0 -9 
287 149   1  6  0 -9 
287 193   1  6  0 -9 
287 197  -1  5  0 -9 
287 210   1  6  0 -9 
287 212  -1  5  0 -9 
287 218   1  7  0 -9 
287 226   1  6  0 -9 
287 227  -1  5  0 -9 
287 258   1  6  0 -9 
287 259  -1  5  0 -9 
287 260  -1  5  0 -9 
287 275   1  6  0 -9 
287 279  -1  5  0 -9 
287 284  -1  5  0 -9 
287 288   1  3  0 -9 
288  8   1  5  0 -9 
288 16   1  5  0 -9 
288 17  -1  4  0 -9 
288 18  -1  4  0 -9 
288 109   1  5  0 -9 
288 111  -1  4  0 -9 
288 149   1  5  0 -9 
288 193   1  5  0 -9 
288 197  -1  4  0 -9 
288 210   1  5  0 -9 
288 212  -1  4  0 -9 
288 218  -1  4  0 -9 
288 226   1  5  0 -9 
288 227  -1  4  0 -9 
288 258   1  5  0 -9 
288 259  -1  4  0 -9 
288 260  -1  4  0 -9 
288 275   1  5  0 -9 
288 279  -1  4  0 -9 
288 284  -1  4  0 -9 
288 287   1  3  0 -9 
289 16   1  6  1  4  0 -9 
289 17  -1  5 -1  3 -1  1  0 -9 
289 18  -1  3  0 -9 
289 21  -1  1  0 -9 
289 22   1  2  0 -9 
289 111  -1  3  0 -9 
289 212  -1  3  0 -9 
289 218  -1  3  0 -9 
289 219   1  2  0 -9 
289 226   1  6  1  4  0 -9 
289 227  -1  5 -1  3 -1  1  0 -9 
289 244  -1  1  0 -9 
289 245   1  2  0 -9 
289 258   1  6  1  4  0 -9 
289 259  -1  5 -1  3 -1  1  0 -9 
289 260  -1  3  0 -9 
289 263  -1  1  0 -9 
289 264   1  2  0 -9 
289 284  -1  3  0 -9 
289 285  -1  1  0 -9 
289 286   1  2  0 -9 
289 287   1  2  0 -9 
289 288  -1  1  0 -9 
289 289   1  0  0 -9 
290 16   1  4  0 -9 
290 17  -1  3  0 -9 
290 18  -1  3  0 -9 
290 21  -1  1  0 -9 
290 22   1  2  0 -9 
290 109   1  4  0 -9 
290 111  -1  3  0 -9 
290 197  -1  3  0 -9 
290 198  -1  1  0 -9 
290 199   1  2  0 -9 
290 210   1  4  0 -9 
290 212  -1  3  0 -9 
290 218  -1  3  0 -9 
290 226   1  4  0 -9 
290 227  -1  3  0 -9 
290 258   1  4  0 -9 
290 259  -1  3  0 -9 
290 260  -1  3  0 -9 
290 263  -1  1  0 -9 
290 264   1  2  0 -9 
290 279  -1  3  0 -9 
290 280  -1  1  0 -9 
290 281   1  2  0 -9 
290 284  -1  3  0 -9 
290 285  -1  1  0 -9 
290 286   1  2  0 -9 
290 287   1  2  0 -9 
290 288  -1  1  0 -9 
290 290   1  0  0 -9 
291 16   1  3  0 -9 
291 17  -1  2 -1  0  0 -9 
291 18  -1  2  0 -9 
291 21  -1  0  0 -9 
291 22   1  1  0 -9 
291 198  -1  0  0 -9 
291 218  -1  2  0 -9 
291 219   1  1  0 -9 
291 226   1  3  0 -9 
291 227  -1  2 -1  0  0 -9 
291 244  -1  0  0 -9 
291 258   1  3  0 -9 
291 259  -1  2 -1  0  0 -9 
291 260  -1  2  0 -9 
291 263  -1  0  0 -9 
291 264   1  1  0 -9 
291 280  -1  0  0 -9 
291 284  -1  2  0 -9 
291 285  -1  0  0 -9 
291 286   1  1  0 -9 
291 287   1  1  0 -9 
291 288  -1  0  0 -9 
291 289   1 -1  0 -9 
291 290   1 -1  0 -9 
291 291  -1 -2  0 -9 
292 235   1  5  0 -9 
292 239  -1  4  0 -9 
292 246  -1  4  0 -9 
292 275  -1  4  0 -9 
292 293   1  3  0 -9 
293 235   1  6  0 -9 
293 239  -1  5  0 -9 
293 246  -1  5  0 -9 
293 275   1  7  0 -9 
293 292   1  3  0 -9 
294 235   1  4  0 -9 
294 239  -1  3  0 -9 
294 246  -1  3  0 -9 
294 249   1  2  0 -9 
294 250  -1  1  0 -9 
294 275  -1  3  0 -9 
294 292  -1  1  0 -9 
294 293   1  2  0 -9 
294 294   1  0  0 -9 
295 120   1  1  0 -9 
295 121  -1  0  0 -9 
295 194  -1  0  0 -9 
295 196   1 -1  0 -9 
295 226   1  4  0 -9 
295 227  -1  3  0 -9 
295 247  -1  0  0 -9 
295 249   1  1  0 -9 
295 250  -1  0  0 -9 
295 251   1 -1  0 -9 
295 284  -1  3  0 -9 
295 285   1 -1  0 -9 
295 286   1  2  0 -9 
295 292  -1  0  0 -9 
295 294   1 -1  0 -9 
295 295  -1 -2  0 -9 
296 296   1  8  0 -9 
297 254   1  7  0 -9 
297 296   1  7  0 -9 
297 297  -1  6  0 -9 
298 296   1  7  0 -9 
298 298  -1  6  0 -9 
299 144  -1  4  0 -9 
299 254   1  6  0 -9 
299 296   1  6  0 -9 
299 297  -1  5  0 -9 
299 298  -1  5  0 -9 
299 300   1  3  0 -9 
300 143   1  6  0 -9 
300 144  -1  5  0 -9 
300 296   1  5  0 -9 
300 297  -1  4  0 -9 
300 298  -1  4  0 -9 
300 299   1  3  0 -9 
301 254   1  5  0 -9 
301 255  -1  4  0 -9 
301 296   1  5  0 -9 
301 297  -1  4  0 -9 
301 298  -1  4  0 -9 
301 302   1  3  0 -9 
302 145   1  6  0 -9 
302 254   1  6  0 -9 
302 255  -1  5  0 -9 
302 296   1  6  0 -9 
302 297  -1  5  0 -9 
302 298  -1  5  0 -9 
302 301   1  3  0 -9 
303 143   1  5  0 -9 
303 144  -1  4  1  2  0 -9 
303 146  -1  3  0 -9 
303 147  -1  1  0 -9 
303 148   1  2  0 -9 
303 255  -1  3  0 -9 
303 256   1  2  0 -9 
303 257  -1  1  0 -9 
303 296   1  4  0 -9 
303 297  -1  3  0 -9 
303 298  -1  3  0 -9 
303 299   1  2  0 -9 
303 300  -1  1  0 -9 
303 301  -1  1  0 -9 
303 302   1  2  0 -9 
303 303   1  0  0 -9 
304 304   1  8  0 -9 
305 304   1  7  0 -9 
305 305  -1  6  0 -9 
306 304   1  7  0 -9 
306 306  -1  6  0 -9 
307 304   1  6  0 -9 
307 305  -1  5  0 -9 
307 306  -1  5  0 -9 
307 308   1  3  0 -9 
308 304   1  5  0 -9 
308 305  -1  4  0 -9 
308 306  -1  4  0 -9 
308 307   1  3  0 -9 
309 296   1  6  0 -9 
309 298  -1  5  0 -9 
309 305  -1  4  0 -9 
309 310   1  3  0 -9 
310 298  -1  4  0 -9 
310 304   1  6  0 -9 
310 305  -1  5  0 -9 
310 309   1  3  0 -9 
311 255  -1  3  0 -9 
311 256   1  2  0 -9 
311 257  -1  1  0 -9 
311 298  -1  3  0 -9 
311 301  -1  1  0 -9 
311 302   1  2  0 -9 
311 304   1  5  0 -9 
311 305  -1  4  0 -9 
311 309   1  2  0 -9 
311 310  -1  1  0 -9 
311 311   1  0  0 -9 
312 144   1  1  0 -9 
312 147  -1  0  0 -9 
312 255  -1  2  0 -9 
312 256   1  1  0 -9 
312 257  -1  0  0 -9 
312 300  -1  0  0 -9 
312 301  -1  0  0 -9 
312 302   1  1  0 -9 
312 303   1 -1  0 -9 
312 304   1  4  0 -9 
312 305  -1  3  0 -9 
312 306  -1  3  0 -9 
312 307   1  2  0 -9 
312 308   1 -1  0 -9 
312 310  -1  0  0 -9 
312 311   1 -1  0 -9 
312 312  -1 -2  0 -9 
313 161  -1  4  0 -9 
313 258   1  6  0 -9 
313 259  -1  5  0 -9 
313 298  -1  4  0 -9 
313 314   1  3  0 -9 
314 159   1  6  0 -9 
314 161  -1  5  0 -9 
314 259  -1  4  0 -9 
314 296   1  6  0 -9 
314 298  -1  5  0 -9 
314 313   1  3  0 -9 
315 275   1  7  0 -9 
315 315  -1  6  0 -9 
316 169  -1  4  0 -9 
316 212  -1  4  0 -9 
316 266   1  6  0 -9 
316 267  -1  5  0 -9 
316 306  -1  4  0 -9 
316 315  -1  4  0 -9 
316 317   1  3  0 -9 
317 167   1  6  0 -9 
317 169  -1  5  0 -9 
317 210   1  6  0 -9 
317 212  -1  5  0 -9 
317 267  -1  4  0 -9 
317 275   1  6  0 -9 
317 304   1  6  0 -9 
317 306  -1  5  0 -9 
317 315  -1  5  0 -9 
317 316   1  3  0 -9 
318 210   1  6  0 -9 
318 212  -1  5  0 -9 
318 275   1  6  0 -9 
318 279  -1  5  0 -9 
318 315  -1  5  0 -9 
318 319   1  3  0 -9 
319 210   1  5  0 -9 
319 212  -1  4  0 -9 
319 275   1  5  0 -9 
319 279  -1  4  0 -9 
319 315  -1  4  0 -9 
319 318   1  3  0 -9 
320 169  -1  3  0 -9 
320 170   1  2  0 -9 
320 171  -1  1  0 -9 
320 212  -1  3  0 -9 
320 266   1  5  0 -9 
320 267  -1  4  0 -9 
320 306  -1  3  0 -9 
320 307   1  2  0 -9 
320 308  -1  1  0 -9 
320 315  -1  3  0 -9 
320 316  -1  1  0 -9 
320 317   1  2  0 -9 
320 318   1  2  0 -9 
320 319  -1  1  0 -9 
320 320   1  0  0 -9 
321 17  -1  3  0 -9 
321 18  -1  3  0 -9 
321 21  -1  1  0 -9 
321 22   1  2  0 -9 
321 83   1  5  0 -9 
321 84  -1  4  1  2  0 -9 
321 89   1  5  0 -9 
321 91  -1  4  1  2  0 -9 
321 97   1  2  0 -9 
321 98  -1  1  0 -9 
321 157  -1  3  0 -9 
321 159   1  5  0 -9 
321 161  -1  4  1  2  0 -9 
321 168  -1  3  0 -9 
321 169  -1  3  0 -9 
321 170   1  2  0 -9 
321 171  -1  1  0 -9 
321 172  -1  1  0 -9 
321 173   1  2  0 -9 
321 207  -1  3  0 -9 
321 210   1  6  1  4  0 -9 
321 211  -1  3  0 -9 
321 212  -1  5 -2  3 -1  1  0 -9 
321 213   1  2  0 -9 
321 214  -1  1  0 -9 
321 215  -1  1  0 -9 
321 216   1  2  0 -9 
321 259  -1  3  0 -9 
321 260  -1  3  0 -9 
321 263  -1  1  0 -9 
321 264   1  2  0 -9 
321 266   1  5  0 -9 
321 267  -1  4  1  2  0 -9 
321 271   1  2  0 -9 
321 272  -1  1  0 -9 
321 279  -1  3  0 -9 
321 280  -1  1  0 -9 
321 281   1  2  0 -9 
321 296   1  5  0 -9 
321 298  -1  4  1  2  0 -9 
321 305  -1  3  0 -9 
321 306  -1  3  0 -9 
321 307   1  2  0 -9 
321 308  -1  1  0 -9 
321 309  -1  1  0 -9 
321 310   1  2  0 -9 
321 313   1  2  0 -9 
321 314  -1  1  0 -9 
321 315  -1  3  0 -9 
321 316  -1  1  0 -9 
321 317   1  2  0 -9 
321 318   1  2  0 -9 
321 319  -1  1  0 -9 
321 321   1  0  0 -9 
322 18  -1  2  0 -9 
322 21  -1  0  0 -9 
322 22   1  1  0 -9 
322 84   1  1  0 -9 
322 91   1  1  0 -9 
322 98  -1  0  0 -9 
322 161   1  1  0 -9 
322 169  -1  2  0 -9 
322 170   1  1  0 -9 
322 171  -1  0  0 -9 
322 172  -1  0  0 -9 
322 207  -1  2  0 -9 
322 212  -1  2 -1  0  0 -9 
322 214  -1  0  0 -9 
322 215  -1  0  0 -9 
322 216   1  1  0 -9 
322 260  -1  2  0 -9 
322 263  -1  0  0 -9 
322 264   1  1  0 -9 
322 266   1  4  0 -9 
322 267  -1  3  0 -9 
322 271   1  1  0 -9 
322 272  -1  0  0 -9 
322 273   1 -1  0 -9 
322 280  -1  0  0 -9 
322 298   1  1  0 -9 
322 306  -1  2  0 -9 
322 307   1  1  0 -9 
322 308  -1  0  0 -9 
322 309  -1  0  0 -9 
322 314  -1  0  0 -9 
322 315  -1  2  0 -9 
322 316  -1  0  0 -9 
322 317   1  1  0 -9 
322 318   1  1  0 -9 
322 319  -1  0  0 -9 
322 320   1 -1  0 -9 
322 321   1 -1  0 -9 
322 322  -1 -2  0 -9 
323 323   1  8  0 -9 
324 304   1  5  0 -9 
324 305  -1  4  0 -9 
324 306  -1  4  0 -9 
324 323  -1  4  0 -9 
324 325   1  3  0 -9 
325 304   1  6  0 -9 
325 305  -1  5  0 -9 
325 306  -1  5  0 -9 
325 323   1  7  0 -9 
325 324   1  3  0 -9 
326 304   1  4  0 -9 
326 305  -1  3  0 -9 
326 306  -1  3  0 -9 
326 307   1  2  0 -9 
326 308  -1  1  0 -9 
326 323  -1  3  0 -9 
326 324  -1  1  0 -9 
326 325   1  2  0 -9 
326 326   1  0  0 -9 
327 296   1  7  0 -9 
327 323   1  7  0 -9 
327 327  -1  6  0 -9 
328 296   1  5  0 -9 
328 298  -1  4  0 -9 
328 327  -1  4  0 -9 
328 329   1  3  0 -9 
329 296   1  6  0 -9 
329 298  -1  5  0 -9 
329 323   1  6  0 -9 
329 327  -1  5  0 -9 
329 328   1  3  0 -9 
330 144  -1  3  0 -9 
330 254  -1  3  0 -9 
330 258   1  6  1  4  0 -9 
330 259  -1  5 -1  3 -1  1  0 -9 
330 260  -1  3  0 -9 
330 261   1  2  0 -9 
330 262  -1  1  0 -9 
330 263  -1  1  0 -9 
330 264   1  2  0 -9 
330 296  -1  3  0 -9 
330 297   1  2  0 -9 
330 298  -1  4  1  2  0 -9 
330 299  -1  1  0 -9 
330 300   1  2  0 -9 
330 304   1  6  1  4  0 -9 
330 305  -1  5 -1  3 -1  1  0 -9 
330 306  -1  3  0 -9 
330 307   1  2  0 -9 
330 308  -1  1  0 -9 
330 323  -1  3  0 -9 
330 324  -1  1  0 -9 
330 325   1  2  0 -9 
330 327   1  2  0 -9 
330 328   1  2  0 -9 
330 329  -1  1  0 -9 
330 330   1  0  0 -9 
331 151  -1  0  0 -9 
331 254  -1  2  0 -9 
331 258   1  3  0 -9 
331 259  -1  2 -1  0  0 -9 
331 260  -1  2  0 -9 
331 261   1  1  0 -9 
331 262  -1  0  0 -9 
331 263  -1  0  0 -9 
331 264   1  1  0 -9 
331 265   1 -1  0 -9 
331 296  -1  2  0 -9 
331 297   1  1  0 -9 
331 298   1  1  0 -9 
331 299  -1  0  0 -9 
331 304   1  3  0 -9 
331 305  -1  2 -1  0  0 -9 
331 306  -1  2  0 -9 
331 307   1  1  0 -9 
331 308  -1  0  0 -9 
331 323  -1  2  0 -9 
331 324  -1  0  0 -9 
331 325   1  1  0 -9 
331 326   1 -1  0 -9 
331 327   1  1  0 -9 
331 329  -1  0  0 -9 
331 330   1 -1  0 -9 
331 331  -1 -2  0 -9 
332 323   1  7  0 -9 
332 332  -1  6  0 -9 
333 332  -1  4  0 -9 
333 334   1  3  0 -9 
334 323   1  6  0 -9 
334 332  -1  5  0 -9 
334 333   1  3  0 -9 
335 296   1  6  0 -9 
335 298  -1  5  0 -9 
335 323   1  6  0 -9 
335 327  -1  5  0 -9 
335 332  -1  5  0 -9 
335 336   1  3  0 -9 
336 296   1  5  0 -9 
336 298  -1  4  0 -9 
336 323   1  5  0 -9 
336 327  -1  4  0 -9 
336 332  -1  4  0 -9 
336 335   1  3  0 -9 
337 161  -1  3  0 -9 
337 162   1  2  0 -9 
337 163  -1  1  0 -9 
337 258   1  5  0 -9 
337 259  -1  4  0 -9 
337 298  -1  3  0 -9 
337 313  -1  1  0 -9 
337 314   1  2  0 -9 
337 332  -1  3  0 -9 
337 333  -1  1  0 -9 
337 334   1  2  0 -9 
337 335   1  2  0 -9 
337 336  -1  1  0 -9 
337 337   1  0  0 -9 
338 296   1  4  0 -9 
338 298  -1  3  0 -9 
338 327  -1  3  0 -9 
338 328  -1  1  0 -9 
338 329   1  2  0 -9 
338 332  -1  3  0 -9 
338 333  -1  1  0 -9 
338 334   1  2  0 -9 
338 335   1  2  0 -9 
338 336  -1  1  0 -9 
338 338   1  0  0 -9 
339 162   1  1  0 -9 
339 163  -1  0  0 -9 
339 164  -1  0  0 -9 
339 166   1 -1  0 -9 
339 258   1  4  0 -9 
339 259  -1  3  0 -9 
339 260  -1  3  0 -9 
339 263   1 -1  0 -9 
339 264   1  2  0 -9 
339 313  -1  0  0 -9 
339 328  -1  0  0 -9 
339 332  -1  2  0 -9 
339 333  -1  0  0 -9 
339 334   1  1  0 -9 
339 335   1  1  0 -9 
339 336  -1  0  0 -9 
339 337   1 -1  0 -9 
339 338   1 -1  0 -9 
339 339  -1 -2  0 -9 
340 315  -1  4  0 -9 
340 341   1  3  0 -9 
341 275   1  6  0 -9 
341 315  -1  5  0 -9 
341 340   1  3  0 -9 
342 210   1  4  0 -9 
342 212  -1  3  0 -9 
342 279  -1  3  0 -9 
342 280  -1  1  0 -9 
342 281   1  2  0 -9 
342 315  -1  3  0 -9 
342 318   1  2  0 -9 
342 319  -1  1  0 -9 
342 340  -1  1  0 -9 
342 341   1  2  0 -9 
342 342   1  0  0 -9 
343 170   1  1  0 -9 
343 171  -1  0  0 -9 
343 177  -1  0  0 -9 
343 179   1 -1  0 -9 
343 185  -1  3  0 -9 
343 186   1 -1  0 -9 
343 187   1  2  0 -9 
343 266   1  4  0 -9 
343 267  -1  3  0 -9 
343 268  -1  3  0 -9 
343 275  -1  3  0 -9 
343 276   1 -1  0 -9 
343 277   1  2  0 -9 
343 280  -1  0  0 -9 
343 307   1  1  0 -9 
343 308  -1  0  0 -9 
343 316  -1  0  0 -9 
343 318   1  1  0 -9 
343 319  -1  0  0 -9 
343 320   1 -1  0 -9 
343 324  -1  0  0 -9 
343 326   1 -1  0 -9 
343 332  -1  3  0 -9 
343 333   1 -1  0 -9 
343 334   1  2  0 -9 
343 340  -1  0  0 -9 
343 342   1 -1  0 -9 
343 343  -1 -2  0 -9 
344 344   1  8  0 -9 
345 143   1  7  0 -9 
345 344   1  7  0 -9 
345 345  -1  6  0 -9 
346 344   1  7  0 -9 
346 346  -1  6  0 -9 
347 143   1  6  0 -9 
347 144  -1  5  0 -9 
347 344   1  6  0 -9 
347 345  -1  5  0 -9 
347 346  -1  5  0 -9 
347 348   1  3  0 -9 
348 143   1  5  0 -9 
348 144  -1  4  0 -9 
348 344   1  5  0 -9 
348 345  -1  4  0 -9 
348 346  -1  4  0 -9 
348 347   1  3  0 -9 
349 143   1  5  0 -9 
349 144  -1  4  0 -9 
349 145  -1  4  0 -9 
349 344   1  5  0 -9 
349 345  -1  4  0 -9 
349 346  -1  4  0 -9 
349 350   1  3  0 -9 
350 143   1  6  0 -9 
350 144  -1  5  0 -9 
350 145   1  7  0 -9 
350 344   1  6  0 -9 
350 345  -1  5  0 -9 
350 346  -1  5  0 -9 
350 349   1  3  0 -9 
351 143   1  4  0 -9 
351 144  -1  3  0 -9 
351 145  -1  3  0 -9 
351 344   1  4  0 -9 
351 345  -1  3  0 -9 
351 346  -1  3  0 -9 
351 347   1  2  0 -9 
351 348  -1  1  0 -9 
351 349  -1  1  0 -9 
351 350   1  2  0 -9 
351 351   1  0  0 -9 
352 352   1  8  0 -9 
353 83   1  7  0 -9 
353 352   1  7  0 -9 
353 353  -1  6  0 -9 
354 352   1  7  0 -9 
354 354  -1  6  0 -9 
355 83   1  6  0 -9 
355 84  -1  5  0 -9 
355 352   1  6  0 -9 
355 353  -1  5  0 -9 
355 354  -1  5  0 -9 
355 356   1  3  0 -9 
356 83   1  5  0 -9 
356 84  -1  4  0 -9 
356 352   1  5  0 -9 
356 353  -1  4  0 -9 
356 354  -1  4  0 -9 
356 355   1  3  0 -9 
357 83   1  5  0 -9 
357 84  -1  4  0 -9 
357 85  -1  4  0 -9 
357 210   1  6  0 -9 
357 212  -1  5  0 -9 
357 344   1  6  0 -9 
357 346  -1  5  0 -9 
357 353  -1  4  0 -9 
357 358   1  3  0 -9 
358 83   1  6  0 -9 
358 84  -1  5  0 -9 
358 85   1  7  0 -9 
358 212  -1  4  0 -9 
358 346  -1  4  0 -9 
358 352   1  6  0 -9 
358 353  -1  5  0 -9 
358 357   1  3  0 -9 
359  0   1  6  1  4  0 -9 
359  1  -1  3  0 -9 
359 83   1  5  0 -9 
359 84  -1  4  1  2  0 -9 
359 85   1  6  1  2  0 -9 
359 86  -1  5 -1  3 -1  1  0 -9 
359 87  -1  1  0 -9 
359 88   1  2  0 -9 
359 144  -1  3  0 -9 
359 145  -1  3  0 -9 
359 146   1  2  0 -9 
359 147   1  2  0 -9 
359 148  -1  1  0 -9 
359 207  -1  3  0 -9 
359 208   1  2  0 -9 
359 209  -1  1  0 -9 
359 212  -1  3  0 -9 
359 215  -1  1  0 -9 
359 216   1  2  0 -9 
359 346  -1  3  0 -9 
359 349  -1  1  0 -9 
359 350   1  2  0 -9 
359 352   1  5  0 -9 
359 353  -1  4  0 -9 
359 357   1  2  0 -9 
359 358  -1  1  0 -9 
359 359   1  0  0 -9 
360  0   1  3  0 -9 
360  1  -1  2  0 -9 
360 83   1  4  0 -9 
360 84  -1  3  1  1  0 -9 
360 85   1  1  0 -9 
360 86  -1  2 -1  0  0 -9 
360 87  -1  0  0 -9 
360 88   1  1  0 -9 
360 145  -1  2  0 -9 
360 146   1  1  0 -9 
360 148  -1  0  0 -9 
360 207  -1  2  0 -9 
360 208   1  1  0 -9 
360 209  -1  0  0 -9 
360 214  -1  0  0 -9 
360 215  -1  0  0 -9 
360 216   1  1  0 -9 
360 217   1 -1  0 -9 
360 348  -1  0  0 -9 
360 349  -1  0  0 -9 
360 350   1  1  0 -9 
360 351   1 -1  0 -9 
360 352   1  4  0 -9 
360 353  -1  3  0 -9 
360 354  -1  3  0 -9 
360 355   1  2  0 -9 
360 356   1 -1  0 -9 
360 358  -1  0  0 -9 
360 359   1 -1  0 -9 
360 360  -1 -2  0 -9 
361 346  -1  4  0 -9 
361 362   1  3  0 -9 
362 344   1  6  0 -9 
362 346  -1  5  0 -9 
362 361   1  3  0 -9 
363 363  -1  6  0 -9 
364 354  -1  4  0 -9 
364 363  -1  4  0 -9 
364 365   1  3  0 -9 
365 352   1  6  0 -9 
365 354  -1  5  0 -9 
365 363  -1  5  0 -9 
365 364   1  3  0 -9 
366 212  -1  4  0 -9 
366 363  -1  5  0 -9 
366 367   1  3  0 -9 
367 210   1  6  0 -9 
367 212  -1  5  0 -9 
367 363  -1  4  0 -9 
367 366   1  3  0 -9 
368 84  -1  3  0 -9 
368 206   1  5  0 -9 
368 210   1  5  0 -9 
368 211  -1  4  0 -9 
368 212  -1  4  1  2  0 -9 
368 213  -1  1  0 -9 
368 214   1  2  0 -9 
368 354  -1  3  0 -9 
368 355   1  2  0 -9 
368 356  -1  1  0 -9 
368 363  -1  3  0 -9 
368 364  -1  1  0 -9 
368 365   1  2  0 -9 
368 366   1  2  0 -9 
368 367  -1  1  0 -9 
368 368   1  0  0 -9 
369 83   1  4  0 -9 
369 84  -1  3  0 -9 
369 85  -1  3  0 -9 
369 210   1  5  0 -9 
369 212  -1  4  1  2  0 -9 
369 344   1  5  0 -9 
369 346  -1  4  1  2  0 -9 
369 353  -1  3  0 -9 
369 354  -1  3  0 -9 
369 355   1  2  0 -9 
369 356  -1  1  0 -9 
369 357  -1  1  0 -9 
369 358   1  2  0 -9 
369 361   1  2  0 -9 
369 362  -1  1  0 -9 
369 363  -1  3  0 -9 
369 364  -1  1  0 -9 
369 365   1  2  0 -9 
369 366   1  2  0 -9 
369 367  -1  1  0 -9 
369 369   1  0  0 -9 
370 206   1  4  0 -9 
370 207  -1  3  0 -9 
370 210   1  4  0 -9 
370 211  -1  3  0 -9 
370 212  -1  3  1  1  0 -9 
370 213  -1  0  0 -9 
370 215   1 -1  0 -9 
370 216   1  2  0 -9 
370 346   1  1  0 -9 
370 354  -1  2  0 -9 
370 355   1  1  0 -9 
370 356  -1  0  0 -9 
370 357  -1  0  0 -9 
370 362  -1  0  0 -9 
370 363  -1  2  0 -9 
370 364  -1  0  0 -9 
370 365   1  1  0 -9 
370 366   1  1  0 -9 
370 367  -1  0  0 -9 
370 368   1 -1  0 -9 
370 369   1 -1  0 -9 
370 370  -1 -2  0 -9 
371 371   1  8  0 -9 
372 83   1  5  0 -9 
372 84  -1  4  0 -9 
372 103  -1  4  0 -9 
372 117   1  5  0 -9 
372 118  -1  4  0 -9 
372 119  -1  4  0 -9 
372 352   1  5  0 -9 
372 353  -1  4  0 -9 
372 354  -1  4  0 -9 
372 371  -1  4  0 -9 
372 373   1  3  0 -9 
373 83   1  6  0 -9 
373 84  -1  5  0 -9 
373 103   1  7  0 -9 
373 117   1  6  0 -9 
373 118  -1  5  0 -9 
373 119  -1  5  0 -9 
373 352   1  6  0 -9 
373 353  -1  5  0 -9 
373 354  -1  5  0 -9 
373 371   1  7  0 -9 
373 372   1  3  0 -9 
374 83   1  4  0 -9 
374 84  -1  3  0 -9 
374 103  -1  3  0 -9 
374 117   1  4  0 -9 
374 118  -1  3  0 -9 
374 119  -1  3  0 -9 
374 120   1  2  0 -9 
374 121  -1  1  0 -9 
374 352   1  4  0 -9 
374 353  -1  3  0 -9 
374 354  -1  3  0 -9 
374 355   1  2  0 -9 
374 356  -1  1  0 -9 
374 371  -1  3  0 -9 
374 372  -1  1  0 -9 
374 373   1  2  0 -9 
374 374   1  0  0 -9 
375 109   1  7  0 -9 
375 210   1  7  0 -9 
375 344   1  7  0 -9 
375 371   1  7  0 -9 
375 375  -1  6  0 -9 
376 99  -1  4  0 -9 
376 109   1  5  0 -9 
376 111  -1  4  0 -9 
376 210   1  5  0 -9 
376 212  -1  4  0 -9 
376 344   1  5  0 -9 
376 346  -1  4  0 -9 
376 375  -1  4  0 -9 
376 377   1  3  0 -9 
377 99   1  7  0 -9 
377 109   1  6  0 -9 
377 111  -1  5  0 -9 
377 210   1  6  0 -9 
377 212  -1  5  0 -9 
377 344   1  6  0 -9 
377 346  -1  5  0 -9 
377 371   1  6  0 -9 
377 375  -1  5  0 -9 
377 376   1  3  0 -9 
378 24   1  6  1  4  0 -9 
378 25  -1  3  0 -9 
378 36  -1  3  0 -9 
378 83   2  6  1  4  1  2  0 -9 
378 84  -1  5 -2  3 -1  1  0 -9 
378 99   1  6  1  2  0 -9 
378 100  -1  5 -1  3 -1  1  0 -9 
378 101  -1  1  0 -9 
378 102   1  2  0 -9 
378 103  -1  3  0 -9 
378 104   1  2  0 -9 
378 105   1  2  0 -9 
378 106  -1  1  0 -9 
378 109  -1  3  0 -9 
378 110   1  2  0 -9 
378 111  -1  4  1  2  0 -9 
378 112  -1  1  0 -9 
378 113   1  2  0 -9 
378 117   1  6  1  4  0 -9 
378 118  -1  5 -1  3 -1  1  0 -9 
378 119  -1  3  0 -9 
378 120   1  2  0 -9 
378 121  -1  1  0 -9 
378 143  -1  3  0 -9 
378 144  -1  4  1  2  0 -9 
378 149  -1  3  0 -9 
378 150   1  2  0 -9 
378 151   1  2  0 -9 
378 152  -1  1  0 -9 
378 159   1  6  1  4  0 -9 
378 160  -1  5 -1  3 -1  1  0 -9 
378 161  -1  3  0 -9 
378 162   1  2  0 -9 
378 163  -1  1  0 -9 
378 164  -1  1  0 -9 
378 165   1  2  0 -9 
378 206  -1  3  0 -9 
378 210  -1  3  0 -9 
378 211   1  2  0 -9 
378 212  -1  4  1  2  0 -9 
378 213  -1  1  0 -9 
378 214   1  2  0 -9 
378 218   1  6  1  4  0 -9 
378 219  -1  5 -1  3 -1  1  0 -9 
378 220  -1  3  0 -9 
378 221   1  2  0 -9 
378 222  -1  1  0 -9 
378 223  -1  1  0 -9 
378 224   1  2  0 -9 
378 344  -1  3  0 -9 
378 345   1  2  0 -9 
378 346  -1  4  1  2  0 -9 
378 347  -1  1  0 -9 
378 348   1  2  0 -9 
378 352   1  6  1  4  0 -9 
378 353  -1  5 -1  3 -1  1  0 -9 
378 354  -1  3  0 -9 
378 355   1  2  0 -9 
378 356  -1  1  0 -9 
378 371  -1  3  0 -9 
378 372  -1  1  0 -9 
378 373   1  2  0 -9 
378 375   1  2  0 -9 
378 376   1  2  0 -9 
378 377  -1  1  0 -9 
378 378   1  0  0 -9 
379 24   1  3  0 -9 
379 25  -1  2  0 -9 
379 36  -1  2  0 -9 
379 83   1  3  1  1  0 -9 
379 84  -1  2 -1  0  0 -9 
379 99   1  1  0 -9 
379 100  -1  2 -1  0  0 -9 
379 101  -1  0  0 -9 
379 102   1  1  0 -9 
379 103  -1  2  0 -9 
379 104   1  1  0 -9 
379 106  -1  0  0 -9 
379 109  -1  2  0 -9 
379 110   1  1  0 -9 
379 111   1  1  0 -9 
379 112  -1  0  0 -9 
379 117   1  3  0 -9 
379 118  -1  2 -1  0  0 -9 
379 119  -1  2  0 -9 
379 120   1  1  0 -9 
379 121  -1  0  0 -9 
379 143  -1  2  0 -9 
379 144   1  1  0 -9 
379 149  -1  2  0 -9 
379 150   1  1  0 -9 
379 152  -1  0  0 -9 
379 159   1  3  0 -9 
379 160  -1  2 -1  0  0 -9 
379 161  -1  2  0 -9 
379 162   1  1  0 -9 
379 163  -1  0  0 -9 
379 164  -1  0  0 -9 
379 165   1  1  0 -9 
379 166   1 -1  0 -9 
379 206  -1  2  0 -9 
379 210  -1  2  0 -9 
379 211   1  1  0 -9 
379 212   1  1  0 -9 
379 213  -1  0  0 -9 
379 218   1  3  0 -9 
379 219  -1  2 -1  0  0 -9 
379 220  -1  2  0 -9 
379 221   1  1  0 -9 
379 222  -1  0  0 -9 
379 223  -1  0  0 -9 
379 224   1  1  0 -9 
379 225   1 -1  0 -9 
379 344  -1  2  0 -9 
379 345   1  1  0 -9 
379 346   1  1  0 -9 
379 347  -1  0  0 -9 
379 352   1  3  0 -9 
379 353  -1  2 -1  0  0 -9 
379 354  -1  2  0 -9 
379 355   1  1  0 -9 
379 356  -1  0  0 -9 
379 371  -1  2  0 -9 
379 372  -1  0  0 -9 
379 373   1  1  0 -9 
379 374   1 -1  0 -9 
379 375   1  1  0 -9 
379 377  -1  0  0 -9 
379 378   1 -1  0 -9 
379 379  -1 -2  0 -9 
380 371   1  7  0 -9 
380 380  -1  6  0 -9 
381 380  -1  4  0 -9 
381 382   1  3  0 -9 
382 371   1  6  0 -9 
382 380  -1  5  0 -9 
382 381   1  3  0 -9 
383 109   1  6  0 -9 
383 111  -1  5  0 -9 
383 210   1  6  0 -9 
383 212  -1  5  0 -9 
383 344   1  6  0 -9 
383 346  -1  5  0 -9 
383 371   1  6  0 -9 
383 375  -1  5  0 -9 
383 380  -1  5  0 -9 
383 384   1  3  0 -9 
384 109   1  5  0 -9 
384 111  -1  4  0 -9 
384 210   1  5  0 -9 
384 212  -1  4  0 -9 
384 344   1  5  0 -9 
384 346  -1  4  0 -9 
384 371   1  5  0 -9 
384 375  -1  4  0 -9 
384 380  -1  4  0 -9 
384 383   1  3  0 -9 
385 111  -1  3  0 -9 
385 212  -1  3  0 -9 
385 218   1  5  0 -9 
385 219  -1  4  0 -9 
385 244  -1  1  0 -9 
385 245   1  2  0 -9 
385 346  -1  3  0 -9 
385 361  -1  1  0 -9 
385 362   1  2  0 -9 
385 380  -1  3  0 -9 
385 381  -1  1  0 -9 
385 382   1  2  0 -9 
385 383   1  2  0 -9 
385 384  -1  1  0 -9 
385 385   1  0  0 -9 
386 99  -1  3  0 -9 
386 109   1  4  0 -9 
386 111  -1  3  0 -9 
386 210   1  4  0 -9 
386 212  -1  3  0 -9 
386 344   1  4  0 -9 
386 346  -1  3  0 -9 
386 375  -1  3  0 -9 
386 376  -1  1  0 -9 
386 377   1  2  0 -9 
386 380  -1  3  0 -9 
386 381  -1  1  0 -9 
386 382   1  2  0 -9 
386 383   1  2  0 -9 
386 384  -1  1  0 -9 
386 386   1  0  0 -9 
387 218   1  4  0 -9 
387 219  -1  3  0 -9 
387 220  -1  3  0 -9 
387 223   1 -1  0 -9 
387 224   1  2  0 -9 
387 244  -1  0  0 -9 
387 361  -1  0  0 -9 
387 376  -1  0  0 -9 
387 380  -1  2  0 -9 
387 381  -1  0  0 -9 
387 382   1  1  0 -9 
387 383   1  1  0 -9 
387 384  -1  0  0 -9 
387 385   1 -1  0 -9 
387 386   1 -1  0 -9 
387 387  -1 -2  0 -9 
388 246  -1  4  0 -9 
388 363  -1  4  0 -9 
388 389   1  3  0 -9 
389 235   1  6  0 -9 
389 246  -1  5  0 -9 
389 363  -1  5  0 -9 
389 388   1  3  0 -9 
390 210   1  5  0 -9 
390 212  -1  4  1  2  0 -9 
390 239  -1  3  0 -9 
390 240  -1  1  0 -9 
390 241   1  2  0 -9 
390 246  -1  3  0 -9 
390 249   1  2  0 -9 
390 250  -1  1  0 -9 
390 363  -1  3  0 -9 
390 366   1  2  0 -9 
390 367  -1  1  0 -9 
390 388  -1  1  0 -9 
390 389   1  2  0 -9 
390 390   1  0  0 -9 
391 120   1  1  0 -9 
391 121  -1  0  0 -9 
391 206   1  4  0 -9 
391 210   1  4  0 -9 
391 211  -1  3  0 -9 
391 212  -1  3  1  1  0 -9 
391 213  -1  0  0 -9 
391 226   1  4  0 -9 
391 227  -1  3  0 -9 
391 228  -1  3  0 -9 
391 235  -1  3  0 -9 
391 236   1 -1  0 -9 
391 237   1  2  0 -9 
391 240  -1  0  0 -9 
391 247  -1  0  0 -9 
391 249   1  1  0 -9 
391 250  -1  0  0 -9 
391 251   1 -1  0 -9 
391 355   1  1  0 -9 
391 356  -1  0  0 -9 
391 364  -1  0  0 -9 
391 366   1  1  0 -9 
391 367  -1  0  0 -9 
391 368   1 -1  0 -9 
391 372  -1  0  0 -9 
391 374   1 -1  0 -9 
391 380  -1  3  0 -9 
391 381   1 -1  0 -9 
391 382   1  2  0 -9 
391 388  -1  0  0 -9 
391 390   1 -1  0 -9 
391 391  -1 -2  0 -9 
392 392  -1  6  0 -9 
393 306  -1  4  0 -9 
393 392  -1  4  0 -9 
393 394   1  3  0 -9 
394 304   1  6  0 -9 
394 306  -1  5  0 -9 
394 392  -1  5  0 -9 
394 393   1  3  0 -9 
395 298  -1  4  0 -9 
395 392  -1  5  0 -9 
395 396   1  3  0 -9 
396 296   1  6  0 -9 
396 298  -1  5  0 -9 
396 392  -1  4  0 -9 
396 395   1  3  0 -9 
397 144  -1  3  0 -9 
397 254   1  5  0 -9 
397 296   1  5  0 -9 
397 297  -1  4  0 -9 
397 298  -1  4  1  2  0 -9 
397 299  -1  1  0 -9 
397 300   1  2  0 -9 
397 306  -1  3  0 -9 
397 307   1  2  0 -9 
397 308  -1  1  0 -9 
397 346  -1  3  0 -9 
397 347   1  2  0 -9 
397 348  -1  1  0 -9 
397 361  -1  1  0 -9 
397 362   1  2  0 -9 
397 392  -1  3  0 -9 
397 393  -1  1  0 -9 
397 394   1  2  0 -9 
397 395   1  2  0 -9 
397 396  -1  1  0 -9 
397 397   1  0  0 -9 
398 296   1  5  0 -9 
398 298  -1  4  1  2  0 -9 
398 305  -1  3  0 -9 
398 306  -1  3  0 -9 
398 307   1  2  0 -9 
398 308  -1  1  0 -9 
398 309  -1  1  0 -9 
398 310   1  2  0 -9 
398 392  -1  3  0 -9 
398 393  -1  1  0 -9 
398 394   1  2  0 -9 
398 395   1  2  0 -9 
398 396  -1  1  0 -9 
398 398   1  0  0 -9 
399 254   1  4  0 -9 
399 255  -1  3  0 -9 
399 296   1  4  0 -9 
399 297  -1  3  0 -9 
399 298  -1  3  1  1  0 -9 
399 299  -1  0  0 -9 
399 301   1 -1  0 -9 
399 302   1  2  0 -9 
399 306  -1  2  0 -9 
399 307   1  1  0 -9 
399 308  -1  0  0 -9 
399 309  -1  0  0 -9 
399 347   1  1  0 -9 
399 348  -1  0  0 -9 
399 349  -1  0  0 -9 
399 351   1 -1  0 -9 
399 361  -1  0  0 -9 
399 392  -1  2  0 -9 
399 393  -1  0  0 -9 
399 394   1  1  0 -9 
399 395   1  1  0 -9 
399 396  -1  0  0 -9 
399 397   1 -1  0 -9 
399 398   1 -1  0 -9 
399 399  -1 -2  0 -9 
9999 9999
