 0  0  -1 -2  0 -9 
 1  1  -1 -2  0 -9 
 2  2  -1 -2  0 -9 
 2 32   1 -1  0 -9 
 2 52  -1  0  0 -9 
 3  3  -1 -2  0 -9 
 3 33   1 -1  0 -9 
 3 53  -1  0  0 -9 
 4  4  -1 -2  0 -9 
 4 34   1 -1  0 -9 
 4 54  -1  0  0 -9 
 5  5  -1 -2  0 -9 
 5 35   1 -1  0 -9 
 5 55  -1  0  0 -9 
 6  6  -1 -2  0 -9 
 6 36   1 -1  0 -9 
 6 56  -1  0  0 -9 
 7  7  -1 -2  0 -9 
 7 37   1 -1  0 -9 
 7 57  -1  0  0 -9 
 8  8  -1 -2  0 -9 
 8 38   1 -1  0 -9 
 8 58  -1  0  0 -9 
 9  9  -1 -2  0 -9 
 9 39   1 -1  0 -9 
 9 59  -1  0  0 -9 
10 10  -1 -2  0 -9 
10 85   1 -1  0 -9 
10 105  -1  0  0 -9 
11 11  -1 -2  0 -9 
11 86   1 -1  0 -9 
11 106  -1  0  0 -9 
12 12  -1 -2  0 -9 
12 87   1 -1  0 -9 
12 107  -1  0  0 -9 
13 13  -1 -2  0 -9 
13 88   1 -1  0 -9 
13 108  -1  0  0 -9 
14 14  -1 -2  0 -9 
14 89   1 -1  0 -9 
14 109  -1  0  0 -9 
15 15  -1 -2  0 -9 
15 90   1 -1  0 -9 
15 110  -1  0  0 -9 
16 16  -1 -2  0 -9 
16 91   1 -1  0 -9 
16 111  -1  0  0 -9 
17 17  -1 -2  0 -9 
17 92   1 -1  0 -9 
17 112  -1  0  0 -9 
18 18  -1 -2  0 -9 
18 55  -1  0  0 -9 
18 70   1 -1  0 -9 
18 93   1 -1  0 -9 
18 123  -1  0  0 -9 
18 138   1  1  0 -9 
19 19  -1 -2  0 -9 
19 56  -1  0  0 -9 
19 71   1 -1  0 -9 
19 94   1 -1  0 -9 
19 124  -1  0  0 -9 
19 139   1  1  0 -9 
20 20  -1 -2  0 -9 
20 57  -1  0  0 -9 
20 72   1 -1  0 -9 
20 95   1 -1  0 -9 
20 125  -1  0  0 -9 
20 140   1  1  0 -9 
21 21  -1 -2  0 -9 
21 56  -1  0  0 -9 
21 59  -1  0  0 -9 
21 73   1 -1  0 -9 
21 96   1 -1  0 -9 
21 126  -1  0  0 -9 
21 141   1  1  0 -9 
22 22  -1 -2  0 -9 
22 40   1 -1  0 -9 
22 60  -1  0  0 -9 
22 106  -1  0  0 -9 
22 113   1 -1  0 -9 
22 153   1  1  0 -9 
23 23  -1 -2  0 -9 
23 41   1 -1  0 -9 
23 61  -1  0  0 -9 
23 107  -1  0  0 -9 
23 114   1 -1  0 -9 
23 154   1  1  0 -9 
24 24  -1 -2  0 -9 
24 42   1 -1  0 -9 
24 62  -1  0  0 -9 
24 111  -1  0  0 -9 
24 115   1 -1  0 -9 
24 155   1  1  0 -9 
25 25  -1 -2  0 -9 
25 43   1 -1  0 -9 
25 63  -1  0  0 -9 
25 106  -1  0  0 -9 
25 112  -1  0  0 -9 
25 116   1 -1  0 -9 
25 156   1  1  0 -9 
26 26  -1 -2  0 -9 
26 64  -1  0  0 -9 
26 74   1 -1  0 -9 
26 117   1 -1  0 -9 
26 127  -1  0  0 -9 
26 142   1  1  0 -9 
26 159   1  1  0 -9 
26 168  -1  2  0 -9 
27 27  -1 -2  0 -9 
27 65  -1  0  0 -9 
27 75   1 -1  0 -9 
27 118   1 -1  0 -9 
27 128  -1  0  0 -9 
27 143   1  1  0 -9 
27 160   1  1  0 -9 
27 169  -1  2  0 -9 
28 28  -1 -2  0 -9 
28 58  -1  0  0 -9 
28 66  -1  0  0 -9 
28 76   1 -1  0 -9 
28 119   1 -1  0 -9 
28 129  -1  0  0 -9 
28 144   1  1  0 -9 
28 161   1  1  0 -9 
28 170  -1  2  0 -9 
29 29  -1 -2  0 -9 
29 59  -1  0  0 -9 
29 67  -1  0  0 -9 
29 77   1 -1  0 -9 
29 120   1 -1  0 -9 
29 130  -1  0  0 -9 
29 145   1  1  0 -9 
29 162   1  1  0 -9 
29 171  -1  2  0 -9 
30 30  -1 -2  0 -9 
30 68  -1  0  0 -9 
30 78   1 -1  0 -9 
30 110  -1  0  0 -9 
30 121   1 -1  0 -9 
30 131  -1  0  0 -9 
30 146   1  1  0 -9 
30 163   1  1  0 -9 
30 172  -1  2  0 -9 
31 31  -1 -2  0 -9 
31 69  -1  0  0 -9 
31 79   1 -1  0 -9 
31 112  -1  0  0 -9 
31 122   1 -1  0 -9 
31 132  -1  0  0 -9 
31 147   1  1  0 -9 
31 164   1  1  0 -9 
31 173  -1  2  0 -9 
32 32   1  0  0 -9 
32 52  -1  1  0 -9 
32 105   1  2  0 -9 
33 33   1  0  0 -9 
33 53  -1  1  0 -9 
33 106   1  2  0 -9 
34 34   1  0  0 -9 
34 54  -1  1  0 -9 
34 107   1  2  0 -9 
35 35   1  0  0 -9 
35 55  -1  1  0 -9 
35 108   1  2  0 -9 
36 36   1  0  0 -9 
36 56  -1  1  0 -9 
36 109   1  2  0 -9 
37 37   1  0  0 -9 
37 57  -1  1  0 -9 
37 110   1  2  0 -9 
38 38   1  0  0 -9 
38 58  -1  1  0 -9 
38 111   1  2  0 -9 
39 39   1  0  0 -9 
39 59  -1  1  0 -9 
39 112   1  2  0 -9 
40 40   1  0  0 -9 
40 60  -1  1  0 -9 
40 153   1  2  0 -9 
41 41   1  0  0 -9 
41 61  -1  1  0 -9 
41 154   1  2  0 -9 
42 42   1  0  0 -9 
42 62  -1  1  0 -9 
42 155   1  2  0 -9 
43 43   1  0  0 -9 
43 63  -1  1  0 -9 
43 156   1  2  0 -9 
44 40   1 -1  0 -9 
44 44  -1 -2  0 -9 
44 60  -1  0  0 -9 
44 64   1 -1  0 -9 
44 159   1  2  0 -9 
44 168  -1  3  0 -9 
45 41   1 -1  0 -9 
45 45  -1 -2  0 -9 
45 61  -1  0  0 -9 
45 65   1 -1  0 -9 
45 160   1  2  0 -9 
45 169  -1  3  0 -9 
46 42   1 -1  0 -9 
46 46  -1 -2  0 -9 
46 62  -1  0  0 -9 
46 66   1 -1  0 -9 
46 161   1  2  0 -9 
46 170  -1  3  0 -9 
47 43   1 -1  0 -9 
47 47  -1 -2  0 -9 
47 63  -1  0  0 -9 
47 67   1 -1  0 -9 
47 162   1  2  0 -9 
47 171  -1  3  0 -9 
48 37   1 -1  0 -9 
48 40   1 -1  0 -9 
48 48  -1 -2  0 -9 
48 57  -1  0  0 -9 
48 60  -1  0  0 -9 
48 68   1 -1  0 -9 
48 163   1  2  0 -9 
48 172  -1  3  0 -9 
49 39   1 -1  0 -9 
49 42   1 -1  0 -9 
49 49  -1 -2  0 -9 
49 59  -1  0  0 -9 
49 62  -1  0  0 -9 
49 69   1 -1  0 -9 
49 164   1  2  0 -9 
49 173  -1  3  0 -9 
50 50  -1 -2  0 -9 
50 66  -1  0  0 -9 
50 82   1 -1  0 -9 
50 157   1 -1  0 -9 
50 161   1  1  0 -9 
50 165  -1  0  0 -9 
50 170  -1  2  0 -9 
50 174   1  1  0 -9 
51 42   1 -1  0 -9 
51 51  -1 -2  0 -9 
51 62  -1  0  0 -9 
51 67  -1  0  0 -9 
51 83   1 -1  0 -9 
51 155   1  1  0 -9 
51 156  -1  0  0 -9 
51 158   1 -1  0 -9 
51 162   1  1  0 -9 
51 166  -1  0  0 -9 
51 171  -1  2  0 -9 
51 175   1  1  0 -9 
52 105   1  3  0 -9 
53 106   1  3  0 -9 
54 107   1  3  0 -9 
55 108   1  3  0 -9 
56 109   1  3  0 -9 
57 110   1  3  0 -9 
58 111   1  3  0 -9 
59 112   1  3  0 -9 
60 153   1  3  0 -9 
61 154   1  3  0 -9 
62 155   1  3  0 -9 
63 156   1  3  0 -9 
64 159   1  3  0 -9 
64 168  -1  4  0 -9 
65 160   1  3  0 -9 
65 169  -1  4  0 -9 
66 161   1  3  0 -9 
66 170  -1  4  0 -9 
67 162   1  3  0 -9 
67 171  -1  4  0 -9 
68 163   1  3  0 -9 
68 172  -1  4  0 -9 
69 164   1  3  0 -9 
69 173  -1  4  0 -9 
70 55  -1  1  0 -9 
70 70   1  0  0 -9 
70 108   1  2  0 -9 
70 123  -1  1  0 -9 
70 138   1  2  0 -9 
71 56  -1  1  0 -9 
71 71   1  0  0 -9 
71 109   1  2  0 -9 
71 124  -1  1  0 -9 
71 139   1  2  0 -9 
72 57  -1  1  0 -9 
72 72   1  0  0 -9 
72 110   1  2  0 -9 
72 125  -1  1  0 -9 
72 140   1  2  0 -9 
73 56  -1  1  0 -9 
73 59  -1  1  0 -9 
73 73   1  0  0 -9 
73 109   1  2  0 -9 
73 112   1  2  0 -9 
73 126  -1  1  0 -9 
73 141   1  2  0 -9 
74 64  -1  1  0 -9 
74 74   1  0  0 -9 
74 127  -1  1  0 -9 
74 142   1  2  0 -9 
74 159   1  2  0 -9 
74 168  -1  3  0 -9 
75 65  -1  1  0 -9 
75 75   1  0  0 -9 
75 128  -1  1  0 -9 
75 143   1  2  0 -9 
75 160   1  2  0 -9 
75 169  -1  3  0 -9 
76 58  -1  1  0 -9 
76 66  -1  1  0 -9 
76 76   1  0  0 -9 
76 111   1  2  0 -9 
76 129  -1  1  0 -9 
76 144   1  2  0 -9 
76 161   1  2  0 -9 
76 170  -1  3  0 -9 
77 59  -1  1  0 -9 
77 67  -1  1  0 -9 
77 77   1  0  0 -9 
77 112   1  2  0 -9 
77 130  -1  1  0 -9 
77 145   1  2  0 -9 
77 162   1  2  0 -9 
77 171  -1  3  0 -9 
78 68  -1  1  0 -9 
78 78   1  0  0 -9 
78 131  -1  1  0 -9 
78 146   1  2  0 -9 
78 163   1  2  0 -9 
78 172  -1  3  0 -9 
79 69  -1  1  0 -9 
79 79   1  0  0 -9 
79 132  -1  1  0 -9 
79 147   1  2  0 -9 
79 164   1  2  0 -9 
79 173  -1  3  0 -9 
80 65   1 -1  0 -9 
80 68  -1  0  0 -9 
80 78   1 -1  0 -9 
80 80  -1 -2  0 -9 
80 131  -1  0  0 -9 
80 133   1 -1  0 -9 
80 146   1  1  0 -9 
80 148  -1  0  0 -9 
80 160   1  2  0 -9 
80 169  -1  3  0 -9 
81 67   1 -1  0 -9 
81 69  -1  0  0 -9 
81 79   1 -1  0 -9 
81 81  -1 -2  0 -9 
81 132  -1  0  0 -9 
81 134   1 -1  0 -9 
81 147   1  1  0 -9 
81 149  -1  0  0 -9 
81 162   1  2  0 -9 
81 171  -1  3  0 -9 
82 66  -1  1  0 -9 
82 82   1  0  0 -9 
82 161   1  2  0 -9 
82 165  -1  1  0 -9 
82 170  -1  3  0 -9 
82 174   1  2  0 -9 
83 67  -1  1  0 -9 
83 83   1  0  0 -9 
83 162   1  2  0 -9 
83 166  -1  1  0 -9 
83 171  -1  3  0 -9 
83 175   1  2  0 -9 
84 67  -1  0  0 -9 
84 83   1 -1  0 -9 
84 84  -1 -2  0 -9 
84 162   1  1  0 -9 
84 166  -1  0  0 -9 
84 167   1 -1  0 -9 
84 171  -1  2  0 -9 
84 175   1  1  0 -9 
84 176  -1  0  0 -9 
85 52   1  2  0 -9 
85 85   1  0  0 -9 
85 105  -1  1  0 -9 
86 53   1  2  0 -9 
86 86   1  0  0 -9 
86 106  -1  1  0 -9 
87 54   1  2  0 -9 
87 87   1  0  0 -9 
87 107  -1  1  0 -9 
88 55   1  2  0 -9 
88 88   1  0  0 -9 
88 108  -1  1  0 -9 
89 56   1  2  0 -9 
89 89   1  0  0 -9 
89 109  -1  1  0 -9 
90 57   1  2  0 -9 
90 90   1  0  0 -9 
90 110  -1  1  0 -9 
91 58   1  2  0 -9 
91 91   1  0  0 -9 
91 111  -1  1  0 -9 
92 59   1  2  0 -9 
92 92   1  0  0 -9 
92 112  -1  1  0 -9 
93 93   1  0  0 -9 
93 123  -1  1  0 -9 
93 138   1  2  0 -9 
94 94   1  0  0 -9 
94 124  -1  1  0 -9 
94 139   1  2  0 -9 
95 95   1  0  0 -9 
95 125  -1  1  0 -9 
95 140   1  2  0 -9 
96 96   1  0  0 -9 
96 126  -1  1  0 -9 
96 141   1  2  0 -9 
97 93   1 -1  0 -9 
97 97  -1 -2  0 -9 
97 123  -1  0  0 -9 
97 127   1 -1  0 -9 
97 142   1  2  0 -9 
97 168  -1  3  0 -9 
98 94   1 -1  0 -9 
98 98  -1 -2  0 -9 
98 124  -1  0  0 -9 
98 128   1 -1  0 -9 
98 143   1  2  0 -9 
98 169  -1  3  0 -9 
99 91   1 -1  0 -9 
99 94   1 -1  0 -9 
99 99  -1 -2  0 -9 
99 111  -1  0  0 -9 
99 124  -1  0  0 -9 
99 129   1 -1  0 -9 
99 144   1  2  0 -9 
99 170  -1  3  0 -9 
100 92   1 -1  0 -9 
100 95   1 -1  0 -9 
100 100  -1 -2  0 -9 
100 112  -1  0  0 -9 
100 125  -1  0  0 -9 
100 130   1 -1  0 -9 
100 145   1  2  0 -9 
100 171  -1  3  0 -9 
101 95   1 -1  0 -9 
101 101  -1 -2  0 -9 
101 125  -1  0  0 -9 
101 131   1 -1  0 -9 
101 146   1  2  0 -9 
101 172  -1  3  0 -9 
102 96   1 -1  0 -9 
102 102  -1 -2  0 -9 
102 126  -1  0  0 -9 
102 132   1 -1  0 -9 
102 147   1  2  0 -9 
102 173  -1  3  0 -9 
103 103  -1 -2  0 -9 
103 131  -1  0  0 -9 
103 133   1 -1  0 -9 
103 146   1  1  0 -9 
103 148  -1  0  0 -9 
103 150   1 -1  0 -9 
103 172  -1  2  0 -9 
103 177   1  1  0 -9 
104 95   1 -1  0 -9 
104 104  -1 -2  0 -9 
104 125  -1  0  0 -9 
104 132  -1  0  0 -9 
104 134   1 -1  0 -9 
104 140   1  1  0 -9 
104 141  -1  0  0 -9 
104 147   1  1  0 -9 
104 149  -1  0  0 -9 
104 151   1 -1  0 -9 
104 173  -1  2  0 -9 
104 178   1  1  0 -9 
105 52   1  3  0 -9 
106 53   1  3  0 -9 
107 54   1  3  0 -9 
108 55   1  3  0 -9 
109 56   1  3  0 -9 
110 57   1  3  0 -9 
111 58   1  3  0 -9 
112 59   1  3  0 -9 
113 53   1  2  0 -9 
113 60  -1  1  0 -9 
113 106  -1  1  0 -9 
113 113   1  0  0 -9 
113 153   1  2  0 -9 
114 54   1  2  0 -9 
114 61  -1  1  0 -9 
114 107  -1  1  0 -9 
114 114   1  0  0 -9 
114 154   1  2  0 -9 
115 58   1  2  0 -9 
115 62  -1  1  0 -9 
115 111  -1  1  0 -9 
115 115   1  0  0 -9 
115 155   1  2  0 -9 
116 53   1  2  0 -9 
116 59   1  2  0 -9 
116 63  -1  1  0 -9 
116 106  -1  1  0 -9 
116 112  -1  1  0 -9 
116 116   1  0  0 -9 
116 156   1  2  0 -9 
117 64  -1  1  0 -9 
117 117   1  0  0 -9 
117 127  -1  1  0 -9 
117 142   1  2  0 -9 
117 159   1  2  0 -9 
117 168  -1  3  0 -9 
118 65  -1  1  0 -9 
118 118   1  0  0 -9 
118 128  -1  1  0 -9 
118 143   1  2  0 -9 
118 160   1  2  0 -9 
118 169  -1  3  0 -9 
119 66  -1  1  0 -9 
119 119   1  0  0 -9 
119 129  -1  1  0 -9 
119 144   1  2  0 -9 
119 161   1  2  0 -9 
119 170  -1  3  0 -9 
120 67  -1  1  0 -9 
120 120   1  0  0 -9 
120 130  -1  1  0 -9 
120 145   1  2  0 -9 
120 162   1  2  0 -9 
120 171  -1  3  0 -9 
121 57   1  2  0 -9 
121 68  -1  1  0 -9 
121 110  -1  1  0 -9 
121 121   1  0  0 -9 
121 131  -1  1  0 -9 
121 146   1  2  0 -9 
121 163   1  2  0 -9 
121 172  -1  3  0 -9 
122 59   1  2  0 -9 
122 69  -1  1  0 -9 
122 112  -1  1  0 -9 
122 122   1  0  0 -9 
122 132  -1  1  0 -9 
122 147   1  2  0 -9 
122 164   1  2  0 -9 
122 173  -1  3  0 -9 
123 138   1  3  0 -9 
124 139   1  3  0 -9 
125 140   1  3  0 -9 
126 141   1  3  0 -9 
127 142   1  3  0 -9 
127 168  -1  4  0 -9 
128 143   1  3  0 -9 
128 169  -1  4  0 -9 
129 144   1  3  0 -9 
129 170  -1  4  0 -9 
130 145   1  3  0 -9 
130 171  -1  4  0 -9 
131 146   1  3  0 -9 
131 172  -1  4  0 -9 
132 147   1  3  0 -9 
132 173  -1  4  0 -9 
133 131  -1  1  0 -9 
133 133   1  0  0 -9 
133 146   1  2  0 -9 
133 148  -1  1  0 -9 
133 172  -1  3  0 -9 
133 177   1  2  0 -9 
134 132  -1  1  0 -9 
134 134   1  0  0 -9 
134 147   1  2  0 -9 
134 149  -1  1  0 -9 
134 173  -1  3  0 -9 
134 178   1  2  0 -9 
135 66  -1  0  0 -9 
135 82   1 -1  0 -9 
135 119   1 -1  0 -9 
135 127   1 -1  0 -9 
135 129  -1  0  0 -9 
135 135  -1 -2  0 -9 
135 142   1  2  0 -9 
135 161   1  1  0 -9 
135 165  -1  0  0 -9 
135 168  -1  3  0 -9 
136 67  -1  0  0 -9 
136 83   1 -1  0 -9 
136 120   1 -1  0 -9 
136 130  -1  0  0 -9 
136 132   1 -1  0 -9 
136 136  -1 -2  0 -9 
136 147   1  2  0 -9 
136 162   1  1  0 -9 
136 166  -1  0  0 -9 
136 173  -1  3  0 -9 
137 132  -1  0  0 -9 
137 134   1 -1  0 -9 
137 137  -1 -2  0 -9 
137 147   1  1  0 -9 
137 149  -1  0  0 -9 
137 152   1 -1  0 -9 
137 173  -1  2  0 -9 
137 178   1  1  0 -9 
137 179  -1  0  0 -9 
138 123   1  3  0 -9 
139 124   1  3  0 -9 
140 125   1  3  0 -9 
141 126   1  3  0 -9 
142 127   1  3  0 -9 
142 168  -1  5  0 -9 
143 128   1  3  0 -9 
143 169  -1  5  0 -9 
144 129   1  3  0 -9 
144 170  -1  5  0 -9 
145 130   1  3  0 -9 
145 171  -1  5  0 -9 
146 131   1  3  0 -9 
146 172  -1  5  0 -9 
147 132   1  3  0 -9 
147 173  -1  5  0 -9 
148 172  -1  4  0 -9 
148 177   1  3  0 -9 
149 173  -1  4  0 -9 
149 178   1  3  0 -9 
150 131  -1  1  0 -9 
150 146   1  2  0 -9 
150 148  -1  1  0 -9 
150 150   1  0  0 -9 
150 172  -1  3  0 -9 
150 177   1  2  0 -9 
151 125  -1  1  0 -9 
151 126   1  2  0 -9 
151 132  -1  1  0 -9 
151 140   1  2  0 -9 
151 141  -1  1  0 -9 
151 147   1  2  0 -9 
151 149  -1  1  0 -9 
151 151   1  0  0 -9 
151 173  -1  3  0 -9 
151 178   1  2  0 -9 
152 132  -1  1  0 -9 
152 147   1  2  0 -9 
152 149  -1  1  0 -9 
152 152   1  0  0 -9 
152 173  -1  3  0 -9 
152 176   1  2  0 -9 
152 178   1  2  0 -9 
152 179  -1  1  0 -9 
153 60   1  3  0 -9 
154 61   1  3  0 -9 
155 62   1  3  0 -9 
156 63   1  3  0 -9 
157 66  -1  1  0 -9 
157 157   1  0  0 -9 
157 161   1  2  0 -9 
157 165  -1  1  0 -9 
157 170  -1  3  0 -9 
157 174   1  2  0 -9 
158 62  -1  1  0 -9 
158 63   1  2  0 -9 
158 67  -1  1  0 -9 
158 155   1  2  0 -9 
158 156  -1  1  0 -9 
158 158   1  0  0 -9 
158 162   1  2  0 -9 
158 166  -1  1  0 -9 
158 171  -1  3  0 -9 
158 175   1  2  0 -9 
159 64   1  3  0 -9 
159 168  -1  5  0 -9 
160 65   1  3  0 -9 
160 169  -1  5  0 -9 
161 66   1  3  0 -9 
161 170  -1  5  0 -9 
162 67   1  3  0 -9 
162 171  -1  5  0 -9 
163 68   1  3  0 -9 
163 172  -1  5  0 -9 
164 69   1  3  0 -9 
164 173  -1  5  0 -9 
165 170  -1  4  0 -9 
165 174   1  3  0 -9 
166 171  -1  4  0 -9 
166 175   1  3  0 -9 
167 67  -1  1  0 -9 
167 162   1  2  0 -9 
167 166  -1  1  0 -9 
167 167   1  0  0 -9 
167 171  -1  3  0 -9 
167 175   1  2  0 -9 
167 176  -1  1  0 -9 
167 179   1  2  0 -9 
168 168  -1  6  0 -9 
169 169  -1  6  0 -9 
170 170  -1  6  0 -9 
171 171  -1  6  0 -9 
172 172  -1  6  0 -9 
173 173  -1  6  0 -9 
174 165   1  3  0 -9 
174 170  -1  5  0 -9 
175 166   1  3  0 -9 
175 171  -1  5  0 -9 
176 179   1  3  0 -9 
177 148   1  3  0 -9 
177 172  -1  5  0 -9 
178 149   1  3  0 -9 
178 173  -1  5  0 -9 
179 176   1  3  0 -9 
9999 9999
