 0  0   1  0  0 -9 
 1  1   1  0  0 -9 
 2  2  -1 -2  0 -9 
 2 10   1 -1  0 -9 
 2 32  -1  0  0 -9 
 3  3  -1 -2  0 -9 
 3 11   1 -1  0 -9 
 3 33  -1  0  0 -9 
 4  4  -1 -2  0 -9 
 4 12   1 -1  0 -9 
 4 34  -1  0  0 -9 
 5  0   1 -1  0 -9 
 5  5  -1 -2  0 -9 
 5 13   1 -1  0 -9 
 5 35  -1  0  0 -9 
 6  1   1 -1  0 -9 
 6  6  -1 -2  0 -9 
 6 14   1 -1  0 -9 
 6 36  -1  0  0 -9 
 7  0   1 -1  0 -9 
 7  7  -1 -2  0 -9 
 7 15   1 -1  0 -9 
 7 37  -1  0  0 -9 
 8  8  -1 -2  0 -9 
 8 16   1 -1  0 -9 
 8 38  -1  0  0 -9 
 9  9  -1 -2  0 -9 
 9 17   1 -1  0 -9 
 9 39  -1  0  0 -9 
10 10   1  0  0 -9 
10 32  -1  1  0 -9 
10 52   1  2  0 -9 
11 11   1  0  0 -9 
11 33  -1  1  0 -9 
11 53   1  2  0 -9 
12 12   1  0  0 -9 
12 34  -1  1  0 -9 
12 54   1  2  0 -9 
13 13   1  0  0 -9 
13 35  -1  1  0 -9 
13 55   1  2  0 -9 
14 14   1  0  0 -9 
14 36  -1  1  0 -9 
14 56   1  2  0 -9 
15 15   1  0  0 -9 
15 37  -1  1  0 -9 
15 57   1  2  0 -9 
16 16   1  0  0 -9 
16 38  -1  1  0 -9 
16 58   1  2  0 -9 
17 17   1  0  0 -9 
17 39  -1  1  0 -9 
17 59   1  2  0 -9 
18 13   1 -1  0 -9 
18 18  -1 -2  0 -9 
18 35  -1  0  0 -9 
18 40   1 -1  0 -9 
18 70   1  2  0 -9 
18 85  -1  3  0 -9 
19 14   1 -1  0 -9 
19 19  -1 -2  0 -9 
19 36  -1  0  0 -9 
19 41   1 -1  0 -9 
19 71   1  2  0 -9 
19 86  -1  3  0 -9 
20 15   1 -1  0 -9 
20 20  -1 -2  0 -9 
20 37  -1  0  0 -9 
20 42   1 -1  0 -9 
20 72   1  2  0 -9 
20 87  -1  3  0 -9 
21 14   1 -1  0 -9 
21 17   1 -1  0 -9 
21 21  -1 -2  0 -9 
21 36  -1  0  0 -9 
21 39  -1  0  0 -9 
21 43   1 -1  0 -9 
21 73   1  2  0 -9 
21 88  -1  3  0 -9 
22 13   1 -1  0 -9 
22 22  -1 -2  0 -9 
22 35  -1  0  0 -9 
22 53  -1  0  0 -9 
22 55   1  1  0 -9 
22 60   1 -1  0 -9 
23 10   1 -1  0 -9 
23 14   1 -1  0 -9 
23 23  -1 -2  0 -9 
23 32  -1  0  0 -9 
23 36  -1  0  0 -9 
23 52   1  1  0 -9 
23 54  -1  0  0 -9 
23 56   1  1  0 -9 
23 61   1 -1  0 -9 
24 14   1 -1  0 -9 
24 24  -1 -2  0 -9 
24 36  -1  0  0 -9 
24 56   1  1  0 -9 
24 58  -1  0  0 -9 
24 62   1 -1  0 -9 
25 15   1 -1  0 -9 
25 25  -1 -2  0 -9 
25 37  -1  0  0 -9 
25 53  -1  0  0 -9 
25 57   1  1  0 -9 
25 59  -1  0  0 -9 
25 63   1 -1  0 -9 
26 26  -1 -2  0 -9 
26 40  -1  0  0 -9 
26 44   1 -1  0 -9 
26 64   1 -1  0 -9 
26 70   1  1  0 -9 
26 74  -1  0  0 -9 
26 85  -1  2  0 -9 
26 89   1  1  0 -9 
27 27  -1 -2  0 -9 
27 41  -1  0  0 -9 
27 45   1 -1  0 -9 
27 65   1 -1  0 -9 
27 71   1  1  0 -9 
27 75  -1  0  0 -9 
27 86  -1  2  0 -9 
27 90   1  1  0 -9 
28 28  -1 -2  0 -9 
28 38  -1  0  0 -9 
28 41  -1  0  0 -9 
28 46   1 -1  0 -9 
28 66   1 -1  0 -9 
28 71   1  1  0 -9 
28 76  -1  0  0 -9 
28 86  -1  2  0 -9 
28 91   1  1  0 -9 
29 29  -1 -2  0 -9 
29 39  -1  0  0 -9 
29 42  -1  0  0 -9 
29 47   1 -1  0 -9 
29 67   1 -1  0 -9 
29 72   1  1  0 -9 
29 77  -1  0  0 -9 
29 87  -1  2  0 -9 
29 92   1  1  0 -9 
30 14   1 -1  0 -9 
30 30  -1 -2  0 -9 
30 36  -1  0  0 -9 
30 42  -1  0  0 -9 
30 48   1 -1  0 -9 
30 56   1  1  0 -9 
30 57  -1  0  0 -9 
30 68   1 -1  0 -9 
30 72   1  1  0 -9 
30 78  -1  0  0 -9 
30 87  -1  2  0 -9 
30 93   1  1  0 -9 
31 31  -1 -2  0 -9 
31 43  -1  0  0 -9 
31 49   1 -1  0 -9 
31 59  -1  0  0 -9 
31 69   1 -1  0 -9 
31 73   1  1  0 -9 
31 79  -1  0  0 -9 
31 88  -1  2  0 -9 
31 94   1  1  0 -9 
32 52   1  3  0 -9 
33 53   1  3  0 -9 
34 54   1  3  0 -9 
35 55   1  3  0 -9 
36 56   1  3  0 -9 
37 57   1  3  0 -9 
38 58   1  3  0 -9 
39 59   1  3  0 -9 
40 70   1  3  0 -9 
40 85  -1  4  0 -9 
41 71   1  3  0 -9 
41 86  -1  4  0 -9 
42 72   1  3  0 -9 
42 87  -1  4  0 -9 
43 73   1  3  0 -9 
43 88  -1  4  0 -9 
44 40  -1  1  0 -9 
44 44   1  0  0 -9 
44 70   1  2  0 -9 
44 74  -1  1  0 -9 
44 85  -1  3  0 -9 
44 89   1  2  0 -9 
45 41  -1  1  0 -9 
45 45   1  0  0 -9 
45 71   1  2  0 -9 
45 75  -1  1  0 -9 
45 86  -1  3  0 -9 
45 90   1  2  0 -9 
46 38  -1  1  0 -9 
46 41  -1  1  0 -9 
46 46   1  0  0 -9 
46 58   1  2  0 -9 
46 71   1  2  0 -9 
46 76  -1  1  0 -9 
46 86  -1  3  0 -9 
46 91   1  2  0 -9 
47 39  -1  1  0 -9 
47 42  -1  1  0 -9 
47 47   1  0  0 -9 
47 59   1  2  0 -9 
47 72   1  2  0 -9 
47 77  -1  1  0 -9 
47 87  -1  3  0 -9 
47 92   1  2  0 -9 
48 42  -1  1  0 -9 
48 48   1  0  0 -9 
48 72   1  2  0 -9 
48 78  -1  1  0 -9 
48 87  -1  3  0 -9 
48 93   1  2  0 -9 
49 43  -1  1  0 -9 
49 49   1  0  0 -9 
49 73   1  2  0 -9 
49 79  -1  1  0 -9 
49 88  -1  3  0 -9 
49 94   1  2  0 -9 
50 42  -1  0  0 -9 
50 48   1 -1  0 -9 
50 50  -1 -2  0 -9 
50 72   1  1  0 -9 
50 78  -1  0  0 -9 
50 80   1 -1  0 -9 
50 87  -1  2  0 -9 
50 93   1  1  0 -9 
50 95  -1  0  0 -9 
51 42   1 -1  0 -9 
51 43  -1  0  0 -9 
51 49   1 -1  0 -9 
51 51  -1 -2  0 -9 
51 72   1  2  0 -9 
51 79  -1  0  0 -9 
51 81   1 -1  0 -9 
51 87  -1  3  0 -9 
51 94   1  1  0 -9 
51 96  -1  0  0 -9 
52 32   1  3  0 -9 
53 33   1  3  0 -9 
54 34   1  3  0 -9 
55 35   1  3  0 -9 
56 36   1  3  0 -9 
57 37   1  3  0 -9 
58 38   1  3  0 -9 
59 39   1  3  0 -9 
60 33   1  2  0 -9 
60 35  -1  1  0 -9 
60 53  -1  1  0 -9 
60 55   1  2  0 -9 
60 60   1  0  0 -9 
61 32  -1  1  0 -9 
61 34   1  2  0 -9 
61 36  -1  1  0 -9 
61 52   1  2  0 -9 
61 54  -1  1  0 -9 
61 56   1  2  0 -9 
61 61   1  0  0 -9 
62 36  -1  1  0 -9 
62 38   1  2  0 -9 
62 56   1  2  0 -9 
62 58  -1  1  0 -9 
62 62   1  0  0 -9 
63 33   1  2  0 -9 
63 37  -1  1  0 -9 
63 39   1  2  0 -9 
63 53  -1  1  0 -9 
63 57   1  2  0 -9 
63 59  -1  1  0 -9 
63 63   1  0  0 -9 
64 40  -1  1  0 -9 
64 64   1  0  0 -9 
64 70   1  2  0 -9 
64 74  -1  1  0 -9 
64 85  -1  3  0 -9 
64 89   1  2  0 -9 
65 41  -1  1  0 -9 
65 65   1  0  0 -9 
65 71   1  2  0 -9 
65 75  -1  1  0 -9 
65 86  -1  3  0 -9 
65 90   1  2  0 -9 
66 41  -1  1  0 -9 
66 66   1  0  0 -9 
66 71   1  2  0 -9 
66 76  -1  1  0 -9 
66 86  -1  3  0 -9 
66 91   1  2  0 -9 
67 42  -1  1  0 -9 
67 67   1  0  0 -9 
67 72   1  2  0 -9 
67 77  -1  1  0 -9 
67 87  -1  3  0 -9 
67 92   1  2  0 -9 
68 36  -1  1  0 -9 
68 37   1  2  0 -9 
68 42  -1  1  0 -9 
68 56   1  2  0 -9 
68 57  -1  1  0 -9 
68 68   1  0  0 -9 
68 72   1  2  0 -9 
68 78  -1  1  0 -9 
68 87  -1  3  0 -9 
68 93   1  2  0 -9 
69 39   1  2  0 -9 
69 43  -1  1  0 -9 
69 59  -1  1  0 -9 
69 69   1  0  0 -9 
69 73   1  2  0 -9 
69 79  -1  1  0 -9 
69 88  -1  3  0 -9 
69 94   1  2  0 -9 
70 40   1  3  0 -9 
70 85  -1  5  0 -9 
71 41   1  3  0 -9 
71 86  -1  5  0 -9 
72 42   1  3  0 -9 
72 87  -1  5  0 -9 
73 43   1  3  0 -9 
73 88  -1  5  0 -9 
74 85  -1  4  0 -9 
74 89   1  3  0 -9 
75 86  -1  4  0 -9 
75 90   1  3  0 -9 
76 86  -1  4  0 -9 
76 91   1  3  0 -9 
77 87  -1  4  0 -9 
77 92   1  3  0 -9 
78 87  -1  4  0 -9 
78 93   1  3  0 -9 
79 88  -1  4  0 -9 
79 94   1  3  0 -9 
80 42  -1  1  0 -9 
80 72   1  2  0 -9 
80 78  -1  1  0 -9 
80 80   1  0  0 -9 
80 87  -1  3  0 -9 
80 93   1  2  0 -9 
80 95  -1  1  0 -9 
80 97   1  2  0 -9 
81 79  -1  1  0 -9 
81 81   1  0  0 -9 
81 88  -1  3  0 -9 
81 94   1  2  0 -9 
81 96  -1  1  0 -9 
81 98   1  2  0 -9 
82 41  -1  0  0 -9 
82 45   1 -1  0 -9 
82 66   1 -1  0 -9 
82 71   1  1  0 -9 
82 74   1 -1  0 -9 
82 75  -1  0  0 -9 
82 76  -1  0  0 -9 
82 82  -1 -2  0 -9 
82 85  -1  3  0 -9 
82 89   1  2  0 -9 
83 42  -1  0  0 -9 
83 48   1 -1  0 -9 
83 67   1 -1  0 -9 
83 72   1  1  0 -9 
83 77  -1  0  0 -9 
83 78  -1  0  0 -9 
83 79   1 -1  0 -9 
83 83  -1 -2  0 -9 
83 88  -1  3  0 -9 
83 94   1  2  0 -9 
84 79  -1  0  0 -9 
84 81   1 -1  0 -9 
84 84  -1 -2  0 -9 
84 88  -1  2  0 -9 
84 94   1  1  0 -9 
84 96  -1  0  0 -9 
84 97  -1  0  0 -9 
84 98   1  1  0 -9 
84 99   1 -1  0 -9 
85 85  -1  6  0 -9 
86 86  -1  6  0 -9 
87 87  -1  6  0 -9 
88 88  -1  6  0 -9 
89 74   1  3  0 -9 
89 85  -1  5  0 -9 
90 75   1  3  0 -9 
90 86  -1  5  0 -9 
91 76   1  3  0 -9 
91 86  -1  5  0 -9 
92 77   1  3  0 -9 
92 87  -1  5  0 -9 
93 78   1  3  0 -9 
93 87  -1  5  0 -9 
94 79   1  3  0 -9 
94 88  -1  5  0 -9 
95 97   1  3  0 -9 
96 88  -1  4  0 -9 
96 98   1  3  0 -9 
97 95   1  3  0 -9 
98 88  -1  5  0 -9 
98 96   1  3  0 -9 
99 79  -1  1  0 -9 
99 88  -1  3  0 -9 
99 94   1  2  0 -9 
99 95   1  2  0 -9 
99 96  -1  1  0 -9 
99 97  -1  1  0 -9 
99 98   1  2  0 -9 
99 99   1  0  0 -9 
9999 9999
