 0  0  -1 -2  0 -9 
 0  8  -1  0  0 -9 
 0 12  -1  0  0 -9 
 0 20   1 -1  0 -9 
 0 56   1  1  0 -9 
 0 60  -1  2 -1  0  0 -9 
 0 102   1 -1  0 -9 
 0 110  -1  0  0 -9 
 0 146  -1  2  0 -9 
 0 150   1  1  0 -9 
 0 209   1  1  0 -9 
 0 257  -1  2  0 -9 
 0 317   1  3  0 -9 
 1  1  -1 -2  0 -9 
 1 13  -1  0  0 -9 
 1 21   1 -1  0 -9 
 1 61  -1  2 -1  0  0 -9 
 1 98  -1  0  0 -9 
 1 103   1 -1  0 -9 
 1 111  -1  0  0 -9 
 1 151   1  1  0 -9 
 1 210   1  1  0 -9 
 1 258  -1  2  0 -9 
 1 318   1  3  0 -9 
 2  2  -1 -2  0 -9 
 2  9  -1  0  0 -9 
 2 14  -1  0  0 -9 
 2 22   1 -1  0 -9 
 2 57   1  1  0 -9 
 2 62  -1  2 -1  0  0 -9 
 2 104   1 -1  0 -9 
 2 112  -1  0  0 -9 
 2 147  -1  2  0 -9 
 2 152   1  1  0 -9 
 2 211   1  1  0 -9 
 2 259  -1  2  0 -9 
 2 319   1  3  0 -9 
 3  3  -1 -2  0 -9 
 3  8  -1  0  0 -9 
 3 10  -1  0  0 -9 
 3 15  -1  0  0 -9 
 3 23   1 -1  0 -9 
 3 56   1  1  0 -9 
 3 58   1  1  0 -9 
 3 63  -1  2 -1  0  0 -9 
 3 105   1 -1  0 -9 
 3 113  -1  0  0 -9 
 3 146  -1  2  0 -9 
 3 148  -1  2  0 -9 
 3 153   1  1  0 -9 
 3 212   1  1  0 -9 
 3 260  -1  2  0 -9 
 3 320   1  3  0 -9 
 4  4  -1 -2  0 -9 
 4 11  -1  0  0 -9 
 4 16  -1  0  0 -9 
 4 24   1 -1  0 -9 
 4 59   1  1  0 -9 
 4 64  -1  2 -1  0  0 -9 
 4 106   1 -1  0 -9 
 4 114  -1  0  0 -9 
 4 149  -1  2  0 -9 
 4 154   1  1  0 -9 
 4 213   1  1  0 -9 
 4 261  -1  2  0 -9 
 4 321   1  3  0 -9 
 5  5  -1 -2  0 -9 
 5 17  -1  0  0 -9 
 5 25   1 -1  0 -9 
 5 65  -1  2 -1  0  0 -9 
 5 100  -1  0  0 -9 
 5 107   1 -1  0 -9 
 5 115  -1  0  0 -9 
 5 155   1  1  0 -9 
 5 214   1  1  0 -9 
 5 262  -1  2  0 -9 
 5 322   1  3  0 -9 
 6  6  -1 -2  0 -9 
 6 18  -1  0  0 -9 
 6 26   1 -1  0 -9 
 6 66  -1  2 -1  0  0 -9 
 6 99  -1  0  0 -9 
 6 101  -1  0  0 -9 
 6 108   1 -1  0 -9 
 6 116  -1  0  0 -9 
 6 156   1  1  0 -9 
 6 215   1  1  0 -9 
 6 263  -1  2  0 -9 
 6 323   1  3  0 -9 
 7  7  -1 -2  0 -9 
 7 19  -1  0  0 -9 
 7 27   1 -1  0 -9 
 7 67  -1  2 -1  0  0 -9 
 7 101  -1  0  0 -9 
 7 109   1 -1  0 -9 
 7 117  -1  0  0 -9 
 7 157   1  1  0 -9 
 7 216   1  1  0 -9 
 7 264  -1  2  0 -9 
 7 324   1  3  0 -9 
 8 56  -1  5  0 -9 
 8 98   1  3  0 -9 
 8 146   1  6  0 -9 
 9 57  -1  5  0 -9 
 9 99   1  3  0 -9 
 9 147   1  6  0 -9 
10 58  -1  5  0 -9 
10 100   1  3  0 -9 
10 148   1  6  0 -9 
11 59  -1  5  0 -9 
11 101   1  3  0 -9 
11 149   1  6  0 -9 
12 60  -1  4  0 -9 
12 209   1  3  0 -9 
12 257  -1  4  0 -9 
12 317   1  5  0 -9 
13 56  -1  4  0 -9 
13 61  -1  4  0 -9 
13 146   1  5  0 -9 
13 210   1  3  0 -9 
13 258  -1  4  0 -9 
13 318   1  5  0 -9 
14 62  -1  4  0 -9 
14 211   1  3  0 -9 
14 259  -1  4  0 -9 
14 319   1  5  0 -9 
15 63  -1  4  0 -9 
15 212   1  3  0 -9 
15 260  -1  4  0 -9 
15 320   1  5  0 -9 
16 64  -1  4  0 -9 
16 213   1  3  0 -9 
16 261  -1  4  0 -9 
16 321   1  5  0 -9 
17 58  -1  4  0 -9 
17 65  -1  4  0 -9 
17 148   1  5  0 -9 
17 214   1  3  0 -9 
17 262  -1  4  0 -9 
17 322   1  5  0 -9 
18 57  -1  4  0 -9 
18 59  -1  4  0 -9 
18 66  -1  4  0 -9 
18 147   1  5  0 -9 
18 149   1  5  0 -9 
18 215   1  3  0 -9 
18 263  -1  4  0 -9 
18 323   1  5  0 -9 
19 59  -1  4  0 -9 
19 67  -1  4  0 -9 
19 149   1  5  0 -9 
19 216   1  3  0 -9 
19 264  -1  4  0 -9 
19 324   1  5  0 -9 
20  8  -1  1  0 -9 
20 12  -1  1  0 -9 
20 20   1  0  0 -9 
20 56   1  2  0 -9 
20 60  -1  5 -1  3 -1  1  0 -9 
20 98   1  2  0 -9 
20 110  -1  1  0 -9 
20 146  -1  3  0 -9 
20 150   1  2  0 -9 
20 209   1  2  0 -9 
20 257  -1  3  0 -9 
20 317   1  6  1  4  0 -9 
21 13  -1  1  0 -9 
21 21   1  0  0 -9 
21 61  -1  5 -1  3 -1  1  0 -9 
21 111  -1  1  0 -9 
21 151   1  2  0 -9 
21 210   1  2  0 -9 
21 258  -1  3  0 -9 
21 318   1  6  1  4  0 -9 
22  9  -1  1  0 -9 
22 14  -1  1  0 -9 
22 22   1  0  0 -9 
22 57   1  2  0 -9 
22 62  -1  5 -1  3 -1  1  0 -9 
22 99   1  2  0 -9 
22 112  -1  1  0 -9 
22 147  -1  3  0 -9 
22 152   1  2  0 -9 
22 211   1  2  0 -9 
22 259  -1  3  0 -9 
22 319   1  6  1  4  0 -9 
23  8  -1  1  0 -9 
23 10  -1  1  0 -9 
23 15  -1  1  0 -9 
23 23   1  0  0 -9 
23 56   1  2  0 -9 
23 58   1  2  0 -9 
23 63  -1  5 -1  3 -1  1  0 -9 
23 98   1  2  0 -9 
23 100   1  2  0 -9 
23 113  -1  1  0 -9 
23 146  -1  3  0 -9 
23 148  -1  3  0 -9 
23 153   1  2  0 -9 
23 212   1  2  0 -9 
23 260  -1  3  0 -9 
23 320   1  6  1  4  0 -9 
24 11  -1  1  0 -9 
24 16  -1  1  0 -9 
24 24   1  0  0 -9 
24 59   1  2  0 -9 
24 64  -1  5 -1  3 -1  1  0 -9 
24 101   1  2  0 -9 
24 114  -1  1  0 -9 
24 149  -1  3  0 -9 
24 154   1  2  0 -9 
24 213   1  2  0 -9 
24 261  -1  3  0 -9 
24 321   1  6  1  4  0 -9 
25 17  -1  1  0 -9 
25 25   1  0  0 -9 
25 65  -1  5 -1  3 -1  1  0 -9 
25 115  -1  1  0 -9 
25 155   1  2  0 -9 
25 214   1  2  0 -9 
25 262  -1  3  0 -9 
25 322   1  6  1  4  0 -9 
26 18  -1  1  0 -9 
26 26   1  0  0 -9 
26 66  -1  5 -1  3 -1  1  0 -9 
26 116  -1  1  0 -9 
26 156   1  2  0 -9 
26 215   1  2  0 -9 
26 263  -1  3  0 -9 
26 323   1  6  1  4  0 -9 
27 19  -1  1  0 -9 
27 27   1  0  0 -9 
27 67  -1  5 -1  3 -1  1  0 -9 
27 117  -1  1  0 -9 
27 157   1  2  0 -9 
27 216   1  2  0 -9 
27 264  -1  3  0 -9 
27 324   1  6  1  4  0 -9 
28 28   1  0  0 -9 
28 60  -1  4  0 -9 
28 68  -1  1  0 -9 
28 118  -1  1  0 -9 
28 158   1  2  0 -9 
28 217   1  2  0 -9 
28 265  -1  3  0 -9 
28 317   1  5  0 -9 
29 29   1  0  0 -9 
29 61  -1  4  0 -9 
29 69  -1  1  0 -9 
29 119  -1  1  0 -9 
29 159   1  2  0 -9 
29 218   1  2  0 -9 
29 266  -1  3  0 -9 
29 318   1  5  0 -9 
30  8  -1  1  0 -9 
30 30   1  0  0 -9 
30 56  -1  4  0 -9 
30 57   1  3  0 -9 
30 62  -1  4  0 -9 
30 70  -1  1  0 -9 
30 98   1  2  0 -9 
30 120  -1  1  0 -9 
30 146   1  5  0 -9 
30 147  -1  4  0 -9 
30 160   1  2  0 -9 
30 219   1  2  0 -9 
30 267  -1  3  0 -9 
30 319   1  5  0 -9 
31 31   1  0  0 -9 
31 58   1  3  0 -9 
31 63  -1  4  0 -9 
31 71  -1  1  0 -9 
31 121  -1  1  0 -9 
31 148  -1  4  0 -9 
31 161   1  2  0 -9 
31 220   1  2  0 -9 
31 268  -1  3  0 -9 
31 320   1  5  0 -9 
32 32   1  0  0 -9 
32 59   1  3  0 -9 
32 64  -1  4  0 -9 
32 72  -1  1  0 -9 
32 122  -1  1  0 -9 
32 149  -1  4  0 -9 
32 162   1  2  0 -9 
32 221   1  2  0 -9 
32 269  -1  3  0 -9 
32 321   1  5  0 -9 
33 33   1  0  0 -9 
33 58   1  2  0 -9 
33 62  -1  4  0 -9 
33 65  -1  4  0 -9 
33 73  -1  1  0 -9 
33 123  -1  1  0 -9 
33 148  -1  3  0 -9 
33 163   1  2  0 -9 
33 222   1  2  0 -9 
33 270  -1  3  0 -9 
33 319   1  5  0 -9 
33 322   1  5  0 -9 
34 34   1  0  0 -9 
34 59   1  2  0 -9 
34 66  -1  4  0 -9 
34 74  -1  1  0 -9 
34 124  -1  1  0 -9 
34 149  -1  3  0 -9 
34 164   1  2  0 -9 
34 223   1  2  0 -9 
34 271  -1  3  0 -9 
34 323   1  5  0 -9 
35 35   1  0  0 -9 
35 65  -1  4  0 -9 
35 75  -1  1  0 -9 
35 125  -1  1  0 -9 
35 165   1  2  0 -9 
35 224   1  2  0 -9 
35 272  -1  3  0 -9 
35 322   1  5  0 -9 
36 36   1  0  0 -9 
36 59   1  2  0 -9 
36 67  -1  4  0 -9 
36 76  -1  1  0 -9 
36 126  -1  1  0 -9 
36 149  -1  3  0 -9 
36 166   1  2  0 -9 
36 225   1  2  0 -9 
36 273  -1  3  0 -9 
36 324   1  5  0 -9 
37 12   1 -1  0 -9 
37 28   1 -1  0 -9 
37 37  -1 -2  0 -9 
37 60  -1  3  0 -9 
37 68  -1  0  0 -9 
37 77   1 -1  0 -9 
37 118  -1  0  0 -9 
37 127   1 -1  0 -9 
37 158   1  1  0 -9 
37 167  -1  0  0 -9 
37 209   1  2  0 -9 
37 236   1  2  0 -9 
37 257  -1  3  0 -9 
37 317   1  4  0 -9 
37 325  -1  3  0 -9 
38 15   1 -1  0 -9 
38 17  -1  0  0 -9 
38 25   1 -1  0 -9 
38 31   1 -1  0 -9 
38 38  -1 -2  0 -9 
38 58   1  2  0 -9 
38 63  -1  3  0 -9 
38 65  -1  4 -1  0  0 -9 
38 71  -1  0  0 -9 
38 78   1 -1  0 -9 
38 115  -1  0  0 -9 
38 121  -1  0  0 -9 
38 128   1 -1  0 -9 
38 148  -1  3  0 -9 
38 155   1  1  0 -9 
38 161   1  1  0 -9 
38 168  -1  0  0 -9 
38 212   1  2  0 -9 
38 237   1  2  0 -9 
38 260  -1  3  0 -9 
38 320   1  4  0 -9 
38 322   1  5  0 -9 
38 326  -1  3  0 -9 
39  8  -1  0  0 -9 
39 13   1 -1  0 -9 
39 14   1 -1  0 -9 
39 16   1 -1  0 -9 
39 18  -1  0  0 -9 
39 26   1 -1  0 -9 
39 29   1 -1  0 -9 
39 30   1 -1  0 -9 
39 32   1 -1  0 -9 
39 39  -1 -2  0 -9 
39 56  -1  3  0 -9 
39 57   1  2  0 -9 
39 59   1  2  0 -9 
39 61  -1  3  0 -9 
39 62  -1  3  0 -9 
39 64  -1  3  0 -9 
39 66  -1  4 -1  0  0 -9 
39 69  -1  0  0 -9 
39 70  -1  0  0 -9 
39 72  -1  0  0 -9 
39 79   1 -1  0 -9 
39 116  -1  0  0 -9 
39 119  -1  0  0 -9 
39 120  -1  0  0 -9 
39 122  -1  0  0 -9 
39 129   1 -1  0 -9 
39 146   1  4  0 -9 
39 147  -1  3  0 -9 
39 149  -1  3  0 -9 
39 156   1  1  0 -9 
39 159   1  1  0 -9 
39 160   1  1  0 -9 
39 162   1  1  0 -9 
39 169  -1  0  0 -9 
39 210   1  2  0 -9 
39 211   1  2  0 -9 
39 213   1  2  0 -9 
39 238   1  2  0 -9 
39 258  -1  3  0 -9 
39 259  -1  3  0 -9 
39 261  -1  3  0 -9 
39 318   1  4  0 -9 
39 319   1  4  0 -9 
39 321   1  4  0 -9 
39 323   1  5  0 -9 
39 327  -1  3  0 -9 
40 16   1 -1  0 -9 
40 19  -1  0  0 -9 
40 27   1 -1  0 -9 
40 32   1 -1  0 -9 
40 40  -1 -2  0 -9 
40 59   1  2  0 -9 
40 64  -1  3  0 -9 
40 67  -1  4 -1  0  0 -9 
40 72  -1  0  0 -9 
40 80   1 -1  0 -9 
40 117  -1  0  0 -9 
40 122  -1  0  0 -9 
40 130   1 -1  0 -9 
40 149  -1  3  0 -9 
40 157   1  1  0 -9 
40 162   1  1  0 -9 
40 170  -1  0  0 -9 
40 213   1  2  0 -9 
40 239   1  2  0 -9 
40 261  -1  3  0 -9 
40 321   1  4  0 -9 
40 324   1  5  0 -9 
40 328  -1  3  0 -9 
41 29   1 -1  0 -9 
41 41  -1 -2  0 -9 
41 61  -1  3  0 -9 
41 69  -1  0  0 -9 
41 81   1 -1  0 -9 
41 119  -1  0  0 -9 
41 131   1 -1  0 -9 
41 159   1  1  0 -9 
41 171  -1  0  0 -9 
41 240   1  2  0 -9 
41 318   1  4  0 -9 
41 329  -1  3  0 -9 
42 14   1 -1  0 -9 
42 33   1 -1  0 -9 
42 42  -1 -2  0 -9 
42 58   1  1  0 -9 
42 62  -1  3  0 -9 
42 65  -1  3  0 -9 
42 73  -1  0  0 -9 
42 82   1 -1  0 -9 
42 123  -1  0  0 -9 
42 132   1 -1  0 -9 
42 148  -1  2  0 -9 
42 163   1  1  0 -9 
42 172  -1  0  0 -9 
42 211   1  2  0 -9 
42 241   1  2  0 -9 
42 259  -1  3  0 -9 
42 319   1  4  0 -9 
42 322   1  4  0 -9 
42 330  -1  3  0 -9 
43 34   1 -1  0 -9 
43 43  -1 -2  0 -9 
43 59   1  1  0 -9 
43 66  -1  3  0 -9 
43 74  -1  0  0 -9 
43 83   1 -1  0 -9 
43 124  -1  0  0 -9 
43 133   1 -1  0 -9 
43 149  -1  2  0 -9 
43 164   1  1  0 -9 
43 173  -1  0  0 -9 
43 242   1  2  0 -9 
43 323   1  4  0 -9 
43 331  -1  3  0 -9 
44 29   1 -1  0 -9 
44 32   1 -1  0 -9 
44 35   1 -1  0 -9 
44 44  -1 -2  0 -9 
44 59   1  2  0 -9 
44 61  -1  3  0 -9 
44 64  -1  3  0 -9 
44 65  -1  3  0 -9 
44 69  -1  0  0 -9 
44 72  -1  0  0 -9 
44 75  -1  0  0 -9 
44 84   1 -1  0 -9 
44 119  -1  0  0 -9 
44 122  -1  0  0 -9 
44 125  -1  0  0 -9 
44 134   1 -1  0 -9 
44 149  -1  3  0 -9 
44 159   1  1  0 -9 
44 162   1  1  0 -9 
44 165   1  1  0 -9 
44 174  -1  0  0 -9 
44 243   1  2  0 -9 
44 318   1  4  0 -9 
44 321   1  4  0 -9 
44 322   1  4  0 -9 
44 332  -1  3  0 -9 
45 36   1 -1  0 -9 
45 45  -1 -2  0 -9 
45 59   1  1  0 -9 
45 67  -1  3  0 -9 
45 76  -1  0  0 -9 
45 85   1 -1  0 -9 
45 126  -1  0  0 -9 
45 135   1 -1  0 -9 
45 149  -1  2  0 -9 
45 166   1  1  0 -9 
45 175  -1  0  0 -9 
45 244   1  2  0 -9 
45 324   1  4  0 -9 
45 333  -1  3  0 -9 
46 15  -1  1  0 -9 
46 46   1  0  0 -9 
46 61  -1  4  0 -9 
46 65  -1  4  0 -9 
46 212   1  2  0 -9 
46 226  -1  1  0 -9 
46 260  -1  3  0 -9 
46 274   1  2  0 -9 
46 318   1  5  0 -9 
46 322   1  5  0 -9 
47 14  -1  1  0 -9 
47 16  -1  1  0 -9 
47 47   1  0  0 -9 
47 66  -1  4  0 -9 
47 211   1  2  0 -9 
47 213   1  2  0 -9 
47 227  -1  1  0 -9 
47 259  -1  3  0 -9 
47 261  -1  3  0 -9 
47 275   1  2  0 -9 
47 323   1  5  0 -9 
48 14   1 -1  0 -9 
48 48  -1 -2  0 -9 
48 62  -1  3  0 -9 
48 70  -1  0  0 -9 
48 77  -1  0  0 -9 
48 86   1 -1  0 -9 
48 211   1  2  0 -9 
48 228   1 -1  0 -9 
48 236   1  1  0 -9 
48 245  -1  0  0 -9 
48 259  -1  3  0 -9 
48 276  -1  0  0 -9 
48 319   1  4  0 -9 
48 325  -1  2  0 -9 
48 334   1  1  0 -9 
49 15  -1  0  0 -9 
49 29   1 -1  0 -9 
49 46   1 -1  0 -9 
49 49  -1 -2  0 -9 
49 61  -1  3  0 -9 
49 65  -1  3  0 -9 
49 69  -1  0  0 -9 
49 78  -1  0  0 -9 
49 87   1 -1  0 -9 
49 119  -1  0  0 -9 
49 159   1  1  0 -9 
49 212   1  1  0 -9 
49 218   1  1  0 -9 
49 220  -1  0  0 -9 
49 226  -1  0  0 -9 
49 229   1 -1  0 -9 
49 237   1  1  0 -9 
49 246  -1  0  0 -9 
49 260  -1  2  0 -9 
49 266  -1  2  0 -9 
49 268   1  1  0 -9 
49 274   1  1  0 -9 
49 277  -1  0  0 -9 
49 318   1  4  0 -9 
49 322   1  4  0 -9 
49 326  -1  2  0 -9 
49 335   1  1  0 -9 
50 14  -1  0  0 -9 
50 16  -1  0  0 -9 
50 47   1 -1  0 -9 
50 50  -1 -2  0 -9 
50 66  -1  3  0 -9 
50 79  -1  0  0 -9 
50 88   1 -1  0 -9 
50 211   1  1  0 -9 
50 213   1  1  0 -9 
50 219  -1  0  0 -9 
50 221  -1  0  0 -9 
50 227  -1  0  0 -9 
50 230   1 -1  0 -9 
50 238   1  1  0 -9 
50 247  -1  0  0 -9 
50 259  -1  2  0 -9 
50 261  -1  2  0 -9 
50 267   1  1  0 -9 
50 269   1  1  0 -9 
50 275   1  1  0 -9 
50 278  -1  0  0 -9 
50 323   1  4  0 -9 
50 327  -1  2  0 -9 
50 336   1  1  0 -9 
51 14  -1  0  0 -9 
51 51  -1 -2  0 -9 
51 61  -1  2 -1  0  0 -9 
51 62  -1  2 -1  0  0 -9 
51 63   1  1  0 -9 
51 65  -1  2 -1  0  0 -9 
51 71  -1  0  0 -9 
51 81  -1  0  0 -9 
51 82  -1  0  0 -9 
51 89   1 -1  0 -9 
51 211   1  1  0 -9 
51 231   1 -1  0 -9 
51 240   1  1  0 -9 
51 241   1  1  0 -9 
51 248  -1  0  0 -9 
51 259  -1  2  0 -9 
51 279  -1  0  0 -9 
51 318   1  3  0 -9 
51 319   1  3  0 -9 
51 320  -1  2  0 -9 
51 322   1  3  0 -9 
51 329  -1  2  0 -9 
51 330  -1  2  0 -9 
51 337   1  1  0 -9 
52 52  -1 -2  0 -9 
52 64   1  1  0 -9 
52 66  -1  2 -1  0  0 -9 
52 72  -1  0  0 -9 
52 83  -1  0  0 -9 
52 90   1 -1  0 -9 
52 232   1 -1  0 -9 
52 242   1  1  0 -9 
52 249  -1  0  0 -9 
52 280  -1  0  0 -9 
52 321  -1  2  0 -9 
52 323   1  3  0 -9 
52 331  -1  2  0 -9 
52 338   1  1  0 -9 
53 53  -1 -2  0 -9 
53 61  -1  2 -1  0  0 -9 
53 65  -1  2 -1  0  0 -9 
53 84  -1  0  0 -9 
53 91   1 -1  0 -9 
53 221  -1  0  0 -9 
53 233   1 -1  0 -9 
53 243   1  1  0 -9 
53 250  -1  0  0 -9 
53 269   1  1  0 -9 
53 281  -1  0  0 -9 
53 318   1  3  0 -9 
53 322   1  3  0 -9 
53 332  -1  2  0 -9 
53 339   1  1  0 -9 
54 14  -1  0  0 -9 
54 16  -1  0  0 -9 
54 17  -1  0  0 -9 
54 25   1 -1  0 -9 
54 34   1 -1  0 -9 
54 47   1 -1  0 -9 
54 54  -1 -2  0 -9 
54 59   1  1  0 -9 
54 65  -1  4 -1  2 -2  0  0 -9 
54 66  -1  3  0 -9 
54 67   1  1  0 -9 
54 74  -1  0  0 -9 
54 80  -1  0  0 -9 
54 82  -1  0  0 -9 
54 92   1 -1  0 -9 
54 115  -1  0  0 -9 
54 124  -1  0  0 -9 
54 149  -1  2  0 -9 
54 155   1  1  0 -9 
54 164   1  1  0 -9 
54 211   1  1  0 -9 
54 213   1  1  0 -9 
54 214   1  1  0 -9 
54 216  -1  0  0 -9 
54 221  -1  0  0 -9 
54 222  -1  0  0 -9 
54 223   1  1  0 -9 
54 227  -1  0  0 -9 
54 234   1 -1  0 -9 
54 239   1  1  0 -9 
54 241   1  1  0 -9 
54 251  -1  0  0 -9 
54 259  -1  2  0 -9 
54 261  -1  2  0 -9 
54 262  -1  2  0 -9 
54 264   1  1  0 -9 
54 269   1  1  0 -9 
54 270   1  1  0 -9 
54 271  -1  2  0 -9 
54 275   1  1  0 -9 
54 282  -1  0  0 -9 
54 322   1  5  1  3  0 -9 
54 323   1  4  0 -9 
54 324  -1  2  0 -9 
54 328  -1  2  0 -9 
54 330  -1  2  0 -9 
54 340   1  1  0 -9 
55 35   1 -1  0 -9 
55 55  -1 -2  0 -9 
55 65  -1  3  0 -9 
55 75  -1  0  0 -9 
55 85  -1  0  0 -9 
55 93   1 -1  0 -9 
55 125  -1  0  0 -9 
55 165   1  1  0 -9 
55 224   1  1  0 -9 
55 225  -1  0  0 -9 
55 235   1 -1  0 -9 
55 244   1  1  0 -9 
55 252  -1  0  0 -9 
55 272  -1  2  0 -9 
55 273   1  1  0 -9 
55 283  -1  0  0 -9 
55 322   1  4  0 -9 
55 333  -1  2  0 -9 
55 341   1  1  0 -9 
56 56  -1  6  0 -9 
56 146   1  7  0 -9 
57 57  -1  6  0 -9 
57 147   1  7  0 -9 
58 58  -1  6  0 -9 
58 148   1  7  0 -9 
59 59  -1  6  0 -9 
59 149   1  7  0 -9 
60 60  -1  6  0 -9 
60 317   1  7  0 -9 
61 61  -1  6  0 -9 
61 318   1  7  0 -9 
62 62  -1  6  0 -9 
62 319   1  7  0 -9 
63 63  -1  6  0 -9 
63 320   1  7  0 -9 
64 64  -1  6  0 -9 
64 321   1  7  0 -9 
65 65  -1  6  0 -9 
65 322   1  7  0 -9 
66 66  -1  6  0 -9 
66 323   1  7  0 -9 
67 67  -1  6  0 -9 
67 324   1  7  0 -9 
68 60  -1  5  0 -9 
68 217   1  3  0 -9 
68 265  -1  4  0 -9 
68 317   1  6  0 -9 
69 61  -1  5  0 -9 
69 218   1  3  0 -9 
69 266  -1  4  0 -9 
69 318   1  6  0 -9 
70 62  -1  5  0 -9 
70 219   1  3  0 -9 
70 267  -1  4  0 -9 
70 319   1  6  0 -9 
71 63  -1  5  0 -9 
71 220   1  3  0 -9 
71 268  -1  4  0 -9 
71 320   1  6  0 -9 
72 64  -1  5  0 -9 
72 221   1  3  0 -9 
72 269  -1  4  0 -9 
72 321   1  6  0 -9 
73 58  -1  5  0 -9 
73 62  -1  5  0 -9 
73 65  -1  5  0 -9 
73 148   1  6  0 -9 
73 222   1  3  0 -9 
73 270  -1  4  0 -9 
73 319   1  6  0 -9 
73 322   1  6  0 -9 
74 59  -1  5  0 -9 
74 66  -1  5  0 -9 
74 149   1  6  0 -9 
74 223   1  3  0 -9 
74 271  -1  4  0 -9 
74 323   1  6  0 -9 
75 59  -1  4  0 -9 
75 65  -1  5  0 -9 
75 149   1  5  0 -9 
75 224   1  3  0 -9 
75 272  -1  4  0 -9 
75 322   1  6  0 -9 
76 59  -1  5  0 -9 
76 67  -1  5  0 -9 
76 149   1  6  0 -9 
76 225   1  3  0 -9 
76 273  -1  4  0 -9 
76 324   1  6  0 -9 
77 236   1  3  0 -9 
77 325  -1  4  0 -9 
78 65  -1  5  0 -9 
78 237   1  3  0 -9 
78 322   1  6  0 -9 
78 326  -1  4  0 -9 
79 66  -1  5  0 -9 
79 238   1  3  0 -9 
79 323   1  6  0 -9 
79 327  -1  4  0 -9 
80 67  -1  5  0 -9 
80 239   1  3  0 -9 
80 324   1  6  0 -9 
80 328  -1  4  0 -9 
81 61  -1  4  0 -9 
81 240   1  3  0 -9 
81 318   1  5  0 -9 
81 329  -1  4  0 -9 
82 65  -1  4  0 -9 
82 241   1  3  0 -9 
82 322   1  5  0 -9 
82 330  -1  4  0 -9 
83 66  -1  4  0 -9 
83 242   1  3  0 -9 
83 323   1  5  0 -9 
83 331  -1  4  0 -9 
84 61  -1  4  0 -9 
84 64  -1  4  0 -9 
84 65  -1  4  0 -9 
84 243   1  3  0 -9 
84 318   1  5  0 -9 
84 321   1  5  0 -9 
84 322   1  5  0 -9 
84 332  -1  4  0 -9 
85 67  -1  4  0 -9 
85 244   1  3  0 -9 
85 324   1  5  0 -9 
85 333  -1  4  0 -9 
86 62  -1  4  0 -9 
86 70  -1  1  0 -9 
86 77  -1  1  0 -9 
86 86   1  0  0 -9 
86 219   1  2  0 -9 
86 236   1  2  0 -9 
86 245  -1  1  0 -9 
86 267  -1  3  0 -9 
86 319   1  5  0 -9 
86 325  -1  3  0 -9 
86 334   1  2  0 -9 
87 65  -1  4  0 -9 
87 78  -1  1  0 -9 
87 87   1  0  0 -9 
87 237   1  2  0 -9 
87 246  -1  1  0 -9 
87 322   1  5  0 -9 
87 326  -1  3  0 -9 
87 335   1  2  0 -9 
88 66  -1  4  0 -9 
88 79  -1  1  0 -9 
88 88   1  0  0 -9 
88 238   1  2  0 -9 
88 247  -1  1  0 -9 
88 323   1  5  0 -9 
88 327  -1  3  0 -9 
88 336   1  2  0 -9 
89 14  -1  1  0 -9 
89 61  -1  5 -1  3 -1  1  0 -9 
89 62  -1  5 -1  3 -1  1  0 -9 
89 63   1  2  0 -9 
89 65  -1  5 -1  3 -1  1  0 -9 
89 71  -1  1  0 -9 
89 81  -1  1  0 -9 
89 82  -1  1  0 -9 
89 89   1  0  0 -9 
89 211   1  2  0 -9 
89 220   1  2  0 -9 
89 240   1  2  0 -9 
89 241   1  2  0 -9 
89 248  -1  1  0 -9 
89 259  -1  3  0 -9 
89 268  -1  3  0 -9 
89 318   1  6  1  4  0 -9 
89 319   1  6  1  4  0 -9 
89 320  -1  3  0 -9 
89 322   1  6  1  4  0 -9 
89 329  -1  3  0 -9 
89 330  -1  3  0 -9 
89 337   1  2  0 -9 
90 64   1  2  0 -9 
90 66  -1  5 -1  3 -1  1  0 -9 
90 72  -1  1  0 -9 
90 83  -1  1  0 -9 
90 90   1  0  0 -9 
90 221   1  2  0 -9 
90 242   1  2  0 -9 
90 249  -1  1  0 -9 
90 269  -1  3  0 -9 
90 321  -1  3  0 -9 
90 323   1  6  1  4  0 -9 
90 331  -1  3  0 -9 
90 338   1  2  0 -9 
91 61  -1  5 -1  3 -1  1  0 -9 
91 65  -1  5 -1  3 -1  1  0 -9 
91 84  -1  1  0 -9 
91 91   1  0  0 -9 
91 243   1  2  0 -9 
91 250  -1  1  0 -9 
91 318   1  6  1  4  0 -9 
91 322   1  6  1  4  0 -9 
91 332  -1  3  0 -9 
91 339   1  2  0 -9 
92 65  -1  5 -1  3 -1  1  0 -9 
92 67   1  2  0 -9 
92 80  -1  1  0 -9 
92 82  -1  1  0 -9 
92 92   1  0  0 -9 
92 239   1  2  0 -9 
92 241   1  2  0 -9 
92 251  -1  1  0 -9 
92 322   1  6  1  4  0 -9 
92 324  -1  3  0 -9 
92 328  -1  3  0 -9 
92 330  -1  3  0 -9 
92 340   1  2  0 -9 
93 65  -1  4  0 -9 
93 85  -1  1  0 -9 
93 93   1  0  0 -9 
93 244   1  2  0 -9 
93 252  -1  1  0 -9 
93 322   1  5  0 -9 
93 333  -1  3  0 -9 
93 341   1  2  0 -9 
94 65  -1  3  0 -9 
94 78  -1  0  0 -9 
94 82   1 -1  0 -9 
94 87   1 -1  0 -9 
94 94  -1 -2  0 -9 
94 241   1  2  0 -9 
94 246  -1  0  0 -9 
94 253   1 -1  0 -9 
94 322   1  4  0 -9 
94 330  -1  3  0 -9 
94 335   1  1  0 -9 
94 342  -1  0  0 -9 
95 66  -1  3  0 -9 
95 77   1 -1  0 -9 
95 79  -1  0  0 -9 
95 83   1 -1  0 -9 
95 88   1 -1  0 -9 
95 95  -1 -2  0 -9 
95 236   1  2  0 -9 
95 242   1  2  0 -9 
95 247  -1  0  0 -9 
95 254   1 -1  0 -9 
95 323   1  4  0 -9 
95 325  -1  3  0 -9 
95 331  -1  3  0 -9 
95 336   1  1  0 -9 
95 343  -1  0  0 -9 
96 65  -1  2 -1  0  0 -9 
96 67   1  1  0 -9 
96 80  -1  0  0 -9 
96 82  -1  0  0 -9 
96 92   1 -1  0 -9 
96 96  -1 -2  0 -9 
96 241   1  1  0 -9 
96 251  -1  0  0 -9 
96 255   1 -1  0 -9 
96 322   1  3  0 -9 
96 324  -1  2  0 -9 
96 330  -1  2  0 -9 
96 340   1  1  0 -9 
96 344  -1  0  0 -9 
97 65  -1  3  0 -9 
97 78  -1  0  0 -9 
97 85  -1  0  0 -9 
97 87   1 -1  0 -9 
97 93   1 -1  0 -9 
97 97  -1 -2  0 -9 
97 237   1  1  0 -9 
97 239  -1  0  0 -9 
97 244   1  1  0 -9 
97 246  -1  0  0 -9 
97 252  -1  0  0 -9 
97 256   1 -1  0 -9 
97 322   1  4  0 -9 
97 326  -1  2  0 -9 
97 328   1  1  0 -9 
97 333  -1  2  0 -9 
97 335   1  1  0 -9 
97 341   1  1  0 -9 
97 345  -1  0  0 -9 
98  8   1  3  0 -9 
98 56  -1  4  0 -9 
99  9   1  3  0 -9 
99 57  -1  4  0 -9 
100 10   1  3  0 -9 
100 58  -1  4  0 -9 
101 11   1  3  0 -9 
101 59  -1  4  0 -9 
102 12  -1  1  0 -9 
102 60  -1  3  0 -9 
102 102   1  0  0 -9 
102 110  -1  1  0 -9 
102 146  -1  3  0 -9 
102 150   1  2  0 -9 
102 209   1  2  0 -9 
102 257  -1  3  0 -9 
102 317   1  4  0 -9 
103  8   1  2  0 -9 
103 13  -1  1  0 -9 
103 56  -1  3  0 -9 
103 61  -1  3  0 -9 
103 98  -1  1  0 -9 
103 103   1  0  0 -9 
103 111  -1  1  0 -9 
103 151   1  2  0 -9 
103 210   1  2  0 -9 
103 258  -1  3  0 -9 
103 318   1  4  0 -9 
104 14  -1  1  0 -9 
104 62  -1  3  0 -9 
104 104   1  0  0 -9 
104 112  -1  1  0 -9 
104 147  -1  3  0 -9 
104 152   1  2  0 -9 
104 211   1  2  0 -9 
104 259  -1  3  0 -9 
104 319   1  4  0 -9 
105 15  -1  1  0 -9 
105 63  -1  3  0 -9 
105 105   1  0  0 -9 
105 113  -1  1  0 -9 
105 146  -1  3  0 -9 
105 148  -1  3  0 -9 
105 153   1  2  0 -9 
105 212   1  2  0 -9 
105 260  -1  3  0 -9 
105 320   1  4  0 -9 
106 16  -1  1  0 -9 
106 64  -1  3  0 -9 
106 106   1  0  0 -9 
106 114  -1  1  0 -9 
106 149  -1  3  0 -9 
106 154   1  2  0 -9 
106 213   1  2  0 -9 
106 261  -1  3  0 -9 
106 321   1  4  0 -9 
107 10   1  2  0 -9 
107 17  -1  1  0 -9 
107 58  -1  3  0 -9 
107 65  -1  3  0 -9 
107 100  -1  1  0 -9 
107 107   1  0  0 -9 
107 115  -1  1  0 -9 
107 155   1  2  0 -9 
107 214   1  2  0 -9 
107 262  -1  3  0 -9 
107 322   1  4  0 -9 
108  9   1  2  0 -9 
108 11   1  2  0 -9 
108 18  -1  1  0 -9 
108 57  -1  3  0 -9 
108 59  -1  3  0 -9 
108 66  -1  3  0 -9 
108 99  -1  1  0 -9 
108 101  -1  1  0 -9 
108 108   1  0  0 -9 
108 116  -1  1  0 -9 
108 156   1  2  0 -9 
108 215   1  2  0 -9 
108 263  -1  3  0 -9 
108 323   1  4  0 -9 
109 11   1  2  0 -9 
109 19  -1  1  0 -9 
109 59  -1  3  0 -9 
109 67  -1  3  0 -9 
109 101  -1  1  0 -9 
109 109   1  0  0 -9 
109 117  -1  1  0 -9 
109 157   1  2  0 -9 
109 216   1  2  0 -9 
109 264  -1  3  0 -9 
109 324   1  4  0 -9 
110 60  -1  4  0 -9 
110 146  -1  4  0 -9 
110 150   1  3  0 -9 
110 257  -1  4  0 -9 
110 317   1  5  0 -9 
111 61  -1  4  0 -9 
111 151   1  3  0 -9 
111 258  -1  4  0 -9 
111 318   1  5  0 -9 
112 62  -1  4  0 -9 
112 147  -1  4  0 -9 
112 152   1  3  0 -9 
112 259  -1  4  0 -9 
112 319   1  5  0 -9 
113 63  -1  4  0 -9 
113 146  -1  4  0 -9 
113 148  -1  4  0 -9 
113 153   1  3  0 -9 
113 260  -1  4  0 -9 
113 320   1  5  0 -9 
114 64  -1  4  0 -9 
114 149  -1  4  0 -9 
114 154   1  3  0 -9 
114 261  -1  4  0 -9 
114 321   1  5  0 -9 
115 65  -1  4  0 -9 
115 155   1  3  0 -9 
115 262  -1  4  0 -9 
115 322   1  5  0 -9 
116 66  -1  4  0 -9 
116 156   1  3  0 -9 
116 263  -1  4  0 -9 
116 323   1  5  0 -9 
117 67  -1  4  0 -9 
117 157   1  3  0 -9 
117 264  -1  4  0 -9 
117 324   1  5  0 -9 
118 158   1  3  0 -9 
118 176  -1  4  0 -9 
118 265  -1  4  0 -9 
118 346   1  5  0 -9 
119 159   1  3  0 -9 
119 177  -1  4  0 -9 
119 266  -1  4  0 -9 
119 347   1  5  0 -9 
120 160   1  3  0 -9 
120 178  -1  4  0 -9 
120 267  -1  4  0 -9 
120 348   1  5  0 -9 
121 161   1  3  0 -9 
121 179  -1  4  0 -9 
121 268  -1  4  0 -9 
121 349   1  5  0 -9 
122 162   1  3  0 -9 
122 180  -1  4  0 -9 
122 269  -1  4  0 -9 
122 350   1  5  0 -9 
123 148  -1  4  0 -9 
123 163   1  3  0 -9 
123 181  -1  4  0 -9 
123 270  -1  4  0 -9 
123 351   1  5  0 -9 
124 149  -1  4  0 -9 
124 164   1  3  0 -9 
124 182  -1  4  0 -9 
124 271  -1  4  0 -9 
124 352   1  5  0 -9 
125 165   1  3  0 -9 
125 183  -1  4  0 -9 
125 272  -1  4  0 -9 
125 353   1  5  0 -9 
126 149  -1  4  0 -9 
126 166   1  3  0 -9 
126 184  -1  4  0 -9 
126 273  -1  4  0 -9 
126 354   1  5  0 -9 
127 118  -1  1  0 -9 
127 127   1  0  0 -9 
127 158   1  2  0 -9 
127 167  -1  1  0 -9 
127 176  -1  3  0 -9 
127 265  -1  3  0 -9 
127 284   1  2  0 -9 
127 346   1  4  0 -9 
127 355  -1  3  0 -9 
128 65  -1  3  0 -9 
128 115  -1  1  0 -9 
128 121  -1  1  0 -9 
128 128   1  0  0 -9 
128 155   1  2  0 -9 
128 161   1  2  0 -9 
128 168  -1  1  0 -9 
128 179  -1  3  0 -9 
128 262  -1  3  0 -9 
128 268  -1  3  0 -9 
128 285   1  2  0 -9 
128 322   1  4  0 -9 
128 349   1  4  0 -9 
128 356  -1  3  0 -9 
129 66  -1  3  0 -9 
129 116  -1  1  0 -9 
129 119  -1  1  0 -9 
129 120  -1  1  0 -9 
129 122  -1  1  0 -9 
129 129   1  0  0 -9 
129 156   1  2  0 -9 
129 159   1  2  0 -9 
129 160   1  2  0 -9 
129 162   1  2  0 -9 
129 169  -1  1  0 -9 
129 177  -1  3  0 -9 
129 178  -1  3  0 -9 
129 180  -1  3  0 -9 
129 263  -1  3  0 -9 
129 266  -1  3  0 -9 
129 267  -1  3  0 -9 
129 269  -1  3  0 -9 
129 286   1  2  0 -9 
129 323   1  4  0 -9 
129 347   1  4  0 -9 
129 348   1  4  0 -9 
129 350   1  4  0 -9 
129 357  -1  3  0 -9 
130 67  -1  3  0 -9 
130 117  -1  1  0 -9 
130 122  -1  1  0 -9 
130 130   1  0  0 -9 
130 157   1  2  0 -9 
130 162   1  2  0 -9 
130 170  -1  1  0 -9 
130 180  -1  3  0 -9 
130 264  -1  3  0 -9 
130 269  -1  3  0 -9 
130 287   1  2  0 -9 
130 324   1  4  0 -9 
130 350   1  4  0 -9 
130 358  -1  3  0 -9 
131 119  -1  1  0 -9 
131 131   1  0  0 -9 
131 159   1  2  0 -9 
131 171  -1  1  0 -9 
131 177  -1  3  0 -9 
131 266  -1  3  0 -9 
131 288   1  2  0 -9 
131 347   1  4  0 -9 
131 359  -1  3  0 -9 
132 123  -1  1  0 -9 
132 132   1  0  0 -9 
132 148  -1  3  0 -9 
132 163   1  2  0 -9 
132 172  -1  1  0 -9 
132 181  -1  3  0 -9 
132 270  -1  3  0 -9 
132 289   1  2  0 -9 
132 351   1  4  0 -9 
132 360  -1  3  0 -9 
133 124  -1  1  0 -9 
133 133   1  0  0 -9 
133 149  -1  3  0 -9 
133 164   1  2  0 -9 
133 173  -1  1  0 -9 
133 182  -1  3  0 -9 
133 271  -1  3  0 -9 
133 290   1  2  0 -9 
133 352   1  4  0 -9 
133 361  -1  3  0 -9 
134 119  -1  1  0 -9 
134 122  -1  1  0 -9 
134 125  -1  1  0 -9 
134 134   1  0  0 -9 
134 159   1  2  0 -9 
134 162   1  2  0 -9 
134 165   1  2  0 -9 
134 174  -1  1  0 -9 
134 177  -1  3  0 -9 
134 180  -1  3  0 -9 
134 183  -1  3  0 -9 
134 266  -1  3  0 -9 
134 269  -1  3  0 -9 
134 272  -1  3  0 -9 
134 291   1  2  0 -9 
134 347   1  4  0 -9 
134 350   1  4  0 -9 
134 353   1  4  0 -9 
134 362  -1  3  0 -9 
135 126  -1  1  0 -9 
135 135   1  0  0 -9 
135 149  -1  3  0 -9 
135 166   1  2  0 -9 
135 175  -1  1  0 -9 
135 184  -1  3  0 -9 
135 273  -1  3  0 -9 
135 292   1  2  0 -9 
135 354   1  4  0 -9 
135 363  -1  3  0 -9 
136 15  -1  0  0 -9 
136 46   1 -1  0 -9 
136 61  -1  3  0 -9 
136 65  -1  3  0 -9 
136 105   1 -1  0 -9 
136 111   1 -1  0 -9 
136 113  -1  0  0 -9 
136 115   1 -1  0 -9 
136 136  -1 -2  0 -9 
136 151   1  2  0 -9 
136 155   1  2  0 -9 
136 212   1  1  0 -9 
136 226  -1  0  0 -9 
136 258  -1  3  0 -9 
136 262  -1  3  0 -9 
136 318   1  4  0 -9 
136 322   1  4  0 -9 
137 14  -1  0  0 -9 
137 16  -1  0  0 -9 
137 47   1 -1  0 -9 
137 66  -1  3  0 -9 
137 104   1 -1  0 -9 
137 106   1 -1  0 -9 
137 112  -1  0  0 -9 
137 114  -1  0  0 -9 
137 116   1 -1  0 -9 
137 137  -1 -2  0 -9 
137 156   1  2  0 -9 
137 211   1  1  0 -9 
137 213   1  1  0 -9 
137 227  -1  0  0 -9 
137 263  -1  3  0 -9 
137 323   1  4  0 -9 
138 14  -1  0  0 -9 
138 62  -1  2 -1  0  0 -9 
138 104   1 -1  0 -9 
138 112  -1  0  0 -9 
138 118  -1  0  0 -9 
138 127   1 -1  0 -9 
138 138  -1 -2  0 -9 
138 147  -1  2  0 -9 
138 152   1  1  0 -9 
138 158   1  1  0 -9 
138 160  -1  0  0 -9 
138 167  -1  0  0 -9 
138 176  -1  2 -1  0  0 -9 
138 178   1  1  0 -9 
138 191   1 -1  0 -9 
138 211   1  1  0 -9 
138 259  -1  2  0 -9 
138 265  -1  2  0 -9 
138 267   1  1  0 -9 
138 284   1  1  0 -9 
138 299  -1  0  0 -9 
138 319   1  3  0 -9 
138 346   1  3  0 -9 
138 348  -1  2  0 -9 
138 355  -1  2  0 -9 
138 370   1  1  0 -9 
139 65  -1  2 -1  0  0 -9 
139 115  -1  0  0 -9 
139 119   1 -1  0 -9 
139 121  -1  0  0 -9 
139 128   1 -1  0 -9 
139 139  -1 -2  0 -9 
139 155   1  1  0 -9 
139 159   1  2  0 -9 
139 168  -1  0  0 -9 
139 177  -1  3  0 -9 
139 192   1 -1  0 -9 
139 262  -1  2  0 -9 
139 266  -1  3  0 -9 
139 285   1  1  0 -9 
139 300  -1  0  0 -9 
139 322   1  3  0 -9 
139 347   1  4  0 -9 
139 356  -1  2  0 -9 
139 371   1  1  0 -9 
140 66  -1  2 -1  0  0 -9 
140 116  -1  0  0 -9 
140 119  -1  0  0 -9 
140 120  -1  0  0 -9 
140 122  -1  0  0 -9 
140 129   1 -1  0 -9 
140 140  -1 -2  0 -9 
140 156   1  1  0 -9 
140 159   1  1  0 -9 
140 169  -1  0  0 -9 
140 177  -1  2 -1  0  0 -9 
140 193   1 -1  0 -9 
140 263  -1  2  0 -9 
140 266  -1  2  0 -9 
140 286   1  1  0 -9 
140 301  -1  0  0 -9 
140 323   1  3  0 -9 
140 347   1  3  0 -9 
140 357  -1  2  0 -9 
140 372   1  1  0 -9 
141 119  -1  0  0 -9 
141 123  -1  0  0 -9 
141 131   1 -1  0 -9 
141 132   1 -1  0 -9 
141 141  -1 -2  0 -9 
141 148  -1  2  0 -9 
141 159   1  1  0 -9 
141 161  -1  0  0 -9 
141 163   1  1  0 -9 
141 171  -1  0  0 -9 
141 172  -1  0  0 -9 
141 177  -1  2 -1  0  0 -9 
141 179   1  1  0 -9 
141 181  -1  2 -1  0  0 -9 
141 194   1 -1  0 -9 
141 266  -1  2  0 -9 
141 268   1  1  0 -9 
141 270  -1  2  0 -9 
141 288   1  1  0 -9 
141 289   1  1  0 -9 
141 302  -1  0  0 -9 
141 347   1  3  0 -9 
141 349  -1  2  0 -9 
141 351   1  3  0 -9 
141 359  -1  2  0 -9 
141 360  -1  2  0 -9 
141 373   1  1  0 -9 
142 124  -1  0  0 -9 
142 133   1 -1  0 -9 
142 142  -1 -2  0 -9 
142 149  -1  2  0 -9 
142 162  -1  0  0 -9 
142 164   1  1  0 -9 
142 173  -1  0  0 -9 
142 180   1  1  0 -9 
142 182  -1  2 -1  0  0 -9 
142 195   1 -1  0 -9 
142 269   1  1  0 -9 
142 271  -1  2  0 -9 
142 290   1  1  0 -9 
142 303  -1  0  0 -9 
142 350  -1  2  0 -9 
142 352   1  3  0 -9 
142 361  -1  2  0 -9 
142 374   1  1  0 -9 
143 119  -1  0  0 -9 
143 122  -1  0  0 -9 
143 125  -1  0  0 -9 
143 134   1 -1  0 -9 
143 143  -1 -2  0 -9 
143 159   1  1  0 -9 
143 165   1  1  0 -9 
143 174  -1  0  0 -9 
143 177  -1  2 -1  0  0 -9 
143 183  -1  2 -1  0  0 -9 
143 196   1 -1  0 -9 
143 266  -1  2  0 -9 
143 272  -1  2  0 -9 
143 291   1  1  0 -9 
143 304  -1  0  0 -9 
143 347   1  3  0 -9 
143 353   1  3  0 -9 
143 362  -1  2  0 -9 
143 375   1  1  0 -9 
144 65  -1  3  0 -9 
144 115   1 -1  0 -9 
144 117  -1  0  0 -9 
144 122  -1  0  0 -9 
144 123  -1  0  0 -9 
144 124   1 -1  0 -9 
144 130   1 -1  0 -9 
144 132   1 -1  0 -9 
144 144  -1 -2  0 -9 
144 149  -1  3  0 -9 
144 155   1  2  0 -9 
144 164   1  2  0 -9 
144 170  -1  0  0 -9 
144 172  -1  0  0 -9 
144 182  -1  3  0 -9 
144 197   1 -1  0 -9 
144 262  -1  3  0 -9 
144 271  -1  3  0 -9 
144 287   1  1  0 -9 
144 289   1  1  0 -9 
144 305  -1  0  0 -9 
144 322   1  4  0 -9 
144 352   1  4  0 -9 
144 358  -1  2  0 -9 
144 360  -1  2  0 -9 
144 376   1  1  0 -9 
145 125   1 -1  0 -9 
145 126  -1  0  0 -9 
145 135   1 -1  0 -9 
145 145  -1 -2  0 -9 
145 165   1  2  0 -9 
145 175  -1  0  0 -9 
145 183  -1  3  0 -9 
145 198   1 -1  0 -9 
145 272  -1  3  0 -9 
145 292   1  1  0 -9 
145 306  -1  0  0 -9 
145 353   1  4  0 -9 
145 363  -1  2  0 -9 
145 377   1  1  0 -9 
146 146   1  8  0 -9 
147 147   1  8  0 -9 
148 148   1  8  0 -9 
149 149   1  8  0 -9 
150 60  -1  5  0 -9 
150 110   1  3  0 -9 
150 146   1  7  0 -9 
150 257  -1  5  0 -9 
150 317   1  6  0 -9 
151 61  -1  5  0 -9 
151 111   1  3  0 -9 
151 146   1  6  0 -9 
151 258  -1  5  0 -9 
151 318   1  6  0 -9 
152 62  -1  5  0 -9 
152 112   1  3  0 -9 
152 147   1  7  0 -9 
152 259  -1  5  0 -9 
152 319   1  6  0 -9 
153 63  -1  5  0 -9 
153 113   1  3  0 -9 
153 146   1  7  0 -9 
153 148   1  7  0 -9 
153 260  -1  5  0 -9 
153 320   1  6  0 -9 
154 64  -1  5  0 -9 
154 114   1  3  0 -9 
154 149   1  7  0 -9 
154 261  -1  5  0 -9 
154 321   1  6  0 -9 
155 65  -1  5  0 -9 
155 115   1  3  0 -9 
155 148   1  6  0 -9 
155 262  -1  5  0 -9 
155 322   1  6  0 -9 
156 66  -1  5  0 -9 
156 116   1  3  0 -9 
156 147   1  6  0 -9 
156 149   1  6  0 -9 
156 263  -1  5  0 -9 
156 323   1  6  0 -9 
157 67  -1  5  0 -9 
157 117   1  3  0 -9 
157 149   1  6  0 -9 
157 264  -1  5  0 -9 
157 324   1  6  0 -9 
158 118   1  3  0 -9 
158 176  -1  5  0 -9 
158 265  -1  5  0 -9 
158 346   1  6  0 -9 
159 119   1  3  0 -9 
159 177  -1  5  0 -9 
159 266  -1  5  0 -9 
159 347   1  6  0 -9 
160 120   1  3  0 -9 
160 147   1  6  0 -9 
160 178  -1  5  0 -9 
160 267  -1  5  0 -9 
160 348   1  6  0 -9 
161 121   1  3  0 -9 
161 148   1  6  0 -9 
161 179  -1  5  0 -9 
161 268  -1  5  0 -9 
161 349   1  6  0 -9 
162 122   1  3  0 -9 
162 149   1  6  0 -9 
162 180  -1  5  0 -9 
162 269  -1  5  0 -9 
162 350   1  6  0 -9 
163 123   1  3  0 -9 
163 148   1  7  0 -9 
163 181  -1  5  0 -9 
163 270  -1  5  0 -9 
163 351   1  6  0 -9 
164 124   1  3  0 -9 
164 149   1  7  0 -9 
164 182  -1  5  0 -9 
164 271  -1  5  0 -9 
164 352   1  6  0 -9 
165 125   1  3  0 -9 
165 149   1  6  0 -9 
165 183  -1  5  0 -9 
165 272  -1  5  0 -9 
165 353   1  6  0 -9 
166 126   1  3  0 -9 
166 149   1  7  0 -9 
166 184  -1  5  0 -9 
166 273  -1  5  0 -9 
166 354   1  6  0 -9 
167 176  -1  4  0 -9 
167 265  -1  4  0 -9 
167 284   1  3  0 -9 
167 346   1  5  0 -9 
167 355  -1  4  0 -9 
168 65  -1  4  0 -9 
168 148   1  5  0 -9 
168 179  -1  4  0 -9 
168 262  -1  4  0 -9 
168 268  -1  4  0 -9 
168 285   1  3  0 -9 
168 322   1  5  0 -9 
168 349   1  5  0 -9 
168 356  -1  4  0 -9 
169 66  -1  4  0 -9 
169 147   1  5  0 -9 
169 149   1  5  0 -9 
169 177  -1  4  0 -9 
169 178  -1  4  0 -9 
169 180  -1  4  0 -9 
169 263  -1  4  0 -9 
169 266  -1  4  0 -9 
169 267  -1  4  0 -9 
169 269  -1  4  0 -9 
169 286   1  3  0 -9 
169 323   1  5  0 -9 
169 347   1  5  0 -9 
169 348   1  5  0 -9 
169 350   1  5  0 -9 
169 357  -1  4  0 -9 
170 67  -1  4  0 -9 
170 149   1  5  0 -9 
170 180  -1  4  0 -9 
170 264  -1  4  0 -9 
170 269  -1  4  0 -9 
170 287   1  3  0 -9 
170 324   1  5  0 -9 
170 350   1  5  0 -9 
170 358  -1  4  0 -9 
171 177  -1  4  0 -9 
171 266  -1  4  0 -9 
171 288   1  3  0 -9 
171 347   1  5  0 -9 
171 359  -1  4  0 -9 
172 181  -1  4  0 -9 
172 270  -1  4  0 -9 
172 289   1  3  0 -9 
172 351   1  5  0 -9 
172 360  -1  4  0 -9 
173 182  -1  4  0 -9 
173 271  -1  4  0 -9 
173 290   1  3  0 -9 
173 352   1  5  0 -9 
173 361  -1  4  0 -9 
174 149   1  5  0 -9 
174 177  -1  4  0 -9 
174 180  -1  4  0 -9 
174 183  -1  4  0 -9 
174 266  -1  4  0 -9 
174 269  -1  4  0 -9 
174 272  -1  4  0 -9 
174 291   1  3  0 -9 
174 347   1  5  0 -9 
174 350   1  5  0 -9 
174 353   1  5  0 -9 
174 362  -1  4  0 -9 
175 184  -1  4  0 -9 
175 273  -1  4  0 -9 
175 292   1  3  0 -9 
175 354   1  5  0 -9 
175 363  -1  4  0 -9 
176 176  -1  6  0 -9 
176 346   1  7  0 -9 
177 177  -1  6  0 -9 
177 347   1  7  0 -9 
178 147   1  7  0 -9 
178 178  -1  6  0 -9 
178 348   1  7  0 -9 
179 148   1  7  0 -9 
179 179  -1  6  0 -9 
179 349   1  7  0 -9 
180 149   1  7  0 -9 
180 180  -1  6  0 -9 
180 350   1  7  0 -9 
181 181  -1  6  0 -9 
181 351   1  7  0 -9 
182 182  -1  6  0 -9 
182 352   1  7  0 -9 
183 183  -1  6  0 -9 
183 353   1  7  0 -9 
184 184  -1  6  0 -9 
184 354   1  7  0 -9 
185 293   1  3  0 -9 
185 364  -1  4  0 -9 
186 181  -1  5  0 -9 
186 268  -1  4  0 -9 
186 294   1  3  0 -9 
186 351   1  6  0 -9 
186 365  -1  4  0 -9 
187 182  -1  5  0 -9 
187 266  -1  4  0 -9 
187 269  -1  4  0 -9 
187 295   1  3  0 -9 
187 352   1  6  0 -9 
187 366  -1  4  0 -9 
188 183  -1  5  0 -9 
188 296   1  3  0 -9 
188 353   1  6  0 -9 
188 367  -1  4  0 -9 
189 184  -1  5  0 -9 
189 269  -1  4  0 -9 
189 297   1  3  0 -9 
189 354   1  6  0 -9 
189 368  -1  4  0 -9 
190 183  -1  4  0 -9 
190 298   1  3  0 -9 
190 353   1  5  0 -9 
190 369  -1  4  0 -9 
191 14  -1  1  0 -9 
191 62  -1  5 -1  3 -1  1  0 -9 
191 112  -1  1  0 -9 
191 118  -1  1  0 -9 
191 120   1  2  0 -9 
191 147  -1  3  0 -9 
191 152   1  2  0 -9 
191 158   1  2  0 -9 
191 160  -1  1  0 -9 
191 167  -1  1  0 -9 
191 176  -1  5 -1  3 -1  1  0 -9 
191 178   1  2  0 -9 
191 191   1  0  0 -9 
191 211   1  2  0 -9 
191 259  -1  3  0 -9 
191 265  -1  3  0 -9 
191 267  -1  4  1  2  0 -9 
191 276   1  2  0 -9 
191 284   1  2  0 -9 
191 299  -1  1  0 -9 
191 319   1  6  1  4  0 -9 
191 346   1  6  1  4  0 -9 
191 348  -1  3  0 -9 
191 355  -1  3  0 -9 
191 370   1  2  0 -9 
192 65  -1  5 -1  3 -1  1  0 -9 
192 115  -1  1  0 -9 
192 155   1  2  0 -9 
192 168  -1  1  0 -9 
192 177  -1  4  0 -9 
192 192   1  0  0 -9 
192 262  -1  3  0 -9 
192 268  -1  3  0 -9 
192 277   1  2  0 -9 
192 285   1  2  0 -9 
192 300  -1  1  0 -9 
192 322   1  6  1  4  0 -9 
192 347   1  5  0 -9 
192 356  -1  3  0 -9 
192 371   1  2  0 -9 
193 66  -1  5 -1  3 -1  1  0 -9 
193 116  -1  1  0 -9 
193 119  -1  1  0 -9 
193 156   1  2  0 -9 
193 159   1  2  0 -9 
193 169  -1  1  0 -9 
193 177  -1  5 -1  3 -1  1  0 -9 
193 193   1  0  0 -9 
193 263  -1  3  0 -9 
193 266  -1  3  0 -9 
193 267  -1  3  0 -9 
193 269  -1  3  0 -9 
193 278   1  2  0 -9 
193 286   1  2  0 -9 
193 301  -1  1  0 -9 
193 323   1  6  1  4  0 -9 
193 347   1  6  1  4  0 -9 
193 357  -1  3  0 -9 
193 372   1  2  0 -9 
194 119  -1  1  0 -9 
194 121   1  2  0 -9 
194 123  -1  1  0 -9 
194 148  -1  3  0 -9 
194 159   1  2  0 -9 
194 161  -1  1  0 -9 
194 163   1  2  0 -9 
194 171  -1  1  0 -9 
194 172  -1  1  0 -9 
194 177  -1  5 -1  3 -1  1  0 -9 
194 179   1  2  0 -9 
194 181  -1  5 -1  3 -1  1  0 -9 
194 194   1  0  0 -9 
194 266  -1  3  0 -9 
194 268  -1  4  1  2  0 -9 
194 270  -1  3  0 -9 
194 279   1  2  0 -9 
194 288   1  2  0 -9 
194 289   1  2  0 -9 
194 302  -1  1  0 -9 
194 347   1  6  1  4  0 -9 
194 349  -1  3  0 -9 
194 351   1  6  1  4  0 -9 
194 359  -1  3  0 -9 
194 360  -1  3  0 -9 
194 373   1  2  0 -9 
195 122   1  2  0 -9 
195 124  -1  1  0 -9 
195 149  -1  3  0 -9 
195 162  -1  1  0 -9 
195 164   1  2  0 -9 
195 173  -1  1  0 -9 
195 180   1  2  0 -9 
195 182  -1  5 -1  3 -1  1  0 -9 
195 195   1  0  0 -9 
195 269  -1  4  1  2  0 -9 
195 271  -1  3  0 -9 
195 280   1  2  0 -9 
195 290   1  2  0 -9 
195 303  -1  1  0 -9 
195 350  -1  3  0 -9 
195 352   1  6  1  4  0 -9 
195 361  -1  3  0 -9 
195 374   1  2  0 -9 
196 119  -1  1  0 -9 
196 125  -1  1  0 -9 
196 159   1  2  0 -9 
196 165   1  2  0 -9 
196 174  -1  1  0 -9 
196 177  -1  5 -1  3 -1  1  0 -9 
196 183  -1  5 -1  3 -1  1  0 -9 
196 196   1  0  0 -9 
196 266  -1  3  0 -9 
196 269  -1  3  0 -9 
196 272  -1  3  0 -9 
196 281   1  2  0 -9 
196 291   1  2  0 -9 
196 304  -1  1  0 -9 
196 347   1  6  1  4  0 -9 
196 353   1  6  1  4  0 -9 
196 362  -1  3  0 -9 
196 375   1  2  0 -9 
197 65  -1  4  0 -9 
197 170  -1  1  0 -9 
197 172  -1  1  0 -9 
197 182  -1  4  0 -9 
197 197   1  0  0 -9 
197 264  -1  3  0 -9 
197 269  -1  3  0 -9 
197 270  -1  3  0 -9 
197 282   1  2  0 -9 
197 287   1  2  0 -9 
197 289   1  2  0 -9 
197 305  -1  1  0 -9 
197 322   1  5  0 -9 
197 352   1  5  0 -9 
197 358  -1  3  0 -9 
197 360  -1  3  0 -9 
197 376   1  2  0 -9 
198 175  -1  1  0 -9 
198 183  -1  4  0 -9 
198 198   1  0  0 -9 
198 273  -1  3  0 -9 
198 283   1  2  0 -9 
198 292   1  2  0 -9 
198 306  -1  1  0 -9 
198 353   1  5  0 -9 
198 363  -1  3  0 -9 
198 377   1  2  0 -9 
199 181  -1  4  0 -9 
199 185  -1  1  0 -9 
199 186  -1  1  0 -9 
199 199   1  0  0 -9 
199 268  -1  3  0 -9 
199 293   1  2  0 -9 
199 294   1  2  0 -9 
199 307  -1  1  0 -9 
199 351   1  5  0 -9 
199 364  -1  3  0 -9 
199 365  -1  3  0 -9 
199 378   1  2  0 -9 
200 119  -1  1  0 -9 
200 159   1  2  0 -9 
200 182  -1  4  0 -9 
200 187  -1  1  0 -9 
200 200   1  0  0 -9 
200 266  -1  3  0 -9 
200 269  -1  3  0 -9 
200 295   1  2  0 -9 
200 308  -1  1  0 -9 
200 352   1  5  0 -9 
200 366  -1  3  0 -9 
200 379   1  2  0 -9 
201 183  -1  4  0 -9 
201 188  -1  1  0 -9 
201 201   1  0  0 -9 
201 296   1  2  0 -9 
201 309  -1  1  0 -9 
201 353   1  5  0 -9 
201 367  -1  3  0 -9 
201 380   1  2  0 -9 
202 183  -1  5 -1  3 -1  1  0 -9 
202 184   1  2  0 -9 
202 189  -1  1  0 -9 
202 190  -1  1  0 -9 
202 202   1  0  0 -9 
202 269  -1  3  0 -9 
202 297   1  2  0 -9 
202 298   1  2  0 -9 
202 310  -1  1  0 -9 
202 353   1  6  1  4  0 -9 
202 354  -1  3  0 -9 
202 368  -1  3  0 -9 
202 369  -1  3  0 -9 
202 381   1  2  0 -9 
203 172   1 -1  0 -9 
203 181  -1  3  0 -9 
203 185  -1  0  0 -9 
203 186  -1  0  0 -9 
203 199   1 -1  0 -9 
203 203  -1 -2  0 -9 
203 270  -1  3  0 -9 
203 279  -1  0  0 -9 
203 289   1  2  0 -9 
203 293   1  1  0 -9 
203 307  -1  0  0 -9 
203 311   1 -1  0 -9 
203 351   1  4  0 -9 
203 360  -1  3  0 -9 
203 364  -1  2  0 -9 
203 378   1  1  0 -9 
203 382  -1  0  0 -9 
204 119  -1  0  0 -9 
204 131   1 -1  0 -9 
204 159   1  1  0 -9 
204 171  -1  0  0 -9 
204 173   1 -1  0 -9 
204 182  -1  3  0 -9 
204 185   1 -1  0 -9 
204 187  -1  0  0 -9 
204 200   1 -1  0 -9 
204 204  -1 -2  0 -9 
204 271  -1  3  0 -9 
204 280  -1  0  0 -9 
204 290   1  2  0 -9 
204 293   1  2  0 -9 
204 308  -1  0  0 -9 
204 312   1 -1  0 -9 
204 352   1  4  0 -9 
204 361  -1  3  0 -9 
204 364  -1  3  0 -9 
204 379   1  1  0 -9 
204 383  -1  0  0 -9 
205 65  -1  3  0 -9 
205 78  -1  0  0 -9 
205 87   1 -1  0 -9 
205 119  -1  0  0 -9 
205 122  -1  0  0 -9 
205 159   1  1  0 -9 
205 170  -1  0  0 -9 
205 172  -1  0  0 -9 
205 182  -1  3  0 -9 
205 187  -1  0  0 -9 
205 197   1 -1  0 -9 
205 200   1 -1  0 -9 
205 205  -1 -2  0 -9 
205 237   1  1  0 -9 
205 239  -1  0  0 -9 
205 246  -1  0  0 -9 
205 264  -1  2  0 -9 
205 266  -1  2  0 -9 
205 268   1  1  0 -9 
205 269  -1  2 -1  0  0 -9 
205 270  -1  2  0 -9 
205 277  -1  0  0 -9 
205 280  -1  0  0 -9 
205 282   1  1  0 -9 
205 287   1  1  0 -9 
205 289   1  1  0 -9 
205 294  -1  0  0 -9 
205 295   1  1  0 -9 
205 305  -1  0  0 -9 
205 308  -1  0  0 -9 
205 313   1 -1  0 -9 
205 322   1  4  0 -9 
205 326  -1  2  0 -9 
205 328   1  1  0 -9 
205 335   1  1  0 -9 
205 352   1  4  0 -9 
205 358  -1  2  0 -9 
205 360  -1  2  0 -9 
205 365   1  1  0 -9 
205 366  -1  2  0 -9 
205 376   1  1  0 -9 
205 379   1  1  0 -9 
205 384  -1  0  0 -9 
206 175  -1  0  0 -9 
206 183  -1  3  0 -9 
206 188  -1  0  0 -9 
206 198   1 -1  0 -9 
206 201   1 -1  0 -9 
206 206  -1 -2  0 -9 
206 269   1  1  0 -9 
206 273  -1  2  0 -9 
206 281  -1  0  0 -9 
206 283   1  1  0 -9 
206 292   1  1  0 -9 
206 296   1  1  0 -9 
206 297  -1  0  0 -9 
206 306  -1  0  0 -9 
206 309  -1  0  0 -9 
206 314   1 -1  0 -9 
206 353   1  4  0 -9 
206 363  -1  2  0 -9 
206 367  -1  2  0 -9 
206 368   1  1  0 -9 
206 377   1  1  0 -9 
206 380   1  1  0 -9 
206 385  -1  0  0 -9 
207 183  -1  3  0 -9 
207 188  -1  0  0 -9 
207 190   1 -1  0 -9 
207 201   1 -1  0 -9 
207 207  -1 -2  0 -9 
207 298   1  2  0 -9 
207 309  -1  0  0 -9 
207 315   1 -1  0 -9 
207 353   1  4  0 -9 
207 369  -1  3  0 -9 
207 380   1  1  0 -9 
207 386  -1  0  0 -9 
208 183  -1  2 -1  0  0 -9 
208 184   1  1  0 -9 
208 189  -1  0  0 -9 
208 190  -1  0  0 -9 
208 202   1 -1  0 -9 
208 208  -1 -2  0 -9 
208 280  -1  0  0 -9 
208 298   1  1  0 -9 
208 310  -1  0  0 -9 
208 316   1 -1  0 -9 
208 353   1  3  0 -9 
208 354  -1  2  0 -9 
208 369  -1  2  0 -9 
208 381   1  1  0 -9 
208 387  -1  0  0 -9 
209 12   1  3  0 -9 
209 60  -1  5  0 -9 
209 257  -1  5  0 -9 
209 317   1  6  0 -9 
210 13   1  3  0 -9 
210 56  -1  5  0 -9 
210 61  -1  5  0 -9 
210 146   1  6  0 -9 
210 258  -1  5  0 -9 
210 318   1  6  0 -9 
211 14   1  3  0 -9 
211 62  -1  5  0 -9 
211 259  -1  5  0 -9 
211 319   1  6  0 -9 
212 15   1  3  0 -9 
212 63  -1  5  0 -9 
212 260  -1  5  0 -9 
212 320   1  6  0 -9 
213 16   1  3  0 -9 
213 64  -1  5  0 -9 
213 261  -1  5  0 -9 
213 321   1  6  0 -9 
214 17   1  3  0 -9 
214 58  -1  5  0 -9 
214 65  -1  5  0 -9 
214 148   1  6  0 -9 
214 262  -1  5  0 -9 
214 322   1  6  0 -9 
215 18   1  3  0 -9 
215 57  -1  5  0 -9 
215 59  -1  5  0 -9 
215 66  -1  5  0 -9 
215 147   1  6  0 -9 
215 149   1  6  0 -9 
215 263  -1  5  0 -9 
215 323   1  6  0 -9 
216 19   1  3  0 -9 
216 59  -1  5  0 -9 
216 67  -1  5  0 -9 
216 149   1  6  0 -9 
216 264  -1  5  0 -9 
216 324   1  6  0 -9 
217 60  -1  4  0 -9 
217 68   1  3  0 -9 
217 265  -1  5  0 -9 
217 346   1  6  0 -9 
218 61  -1  4  0 -9 
218 69   1  3  0 -9 
218 266  -1  5  0 -9 
218 347   1  6  0 -9 
219 62  -1  4  0 -9 
219 70   1  3  0 -9 
219 267  -1  5  0 -9 
219 348   1  6  0 -9 
220 63  -1  4  0 -9 
220 71   1  3  0 -9 
220 268  -1  5  0 -9 
220 349   1  6  0 -9 
221 64  -1  4  0 -9 
221 72   1  3  0 -9 
221 269  -1  5  0 -9 
221 350   1  6  0 -9 
222 58  -1  4  0 -9 
222 62  -1  4  0 -9 
222 65  -1  4  0 -9 
222 73   1  3  0 -9 
222 270  -1  5  0 -9 
222 351   1  6  0 -9 
223 59  -1  4  0 -9 
223 66  -1  4  0 -9 
223 74   1  3  0 -9 
223 271  -1  5  0 -9 
223 352   1  6  0 -9 
224 59  -1  5  0 -9 
224 65  -1  4  0 -9 
224 75   1  3  0 -9 
224 149   1  6  0 -9 
224 272  -1  5  0 -9 
224 353   1  6  0 -9 
225 59  -1  4  0 -9 
225 67  -1  4  0 -9 
225 76   1  3  0 -9 
225 273  -1  5  0 -9 
225 354   1  6  0 -9 
226 61  -1  5  0 -9 
226 65  -1  5  0 -9 
226 260  -1  4  0 -9 
226 274   1  3  0 -9 
226 318   1  6  0 -9 
226 322   1  6  0 -9 
227 66  -1  5  0 -9 
227 259  -1  4  0 -9 
227 261  -1  4  0 -9 
227 275   1  3  0 -9 
227 323   1  6  0 -9 
228 77  -1  1  0 -9 
228 228   1  0  0 -9 
228 236   1  2  0 -9 
228 245  -1  1  0 -9 
228 267  -1  3  0 -9 
228 276  -1  1  0 -9 
228 299   1  2  0 -9 
228 325  -1  3  0 -9 
228 334   1  2  0 -9 
228 348   1  4  0 -9 
228 370  -1  3  0 -9 
229 15  -1  1  0 -9 
229 61  -1  4  1  2  0 -9 
229 63  -1  3  0 -9 
229 65  -1  4  1  2  0 -9 
229 69  -1  1  0 -9 
229 71   1  2  0 -9 
229 78  -1  1  0 -9 
229 119  -1  1  0 -9 
229 159   1  2  0 -9 
229 177  -1  3  0 -9 
229 212   1  2  0 -9 
229 218   1  2  0 -9 
229 220  -1  1  0 -9 
229 226  -1  1  0 -9 
229 229   1  0  0 -9 
229 237   1  2  0 -9 
229 246  -1  1  0 -9 
229 260  -1  3  0 -9 
229 266  -1  3  0 -9 
229 268  -1  4  1  2  0 -9 
229 274   1  2  0 -9 
229 277  -1  1  0 -9 
229 300   1  2  0 -9 
229 318   1  5  0 -9 
229 322   1  5  0 -9 
229 326  -1  3  0 -9 
229 335   1  2  0 -9 
229 349   1  5  0 -9 
229 371  -1  3  0 -9 
230 14  -1  1  0 -9 
230 16  -1  1  0 -9 
230 62  -1  3  0 -9 
230 64  -1  3  0 -9 
230 66  -1  4  1  2  0 -9 
230 70   1  2  0 -9 
230 72   1  2  0 -9 
230 79  -1  1  0 -9 
230 211   1  2  0 -9 
230 213   1  2  0 -9 
230 219  -1  1  0 -9 
230 221  -1  1  0 -9 
230 227  -1  1  0 -9 
230 230   1  0  0 -9 
230 238   1  2  0 -9 
230 247  -1  1  0 -9 
230 259  -1  3  0 -9 
230 261  -1  3  0 -9 
230 267  -1  4  1  2  0 -9 
230 269  -1  4  1  2  0 -9 
230 275   1  2  0 -9 
230 278  -1  1  0 -9 
230 301   1  2  0 -9 
230 323   1  5  0 -9 
230 327  -1  3  0 -9 
230 336   1  2  0 -9 
230 348   1  5  0 -9 
230 350   1  5  0 -9 
230 372  -1  3  0 -9 
231 14  -1  1  0 -9 
231 61  -1  3  0 -9 
231 62  -1  3  0 -9 
231 65  -1  3  0 -9 
231 81  -1  1  0 -9 
231 82  -1  1  0 -9 
231 211   1  2  0 -9 
231 231   1  0  0 -9 
231 240   1  2  0 -9 
231 241   1  2  0 -9 
231 248  -1  1  0 -9 
231 259  -1  3  0 -9 
231 268  -1  3  0 -9 
231 279  -1  1  0 -9 
231 302   1  2  0 -9 
231 318   1  4  0 -9 
231 319   1  4  0 -9 
231 320  -1  3  0 -9 
231 322   1  4  0 -9 
231 329  -1  3  0 -9 
231 330  -1  3  0 -9 
231 337   1  2  0 -9 
231 349   1  4  0 -9 
231 373  -1  3  0 -9 
232 66  -1  3  0 -9 
232 83  -1  1  0 -9 
232 232   1  0  0 -9 
232 242   1  2  0 -9 
232 249  -1  1  0 -9 
232 269  -1  3  0 -9 
232 280  -1  1  0 -9 
232 303   1  2  0 -9 
232 321  -1  3  0 -9 
232 323   1  4  0 -9 
232 331  -1  3  0 -9 
232 338   1  2  0 -9 
232 350   1  4  0 -9 
232 374  -1  3  0 -9 
233 61  -1  3  0 -9 
233 64  -1  3  0 -9 
233 65  -1  3  0 -9 
233 72   1  2  0 -9 
233 84  -1  1  0 -9 
233 221  -1  1  0 -9 
233 233   1  0  0 -9 
233 243   1  2  0 -9 
233 250  -1  1  0 -9 
233 269  -1  4  1  2  0 -9 
233 281  -1  1  0 -9 
233 304   1  2  0 -9 
233 318   1  4  0 -9 
233 322   1  4  0 -9 
233 332  -1  3  0 -9 
233 339   1  2  0 -9 
233 350   1  5  0 -9 
233 375  -1  3  0 -9 
234 14  -1  1  0 -9 
234 16  -1  1  0 -9 
234 17  -1  1  0 -9 
234 19   1  2  0 -9 
234 58  -1  3  0 -9 
234 59  -1  4  1  2  0 -9 
234 62  -1  3  0 -9 
234 64  -1  3  0 -9 
234 65  -1  5 -2  3 -1  1  0 -9 
234 66  -1  4  1  2  0 -9 
234 67  -1  4  1  2  0 -9 
234 72   1  2  0 -9 
234 73   1  2  0 -9 
234 74  -1  1  0 -9 
234 80  -1  1  0 -9 
234 82  -1  1  0 -9 
234 115  -1  1  0 -9 
234 124  -1  1  0 -9 
234 149   1  5 -1  3  0 -9 
234 155   1  2  0 -9 
234 164   1  2  0 -9 
234 182  -1  3  0 -9 
234 211   1  2  0 -9 
234 213   1  2  0 -9 
234 214   1  2  0 -9 
234 216  -1  1  0 -9 
234 221  -1  1  0 -9 
234 222  -1  1  0 -9 
234 223   1  2  0 -9 
234 227  -1  1  0 -9 
234 234   1  0  0 -9 
234 239   1  2  0 -9 
234 241   1  2  0 -9 
234 251  -1  1  0 -9 
234 259  -1  3  0 -9 
234 261  -1  3  0 -9 
234 262  -1  3  0 -9 
234 264  -1  4  1  2  0 -9 
234 269  -1  4  1  2  0 -9 
234 270  -1  4  1  2  0 -9 
234 271  -1  3  0 -9 
234 275   1  2  0 -9 
234 282  -1  1  0 -9 
234 305   1  2  0 -9 
234 322   1  6  1  4  0 -9 
234 323   1  5  0 -9 
234 324   1  5 -1  3  0 -9 
234 328  -1  3  0 -9 
234 330  -1  3  0 -9 
234 340   1  2  0 -9 
234 350   1  5  0 -9 
234 351   1  5  0 -9 
234 376  -1  3  0 -9 
235 59  -1  3  0 -9 
235 65  -1  4  1  2  0 -9 
235 67  -1  3  0 -9 
235 75  -1  1  0 -9 
235 76   1  2  0 -9 
235 85  -1  1  0 -9 
235 125  -1  1  0 -9 
235 165   1  2  0 -9 
235 183  -1  3  0 -9 
235 224   1  2  0 -9 
235 225  -1  1  0 -9 
235 235   1  0  0 -9 
235 244   1  2  0 -9 
235 252  -1  1  0 -9 
235 272  -1  3  0 -9 
235 273  -1  4  1  2  0 -9 
235 283  -1  1  0 -9 
235 306   1  2  0 -9 
235 322   1  5  0 -9 
235 333  -1  3  0 -9 
235 341   1  2  0 -9 
235 354   1  5  0 -9 
235 377  -1  3  0 -9 
236 77   1  3  0 -9 
236 325  -1  5  0 -9 
236 355   1  6  0 -9 
237 65  -1  4  0 -9 
237 78   1  3  0 -9 
237 326  -1  5  0 -9 
237 356   1  6  0 -9 
238 66  -1  4  0 -9 
238 79   1  3  0 -9 
238 327  -1  5  0 -9 
238 357   1  6  0 -9 
239 67  -1  4  0 -9 
239 80   1  3  0 -9 
239 328  -1  5  0 -9 
239 358   1  6  0 -9 
240 61  -1  5  0 -9 
240 81   1  3  0 -9 
240 318   1  6  0 -9 
240 329  -1  5  0 -9 
240 359   1  6  0 -9 
241 65  -1  5  0 -9 
241 82   1  3  0 -9 
241 322   1  6  0 -9 
241 330  -1  5  0 -9 
241 360   1  6  0 -9 
242 66  -1  5  0 -9 
242 83   1  3  0 -9 
242 323   1  6  0 -9 
242 331  -1  5  0 -9 
242 361   1  6  0 -9 
243 61  -1  5  0 -9 
243 64  -1  5  0 -9 
243 65  -1  5  0 -9 
243 84   1  3  0 -9 
243 318   1  6  0 -9 
243 321   1  6  0 -9 
243 322   1  6  0 -9 
243 332  -1  5  0 -9 
243 362   1  6  0 -9 
244 67  -1  5  0 -9 
244 85   1  3  0 -9 
244 324   1  6  0 -9 
244 333  -1  5  0 -9 
244 363   1  6  0 -9 
245 267  -1  4  0 -9 
245 325  -1  4  0 -9 
245 334   1  3  0 -9 
245 348   1  5  0 -9 
245 355   1  5  0 -9 
245 370  -1  4  0 -9 
246 326  -1  4  0 -9 
246 335   1  3  0 -9 
246 356   1  5  0 -9 
246 371  -1  4  0 -9 
247 327  -1  4  0 -9 
247 336   1  3  0 -9 
247 357   1  5  0 -9 
247 372  -1  4  0 -9 
248 61  -1  4  0 -9 
248 62  -1  4  0 -9 
248 65  -1  4  0 -9 
248 259  -1  4  0 -9 
248 268  -1  4  0 -9 
248 318   1  5  0 -9 
248 319   1  5  0 -9 
248 320  -1  4  0 -9 
248 322   1  5  0 -9 
248 329  -1  4  0 -9 
248 330  -1  4  0 -9 
248 337   1  3  0 -9 
248 349   1  5  0 -9 
248 359   1  5  0 -9 
248 360   1  5  0 -9 
248 373  -1  4  0 -9 
249 66  -1  4  0 -9 
249 269  -1  4  0 -9 
249 321  -1  4  0 -9 
249 323   1  5  0 -9 
249 331  -1  4  0 -9 
249 338   1  3  0 -9 
249 350   1  5  0 -9 
249 361   1  5  0 -9 
249 374  -1  4  0 -9 
250 61  -1  4  0 -9 
250 65  -1  4  0 -9 
250 318   1  5  0 -9 
250 322   1  5  0 -9 
250 332  -1  4  0 -9 
250 339   1  3  0 -9 
250 362   1  5  0 -9 
250 375  -1  4  0 -9 
251 65  -1  4  0 -9 
251 322   1  5  0 -9 
251 324  -1  4  0 -9 
251 328  -1  4  0 -9 
251 330  -1  4  0 -9 
251 340   1  3  0 -9 
251 358   1  5  0 -9 
251 360   1  5  0 -9 
251 376  -1  4  0 -9 
252 65  -1  5  0 -9 
252 322   1  6  0 -9 
252 333  -1  4  0 -9 
252 341   1  3  0 -9 
252 363   1  5  0 -9 
252 377  -1  4  0 -9 
253 246  -1  1  0 -9 
253 253   1  0  0 -9 
253 326  -1  3  0 -9 
253 335   1  2  0 -9 
253 342  -1  1  0 -9 
253 356   1  4  0 -9 
253 360  -1  3  0 -9 
253 371  -1  3  0 -9 
253 388   1  2  0 -9 
254 247  -1  1  0 -9 
254 254   1  0  0 -9 
254 327  -1  3  0 -9 
254 336   1  2  0 -9 
254 343  -1  1  0 -9 
254 355  -1  3  0 -9 
254 357   1  4  0 -9 
254 361  -1  3  0 -9 
254 372  -1  3  0 -9 
254 389   1  2  0 -9 
255 65  -1  3  0 -9 
255 82  -1  1  0 -9 
255 241   1  2  0 -9 
255 251  -1  1  0 -9 
255 255   1  0  0 -9 
255 322   1  4  0 -9 
255 324  -1  3  0 -9 
255 328  -1  3  0 -9 
255 330  -1  3  0 -9 
255 340   1  2  0 -9 
255 344  -1  1  0 -9 
255 358   1  4  0 -9 
255 376  -1  3  0 -9 
255 390   1  2  0 -9 
256 65  -1  4  1  2  0 -9 
256 67  -1  3  0 -9 
256 78  -1  1  0 -9 
256 80   1  2  0 -9 
256 85  -1  1  0 -9 
256 237   1  2  0 -9 
256 239  -1  1  0 -9 
256 244   1  2  0 -9 
256 246  -1  1  0 -9 
256 252  -1  1  0 -9 
256 256   1  0  0 -9 
256 322   1  5  0 -9 
256 326  -1  3  0 -9 
256 328  -1  4  1  2  0 -9 
256 333  -1  3  0 -9 
256 335   1  2  0 -9 
256 341   1  2  0 -9 
256 345  -1  1  0 -9 
256 358   1  5  0 -9 
256 371  -1  3  0 -9 
256 377  -1  3  0 -9 
256 391   1  2  0 -9 
257 257  -1  6  0 -9 
257 317   1  7  0 -9 
258 146   1  7  0 -9 
258 258  -1  6  0 -9 
258 318   1  7  0 -9 
259 259  -1  6  0 -9 
259 319   1  7  0 -9 
260 260  -1  6  0 -9 
260 320   1  7  0 -9 
261 261  -1  6  0 -9 
261 321   1  7  0 -9 
262 148   1  7  0 -9 
262 262  -1  6  0 -9 
262 322   1  7  0 -9 
263 147   1  7  0 -9 
263 149   1  7  0 -9 
263 263  -1  6  0 -9 
263 323   1  7  0 -9 
264 149   1  7  0 -9 
264 264  -1  6  0 -9 
264 324   1  7  0 -9 
265 265  -1  6  0 -9 
265 346   1  7  0 -9 
266 266  -1  6  0 -9 
266 347   1  7  0 -9 
267 267  -1  6  0 -9 
267 348   1  7  0 -9 
268 268  -1  6  0 -9 
268 349   1  7  0 -9 
269 269  -1  6  0 -9 
269 350   1  7  0 -9 
270 270  -1  6  0 -9 
270 351   1  7  0 -9 
271 271  -1  6  0 -9 
271 352   1  7  0 -9 
272 149   1  7  0 -9 
272 272  -1  6  0 -9 
272 353   1  7  0 -9 
273 273  -1  6  0 -9 
273 354   1  7  0 -9 
274 61  -1  4  0 -9 
274 65  -1  4  0 -9 
274 226   1  3  0 -9 
274 260  -1  5  0 -9 
274 320   1  6  0 -9 
275 66  -1  4  0 -9 
275 227   1  3  0 -9 
275 259  -1  5  0 -9 
275 261  -1  5  0 -9 
275 319   1  6  0 -9 
275 321   1  6  0 -9 
276 267  -1  4  0 -9 
276 299   1  3  0 -9 
276 348   1  5  0 -9 
276 370  -1  4  0 -9 
277 177  -1  4  0 -9 
277 268  -1  5  0 -9 
277 300   1  3  0 -9 
277 349   1  6  0 -9 
277 371  -1  4  0 -9 
278 267  -1  5  0 -9 
278 269  -1  5  0 -9 
278 301   1  3  0 -9 
278 348   1  6  0 -9 
278 350   1  6  0 -9 
278 372  -1  4  0 -9 
279 268  -1  4  0 -9 
279 302   1  3  0 -9 
279 349   1  5  0 -9 
279 373  -1  4  0 -9 
280 269  -1  4  0 -9 
280 303   1  3  0 -9 
280 350   1  5  0 -9 
280 374  -1  4  0 -9 
281 269  -1  5  0 -9 
281 304   1  3  0 -9 
281 350   1  6  0 -9 
281 375  -1  4  0 -9 
282 65  -1  4  0 -9 
282 149   1  6  0 -9 
282 182  -1  4  0 -9 
282 264  -1  5  0 -9 
282 269  -1  5  0 -9 
282 270  -1  5  0 -9 
282 305   1  3  0 -9 
282 324   1  6  0 -9 
282 350   1  6  0 -9 
282 351   1  6  0 -9 
282 376  -1  4  0 -9 
283 183  -1  4  0 -9 
283 273  -1  5  0 -9 
283 306   1  3  0 -9 
283 354   1  6  0 -9 
283 377  -1  4  0 -9 
284 167   1  3  0 -9 
284 176  -1  5  0 -9 
284 265  -1  5  0 -9 
284 346   1  6  0 -9 
284 355   1  7  0 -9 
285 65  -1  5  0 -9 
285 148   1  6  0 -9 
285 168   1  3  0 -9 
285 179  -1  5  0 -9 
285 262  -1  5  0 -9 
285 268  -1  5  0 -9 
285 322   1  6  0 -9 
285 349   1  6  0 -9 
285 356   1  7  0 -9 
286 66  -1  5  0 -9 
286 147   1  6  0 -9 
286 149   1  6  0 -9 
286 169   1  3  0 -9 
286 177  -1  5  0 -9 
286 178  -1  5  0 -9 
286 180  -1  5  0 -9 
286 263  -1  5  0 -9 
286 266  -1  5  0 -9 
286 267  -1  5  0 -9 
286 269  -1  5  0 -9 
286 323   1  6  0 -9 
286 347   1  6  0 -9 
286 348   1  6  0 -9 
286 350   1  6  0 -9 
286 357   1  7  0 -9 
287 67  -1  5  0 -9 
287 149   1  6  0 -9 
287 170   1  3  0 -9 
287 180  -1  5  0 -9 
287 264  -1  5  0 -9 
287 269  -1  5  0 -9 
287 324   1  6  0 -9 
287 350   1  6  0 -9 
287 358   1  7  0 -9 
288 171   1  3  0 -9 
288 177  -1  5  0 -9 
288 266  -1  5  0 -9 
288 347   1  6  0 -9 
288 359   1  7  0 -9 
289 172   1  3  0 -9 
289 181  -1  5  0 -9 
289 270  -1  5  0 -9 
289 351   1  6  0 -9 
289 360   1  7  0 -9 
290 173   1  3  0 -9 
290 182  -1  5  0 -9 
290 271  -1  5  0 -9 
290 352   1  6  0 -9 
290 361   1  7  0 -9 
291 149   1  6  0 -9 
291 174   1  3  0 -9 
291 177  -1  5  0 -9 
291 180  -1  5  0 -9 
291 183  -1  5  0 -9 
291 266  -1  5  0 -9 
291 269  -1  5  0 -9 
291 272  -1  5  0 -9 
291 347   1  6  0 -9 
291 350   1  6  0 -9 
291 353   1  6  0 -9 
291 362   1  7  0 -9 
292 175   1  3  0 -9 
292 184  -1  5  0 -9 
292 273  -1  5  0 -9 
292 354   1  6  0 -9 
292 363   1  7  0 -9 
293 185   1  3  0 -9 
293 359   1  6  0 -9 
293 364  -1  5  0 -9 
294 181  -1  4  0 -9 
294 186   1  3  0 -9 
294 268  -1  5  0 -9 
294 349   1  6  0 -9 
294 360   1  6  0 -9 
294 365  -1  5  0 -9 
295 182  -1  4  0 -9 
295 187   1  3  0 -9 
295 266  -1  5  0 -9 
295 269  -1  5  0 -9 
295 347   1  6  0 -9 
295 350   1  6  0 -9 
295 361   1  6  0 -9 
295 366  -1  5  0 -9 
296 183  -1  4  0 -9 
296 188   1  3  0 -9 
296 362   1  6  0 -9 
296 367  -1  5  0 -9 
297 184  -1  4  0 -9 
297 189   1  3  0 -9 
297 269  -1  5  0 -9 
297 350   1  6  0 -9 
297 363   1  6  0 -9 
297 368  -1  5  0 -9 
298 183  -1  5  0 -9 
298 190   1  3  0 -9 
298 353   1  6  0 -9 
298 361   1  6  0 -9 
298 369  -1  5  0 -9 
299 267  -1  5  0 -9 
299 276   1  3  0 -9 
299 348   1  6  0 -9 
299 355   1  6  0 -9 
299 370  -1  5  0 -9 
300 177  -1  5  0 -9 
300 268  -1  4  0 -9 
300 277   1  3  0 -9 
300 347   1  6  0 -9 
300 356   1  6  0 -9 
300 371  -1  5  0 -9 
301 267  -1  4  0 -9 
301 269  -1  4  0 -9 
301 278   1  3  0 -9 
301 357   1  6  0 -9 
301 372  -1  5  0 -9 
302 268  -1  5  0 -9 
302 279   1  3  0 -9 
302 349   1  6  0 -9 
302 359   1  6  0 -9 
302 360   1  6  0 -9 
302 373  -1  5  0 -9 
303 269  -1  5  0 -9 
303 280   1  3  0 -9 
303 350   1  6  0 -9 
303 361   1  6  0 -9 
303 374  -1  5  0 -9 
304 269  -1  4  0 -9 
304 281   1  3  0 -9 
304 362   1  6  0 -9 
304 375  -1  5  0 -9 
305 65  -1  5  0 -9 
305 182  -1  5  0 -9 
305 264  -1  4  0 -9 
305 269  -1  4  0 -9 
305 270  -1  4  0 -9 
305 282   1  3  0 -9 
305 322   1  6  0 -9 
305 352   1  6  0 -9 
305 358   1  6  0 -9 
305 360   1  6  0 -9 
305 376  -1  5  0 -9 
306 183  -1  5  0 -9 
306 273  -1  4  0 -9 
306 283   1  3  0 -9 
306 353   1  6  0 -9 
306 363   1  6  0 -9 
306 377  -1  5  0 -9 
307 268  -1  4  0 -9 
307 349   1  5  0 -9 
307 359   1  5  0 -9 
307 360   1  5  0 -9 
307 364  -1  4  0 -9 
307 365  -1  4  0 -9 
307 373  -1  4  0 -9 
307 378   1  3  0 -9 
308 269  -1  4  0 -9 
308 350   1  5  0 -9 
308 361   1  5  0 -9 
308 366  -1  4  0 -9 
308 374  -1  4  0 -9 
308 379   1  3  0 -9 
309 362   1  5  0 -9 
309 367  -1  4  0 -9 
309 375  -1  4  0 -9 
309 380   1  3  0 -9 
310 183  -1  4  0 -9 
310 269  -1  4  0 -9 
310 350   1  5  0 -9 
310 353   1  5  0 -9 
310 354  -1  4  0 -9 
310 361   1  5  0 -9 
310 363   1  5  0 -9 
310 368  -1  4  0 -9 
310 369  -1  4  0 -9 
310 374  -1  4  0 -9 
310 377  -1  4  0 -9 
310 381   1  3  0 -9 
311 185  -1  1  0 -9 
311 268  -1  3  0 -9 
311 279  -1  1  0 -9 
311 293   1  2  0 -9 
311 302   1  2  0 -9 
311 307  -1  1  0 -9 
311 311   1  0  0 -9 
311 349   1  4  0 -9 
311 364  -1  3  0 -9 
311 365  -1  3  0 -9 
311 373  -1  3  0 -9 
311 378   1  2  0 -9 
311 382  -1  1  0 -9 
311 392   1  2  0 -9 
312 269  -1  3  0 -9 
312 280  -1  1  0 -9 
312 303   1  2  0 -9 
312 308  -1  1  0 -9 
312 312   1  0  0 -9 
312 350   1  4  0 -9 
312 366  -1  3  0 -9 
312 374  -1  3  0 -9 
312 379   1  2  0 -9 
312 383  -1  1  0 -9 
312 393   1  2  0 -9 
313 65  -1  4  1  2  0 -9 
313 67  -1  3  0 -9 
313 78  -1  1  0 -9 
313 80   1  2  0 -9 
313 119  -1  1  0 -9 
313 122  -1  1  0 -9 
313 159   1  2  0 -9 
313 162   1  2  0 -9 
313 170  -1  1  0 -9 
313 172  -1  1  0 -9 
313 177  -1  3  0 -9 
313 180  -1  3  0 -9 
313 181  -1  3  0 -9 
313 182  -1  4  1  2  0 -9 
313 186   1  2  0 -9 
313 187  -1  1  0 -9 
313 237   1  2  0 -9 
313 239  -1  1  0 -9 
313 246  -1  1  0 -9 
313 264  -1  3  0 -9 
313 266  -1  3  0 -9 
313 268  -1  4  1  2  0 -9 
313 269  -1  5 -2  3 -1  1  0 -9 
313 270  -1  3  0 -9 
313 277  -1  1  0 -9 
313 280  -1  1  0 -9 
313 282   1  2  0 -9 
313 287   1  2  0 -9 
313 289   1  2  0 -9 
313 294  -1  1  0 -9 
313 295   1  2  0 -9 
313 300   1  2  0 -9 
313 303   1  2  0 -9 
313 305  -1  1  0 -9 
313 308  -1  1  0 -9 
313 313   1  0  0 -9 
313 322   1  5  0 -9 
313 326  -1  3  0 -9 
313 328  -1  4  1  2  0 -9 
313 335   1  2  0 -9 
313 349   1  5  0 -9 
313 350   1  6  1  4  0 -9 
313 352   1  5  0 -9 
313 358   1  5 -1  3  0 -9 
313 360   1  5 -1  3  0 -9 
313 365  -1  4  1  2  0 -9 
313 366  -1  3  0 -9 
313 371  -1  3  0 -9 
313 374  -1  3  0 -9 
313 376  -1  4  1  2  0 -9 
313 379   1  2  0 -9 
313 384  -1  1  0 -9 
313 394   1  2  0 -9 
314 175  -1  1  0 -9 
314 183  -1  4  1  2  0 -9 
314 184  -1  3  0 -9 
314 188  -1  1  0 -9 
314 189   1  2  0 -9 
314 269  -1  4  1  2  0 -9 
314 273  -1  3  0 -9 
314 281  -1  1  0 -9 
314 283   1  2  0 -9 
314 292   1  2  0 -9 
314 296   1  2  0 -9 
314 297  -1  1  0 -9 
314 304   1  2  0 -9 
314 306  -1  1  0 -9 
314 309  -1  1  0 -9 
314 314   1  0  0 -9 
314 350   1  5  0 -9 
314 353   1  5  0 -9 
314 363   1  5 -1  3  0 -9 
314 367  -1  3  0 -9 
314 368  -1  4  1  2  0 -9 
314 375  -1  3  0 -9 
314 377  -1  4  1  2  0 -9 
314 380   1  2  0 -9 
314 385  -1  1  0 -9 
314 395   1  2  0 -9 
315 309  -1  1  0 -9 
315 315   1  0  0 -9 
315 361  -1  3  0 -9 
315 362   1  4  0 -9 
315 367  -1  3  0 -9 
315 375  -1  3  0 -9 
315 380   1  2  0 -9 
315 386  -1  1  0 -9 
315 396   1  2  0 -9 
316 183  -1  3  0 -9 
316 190  -1  1  0 -9 
316 269  -1  3  0 -9 
316 280  -1  1  0 -9 
316 298   1  2  0 -9 
316 303   1  2  0 -9 
316 310  -1  1  0 -9 
316 316   1  0  0 -9 
316 350   1  4  0 -9 
316 353   1  4  0 -9 
316 354  -1  3  0 -9 
316 363   1  4  0 -9 
316 368  -1  3  0 -9 
316 369  -1  3  0 -9 
316 374  -1  3  0 -9 
316 377  -1  3  0 -9 
316 381   1  2  0 -9 
316 387  -1  1  0 -9 
316 397   1  2  0 -9 
317 317   1  8  0 -9 
318 318   1  8  0 -9 
319 319   1  8  0 -9 
320 320   1  8  0 -9 
321 321   1  8  0 -9 
322 322   1  8  0 -9 
323 323   1  8  0 -9 
324 324   1  8  0 -9 
325 325  -1  6  0 -9 
325 355   1  7  0 -9 
326 326  -1  6  0 -9 
326 356   1  7  0 -9 
327 327  -1  6  0 -9 
327 357   1  7  0 -9 
328 328  -1  6  0 -9 
328 358   1  7  0 -9 
329 318   1  7  0 -9 
329 329  -1  6  0 -9 
329 359   1  7  0 -9 
330 322   1  7  0 -9 
330 330  -1  6  0 -9 
330 360   1  7  0 -9 
331 323   1  7  0 -9 
331 331  -1  6  0 -9 
331 361   1  7  0 -9 
332 318   1  7  0 -9 
332 321   1  7  0 -9 
332 322   1  7  0 -9 
332 332  -1  6  0 -9 
332 362   1  7  0 -9 
333 324   1  7  0 -9 
333 333  -1  6  0 -9 
333 363   1  7  0 -9 
334 245   1  3  0 -9 
334 267  -1  5  0 -9 
334 325  -1  5  0 -9 
334 348   1  6  0 -9 
334 355   1  6  0 -9 
334 370  -1  5  0 -9 
335 246   1  3  0 -9 
335 326  -1  5  0 -9 
335 356   1  6  0 -9 
335 371  -1  5  0 -9 
336 247   1  3  0 -9 
336 327  -1  5  0 -9 
336 357   1  6  0 -9 
336 372  -1  5  0 -9 
337 61  -1  5  0 -9 
337 62  -1  5  0 -9 
337 65  -1  5  0 -9 
337 248   1  3  0 -9 
337 259  -1  5  0 -9 
337 268  -1  5  0 -9 
337 318   1  6  0 -9 
337 319   1  6  0 -9 
337 320   1  7  0 -9 
337 322   1  6  0 -9 
337 329  -1  5  0 -9 
337 330  -1  5  0 -9 
337 349   1  6  0 -9 
337 359   1  6  0 -9 
337 360   1  6  0 -9 
337 373  -1  5  0 -9 
338 66  -1  5  0 -9 
338 249   1  3  0 -9 
338 269  -1  5  0 -9 
338 321   1  7  0 -9 
338 323   1  6  0 -9 
338 331  -1  5  0 -9 
338 350   1  6  0 -9 
338 361   1  6  0 -9 
338 374  -1  5  0 -9 
339 61  -1  5  0 -9 
339 65  -1  5  0 -9 
339 250   1  3  0 -9 
339 318   1  6  0 -9 
339 321   1  6  0 -9 
339 322   1  6  0 -9 
339 332  -1  5  0 -9 
339 362   1  6  0 -9 
339 375  -1  5  0 -9 
340 65  -1  5  0 -9 
340 251   1  3  0 -9 
340 322   1  6  0 -9 
340 324   1  7  0 -9 
340 328  -1  5  0 -9 
340 330  -1  5  0 -9 
340 358   1  6  0 -9 
340 360   1  6  0 -9 
340 376  -1  5  0 -9 
341 65  -1  4  0 -9 
341 252   1  3  0 -9 
341 324   1  6  0 -9 
341 333  -1  5  0 -9 
341 363   1  6  0 -9 
341 377  -1  5  0 -9 
342 326  -1  4  0 -9 
342 356   1  5  0 -9 
342 360  -1  4  0 -9 
342 371  -1  4  0 -9 
342 388   1  3  0 -9 
343 327  -1  4  0 -9 
343 355  -1  4  0 -9 
343 357   1  5  0 -9 
343 361  -1  4  0 -9 
343 372  -1  4  0 -9 
343 389   1  3  0 -9 
344 328  -1  4  0 -9 
344 358   1  5  0 -9 
344 376  -1  4  0 -9 
344 390   1  3  0 -9 
345 328  -1  5  0 -9 
345 358   1  6  0 -9 
345 371  -1  4  0 -9 
345 377  -1  4  0 -9 
345 391   1  3  0 -9 
346 346   1  8  0 -9 
347 347   1  8  0 -9 
348 348   1  8  0 -9 
349 349   1  8  0 -9 
350 350   1  8  0 -9 
351 351   1  8  0 -9 
352 352   1  8  0 -9 
353 353   1  8  0 -9 
354 354   1  8  0 -9 
355 355   1  8  0 -9 
356 356   1  8  0 -9 
357 357   1  8  0 -9 
358 358   1  8  0 -9 
359 359   1  8  0 -9 
360 360   1  8  0 -9 
361 361   1  8  0 -9 
362 362   1  8  0 -9 
363 363   1  8  0 -9 
364 359   1  7  0 -9 
364 364  -1  6  0 -9 
365 360   1  7  0 -9 
365 365  -1  6  0 -9 
366 361   1  7  0 -9 
366 366  -1  6  0 -9 
367 362   1  7  0 -9 
367 367  -1  6  0 -9 
368 363   1  7  0 -9 
368 368  -1  6  0 -9 
369 353   1  7  0 -9 
369 361   1  7  0 -9 
369 369  -1  6  0 -9 
370 348   1  7  0 -9 
370 355   1  7  0 -9 
370 370  -1  6  0 -9 
371 356   1  7  0 -9 
371 371  -1  6  0 -9 
372 357   1  7  0 -9 
372 372  -1  6  0 -9 
373 349   1  7  0 -9 
373 359   1  7  0 -9 
373 360   1  7  0 -9 
373 373  -1  6  0 -9 
374 350   1  7  0 -9 
374 361   1  7  0 -9 
374 374  -1  6  0 -9 
375 362   1  7  0 -9 
375 375  -1  6  0 -9 
376 358   1  7  0 -9 
376 360   1  7  0 -9 
376 376  -1  6  0 -9 
377 363   1  7  0 -9 
377 377  -1  6  0 -9 
378 268  -1  5  0 -9 
378 307   1  3  0 -9 
378 349   1  6  0 -9 
378 359   1  6  0 -9 
378 360   1  6  0 -9 
378 364  -1  5  0 -9 
378 365  -1  5  0 -9 
378 373  -1  5  0 -9 
379 269  -1  5  0 -9 
379 308   1  3  0 -9 
379 350   1  6  0 -9 
379 361   1  6  0 -9 
379 366  -1  5  0 -9 
379 374  -1  5  0 -9 
380 309   1  3  0 -9 
380 362   1  6  0 -9 
380 367  -1  5  0 -9 
380 375  -1  5  0 -9 
381 183  -1  5  0 -9 
381 269  -1  5  0 -9 
381 310   1  3  0 -9 
381 350   1  6  0 -9 
381 353   1  6  0 -9 
381 354   1  7  0 -9 
381 361   1  6  0 -9 
381 363   1  6  0 -9 
381 368  -1  5  0 -9 
381 369  -1  5  0 -9 
381 374  -1  5  0 -9 
381 377  -1  5  0 -9 
382 365  -1  4  0 -9 
382 392   1  3  0 -9 
383 366  -1  4  0 -9 
383 393   1  3  0 -9 
384 328  -1  5  0 -9 
384 358   1  6  0 -9 
384 360   1  6  0 -9 
384 365  -1  5  0 -9 
384 376  -1  5  0 -9 
384 394   1  3  0 -9 
385 363   1  6  0 -9 
385 368  -1  5  0 -9 
385 377  -1  5  0 -9 
385 395   1  3  0 -9 
386 361  -1  4  0 -9 
386 362   1  5  0 -9 
386 367  -1  4  0 -9 
386 375  -1  4  0 -9 
386 396   1  3  0 -9 
387 363   1  5  0 -9 
387 368  -1  4  0 -9 
387 377  -1  4  0 -9 
387 397   1  3  0 -9 
388 326  -1  5  0 -9 
388 342   1  3  0 -9 
388 356   1  6  0 -9 
388 360   1  7  0 -9 
388 371  -1  5  0 -9 
389 327  -1  5  0 -9 
389 343   1  3  0 -9 
389 355   1  7  0 -9 
389 357   1  6  0 -9 
389 361   1  7  0 -9 
389 372  -1  5  0 -9 
390 328  -1  5  0 -9 
390 344   1  3  0 -9 
390 358   1  6  0 -9 
390 360   1  6  0 -9 
390 376  -1  5  0 -9 
391 328  -1  4  0 -9 
391 345   1  3  0 -9 
391 356   1  6  0 -9 
391 363   1  6  0 -9 
391 371  -1  5  0 -9 
391 377  -1  5  0 -9 
392 360   1  6  0 -9 
392 365  -1  5  0 -9 
392 382   1  3  0 -9 
393 361   1  6  0 -9 
393 366  -1  5  0 -9 
393 383   1  3  0 -9 
394 328  -1  4  0 -9 
394 358   1  5  0 -9 
394 360   1  5  0 -9 
394 365  -1  4  0 -9 
394 376  -1  4  0 -9 
394 384   1  3  0 -9 
395 363   1  5  0 -9 
395 368  -1  4  0 -9 
395 377  -1  4  0 -9 
395 385   1  3  0 -9 
396 361   1  7  0 -9 
396 362   1  6  0 -9 
396 367  -1  5  0 -9 
396 375  -1  5  0 -9 
396 386   1  3  0 -9 
397 363   1  6  0 -9 
397 368  -1  5  0 -9 
397 377  -1  5  0 -9 
397 387   1  3  0 -9 
398 328  -1  3  0 -9 
398 344  -1  1  0 -9 
398 358   1  4  0 -9 
398 365  -1  3  0 -9 
398 376  -1  3  0 -9 
398 382  -1  1  0 -9 
398 384   1  2  0 -9 
398 390   1  2  0 -9 
398 392   1  2  0 -9 
398 394  -1  1  0 -9 
398 398   1  0  0 -9 
399 363   1  4  0 -9 
399 368  -1  3  0 -9 
399 377  -1  3  0 -9 
399 385   1  2  0 -9 
399 387  -1  1  0 -9 
399 395  -1  1  0 -9 
399 397   1  2  0 -9 
399 399   1  0  0 -9 
9999 9999
