 0  0  -1  6  0 -9 
 1  1  -1  6  0 -9 
 1  2   1  7  0 -9 
 2  2   1  8  0 -9 
 3  0  -1  4  0 -9 
 3  5  -1  5  0 -9 
 3  9   1  3  0 -9 
 3 12   1  6  0 -9 
 4  1  -1  4  0 -9 
 4  2   1  5  0 -9 
 4  3  -1  1  0 -9 
 4  4   1  0  0 -9 
 4  5  -1  4  0 -9 
 4  6   1  3  0 -9 
 4  9   1  2  0 -9 
 4 10  -1  1  0 -9 
 4 11   1  2  0 -9 
 4 12   1  5  0 -9 
 4 13  -1  4  0 -9 
 5  5  -1  6  0 -9 
 5 12   1  7  0 -9 
 6  6  -1  6  0 -9 
 6 13   1  7  0 -9 
 7  7  -1  6  0 -9 
 7 14   1  7  0 -9 
 8  8  -1  6  0 -9 
 8 15   1  7  0 -9 
 9  0  -1  5  0 -9 
 9  3   1  3  0 -9 
 9  5  -1  4  0 -9 
10  1  -1  5  0 -9 
10  2   1  6  0 -9 
10 11   1  3  0 -9 
10 16  -1  4  0 -9 
11  1  -1  4  0 -9 
11 10   1  3  0 -9 
11 13   1  6  0 -9 
11 16  -1  5  0 -9 
12 12   1  8  0 -9 
13 13   1  8  0 -9 
14 14   1  8  0 -9 
15 15   1  8  0 -9 
16 13   1  7  0 -9 
16 16  -1  6  0 -9 
17 15   1  7  0 -9 
17 17  -1  6  0 -9 
18  0   1  2  0 -9 
18  3   1  2  0 -9 
18  9  -1  1  0 -9 
18 12  -1  4  0 -9 
18 18   1  0  0 -9 
18 21   1  3  0 -9 
19  1   1  2  0 -9 
19  2  -1  3  0 -9 
19 10  -1  1  0 -9 
19 11   1  2  0 -9 
19 13  -1  4  0 -9 
19 19   1  0  0 -9 
19 20  -1  1  0 -9 
19 22   1  3  0 -9 
19 25  -1  4  0 -9 
19 27   1  2  0 -9 
19 28   1  5  0 -9 
20  2  -1  4  0 -9 
20 25  -1  5  0 -9 
20 27   1  3  0 -9 
20 28   1  6  0 -9 
21 12   1  7  0 -9 
21 21  -1  6  0 -9 
22 13   1  7  0 -9 
22 22  -1  6  0 -9 
23 14   1  7  0 -9 
23 23  -1  6  0 -9 
24 15   1  7  0 -9 
24 24  -1  6  0 -9 
25 25  -1  6  0 -9 
25 28   1  7  0 -9 
26 26  -1  6  0 -9 
26 29   1  7  0 -9 
27  2   1  7  0 -9 
27 20   1  3  0 -9 
27 25  -1  4  0 -9 
28 28   1  8  0 -9 
29 29   1  8  0 -9 
30  0   1  1  0 -9 
30  5   1  2  0 -9 
30  9  -1  0  0 -9 
30 12  -1  3  0 -9 
30 18   1 -1  0 -9 
30 21   1  2  0 -9 
30 30  -1 -2  0 -9 
30 32   1 -1  0 -9 
30 36  -1  0  0 -9 
30 42   1  1  0 -9 
31  1   1  1  0 -9 
31  2  -1  2  0 -9 
31 10  -1  0  0 -9 
31 13  -1  3  0 -9 
31 16   1  2  0 -9 
31 19   1 -1  0 -9 
31 20  -1  0  0 -9 
31 22   1  2  0 -9 
31 25  -1  3  0 -9 
31 27   1  1  0 -9 
31 28   1  4  0 -9 
31 31  -1 -2  0 -9 
31 37  -1  0  0 -9 
31 40   1 -1  0 -9 
31 46   1  1  0 -9 
31 51   1 -1  0 -9 
31 56  -1  0  0 -9 
31 58   1  1  0 -9 
31 60  -1  2  0 -9 
32  5   1  3  0 -9 
32 12  -1  4  0 -9 
32 32   1  0  0 -9 
32 36  -1  1  0 -9 
32 42   1  2  0 -9 
32 52   1  2  0 -9 
33  6   1  3  0 -9 
33 13  -1  4  0 -9 
33 33   1  0  0 -9 
33 37  -1  1  0 -9 
33 42   1  3  0 -9 
33 46  -1  4  0 -9 
33 53   1  2  0 -9 
33 60   1  5  0 -9 
34  7   1  3  0 -9 
34 14  -1  4  0 -9 
34 34   1  0  0 -9 
34 38  -1  1  0 -9 
34 43   1  3  0 -9 
34 47  -1  4  0 -9 
34 54   1  2  0 -9 
34 61   1  5  0 -9 
35  8   1  3  0 -9 
35 15  -1  4  0 -9 
35 35   1  0  0 -9 
35 39  -1  1  0 -9 
35 44   1  3  0 -9 
35 48  -1  4  0 -9 
35 55   1  2  0 -9 
35 62   1  5  0 -9 
36 21  -1  4  0 -9 
36 42  -1  5  0 -9 
36 52   1  3  0 -9 
37 22  -1  4  0 -9 
37 46  -1  5  0 -9 
37 53   1  3  0 -9 
37 60   1  6  0 -9 
38 23  -1  4  0 -9 
38 47  -1  5  0 -9 
38 54   1  3  0 -9 
38 61   1  6  0 -9 
39 24  -1  4  0 -9 
39 48  -1  5  0 -9 
39 55   1  3  0 -9 
39 62   1  6  0 -9 
40 13  -1  4  0 -9 
40 16   1  3  0 -9 
40 25  -1  4  0 -9 
40 28   1  5  0 -9 
40 37  -1  1  0 -9 
40 40   1  0  0 -9 
40 46   1  2  0 -9 
40 53   1  2  0 -9 
40 56  -1  1  0 -9 
40 58   1  2  0 -9 
40 60  -1  3  0 -9 
41 15  -1  4  0 -9 
41 17   1  3  0 -9 
41 26  -1  4  0 -9 
41 29   1  5  0 -9 
41 39  -1  1  0 -9 
41 41   1  0  0 -9 
41 48  -1  4  0 -9 
41 49   1  3  0 -9 
41 55   1  2  0 -9 
41 57  -1  1  0 -9 
41 59   1  2  0 -9 
41 62   1  5  0 -9 
41 63  -1  4  0 -9 
42 42  -1  6  0 -9 
43 43  -1  6  0 -9 
44 44  -1  6  0 -9 
45 45  -1  6  0 -9 
46 46  -1  6  0 -9 
46 60   1  7  0 -9 
47 47  -1  6  0 -9 
47 61   1  7  0 -9 
48 48  -1  6  0 -9 
48 62   1  7  0 -9 
49 49  -1  6  0 -9 
49 63   1  7  0 -9 
50 50  -1  6  0 -9 
50 64   1  7  0 -9 
51  2  -1  3  0 -9 
51 20  -1  1  0 -9 
51 25  -1  4  1  2  0 -9 
51 27   1  2  0 -9 
51 28   1  5  0 -9 
51 51   1  0  0 -9 
51 56  -1  1  0 -9 
51 58   1  2  0 -9 
51 60  -1  3  0 -9 
52 12   1  6  0 -9 
52 21  -1  5  0 -9 
52 36   1  3  0 -9 
52 42  -1  4  0 -9 
53 13   1  6  0 -9 
53 22  -1  5  0 -9 
53 37   1  3  0 -9 
53 46  -1  4  0 -9 
54 14   1  6  0 -9 
54 23  -1  5  0 -9 
54 38   1  3  0 -9 
54 47  -1  4  0 -9 
55 15   1  6  0 -9 
55 24  -1  5  0 -9 
55 39   1  3  0 -9 
55 48  -1  4  0 -9 
56 25  -1  5  0 -9 
56 28   1  6  0 -9 
56 58   1  3  0 -9 
56 60  -1  4  0 -9 
57 26  -1  5  0 -9 
57 29   1  6  0 -9 
57 59   1  3  0 -9 
57 65  -1  4  0 -9 
58 25  -1  4  0 -9 
58 56   1  3  0 -9 
58 60   1  7  0 -9 
59 26  -1  4  0 -9 
59 57   1  3  0 -9 
59 63   1  6  0 -9 
59 65  -1  5  0 -9 
60 60   1  8  0 -9 
61 61   1  8  0 -9 
62 62   1  8  0 -9 
63 63   1  8  0 -9 
64 64   1  8  0 -9 
65 63   1  7  0 -9 
65 65  -1  6  0 -9 
66  2   1  7  0 -9 
66 66  -1  6  0 -9 
67  0   1  3  0 -9 
67 67   1  0  0 -9 
67 70   1  3  0 -9 
68  1   1  3  0 -9 
68  2  -1  4  0 -9 
68 68   1  0  0 -9 
68 69  -1  1  0 -9 
68 71   1  3  0 -9 
68 74  -1  4  0 -9 
68 76   1  2  0 -9 
68 77   1  5  0 -9 
69 66  -1  4  0 -9 
69 74  -1  5  0 -9 
69 76   1  3  0 -9 
69 77   1  6  0 -9 
70 70  -1  6  0 -9 
71 71  -1  6  0 -9 
72 72  -1  6  0 -9 
73 73  -1  6  0 -9 
74 74  -1  6  0 -9 
74 77   1  7  0 -9 
75 75  -1  6  0 -9 
75 78   1  7  0 -9 
76  2   1  6  0 -9 
76 66  -1  5  0 -9 
76 69   1  3  0 -9 
76 74  -1  4  0 -9 
77 77   1  8  0 -9 
78 78   1  8  0 -9 
79  2  -1  3  0 -9 
79 20  -1  1  0 -9 
79 25  -1  4  0 -9 
79 27   1  2  0 -9 
79 28   1  5  0 -9 
79 66   1  2  0 -9 
79 69   1  2  0 -9 
79 76  -1  1  0 -9 
79 77  -1  4  0 -9 
79 79   1  0  0 -9 
79 80   1  3  0 -9 
80 77   1  7  0 -9 
80 80  -1  6  0 -9 
81 78   1  7  0 -9 
81 81  -1  6  0 -9 
82  2  -1  2  0 -9 
82 20  -1  0  0 -9 
82 25  -1  3  0 -9 
82 27   1  1  0 -9 
82 28   1  4  0 -9 
82 51   1 -1  0 -9 
82 56  -1  0  0 -9 
82 58   1  1  0 -9 
82 60  -1  2  0 -9 
82 66   1  1  0 -9 
82 74   1  2  0 -9 
82 76  -1  0  0 -9 
82 77  -1  3  0 -9 
82 79   1 -1  0 -9 
82 80   1  2  0 -9 
82 82  -1 -2  0 -9 
82 87   1 -1  0 -9 
82 89  -1  0  0 -9 
82 91   1  1  0 -9 
83 12   1  5  0 -9 
83 21  -1  4  0 -9 
83 36   1  2  0 -9 
83 52  -1  1  0 -9 
83 70   1  3  0 -9 
83 83   1  0  0 -9 
84 13   1  5  0 -9 
84 22  -1  4  0 -9 
84 37   1  2  0 -9 
84 53  -1  1  0 -9 
84 60  -1  4  0 -9 
84 71   1  3  0 -9 
84 84   1  0  0 -9 
84 91   1  3  0 -9 
85 14   1  5  0 -9 
85 23  -1  4  0 -9 
85 38   1  2  0 -9 
85 54  -1  1  0 -9 
85 61  -1  4  0 -9 
85 72   1  3  0 -9 
85 85   1  0  0 -9 
85 92   1  3  0 -9 
86 15   1  5  0 -9 
86 24  -1  4  0 -9 
86 39   1  2  0 -9 
86 55  -1  1  0 -9 
86 62  -1  4  0 -9 
86 73   1  3  0 -9 
86 86   1  0  0 -9 
86 93   1  3  0 -9 
87 25  -1  4  0 -9 
87 28   1  5  0 -9 
87 56  -1  1  0 -9 
87 58   1  2  0 -9 
87 60  -1  3  0 -9 
87 74   1  3  0 -9 
87 77  -1  4  0 -9 
87 87   1  0  0 -9 
87 89  -1  1  0 -9 
87 91   1  2  0 -9 
87 97   1  2  0 -9 
88 26  -1  4  0 -9 
88 29   1  5  0 -9 
88 57  -1  1  0 -9 
88 59   1  2  0 -9 
88 63  -1  4  0 -9 
88 75   1  3  0 -9 
88 78  -1  4  0 -9 
88 88   1  0  0 -9 
88 90  -1  1  0 -9 
88 94   1  3  0 -9 
88 96  -1  4  0 -9 
88 98   1  2  0 -9 
88 99   1  5  0 -9 
89 60   1  6  0 -9 
89 80  -1  4  0 -9 
89 91  -1  5  0 -9 
89 97   1  3  0 -9 
90 81  -1  4  0 -9 
90 96  -1  5  0 -9 
90 98   1  3  0 -9 
90 99   1  6  0 -9 
91 60   1  7  0 -9 
91 91  -1  6  0 -9 
92 61   1  7  0 -9 
92 92  -1  6  0 -9 
93 62   1  7  0 -9 
93 93  -1  6  0 -9 
94 63   1  7  0 -9 
94 94  -1  6  0 -9 
95 64   1  7  0 -9 
95 95  -1  6  0 -9 
96 96  -1  6  0 -9 
96 99   1  7  0 -9 
97 77   1  6  0 -9 
97 80  -1  5  0 -9 
97 89   1  3  0 -9 
97 91  -1  4  0 -9 
98 78   1  6  0 -9 
98 81  -1  5  0 -9 
98 90   1  3  0 -9 
98 96  -1  4  0 -9 
99 99   1  8  0 -9 
9999 9999
