 0  1   1  3  0 -9 
 0  2  -1  4  0 -9 
 1  0   1  3  0 -9 
 1  2  -1  5  0 -9 
 1  3   1  6  0 -9 
 2  2  -1  6  0 -9 
 2  3   1  7  0 -9 
 3  3   1  8  0 -9 
 4  3  -1  3  0 -9 
 4  4   1  0  0 -9 
 4  5  -1  1  0 -9 
 4  6  -1  1  0 -9 
 4  7   1  2  0 -9 
 4  8  -1  3  0 -9 
 4  9  -1  3  0 -9 
 4 10   1  2  0 -9 
 4 11   1  4  0 -9 
 5  3  -1  4  0 -9 
 5  8  -1  4  0 -9 
 5  9  -1  4  0 -9 
 5 10   1  3  0 -9 
 5 11   1  5  0 -9 
 6  7   1  3  0 -9 
 6  8  -1  4  0 -9 
 6  9  -1  4  0 -9 
 6 11   1  5  0 -9 
 7  6   1  3  0 -9 
 7  8  -1  5  0 -9 
 7  9  -1  5  0 -9 
 7 11   1  6  0 -9 
 8  8  -1  6  0 -9 
 8 11   1  7  0 -9 
 9  9  -1  6  0 -9 
 9 11   1  7  0 -9 
10  3   1  7  0 -9 
10  5   1  3  0 -9 
10  8  -1  5  0 -9 
10  9  -1  5  0 -9 
10 11   1  6  0 -9 
11 11   1  8  0 -9 
12  0  -1  1  0 -9 
12  1   1  2  0 -9 
12  2  -1  3  0 -9 
12 12   1  0  0 -9 
12 13  -1  1  0 -9 
12 14  -1  1  0 -9 
12 15   1  2  0 -9 
12 16  -1  3  0 -9 
12 17  -1  3  0 -9 
12 18   1  2  0 -9 
12 19   1  4  0 -9 
13 16  -1  4  0 -9 
13 17  -1  4  0 -9 
13 18   1  3  0 -9 
13 19   1  5  0 -9 
14  2  -1  4  0 -9 
14  3   1  5  0 -9 
14 15   1  3  0 -9 
14 16  -1  4  0 -9 
14 17  -1  4  0 -9 
14 19   1  5  0 -9 
15  2  -1  5  0 -9 
15  3   1  6  0 -9 
15 14   1  3  0 -9 
15 16  -1  5  0 -9 
15 17  -1  5  0 -9 
15 19   1  6  0 -9 
16  3   1  7  0 -9 
16 16  -1  6  0 -9 
16 19   1  7  0 -9 
17 17  -1  6  0 -9 
17 19   1  7  0 -9 
18  3   1  6  0 -9 
18 13   1  3  0 -9 
18 16  -1  5  0 -9 
18 17  -1  5  0 -9 
18 19   1  6  0 -9 
19 19   1  8  0 -9 
20  0  -1  0  0 -9 
20  1   1  1  0 -9 
20  2  -1  2  0 -9 
20 12   1 -1  0 -9 
20 13  -1  0  0 -9 
20 14  -1  0  0 -9 
20 15   1  1  0 -9 
20 20  -1 -2  0 -9 
20 21   1 -1  0 -9 
20 22   1 -1  0 -9 
20 23  -1  0  0 -9 
20 24  -1  3  0 -9 
20 26   1  2  0 -9 
20 27  -1  3  0 -9 
20 28   1  4  0 -9 
21 24  -1  4  0 -9 
21 26   1  3  0 -9 
21 27  -1  4  0 -9 
21 28   1  5  0 -9 
22  0  -1  1  0 -9 
22  1   1  2  0 -9 
22  2  -1  3  0 -9 
22 14  -1  1  0 -9 
22 15   1  2  0 -9 
22 17  -1  3  0 -9 
22 22   1  0  0 -9 
22 23  -1  1  0 -9 
22 24  -1  4  0 -9 
22 25   1  2  0 -9 
22 28   1  5  0 -9 
23 17  -1  4  0 -9 
23 24  -1  5  0 -9 
23 25   1  3  0 -9 
23 28   1  6  0 -9 
24 24  -1  6  0 -9 
24 28   1  7  0 -9 
25 17  -1  5  0 -9 
25 19   1  6  0 -9 
25 23   1  3  0 -9 
25 24  -1  4  0 -9 
26 21   1  3  0 -9 
26 24  -1  5  0 -9 
26 27  -1  5  0 -9 
26 28   1  6  0 -9 
27 27  -1  6  0 -9 
27 28   1  7  0 -9 
28 28   1  8  0 -9 
29  3  -1  2  0 -9 
29  4   1 -1  0 -9 
29  5  -1  0  0 -9 
29  6  -1  0  0 -9 
29  7   1  1  0 -9 
29  8  -1  2 -1  0  0 -9 
29  9  -1  2  0 -9 
29 10   1  1  0 -9 
29 11   1  3  0 -9 
29 16   1  1  0 -9 
29 17   1  1  0 -9 
29 18  -1  0  0 -9 
29 19  -1  2  0 -9 
29 21  -1  0  0 -9 
29 24  -1  2 -1  0  0 -9 
29 26   1  1  0 -9 
29 27  -1  2  0 -9 
29 28   1  3  0 -9 
29 29  -1 -2  0 -9 
29 30  -1  0  0 -9 
29 31   1 -1  0 -9 
29 32   1  1  0 -9 
29 33   1 -1  0 -9 
29 35  -1  0  0 -9 
29 36   1  1  0 -9 
29 37  -1  2  0 -9 
30 17  -1  5  0 -9 
30 19   1  6  0 -9 
30 32  -1  5  0 -9 
30 34   1  3  0 -9 
30 37   1  6  0 -9 
31  3  -1  3  0 -9 
31  5  -1  1  0 -9 
31  6  -1  1  0 -9 
31  7   1  2  0 -9 
31  8  -1  5 -1  3 -1  1  0 -9 
31  9  -1  3  0 -9 
31 10   1  2  0 -9 
31 11   1  6  1  4  0 -9 
31 13   1  2  0 -9 
31 16   1  2  0 -9 
31 17  -1  4  1  2  0 -9 
31 18  -1  1  0 -9 
31 19  -1  3  0 -9 
31 21  -1  1  0 -9 
31 24  -1  5 -1  3 -1  1  0 -9 
31 26   1  2  0 -9 
31 27  -1  3  0 -9 
31 28   1  6  1  4  0 -9 
31 30  -1  1  0 -9 
31 31   1  0  0 -9 
31 32   1  2  0 -9 
31 34   1  2  0 -9 
31 35  -1  1  0 -9 
31 36   1  2  0 -9 
31 37  -1  3  0 -9 
32 19   1  7  0 -9 
32 32  -1  6  0 -9 
32 37   1  7  0 -9 
33 21  -1  1  0 -9 
33 24  -1  3  0 -9 
33 26   1  2  0 -9 
33 27  -1  3  0 -9 
33 28   1  4  0 -9 
33 33   1  0  0 -9 
33 35  -1  1  0 -9 
33 36   1  2  0 -9 
33 37  -1  3  0 -9 
34 17  -1  4  0 -9 
34 19   1  5  0 -9 
34 30   1  3  0 -9 
34 32  -1  4  0 -9 
35 24  -1  4  0 -9 
35 27  -1  4  0 -9 
35 28   1  5  0 -9 
35 36   1  3  0 -9 
35 37  -1  4  0 -9 
36 24  -1  5  0 -9 
36 27  -1  5  0 -9 
36 28   1  6  0 -9 
36 35   1  3  0 -9 
36 37   1  7  0 -9 
37 37   1  8  0 -9 
38  8  -1  4  0 -9 
38 17  -1  5  0 -9 
38 19   1  6  0 -9 
38 39   1  3  0 -9 
39  8  -1  5  0 -9 
39 11   1  6  0 -9 
39 17  -1  4  0 -9 
39 38   1  3  0 -9 
40  6   1 -1  0 -9 
40  7   1  2  0 -9 
40  8  -1  3  0 -9 
40  9  -1  3  0 -9 
40 11   1  4  0 -9 
40 34  -1  0  0 -9 
40 39  -1  0  0 -9 
40 40  -1 -2  0 -9 
40 41  -1  0  0 -9 
40 42   1 -1  0 -9 
40 43   1 -1  0 -9 
40 44  -1  0  0 -9 
40 45   1  1  0 -9 
40 46   1  1  0 -9 
40 47  -1  2  0 -9 
41 17  -1  4  0 -9 
41 19   1  5  0 -9 
41 32  -1  4  0 -9 
41 37   1  5  0 -9 
41 46   1  3  0 -9 
41 47  -1  4  0 -9 
42  8  -1  4  0 -9 
42 11   1  5  0 -9 
42 17  -1  3  0 -9 
42 38   1  2  0 -9 
42 39  -1  1  0 -9 
42 41  -1  1  0 -9 
42 42   1  0  0 -9 
42 44  -1  1  0 -9 
42 45   1  2  0 -9 
42 46   1  2  0 -9 
42 47  -1  3  0 -9 
43 17  -1  3  0 -9 
43 19   1  4  0 -9 
43 30   1  2  0 -9 
43 32  -1  3  0 -9 
43 34  -1  1  0 -9 
43 41  -1  1  0 -9 
43 43   1  0  0 -9 
43 44  -1  1  0 -9 
43 45   1  2  0 -9 
43 46   1  2  0 -9 
43 47  -1  3  0 -9 
44 45   1  3  0 -9 
44 47  -1  4  0 -9 
45 37   1  6  0 -9 
45 44   1  3  0 -9 
45 47  -1  5  0 -9 
46 17  -1  5  0 -9 
46 19   1  6  0 -9 
46 32  -1  5  0 -9 
46 37   1  6  0 -9 
46 41   1  3  0 -9 
46 47  -1  5  0 -9 
47 37   1  7  0 -9 
47 47  -1  6  0 -9 
48 48   1  0  0 -9 
48 49  -1  1  0 -9 
48 50  -1  1  0 -9 
48 51   1  2  0 -9 
48 52  -1  3  0 -9 
48 53  -1  3  0 -9 
48 54   1  2  0 -9 
48 55   1  4  0 -9 
49 52  -1  4  0 -9 
49 53  -1  4  0 -9 
49 54   1  3  0 -9 
49 55   1  5  0 -9 
50 51   1  3  0 -9 
50 52  -1  4  0 -9 
50 53  -1  4  0 -9 
50 55   1  5  0 -9 
51 50   1  3  0 -9 
51 52  -1  5  0 -9 
51 53  -1  5  0 -9 
51 55   1  6  0 -9 
52 52  -1  6  0 -9 
52 55   1  7  0 -9 
53 53  -1  6  0 -9 
53 55   1  7  0 -9 
54 49   1  3  0 -9 
54 52  -1  5  0 -9 
54 53  -1  5  0 -9 
54 55   1  6  0 -9 
55 55   1  8  0 -9 
56  4   1 -1  0 -9 
56  5  -1  0  0 -9 
56  6  -1  0  0 -9 
56  7   1  1  0 -9 
56 48   1 -1  0 -9 
56 49  -1  0  0 -9 
56 50  -1  0  0 -9 
56 51   1  1  0 -9 
56 56  -1 -2  0 -9 
56 57   1 -1  0 -9 
56 58   1 -1  0 -9 
56 59  -1  0  0 -9 
56 60  -1  3  0 -9 
56 62   1  2  0 -9 
56 63  -1  3  0 -9 
56 64   1  4  0 -9 
57 60  -1  4  0 -9 
57 62   1  3  0 -9 
57 63  -1  4  0 -9 
57 64   1  5  0 -9 
58  6  -1  1  0 -9 
58  7   1  2  0 -9 
58  9  -1  3  0 -9 
58 50  -1  1  0 -9 
58 51   1  2  0 -9 
58 53  -1  3  0 -9 
58 58   1  0  0 -9 
58 59  -1  1  0 -9 
58 60  -1  4  0 -9 
58 61   1  2  0 -9 
58 64   1  5  0 -9 
59  9  -1  4  0 -9 
59 53  -1  4  0 -9 
59 60  -1  5  0 -9 
59 61   1  3  0 -9 
59 64   1  6  0 -9 
60 60  -1  6  0 -9 
60 64   1  7  0 -9 
61  9  -1  5  0 -9 
61 11   1  6  0 -9 
61 53  -1  5  0 -9 
61 55   1  6  0 -9 
61 59   1  3  0 -9 
61 60  -1  4  0 -9 
62  3   1  6  0 -9 
62 57   1  3  0 -9 
62 60  -1  5  0 -9 
62 63  -1  5  0 -9 
62 64   1  6  0 -9 
63  3   1  7  0 -9 
63 63  -1  6  0 -9 
63 64   1  7  0 -9 
64 64   1  8  0 -9 
65 52  -1  4  0 -9 
65 66   1  3  0 -9 
66 52  -1  5  0 -9 
66 55   1  6  0 -9 
66 65   1  3  0 -9 
67 52   1  1  0 -9 
67 55  -1  2  0 -9 
67 60  -1  2 -1  0  0 -9 
67 64   1  3  0 -9 
67 66  -1  0  0 -9 
67 67  -1 -2  0 -9 
67 68  -1  0  0 -9 
67 69   1 -1  0 -9 
67 70   1 -1  0 -9 
67 71  -1  0  0 -9 
67 72   1  1  0 -9 
67 73   1  1  0 -9 
67 74  -1  2  0 -9 
68 55  -1  4  0 -9 
68 60  -1  4  0 -9 
68 64   1  5  0 -9 
68 73   1  3  0 -9 
68 74  -1  4  0 -9 
69 52   1  2  0 -9 
69 55  -1  3  0 -9 
69 60  -1  5 -1  3 -1  1  0 -9 
69 64   1  6  1  4  0 -9 
69 65   1  2  0 -9 
69 66  -1  1  0 -9 
69 68  -1  1  0 -9 
69 69   1  0  0 -9 
69 71  -1  1  0 -9 
69 72   1  2  0 -9 
69 73   1  2  0 -9 
69 74  -1  3  0 -9 
70 55  -1  3  0 -9 
70 60  -1  3  0 -9 
70 64   1  4  0 -9 
70 68  -1  1  0 -9 
70 70   1  0  0 -9 
70 71  -1  1  0 -9 
70 72   1  2  0 -9 
70 73   1  2  0 -9 
70 74  -1  3  0 -9 
71 60  -1  4  0 -9 
71 64   1  5  0 -9 
71 72   1  3  0 -9 
71 74  -1  4  0 -9 
72 60  -1  5  0 -9 
72 64   1  6  0 -9 
72 71   1  3  0 -9 
72 74  -1  5  0 -9 
73 55   1  7  0 -9 
73 60  -1  5  0 -9 
73 64   1  6  0 -9 
73 68   1  3  0 -9 
73 74  -1  5  0 -9 
74 64   1  7  0 -9 
74 74  -1  6  0 -9 
75 13  -1  0  0 -9 
75 57  -1  0  0 -9 
75 60  -1  2 -1  0  0 -9 
75 62   1  1  0 -9 
75 63  -1  2  0 -9 
75 64   1  3  0 -9 
75 75  -1 -2  0 -9 
75 76  -1  0  0 -9 
75 77   1 -1  0 -9 
75 78   1  1  0 -9 
75 79   1 -1  0 -9 
75 81  -1  0  0 -9 
75 82   1  1  0 -9 
75 83  -1  2  0 -9 
76 17  -1  4  0 -9 
76 78  -1  5  0 -9 
76 80   1  3  0 -9 
76 83   1  6  0 -9 
77 17  -1  3  0 -9 
77 57  -1  1  0 -9 
77 60  -1  5 -1  3 -1  1  0 -9 
77 62   1  2  0 -9 
77 63  -1  3  0 -9 
77 64   1  6  1  4  0 -9 
77 76  -1  1  0 -9 
77 77   1  0  0 -9 
77 78   1  2  0 -9 
77 80   1  2  0 -9 
77 81  -1  1  0 -9 
77 82   1  2  0 -9 
77 83  -1  3  0 -9 
78 78  -1  6  0 -9 
78 83   1  7  0 -9 
79 13  -1  1  0 -9 
79 16  -1  3  0 -9 
79 17  -1  3  0 -9 
79 18   1  2  0 -9 
79 19   1  4  0 -9 
79 57  -1  1  0 -9 
79 60  -1  3  0 -9 
79 62   1  2  0 -9 
79 63  -1  3  0 -9 
79 64   1  4  0 -9 
79 79   1  0  0 -9 
79 81  -1  1  0 -9 
79 82   1  2  0 -9 
79 83  -1  3  0 -9 
80 17  -1  5  0 -9 
80 19   1  6  0 -9 
80 76   1  3  0 -9 
80 78  -1  4  0 -9 
81  3   1  5  0 -9 
81 16  -1  4  0 -9 
81 17  -1  4  0 -9 
81 19   1  5  0 -9 
81 60  -1  4  0 -9 
81 63  -1  4  0 -9 
81 64   1  5  0 -9 
81 82   1  3  0 -9 
81 83  -1  4  0 -9 
82  3   1  6  0 -9 
82 16  -1  5  0 -9 
82 17  -1  5  0 -9 
82 19   1  6  0 -9 
82 60  -1  5  0 -9 
82 63  -1  5  0 -9 
82 64   1  6  0 -9 
82 81   1  3  0 -9 
82 83   1  7  0 -9 
83 83   1  8  0 -9 
84  6  -1  0  0 -9 
84  7   1  1  0 -9 
84  9  -1  2  0 -9 
84 17   1  1  0 -9 
84 38  -1  0  0 -9 
84 50  -1  0  0 -9 
84 51   1  1  0 -9 
84 53  -1  2  0 -9 
84 58   1 -1  0 -9 
84 59  -1  0  0 -9 
84 60  -1  3  0 -9 
84 61   1  1  0 -9 
84 64   1  4  0 -9 
84 65  -1  0  0 -9 
84 80  -1  0  0 -9 
84 84  -1 -2  0 -9 
84 85  -1  0  0 -9 
84 86   1 -1  0 -9 
84 87   1 -1  0 -9 
84 88  -1  0  0 -9 
84 89   1  1  0 -9 
84 90   1  1  0 -9 
84 91  -1  2  0 -9 
85 78  -1  4  0 -9 
85 83   1  5  0 -9 
85 90   1  3  0 -9 
85 91  -1  4  0 -9 
86 60  -1  4  0 -9 
86 64   1  5  0 -9 
86 85  -1  1  0 -9 
86 86   1  0  0 -9 
86 88  -1  1  0 -9 
86 89   1  2  0 -9 
86 90   1  2  0 -9 
86 91  -1  3  0 -9 
87  6  -1  1  0 -9 
87  7   1  2  0 -9 
87  8  -1  3  0 -9 
87  9  -1  3  0 -9 
87 17  -1  4  1  2  0 -9 
87 19   1  5  0 -9 
87 38  -1  1  0 -9 
87 39   1  2  0 -9 
87 50  -1  1  0 -9 
87 51   1  2  0 -9 
87 52  -1  3  0 -9 
87 53  -1  3  0 -9 
87 59  -1  1  0 -9 
87 60  -1  4  1  2  0 -9 
87 61   1  2  0 -9 
87 64   1  5  0 -9 
87 65  -1  1  0 -9 
87 66   1  2  0 -9 
87 76   1  2  0 -9 
87 78  -1  3  0 -9 
87 80  -1  1  0 -9 
87 85  -1  1  0 -9 
87 87   1  0  0 -9 
87 88  -1  1  0 -9 
87 89   1  2  0 -9 
87 90   1  2  0 -9 
87 91  -1  3  0 -9 
88 60  -1  5  0 -9 
88 64   1  6  0 -9 
88 89   1  3  0 -9 
88 91  -1  4  0 -9 
89 60  -1  4  0 -9 
89 83   1  6  0 -9 
89 88   1  3  0 -9 
89 91  -1  5  0 -9 
90 78  -1  5  0 -9 
90 83   1  6  0 -9 
90 85   1  3  0 -9 
90 91  -1  5  0 -9 
91 83   1  7  0 -9 
91 91  -1  6  0 -9 
92 37  -1  3  0 -9 
92 78  -1  3  0 -9 
92 83   1  4  0 -9 
92 85  -1  1  0 -9 
92 90   1  2  0 -9 
92 91  -1  3  0 -9 
92 92   1  0  0 -9 
92 94  -1  1  0 -9 
92 95   1  2  0 -9 
93 44   1 -1  0 -9 
93 45   1  2  0 -9 
93 47  -1  3  0 -9 
93 60  -1  3  0 -9 
93 64   1  4  0 -9 
93 71   1 -1  0 -9 
93 72   1  2  0 -9 
93 74  -1  3  0 -9 
93 85  -1  0  0 -9 
93 86   1 -1  0 -9 
93 88  -1  0  0 -9 
93 90   1  1  0 -9 
93 92   1 -1  0 -9 
93 93  -1 -2  0 -9 
93 94  -1  0  0 -9 
94 37  -1  4  0 -9 
94 78  -1  4  0 -9 
94 83   1  5  0 -9 
94 91  -1  4  0 -9 
94 95   1  3  0 -9 
95 37   1  7  0 -9 
95 78  -1  5  0 -9 
95 83   1  6  0 -9 
95 91  -1  5  0 -9 
95 94   1  3  0 -9 
96 97   1  3  0 -9 
96 98  -1  4  0 -9 
97 96   1  3  0 -9 
97 98  -1  5  0 -9 
97 99   1  6  0 -9 
98 98  -1  6  0 -9 
98 99   1  7  0 -9 
99 99   1  8  0 -9 
100 96  -1  1  0 -9 
100 97   1  2  0 -9 
100 98  -1  3  0 -9 
100 100   1  0  0 -9 
100 101  -1  1  0 -9 
100 102  -1  1  0 -9 
100 103   1  2  0 -9 
100 104  -1  3  0 -9 
100 105  -1  3  0 -9 
100 106   1  2  0 -9 
100 107   1  4  0 -9 
101 104  -1  4  0 -9 
101 105  -1  4  0 -9 
101 106   1  3  0 -9 
101 107   1  5  0 -9 
102 98  -1  4  0 -9 
102 99   1  5  0 -9 
102 103   1  3  0 -9 
102 104  -1  4  0 -9 
102 105  -1  4  0 -9 
102 107   1  5  0 -9 
103 98  -1  5  0 -9 
103 99   1  6  0 -9 
103 102   1  3  0 -9 
103 104  -1  5  0 -9 
103 105  -1  5  0 -9 
103 107   1  6  0 -9 
104 99   1  7  0 -9 
104 104  -1  6  0 -9 
104 107   1  7  0 -9 
105 105  -1  6  0 -9 
105 107   1  7  0 -9 
106 99   1  6  0 -9 
106 101   1  3  0 -9 
106 104  -1  5  0 -9 
106 105  -1  5  0 -9 
106 107   1  6  0 -9 
107 107   1  8  0 -9 
108  0   1 -1  0 -9 
108  1   1  2  0 -9 
108  2  -1  3  0 -9 
108  4   1 -1  0 -9 
108  5  -1  0  0 -9 
108  6  -1  0  0 -9 
108  7   1  1  0 -9 
108 96  -1  0  0 -9 
108 99  -1  3  0 -9 
108 100   1 -1  0 -9 
108 101  -1  0  0 -9 
108 102  -1  0  0 -9 
108 103   1  1  0 -9 
108 108  -1 -2  0 -9 
108 109   1 -1  0 -9 
108 110   1 -1  0 -9 
108 111  -1  0  0 -9 
108 112  -1  3  0 -9 
108 114   1  2  0 -9 
108 115  -1  3  0 -9 
108 116   1  4  0 -9 
109 99  -1  4  0 -9 
109 112  -1  4  0 -9 
109 114   1  3  0 -9 
109 115  -1  4  0 -9 
109 116   1  5  0 -9 
110  6  -1  1  0 -9 
110  7   1  2  0 -9 
110  9  -1  3  0 -9 
110 98  -1  3  0 -9 
110 102  -1  1  0 -9 
110 103   1  2  0 -9 
110 105  -1  3  0 -9 
110 110   1  0  0 -9 
110 111  -1  1  0 -9 
110 112  -1  4  0 -9 
110 113   1  2  0 -9 
110 116   1  5  0 -9 
111  9  -1  4  0 -9 
111 98  -1  4  0 -9 
111 105  -1  4  0 -9 
111 112  -1  5  0 -9 
111 113   1  3  0 -9 
111 116   1  6  0 -9 
112 112  -1  6  0 -9 
112 116   1  7  0 -9 
113  9  -1  5  0 -9 
113 11   1  6  0 -9 
113 98  -1  5  0 -9 
113 99   1  6  0 -9 
113 105  -1  5  0 -9 
113 107   1  6  0 -9 
113 111   1  3  0 -9 
113 112  -1  4  0 -9 
114 99   1  7  0 -9 
114 109   1  3  0 -9 
114 112  -1  5  0 -9 
114 115  -1  5  0 -9 
114 116   1  6  0 -9 
115 115  -1  6  0 -9 
115 116   1  7  0 -9 
116 116   1  8  0 -9 
117 99  -1  2  0 -9 
117 104   1  1  0 -9 
117 105   1  1  0 -9 
117 106  -1  0  0 -9 
117 107  -1  2  0 -9 
117 109  -1  0  0 -9 
117 112  -1  2 -1  0  0 -9 
117 114   1  1  0 -9 
117 115  -1  2  0 -9 
117 116   1  3  0 -9 
117 117  -1 -2  0 -9 
117 118  -1  0  0 -9 
117 119   1 -1  0 -9 
117 120   1  1  0 -9 
117 121   1 -1  0 -9 
117 123  -1  0  0 -9 
117 124   1  1  0 -9 
117 125  -1  2  0 -9 
118 105  -1  5  0 -9 
118 107   1  6  0 -9 
118 120  -1  5  0 -9 
118 122   1  3  0 -9 
118 125   1  6  0 -9 
119 99  -1  3  0 -9 
119 101   1  2  0 -9 
119 104   1  2  0 -9 
119 105  -1  4  1  2  0 -9 
119 106  -1  1  0 -9 
119 107  -1  3  0 -9 
119 109  -1  1  0 -9 
119 112  -1  5 -1  3 -1  1  0 -9 
119 114   1  2  0 -9 
119 115  -1  3  0 -9 
119 116   1  6  1  4  0 -9 
119 118  -1  1  0 -9 
119 119   1  0  0 -9 
119 120   1  2  0 -9 
119 122   1  2  0 -9 
119 123  -1  1  0 -9 
119 124   1  2  0 -9 
119 125  -1  3  0 -9 
120 107   1  7  0 -9 
120 120  -1  6  0 -9 
120 125   1  7  0 -9 
121 99  -1  3  0 -9 
121 109  -1  1  0 -9 
121 112  -1  3  0 -9 
121 114   1  2  0 -9 
121 115  -1  3  0 -9 
121 116   1  4  0 -9 
121 121   1  0  0 -9 
121 123  -1  1  0 -9 
121 124   1  2  0 -9 
121 125  -1  3  0 -9 
122 105  -1  4  0 -9 
122 107   1  5  0 -9 
122 118   1  3  0 -9 
122 120  -1  4  0 -9 
123 112  -1  4  0 -9 
123 115  -1  4  0 -9 
123 116   1  5  0 -9 
123 124   1  3  0 -9 
123 125  -1  4  0 -9 
124 112  -1  5  0 -9 
124 115  -1  5  0 -9 
124 116   1  6  0 -9 
124 123   1  3  0 -9 
124 125   1  7  0 -9 
125 125   1  8  0 -9 
126  6  -1  0  0 -9 
126  7   1  1  0 -9 
126  9  -1  2  0 -9 
126 17   1  1  0 -9 
126 21  -1  0  0 -9 
126 25  -1  0  0 -9 
126 26   1  1  0 -9 
126 27  -1  2  0 -9 
126 38  -1  0  0 -9 
126 98  -1  2  0 -9 
126 101  -1  0  0 -9 
126 102  -1  0  0 -9 
126 103   1  1  0 -9 
126 105  -1  2 -1  0  0 -9 
126 110   1 -1  0 -9 
126 111  -1  0  0 -9 
126 112  -1  3  0 -9 
126 113   1  1  0 -9 
126 116   1  4  0 -9 
126 122  -1  0  0 -9 
126 126  -1 -2  0 -9 
126 127  -1  0  0 -9 
126 128   1 -1  0 -9 
126 129   1 -1  0 -9 
126 130  -1  0  0 -9 
126 131   1  1  0 -9 
126 132   1  1  0 -9 
126 133  -1  2  0 -9 
127 105  -1  4  0 -9 
127 107   1  5  0 -9 
127 120  -1  4  0 -9 
127 125   1  5  0 -9 
127 132   1  3  0 -9 
127 133  -1  4  0 -9 
128 21  -1  1  0 -9 
128 26   1  2  0 -9 
128 27  -1  3  0 -9 
128 105  -1  3  0 -9 
128 112  -1  4  0 -9 
128 116   1  5  0 -9 
128 127  -1  1  0 -9 
128 128   1  0  0 -9 
128 130  -1  1  0 -9 
128 131   1  2  0 -9 
128 132   1  2  0 -9 
128 133  -1  3  0 -9 
129  6  -1  1  0 -9 
129  7   1  2  0 -9 
129  8  -1  3  0 -9 
129  9  -1  3  0 -9 
129 17  -1  4  1  2  0 -9 
129 19   1  5  0 -9 
129 21  -1  1  0 -9 
129 23   1  2  0 -9 
129 24  -1  3  0 -9 
129 25  -1  1  0 -9 
129 26   1  2  0 -9 
129 27  -1  3  0 -9 
129 38  -1  1  0 -9 
129 39   1  2  0 -9 
129 98  -1  3  0 -9 
129 101  -1  1  0 -9 
129 102  -1  1  0 -9 
129 103   1  2  0 -9 
129 104  -1  3  0 -9 
129 105  -1  5 -2  3 -1  1  0 -9 
129 106   1  2  0 -9 
129 107   1  6  1  4  0 -9 
129 111  -1  1  0 -9 
129 112  -1  4  1  2  0 -9 
129 113   1  2  0 -9 
129 116   1  5  0 -9 
129 118   1  2  0 -9 
129 120  -1  3  0 -9 
129 122  -1  1  0 -9 
129 127  -1  1  0 -9 
129 129   1  0  0 -9 
129 130  -1  1  0 -9 
129 131   1  2  0 -9 
129 132   1  2  0 -9 
129 133  -1  3  0 -9 
130 27  -1  4  0 -9 
130 105  -1  4  0 -9 
130 112  -1  5  0 -9 
130 116   1  6  0 -9 
130 131   1  3  0 -9 
130 133  -1  4  0 -9 
131 27  -1  5  0 -9 
131 28   1  6  0 -9 
131 105  -1  5  0 -9 
131 107   1  6  0 -9 
131 112  -1  4  0 -9 
131 125   1  6  0 -9 
131 130   1  3  0 -9 
131 133  -1  5  0 -9 
132 105  -1  5  0 -9 
132 107   1  6  0 -9 
132 120  -1  5  0 -9 
132 125   1  6  0 -9 
132 127   1  3  0 -9 
132 133  -1  5  0 -9 
133 125   1  7  0 -9 
133 133  -1  6  0 -9 
134 105  -1  3  0 -9 
134 107   1  4  0 -9 
134 118   1  2  0 -9 
134 120  -1  3  0 -9 
134 122  -1  1  0 -9 
134 127  -1  1  0 -9 
134 132   1  2  0 -9 
134 133  -1  3  0 -9 
134 134   1  0  0 -9 
134 136  -1  1  0 -9 
134 137   1  2  0 -9 
135 21  -1  0  0 -9 
135 26   1  1  0 -9 
135 33   1 -1  0 -9 
135 35  -1  0  0 -9 
135 44   1 -1  0 -9 
135 45   1  2  0 -9 
135 47  -1  3  0 -9 
135 112  -1  3  0 -9 
135 115  -1  3  0 -9 
135 116   1  4  0 -9 
135 122  -1  0  0 -9 
135 123   1 -1  0 -9 
135 124   1  2  0 -9 
135 125  -1  3  0 -9 
135 127  -1  0  0 -9 
135 128   1 -1  0 -9 
135 130  -1  0  0 -9 
135 132   1  1  0 -9 
135 134   1 -1  0 -9 
135 135  -1 -2  0 -9 
135 136  -1  0  0 -9 
136 133  -1  4  0 -9 
136 137   1  3  0 -9 
137 125   1  6  0 -9 
137 133  -1  5  0 -9 
137 136   1  3  0 -9 
138 139   1  3  0 -9 
138 140  -1  4  0 -9 
139 138   1  3  0 -9 
139 140  -1  5  0 -9 
139 141   1  6  0 -9 
140 140  -1  6  0 -9 
140 141   1  7  0 -9 
141 141   1  8  0 -9 
142  0  -1  1  0 -9 
142  1   1  2  0 -9 
142  2  -1  3  0 -9 
142 138  -1  1  0 -9 
142 139   1  2  0 -9 
142 140  -1  3  0 -9 
142 142   1  0  0 -9 
142 143  -1  1  0 -9 
142 144  -1  1  0 -9 
142 145   1  2  0 -9 
142 146  -1  3  0 -9 
142 147  -1  3  0 -9 
142 148   1  2  0 -9 
142 149   1  4  0 -9 
143 146  -1  4  0 -9 
143 147  -1  4  0 -9 
143 148   1  3  0 -9 
143 149   1  5  0 -9 
144  2  -1  4  0 -9 
144  3   1  5  0 -9 
144 140  -1  4  0 -9 
144 141   1  5  0 -9 
144 145   1  3  0 -9 
144 146  -1  4  0 -9 
144 147  -1  4  0 -9 
144 149   1  5  0 -9 
145  2  -1  5  0 -9 
145  3   1  6  0 -9 
145 140  -1  5  0 -9 
145 141   1  6  0 -9 
145 144   1  3  0 -9 
145 146  -1  5  0 -9 
145 147  -1  5  0 -9 
145 149   1  6  0 -9 
146  3   1  7  0 -9 
146 141   1  7  0 -9 
146 146  -1  6  0 -9 
146 149   1  7  0 -9 
147 147  -1  6  0 -9 
147 149   1  7  0 -9 
148  3   1  6  0 -9 
148 141   1  6  0 -9 
148 143   1  3  0 -9 
148 146  -1  5  0 -9 
148 147  -1  5  0 -9 
148 149   1  6  0 -9 
149 149   1  8  0 -9 
150  0  -1  0  0 -9 
150  1   1  1  0 -9 
150  2  -1  2  0 -9 
150 138  -1  0  0 -9 
150 141  -1  3  0 -9 
150 142   1 -1  0 -9 
150 143  -1  0  0 -9 
150 144  -1  0  0 -9 
150 145   1  1  0 -9 
150 150  -1 -2  0 -9 
150 151   1 -1  0 -9 
150 152   1 -1  0 -9 
150 153  -1  0  0 -9 
150 154  -1  3  0 -9 
150 156   1  2  0 -9 
150 157  -1  3  0 -9 
150 158   1  4  0 -9 
151 141  -1  4  0 -9 
151 154  -1  4  0 -9 
151 156   1  3  0 -9 
151 157  -1  4  0 -9 
151 158   1  5  0 -9 
152  0  -1  1  0 -9 
152  1   1  2  0 -9 
152  2  -1  3  0 -9 
152 140  -1  3  0 -9 
152 144  -1  1  0 -9 
152 145   1  2  0 -9 
152 147  -1  3  0 -9 
152 152   1  0  0 -9 
152 153  -1  1  0 -9 
152 154  -1  4  0 -9 
152 155   1  2  0 -9 
152 158   1  5  0 -9 
153 140  -1  4  0 -9 
153 147  -1  4  0 -9 
153 154  -1  5  0 -9 
153 155   1  3  0 -9 
153 158   1  6  0 -9 
154 154  -1  6  0 -9 
154 158   1  7  0 -9 
155 140  -1  5  0 -9 
155 141   1  6  0 -9 
155 147  -1  5  0 -9 
155 149   1  6  0 -9 
155 153   1  3  0 -9 
155 154  -1  4  0 -9 
156 141   1  7  0 -9 
156 151   1  3  0 -9 
156 154  -1  5  0 -9 
156 157  -1  5  0 -9 
156 158   1  6  0 -9 
157 157  -1  6  0 -9 
157 158   1  7  0 -9 
158 158   1  8  0 -9 
159  3  -1  2  0 -9 
159  4   1 -1  0 -9 
159  5  -1  0  0 -9 
159  6  -1  0  0 -9 
159  7   1  1  0 -9 
159  8  -1  2 -1  0  0 -9 
159  9  -1  2  0 -9 
159 10   1  1  0 -9 
159 11   1  3  0 -9 
159 141  -1  2  0 -9 
159 146   1  1  0 -9 
159 147   1  1  0 -9 
159 148  -1  0  0 -9 
159 149  -1  2  0 -9 
159 151  -1  0  0 -9 
159 154  -1  2 -1  0  0 -9 
159 156   1  1  0 -9 
159 157  -1  2  0 -9 
159 158   1  3  0 -9 
159 159  -1 -2  0 -9 
159 160  -1  0  0 -9 
159 161   1 -1  0 -9 
159 162   1  1  0 -9 
159 163   1 -1  0 -9 
159 165  -1  0  0 -9 
159 166   1  1  0 -9 
159 167  -1  2  0 -9 
160 147  -1  5  0 -9 
160 149   1  6  0 -9 
160 162  -1  5  0 -9 
160 164   1  3  0 -9 
160 167   1  6  0 -9 
161  3  -1  3  0 -9 
161  5  -1  1  0 -9 
161  6  -1  1  0 -9 
161  7   1  2  0 -9 
161  8  -1  5 -1  3 -1  1  0 -9 
161  9  -1  3  0 -9 
161 10   1  2  0 -9 
161 11   1  6  1  4  0 -9 
161 141  -1  3  0 -9 
161 143   1  2  0 -9 
161 146   1  2  0 -9 
161 147  -1  4  1  2  0 -9 
161 148  -1  1  0 -9 
161 149  -1  3  0 -9 
161 151  -1  1  0 -9 
161 154  -1  5 -1  3 -1  1  0 -9 
161 156   1  2  0 -9 
161 157  -1  3  0 -9 
161 158   1  6  1  4  0 -9 
161 160  -1  1  0 -9 
161 161   1  0  0 -9 
161 162   1  2  0 -9 
161 164   1  2  0 -9 
161 165  -1  1  0 -9 
161 166   1  2  0 -9 
161 167  -1  3  0 -9 
162 149   1  7  0 -9 
162 162  -1  6  0 -9 
162 167   1  7  0 -9 
163 141  -1  3  0 -9 
163 151  -1  1  0 -9 
163 154  -1  3  0 -9 
163 156   1  2  0 -9 
163 157  -1  3  0 -9 
163 158   1  4  0 -9 
163 163   1  0  0 -9 
163 165  -1  1  0 -9 
163 166   1  2  0 -9 
163 167  -1  3  0 -9 
164 147  -1  4  0 -9 
164 149   1  5  0 -9 
164 160   1  3  0 -9 
164 162  -1  4  0 -9 
165 154  -1  4  0 -9 
165 157  -1  4  0 -9 
165 158   1  5  0 -9 
165 166   1  3  0 -9 
165 167  -1  4  0 -9 
166 154  -1  5  0 -9 
166 157  -1  5  0 -9 
166 158   1  6  0 -9 
166 165   1  3  0 -9 
166 167   1  7  0 -9 
167 167   1  8  0 -9 
168 96  -1  0  0 -9 
168 97   1  1  0 -9 
168 98  -1  2  0 -9 
168 100   1 -1  0 -9 
168 101  -1  0  0 -9 
168 102  -1  0  0 -9 
168 103   1  1  0 -9 
168 139  -1  0  0 -9 
168 140   1  1  0 -9 
168 168  -1 -2  0 -9 
168 169   1 -1  0 -9 
168 170   1 -1  0 -9 
168 171  -1  0  0 -9 
168 172  -1  3  0 -9 
168 174   1  2  0 -9 
168 175  -1  3  0 -9 
168 176   1  4  0 -9 
169 172  -1  4  0 -9 
169 174   1  3  0 -9 
169 175  -1  4  0 -9 
169 176   1  5  0 -9 
170 96  -1  1  0 -9 
170 97   1  2  0 -9 
170 98  -1  3  0 -9 
170 102  -1  1  0 -9 
170 103   1  2  0 -9 
170 105  -1  3  0 -9 
170 138   1  2  0 -9 
170 139  -1  1  0 -9 
170 140  -1  4  1  2  0 -9 
170 141   1  5  0 -9 
170 170   1  0  0 -9 
170 171  -1  1  0 -9 
170 172  -1  4  0 -9 
170 173   1  2  0 -9 
170 176   1  5  0 -9 
171 105  -1  4  0 -9 
171 140  -1  5  0 -9 
171 141   1  6  0 -9 
171 172  -1  5  0 -9 
171 173   1  3  0 -9 
171 176   1  6  0 -9 
172 141   1  7  0 -9 
172 172  -1  6  0 -9 
172 176   1  7  0 -9 
173 105  -1  5  0 -9 
173 107   1  6  0 -9 
173 140  -1  4  0 -9 
173 141   1  5  0 -9 
173 171   1  3  0 -9 
173 172  -1  4  0 -9 
174 141   1  6  0 -9 
174 169   1  3  0 -9 
174 172  -1  5  0 -9 
174 175  -1  5  0 -9 
174 176   1  6  0 -9 
175 175  -1  6  0 -9 
175 176   1  7  0 -9 
176 176   1  8  0 -9 
177 141  -1  2  0 -9 
177 151  -1  0  0 -9 
177 154  -1  2 -1  0  0 -9 
177 156   1  1  0 -9 
177 157  -1  2  0 -9 
177 158   1  3  0 -9 
177 163   1 -1  0 -9 
177 165  -1  0  0 -9 
177 166   1  1  0 -9 
177 167  -1  2  0 -9 
177 172   1  1  0 -9 
177 174  -1  0  0 -9 
177 175   1  1  0 -9 
177 176  -1  2  0 -9 
177 177  -1 -2  0 -9 
177 179   1 -1  0 -9 
177 180  -1  0  0 -9 
177 181   1  1  0 -9 
178 105  -1  4  1  2  0 -9 
178 107   1  5  0 -9 
178 118  -1  1  0 -9 
178 120  -1  4  0 -9 
178 122   1  2  0 -9 
178 125   1  5  0 -9 
178 140  -1  3  0 -9 
178 147  -1  3  0 -9 
178 153  -1  1  0 -9 
178 154  -1  4  0 -9 
178 155   1  2  0 -9 
178 158   1  5  0 -9 
178 160   1  2  0 -9 
178 164  -1  1  0 -9 
178 167  -1  4  0 -9 
178 171   1  2  0 -9 
178 173  -1  1  0 -9 
178 176  -1  4  0 -9 
178 178   1  0  0 -9 
178 181   1  3  0 -9 
179 141  -1  3  0 -9 
179 151  -1  1  0 -9 
179 154  -1  5 -1  3 -1  1  0 -9 
179 156   1  2  0 -9 
179 157  -1  3  0 -9 
179 158   1  6  1  4  0 -9 
179 165  -1  1  0 -9 
179 166   1  2  0 -9 
179 167  -1  3  0 -9 
179 169   1  2  0 -9 
179 172   1  2  0 -9 
179 174  -1  1  0 -9 
179 175  -1  4  1  2  0 -9 
179 176  -1  3  0 -9 
179 179   1  0  0 -9 
179 180  -1  1  0 -9 
179 181   1  2  0 -9 
179 182   1  2  0 -9 
180 167   1  6  0 -9 
180 175  -1  5  0 -9 
180 176   1  6  0 -9 
180 181  -1  5  0 -9 
180 182   1  3  0 -9 
181 167   1  7  0 -9 
181 176   1  7  0 -9 
181 181  -1  6  0 -9 
182 175  -1  4  0 -9 
182 176   1  5  0 -9 
182 180   1  3  0 -9 
182 181  -1  4  0 -9 
183  0  -1  0  0 -9 
183  1   1  1  0 -9 
183  3  -1  3  0 -9 
183  6   1 -1  0 -9 
183  7   1  2  0 -9 
183  8  -1  3  0 -9 
183  9  -1  3  0 -9 
183 11   1  4  0 -9 
183 12   1 -1  0 -9 
183 13  -1  0  0 -9 
183 14  -1  0  0 -9 
183 18   1  1  0 -9 
183 39  -1  0  0 -9 
183 98  -1  3  0 -9 
183 99   1  4  0 -9 
183 102   1 -1  0 -9 
183 103   1  2  0 -9 
183 104  -1  3  0 -9 
183 105  -1  3  1  1  0 -9 
183 106  -1  0  0 -9 
183 107   1  4  0 -9 
183 141  -1  3  0 -9 
183 144  -1  0  0 -9 
183 146   1  2  0 -9 
183 149  -1  3  0 -9 
183 152   1 -1  0 -9 
183 153  -1  0  0 -9 
183 154  -1  3  0 -9 
183 155   1  1  0 -9 
183 158   1  4  0 -9 
183 164  -1  0  0 -9 
183 169  -1  0  0 -9 
183 173  -1  0  0 -9 
183 174   1  1  0 -9 
183 175  -1  2  0 -9 
183 183  -1 -2  0 -9 
183 184  -1  0  0 -9 
183 185   1 -1  0 -9 
183 186   1 -1  0 -9 
183 187  -1  0  0 -9 
183 188   1  1  0 -9 
183 189   1  1  0 -9 
183 190  -1  2  0 -9 
184 105  -1  5  0 -9 
184 107   1  6  0 -9 
184 162  -1  4  0 -9 
184 167   1  5  0 -9 
184 189   1  3  0 -9 
184 190  -1  4  0 -9 
185  3  -1  4  0 -9 
185  8  -1  4  0 -9 
185 11   1  5  0 -9 
185 13  -1  1  0 -9 
185 17  -1  3  0 -9 
185 18   1  2  0 -9 
185 38   1  2  0 -9 
185 39  -1  1  0 -9 
185 99   1  5  0 -9 
185 101   1  2  0 -9 
185 104  -1  4  0 -9 
185 105  -1  4  1  2  0 -9 
185 106  -1  1  0 -9 
185 107   1  5  0 -9 
185 141  -1  4  0 -9 
185 146   1  3  0 -9 
185 149  -1  4  0 -9 
185 154  -1  4  0 -9 
185 158   1  5  0 -9 
185 169  -1  1  0 -9 
185 174   1  2  0 -9 
185 175  -1  3  0 -9 
185 184  -1  1  0 -9 
185 185   1  0  0 -9 
185 187  -1  1  0 -9 
185 188   1  2  0 -9 
185 189   1  2  0 -9 
185 190  -1  3  0 -9 
186 105  -1  4  1  2  0 -9 
186 107   1  5  0 -9 
186 140  -1  3  0 -9 
186 147  -1  3  0 -9 
186 153  -1  1  0 -9 
186 154  -1  4  1  2  0 -9 
186 155   1  2  0 -9 
186 158   1  5  0 -9 
186 160   1  2  0 -9 
186 162  -1  3  0 -9 
186 164  -1  1  0 -9 
186 169  -1  1  0 -9 
186 171   1  2  0 -9 
186 172  -1  3  0 -9 
186 173  -1  1  0 -9 
186 174   1  2  0 -9 
186 175  -1  3  0 -9 
186 184  -1  1  0 -9 
186 186   1  0  0 -9 
186 187  -1  1  0 -9 
186 188   1  2  0 -9 
186 189   1  2  0 -9 
186 190  -1  3  0 -9 
187 154  -1  5  0 -9 
187 158   1  6  0 -9 
187 175  -1  4  0 -9 
187 188   1  3  0 -9 
187 190  -1  4  0 -9 
188 154  -1  4  0 -9 
188 167   1  6  0 -9 
188 175  -1  5  0 -9 
188 176   1  6  0 -9 
188 187   1  3  0 -9 
188 190  -1  5  0 -9 
189 105  -1  4  0 -9 
189 149   1  6  0 -9 
189 162  -1  5  0 -9 
189 167   1  6  0 -9 
189 184   1  3  0 -9 
189 190  -1  5  0 -9 
190 167   1  7  0 -9 
190 190  -1  6  0 -9 
191 105  -1  3  1  1  0 -9 
191 107   1  4  0 -9 
191 118  -1  0  0 -9 
191 120  -1  3  0 -9 
191 125   1  4  0 -9 
191 127   1 -1  0 -9 
191 132   1  2  0 -9 
191 133  -1  3  0 -9 
191 140  -1  2  0 -9 
191 147  -1  2  0 -9 
191 153  -1  0  0 -9 
191 154  -1  3  0 -9 
191 155   1  1  0 -9 
191 158   1  4  0 -9 
191 160   1  1  0 -9 
191 164  -1  0  0 -9 
191 167  -1  3  0 -9 
191 169  -1  0  0 -9 
191 171   1  1  0 -9 
191 173  -1  0  0 -9 
191 176  -1  3  0 -9 
191 178   1 -1  0 -9 
191 181   1  2  0 -9 
191 184  -1  0  0 -9 
191 186   1 -1  0 -9 
191 187  -1  0  0 -9 
191 188   1  1  0 -9 
191 191  -1 -2  0 -9 
191 192   1 -1  0 -9 
191 193  -1  0  0 -9 
192 154  -1  4  0 -9 
192 158   1  5  0 -9 
192 175  -1  3  0 -9 
192 187  -1  1  0 -9 
192 188   1  2  0 -9 
192 190  -1  3  0 -9 
192 192   1  0  0 -9 
192 193  -1  1  0 -9 
192 194   1  2  0 -9 
193 167   1  5  0 -9 
193 175  -1  4  0 -9 
193 176   1  5  0 -9 
193 181  -1  4  0 -9 
193 190  -1  4  0 -9 
193 194   1  3  0 -9 
194 167   1  6  0 -9 
194 175  -1  5  0 -9 
194 176   1  6  0 -9 
194 181  -1  5  0 -9 
194 190  -1  5  0 -9 
194 193   1  3  0 -9 
195 122  -1  0  0 -9 
195 127  -1  0  0 -9 
195 132   1  1  0 -9 
195 133  -1  2  0 -9 
195 134   1 -1  0 -9 
195 136  -1  0  0 -9 
195 137   1  1  0 -9 
195 147  -1  3  0 -9 
195 149   1  4  0 -9 
195 160   1  2  0 -9 
195 162  -1  3  0 -9 
195 164   1 -1  0 -9 
195 189  -1  0  0 -9 
195 190   1  1  0 -9 
195 195  -1 -2  0 -9 
195 197   1 -1  0 -9 
195 198  -1  0  0 -9 
196 154  -1  3  0 -9 
196 157  -1  3  0 -9 
196 158   1  4  0 -9 
196 165   1 -1  0 -9 
196 166   1  2  0 -9 
196 167  -1  3  0 -9 
196 182  -1  0  0 -9 
196 187  -1  0  0 -9 
196 192   1 -1  0 -9 
196 193  -1  0  0 -9 
196 194   1  1  0 -9 
196 196  -1 -2  0 -9 
196 199   1 -1  0 -9 
196 200  -1  0  0 -9 
197 105  -1  3  0 -9 
197 127  -1  1  0 -9 
197 132   1  2  0 -9 
197 133  -1  3  0 -9 
197 136  -1  1  0 -9 
197 137   1  2  0 -9 
197 149   1  5  0 -9 
197 162  -1  4  0 -9 
197 167   1  5  0 -9 
197 184   1  2  0 -9 
197 189  -1  1  0 -9 
197 190  -1  4  1  2  0 -9 
197 197   1  0  0 -9 
197 198  -1  1  0 -9 
197 200   1  2  0 -9 
198 167   1  6  0 -9 
198 190  -1  5  0 -9 
198 200   1  3  0 -9 
199 175  -1  3  0 -9 
199 176   1  4  0 -9 
199 180   1  2  0 -9 
199 181  -1  3  0 -9 
199 182  -1  1  0 -9 
199 190  -1  3  0 -9 
199 193  -1  1  0 -9 
199 194   1  2  0 -9 
199 198   1  2  0 -9 
199 199   1  0  0 -9 
199 200  -1  1  0 -9 
200 190  -1  4  0 -9 
200 198   1  3  0 -9 
201 99  -1  3  0 -9 
201 201   1  0  0 -9 
201 202  -1  1  0 -9 
201 203  -1  1  0 -9 
201 204   1  2  0 -9 
201 205  -1  3  0 -9 
201 206  -1  3  0 -9 
201 207   1  2  0 -9 
201 208   1  4  0 -9 
202 99  -1  4  0 -9 
202 205  -1  4  0 -9 
202 206  -1  4  0 -9 
202 207   1  3  0 -9 
202 208   1  5  0 -9 
203 204   1  3  0 -9 
203 205  -1  4  0 -9 
203 206  -1  4  0 -9 
203 208   1  5  0 -9 
204 203   1  3  0 -9 
204 205  -1  5  0 -9 
204 206  -1  5  0 -9 
204 208   1  6  0 -9 
205 205  -1  6  0 -9 
205 208   1  7  0 -9 
206 206  -1  6  0 -9 
206 208   1  7  0 -9 
207 99   1  7  0 -9 
207 202   1  3  0 -9 
207 205  -1  5  0 -9 
207 206  -1  5  0 -9 
207 208   1  6  0 -9 
208 208   1  8  0 -9 
209 201   1 -1  0 -9 
209 202  -1  0  0 -9 
209 203  -1  0  0 -9 
209 204   1  1  0 -9 
209 209  -1 -2  0 -9 
209 210   1 -1  0 -9 
209 211   1 -1  0 -9 
209 212  -1  0  0 -9 
209 213  -1  3  0 -9 
209 215   1  2  0 -9 
209 216  -1  3  0 -9 
209 217   1  4  0 -9 
210 213  -1  4  0 -9 
210 215   1  3  0 -9 
210 216  -1  4  0 -9 
210 217   1  5  0 -9 
211 203  -1  1  0 -9 
211 204   1  2  0 -9 
211 206  -1  3  0 -9 
211 211   1  0  0 -9 
211 212  -1  1  0 -9 
211 213  -1  4  0 -9 
211 214   1  2  0 -9 
211 217   1  5  0 -9 
212 206  -1  4  0 -9 
212 213  -1  5  0 -9 
212 214   1  3  0 -9 
212 217   1  6  0 -9 
213 213  -1  6  0 -9 
213 217   1  7  0 -9 
214 206  -1  5  0 -9 
214 208   1  6  0 -9 
214 212   1  3  0 -9 
214 213  -1  4  0 -9 
215 99   1  6  0 -9 
215 210   1  3  0 -9 
215 213  -1  5  0 -9 
215 216  -1  5  0 -9 
215 217   1  6  0 -9 
216 99   1  7  0 -9 
216 216  -1  6  0 -9 
216 217   1  7  0 -9 
217 217   1  8  0 -9 
218 105  -1  5  0 -9 
218 107   1  6  0 -9 
218 205  -1  4  0 -9 
218 219   1  3  0 -9 
219 105  -1  4  0 -9 
219 205  -1  5  0 -9 
219 208   1  6  0 -9 
219 218   1  3  0 -9 
220  6  -1  0  0 -9 
220  7   1  1  0 -9 
220  8  -1  2 -1  0  0 -9 
220  9  -1  2  0 -9 
220 11   1  3  0 -9 
220 122  -1  0  0 -9 
220 205   1  1  0 -9 
220 208  -1  2  0 -9 
220 213  -1  2 -1  0  0 -9 
220 217   1  3  0 -9 
220 219  -1  0  0 -9 
220 220  -1 -2  0 -9 
220 221  -1  0  0 -9 
220 222   1 -1  0 -9 
220 223   1 -1  0 -9 
220 224  -1  0  0 -9 
220 225   1  1  0 -9 
220 226   1  1  0 -9 
220 227  -1  2  0 -9 
221  8  -1  4  0 -9 
221  9  -1  4  0 -9 
221 11   1  5  0 -9 
221 105  -1  4  0 -9 
221 107   1  5  0 -9 
221 120  -1  4  0 -9 
221 125   1  5  0 -9 
221 208  -1  4  0 -9 
221 213  -1  4  0 -9 
221 217   1  5  0 -9 
221 226   1  3  0 -9 
221 227  -1  4  0 -9 
222  6  -1  1  0 -9 
222  7   1  2  0 -9 
222  8  -1  5 -1  3 -1  1  0 -9 
222  9  -1  3  0 -9 
222 11   1  6  1  4  0 -9 
222 105  -1  3  0 -9 
222 205   1  2  0 -9 
222 208  -1  3  0 -9 
222 213  -1  5 -1  3 -1  1  0 -9 
222 217   1  6  1  4  0 -9 
222 218   1  2  0 -9 
222 219  -1  1  0 -9 
222 221  -1  1  0 -9 
222 222   1  0  0 -9 
222 224  -1  1  0 -9 
222 225   1  2  0 -9 
222 226   1  2  0 -9 
222 227  -1  3  0 -9 
223  6  -1  1  0 -9 
223  7   1  2  0 -9 
223  8  -1  3  0 -9 
223  9  -1  3  0 -9 
223 11   1  4  0 -9 
223 105  -1  3  0 -9 
223 107   1  4  0 -9 
223 118   1  2  0 -9 
223 120  -1  3  0 -9 
223 122  -1  1  0 -9 
223 208  -1  3  0 -9 
223 213  -1  3  0 -9 
223 217   1  4  0 -9 
223 221  -1  1  0 -9 
223 223   1  0  0 -9 
223 224  -1  1  0 -9 
223 225   1  2  0 -9 
223 226   1  2  0 -9 
223 227  -1  3  0 -9 
224 213  -1  4  0 -9 
224 217   1  5  0 -9 
224 225   1  3  0 -9 
224 227  -1  4  0 -9 
225 125   1  6  0 -9 
225 213  -1  5  0 -9 
225 217   1  6  0 -9 
225 224   1  3  0 -9 
225 227  -1  5  0 -9 
226  8  -1  5  0 -9 
226  9  -1  5  0 -9 
226 11   1  6  0 -9 
226 105  -1  5  0 -9 
226 107   1  6  0 -9 
226 120  -1  5  0 -9 
226 125   1  6  0 -9 
226 208   1  7  0 -9 
226 213  -1  5  0 -9 
226 217   1  6  0 -9 
226 221   1  3  0 -9 
226 227  -1  5  0 -9 
227 125   1  7  0 -9 
227 217   1  7  0 -9 
227 227  -1  6  0 -9 
228 101  -1  0  0 -9 
228 210  -1  0  0 -9 
228 213  -1  2 -1  0  0 -9 
228 215   1  1  0 -9 
228 216  -1  2  0 -9 
228 217   1  3  0 -9 
228 228  -1 -2  0 -9 
228 229  -1  0  0 -9 
228 230   1 -1  0 -9 
228 231   1  1  0 -9 
228 232   1 -1  0 -9 
228 234  -1  0  0 -9 
228 235   1  1  0 -9 
228 236  -1  2  0 -9 
229 105  -1  4  0 -9 
229 231  -1  5  0 -9 
229 233   1  3  0 -9 
229 236   1  6  0 -9 
230 105  -1  3  0 -9 
230 210  -1  1  0 -9 
230 213  -1  5 -1  3 -1  1  0 -9 
230 215   1  2  0 -9 
230 216  -1  3  0 -9 
230 217   1  6  1  4  0 -9 
230 229  -1  1  0 -9 
230 230   1  0  0 -9 
230 231   1  2  0 -9 
230 233   1  2  0 -9 
230 234  -1  1  0 -9 
230 235   1  2  0 -9 
230 236  -1  3  0 -9 
231 231  -1  6  0 -9 
231 236   1  7  0 -9 
232 101  -1  1  0 -9 
232 104  -1  3  0 -9 
232 105  -1  3  0 -9 
232 106   1  2  0 -9 
232 107   1  4  0 -9 
232 210  -1  1  0 -9 
232 213  -1  3  0 -9 
232 215   1  2  0 -9 
232 216  -1  3  0 -9 
232 217   1  4  0 -9 
232 232   1  0  0 -9 
232 234  -1  1  0 -9 
232 235   1  2  0 -9 
232 236  -1  3  0 -9 
233 105  -1  5  0 -9 
233 107   1  6  0 -9 
233 229   1  3  0 -9 
233 231  -1  4  0 -9 
234 99   1  5  0 -9 
234 104  -1  4  0 -9 
234 105  -1  4  0 -9 
234 107   1  5  0 -9 
234 213  -1  4  0 -9 
234 216  -1  4  0 -9 
234 217   1  5  0 -9 
234 235   1  3  0 -9 
234 236  -1  4  0 -9 
235 99   1  6  0 -9 
235 104  -1  5  0 -9 
235 105  -1  5  0 -9 
235 107   1  6  0 -9 
235 213  -1  5  0 -9 
235 216  -1  5  0 -9 
235 217   1  6  0 -9 
235 234   1  3  0 -9 
235 236   1  7  0 -9 
236 236   1  8  0 -9 
237 105   1  1  0 -9 
237 203  -1  0  0 -9 
237 204   1  1  0 -9 
237 206  -1  2  0 -9 
237 211   1 -1  0 -9 
237 212  -1  0  0 -9 
237 213  -1  3  0 -9 
237 214   1  1  0 -9 
237 217   1  4  0 -9 
237 218  -1  0  0 -9 
237 233  -1  0  0 -9 
237 237  -1 -2  0 -9 
237 238  -1  0  0 -9 
237 239   1 -1  0 -9 
237 240   1 -1  0 -9 
237 241  -1  0  0 -9 
237 242   1  1  0 -9 
237 243   1  1  0 -9 
237 244  -1  2  0 -9 
238 231  -1  4  0 -9 
238 236   1  5  0 -9 
238 243   1  3  0 -9 
238 244  -1  4  0 -9 
239 213  -1  4  0 -9 
239 217   1  5  0 -9 
239 238  -1  1  0 -9 
239 239   1  0  0 -9 
239 241  -1  1  0 -9 
239 242   1  2  0 -9 
239 243   1  2  0 -9 
239 244  -1  3  0 -9 
240 105  -1  4  1  2  0 -9 
240 107   1  5  0 -9 
240 203  -1  1  0 -9 
240 204   1  2  0 -9 
240 205  -1  3  0 -9 
240 206  -1  3  0 -9 
240 212  -1  1  0 -9 
240 213  -1  4  1  2  0 -9 
240 214   1  2  0 -9 
240 217   1  5  0 -9 
240 218  -1  1  0 -9 
240 219   1  2  0 -9 
240 229   1  2  0 -9 
240 231  -1  3  0 -9 
240 233  -1  1  0 -9 
240 238  -1  1  0 -9 
240 240   1  0  0 -9 
240 241  -1  1  0 -9 
240 242   1  2  0 -9 
240 243   1  2  0 -9 
240 244  -1  3  0 -9 
241 213  -1  5  0 -9 
241 217   1  6  0 -9 
241 242   1  3  0 -9 
241 244  -1  4  0 -9 
242 213  -1  4  0 -9 
242 236   1  6  0 -9 
242 241   1  3  0 -9 
242 244  -1  5  0 -9 
243 231  -1  5  0 -9 
243 236   1  6  0 -9 
243 238   1  3  0 -9 
243 244  -1  5  0 -9 
244 236   1  7  0 -9 
244 244  -1  6  0 -9 
245 125  -1  3  0 -9 
245 231  -1  3  0 -9 
245 236   1  4  0 -9 
245 238  -1  1  0 -9 
245 243   1  2  0 -9 
245 244  -1  3  0 -9 
245 245   1  0  0 -9 
245 247  -1  1  0 -9 
245 248   1  2  0 -9 
246 213  -1  3  0 -9 
246 217   1  4  0 -9 
246 224   1 -1  0 -9 
246 225   1  2  0 -9 
246 227  -1  3  0 -9 
246 238  -1  0  0 -9 
246 239   1 -1  0 -9 
246 241  -1  0  0 -9 
246 243   1  1  0 -9 
246 245   1 -1  0 -9 
246 246  -1 -2  0 -9 
246 247  -1  0  0 -9 
247 125  -1  4  0 -9 
247 231  -1  4  0 -9 
247 236   1  5  0 -9 
247 244  -1  4  0 -9 
247 248   1  3  0 -9 
248 125   1  7  0 -9 
248 231  -1  5  0 -9 
248 236   1  6  0 -9 
248 244  -1  5  0 -9 
248 247   1  3  0 -9 
249 141  -1  3  0 -9 
249 249   1  0  0 -9 
249 250  -1  1  0 -9 
249 251  -1  1  0 -9 
249 252   1  2  0 -9 
249 253  -1  3  0 -9 
249 254  -1  3  0 -9 
249 255   1  2  0 -9 
249 256   1  4  0 -9 
250 141  -1  4  0 -9 
250 253  -1  4  0 -9 
250 254  -1  4  0 -9 
250 255   1  3  0 -9 
250 256   1  5  0 -9 
251 252   1  3  0 -9 
251 253  -1  4  0 -9 
251 254  -1  4  0 -9 
251 256   1  5  0 -9 
252 251   1  3  0 -9 
252 253  -1  5  0 -9 
252 254  -1  5  0 -9 
252 256   1  6  0 -9 
253 253  -1  6  0 -9 
253 256   1  7  0 -9 
254 254  -1  6  0 -9 
254 256   1  7  0 -9 
255 141   1  7  0 -9 
255 250   1  3  0 -9 
255 253  -1  5  0 -9 
255 254  -1  5  0 -9 
255 256   1  6  0 -9 
256 256   1  8  0 -9 
257 249   1 -1  0 -9 
257 250  -1  0  0 -9 
257 251  -1  0  0 -9 
257 252   1  1  0 -9 
257 257  -1 -2  0 -9 
257 258   1 -1  0 -9 
257 259   1 -1  0 -9 
257 260  -1  0  0 -9 
257 261  -1  3  0 -9 
257 263   1  2  0 -9 
257 264  -1  3  0 -9 
257 265   1  4  0 -9 
258 261  -1  4  0 -9 
258 263   1  3  0 -9 
258 264  -1  4  0 -9 
258 265   1  5  0 -9 
259 251  -1  1  0 -9 
259 252   1  2  0 -9 
259 254  -1  3  0 -9 
259 259   1  0  0 -9 
259 260  -1  1  0 -9 
259 261  -1  4  0 -9 
259 262   1  2  0 -9 
259 265   1  5  0 -9 
260 254  -1  4  0 -9 
260 261  -1  5  0 -9 
260 262   1  3  0 -9 
260 265   1  6  0 -9 
261 261  -1  6  0 -9 
261 265   1  7  0 -9 
262 254  -1  5  0 -9 
262 256   1  6  0 -9 
262 260   1  3  0 -9 
262 261  -1  4  0 -9 
263 141   1  6  0 -9 
263 258   1  3  0 -9 
263 261  -1  5  0 -9 
263 264  -1  5  0 -9 
263 265   1  6  0 -9 
264 141   1  7  0 -9 
264 264  -1  6  0 -9 
264 265   1  7  0 -9 
265 265   1  8  0 -9 
266  8  -1  4  0 -9 
266 147  -1  5  0 -9 
266 149   1  6  0 -9 
266 253  -1  4  0 -9 
266 267   1  3  0 -9 
267  8  -1  5  0 -9 
267 11   1  6  0 -9 
267 147  -1  4  0 -9 
267 253  -1  5  0 -9 
267 256   1  6  0 -9 
267 266   1  3  0 -9 
268  6   1 -1  0 -9 
268  7   1  2  0 -9 
268  8  -1  3  0 -9 
268  9  -1  3  0 -9 
268 11   1  4  0 -9 
268 164  -1  0  0 -9 
268 253   1  1  0 -9 
268 256  -1  2  0 -9 
268 261  -1  2 -1  0  0 -9 
268 265   1  3  0 -9 
268 267  -1  0  0 -9 
268 268  -1 -2  0 -9 
268 269  -1  0  0 -9 
268 270   1 -1  0 -9 
268 271   1 -1  0 -9 
268 272  -1  0  0 -9 
268 273   1  1  0 -9 
268 274   1  1  0 -9 
268 275  -1  2  0 -9 
269 147  -1  4  0 -9 
269 149   1  5  0 -9 
269 162  -1  4  0 -9 
269 167   1  5  0 -9 
269 256  -1  4  0 -9 
269 261  -1  4  0 -9 
269 265   1  5  0 -9 
269 274   1  3  0 -9 
269 275  -1  4  0 -9 
270  8  -1  4  0 -9 
270 11   1  5  0 -9 
270 147  -1  3  0 -9 
270 253   1  2  0 -9 
270 256  -1  3  0 -9 
270 261  -1  5 -1  3 -1  1  0 -9 
270 265   1  6  1  4  0 -9 
270 266   1  2  0 -9 
270 267  -1  1  0 -9 
270 269  -1  1  0 -9 
270 270   1  0  0 -9 
270 272  -1  1  0 -9 
270 273   1  2  0 -9 
270 274   1  2  0 -9 
270 275  -1  3  0 -9 
271 147  -1  3  0 -9 
271 149   1  4  0 -9 
271 160   1  2  0 -9 
271 162  -1  3  0 -9 
271 164  -1  1  0 -9 
271 256  -1  3  0 -9 
271 261  -1  3  0 -9 
271 265   1  4  0 -9 
271 269  -1  1  0 -9 
271 271   1  0  0 -9 
271 272  -1  1  0 -9 
271 273   1  2  0 -9 
271 274   1  2  0 -9 
271 275  -1  3  0 -9 
272 261  -1  4  0 -9 
272 265   1  5  0 -9 
272 273   1  3  0 -9 
272 275  -1  4  0 -9 
273 167   1  6  0 -9 
273 261  -1  5  0 -9 
273 265   1  6  0 -9 
273 272   1  3  0 -9 
273 275  -1  5  0 -9 
274 147  -1  5  0 -9 
274 149   1  6  0 -9 
274 162  -1  5  0 -9 
274 167   1  6  0 -9 
274 256   1  7  0 -9 
274 261  -1  5  0 -9 
274 265   1  6  0 -9 
274 269   1  3  0 -9 
274 275  -1  5  0 -9 
275 167   1  7  0 -9 
275 265   1  7  0 -9 
275 275  -1  6  0 -9 
276 99  -1  2  0 -9 
276 104   1  1  0 -9 
276 105   1  1  0 -9 
276 106  -1  0  0 -9 
276 107  -1  2  0 -9 
276 141   1  1  0 -9 
276 169  -1  0  0 -9 
276 172  -1  2 -1  0  0 -9 
276 174   1  1  0 -9 
276 175  -1  2  0 -9 
276 176   1  3  0 -9 
276 201   1 -1  0 -9 
276 202  -1  0  0 -9 
276 203  -1  0  0 -9 
276 204   1  1  0 -9 
276 205  -1  2 -1  0  0 -9 
276 206  -1  2  0 -9 
276 207   1  1  0 -9 
276 208   1  3  0 -9 
276 253   1  1  0 -9 
276 254   1  1  0 -9 
276 255  -1  0  0 -9 
276 256  -1  2  0 -9 
276 258  -1  0  0 -9 
276 261  -1  2 -1  0  0 -9 
276 263   1  1  0 -9 
276 264  -1  2  0 -9 
276 265   1  3  0 -9 
276 276  -1 -2  0 -9 
276 277  -1  0  0 -9 
276 278   1 -1  0 -9 
276 279   1  1  0 -9 
276 280   1 -1  0 -9 
276 282  -1  0  0 -9 
276 283   1  1  0 -9 
276 284  -1  2  0 -9 
277 105  -1  5  0 -9 
277 107   1  6  0 -9 
277 254  -1  5  0 -9 
277 256   1  6  0 -9 
277 279  -1  5  0 -9 
277 281   1  3  0 -9 
277 284   1  6  0 -9 
278 99  -1  3  0 -9 
278 101   1  2  0 -9 
278 104   1  2  0 -9 
278 105  -1  4  1  2  0 -9 
278 106  -1  1  0 -9 
278 107  -1  3  0 -9 
278 141   1  6  1  2  0 -9 
278 169  -1  1  0 -9 
278 172  -1  5 -1  3 -1  1  0 -9 
278 174   1  2  0 -9 
278 175  -1  3  0 -9 
278 176   1  6  1  4  0 -9 
278 202  -1  1  0 -9 
278 203  -1  1  0 -9 
278 204   1  2  0 -9 
278 205  -1  5 -1  3 -1  1  0 -9 
278 206  -1  3  0 -9 
278 207   1  2  0 -9 
278 208   1  6  1  4  0 -9 
278 250   1  2  0 -9 
278 253   1  2  0 -9 
278 254  -1  4  1  2  0 -9 
278 255  -1  1  0 -9 
278 256  -1  3  0 -9 
278 258  -1  1  0 -9 
278 261  -1  5 -1  3 -1  1  0 -9 
278 263   1  2  0 -9 
278 264  -1  3  0 -9 
278 265   1  6  1  4  0 -9 
278 277  -1  1  0 -9 
278 278   1  0  0 -9 
278 279   1  2  0 -9 
278 281   1  2  0 -9 
278 282  -1  1  0 -9 
278 283   1  2  0 -9 
278 284  -1  3  0 -9 
279 107   1  7  0 -9 
279 256   1  7  0 -9 
279 279  -1  6  0 -9 
279 284   1  7  0 -9 
280 169  -1  1  0 -9 
280 172  -1  3  0 -9 
280 174   1  2  0 -9 
280 175  -1  3  0 -9 
280 176   1  4  0 -9 
280 258  -1  1  0 -9 
280 261  -1  3  0 -9 
280 263   1  2  0 -9 
280 264  -1  3  0 -9 
280 265   1  4  0 -9 
280 280   1  0  0 -9 
280 282  -1  1  0 -9 
280 283   1  2  0 -9 
280 284  -1  3  0 -9 
281 105  -1  4  0 -9 
281 107   1  5  0 -9 
281 254  -1  4  0 -9 
281 256   1  5  0 -9 
281 277   1  3  0 -9 
281 279  -1  4  0 -9 
282 141   1  5  0 -9 
282 172  -1  4  0 -9 
282 175  -1  4  0 -9 
282 176   1  5  0 -9 
282 261  -1  4  0 -9 
282 264  -1  4  0 -9 
282 265   1  5  0 -9 
282 283   1  3  0 -9 
282 284  -1  4  0 -9 
283 141   1  6  0 -9 
283 172  -1  5  0 -9 
283 175  -1  5  0 -9 
283 176   1  6  0 -9 
283 261  -1  5  0 -9 
283 264  -1  5  0 -9 
283 265   1  6  0 -9 
283 282   1  3  0 -9 
283 284   1  7  0 -9 
284 284   1  8  0 -9 
285 169  -1  0  0 -9 
285 258  -1  0  0 -9 
285 261  -1  2 -1  0  0 -9 
285 263   1  1  0 -9 
285 264  -1  2  0 -9 
285 265   1  3  0 -9 
285 280   1 -1  0 -9 
285 282  -1  0  0 -9 
285 283   1  1  0 -9 
285 284  -1  2  0 -9 
285 285  -1 -2  0 -9 
285 287   1 -1  0 -9 
285 288  -1  0  0 -9 
285 289   1  1  0 -9 
286 105  -1  3  0 -9 
286 229  -1  1  0 -9 
286 231  -1  4  0 -9 
286 233   1  2  0 -9 
286 236   1  5  0 -9 
286 254  -1  3  0 -9 
286 260  -1  1  0 -9 
286 261  -1  4  0 -9 
286 262   1  2  0 -9 
286 265   1  5  0 -9 
286 277   1  2  0 -9 
286 281  -1  1  0 -9 
286 284  -1  4  0 -9 
286 286   1  0  0 -9 
286 289   1  3  0 -9 
287 175  -1  3  0 -9 
287 258  -1  1  0 -9 
287 261  -1  5 -1  3 -1  1  0 -9 
287 263   1  2  0 -9 
287 264  -1  3  0 -9 
287 265   1  6  1  4  0 -9 
287 282  -1  1  0 -9 
287 283   1  2  0 -9 
287 284  -1  3  0 -9 
287 287   1  0  0 -9 
287 288  -1  1  0 -9 
287 289   1  2  0 -9 
287 290   1  2  0 -9 
288 175  -1  4  0 -9 
288 284   1  6  0 -9 
288 289  -1  5  0 -9 
288 290   1  3  0 -9 
289 284   1  7  0 -9 
289 289  -1  6  0 -9 
290 175  -1  5  0 -9 
290 176   1  6  0 -9 
290 288   1  3  0 -9 
290 289  -1  4  0 -9 
291 203   1 -1  0 -9 
291 204   1  2  0 -9 
291 205  -1  3  0 -9 
291 206  -1  3  0 -9 
291 208   1  4  0 -9 
291 219  -1  0  0 -9 
291 251  -1  0  0 -9 
291 253   1  2  0 -9 
291 256  -1  3  0 -9 
291 259   1 -1  0 -9 
291 260  -1  0  0 -9 
291 261  -1  3  0 -9 
291 262   1  1  0 -9 
291 265   1  4  0 -9 
291 281  -1  0  0 -9 
291 291  -1 -2  0 -9 
291 292  -1  0  0 -9 
291 293   1 -1  0 -9 
291 294   1 -1  0 -9 
291 295  -1  0  0 -9 
291 296   1  1  0 -9 
291 297   1  1  0 -9 
291 298  -1  2  0 -9 
292 105  -1  4  0 -9 
292 107   1  5  0 -9 
292 279  -1  4  0 -9 
292 284   1  5  0 -9 
292 297   1  3  0 -9 
292 298  -1  4  0 -9 
293 105  -1  3  0 -9 
293 205  -1  4  0 -9 
293 208   1  5  0 -9 
293 218   1  2  0 -9 
293 219  -1  1  0 -9 
293 253   1  3  0 -9 
293 256  -1  4  0 -9 
293 261  -1  4  0 -9 
293 265   1  5  0 -9 
293 292  -1  1  0 -9 
293 293   1  0  0 -9 
293 295  -1  1  0 -9 
293 296   1  2  0 -9 
293 297   1  2  0 -9 
293 298  -1  3  0 -9 
294 105  -1  3  0 -9 
294 107   1  4  0 -9 
294 254  -1  3  0 -9 
294 260  -1  1  0 -9 
294 261  -1  4  1  2  0 -9 
294 262   1  2  0 -9 
294 265   1  5  0 -9 
294 277   1  2  0 -9 
294 279  -1  3  0 -9 
294 281  -1  1  0 -9 
294 292  -1  1  0 -9 
294 294   1  0  0 -9 
294 295  -1  1  0 -9 
294 296   1  2  0 -9 
294 297   1  2  0 -9 
294 298  -1  3  0 -9 
295 261  -1  5  0 -9 
295 265   1  6  0 -9 
295 296   1  3  0 -9 
295 298  -1  4  0 -9 
296 261  -1  4  0 -9 
296 284   1  6  0 -9 
296 295   1  3  0 -9 
296 298  -1  5  0 -9 
297 105  -1  5  0 -9 
297 107   1  6  0 -9 
297 256   1  6  0 -9 
297 279  -1  5  0 -9 
297 284   1  6  0 -9 
297 292   1  3  0 -9 
297 298  -1  5  0 -9 
298 284   1  7  0 -9 
298 298  -1  6  0 -9 
299 229  -1  0  0 -9 
299 231  -1  3  0 -9 
299 236   1  4  0 -9 
299 238   1 -1  0 -9 
299 243   1  2  0 -9 
299 244  -1  3  0 -9 
299 254  -1  2  0 -9 
299 260  -1  0  0 -9 
299 261  -1  3  0 -9 
299 262   1  1  0 -9 
299 265   1  4  0 -9 
299 277   1  1  0 -9 
299 281  -1  0  0 -9 
299 284  -1  3  0 -9 
299 286   1 -1  0 -9 
299 289   1  2  0 -9 
299 292  -1  0  0 -9 
299 294   1 -1  0 -9 
299 295  -1  0  0 -9 
299 296   1  1  0 -9 
299 299  -1 -2  0 -9 
299 300   1 -1  0 -9 
299 301  -1  0  0 -9 
300 261  -1  4  0 -9 
300 265   1  5  0 -9 
300 295  -1  1  0 -9 
300 296   1  2  0 -9 
300 298  -1  3  0 -9 
300 300   1  0  0 -9 
300 301  -1  1  0 -9 
300 302   1  2  0 -9 
301 284   1  5  0 -9 
301 289  -1  4  0 -9 
301 298  -1  4  0 -9 
301 302   1  3  0 -9 
302 284   1  6  0 -9 
302 289  -1  5  0 -9 
302 298  -1  5  0 -9 
302 301   1  3  0 -9 
303 105   1  1  0 -9 
303 107  -1  2  0 -9 
303 118  -1  0  0 -9 
303 120   1  1  0 -9 
303 125  -1  2  0 -9 
303 147  -1  2  0 -9 
303 149   1  3  0 -9 
303 160   1  1  0 -9 
303 162  -1  2 -1  0  0 -9 
303 164  -1  0  0 -9 
303 167   1  1  0 -9 
303 231  -1  2 -1  0  0 -9 
303 236   1  3  0 -9 
303 238  -1  0  0 -9 
303 243   1  1  0 -9 
303 244  -1  2  0 -9 
303 245   1 -1  0 -9 
303 247  -1  0  0 -9 
303 248   1  1  0 -9 
303 256  -1  2  0 -9 
303 261  -1  2 -1  0  0 -9 
303 265   1  3  0 -9 
303 269  -1  0  0 -9 
303 271   1 -1  0 -9 
303 272  -1  0  0 -9 
303 273   1  1  0 -9 
303 274   1  1  0 -9 
303 275  -1  2  0 -9 
303 279   1  1  0 -9 
303 284  -1  2  0 -9 
303 289   1  1  0 -9 
303 297  -1  0  0 -9 
303 298   1  1  0 -9 
303 303  -1 -2  0 -9 
303 305   1 -1  0 -9 
303 306  -1  0  0 -9 
304 261  -1  3  0 -9 
304 265   1  4  0 -9 
304 272   1 -1  0 -9 
304 273   1  2  0 -9 
304 275  -1  3  0 -9 
304 295  -1  0  0 -9 
304 300   1 -1  0 -9 
304 301  -1  0  0 -9 
304 302   1  1  0 -9 
304 304  -1 -2  0 -9 
304 307   1 -1  0 -9 
304 308  -1  0  0 -9 
305 105  -1  4  1  2  0 -9 
305 107  -1  3  0 -9 
305 118  -1  1  0 -9 
305 120   1  2  0 -9 
305 122   1  2  0 -9 
305 125  -1  3  0 -9 
305 147  -1  3  0 -9 
305 149   1  6  1  4  0 -9 
305 160   1  2  0 -9 
305 162  -1  5 -1  3 -1  1  0 -9 
305 164  -1  1  0 -9 
305 167   1  6  1  2  0 -9 
305 231  -1  5 -1  3 -1  1  0 -9 
305 236   1  6  1  4  0 -9 
305 238  -1  1  0 -9 
305 243   1  2  0 -9 
305 244  -1  3  0 -9 
305 247  -1  1  0 -9 
305 248   1  2  0 -9 
305 256  -1  3  0 -9 
305 261  -1  5 -1  3 -1  1  0 -9 
305 265   1  6  1  4  0 -9 
305 269  -1  1  0 -9 
305 272  -1  1  0 -9 
305 273   1  2  0 -9 
305 274   1  2  0 -9 
305 275  -1  3  0 -9 
305 279   1  2  0 -9 
305 284  -1  3  0 -9 
305 289   1  2  0 -9 
305 292   1  2  0 -9 
305 297  -1  1  0 -9 
305 298  -1  4  1  2  0 -9 
305 305   1  0  0 -9 
305 306  -1  1  0 -9 
305 308   1  2  0 -9 
306 167   1  7  0 -9 
306 284   1  6  0 -9 
306 289  -1  5  0 -9 
306 298  -1  5  0 -9 
306 308   1  3  0 -9 
307 167  -1  3  0 -9 
307 284   1  4  0 -9 
307 289  -1  3  0 -9 
307 298  -1  3  0 -9 
307 301  -1  1  0 -9 
307 302   1  2  0 -9 
307 306   1  2  0 -9 
307 307   1  0  0 -9 
307 308  -1  1  0 -9 
308 167  -1  4  0 -9 
308 284   1  5  0 -9 
308 289  -1  4  0 -9 
308 298  -1  4  0 -9 
308 306   1  3  0 -9 
309 309   1  0  0 -9 
309 310  -1  1  0 -9 
309 311  -1  1  0 -9 
309 312   1  2  0 -9 
309 313  -1  3  0 -9 
309 314  -1  3  0 -9 
309 315   1  2  0 -9 
309 316   1  4  0 -9 
310 313  -1  4  0 -9 
310 314  -1  4  0 -9 
310 315   1  3  0 -9 
310 316   1  5  0 -9 
311 312   1  3  0 -9 
311 313  -1  4  0 -9 
311 314  -1  4  0 -9 
311 316   1  5  0 -9 
312 311   1  3  0 -9 
312 313  -1  5  0 -9 
312 314  -1  5  0 -9 
312 316   1  6  0 -9 
313 313  -1  6  0 -9 
313 316   1  7  0 -9 
314 314  -1  6  0 -9 
314 316   1  7  0 -9 
315 310   1  3  0 -9 
315 313  -1  5  0 -9 
315 314  -1  5  0 -9 
315 316   1  6  0 -9 
316 316   1  8  0 -9 
317 57  -1  0  0 -9 
317 60  -1  2 -1  0  0 -9 
317 62   1  1  0 -9 
317 63  -1  2  0 -9 
317 64   1  3  0 -9 
317 143  -1  0  0 -9 
317 258  -1  0  0 -9 
317 261  -1  2 -1  0  0 -9 
317 263   1  1  0 -9 
317 264  -1  2  0 -9 
317 265   1  3  0 -9 
317 310  -1  0  0 -9 
317 317  -1 -2  0 -9 
317 318  -1  0  0 -9 
317 319   1 -1  0 -9 
317 320   1  1  0 -9 
317 321   1 -1  0 -9 
317 323  -1  0  0 -9 
317 324   1  1  0 -9 
317 325  -1  2  0 -9 
318 147  -1  4  0 -9 
318 314  -1  4  0 -9 
318 320  -1  5  0 -9 
318 322   1  3  0 -9 
318 325   1  6  0 -9 
319 57  -1  1  0 -9 
319 60  -1  5 -1  3 -1  1  0 -9 
319 62   1  2  0 -9 
319 63  -1  3  0 -9 
319 64   1  6  1  4  0 -9 
319 147  -1  3  0 -9 
319 258  -1  1  0 -9 
319 261  -1  5 -1  3 -1  1  0 -9 
319 263   1  2  0 -9 
319 264  -1  3  0 -9 
319 265   1  6  1  4  0 -9 
319 314  -1  3  0 -9 
319 318  -1  1  0 -9 
319 319   1  0  0 -9 
319 320   1  2  0 -9 
319 322   1  2  0 -9 
319 323  -1  1  0 -9 
319 324   1  2  0 -9 
319 325  -1  3  0 -9 
320 320  -1  6  0 -9 
320 325   1  7  0 -9 
321 57  -1  1  0 -9 
321 60  -1  3  0 -9 
321 62   1  2  0 -9 
321 63  -1  3  0 -9 
321 64   1  4  0 -9 
321 143  -1  1  0 -9 
321 146  -1  3  0 -9 
321 147  -1  3  0 -9 
321 148   1  2  0 -9 
321 149   1  4  0 -9 
321 258  -1  1  0 -9 
321 261  -1  3  0 -9 
321 263   1  2  0 -9 
321 264  -1  3  0 -9 
321 265   1  4  0 -9 
321 310  -1  1  0 -9 
321 313  -1  3  0 -9 
321 314  -1  3  0 -9 
321 315   1  2  0 -9 
321 316   1  4  0 -9 
321 321   1  0  0 -9 
321 323  -1  1  0 -9 
321 324   1  2  0 -9 
321 325  -1  3  0 -9 
322 147  -1  5  0 -9 
322 149   1  6  0 -9 
322 314  -1  5  0 -9 
322 316   1  6  0 -9 
322 318   1  3  0 -9 
322 320  -1  4  0 -9 
323  3   1  5  0 -9 
323 60  -1  4  0 -9 
323 63  -1  4  0 -9 
323 64   1  5  0 -9 
323 141   1  5  0 -9 
323 146  -1  4  0 -9 
323 147  -1  4  0 -9 
323 149   1  5  0 -9 
323 261  -1  4  0 -9 
323 264  -1  4  0 -9 
323 265   1  5  0 -9 
323 313  -1  4  0 -9 
323 314  -1  4  0 -9 
323 316   1  5  0 -9 
323 324   1  3  0 -9 
323 325  -1  4  0 -9 
324  3   1  6  0 -9 
324 60  -1  5  0 -9 
324 63  -1  5  0 -9 
324 64   1  6  0 -9 
324 141   1  6  0 -9 
324 146  -1  5  0 -9 
324 147  -1  5  0 -9 
324 149   1  6  0 -9 
324 261  -1  5  0 -9 
324 264  -1  5  0 -9 
324 265   1  6  0 -9 
324 313  -1  5  0 -9 
324 314  -1  5  0 -9 
324 316   1  6  0 -9 
324 323   1  3  0 -9 
324 325   1  7  0 -9 
325 325   1  8  0 -9 
326  6  -1  0  0 -9 
326  7   1  1  0 -9 
326  9  -1  2  0 -9 
326 50  -1  0  0 -9 
326 51   1  1  0 -9 
326 53  -1  2  0 -9 
326 58   1 -1  0 -9 
326 59  -1  0  0 -9 
326 60  -1  3  0 -9 
326 61   1  1  0 -9 
326 64   1  4  0 -9 
326 65  -1  0  0 -9 
326 147   1  1  0 -9 
326 251  -1  0  0 -9 
326 252   1  1  0 -9 
326 254  -1  2  0 -9 
326 259   1 -1  0 -9 
326 260  -1  0  0 -9 
326 261  -1  3  0 -9 
326 262   1  1  0 -9 
326 265   1  4  0 -9 
326 266  -1  0  0 -9 
326 312  -1  0  0 -9 
326 313   1  1  0 -9 
326 314   1  1  0 -9 
326 316  -1  2  0 -9 
326 322  -1  0  0 -9 
326 326  -1 -2  0 -9 
326 327  -1  0  0 -9 
326 328   1 -1  0 -9 
326 329   1 -1  0 -9 
326 330  -1  0  0 -9 
326 331   1  1  0 -9 
326 332   1  1  0 -9 
326 333  -1  2  0 -9 
327 316  -1  4  0 -9 
327 320  -1  4  0 -9 
327 325   1  5  0 -9 
327 332   1  3  0 -9 
327 333  -1  4  0 -9 
328 60  -1  4  0 -9 
328 64   1  5  0 -9 
328 261  -1  4  0 -9 
328 265   1  5  0 -9 
328 313   1  2  0 -9 
328 316  -1  3  0 -9 
328 327  -1  1  0 -9 
328 328   1  0  0 -9 
328 330  -1  1  0 -9 
328 331   1  2  0 -9 
328 332   1  2  0 -9 
328 333  -1  3  0 -9 
329  6  -1  1  0 -9 
329  7   1  2  0 -9 
329  8  -1  3  0 -9 
329  9  -1  3  0 -9 
329 50  -1  1  0 -9 
329 51   1  2  0 -9 
329 52  -1  3  0 -9 
329 53  -1  3  0 -9 
329 59  -1  1  0 -9 
329 60  -1  4  1  2  0 -9 
329 61   1  2  0 -9 
329 64   1  5  0 -9 
329 65  -1  1  0 -9 
329 66   1  2  0 -9 
329 147  -1  4  1  2  0 -9 
329 149   1  5  0 -9 
329 251  -1  1  0 -9 
329 252   1  2  0 -9 
329 253  -1  3  0 -9 
329 254  -1  3  0 -9 
329 260  -1  1  0 -9 
329 261  -1  4  1  2  0 -9 
329 262   1  2  0 -9 
329 265   1  5  0 -9 
329 266  -1  1  0 -9 
329 267   1  2  0 -9 
329 311   1  2  0 -9 
329 312  -1  1  0 -9 
329 313  -1  4  1  2  0 -9 
329 314  -1  4  1  2  0 -9 
329 316   1  5 -1  3  0 -9 
329 318   1  2  0 -9 
329 320  -1  3  0 -9 
329 322  -1  1  0 -9 
329 327  -1  1  0 -9 
329 329   1  0  0 -9 
329 330  -1  1  0 -9 
329 331   1  2  0 -9 
329 332   1  2  0 -9 
329 333  -1  3  0 -9 
330 60  -1  5  0 -9 
330 64   1  6  0 -9 
330 261  -1  5  0 -9 
330 265   1  6  0 -9 
330 313  -1  5  0 -9 
330 316   1  6  0 -9 
330 331   1  3  0 -9 
330 333  -1  4  0 -9 
331 60  -1  4  0 -9 
331 261  -1  4  0 -9 
331 313  -1  4  0 -9 
331 325   1  6  0 -9 
331 330   1  3  0 -9 
331 333  -1  5  0 -9 
332 316   1  7  0 -9 
332 320  -1  5  0 -9 
332 325   1  6  0 -9 
332 327   1  3  0 -9 
332 333  -1  5  0 -9 
333 325   1  7  0 -9 
333 333  -1  6  0 -9 
334 167  -1  3  0 -9 
334 316  -1  3  0 -9 
334 320  -1  3  0 -9 
334 325   1  4  0 -9 
334 327  -1  1  0 -9 
334 332   1  2  0 -9 
334 333  -1  3  0 -9 
334 334   1  0  0 -9 
334 336  -1  1  0 -9 
334 337   1  2  0 -9 
335 60  -1  3  0 -9 
335 64   1  4  0 -9 
335 71   1 -1  0 -9 
335 72   1  2  0 -9 
335 74  -1  3  0 -9 
335 261  -1  3  0 -9 
335 265   1  4  0 -9 
335 272   1 -1  0 -9 
335 273   1  2  0 -9 
335 275  -1  3  0 -9 
335 313   1  1  0 -9 
335 316  -1  2  0 -9 
335 327  -1  0  0 -9 
335 328   1 -1  0 -9 
335 330  -1  0  0 -9 
335 332   1  1  0 -9 
335 334   1 -1  0 -9 
335 335  -1 -2  0 -9 
335 336  -1  0  0 -9 
336 167  -1  4  0 -9 
336 320  -1  4  0 -9 
336 325   1  5  0 -9 
336 333  -1  4  0 -9 
336 337   1  3  0 -9 
337 167   1  7  0 -9 
337 320  -1  5  0 -9 
337 325   1  6  0 -9 
337 333  -1  5  0 -9 
337 336   1  3  0 -9 
338 309   1 -1  0 -9 
338 310  -1  0  0 -9 
338 311  -1  0  0 -9 
338 312   1  1  0 -9 
338 338  -1 -2  0 -9 
338 339   1 -1  0 -9 
338 340   1 -1  0 -9 
338 341  -1  0  0 -9 
338 342  -1  3  0 -9 
338 344   1  2  0 -9 
338 345  -1  3  0 -9 
338 346   1  4  0 -9 
339 342  -1  4  0 -9 
339 344   1  3  0 -9 
339 345  -1  4  0 -9 
339 346   1  5  0 -9 
340 311  -1  1  0 -9 
340 312   1  2  0 -9 
340 314  -1  3  0 -9 
340 340   1  0  0 -9 
340 341  -1  1  0 -9 
340 342  -1  4  0 -9 
340 343   1  2  0 -9 
340 346   1  5  0 -9 
341 314  -1  4  0 -9 
341 342  -1  5  0 -9 
341 343   1  3  0 -9 
341 346   1  6  0 -9 
342 342  -1  6  0 -9 
342 346   1  7  0 -9 
343 314  -1  5  0 -9 
343 316   1  6  0 -9 
343 341   1  3  0 -9 
343 342  -1  4  0 -9 
344 339   1  3  0 -9 
344 342  -1  5  0 -9 
344 345  -1  5  0 -9 
344 346   1  6  0 -9 
345 345  -1  6  0 -9 
345 346   1  7  0 -9 
346 346   1  8  0 -9 
347 48   1 -1  0 -9 
347 49  -1  0  0 -9 
347 50  -1  0  0 -9 
347 51   1  1  0 -9 
347 52  -1  2 -1  0  0 -9 
347 53  -1  2  0 -9 
347 54   1  1  0 -9 
347 55   1  3  0 -9 
347 313   1  1  0 -9 
347 314   1  1  0 -9 
347 315  -1  0  0 -9 
347 316  -1  2  0 -9 
347 339  -1  0  0 -9 
347 342  -1  2 -1  0  0 -9 
347 344   1  1  0 -9 
347 345  -1  2  0 -9 
347 346   1  3  0 -9 
347 347  -1 -2  0 -9 
347 348  -1  0  0 -9 
347 349   1 -1  0 -9 
347 350   1  1  0 -9 
347 351   1 -1  0 -9 
347 353  -1  0  0 -9 
347 354   1  1  0 -9 
347 355  -1  2  0 -9 
348 314  -1  5  0 -9 
348 316   1  6  0 -9 
348 350  -1  5  0 -9 
348 352   1  3  0 -9 
348 355   1  6  0 -9 
349 49  -1  1  0 -9 
349 50  -1  1  0 -9 
349 51   1  2  0 -9 
349 52  -1  5 -1  3 -1  1  0 -9 
349 53  -1  3  0 -9 
349 54   1  2  0 -9 
349 55   1  6  1  4  0 -9 
349 310   1  2  0 -9 
349 313   1  2  0 -9 
349 314  -1  4  1  2  0 -9 
349 315  -1  1  0 -9 
349 316  -1  3  0 -9 
349 339  -1  1  0 -9 
349 342  -1  5 -1  3 -1  1  0 -9 
349 344   1  2  0 -9 
349 345  -1  3  0 -9 
349 346   1  6  1  4  0 -9 
349 348  -1  1  0 -9 
349 349   1  0  0 -9 
349 350   1  2  0 -9 
349 352   1  2  0 -9 
349 353  -1  1  0 -9 
349 354   1  2  0 -9 
349 355  -1  3  0 -9 
350 316   1  7  0 -9 
350 350  -1  6  0 -9 
350 355   1  7  0 -9 
351 339  -1  1  0 -9 
351 342  -1  3  0 -9 
351 344   1  2  0 -9 
351 345  -1  3  0 -9 
351 346   1  4  0 -9 
351 351   1  0  0 -9 
351 353  -1  1  0 -9 
351 354   1  2  0 -9 
351 355  -1  3  0 -9 
352 314  -1  4  0 -9 
352 316   1  5  0 -9 
352 348   1  3  0 -9 
352 350  -1  4  0 -9 
353 342  -1  4  0 -9 
353 345  -1  4  0 -9 
353 346   1  5  0 -9 
353 354   1  3  0 -9 
353 355  -1  4  0 -9 
354 342  -1  5  0 -9 
354 345  -1  5  0 -9 
354 346   1  6  0 -9 
354 353   1  3  0 -9 
354 355   1  7  0 -9 
355 355   1  8  0 -9 
356 151  -1  0  0 -9 
356 163   1 -1  0 -9 
356 165  -1  0  0 -9 
356 166   1  1  0 -9 
356 167  -1  2  0 -9 
356 258   1 -1  0 -9 
356 261  -1  3  0 -9 
356 263   1  2  0 -9 
356 264  -1  3  0 -9 
356 265   1  4  0 -9 
356 339  -1  0  0 -9 
356 351   1 -1  0 -9 
356 353  -1  0  0 -9 
356 354   1  1  0 -9 
356 355  -1  2  0 -9 
356 356  -1 -2  0 -9 
356 358   1 -1  0 -9 
356 359  -1  0  0 -9 
356 360   1  1  0 -9 
357 147  -1  3  0 -9 
357 160   1  2  0 -9 
357 164  -1  1  0 -9 
357 167  -1  4  0 -9 
357 314  -1  3  0 -9 
357 318  -1  1  0 -9 
357 320  -1  4  0 -9 
357 322   1  2  0 -9 
357 325   1  5  0 -9 
357 348   1  2  0 -9 
357 352  -1  1  0 -9 
357 355  -1  4  0 -9 
357 357   1  0  0 -9 
357 360   1  3  0 -9 
358 157  -1  3  0 -9 
358 165  -1  1  0 -9 
358 166   1  2  0 -9 
358 167  -1  3  0 -9 
358 261  -1  4  0 -9 
358 265   1  5  0 -9 
358 345  -1  3  0 -9 
358 353  -1  1  0 -9 
358 354   1  2  0 -9 
358 355  -1  3  0 -9 
358 358   1  0  0 -9 
358 359  -1  1  0 -9 
358 360   1  2  0 -9 
358 361   1  2  0 -9 
359 157  -1  4  0 -9 
359 167   1  6  0 -9 
359 261  -1  5  0 -9 
359 265   1  6  0 -9 
359 345  -1  4  0 -9 
359 355   1  6  0 -9 
359 360  -1  5  0 -9 
359 361   1  3  0 -9 
360 167   1  7  0 -9 
360 355   1  7  0 -9 
360 360  -1  6  0 -9 
361 157  -1  5  0 -9 
361 158   1  6  0 -9 
361 261  -1  4  0 -9 
361 345  -1  5  0 -9 
361 346   1  6  0 -9 
361 359   1  3  0 -9 
361 360  -1  4  0 -9 
362 50   1 -1  0 -9 
362 51   1  2  0 -9 
362 52  -1  3  0 -9 
362 53  -1  3  0 -9 
362 55   1  4  0 -9 
362 66  -1  0  0 -9 
362 311  -1  0  0 -9 
362 313   1  2  0 -9 
362 316  -1  3  0 -9 
362 340   1 -1  0 -9 
362 341  -1  0  0 -9 
362 342  -1  3  0 -9 
362 343   1  1  0 -9 
362 346   1  4  0 -9 
362 352  -1  0  0 -9 
362 362  -1 -2  0 -9 
362 363  -1  0  0 -9 
362 364   1 -1  0 -9 
362 365   1 -1  0 -9 
362 366  -1  0  0 -9 
362 367   1  1  0 -9 
362 368   1  1  0 -9 
362 369  -1  2  0 -9 
363 350  -1  4  0 -9 
363 355   1  5  0 -9 
363 368   1  3  0 -9 
363 369  -1  4  0 -9 
364 52  -1  4  0 -9 
364 55   1  5  0 -9 
364 65   1  2  0 -9 
364 66  -1  1  0 -9 
364 313   1  3  0 -9 
364 316  -1  4  0 -9 
364 342  -1  4  0 -9 
364 346   1  5  0 -9 
364 363  -1  1  0 -9 
364 364   1  0  0 -9 
364 366  -1  1  0 -9 
364 367   1  2  0 -9 
364 368   1  2  0 -9 
364 369  -1  3  0 -9 
365 314  -1  3  0 -9 
365 341  -1  1  0 -9 
365 342  -1  4  1  2  0 -9 
365 343   1  2  0 -9 
365 346   1  5  0 -9 
365 348   1  2  0 -9 
365 350  -1  3  0 -9 
365 352  -1  1  0 -9 
365 363  -1  1  0 -9 
365 365   1  0  0 -9 
365 366  -1  1  0 -9 
365 367   1  2  0 -9 
365 368   1  2  0 -9 
365 369  -1  3  0 -9 
366 342  -1  5  0 -9 
366 346   1  6  0 -9 
366 367   1  3  0 -9 
366 369  -1  4  0 -9 
367 342  -1  4  0 -9 
367 355   1  6  0 -9 
367 366   1  3  0 -9 
367 369  -1  5  0 -9 
368 316   1  6  0 -9 
368 350  -1  5  0 -9 
368 355   1  6  0 -9 
368 363   1  3  0 -9 
368 369  -1  5  0 -9 
369 355   1  7  0 -9 
369 369  -1  6  0 -9 
370 160   1  1  0 -9 
370 164  -1  0  0 -9 
370 167  -1  3  0 -9 
370 254  -1  3  0 -9 
370 260   1 -1  0 -9 
370 261  -1  4 -1  0  0 -9 
370 262   1  2  0 -9 
370 265   1  5  0 -9 
370 269  -1  0  0 -9 
370 271   1 -1  0 -9 
370 272  -1  0  0 -9 
370 273   1  1  0 -9 
370 316  -1  3  0 -9 
370 318  -1  0  0 -9 
370 320  -1  3  0 -9 
370 325   1  4  0 -9 
370 327   1 -1  0 -9 
370 332   1  2  0 -9 
370 333  -1  3  0 -9 
370 341  -1  0  0 -9 
370 342   1  1  0 -9 
370 348   1  1  0 -9 
370 352  -1  0  0 -9 
370 355  -1  3  0 -9 
370 357   1 -1  0 -9 
370 360   1  2  0 -9 
370 363  -1  0  0 -9 
370 365   1 -1  0 -9 
370 366  -1  0  0 -9 
370 367   1  1  0 -9 
370 370  -1 -2  0 -9 
370 371   1 -1  0 -9 
370 372  -1  0  0 -9 
371 261  -1  5 -1  3 -1  1  0 -9 
371 265   1  6  1  4  0 -9 
371 272  -1  1  0 -9 
371 273   1  2  0 -9 
371 275  -1  3  0 -9 
371 342   1  2  0 -9 
371 346  -1  3  0 -9 
371 366  -1  1  0 -9 
371 367   1  2  0 -9 
371 369  -1  3  0 -9 
371 371   1  0  0 -9 
371 372  -1  1  0 -9 
371 373   1  2  0 -9 
372 167   1  5  0 -9 
372 261  -1  4  0 -9 
372 265   1  5  0 -9 
372 275  -1  4  0 -9 
372 346  -1  4  0 -9 
372 355   1  5  0 -9 
372 360  -1  4  0 -9 
372 369  -1  4  0 -9 
372 373   1  3  0 -9 
373 167   1  6  0 -9 
373 261  -1  5  0 -9 
373 265   1  6  0 -9 
373 275  -1  5  0 -9 
373 346   1  7  0 -9 
373 355   1  6  0 -9 
373 360  -1  5  0 -9 
373 369  -1  5  0 -9 
373 372   1  3  0 -9 
374 167  -1  2  0 -9 
374 316  -1  2  0 -9 
374 320  -1  2 -1  0  0 -9 
374 325   1  3  0 -9 
374 327  -1  0  0 -9 
374 332   1  1  0 -9 
374 333  -1  2  0 -9 
374 334   1 -1  0 -9 
374 336  -1  0  0 -9 
374 337   1  1  0 -9 
374 350   1  1  0 -9 
374 355  -1  2  0 -9 
374 360   1  1  0 -9 
374 368  -1  0  0 -9 
374 369   1  1  0 -9 
374 374  -1 -2  0 -9 
374 376   1 -1  0 -9 
374 377  -1  0  0 -9 
375 261  -1  2 -1  0  0 -9 
375 265   1  3  0 -9 
375 272  -1  0  0 -9 
375 273   1  1  0 -9 
375 275  -1  2  0 -9 
375 342   1  1  0 -9 
375 346  -1  2  0 -9 
375 366  -1  0  0 -9 
375 371   1 -1  0 -9 
375 372  -1  0  0 -9 
375 373   1  1  0 -9 
375 375  -1 -2  0 -9 
375 378   1 -1  0 -9 
375 379  -1  0  0 -9 
376 167  -1  3  0 -9 
376 316  -1  3  0 -9 
376 320  -1  5 -1  3 -1  1  0 -9 
376 325   1  6  1  4  0 -9 
376 327  -1  1  0 -9 
376 332   1  2  0 -9 
376 333  -1  3  0 -9 
376 336  -1  1  0 -9 
376 337   1  2  0 -9 
376 350   1  2  0 -9 
376 355  -1  3  0 -9 
376 360   1  2  0 -9 
376 363   1  2  0 -9 
376 368  -1  1  0 -9 
376 369  -1  4  1  2  0 -9 
376 376   1  0  0 -9 
376 377  -1  1  0 -9 
376 379   1  2  0 -9 
377 167   1  6  0 -9 
377 355   1  6  0 -9 
377 360  -1  5  0 -9 
377 369  -1  5  0 -9 
377 379   1  3  0 -9 
378 261  -1  3  0 -9 
378 265   1  4  0 -9 
378 272  -1  1  0 -9 
378 273   1  2  0 -9 
378 275  -1  3  0 -9 
378 346  -1  3  0 -9 
378 355   1  4  0 -9 
378 360  -1  3  0 -9 
378 369  -1  3  0 -9 
378 372  -1  1  0 -9 
378 373   1  2  0 -9 
378 377   1  2  0 -9 
378 378   1  0  0 -9 
378 379  -1  1  0 -9 
379 355   1  5  0 -9 
379 360  -1  4  0 -9 
379 369  -1  4  0 -9 
379 377   1  3  0 -9 
380 105  -1  4  1  2  0 -9 
380 107   1  5  0 -9 
380 147  -1  3  0 -9 
380 160   1  2  0 -9 
380 162  -1  3  0 -9 
380 164  -1  1  0 -9 
380 184  -1  1  0 -9 
380 189   1  2  0 -9 
380 190  -1  3  0 -9 
380 229   1  2  0 -9 
380 231  -1  3  0 -9 
380 233  -1  1  0 -9 
380 238  -1  1  0 -9 
380 243   1  2  0 -9 
380 244  -1  3  0 -9 
380 314  -1  3  0 -9 
380 318  -1  1  0 -9 
380 320  -1  4  1  2  0 -9 
380 322   1  2  0 -9 
380 325   1  5  0 -9 
380 348   1  2  0 -9 
380 350  -1  3  0 -9 
380 352  -1  1  0 -9 
380 363  -1  1  0 -9 
380 368   1  2  0 -9 
380 369  -1  3  0 -9 
380 380   1  0  0 -9 
380 382  -1  1  0 -9 
380 383   1  2  0 -9 
381  3  -1  3  0 -9 
381  6   1 -1  0 -9 
381  7   1  2  0 -9 
381  8  -1  3  0 -9 
381  9  -1  3  0 -9 
381 11   1  4  0 -9 
381 13  -1  0  0 -9 
381 18   1  1  0 -9 
381 39  -1  0  0 -9 
381 50   1 -1  0 -9 
381 51   1  2  0 -9 
381 52  -1  3  0 -9 
381 53  -1  3  0 -9 
381 55   1  4  0 -9 
381 57  -1  0  0 -9 
381 60  -1  4 -1  0  0 -9 
381 62   1  1  0 -9 
381 64   1  5  0 -9 
381 66  -1  0  0 -9 
381 79   1 -1  0 -9 
381 81  -1  0  0 -9 
381 88   1 -1  0 -9 
381 89   1  2  0 -9 
381 91  -1  3  0 -9 
381 99   1  4  0 -9 
381 104  -1  3  0 -9 
381 105  -1  3  1  1  0 -9 
381 106  -1  0  0 -9 
381 107   1  4  0 -9 
381 141  -1  3  0 -9 
381 146   1  2  0 -9 
381 149  -1  3  0 -9 
381 154  -1  3  0 -9 
381 157  -1  3  0 -9 
381 158   1  4  0 -9 
381 164  -1  0  0 -9 
381 165   1 -1  0 -9 
381 166   1  2  0 -9 
381 167  -1  3  0 -9 
381 169  -1  0  0 -9 
381 174   1  1  0 -9 
381 184  -1  0  0 -9 
381 185   1 -1  0 -9 
381 187  -1  0  0 -9 
381 189   1  1  0 -9 
381 213  -1  3  0 -9 
381 216  -1  3  0 -9 
381 217   1  4  0 -9 
381 233  -1  0  0 -9 
381 234   1 -1  0 -9 
381 235   1  2  0 -9 
381 236  -1  3  0 -9 
381 238  -1  0  0 -9 
381 239   1 -1  0 -9 
381 241  -1  0  0 -9 
381 243   1  1  0 -9 
381 258  -1  0  0 -9 
381 261  -1  4 -1  0  0 -9 
381 263   1  1  0 -9 
381 265   1  5  0 -9 
381 280   1 -1  0 -9 
381 282  -1  0  0 -9 
381 295   1 -1  0 -9 
381 296   1  2  0 -9 
381 298  -1  3  0 -9 
381 313   1  2  0 -9 
381 316  -1  3  0 -9 
381 318  -1  0  0 -9 
381 319   1 -1  0 -9 
381 320   1  1  0 -9 
381 322   1  1  0 -9 
381 323  -1  0  0 -9 
381 342  -1  3  0 -9 
381 345  -1  3  0 -9 
381 346   1  4  0 -9 
381 352  -1  0  0 -9 
381 353   1 -1  0 -9 
381 354   1  2  0 -9 
381 355  -1  3  0 -9 
381 363  -1  0  0 -9 
381 364   1 -1  0 -9 
381 366  -1  0  0 -9 
381 368   1  1  0 -9 
381 380   1 -1  0 -9 
381 381  -1 -2  0 -9 
381 382  -1  0  0 -9 
382 190  -1  4  0 -9 
382 244  -1  4  0 -9 
382 320  -1  5  0 -9 
382 325   1  6  0 -9 
382 369  -1  4  0 -9 
382 383   1  3  0 -9 
383 167   1  6  0 -9 
383 190  -1  5  0 -9 
383 236   1  6  0 -9 
383 244  -1  5  0 -9 
383 320  -1  4  0 -9 
383 355   1  6  0 -9 
383 369  -1  5  0 -9 
383 382   1  3  0 -9 
384 105   1  1  0 -9 
384 147  -1  2  0 -9 
384 160   1  1  0 -9 
384 164  -1  0  0 -9 
384 167  -1  3  0 -9 
384 184  -1  0  0 -9 
384 233  -1  0  0 -9 
384 238  -1  0  0 -9 
384 243   1  1  0 -9 
384 244  -1  2  0 -9 
384 314  -1  2  0 -9 
384 318  -1  0  0 -9 
384 320  -1  3  0 -9 
384 322   1  1  0 -9 
384 325   1  4  0 -9 
384 348   1  1  0 -9 
384 352  -1  0  0 -9 
384 355  -1  3  0 -9 
384 357   1 -1  0 -9 
384 360   1  2  0 -9 
384 363  -1  0  0 -9 
384 380   1 -1  0 -9 
384 382  -1  0  0 -9 
384 383   1  1  0 -9 
384 384  -1 -2  0 -9 
384 386   1 -1  0 -9 
384 387  -1  0  0 -9 
385 157  -1  2  0 -9 
385 165  -1  0  0 -9 
385 166   1  1  0 -9 
385 167  -1  2  0 -9 
385 175   1  1  0 -9 
385 188  -1  0  0 -9 
385 190   1  1  0 -9 
385 261  -1  3  0 -9 
385 265   1  4  0 -9 
385 290  -1  0  0 -9 
385 295  -1  0  0 -9 
385 296   1  1  0 -9 
385 298  -1  2  0 -9 
385 300   1 -1  0 -9 
385 301  -1  0  0 -9 
385 302   1  1  0 -9 
385 345  -1  2  0 -9 
385 353  -1  0  0 -9 
385 354   1  1  0 -9 
385 355  -1  2  0 -9 
385 358   1 -1  0 -9 
385 359  -1  0  0 -9 
385 360   1  1  0 -9 
385 361   1  1  0 -9 
385 367  -1  0  0 -9 
385 369   1  1  0 -9 
385 385  -1 -2  0 -9 
385 388   1 -1  0 -9 
385 389  -1  0  0 -9 
386 190  -1  3  0 -9 
386 238  -1  1  0 -9 
386 243   1  2  0 -9 
386 244  -1  3  0 -9 
386 320  -1  4  0 -9 
386 325   1  5  0 -9 
386 369  -1  3  0 -9 
386 382  -1  1  0 -9 
386 383   1  2  0 -9 
386 386   1  0  0 -9 
386 387  -1  1  0 -9 
386 389   1  2  0 -9 
387 167   1  5  0 -9 
387 190  -1  4  0 -9 
387 355   1  5  0 -9 
387 360  -1  4  0 -9 
387 369  -1  4  0 -9 
387 389   1  3  0 -9 
388 154  -1  3  0 -9 
388 157  -1  3  0 -9 
388 165  -1  1  0 -9 
388 166   1  2  0 -9 
388 167   1  5 -1  3  0 -9 
388 175  -1  4  1  2  0 -9 
388 176   1  5  0 -9 
388 187   1  2  0 -9 
388 188  -1  1  0 -9 
388 190  -1  4  1  2  0 -9 
388 261  -1  4  1  2  0 -9 
388 265   1  5  0 -9 
388 288   1  2  0 -9 
388 289  -1  3  0 -9 
388 290  -1  1  0 -9 
388 295  -1  1  0 -9 
388 296   1  2  0 -9 
388 298  -1  3  0 -9 
388 301  -1  1  0 -9 
388 302   1  2  0 -9 
388 342  -1  3  0 -9 
388 345  -1  3  0 -9 
388 353  -1  1  0 -9 
388 354   1  2  0 -9 
388 355   1  5 -1  3  0 -9 
388 359  -1  1  0 -9 
388 360  -1  4  1  2  0 -9 
388 361   1  2  0 -9 
388 366   1  2  0 -9 
388 367  -1  1  0 -9 
388 369  -1  4  1  2  0 -9 
388 387   1  2  0 -9 
388 388   1  0  0 -9 
388 389  -1  1  0 -9 
389 167   1  6  0 -9 
389 190  -1  5  0 -9 
389 355   1  6  0 -9 
389 360  -1  5  0 -9 
389 369  -1  5  0 -9 
389 387   1  3  0 -9 
390 133  -1  3  0 -9 
390 136   1 -1  0 -9 
390 137   1  2  0 -9 
390 167  -1  3  0 -9 
390 200  -1  0  0 -9 
390 238  -1  0  0 -9 
390 243   1  1  0 -9 
390 245   1 -1  0 -9 
390 247  -1  0  0 -9 
390 320  -1  3  0 -9 
390 325   1  4  0 -9 
390 333  -1  3  0 -9 
390 336   1 -1  0 -9 
390 337   1  2  0 -9 
390 379  -1  0  0 -9 
390 382  -1  0  0 -9 
390 386   1 -1  0 -9 
390 387  -1  0  0 -9 
390 389   1  1  0 -9 
390 390  -1 -2  0 -9 
390 391   1 -1  0 -9 
391 190  -1  3  0 -9 
391 198   1  2  0 -9 
391 200  -1  1  0 -9 
391 355   1  4  0 -9 
391 360  -1  3  0 -9 
391 369  -1  3  0 -9 
391 377   1  2  0 -9 
391 379  -1  1  0 -9 
391 387  -1  1  0 -9 
391 389   1  2  0 -9 
391 391   1  0  0 -9 
392 65  -1  0  0 -9 
392 213  -1  2 -1  0  0 -9 
392 217   1  3  0 -9 
392 392  -1 -2  0 -9 
392 393  -1  0  0 -9 
392 394   1 -1  0 -9 
392 395   1 -1  0 -9 
392 396  -1  0  0 -9 
392 397   1  1  0 -9 
392 398   1  1  0 -9 
392 399  -1  2  0 -9 
393 213  -1  4  0 -9 
393 217   1  5  0 -9 
393 398   1  3  0 -9 
393 399  -1  4  0 -9 
394 213  -1  5 -1  3 -1  1  0 -9 
394 217   1  6  1  4  0 -9 
394 393  -1  1  0 -9 
394 394   1  0  0 -9 
394 396  -1  1  0 -9 
394 397   1  2  0 -9 
394 398   1  2  0 -9 
394 399  -1  3  0 -9 
395 52  -1  3  0 -9 
395 65  -1  1  0 -9 
395 66   1  2  0 -9 
395 213  -1  3  0 -9 
395 217   1  4  0 -9 
395 393  -1  1  0 -9 
395 395   1  0  0 -9 
395 396  -1  1  0 -9 
395 397   1  2  0 -9 
395 398   1  2  0 -9 
395 399  -1  3  0 -9 
396 52  -1  4  0 -9 
396 55   1  5  0 -9 
396 213  -1  4  0 -9 
396 217   1  5  0 -9 
396 397   1  3  0 -9 
396 399  -1  4  0 -9 
397 52  -1  5  0 -9 
397 55   1  6  0 -9 
397 213  -1  5  0 -9 
397 217   1  6  0 -9 
397 396   1  3  0 -9 
397 399  -1  5  0 -9 
398 55   1  6  0 -9 
398 213  -1  5  0 -9 
398 217   1  6  0 -9 
398 393   1  3  0 -9 
398 399  -1  5  0 -9 
399 55   1  7  0 -9 
399 217   1  7  0 -9 
399 399  -1  6  0 -9 
400 313  -1  4  0 -9 
400 401   1  3  0 -9 
401 313  -1  5  0 -9 
401 316   1  6  0 -9 
401 400   1  3  0 -9 
402 261  -1  2 -1  0  0 -9 
402 265   1  3  0 -9 
402 400  -1  0  0 -9 
402 402  -1 -2  0 -9 
402 403  -1  0  0 -9 
402 404   1 -1  0 -9 
402 405   1 -1  0 -9 
402 406  -1  0  0 -9 
402 407   1  1  0 -9 
402 408   1  1  0 -9 
402 409  -1  2  0 -9 
403 261  -1  4  0 -9 
403 265   1  5  0 -9 
403 408   1  3  0 -9 
403 409  -1  4  0 -9 
404 261  -1  5 -1  3 -1  1  0 -9 
404 265   1  6  1  4  0 -9 
404 403  -1  1  0 -9 
404 404   1  0  0 -9 
404 406  -1  1  0 -9 
404 407   1  2  0 -9 
404 408   1  2  0 -9 
404 409  -1  3  0 -9 
405 261  -1  3  0 -9 
405 265   1  4  0 -9 
405 313  -1  3  0 -9 
405 400  -1  1  0 -9 
405 401   1  2  0 -9 
405 403  -1  1  0 -9 
405 405   1  0  0 -9 
405 406  -1  1  0 -9 
405 407   1  2  0 -9 
405 408   1  2  0 -9 
405 409  -1  3  0 -9 
406 261  -1  4  0 -9 
406 265   1  5  0 -9 
406 313  -1  4  0 -9 
406 316   1  5  0 -9 
406 407   1  3  0 -9 
406 409  -1  4  0 -9 
407 261  -1  5  0 -9 
407 265   1  6  0 -9 
407 313  -1  5  0 -9 
407 316   1  6  0 -9 
407 406   1  3  0 -9 
407 409  -1  5  0 -9 
408 261  -1  5  0 -9 
408 265   1  6  0 -9 
408 316   1  6  0 -9 
408 403   1  3  0 -9 
408 409  -1  5  0 -9 
409 265   1  7  0 -9 
409 316   1  7  0 -9 
409 409  -1  6  0 -9 
410 313   1  1  0 -9 
410 316  -1  2  0 -9 
410 342  -1  2 -1  0  0 -9 
410 346   1  3  0 -9 
410 401  -1  0  0 -9 
410 410  -1 -2  0 -9 
410 411  -1  0  0 -9 
410 412   1 -1  0 -9 
410 413   1 -1  0 -9 
410 414  -1  0  0 -9 
410 415   1  1  0 -9 
410 416   1  1  0 -9 
410 417  -1  2  0 -9 
411 316  -1  4  0 -9 
411 342  -1  4  0 -9 
411 346   1  5  0 -9 
411 416   1  3  0 -9 
411 417  -1  4  0 -9 
412 313   1  2  0 -9 
412 316  -1  3  0 -9 
412 342  -1  5 -1  3 -1  1  0 -9 
412 346   1  6  1  4  0 -9 
412 400   1  2  0 -9 
412 401  -1  1  0 -9 
412 411  -1  1  0 -9 
412 412   1  0  0 -9 
412 414  -1  1  0 -9 
412 415   1  2  0 -9 
412 416   1  2  0 -9 
412 417  -1  3  0 -9 
413 316  -1  3  0 -9 
413 342  -1  3  0 -9 
413 346   1  4  0 -9 
413 411  -1  1  0 -9 
413 413   1  0  0 -9 
413 414  -1  1  0 -9 
413 415   1  2  0 -9 
413 416   1  2  0 -9 
413 417  -1  3  0 -9 
414 342  -1  4  0 -9 
414 346   1  5  0 -9 
414 415   1  3  0 -9 
414 417  -1  4  0 -9 
415 342  -1  5  0 -9 
415 346   1  6  0 -9 
415 414   1  3  0 -9 
415 417  -1  5  0 -9 
416 316   1  7  0 -9 
416 342  -1  5  0 -9 
416 346   1  6  0 -9 
416 411   1  3  0 -9 
416 417  -1  5  0 -9 
417 346   1  7  0 -9 
417 417  -1  6  0 -9 
418 261  -1  3  0 -9 
418 265   1  4  0 -9 
418 403   1 -1  0 -9 
418 408   1  2  0 -9 
418 409  -1  3  0 -9 
418 411  -1  0  0 -9 
418 413   1 -1  0 -9 
418 414  -1  0  0 -9 
418 415   1  1  0 -9 
418 418  -1 -2  0 -9 
418 419   1 -1  0 -9 
418 420  -1  0  0 -9 
419 261  -1  4  0 -9 
419 265   1  5  0 -9 
419 414  -1  1  0 -9 
419 415   1  2  0 -9 
419 417  -1  3  0 -9 
419 419   1  0  0 -9 
419 420  -1  1  0 -9 
419 421   1  2  0 -9 
420 261  -1  5  0 -9 
420 265   1  6  0 -9 
420 417  -1  4  0 -9 
420 421   1  3  0 -9 
421 261  -1  4  0 -9 
421 346   1  6  0 -9 
421 417  -1  5  0 -9 
421 420   1  3  0 -9 
422 231  -1  3  0 -9 
422 236   1  4  0 -9 
422 238  -1  1  0 -9 
422 243   1  2  0 -9 
422 244  -1  3  0 -9 
422 261  -1  3  0 -9 
422 265   1  4  0 -9 
422 284  -1  3  0 -9 
422 350  -1  3  0 -9 
422 355   1  4  0 -9 
422 363  -1  1  0 -9 
422 368   1  2  0 -9 
422 369  -1  3  0 -9 
422 403  -1  1  0 -9 
422 408   1  2  0 -9 
422 409  -1  3  0 -9 
422 422   1  0  0 -9 
422 424  -1  1  0 -9 
422 425   1  2  0 -9 
423 52  -1  3  0 -9 
423 55   1  4  0 -9 
423 66  -1  0  0 -9 
423 213  -1  3  0 -9 
423 217   1  4  0 -9 
423 238  -1  0  0 -9 
423 239   1 -1  0 -9 
423 241  -1  0  0 -9 
423 243   1  1  0 -9 
423 261  -1  4 -1  0  0 -9 
423 265   1  5  0 -9 
423 295   1 -1  0 -9 
423 296   1  2  0 -9 
423 298  -1  3  0 -9 
423 313   1  2  0 -9 
423 316  -1  3  0 -9 
423 342  -1  3  0 -9 
423 346   1  4  0 -9 
423 363  -1  0  0 -9 
423 364   1 -1  0 -9 
423 366  -1  0  0 -9 
423 368   1  1  0 -9 
423 396   1 -1  0 -9 
423 397   1  2  0 -9 
423 399  -1  3  0 -9 
423 403  -1  0  0 -9 
423 404   1 -1  0 -9 
423 406  -1  0  0 -9 
423 408   1  1  0 -9 
423 414   1 -1  0 -9 
423 415   1  2  0 -9 
423 417  -1  3  0 -9 
423 422   1 -1  0 -9 
423 423  -1 -2  0 -9 
423 424  -1  0  0 -9 
424 231  -1  4  0 -9 
424 236   1  5  0 -9 
424 244  -1  4  0 -9 
424 261  -1  4  0 -9 
424 265   1  5  0 -9 
424 284  -1  4  0 -9 
424 316   1  5  0 -9 
424 350  -1  4  0 -9 
424 355   1  5  0 -9 
424 369  -1  4  0 -9 
424 409  -1  4  0 -9 
424 425   1  3  0 -9 
425 231  -1  5  0 -9 
425 236   1  6  0 -9 
425 244  -1  5  0 -9 
425 261  -1  5  0 -9 
425 265   1  6  0 -9 
425 284   1  7  0 -9 
425 316   1  6  0 -9 
425 350  -1  5  0 -9 
425 355   1  6  0 -9 
425 369  -1  5  0 -9 
425 409  -1  5  0 -9 
425 424   1  3  0 -9 
426 231  -1  2 -1  0  0 -9 
426 236   1  3  0 -9 
426 238  -1  0  0 -9 
426 243   1  1  0 -9 
426 244  -1  2  0 -9 
426 261  -1  2 -1  0  0 -9 
426 265   1  3  0 -9 
426 284  -1  2  0 -9 
426 289   1  1  0 -9 
426 363  -1  0  0 -9 
426 403  -1  0  0 -9 
426 408   1  1  0 -9 
426 409  -1  2  0 -9 
426 422   1 -1  0 -9 
426 424  -1  0  0 -9 
426 425   1  1  0 -9 
426 426  -1 -2  0 -9 
426 428   1 -1  0 -9 
426 429  -1  0  0 -9 
427 261  -1  3  0 -9 
427 265   1  4  0 -9 
427 295  -1  0  0 -9 
427 296   1  1  0 -9 
427 298  -1  2  0 -9 
427 300   1 -1  0 -9 
427 301  -1  0  0 -9 
427 302   1  1  0 -9 
427 367  -1  0  0 -9 
427 369   1  1  0 -9 
427 414  -1  0  0 -9 
427 415   1  1  0 -9 
427 417  -1  2  0 -9 
427 419   1 -1  0 -9 
427 420  -1  0  0 -9 
427 421   1  1  0 -9 
427 427  -1 -2  0 -9 
427 430   1 -1  0 -9 
427 431  -1  0  0 -9 
428 231  -1  5 -1  3 -1  1  0 -9 
428 236   1  6  1  4  0 -9 
428 238  -1  1  0 -9 
428 243   1  2  0 -9 
428 244  -1  3  0 -9 
428 261  -1  5 -1  3 -1  1  0 -9 
428 265   1  6  1  4  0 -9 
428 284  -1  3  0 -9 
428 289   1  2  0 -9 
428 369  -1  3  0 -9 
428 403  -1  1  0 -9 
428 408   1  2  0 -9 
428 409  -1  3  0 -9 
428 424  -1  1  0 -9 
428 425   1  2  0 -9 
428 428   1  0  0 -9 
428 429  -1  1  0 -9 
428 431   1  2  0 -9 
429 284   1  6  0 -9 
429 289  -1  5  0 -9 
429 369  -1  4  0 -9 
429 431   1  3  0 -9 
430 261  -1  4  1  2  0 -9 
430 265   1  5  0 -9 
430 289  -1  3  0 -9 
430 295  -1  1  0 -9 
430 296   1  2  0 -9 
430 298  -1  3  0 -9 
430 301  -1  1  0 -9 
430 302   1  2  0 -9 
430 342  -1  3  0 -9 
430 355   1  5  0 -9 
430 366   1  2  0 -9 
430 367  -1  1  0 -9 
430 369  -1  4  1  2  0 -9 
430 414  -1  1  0 -9 
430 415   1  2  0 -9 
430 417  -1  3  0 -9 
430 420  -1  1  0 -9 
430 421   1  2  0 -9 
430 429   1  2  0 -9 
430 430   1  0  0 -9 
430 431  -1  1  0 -9 
431 289  -1  4  0 -9 
431 355   1  6  0 -9 
431 369  -1  5  0 -9 
431 429   1  3  0 -9 
9999 9999
