 0  0  -1 -2  0 -9 
 0  1  -1  0  0 -9 
 0  2   1 -1  0 -9 
 0  3   1 -1  0 -9 
 0  4  -1  0  0 -9 
 0  5   1  1  0 -9 
 0  6   1  1  0 -9 
 0  7  -1  2  0 -9 
 1  6   1  3  0 -9 
 1  7  -1  4  0 -9 
 2  1  -1  1  0 -9 
 2  2   1  0  0 -9 
 2  4  -1  1  0 -9 
 2  5   1  2  0 -9 
 2  6   1  2  0 -9 
 2  7  -1  3  0 -9 
 3  1  -1  1  0 -9 
 3  3   1  0  0 -9 
 3  4  -1  1  0 -9 
 3  5   1  2  0 -9 
 3  6   1  2  0 -9 
 3  7  -1  3  0 -9 
 4  5   1  3  0 -9 
 4  7  -1  4  0 -9 
 5  4   1  3  0 -9 
 5  7  -1  5  0 -9 
 6  1   1  3  0 -9 
 6  7  -1  5  0 -9 
 7  7  -1  6  0 -9 
 8  1  -1  1  0 -9 
 8  6   1  2  0 -9 
 8  7  -1  3  0 -9 
 8  8   1  0  0 -9 
 8 10  -1  1  0 -9 
 8 11   1  2  0 -9 
 9  1  -1  0  0 -9 
 9  2   1 -1  0 -9 
 9  4  -1  0  0 -9 
 9  6   1  1  0 -9 
 9  8   1 -1  0 -9 
 9  9  -1 -2  0 -9 
 9 10  -1  0  0 -9 
10  7  -1  4  0 -9 
10 11   1  3  0 -9 
11  7  -1  5  0 -9 
11 10   1  3  0 -9 
12  1  -1  0  0 -9 
12  8   1 -1  0 -9 
12 10  -1  0  0 -9 
12 11   1  1  0 -9 
12 12  -1 -2  0 -9 
12 14   1 -1  0 -9 
12 15  -1  0  0 -9 
13  5  -1  0  0 -9 
13  7   1  1  0 -9 
13 13  -1 -2  0 -9 
13 16   1 -1  0 -9 
13 17  -1  0  0 -9 
14  7  -1  3  0 -9 
14 10  -1  1  0 -9 
14 11   1  2  0 -9 
14 14   1  0  0 -9 
14 15  -1  1  0 -9 
14 17   1  2  0 -9 
15  7  -1  4  0 -9 
15 17   1  3  0 -9 
16  4   1  2  0 -9 
16  5  -1  1  0 -9 
16  7  -1  4  1  2  0 -9 
16 15   1  2  0 -9 
16 16   1  0  0 -9 
16 17  -1  1  0 -9 
17  7  -1  5  0 -9 
17 15   1  3  0 -9 
18  7  -1  2  0 -9 
18 10  -1  0  0 -9 
18 11   1  1  0 -9 
18 14   1 -1  0 -9 
18 15  -1  0  0 -9 
18 17   1  1  0 -9 
18 18  -1 -2  0 -9 
18 19   1 -1  0 -9 
19  7  -1  3  0 -9 
19 10  -1  1  0 -9 
19 11   1  2  0 -9 
19 15  -1  1  0 -9 
19 17   1  2  0 -9 
19 19   1  0  0 -9 
20 20   1  0  0 -9 
20 22  -1  1  0 -9 
20 23   1  2  0 -9 
21 20   1 -1  0 -9 
21 21  -1 -2  0 -9 
21 22  -1  0  0 -9 
22 23   1  3  0 -9 
23 22   1  3  0 -9 
24 23  -1  0  0 -9 
24 24  -1 -2  0 -9 
24 25   1 -1  0 -9 
25 22   1  2  0 -9 
25 23  -1  1  0 -9 
25 25   1  0  0 -9 
26 20   1 -1  0 -9 
26 22  -1  0  0 -9 
26 23   1  1  0 -9 
26 26  -1 -2  0 -9 
26 28   1 -1  0 -9 
26 29  -1  0  0 -9 
27 27  -1 -2  0 -9 
27 30   1 -1  0 -9 
27 31  -1  0  0 -9 
28 22  -1  1  0 -9 
28 23   1  2  0 -9 
28 28   1  0  0 -9 
28 29  -1  1  0 -9 
28 31   1  2  0 -9 
29 31   1  3  0 -9 
30 29   1  2  0 -9 
30 30   1  0  0 -9 
30 31  -1  1  0 -9 
31 29   1  3  0 -9 
32 22  -1  0  0 -9 
32 28   1 -1  0 -9 
32 29  -1  0  0 -9 
32 31   1  1  0 -9 
32 32  -1 -2  0 -9 
32 33   1 -1  0 -9 
33 29  -1  1  0 -9 
33 31   1  2  0 -9 
33 33   1  0  0 -9 
34  7  -1  3  0 -9 
34 15   1 -1  0 -9 
34 17   1  2  0 -9 
34 29  -1  0  0 -9 
34 33   1 -1  0 -9 
34 34  -1 -2  0 -9 
35 35  -1 -2  0 -9 
35 36  -1  0  0 -9 
35 37   1 -1  0 -9 
35 38   1 -1  0 -9 
35 39  -1  0  0 -9 
35 40   1  1  0 -9 
35 41   1  1  0 -9 
35 42  -1  2  0 -9 
36 41   1  3  0 -9 
36 42  -1  4  0 -9 
37 36  -1  1  0 -9 
37 37   1  0  0 -9 
37 39  -1  1  0 -9 
37 40   1  2  0 -9 
37 41   1  2  0 -9 
37 42  -1  3  0 -9 
38 36  -1  1  0 -9 
38 38   1  0  0 -9 
38 39  -1  1  0 -9 
38 40   1  2  0 -9 
38 41   1  2  0 -9 
38 42  -1  3  0 -9 
39 40   1  3  0 -9 
39 42  -1  4  0 -9 
40 39   1  3  0 -9 
40 42  -1  5  0 -9 
41 36   1  3  0 -9 
41 42  -1  5  0 -9 
42 42  -1  6  0 -9 
43 36  -1  1  0 -9 
43 41   1  2  0 -9 
43 42  -1  3  0 -9 
43 43   1  0  0 -9 
43 45  -1  1  0 -9 
43 46   1  2  0 -9 
44 36  -1  0  0 -9 
44 37   1 -1  0 -9 
44 39  -1  0  0 -9 
44 41   1  1  0 -9 
44 43   1 -1  0 -9 
44 44  -1 -2  0 -9 
44 45  -1  0  0 -9 
45 42  -1  4  0 -9 
45 46   1  3  0 -9 
46 42  -1  5  0 -9 
46 45   1  3  0 -9 
47 36  -1  0  0 -9 
47 43   1 -1  0 -9 
47 45  -1  0  0 -9 
47 46   1  1  0 -9 
47 47  -1 -2  0 -9 
47 49   1 -1  0 -9 
47 50  -1  0  0 -9 
48 40  -1  0  0 -9 
48 42   1  1  0 -9 
48 48  -1 -2  0 -9 
48 51   1 -1  0 -9 
48 52  -1  0  0 -9 
49 42  -1  3  0 -9 
49 45  -1  1  0 -9 
49 46   1  2  0 -9 
49 49   1  0  0 -9 
49 50  -1  1  0 -9 
49 52   1  2  0 -9 
50 42  -1  4  0 -9 
50 52   1  3  0 -9 
51 39   1  2  0 -9 
51 40  -1  1  0 -9 
51 42  -1  4  1  2  0 -9 
51 50   1  2  0 -9 
51 51   1  0  0 -9 
51 52  -1  1  0 -9 
52 42  -1  5  0 -9 
52 50   1  3  0 -9 
53  1   1 -1  0 -9 
53  6   1  2  0 -9 
53  7  -1  3  0 -9 
53 36  -1  0  0 -9 
53 38   1 -1  0 -9 
53 39  -1  0  0 -9 
53 40   1  1  0 -9 
53 53  -1 -2  0 -9 
53 54   1 -1  0 -9 
53 55  -1  0  0 -9 
54 39  -1  1  0 -9 
54 40   1  2  0 -9 
54 42  -1  3  0 -9 
54 54   1  0  0 -9 
54 55  -1  1  0 -9 
54 56   1  2  0 -9 
55 42  -1  4  0 -9 
55 56   1  3  0 -9 
56 42  -1  5  0 -9 
56 55   1  3  0 -9 
57  1  -1  0  0 -9 
57  6   1  1  0 -9 
57  7  -1  2  0 -9 
57  8   1 -1  0 -9 
57 10  -1  0  0 -9 
57 11   1  1  0 -9 
57 41  -1  0  0 -9 
57 42   1  1  0 -9 
57 57  -1 -2  0 -9 
57 59   1 -1  0 -9 
57 60  -1  0  0 -9 
58 39  -1  0  0 -9 
58 54   1 -1  0 -9 
58 55  -1  0  0 -9 
58 56   1  1  0 -9 
58 58  -1 -2  0 -9 
58 61   1 -1  0 -9 
58 62  -1  0  0 -9 
59  1  -1  1  0 -9 
59  6   1  2  0 -9 
59  7  -1  3  0 -9 
59 10  -1  1  0 -9 
59 11   1  2  0 -9 
59 36   1  2  0 -9 
59 41  -1  1  0 -9 
59 42  -1  4  1  2  0 -9 
59 59   1  0  0 -9 
59 60  -1  1  0 -9 
59 62   1  2  0 -9 
60 42  -1  5  0 -9 
60 62   1  3  0 -9 
61 42  -1  3  0 -9 
61 55  -1  1  0 -9 
61 56   1  2  0 -9 
61 60   1  2  0 -9 
61 61   1  0  0 -9 
61 62  -1  1  0 -9 
62 42  -1  4  0 -9 
62 60   1  3  0 -9 
63 50  -1  0  0 -9 
63 55  -1  0  0 -9 
63 60   1  1  0 -9 
63 61   1 -1  0 -9 
63 62  -1  0  0 -9 
63 63  -1 -2  0 -9 
63 64   1 -1  0 -9 
64 42  -1  3  0 -9 
64 50  -1  1  0 -9 
64 52   1  2  0 -9 
64 60   1  2  0 -9 
64 62  -1  1  0 -9 
64 64   1  0  0 -9 
65  7  -1  3  0 -9 
65 10   1 -1  0 -9 
65 11   1  2  0 -9 
65 45  -1  0  0 -9 
65 49   1 -1  0 -9 
65 50  -1  0  0 -9 
65 52   1  1  0 -9 
65 62  -1  0  0 -9 
65 65  -1 -2  0 -9 
65 66   1 -1  0 -9 
66 42  -1  3  0 -9 
66 50  -1  1  0 -9 
66 52   1  2  0 -9 
66 60   1  2  0 -9 
66 62  -1  1  0 -9 
66 66   1  0  0 -9 
67 42  -1  2  0 -9 
67 50  -1  0  0 -9 
67 52   1  1  0 -9 
67 60   1  1  0 -9 
67 62  -1  0  0 -9 
67 64   1 -1  0 -9 
67 66   1 -1  0 -9 
67 67  -1 -2  0 -9 
68 68   1  0  0 -9 
68 70  -1  1  0 -9 
68 71   1  2  0 -9 
69 68   1 -1  0 -9 
69 69  -1 -2  0 -9 
69 70  -1  0  0 -9 
70 71   1  3  0 -9 
71 70   1  3  0 -9 
72 42  -1  2  0 -9 
72 45  -1  0  0 -9 
72 46   1  1  0 -9 
72 49   1 -1  0 -9 
72 50  -1  0  0 -9 
72 52   1  1  0 -9 
72 71  -1  0  0 -9 
72 72  -1 -2  0 -9 
72 73   1 -1  0 -9 
73 42  -1  3  0 -9 
73 45  -1  1  0 -9 
73 46   1  2  0 -9 
73 50  -1  1  0 -9 
73 52   1  2  0 -9 
73 70   1  2  0 -9 
73 71  -1  1  0 -9 
73 73   1  0  0 -9 
74 68   1 -1  0 -9 
74 70  -1  0  0 -9 
74 71   1  1  0 -9 
74 74  -1 -2  0 -9 
74 76   1 -1  0 -9 
74 77  -1  0  0 -9 
75 75  -1 -2  0 -9 
75 78   1 -1  0 -9 
75 79  -1  0  0 -9 
76 70  -1  1  0 -9 
76 71   1  2  0 -9 
76 76   1  0  0 -9 
76 77  -1  1  0 -9 
76 79   1  2  0 -9 
77 79   1  3  0 -9 
78 77   1  2  0 -9 
78 78   1  0  0 -9 
78 79  -1  1  0 -9 
79 77   1  3  0 -9 
80 70  -1  0  0 -9 
80 76   1 -1  0 -9 
80 77  -1  0  0 -9 
80 79   1  1  0 -9 
80 80  -1 -2  0 -9 
80 81   1 -1  0 -9 
81 77  -1  1  0 -9 
81 79   1  2  0 -9 
81 81   1  0  0 -9 
82 42  -1  3  0 -9 
82 50   1 -1  0 -9 
82 52   1  2  0 -9 
82 77  -1  0  0 -9 
82 81   1 -1  0 -9 
82 82  -1 -2  0 -9 
83 20   1 -1  0 -9 
83 22  -1  0  0 -9 
83 23   1  1  0 -9 
83 83  -1 -2  0 -9 
83 85   1 -1  0 -9 
83 86  -1  0  0 -9 
84 84  -1 -2  0 -9 
84 87   1 -1  0 -9 
84 88  -1  0  0 -9 
85 22  -1  1  0 -9 
85 23   1  2  0 -9 
85 85   1  0  0 -9 
85 86  -1  1  0 -9 
85 88   1  2  0 -9 
86 88   1  3  0 -9 
87 86   1  2  0 -9 
87 87   1  0  0 -9 
87 88  -1  1  0 -9 
88 86   1  3  0 -9 
89 22  -1  0  0 -9 
89 85   1 -1  0 -9 
89 86  -1  0  0 -9 
89 88   1  1  0 -9 
89 89  -1 -2  0 -9 
89 90   1 -1  0 -9 
90 86  -1  1  0 -9 
90 88   1  2  0 -9 
90 90   1  0  0 -9 
91 86  -1  0  0 -9 
91 90   1 -1  0 -9 
91 91  -1 -2  0 -9 
92 77  -1  0  0 -9 
92 86   1  1  0 -9 
92 87   1 -1  0 -9 
92 88  -1  0  0 -9 
92 92  -1 -2  0 -9 
92 93   1 -1  0 -9 
93 77  -1  1  0 -9 
93 79   1  2  0 -9 
93 86   1  2  0 -9 
93 88  -1  1  0 -9 
93 93   1  0  0 -9 
94 77  -1  0  0 -9 
94 79   1  1  0 -9 
94 81   1 -1  0 -9 
94 88  -1  0  0 -9 
94 93   1 -1  0 -9 
94 94  -1 -2  0 -9 
95 71  -1  0  0 -9 
95 95  -1 -2  0 -9 
95 96   1 -1  0 -9 
96 70   1  2  0 -9 
96 71  -1  1  0 -9 
96 96   1  0  0 -9 
97 97  -1 -2  0 -9 
97 98   1 -1  0 -9 
98 98   1  0  0 -9 
99 77  -1  0  0 -9 
99 81   1 -1  0 -9 
99 98   1 -1  0 -9 
99 99  -1 -2  0 -9 
9999 9999
