 0  0  -1  6  0 -9 
 1  0  -1  4  0 -9 
 1  2   1  3  0 -9 
 2  0  -1  5  0 -9 
 2  1   1  3  0 -9 
 3  0  -1  5  0 -9 
 3  4   1  3  0 -9 
 4  0  -1  4  0 -9 
 4  3   1  3  0 -9 
 5  0  -1  3  0 -9 
 5  1  -1  1  0 -9 
 5  2   1  2  0 -9 
 5  3   1  2  0 -9 
 5  4  -1  1  0 -9 
 5  5   1  0  0 -9 
 6  0  -1  3  0 -9 
 6  1  -1  1  0 -9 
 6  2   1  2  0 -9 
 6  3   1  2  0 -9 
 6  4  -1  1  0 -9 
 6  6   1  0  0 -9 
 7  0  -1  2  0 -9 
 7  1  -1  0  0 -9 
 7  2   1  1  0 -9 
 7  3   1  1  0 -9 
 7  4  -1  0  0 -9 
 7  5   1 -1  0 -9 
 7  6   1 -1  0 -9 
 7  7  -1 -2  0 -9 
 8  9   1  3  0 -9 
 9  8   1  3  0 -9 
10 10  -1  6  0 -9 
11 10  -1  4  0 -9 
11 12   1  3  0 -9 
12 10  -1  5  0 -9 
12 11   1  3  0 -9 
13 10  -1  5  0 -9 
13 14   1  3  0 -9 
14 10  -1  4  0 -9 
14 13   1  3  0 -9 
15  8  -1  1  0 -9 
15  9   1  2  0 -9 
15 10  -1  3  0 -9 
15 11  -1  1  0 -9 
15 12   1  2  0 -9 
15 13   1  2  0 -9 
15 14  -1  1  0 -9 
15 15   1  0  0 -9 
16 10  -1  3  0 -9 
16 11  -1  1  0 -9 
16 12   1  2  0 -9 
16 13   1  2  0 -9 
16 14  -1  1  0 -9 
16 16   1  0  0 -9 
17  8  -1  0  0 -9 
17 10  -1  2  0 -9 
17 11  -1  0  0 -9 
17 12   1  1  0 -9 
17 13   1  1  0 -9 
17 14  -1  0  0 -9 
17 15   1 -1  0 -9 
17 16   1 -1  0 -9 
17 17  -1 -2  0 -9 
18 18  -1  6  0 -9 
19 18  -1  4  0 -9 
19 20   1  3  0 -9 
20 18  -1  5  0 -9 
20 19   1  3  0 -9 
21 18  -1  5  0 -9 
21 22   1  3  0 -9 
22 18  -1  4  0 -9 
22 21   1  3  0 -9 
23 18  -1  3  0 -9 
23 19  -1  1  0 -9 
23 20   1  2  0 -9 
23 21   1  2  0 -9 
23 22  -1  1  0 -9 
23 23   1  0  0 -9 
24  8   1  2  0 -9 
24  9  -1  1  0 -9 
24 18  -1  3  0 -9 
24 19  -1  1  0 -9 
24 20   1  2  0 -9 
24 21   1  2  0 -9 
24 22  -1  1  0 -9 
24 24   1  0  0 -9 
25  9  -1  0  0 -9 
25 18  -1  2  0 -9 
25 19  -1  0  0 -9 
25 20   1  1  0 -9 
25 21   1  1  0 -9 
25 22  -1  0  0 -9 
25 23   1 -1  0 -9 
25 24   1 -1  0 -9 
25 25  -1 -2  0 -9 
26  0  -1  5  0 -9 
26 10  -1  5  0 -9 
26 27   1  3  0 -9 
27  0  -1  4  0 -9 
27 10  -1  4  0 -9 
27 26   1  3  0 -9 
28  0  -1  3  0 -9 
28  1  -1  1  0 -9 
28  2   1  2  0 -9 
28 10  -1  3  0 -9 
28 11  -1  1  0 -9 
28 12   1  2  0 -9 
28 26   1  2  0 -9 
28 27  -1  1  0 -9 
28 28   1  0  0 -9 
29  1  -1  0  0 -9 
29  2   1  1  0 -9 
29  4  -1  0  0 -9 
29  6   1 -1  0 -9 
29 11  -1  0  0 -9 
29 12   1  1  0 -9 
29 14  -1  0  0 -9 
29 16   1 -1  0 -9 
29 18  -1  3  0 -9 
29 21   1  2  0 -9 
29 22   1 -1  0 -9 
29 27  -1  0  0 -9 
29 28   1 -1  0 -9 
29 29  -1 -2  0 -9 
30 18  -1  4  0 -9 
30 31   1  3  0 -9 
31 18  -1  5  0 -9 
31 30   1  3  0 -9 
32 18  -1  3  0 -9 
32 21   1  2  0 -9 
32 22  -1  1  0 -9 
32 30  -1  1  0 -9 
32 31   1  2  0 -9 
32 32   1  0  0 -9 
33 10  -1  3  0 -9 
33 11   1 -1  0 -9 
33 12   1  2  0 -9 
33 19  -1  0  0 -9 
33 21   1  1  0 -9 
33 22  -1  0  0 -9 
33 23   1 -1  0 -9 
33 30  -1  0  0 -9 
33 32   1 -1  0 -9 
33 33  -1 -2  0 -9 
34  0  -1  4  0 -9 
34 35   1  3  0 -9 
35  0  -1  5  0 -9 
35 34   1  3  0 -9 
36  0  -1  3  0 -9 
36 10  -1  3  0 -9 
36 11  -1  1  0 -9 
36 12   1  2  0 -9 
36 26   1  2  0 -9 
36 27  -1  1  0 -9 
36 34  -1  1  0 -9 
36 35   1  2  0 -9 
36 36   1  0  0 -9 
37  1  -1  0  0 -9 
37 10  -1  2  0 -9 
37 11  -1  0  0 -9 
37 12   1  1  0 -9 
37 26   1  1  0 -9 
37 27  -1  0  0 -9 
37 28   1 -1  0 -9 
37 34  -1  0  0 -9 
37 36   1 -1  0 -9 
37 37  -1 -2  0 -9 
38  0  -1  4  1  2  0 -9 
38  3  -1  1  0 -9 
38  4   1  2  0 -9 
38 18  -1  3  0 -9 
38 21   1  2  0 -9 
38 22  -1  1  0 -9 
38 30  -1  1  0 -9 
38 31   1  2  0 -9 
38 34   1  2  0 -9 
38 35  -1  1  0 -9 
38 38   1  0  0 -9 
39  0   1  1  0 -9 
39  3  -1  0  0 -9 
39 18  -1  2  0 -9 
39 21   1  1  0 -9 
39 22  -1  0  0 -9 
39 30  -1  0  0 -9 
39 31   1  1  0 -9 
39 32   1 -1  0 -9 
39 35  -1  0  0 -9 
39 38   1 -1  0 -9 
39 39  -1 -2  0 -9 
40 41   1  3  0 -9 
41 40   1  3  0 -9 
42 42  -1  6  0 -9 
43 42  -1  4  0 -9 
43 44   1  3  0 -9 
44 42  -1  5  0 -9 
44 43   1  3  0 -9 
45 42  -1  5  0 -9 
45 46   1  3  0 -9 
46 42  -1  4  0 -9 
46 45   1  3  0 -9 
47 40  -1  1  0 -9 
47 41   1  2  0 -9 
47 42  -1  3  0 -9 
47 43  -1  1  0 -9 
47 44   1  2  0 -9 
47 45   1  2  0 -9 
47 46  -1  1  0 -9 
47 47   1  0  0 -9 
48 42  -1  3  0 -9 
48 43  -1  1  0 -9 
48 44   1  2  0 -9 
48 45   1  2  0 -9 
48 46  -1  1  0 -9 
48 48   1  0  0 -9 
49 40  -1  0  0 -9 
49 42  -1  2  0 -9 
49 43  -1  0  0 -9 
49 44   1  1  0 -9 
49 45   1  1  0 -9 
49 46  -1  0  0 -9 
49 47   1 -1  0 -9 
49 48   1 -1  0 -9 
49 49  -1 -2  0 -9 
50 50  -1  6  0 -9 
51 50  -1  4  0 -9 
51 52   1  3  0 -9 
52 50  -1  5  0 -9 
52 51   1  3  0 -9 
53 50  -1  5  0 -9 
53 54   1  3  0 -9 
54 50  -1  4  0 -9 
54 53   1  3  0 -9 
55 50  -1  3  0 -9 
55 51  -1  1  0 -9 
55 52   1  2  0 -9 
55 53   1  2  0 -9 
55 54  -1  1  0 -9 
55 55   1  0  0 -9 
56 40   1  2  0 -9 
56 41  -1  1  0 -9 
56 50  -1  3  0 -9 
56 51  -1  1  0 -9 
56 52   1  2  0 -9 
56 53   1  2  0 -9 
56 54  -1  1  0 -9 
56 56   1  0  0 -9 
57 41  -1  0  0 -9 
57 50  -1  2  0 -9 
57 51  -1  0  0 -9 
57 52   1  1  0 -9 
57 53   1  1  0 -9 
57 54  -1  0  0 -9 
57 55   1 -1  0 -9 
57 56   1 -1  0 -9 
57 57  -1 -2  0 -9 
58 42  -1  5  0 -9 
58 59   1  3  0 -9 
59 42  -1  4  0 -9 
59 58   1  3  0 -9 
60 42  -1  3  0 -9 
60 43  -1  1  0 -9 
60 44   1  2  0 -9 
60 58   1  2  0 -9 
60 59  -1  1  0 -9 
60 60   1  0  0 -9 
61 43  -1  0  0 -9 
61 44   1  1  0 -9 
61 46  -1  0  0 -9 
61 48   1 -1  0 -9 
61 50  -1  3  0 -9 
61 53   1  2  0 -9 
61 54   1 -1  0 -9 
61 59  -1  0  0 -9 
61 60   1 -1  0 -9 
61 61  -1 -2  0 -9 
62  0  -1  4  0 -9 
62 50  -1  4  0 -9 
62 63   1  3  0 -9 
63  0  -1  5  0 -9 
63 50  -1  5  0 -9 
63 62   1  3  0 -9 
64  0  -1  3  0 -9 
64  3   1  2  0 -9 
64  4  -1  1  0 -9 
64 50  -1  3  0 -9 
64 53   1  2  0 -9 
64 54  -1  1  0 -9 
64 62  -1  1  0 -9 
64 63   1  2  0 -9 
64 64   1  0  0 -9 
65  1  -1  0  0 -9 
65  3   1  1  0 -9 
65  4  -1  0  0 -9 
65  5   1 -1  0 -9 
65 42  -1  3  0 -9 
65 43   1 -1  0 -9 
65 44   1  2  0 -9 
65 51  -1  0  0 -9 
65 53   1  1  0 -9 
65 54  -1  0  0 -9 
65 55   1 -1  0 -9 
65 62  -1  0  0 -9 
65 64   1 -1  0 -9 
65 65  -1 -2  0 -9 
66  0  -1  5  0 -9 
66 67   1  3  0 -9 
67  0  -1  4  0 -9 
67 66   1  3  0 -9 
68  0  -1  4  1  2  0 -9 
68  1   1  2  0 -9 
68  2  -1  1  0 -9 
68 42  -1  3  0 -9 
68 43  -1  1  0 -9 
68 44   1  2  0 -9 
68 58   1  2  0 -9 
68 59  -1  1  0 -9 
68 66  -1  1  0 -9 
68 67   1  2  0 -9 
68 68   1  0  0 -9 
69  0   1  1  0 -9 
69  2  -1  0  0 -9 
69 42  -1  2  0 -9 
69 43  -1  0  0 -9 
69 44   1  1  0 -9 
69 58   1  1  0 -9 
69 59  -1  0  0 -9 
69 60   1 -1  0 -9 
69 66  -1  0  0 -9 
69 68   1 -1  0 -9 
69 69  -1 -2  0 -9 
70  0  -1  3  0 -9 
70 50  -1  3  0 -9 
70 53   1  2  0 -9 
70 54  -1  1  0 -9 
70 62  -1  1  0 -9 
70 63   1  2  0 -9 
70 66   1  2  0 -9 
70 67  -1  1  0 -9 
70 70   1  0  0 -9 
71  4  -1  0  0 -9 
71 50  -1  2  0 -9 
71 53   1  1  0 -9 
71 54  -1  0  0 -9 
71 62  -1  0  0 -9 
71 63   1  1  0 -9 
71 64   1 -1  0 -9 
71 67  -1  0  0 -9 
71 70   1 -1  0 -9 
71 71  -1 -2  0 -9 
72 72  -1  6  0 -9 
73 72  -1  4  0 -9 
73 74   1  3  0 -9 
74 72  -1  5  0 -9 
74 73   1  3  0 -9 
75 72  -1  5  0 -9 
75 76   1  3  0 -9 
76 72  -1  4  0 -9 
76 75   1  3  0 -9 
77 72  -1  3  0 -9 
77 73  -1  1  0 -9 
77 74   1  2  0 -9 
77 75   1  2  0 -9 
77 76  -1  1  0 -9 
77 77   1  0  0 -9 
78  8   1  2  0 -9 
78  9  -1  1  0 -9 
78 72  -1  3  0 -9 
78 73  -1  1  0 -9 
78 74   1  2  0 -9 
78 75   1  2  0 -9 
78 76  -1  1  0 -9 
78 78   1  0  0 -9 
79  9  -1  0  0 -9 
79 72  -1  2  0 -9 
79 73  -1  0  0 -9 
79 74   1  1  0 -9 
79 75   1  1  0 -9 
79 76  -1  0  0 -9 
79 77   1 -1  0 -9 
79 78   1 -1  0 -9 
79 79  -1 -2  0 -9 
80 10  -1  5  0 -9 
80 81   1  3  0 -9 
81 10  -1  4  0 -9 
81 80   1  3  0 -9 
82 10  -1  3  0 -9 
82 11  -1  1  0 -9 
82 12   1  2  0 -9 
82 80   1  2  0 -9 
82 81  -1  1  0 -9 
82 82   1  0  0 -9 
83 11  -1  0  0 -9 
83 12   1  1  0 -9 
83 14  -1  0  0 -9 
83 16   1 -1  0 -9 
83 72  -1  3  0 -9 
83 75   1  2  0 -9 
83 76   1 -1  0 -9 
83 81  -1  0  0 -9 
83 82   1 -1  0 -9 
83 83  -1 -2  0 -9 
84 18  -1  5  0 -9 
84 85   1  3  0 -9 
85 18  -1  4  0 -9 
85 84   1  3  0 -9 
86 10  -1  3  0 -9 
86 11  -1  1  0 -9 
86 12   1  2  0 -9 
86 18  -1  4  1  2  0 -9 
86 19   1  2  0 -9 
86 20  -1  1  0 -9 
86 50  -1  3  0 -9 
86 51  -1  1  0 -9 
86 52   1  2  0 -9 
86 53   1  2  0 -9 
86 54  -1  1  0 -9 
86 80   1  2  0 -9 
86 81  -1  1  0 -9 
86 84  -1  1  0 -9 
86 85   1  2  0 -9 
86 86   1  0  0 -9 
87 10  -1  2  0 -9 
87 11  -1  0  0 -9 
87 12   1  1  0 -9 
87 18   1  1  0 -9 
87 20  -1  0  0 -9 
87 50  -1  2  0 -9 
87 51  -1  0  0 -9 
87 52   1  1  0 -9 
87 53   1  1  0 -9 
87 54  -1  0  0 -9 
87 55   1 -1  0 -9 
87 80   1  1  0 -9 
87 81  -1  0  0 -9 
87 82   1 -1  0 -9 
87 84  -1  0  0 -9 
87 86   1 -1  0 -9 
87 87  -1 -2  0 -9 
88 18  -1  3  0 -9 
88 30  -1  1  0 -9 
88 31   1  2  0 -9 
88 84   1  2  0 -9 
88 85  -1  1  0 -9 
88 88   1  0  0 -9 
89 22  -1  0  0 -9 
89 30  -1  0  0 -9 
89 31   1  1  0 -9 
89 32   1 -1  0 -9 
89 50  -1  3  0 -9 
89 53   1  2  0 -9 
89 54   1 -1  0 -9 
89 85  -1  0  0 -9 
89 88   1 -1  0 -9 
89 89  -1 -2  0 -9 
90  0  -1  3  0 -9 
90 34  -1  1  0 -9 
90 35   1  2  0 -9 
90 66   1  2  0 -9 
90 67  -1  1  0 -9 
90 90   1  0  0 -9 
91 11  -1  0  0 -9 
91 12   1  1  0 -9 
91 27  -1  0  0 -9 
91 34  -1  0  0 -9 
91 35   1  1  0 -9 
91 36   1 -1  0 -9 
91 42  -1  3  0 -9 
91 58   1  2  0 -9 
91 59   1 -1  0 -9 
91 67  -1  0  0 -9 
91 81  -1  0  0 -9 
91 82   1 -1  0 -9 
91 90   1 -1  0 -9 
91 91  -1 -2  0 -9 
92 92  -1  6  0 -9 
93 92  -1  4  0 -9 
93 94   1  3  0 -9 
94 92  -1  5  0 -9 
94 93   1  3  0 -9 
95 92  -1  5  0 -9 
95 96   1  3  0 -9 
96 92  -1  4  0 -9 
96 95   1  3  0 -9 
97 40  -1  1  0 -9 
97 41   1  2  0 -9 
97 92  -1  3  0 -9 
97 93  -1  1  0 -9 
97 94   1  2  0 -9 
97 95   1  2  0 -9 
97 96  -1  1  0 -9 
97 97   1  0  0 -9 
98 92  -1  3  0 -9 
98 93  -1  1  0 -9 
98 94   1  2  0 -9 
98 95   1  2  0 -9 
98 96  -1  1  0 -9 
98 98   1  0  0 -9 
99 40  -1  0  0 -9 
99 92  -1  2  0 -9 
99 93  -1  0  0 -9 
99 94   1  1  0 -9 
99 95   1  1  0 -9 
99 96  -1  0  0 -9 
99 97   1 -1  0 -9 
99 98   1 -1  0 -9 
99 99  -1 -2  0 -9 
100 50  -1  4  0 -9 
100 101   1  3  0 -9 
101 50  -1  5  0 -9 
101 100   1  3  0 -9 
102 50  -1  3  0 -9 
102 53   1  2  0 -9 
102 54  -1  1  0 -9 
102 100  -1  1  0 -9 
102 101   1  2  0 -9 
102 102   1  0  0 -9 
103 51  -1  0  0 -9 
103 53   1  1  0 -9 
103 54  -1  0  0 -9 
103 55   1 -1  0 -9 
103 92  -1  3  0 -9 
103 93   1 -1  0 -9 
103 94   1  2  0 -9 
103 100  -1  0  0 -9 
103 102   1 -1  0 -9 
103 103  -1 -2  0 -9 
104 42  -1  4  0 -9 
104 105   1  3  0 -9 
105 42  -1  5  0 -9 
105 104   1  3  0 -9 
106 42  -1  3  0 -9 
106 58   1  2  0 -9 
106 59  -1  1  0 -9 
106 104  -1  1  0 -9 
106 105   1  2  0 -9 
106 106   1  0  0 -9 
107 10  -1  3  0 -9 
107 11   1 -1  0 -9 
107 12   1  2  0 -9 
107 43  -1  0  0 -9 
107 58   1  1  0 -9 
107 59  -1  0  0 -9 
107 60   1 -1  0 -9 
107 104  -1  0  0 -9 
107 106   1 -1  0 -9 
107 107  -1 -2  0 -9 
108 10  -1  3  0 -9 
108 11  -1  1  0 -9 
108 12   1  2  0 -9 
108 13   1  2  0 -9 
108 14  -1  1  0 -9 
108 42  -1  4  1  2  0 -9 
108 45  -1  1  0 -9 
108 46   1  2  0 -9 
108 50  -1  3  0 -9 
108 53   1  2  0 -9 
108 54  -1  1  0 -9 
108 100  -1  1  0 -9 
108 101   1  2  0 -9 
108 104   1  2  0 -9 
108 105  -1  1  0 -9 
108 108   1  0  0 -9 
109 10  -1  2  0 -9 
109 11  -1  0  0 -9 
109 12   1  1  0 -9 
109 13   1  1  0 -9 
109 14  -1  0  0 -9 
109 16   1 -1  0 -9 
109 42   1  1  0 -9 
109 45  -1  0  0 -9 
109 50  -1  2  0 -9 
109 53   1  1  0 -9 
109 54  -1  0  0 -9 
109 100  -1  0  0 -9 
109 101   1  1  0 -9 
109 102   1 -1  0 -9 
109 105  -1  0  0 -9 
109 108   1 -1  0 -9 
109 109  -1 -2  0 -9 
110  0  -1  3  0 -9 
110 34  -1  1  0 -9 
110 35   1  2  0 -9 
110 66   1  2  0 -9 
110 67  -1  1  0 -9 
110 110   1  0  0 -9 
111 18  -1  3  0 -9 
111 30   1 -1  0 -9 
111 31   1  2  0 -9 
111 34  -1  0  0 -9 
111 53   1  1  0 -9 
111 54  -1  0  0 -9 
111 62  -1  0  0 -9 
111 66   1  1  0 -9 
111 67  -1  0  0 -9 
111 70   1 -1  0 -9 
111 100  -1  0  0 -9 
111 102   1 -1  0 -9 
111 110   1 -1  0 -9 
111 111  -1 -2  0 -9 
112 112  -1  6  0 -9 
113 112  -1  4  0 -9 
113 114   1  3  0 -9 
114 112  -1  5  0 -9 
114 113   1  3  0 -9 
115 112  -1  5  0 -9 
115 116   1  3  0 -9 
116 112  -1  4  0 -9 
116 115   1  3  0 -9 
117 112  -1  3  0 -9 
117 113  -1  1  0 -9 
117 114   1  2  0 -9 
117 115   1  2  0 -9 
117 116  -1  1  0 -9 
117 117   1  0  0 -9 
118 112  -1  3  0 -9 
118 113  -1  1  0 -9 
118 114   1  2  0 -9 
118 115   1  2  0 -9 
118 116  -1  1  0 -9 
118 118   1  0  0 -9 
119 112  -1  2  0 -9 
119 113  -1  0  0 -9 
119 114   1  1  0 -9 
119 115   1  1  0 -9 
119 116  -1  0  0 -9 
119 117   1 -1  0 -9 
119 118   1 -1  0 -9 
119 119  -1 -2  0 -9 
120 72  -1  4  0 -9 
120 121   1  3  0 -9 
121 72  -1  5  0 -9 
121 120   1  3  0 -9 
122 72  -1  3  0 -9 
122 75   1  2  0 -9 
122 76  -1  1  0 -9 
122 120  -1  1  0 -9 
122 121   1  2  0 -9 
122 122   1  0  0 -9 
123 10  -1  3  0 -9 
123 11   1 -1  0 -9 
123 12   1  2  0 -9 
123 73  -1  0  0 -9 
123 75   1  1  0 -9 
123 76  -1  0  0 -9 
123 77   1 -1  0 -9 
123 112  -1  3  0 -9 
123 113   1 -1  0 -9 
123 114   1  2  0 -9 
123 120  -1  0  0 -9 
123 122   1 -1  0 -9 
123 123  -1 -2  0 -9 
124 125   1  3  0 -9 
125 124   1  3  0 -9 
126 10  -1  3  0 -9 
126 11  -1  1  0 -9 
126 12   1  2  0 -9 
126 80   1  2  0 -9 
126 81  -1  1  0 -9 
126 124  -1  1  0 -9 
126 125   1  2  0 -9 
126 126   1  0  0 -9 
127 10  -1  2  0 -9 
127 11  -1  0  0 -9 
127 12   1  1  0 -9 
127 80   1  1  0 -9 
127 81  -1  0  0 -9 
127 82   1 -1  0 -9 
127 124  -1  0  0 -9 
127 126   1 -1  0 -9 
127 127  -1 -2  0 -9 
128 72  -1  3  0 -9 
128 75   1  2  0 -9 
128 76  -1  1  0 -9 
128 120  -1  1  0 -9 
128 121   1  2  0 -9 
128 124   1  2  0 -9 
128 125  -1  1  0 -9 
128 128   1  0  0 -9 
129 72  -1  2  0 -9 
129 75   1  1  0 -9 
129 76  -1  0  0 -9 
129 120  -1  0  0 -9 
129 121   1  1  0 -9 
129 122   1 -1  0 -9 
129 125  -1  0  0 -9 
129 128   1 -1  0 -9 
129 129  -1 -2  0 -9 
130 92  -1  5  0 -9 
130 131   1  3  0 -9 
131 92  -1  4  0 -9 
131 130   1  3  0 -9 
132 92  -1  3  0 -9 
132 93  -1  1  0 -9 
132 94   1  2  0 -9 
132 130   1  2  0 -9 
132 131  -1  1  0 -9 
132 132   1  0  0 -9 
133 50  -1  3  0 -9 
133 53   1  2  0 -9 
133 54   1 -1  0 -9 
133 93  -1  0  0 -9 
133 94   1  1  0 -9 
133 96  -1  0  0 -9 
133 98   1 -1  0 -9 
133 112  -1  3  0 -9 
133 115   1  2  0 -9 
133 116   1 -1  0 -9 
133 131  -1  0  0 -9 
133 132   1 -1  0 -9 
133 133  -1 -2  0 -9 
134 135   1  3  0 -9 
135 134   1  3  0 -9 
136 92  -1  3  0 -9 
136 93  -1  1  0 -9 
136 94   1  2  0 -9 
136 130   1  2  0 -9 
136 131  -1  1  0 -9 
136 134  -1  1  0 -9 
136 135   1  2  0 -9 
136 136   1  0  0 -9 
137 92  -1  2  0 -9 
137 93  -1  0  0 -9 
137 94   1  1  0 -9 
137 130   1  1  0 -9 
137 131  -1  0  0 -9 
137 132   1 -1  0 -9 
137 134  -1  0  0 -9 
137 136   1 -1  0 -9 
137 137  -1 -2  0 -9 
138 50  -1  3  0 -9 
138 53   1  2  0 -9 
138 54  -1  1  0 -9 
138 100  -1  1  0 -9 
138 101   1  2  0 -9 
138 134   1  2  0 -9 
138 135  -1  1  0 -9 
138 138   1  0  0 -9 
139 50  -1  2  0 -9 
139 53   1  1  0 -9 
139 54  -1  0  0 -9 
139 100  -1  0  0 -9 
139 101   1  1  0 -9 
139 102   1 -1  0 -9 
139 135  -1  0  0 -9 
139 138   1 -1  0 -9 
139 139  -1 -2  0 -9 
140 42  -1  3  0 -9 
140 58   1  2  0 -9 
140 59  -1  1  0 -9 
140 104  -1  1  0 -9 
140 105   1  2  0 -9 
140 124   1  2  0 -9 
140 125  -1  1  0 -9 
140 140   1  0  0 -9 
141 42  -1  2  0 -9 
141 58   1  1  0 -9 
141 59  -1  0  0 -9 
141 104  -1  0  0 -9 
141 105   1  1  0 -9 
141 106   1 -1  0 -9 
141 125  -1  0  0 -9 
141 140   1 -1  0 -9 
141 141  -1 -2  0 -9 
142 18  -1  3  0 -9 
142 30  -1  1  0 -9 
142 31   1  2  0 -9 
142 84   1  2  0 -9 
142 85  -1  1  0 -9 
142 134  -1  1  0 -9 
142 135   1  2  0 -9 
142 142   1  0  0 -9 
143 18  -1  2  0 -9 
143 30  -1  0  0 -9 
143 31   1  1  0 -9 
143 84   1  1  0 -9 
143 85  -1  0  0 -9 
143 88   1 -1  0 -9 
143 134  -1  0  0 -9 
143 142   1 -1  0 -9 
143 143  -1 -2  0 -9 
144  0  -1  2  0 -9 
144 34  -1  0  0 -9 
144 35   1  1  0 -9 
144 66   1  1  0 -9 
144 67  -1  0  0 -9 
144 90   1 -1  0 -9 
144 110   1 -1  0 -9 
144 144  -1 -2  0 -9 
9999 9999
