 0  0   1  8  0 -9 
 1  1   1  8  0 -9 
 2  0   1  7  0 -9 
 2  1   1  7  0 -9 
 2  2  -1  6  0 -9 
 3  3   1  8  0 -9 
 4  3   1  7  0 -9 
 4  4  -1  6  0 -9 
 5  5   1  8  0 -9 
 6  5   1  7  0 -9 
 6  6  -1  6  0 -9 
 7  7   1  8  0 -9 
 8  7   1  7  0 -9 
 8  8  -1  6  0 -9 
 9  5   1  6  0 -9 
 9  6  -1  5  0 -9 
 9  8  -1  4  0 -9 
 9 10   1  3  0 -9 
10  6  -1  4  0 -9 
10  7   1  6  0 -9 
10  8  -1  5  0 -9 
10  9   1  3  0 -9 
11 11   1  8  0 -9 
12  7   1  7  0 -9 
12 11   1  7  0 -9 
12 12  -1  6  0 -9 
13  7   1  6  0 -9 
13  8  -1  5  0 -9 
13 11   1  6  0 -9 
13 12  -1  5  0 -9 
13 14   1  3  0 -9 
14  7   1  5  0 -9 
14  8  -1  4  0 -9 
14 12  -1  4  0 -9 
14 13   1  3  0 -9 
15 15   1  8  0 -9 
16 16   1  8  0 -9 
17 16   1  7  0 -9 
17 17  -1  6  0 -9 
18 18   1  8  0 -9 
19 18   1  7  0 -9 
19 19  -1  6  0 -9 
20 20   1  8  0 -9 
21 20   1  7  0 -9 
21 21  -1  6  0 -9 
22 22   1  8  0 -9 
23 22   1  7  0 -9 
23 23  -1  6  0 -9 
24 17  -1  4  0 -9 
24 20   1  6  0 -9 
24 21  -1  5  0 -9 
24 23  -1  4  0 -9 
24 25   1  3  0 -9 
25 16   1  6  0 -9 
25 17  -1  5  0 -9 
25 21  -1  4  0 -9 
25 22   1  6  0 -9 
25 23  -1  5  0 -9 
25 24   1  3  0 -9 
26 26   1  8  0 -9 
27  1   1  7  0 -9 
27 22   1  7  0 -9 
27 26   1  7  0 -9 
27 27  -1  6  0 -9 
28  1   1  6  0 -9 
28 22   1  6  0 -9 
28 23  -1  5  0 -9 
28 26   1  6  0 -9 
28 27  -1  5  0 -9 
28 29   1  3  0 -9 
29 22   1  5  0 -9 
29 23  -1  4  0 -9 
29 27  -1  4  0 -9 
29 28   1  3  0 -9 
30 30   1  8  0 -9 
31 30   1  7  0 -9 
31 31  -1  6  0 -9 
32 32   1  8  0 -9 
33 32   1  7  0 -9 
33 33  -1  6  0 -9 
34 18   1  6  0 -9 
34 19  -1  5  0 -9 
34 30   1  6  0 -9 
34 31  -1  5  0 -9 
34 33  -1  4  0 -9 
34 35   1  3  0 -9 
35 19  -1  4  0 -9 
35 31  -1  4  0 -9 
35 32   1  6  0 -9 
35 33  -1  5  0 -9 
35 34   1  3  0 -9 
36 36   1  8  0 -9 
37 30   1  7  0 -9 
37 36   1  7  0 -9 
37 37  -1  6  0 -9 
38 30   1  5  0 -9 
38 31  -1  4  0 -9 
38 37  -1  4  0 -9 
38 39   1  3  0 -9 
39 30   1  6  0 -9 
39 31  -1  5  0 -9 
39 36   1  6  0 -9 
39 37  -1  5  0 -9 
39 38   1  3  0 -9 
40 40   1  8  0 -9 
41 40   1  7  0 -9 
41 41  -1  6  0 -9 
42 40   1  7  0 -9 
42 42  -1  6  0 -9 
43 26   1  7  0 -9 
43 40   1  6  0 -9 
43 41  -1  5  0 -9 
43 42  -1  5  0 -9 
43 44   1  3  0 -9 
44 26  -1  4  0 -9 
44 40   1  5  0 -9 
44 41  -1  4  0 -9 
44 42  -1  4  0 -9 
44 43   1  3  0 -9 
45 36  -1  4  0 -9 
45 40   1  5  0 -9 
45 41  -1  4  0 -9 
45 42  -1  4  0 -9 
45 46   1  3  0 -9 
46 36   1  7  0 -9 
46 40   1  6  0 -9 
46 41  -1  5  0 -9 
46 42  -1  5  0 -9 
46 45   1  3  0 -9 
47 26  -1  3  0 -9 
47 36  -1  3  0 -9 
47 40   1  4  0 -9 
47 41  -1  3  0 -9 
47 42  -1  3  0 -9 
47 43   1  2  0 -9 
47 44  -1  1  0 -9 
47 45  -1  1  0 -9 
47 46   1  2  0 -9 
47 47   1  0  0 -9 
48 48   1  8  0 -9 
49 49   1  8  0 -9 
50 49   1  7  0 -9 
50 50  -1  6  0 -9 
51 51   1  8  0 -9 
52 51   1  7  0 -9 
52 52  -1  6  0 -9 
53 53   1  8  0 -9 
54 53   1  7  0 -9 
54 54  -1  6  0 -9 
55 55   1  8  0 -9 
56 55   1  7  0 -9 
56 56  -1  6  0 -9 
57 50  -1  4  0 -9 
57 53   1  6  0 -9 
57 54  -1  5  0 -9 
57 56  -1  4  0 -9 
57 58   1  3  0 -9 
58 49   1  6  0 -9 
58 50  -1  5  0 -9 
58 54  -1  4  0 -9 
58 55   1  6  0 -9 
58 56  -1  5  0 -9 
58 57   1  3  0 -9 
59 59   1  8  0 -9 
60 55   1  7  0 -9 
60 59   1  7  0 -9 
60 60  -1  6  0 -9 
61 55   1  6  0 -9 
61 56  -1  5  0 -9 
61 59   1  6  0 -9 
61 60  -1  5  0 -9 
61 62   1  3  0 -9 
62 55   1  5  0 -9 
62 56  -1  4  0 -9 
62 60  -1  4  0 -9 
62 61   1  3  0 -9 
63 63   1  8  0 -9 
64 63   1  7  0 -9 
64 64  -1  6  0 -9 
65 65   1  8  0 -9 
66 65   1  7  0 -9 
66 66  -1  6  0 -9 
67 63   1  6  0 -9 
67 64  -1  5  0 -9 
67 66  -1  4  0 -9 
67 68   1  3  0 -9 
68 64  -1  4  0 -9 
68 65   1  6  0 -9 
68 66  -1  5  0 -9 
68 67   1  3  0 -9 
69 69   1  8  0 -9 
70 69   1  7  0 -9 
70 70  -1  6  0 -9 
71 30   1  6  0 -9 
71 31  -1  5  0 -9 
71 70  -1  4  0 -9 
71 72   1  3  0 -9 
72 31  -1  4  0 -9 
72 69   1  6  0 -9 
72 70  -1  5  0 -9 
72 71   1  3  0 -9 
73 36   1  7  0 -9 
73 73  -1  6  0 -9 
74 31  -1  3  0 -9 
74 36  -1  4  0 -9 
74 38  -1  1  0 -9 
74 39   1  2  0 -9 
74 69   1  5  0 -9 
74 70  -1  4  0 -9 
74 71   1  2  0 -9 
74 72  -1  1  0 -9 
74 73   1  3  0 -9 
74 74   1  0  0 -9 
75 75   1  8  0 -9 
76 75   1  7  0 -9 
76 76  -1  6  0 -9 
77 26   1  7  0 -9 
77 75   1  7  0 -9 
77 77  -1  6  0 -9 
78 26   1  6  0 -9 
78 75   1  6  0 -9 
78 76  -1  5  0 -9 
78 77  -1  5  0 -9 
78 79   1  3  0 -9 
79 75   1  5  0 -9 
79 76  -1  4  0 -9 
79 77  -1  4  0 -9 
79 78   1  3  0 -9 
80 40   1  6  0 -9 
80 42  -1  5  0 -9 
80 73  -1  4  0 -9 
80 76  -1  4  0 -9 
80 81   1  3  0 -9 
81 36   1  6  0 -9 
81 42  -1  4  0 -9 
81 73  -1  5  0 -9 
81 75   1  6  0 -9 
81 76  -1  5  0 -9 
81 80   1  3  0 -9 
82 36  -1  3  0 -9 
82 42  -1  3  0 -9 
82 45  -1  1  0 -9 
82 46   1  2  0 -9 
82 73   1  2  0 -9 
82 75   1  5  0 -9 
82 76  -1  4  0 -9 
82 80   1  2  0 -9 
82 81  -1  1  0 -9 
82 82   1  0  0 -9 
83 36  -1  2  0 -9 
83 44  -1  0  0 -9 
83 45  -1  0  0 -9 
83 46   1  1  0 -9 
83 47   1 -1  0 -9 
83 73   1  1  0 -9 
83 75   1  4  0 -9 
83 76  -1  3  0 -9 
83 77  -1  3  0 -9 
83 78   1  2  0 -9 
83 79   1 -1  0 -9 
83 81  -1  0  0 -9 
83 82   1 -1  0 -9 
83 83  -1 -2  0 -9 
84 84   1  8  0 -9 
85 85   1  8  0 -9 
86 84   1  7  0 -9 
86 85   1  7  0 -9 
86 86  -1  6  0 -9 
87 87   1  8  0 -9 
88 87   1  7  0 -9 
88 88  -1  6  0 -9 
89 89   1  8  0 -9 
90 89   1  7  0 -9 
90 90  -1  6  0 -9 
91 51   1  6  0 -9 
91 52  -1  5  0 -9 
91 87   1  6  0 -9 
91 88  -1  5  0 -9 
91 90  -1  4  0 -9 
91 92   1  3  0 -9 
92 52  -1  4  0 -9 
92 88  -1  4  0 -9 
92 89   1  6  0 -9 
92 90  -1  5  0 -9 
92 91   1  3  0 -9 
93 93   1  8  0 -9 
94 85   1  7  0 -9 
94 87   1  7  0 -9 
94 93   1  7  0 -9 
94 94  -1  6  0 -9 
95 87   1  5  0 -9 
95 88  -1  4  0 -9 
95 94  -1  4  0 -9 
95 96   1  3  0 -9 
96 85   1  6  0 -9 
96 87   1  6  0 -9 
96 88  -1  5  0 -9 
96 93   1  6  0 -9 
96 94  -1  5  0 -9 
96 95   1  3  0 -9 
97 97   1  8  0 -9 
98 97   1  7  0 -9 
98 98  -1  6  0 -9 
99 97   1  7  0 -9 
99 99  -1  6  0 -9 
100 59   1  7  0 -9 
100 97   1  6  0 -9 
100 98  -1  5  0 -9 
100 99  -1  5  0 -9 
100 101   1  3  0 -9 
101 59  -1  4  0 -9 
101 97   1  5  0 -9 
101 98  -1  4  0 -9 
101 99  -1  4  0 -9 
101 100   1  3  0 -9 
102 93  -1  4  0 -9 
102 97   1  5  0 -9 
102 98  -1  4  0 -9 
102 99  -1  4  0 -9 
102 103   1  3  0 -9 
103 93   1  7  0 -9 
103 97   1  6  0 -9 
103 98  -1  5  0 -9 
103 99  -1  5  0 -9 
103 102   1  3  0 -9 
104 59  -1  3  0 -9 
104 93  -1  3  0 -9 
104 97   1  4  0 -9 
104 98  -1  3  0 -9 
104 99  -1  3  0 -9 
104 100   1  2  0 -9 
104 101  -1  1  0 -9 
104 102  -1  1  0 -9 
104 103   1  2  0 -9 
104 104   1  0  0 -9 
105 105   1  8  0 -9 
106 105   1  7  0 -9 
106 106  -1  6  0 -9 
107 85   1  7  0 -9 
107 107  -1  6  0 -9 
108 108   1  8  0 -9 
109 108   1  7  0 -9 
109 109  -1  6  0 -9 
110 110   1  8  0 -9 
111 110   1  7  0 -9 
111 111  -1  6  0 -9 
112 108   1  6  0 -9 
112 109  -1  5  0 -9 
112 111  -1  4  0 -9 
112 113   1  3  0 -9 
113 109  -1  4  0 -9 
113 110   1  6  0 -9 
113 111  -1  5  0 -9 
113 112   1  3  0 -9 
114 114   1  8  0 -9 
115 114   1  7  0 -9 
115 115  -1  6  0 -9 
116 87   1  6  0 -9 
116 88  -1  5  0 -9 
116 115  -1  4  0 -9 
116 117   1  3  0 -9 
117 88  -1  4  0 -9 
117 114   1  6  0 -9 
117 115  -1  5  0 -9 
117 116   1  3  0 -9 
118 93   1  7  0 -9 
118 118  -1  6  0 -9 
119 85  -1  4  0 -9 
119 88  -1  3  0 -9 
119 93  -1  4  0 -9 
119 95  -1  1  0 -9 
119 96   1  2  0 -9 
119 107   1  3  0 -9 
119 114   1  5  0 -9 
119 115  -1  4  0 -9 
119 116   1  2  0 -9 
119 117  -1  1  0 -9 
119 118   1  3  0 -9 
119 119   1  0  0 -9 
120 120   1  8  0 -9 
121 120   1  7  0 -9 
121 121  -1  6  0 -9 
122 120   1  7  0 -9 
122 122  -1  6  0 -9 
123 120   1  6  0 -9 
123 121  -1  5  0 -9 
123 122  -1  5  0 -9 
123 124   1  3  0 -9 
124 120   1  5  0 -9 
124 121  -1  4  0 -9 
124 122  -1  4  0 -9 
124 123   1  3  0 -9 
125 56  -1  4  0 -9 
125 97   1  6  0 -9 
125 99  -1  5  0 -9 
125 118  -1  4  0 -9 
125 121  -1  4  0 -9 
125 126   1  3  0 -9 
126 55   1  6  0 -9 
126 56  -1  5  0 -9 
126 93   1  6  0 -9 
126 99  -1  4  0 -9 
126 118  -1  5  0 -9 
126 120   1  6  0 -9 
126 121  -1  5  0 -9 
126 125   1  3  0 -9 
127 55   1  5  0 -9 
127 56  -1  4  0 -9 
127 93  -1  3  0 -9 
127 99  -1  3  0 -9 
127 102  -1  1  0 -9 
127 103   1  2  0 -9 
127 118   1  2  0 -9 
127 120   1  5  0 -9 
127 121  -1  4  0 -9 
127 125   1  2  0 -9 
127 126  -1  1  0 -9 
127 127   1  0  0 -9 
128 55   1  4  0 -9 
128 56  -1  3  0 -9 
128 60  -1  3  0 -9 
128 61   1  2  0 -9 
128 62   1 -1  0 -9 
128 93  -1  2  0 -9 
128 101  -1  0  0 -9 
128 102  -1  0  0 -9 
128 103   1  1  0 -9 
128 104   1 -1  0 -9 
128 118   1  1  0 -9 
128 120   1  4  0 -9 
128 121  -1  3  0 -9 
128 122  -1  3  0 -9 
128 123   1  2  0 -9 
128 124   1 -1  0 -9 
128 126  -1  0  0 -9 
128 127   1 -1  0 -9 
128 128  -1 -2  0 -9 
129 129   1  8  0 -9 
130 108   1  7  0 -9 
130 129   1  7  0 -9 
130 130  -1  6  0 -9 
131 108   1  5  0 -9 
131 109  -1  4  0 -9 
131 130  -1  4  0 -9 
131 132   1  3  0 -9 
132 108   1  6  0 -9 
132 109  -1  5  0 -9 
132 129   1  6  0 -9 
132 130  -1  5  0 -9 
132 131   1  3  0 -9 
133 133   1  8  0 -9 
134 133   1  7  0 -9 
134 134  -1  6  0 -9 
135 134  -1  4  0 -9 
135 136   1  3  0 -9 
136 133   1  6  0 -9 
136 134  -1  5  0 -9 
136 135   1  3  0 -9 
137 129   1  7  0 -9 
137 137  -1  6  0 -9 
138 109  -1  3  0 -9 
138 110   1  5  0 -9 
138 111  -1  4  0 -9 
138 112   1  2  0 -9 
138 113  -1  1  0 -9 
138 129  -1  4  0 -9 
138 131  -1  1  0 -9 
138 132   1  2  0 -9 
138 133   1  5  0 -9 
138 134  -1  4  0 -9 
138 135   1  2  0 -9 
138 136  -1  1  0 -9 
138 137   1  3  0 -9 
138 138   1  0  0 -9 
139 139   1  8  0 -9 
140 120   1  5  0 -9 
140 121  -1  4  0 -9 
140 122  -1  4  0 -9 
140 139  -1  4  0 -9 
140 141   1  3  0 -9 
141 120   1  6  0 -9 
141 121  -1  5  0 -9 
141 122  -1  5  0 -9 
141 139   1  7  0 -9 
141 140   1  3  0 -9 
142 120   1  4  0 -9 
142 121  -1  3  0 -9 
142 122  -1  3  0 -9 
142 123   1  2  0 -9 
142 124  -1  1  0 -9 
142 139  -1  3  0 -9 
142 140  -1  1  0 -9 
142 141   1  2  0 -9 
142 142   1  0  0 -9 
143 139   1  7  0 -9 
143 143  -1  6  0 -9 
144 143  -1  4  0 -9 
144 145   1  3  0 -9 
145 139   1  6  0 -9 
145 143  -1  5  0 -9 
145 144   1  3  0 -9 
146 120   1  6  1  4  0 -9 
146 121  -1  5 -1  3 -1  1  0 -9 
146 122  -1  3  0 -9 
146 123   1  2  0 -9 
146 124  -1  1  0 -9 
146 139  -1  3  0 -9 
146 140  -1  1  0 -9 
146 141   1  2  0 -9 
146 143   1  2  0 -9 
146 144   1  2  0 -9 
146 145  -1  1  0 -9 
146 146   1  0  0 -9 
147 120   1  3  0 -9 
147 121  -1  2 -1  0  0 -9 
147 122  -1  2  0 -9 
147 123   1  1  0 -9 
147 124  -1  0  0 -9 
147 139  -1  2  0 -9 
147 140  -1  0  0 -9 
147 141   1  1  0 -9 
147 142   1 -1  0 -9 
147 143   1  1  0 -9 
147 145  -1  0  0 -9 
147 146   1 -1  0 -9 
147 147  -1 -2  0 -9 
148 148   1  8  0 -9 
149 15   1  7  0 -9 
149 148   1  7  0 -9 
149 149  -1  6  0 -9 
150 150   1  8  0 -9 
151 16   1  7  0 -9 
151 150   1  7  0 -9 
151 151  -1  6  0 -9 
152 152   1  8  0 -9 
153 152   1  7  0 -9 
153 153  -1  6  0 -9 
154 16   1  6  0 -9 
154 17  -1  5  0 -9 
154 150   1  6  0 -9 
154 151  -1  5  0 -9 
154 153  -1  4  0 -9 
154 155   1  3  0 -9 
155 16   1  5  0 -9 
155 17  -1  4  0 -9 
155 151  -1  4  0 -9 
155 152   1  6  0 -9 
155 153  -1  5  0 -9 
155 154   1  3  0 -9 
156 156   1  8  0 -9 
157 32   1  7  0 -9 
157 148   1  7  0 -9 
157 152   1  7  0 -9 
157 156   1  7  0 -9 
157 157  -1  6  0 -9 
158 32   1  6  0 -9 
158 33  -1  5  0 -9 
158 148   1  6  0 -9 
158 152   1  6  0 -9 
158 153  -1  5  0 -9 
158 156   1  6  0 -9 
158 157  -1  5  0 -9 
158 159   1  3  0 -9 
159 32   1  5  0 -9 
159 33  -1  4  0 -9 
159 152   1  5  0 -9 
159 153  -1  4  0 -9 
159 157  -1  4  0 -9 
159 158   1  3  0 -9 
160 160   1  8  0 -9 
161 160   1  7  0 -9 
161 161  -1  6  0 -9 
162 36   1  7  0 -9 
162 160   1  7  0 -9 
162 162  -1  6  0 -9 
163 30   1  6  0 -9 
163 31  -1  5  0 -9 
163 36   1  6  0 -9 
163 37  -1  5  0 -9 
163 156   1  7  0 -9 
163 160   1  6  0 -9 
163 161  -1  5  0 -9 
163 162  -1  5  0 -9 
163 164   1  3  0 -9 
164 30   1  5  0 -9 
164 31  -1  4  0 -9 
164 36   1  5  0 -9 
164 37  -1  4  0 -9 
164 156  -1  4  0 -9 
164 160   1  5  0 -9 
164 161  -1  4  0 -9 
164 162  -1  4  0 -9 
164 163   1  3  0 -9 
165 160   1  5  0 -9 
165 161  -1  4  0 -9 
165 162  -1  4  0 -9 
165 166   1  3  0 -9 
166 36   1  6  0 -9 
166 160   1  6  0 -9 
166 161  -1  5  0 -9 
166 162  -1  5  0 -9 
166 165   1  3  0 -9 
167 30   1  4  0 -9 
167 31  -1  3  0 -9 
167 37  -1  3  0 -9 
167 38  -1  1  0 -9 
167 39   1  2  0 -9 
167 156  -1  3  0 -9 
167 160   1  4  0 -9 
167 161  -1  3  0 -9 
167 162  -1  3  0 -9 
167 163   1  2  0 -9 
167 164  -1  1  0 -9 
167 165  -1  1  0 -9 
167 166   1  2  0 -9 
167 167   1  0  0 -9 
168 168   1  8  0 -9 
169 48   1  7  0 -9 
169 168   1  7  0 -9 
169 169  -1  6  0 -9 
170 170   1  8  0 -9 
171 49   1  7  0 -9 
171 170   1  7  0 -9 
171 171  -1  6  0 -9 
172 172   1  8  0 -9 
173 172   1  7  0 -9 
173 173  -1  6  0 -9 
174 49   1  6  0 -9 
174 50  -1  5  0 -9 
174 170   1  6  0 -9 
174 171  -1  5  0 -9 
174 173  -1  4  0 -9 
174 175   1  3  0 -9 
175 49   1  5  0 -9 
175 50  -1  4  0 -9 
175 171  -1  4  0 -9 
175 172   1  6  0 -9 
175 173  -1  5  0 -9 
175 174   1  3  0 -9 
176 176   1  8  0 -9 
177 65   1  7  0 -9 
177 172   1  7  0 -9 
177 176   1  7  0 -9 
177 177  -1  6  0 -9 
178 65   1  6  0 -9 
178 66  -1  5  0 -9 
178 172   1  6  0 -9 
178 173  -1  5  0 -9 
178 176   1  6  0 -9 
178 177  -1  5  0 -9 
178 179   1  3  0 -9 
179 65   1  5  0 -9 
179 66  -1  4  0 -9 
179 172   1  5  0 -9 
179 173  -1  4  0 -9 
179 177  -1  4  0 -9 
179 178   1  3  0 -9 
180 180   1  8  0 -9 
181 180   1  7  0 -9 
181 181  -1  6  0 -9 
182 69   1  7  0 -9 
182 156   1  7  0 -9 
182 180   1  7  0 -9 
182 182  -1  6  0 -9 
183 69   1  6  0 -9 
183 70  -1  5  0 -9 
183 156   1  6  0 -9 
183 180   1  6  0 -9 
183 181  -1  5  0 -9 
183 182  -1  5  0 -9 
183 184   1  3  0 -9 
184 69   1  5  0 -9 
184 70  -1  4  0 -9 
184 180   1  5  0 -9 
184 181  -1  4  0 -9 
184 182  -1  4  0 -9 
184 183   1  3  0 -9 
185 36   1  6  0 -9 
185 73  -1  5  0 -9 
185 160   1  6  0 -9 
185 162  -1  5  0 -9 
185 181  -1  4  0 -9 
185 186   1  3  0 -9 
186 36   1  5  0 -9 
186 73  -1  4  0 -9 
186 162  -1  4  0 -9 
186 180   1  6  0 -9 
186 181  -1  5  0 -9 
186 185   1  3  0 -9 
187 162  -1  3  0 -9 
187 165  -1  1  0 -9 
187 166   1  2  0 -9 
187 180   1  5  0 -9 
187 181  -1  4  0 -9 
187 185   1  2  0 -9 
187 186  -1  1  0 -9 
187 187   1  0  0 -9 
188 36  -1  3  0 -9 
188 38  -1  0  0 -9 
188 39   1  1  0 -9 
188 69   1  4  0 -9 
188 70  -1  3  0 -9 
188 72  -1  0  0 -9 
188 73   1  2  0 -9 
188 74   1 -1  0 -9 
188 164  -1  0  0 -9 
188 165  -1  0  0 -9 
188 166   1  1  0 -9 
188 167   1 -1  0 -9 
188 180   1  4  0 -9 
188 181  -1  3  0 -9 
188 182  -1  3  0 -9 
188 183   1  2  0 -9 
188 184   1 -1  0 -9 
188 186  -1  0  0 -9 
188 187   1 -1  0 -9 
188 188  -1 -2  0 -9 
189 189   1  8  0 -9 
190 84   1  7  0 -9 
190 189   1  7  0 -9 
190 190  -1  6  0 -9 
191 191   1  8  0 -9 
192 85   1  7  0 -9 
192 191   1  7  0 -9 
192 192  -1  6  0 -9 
193 193   1  8  0 -9 
194 193   1  7  0 -9 
194 194  -1  6  0 -9 
195 84   1  6  0 -9 
195 85   1  6  0 -9 
195 86  -1  5  0 -9 
195 189   1  6  0 -9 
195 190  -1  5  0 -9 
195 191   1  6  0 -9 
195 192  -1  5  0 -9 
195 194  -1  4  0 -9 
195 196   1  3  0 -9 
196 84   1  5  0 -9 
196 85   1  5  0 -9 
196 86  -1  4  0 -9 
196 190  -1  4  0 -9 
196 192  -1  4  0 -9 
196 193   1  6  0 -9 
196 194  -1  5  0 -9 
196 195   1  3  0 -9 
197 197   1  8  0 -9 
198 191   1  7  0 -9 
198 197   1  7  0 -9 
198 198  -1  6  0 -9 
199 191   1  5  0 -9 
199 192  -1  4  0 -9 
199 198  -1  4  0 -9 
199 200   1  3  0 -9 
200 85   1  6  0 -9 
200 191   1  6  0 -9 
200 192  -1  5  0 -9 
200 197   1  6  0 -9 
200 198  -1  5  0 -9 
200 199   1  3  0 -9 
201 201   1  8  0 -9 
202 89   1  7  0 -9 
202 168   1  7  0 -9 
202 172   1  7  0 -9 
202 193   1  7  0 -9 
202 201   1  7  0 -9 
202 202  -1  6  0 -9 
203 89   1  6  0 -9 
203 90  -1  5  0 -9 
203 168   1  6  0 -9 
203 172   1  6  0 -9 
203 173  -1  5  0 -9 
203 193   1  6  0 -9 
203 194  -1  5  0 -9 
203 201   1  6  0 -9 
203 202  -1  5  0 -9 
203 204   1  3  0 -9 
204 89   1  5  0 -9 
204 90  -1  4  0 -9 
204 172   1  5  0 -9 
204 173  -1  4  0 -9 
204 193   1  5  0 -9 
204 194  -1  4  0 -9 
204 202  -1  4  0 -9 
204 203   1  3  0 -9 
205 205   1  8  0 -9 
206 205   1  7  0 -9 
206 206  -1  6  0 -9 
207 93   1  7  0 -9 
207 197   1  7  0 -9 
207 205   1  7  0 -9 
207 207  -1  6  0 -9 
208 85   1  6  0 -9 
208 87   1  6  0 -9 
208 88  -1  5  0 -9 
208 93   1  6  0 -9 
208 94  -1  5  0 -9 
208 191   1  6  0 -9 
208 192  -1  5  0 -9 
208 197   1  6  0 -9 
208 198  -1  5  0 -9 
208 201   1  7  0 -9 
208 205   1  6  0 -9 
208 206  -1  5  0 -9 
208 207  -1  5  0 -9 
208 209   1  3  0 -9 
209 85   1  5  0 -9 
209 87   1  5  0 -9 
209 88  -1  4  0 -9 
209 93   1  5  0 -9 
209 94  -1  4  0 -9 
209 191   1  5  0 -9 
209 192  -1  4  0 -9 
209 197   1  5  0 -9 
209 198  -1  4  0 -9 
209 201  -1  4  0 -9 
209 205   1  5  0 -9 
209 206  -1  4  0 -9 
209 207  -1  4  0 -9 
209 208   1  3  0 -9 
210 205   1  5  0 -9 
210 206  -1  4  0 -9 
210 207  -1  4  0 -9 
210 211   1  3  0 -9 
211 93   1  6  0 -9 
211 197   1  6  0 -9 
211 205   1  6  0 -9 
211 206  -1  5  0 -9 
211 207  -1  5  0 -9 
211 210   1  3  0 -9 
212 87   1  4  0 -9 
212 88  -1  3  0 -9 
212 94  -1  3  0 -9 
212 95  -1  1  0 -9 
212 96   1  2  0 -9 
212 191   1  4  0 -9 
212 192  -1  3  0 -9 
212 198  -1  3  0 -9 
212 199  -1  1  0 -9 
212 200   1  2  0 -9 
212 201  -1  3  0 -9 
212 205   1  4  0 -9 
212 206  -1  3  0 -9 
212 207  -1  3  0 -9 
212 208   1  2  0 -9 
212 209  -1  1  0 -9 
212 210  -1  1  0 -9 
212 211   1  2  0 -9 
212 212   1  0  0 -9 
213 213   1  8  0 -9 
214 105   1  7  0 -9 
214 213   1  7  0 -9 
214 214  -1  6  0 -9 
215 215   1  8  0 -9 
216 215   1  7  0 -9 
216 216  -1  6  0 -9 
217 105   1  6  0 -9 
217 106  -1  5  0 -9 
217 213   1  6  0 -9 
217 214  -1  5  0 -9 
217 216  -1  4  0 -9 
217 218   1  3  0 -9 
218 105   1  5  0 -9 
218 106  -1  4  0 -9 
218 214  -1  4  0 -9 
218 215   1  6  0 -9 
218 216  -1  5  0 -9 
218 217   1  3  0 -9 
219 219   1  8  0 -9 
220 219   1  7  0 -9 
220 220  -1  6  0 -9 
221 85   1  6  0 -9 
221 107  -1  5  0 -9 
221 191   1  6  0 -9 
221 192  -1  5  0 -9 
221 220  -1  4  0 -9 
221 222   1  3  0 -9 
222 85   1  5  0 -9 
222 107  -1  4  0 -9 
222 192  -1  4  0 -9 
222 219   1  6  0 -9 
222 220  -1  5  0 -9 
222 221   1  3  0 -9 
223 197   1  7  0 -9 
223 223  -1  6  0 -9 
224 192  -1  3  0 -9 
224 197  -1  4  0 -9 
224 199  -1  1  0 -9 
224 200   1  2  0 -9 
224 219   1  5  0 -9 
224 220  -1  4  0 -9 
224 221   1  2  0 -9 
224 222  -1  1  0 -9 
224 223   1  3  0 -9 
224 224   1  0  0 -9 
225 225   1  8  0 -9 
226 110   1  7  0 -9 
226 215   1  7  0 -9 
226 225   1  7  0 -9 
226 226  -1  6  0 -9 
227 110   1  6  0 -9 
227 111  -1  5  0 -9 
227 215   1  6  0 -9 
227 216  -1  5  0 -9 
227 225   1  6  0 -9 
227 226  -1  5  0 -9 
227 228   1  3  0 -9 
228 110   1  5  0 -9 
228 111  -1  4  0 -9 
228 215   1  5  0 -9 
228 216  -1  4  0 -9 
228 226  -1  4  0 -9 
228 227   1  3  0 -9 
229 229   1  8  0 -9 
230 229   1  7  0 -9 
230 230  -1  6  0 -9 
231 114   1  7  0 -9 
231 172   1  7  0 -9 
231 201   1  7  0 -9 
231 219   1  7  0 -9 
231 229   1  7  0 -9 
231 231  -1  6  0 -9 
232 114   1  6  0 -9 
232 115  -1  5  0 -9 
232 172   1  6  0 -9 
232 173  -1  5  0 -9 
232 201   1  6  0 -9 
232 219   1  6  0 -9 
232 220  -1  5  0 -9 
232 229   1  6  0 -9 
232 230  -1  5  0 -9 
232 231  -1  5  0 -9 
232 233   1  3  0 -9 
233 114   1  5  0 -9 
233 115  -1  4  0 -9 
233 172   1  5  0 -9 
233 173  -1  4  0 -9 
233 219   1  5  0 -9 
233 220  -1  4  0 -9 
233 229   1  5  0 -9 
233 230  -1  4  0 -9 
233 231  -1  4  0 -9 
233 232   1  3  0 -9 
234 93   1  6  0 -9 
234 118  -1  5  0 -9 
234 173  -1  4  0 -9 
234 197   1  6  0 -9 
234 205   1  6  0 -9 
234 207  -1  5  0 -9 
234 223  -1  5  0 -9 
234 230  -1  4  0 -9 
234 235   1  3  0 -9 
235 93   1  5  0 -9 
235 118  -1  4  0 -9 
235 172   1  6  0 -9 
235 173  -1  5  0 -9 
235 197   1  5  0 -9 
235 207  -1  4  0 -9 
235 223  -1  4  0 -9 
235 229   1  6  0 -9 
235 230  -1  5  0 -9 
235 234   1  3  0 -9 
236 172   1  5  0 -9 
236 173  -1  4  0 -9 
236 207  -1  3  0 -9 
236 210  -1  1  0 -9 
236 211   1  2  0 -9 
236 229   1  5  0 -9 
236 230  -1  4  0 -9 
236 234   1  2  0 -9 
236 235  -1  1  0 -9 
236 236   1  0  0 -9 
237 85  -1  3  0 -9 
237 93  -1  3  0 -9 
237 95  -1  0  0 -9 
237 96   1  1  0 -9 
237 107   1  2  0 -9 
237 114   1  4  0 -9 
237 115  -1  3  0 -9 
237 117  -1  0  0 -9 
237 118   1  2  0 -9 
237 119   1 -1  0 -9 
237 172   1  4  0 -9 
237 173  -1  3  0 -9 
237 197  -1  3  0 -9 
237 199  -1  0  0 -9 
237 200   1  1  0 -9 
237 209  -1  0  0 -9 
237 210  -1  0  0 -9 
237 211   1  1  0 -9 
237 212   1 -1  0 -9 
237 219   1  4  0 -9 
237 220  -1  3  0 -9 
237 222  -1  0  0 -9 
237 223   1  2  0 -9 
237 224   1 -1  0 -9 
237 229   1  4  0 -9 
237 230  -1  3  0 -9 
237 231  -1  3  0 -9 
237 232   1  2  0 -9 
237 233   1 -1  0 -9 
237 235  -1  0  0 -9 
237 236   1 -1  0 -9 
237 237  -1 -2  0 -9 
238 238   1  8  0 -9 
239 238   1  7  0 -9 
239 239  -1  6  0 -9 
240 129   1  7  0 -9 
240 238   1  7  0 -9 
240 240  -1  6  0 -9 
241 108   1  6  0 -9 
241 109  -1  5  0 -9 
241 129   1  6  0 -9 
241 130  -1  5  0 -9 
241 225   1  7  0 -9 
241 238   1  6  0 -9 
241 239  -1  5  0 -9 
241 240  -1  5  0 -9 
241 242   1  3  0 -9 
242 108   1  5  0 -9 
242 109  -1  4  0 -9 
242 129   1  5  0 -9 
242 130  -1  4  0 -9 
242 225  -1  4  0 -9 
242 238   1  5  0 -9 
242 239  -1  4  0 -9 
242 240  -1  4  0 -9 
242 241   1  3  0 -9 
243 197  -1  4  0 -9 
243 238   1  5  0 -9 
243 239  -1  4  0 -9 
243 240  -1  4  0 -9 
243 244   1  3  0 -9 
244 129   1  6  0 -9 
244 197   1  7  0 -9 
244 238   1  6  0 -9 
244 239  -1  5  0 -9 
244 240  -1  5  0 -9 
244 243   1  3  0 -9 
245 108   1  4  0 -9 
245 109  -1  3  0 -9 
245 130  -1  3  0 -9 
245 131  -1  1  0 -9 
245 132   1  2  0 -9 
245 197  -1  3  0 -9 
245 225  -1  3  0 -9 
245 238   1  4  0 -9 
245 239  -1  3  0 -9 
245 240  -1  3  0 -9 
245 241   1  2  0 -9 
245 242  -1  1  0 -9 
245 243  -1  1  0 -9 
245 244   1  2  0 -9 
245 245   1  0  0 -9 
246 246   1  8  0 -9 
247 246   1  7  0 -9 
247 247  -1  6  0 -9 
248 133   1  7  0 -9 
248 246   1  7  0 -9 
248 248  -1  6  0 -9 
249 133   1  6  0 -9 
249 134  -1  5  0 -9 
249 246   1  6  0 -9 
249 247  -1  5  0 -9 
249 248  -1  5  0 -9 
249 250   1  3  0 -9 
250 133   1  5  0 -9 
250 134  -1  4  0 -9 
250 246   1  5  0 -9 
250 247  -1  4  0 -9 
250 248  -1  4  0 -9 
250 249   1  3  0 -9 
251 129   1  6  0 -9 
251 137  -1  5  0 -9 
251 216  -1  4  0 -9 
251 223  -1  4  0 -9 
251 238   1  6  0 -9 
251 240  -1  5  0 -9 
251 247  -1  4  0 -9 
251 252   1  3  0 -9 
252 129   1  5  0 -9 
252 137  -1  4  0 -9 
252 197   1  6  0 -9 
252 215   1  6  0 -9 
252 216  -1  5  0 -9 
252 223  -1  5  0 -9 
252 240  -1  4  0 -9 
252 246   1  6  0 -9 
252 247  -1  5  0 -9 
252 251   1  3  0 -9 
253 197  -1  3  0 -9 
253 215   1  5  0 -9 
253 216  -1  4  0 -9 
253 223   1  2  0 -9 
253 240  -1  3  0 -9 
253 243  -1  1  0 -9 
253 244   1  2  0 -9 
253 246   1  5  0 -9 
253 247  -1  4  0 -9 
253 251   1  2  0 -9 
253 252  -1  1  0 -9 
253 253   1  0  0 -9 
254 110   1  4  0 -9 
254 111  -1  3  0 -9 
254 113  -1  0  0 -9 
254 129  -1  3  0 -9 
254 131  -1  0  0 -9 
254 132   1  1  0 -9 
254 133   1  4  0 -9 
254 134  -1  3  0 -9 
254 136  -1  0  0 -9 
254 137   1  2  0 -9 
254 138   1 -1  0 -9 
254 197  -1  2  0 -9 
254 215   1  4  0 -9 
254 216  -1  3  0 -9 
254 223   1  1  0 -9 
254 226  -1  3  0 -9 
254 227   1  2  0 -9 
254 228   1 -1  0 -9 
254 242  -1  0  0 -9 
254 243  -1  0  0 -9 
254 244   1  1  0 -9 
254 245   1 -1  0 -9 
254 246   1  4  0 -9 
254 247  -1  3  0 -9 
254 248  -1  3  0 -9 
254 249   1  2  0 -9 
254 250   1 -1  0 -9 
254 252  -1  0  0 -9 
254 253   1 -1  0 -9 
254 254  -1 -2  0 -9 
255 255   1  8  0 -9 
256 246   1  5  0 -9 
256 247  -1  4  0 -9 
256 248  -1  4  0 -9 
256 255  -1  4  0 -9 
256 257   1  3  0 -9 
257 133   1  6  0 -9 
257 246   1  6  0 -9 
257 247  -1  5  0 -9 
257 248  -1  5  0 -9 
257 255   1  7  0 -9 
257 256   1  3  0 -9 
258 134  -1  3  0 -9 
258 135  -1  1  0 -9 
258 136   1  2  0 -9 
258 246   1  4  0 -9 
258 247  -1  3  0 -9 
258 248  -1  3  0 -9 
258 249   1  2  0 -9 
258 250  -1  1  0 -9 
258 255  -1  3  0 -9 
258 256  -1  1  0 -9 
258 257   1  2  0 -9 
258 258   1  0  0 -9 
259 255   1  7  0 -9 
259 259  -1  6  0 -9 
260 259  -1  4  0 -9 
260 261   1  3  0 -9 
261 255   1  6  0 -9 
261 259  -1  5  0 -9 
261 260   1  3  0 -9 
262 246   1  6  1  4  0 -9 
262 247  -1  5 -1  3 -1  1  0 -9 
262 248  -1  3  0 -9 
262 249   1  2  0 -9 
262 250  -1  1  0 -9 
262 255  -1  3  0 -9 
262 256  -1  1  0 -9 
262 257   1  2  0 -9 
262 259   1  2  0 -9 
262 260   1  2  0 -9 
262 261  -1  1  0 -9 
262 262   1  0  0 -9 
263 135  -1  0  0 -9 
263 246   1  3  0 -9 
263 247  -1  2 -1  0  0 -9 
263 248  -1  2  0 -9 
263 249   1  1  0 -9 
263 250  -1  0  0 -9 
263 255  -1  2  0 -9 
263 256  -1  0  0 -9 
263 257   1  1  0 -9 
263 258   1 -1  0 -9 
263 259   1  1  0 -9 
263 261  -1  0  0 -9 
263 262   1 -1  0 -9 
263 263  -1 -2  0 -9 
264 139   1  7  0 -9 
264 229   1  7  0 -9 
264 255   1  7  0 -9 
264 264  -1  6  0 -9 
265 229   1  5  0 -9 
265 230  -1  4  0 -9 
265 264  -1  4  0 -9 
265 266   1  3  0 -9 
266 139   1  6  0 -9 
266 229   1  6  0 -9 
266 230  -1  5  0 -9 
266 255   1  6  0 -9 
266 264  -1  5  0 -9 
266 265   1  3  0 -9 
267 139   1  6  0 -9 
267 143  -1  5  0 -9 
267 229   1  6  0 -9 
267 230  -1  5  0 -9 
267 255   1  6  0 -9 
267 259  -1  5  0 -9 
267 264  -1  5  0 -9 
267 268   1  3  0 -9 
268 139   1  5  0 -9 
268 143  -1  4  0 -9 
268 229   1  5  0 -9 
268 230  -1  4  0 -9 
268 255   1  5  0 -9 
268 259  -1  4  0 -9 
268 264  -1  4  0 -9 
268 267   1  3  0 -9 
269 229   1  6  1  4  0 -9 
269 230  -1  5 -1  3 -1  1  0 -9 
269 264  -1  3  0 -9 
269 265  -1  1  0 -9 
269 266   1  2  0 -9 
269 267   1  2  0 -9 
269 268  -1  1  0 -9 
269 269   1  0  0 -9 
270 143  -1  3  0 -9 
270 144  -1  1  0 -9 
270 145   1  2  0 -9 
270 229   1  4  0 -9 
270 230  -1  3  0 -9 
270 259  -1  3  0 -9 
270 260  -1  1  0 -9 
270 261   1  2  0 -9 
270 264  -1  3  0 -9 
270 265  -1  1  0 -9 
270 266   1  2  0 -9 
270 267   1  2  0 -9 
270 268  -1  1  0 -9 
270 270   1  0  0 -9 
271 144  -1  0  0 -9 
271 229   1  3  0 -9 
271 230  -1  2 -1  0  0 -9 
271 260  -1  0  0 -9 
271 264  -1  2  0 -9 
271 265  -1  0  0 -9 
271 266   1  1  0 -9 
271 267   1  1  0 -9 
271 268  -1  0  0 -9 
271 269   1 -1  0 -9 
271 270   1 -1  0 -9 
271 271  -1 -2  0 -9 
272 272   1  8  0 -9 
273 273   1  8  0 -9 
274 273   1  7  0 -9 
274 274  -1  6  0 -9 
275 275   1  8  0 -9 
276 275   1  7  0 -9 
276 276  -1  6  0 -9 
277 277   1  8  0 -9 
278 277   1  7  0 -9 
278 278  -1  6  0 -9 
279 279   1  8  0 -9 
280 279   1  7  0 -9 
280 280  -1  6  0 -9 
281 274  -1  4  0 -9 
281 277   1  6  0 -9 
281 278  -1  5  0 -9 
281 280  -1  4  0 -9 
281 282   1  3  0 -9 
282 273   1  6  0 -9 
282 274  -1  5  0 -9 
282 278  -1  4  0 -9 
282 279   1  6  0 -9 
282 280  -1  5  0 -9 
282 281   1  3  0 -9 
283 283   1  8  0 -9 
284 279   1  7  0 -9 
284 283   1  7  0 -9 
284 284  -1  6  0 -9 
285 279   1  6  0 -9 
285 280  -1  5  0 -9 
285 283   1  6  0 -9 
285 284  -1  5  0 -9 
285 286   1  3  0 -9 
286 279   1  5  0 -9 
286 280  -1  4  0 -9 
286 284  -1  4  0 -9 
286 285   1  3  0 -9 
287 287   1  8  0 -9 
288 287   1  7  0 -9 
288 288  -1  6  0 -9 
289 289   1  8  0 -9 
290 289   1  7  0 -9 
290 290  -1  6  0 -9 
291 287   1  6  0 -9 
291 288  -1  5  0 -9 
291 290  -1  4  0 -9 
291 292   1  3  0 -9 
292 288  -1  4  0 -9 
292 289   1  6  0 -9 
292 290  -1  5  0 -9 
292 291   1  3  0 -9 
293 293   1  8  0 -9 
294 293   1  7  0 -9 
294 294  -1  6  0 -9 
295 294  -1  4  0 -9 
295 296   1  3  0 -9 
296 293   1  6  0 -9 
296 294  -1  5  0 -9 
296 295   1  3  0 -9 
297 297  -1  6  0 -9 
298 293   1  5  0 -9 
298 294  -1  4  0 -9 
298 295   1  2  0 -9 
298 296  -1  1  0 -9 
298 297   1  3  0 -9 
298 298   1  0  0 -9 
299 299   1  8  0 -9 
300 299   1  7  0 -9 
300 300  -1  6  0 -9 
301 299   1  7  0 -9 
301 301  -1  6  0 -9 
302 299   1  6  0 -9 
302 300  -1  5  0 -9 
302 301  -1  5  0 -9 
302 303   1  3  0 -9 
303 299   1  5  0 -9 
303 300  -1  4  0 -9 
303 301  -1  4  0 -9 
303 302   1  3  0 -9 
304 297  -1  4  0 -9 
304 300  -1  4  0 -9 
304 305   1  3  0 -9 
305 297  -1  5  0 -9 
305 299   1  6  0 -9 
305 300  -1  5  0 -9 
305 304   1  3  0 -9 
306 297   1  2  0 -9 
306 299   1  5  0 -9 
306 300  -1  4  0 -9 
306 304   1  2  0 -9 
306 305  -1  1  0 -9 
306 306   1  0  0 -9 
307 297   1  1  0 -9 
307 299   1  4  0 -9 
307 300  -1  3  0 -9 
307 301  -1  3  0 -9 
307 302   1  2  0 -9 
307 303   1 -1  0 -9 
307 305  -1  0  0 -9 
307 306   1 -1  0 -9 
307 307  -1 -2  0 -9 
308 308   1  8  0 -9 
309 308   1  7  0 -9 
309 309  -1  6  0 -9 
310 310  -1  6  0 -9 
311 311   1  8  0 -9 
312 311   1  7  0 -9 
312 312  -1  6  0 -9 
313 313   1  8  0 -9 
314 313   1  7  0 -9 
314 314  -1  6  0 -9 
315 311   1  6  0 -9 
315 312  -1  5  0 -9 
315 314  -1  4  0 -9 
315 316   1  3  0 -9 
316 312  -1  4  0 -9 
316 313   1  6  0 -9 
316 314  -1  5  0 -9 
316 315   1  3  0 -9 
317 317   1  8  0 -9 
318 317   1  7  0 -9 
318 318  -1  6  0 -9 
319 318  -1  4  0 -9 
319 320   1  3  0 -9 
320 317   1  6  0 -9 
320 318  -1  5  0 -9 
320 319   1  3  0 -9 
321 321  -1  6  0 -9 
322 310   1  3  0 -9 
322 317   1  5  0 -9 
322 318  -1  4  0 -9 
322 319   1  2  0 -9 
322 320  -1  1  0 -9 
322 321   1  3  0 -9 
322 322   1  0  0 -9 
323 323   1  8  0 -9 
324 323   1  7  0 -9 
324 324  -1  6  0 -9 
325 323   1  7  0 -9 
325 325  -1  6  0 -9 
326 323   1  6  0 -9 
326 324  -1  5  0 -9 
326 325  -1  5  0 -9 
326 327   1  3  0 -9 
327 323   1  5  0 -9 
327 324  -1  4  0 -9 
327 325  -1  4  0 -9 
327 326   1  3  0 -9 
328 321  -1  4  0 -9 
328 324  -1  4  0 -9 
328 329   1  3  0 -9 
329 321  -1  5  0 -9 
329 323   1  6  0 -9 
329 324  -1  5  0 -9 
329 328   1  3  0 -9 
330 321   1  2  0 -9 
330 323   1  5  0 -9 
330 324  -1  4  0 -9 
330 328   1  2  0 -9 
330 329  -1  1  0 -9 
330 330   1  0  0 -9 
331 321   1  1  0 -9 
331 323   1  4  0 -9 
331 324  -1  3  0 -9 
331 325  -1  3  0 -9 
331 326   1  2  0 -9 
331 327   1 -1  0 -9 
331 329  -1  0  0 -9 
331 330   1 -1  0 -9 
331 331  -1 -2  0 -9 
332 332   1  8  0 -9 
333 332   1  7  0 -9 
333 333  -1  6  0 -9 
334 333  -1  4  0 -9 
334 335   1  3  0 -9 
335 332   1  6  0 -9 
335 333  -1  5  0 -9 
335 334   1  3  0 -9 
336 336  -1  6  0 -9 
337 332   1  5  0 -9 
337 333  -1  4  0 -9 
337 334   1  2  0 -9 
337 335  -1  1  0 -9 
337 336   1  3  0 -9 
337 337   1  0  0 -9 
338 338  -1  6  0 -9 
339 133   1  5  0 -9 
339 134  -1  4  0 -9 
339 135   1  2  0 -9 
339 136  -1  1  0 -9 
339 338   1  3  0 -9 
339 339   1  0  0 -9 
340 340  -1  6  0 -9 
341 121  -1  4  0 -9 
341 340  -1  4  0 -9 
341 342   1  3  0 -9 
342 120   1  6  0 -9 
342 121  -1  5  0 -9 
342 340  -1  5  0 -9 
342 341   1  3  0 -9 
343 120   1  5  0 -9 
343 121  -1  4  0 -9 
343 340   1  2  0 -9 
343 341   1  2  0 -9 
343 342  -1  1  0 -9 
343 343   1  0  0 -9 
344 120   1  4  0 -9 
344 121  -1  3  0 -9 
344 122  -1  3  0 -9 
344 123   1  2  0 -9 
344 124   1 -1  0 -9 
344 340   1  1  0 -9 
344 342  -1  0  0 -9 
344 343   1 -1  0 -9 
344 344  -1 -2  0 -9 
345 139   1  5  0 -9 
345 143  -1  4  0 -9 
345 144   1  2  0 -9 
345 145  -1  1  0 -9 
345 340   1  3  0 -9 
345 345   1  0  0 -9 
346 346   1  8  0 -9 
347 272   1  7  0 -9 
347 346   1  7  0 -9 
347 347  -1  6  0 -9 
348 348   1  8  0 -9 
349 273   1  7  0 -9 
349 348   1  7  0 -9 
349 349  -1  6  0 -9 
350 350   1  8  0 -9 
351 350   1  7  0 -9 
351 351  -1  6  0 -9 
352 273   1  6  0 -9 
352 274  -1  5  0 -9 
352 348   1  6  0 -9 
352 349  -1  5  0 -9 
352 351  -1  4  0 -9 
352 353   1  3  0 -9 
353 273   1  5  0 -9 
353 274  -1  4  0 -9 
353 349  -1  4  0 -9 
353 350   1  6  0 -9 
353 351  -1  5  0 -9 
353 352   1  3  0 -9 
354 354   1  8  0 -9 
355 289   1  7  0 -9 
355 350   1  7  0 -9 
355 354   1  7  0 -9 
355 355  -1  6  0 -9 
356 289   1  6  0 -9 
356 290  -1  5  0 -9 
356 350   1  6  0 -9 
356 351  -1  5  0 -9 
356 354   1  6  0 -9 
356 355  -1  5  0 -9 
356 357   1  3  0 -9 
357 289   1  5  0 -9 
357 290  -1  4  0 -9 
357 350   1  5  0 -9 
357 351  -1  4  0 -9 
357 355  -1  4  0 -9 
357 356   1  3  0 -9 
358 358   1  8  0 -9 
359 358   1  7  0 -9 
359 359  -1  6  0 -9 
360 293   1  7  0 -9 
360 358   1  7  0 -9 
360 360  -1  6  0 -9 
361 293   1  6  0 -9 
361 294  -1  5  0 -9 
361 358   1  6  0 -9 
361 359  -1  5  0 -9 
361 360  -1  5  0 -9 
361 362   1  3  0 -9 
362 293   1  5  0 -9 
362 294  -1  4  0 -9 
362 358   1  5  0 -9 
362 359  -1  4  0 -9 
362 360  -1  4  0 -9 
362 361   1  3  0 -9 
363 297  -1  5  0 -9 
363 359  -1  4  0 -9 
363 364   1  3  0 -9 
364 297  -1  4  0 -9 
364 358   1  6  0 -9 
364 359  -1  5  0 -9 
364 363   1  3  0 -9 
365 358   1  5  0 -9 
365 359  -1  4  0 -9 
365 363   1  2  0 -9 
365 364  -1  1  0 -9 
365 365   1  0  0 -9 
366 293   1  4  0 -9 
366 294  -1  3  0 -9 
366 296  -1  0  0 -9 
366 297   1  2  0 -9 
366 298   1 -1  0 -9 
366 358   1  4  0 -9 
366 359  -1  3  0 -9 
366 360  -1  3  0 -9 
366 361   1  2  0 -9 
366 362   1 -1  0 -9 
366 364  -1  0  0 -9 
366 365   1 -1  0 -9 
366 366  -1 -2  0 -9 
367 367   1  8  0 -9 
368 308   1  7  0 -9 
368 367   1  7  0 -9 
368 368  -1  6  0 -9 
369 369   1  8  0 -9 
370 369   1  7  0 -9 
370 370  -1  6  0 -9 
371 308   1  6  0 -9 
371 309  -1  5  0 -9 
371 367   1  6  0 -9 
371 368  -1  5  0 -9 
371 370  -1  4  0 -9 
371 372   1  3  0 -9 
372 308   1  5  0 -9 
372 309  -1  4  0 -9 
372 368  -1  4  0 -9 
372 369   1  6  0 -9 
372 370  -1  5  0 -9 
372 371   1  3  0 -9 
373 373   1  8  0 -9 
374 373   1  7  0 -9 
374 374  -1  6  0 -9 
375 310  -1  5  0 -9 
375 374  -1  4  0 -9 
375 376   1  3  0 -9 
376 310  -1  4  0 -9 
376 373   1  6  0 -9 
376 374  -1  5  0 -9 
376 375   1  3  0 -9 
377 377  -1  6  0 -9 
378 373   1  5  0 -9 
378 374  -1  4  0 -9 
378 375   1  2  0 -9 
378 376  -1  1  0 -9 
378 377   1  3  0 -9 
378 378   1  0  0 -9 
379 379   1  8  0 -9 
380 172   1  7  0 -9 
380 313   1  7  0 -9 
380 369   1  7  0 -9 
380 379   1  7  0 -9 
380 380  -1  6  0 -9 
381 172   1  6  0 -9 
381 173  -1  5  0 -9 
381 313   1  6  0 -9 
381 314  -1  5  0 -9 
381 369   1  6  0 -9 
381 370  -1  5  0 -9 
381 379   1  6  0 -9 
381 380  -1  5  0 -9 
381 382   1  3  0 -9 
382 172   1  5  0 -9 
382 173  -1  4  0 -9 
382 313   1  5  0 -9 
382 314  -1  4  0 -9 
382 369   1  5  0 -9 
382 370  -1  4  0 -9 
382 380  -1  4  0 -9 
382 381   1  3  0 -9 
383 383   1  8  0 -9 
384 383   1  7  0 -9 
384 384  -1  6  0 -9 
385 317   1  7  0 -9 
385 373   1  7  0 -9 
385 383   1  7  0 -9 
385 385  -1  6  0 -9 
386 317   1  6  0 -9 
386 318  -1  5  0 -9 
386 373   1  6  0 -9 
386 374  -1  5  0 -9 
386 383   1  6  0 -9 
386 384  -1  5  0 -9 
386 385  -1  5  0 -9 
386 387   1  3  0 -9 
387 317   1  5  0 -9 
387 318  -1  4  0 -9 
387 373   1  5  0 -9 
387 374  -1  4  0 -9 
387 383   1  5  0 -9 
387 384  -1  4  0 -9 
387 385  -1  4  0 -9 
387 386   1  3  0 -9 
388 321  -1  5  0 -9 
388 377  -1  5  0 -9 
388 384  -1  4  0 -9 
388 389   1  3  0 -9 
389 321  -1  4  0 -9 
389 377  -1  4  0 -9 
389 383   1  6  0 -9 
389 384  -1  5  0 -9 
389 388   1  3  0 -9 
390 383   1  5  0 -9 
390 384  -1  4  0 -9 
390 388   1  2  0 -9 
390 389  -1  1  0 -9 
390 390   1  0  0 -9 
391 310   1  2  0 -9 
391 317   1  4  0 -9 
391 318  -1  3  0 -9 
391 320  -1  0  0 -9 
391 321   1  2  0 -9 
391 322   1 -1  0 -9 
391 373   1  4  0 -9 
391 374  -1  3  0 -9 
391 376  -1  0  0 -9 
391 377   1  2  0 -9 
391 378   1 -1  0 -9 
391 383   1  4  0 -9 
391 384  -1  3  0 -9 
391 385  -1  3  0 -9 
391 386   1  2  0 -9 
391 387   1 -1  0 -9 
391 389  -1  0  0 -9 
391 390   1 -1  0 -9 
391 391  -1 -2  0 -9 
392 392   1  8  0 -9 
393 392   1  7  0 -9 
393 393  -1  6  0 -9 
394 332   1  7  0 -9 
394 392   1  7  0 -9 
394 394  -1  6  0 -9 
395 332   1  6  0 -9 
395 333  -1  5  0 -9 
395 392   1  6  0 -9 
395 393  -1  5  0 -9 
395 394  -1  5  0 -9 
395 396   1  3  0 -9 
396 332   1  5  0 -9 
396 333  -1  4  0 -9 
396 392   1  5  0 -9 
396 393  -1  4  0 -9 
396 394  -1  4  0 -9 
396 395   1  3  0 -9 
397 336  -1  5  0 -9 
397 377  -1  4  0 -9 
397 393  -1  4  0 -9 
397 398   1  3  0 -9 
398 336  -1  4  0 -9 
398 377  -1  5  0 -9 
398 392   1  6  0 -9 
398 393  -1  5  0 -9 
398 397   1  3  0 -9 
399 377   1  2  0 -9 
399 392   1  5  0 -9 
399 393  -1  4  0 -9 
399 397   1  2  0 -9 
399 398  -1  1  0 -9 
399 399   1  0  0 -9 
400 332   1  4  0 -9 
400 333  -1  3  0 -9 
400 335  -1  0  0 -9 
400 336   1  2  0 -9 
400 337   1 -1  0 -9 
400 377   1  1  0 -9 
400 392   1  4  0 -9 
400 393  -1  3  0 -9 
400 394  -1  3  0 -9 
400 395   1  2  0 -9 
400 396   1 -1  0 -9 
400 398  -1  0  0 -9 
400 399   1 -1  0 -9 
400 400  -1 -2  0 -9 
401 401  -1  6  0 -9 
402 247  -1  4  0 -9 
402 338  -1  5  0 -9 
402 401  -1  4  0 -9 
402 403   1  3  0 -9 
403 246   1  6  0 -9 
403 247  -1  5  0 -9 
403 338  -1  4  0 -9 
403 401  -1  5  0 -9 
403 402   1  3  0 -9 
404 246   1  5  0 -9 
404 247  -1  4  0 -9 
404 401   1  2  0 -9 
404 402   1  2  0 -9 
404 403  -1  1  0 -9 
404 404   1  0  0 -9 
405 133   1  4  0 -9 
405 134  -1  3  0 -9 
405 136  -1  0  0 -9 
405 246   1  4  0 -9 
405 247  -1  3  0 -9 
405 248  -1  3  0 -9 
405 249   1  2  0 -9 
405 250   1 -1  0 -9 
405 338   1  2  0 -9 
405 339   1 -1  0 -9 
405 401   1  1  0 -9 
405 403  -1  0  0 -9 
405 404   1 -1  0 -9 
405 405  -1 -2  0 -9 
406 255   1  5  0 -9 
406 259  -1  4  0 -9 
406 260   1  2  0 -9 
406 261  -1  1  0 -9 
406 401   1  3  0 -9 
406 406   1  0  0 -9 
407 230  -1  4  0 -9 
407 340  -1  5  0 -9 
407 401  -1  5  0 -9 
407 408   1  3  0 -9 
408 229   1  6  0 -9 
408 230  -1  5  0 -9 
408 340  -1  4  0 -9 
408 401  -1  4  0 -9 
408 407   1  3  0 -9 
409 229   1  5  0 -9 
409 230  -1  4  0 -9 
409 407   1  2  0 -9 
409 408  -1  1  0 -9 
409 409   1  0  0 -9 
410 139   1  4  0 -9 
410 143  -1  3  0 -9 
410 145  -1  0  0 -9 
410 229   1  4  0 -9 
410 230  -1  3  0 -9 
410 255   1  4  0 -9 
410 259  -1  3  0 -9 
410 261  -1  0  0 -9 
410 264  -1  3  0 -9 
410 267   1  2  0 -9 
410 268   1 -1  0 -9 
410 340   1  2  0 -9 
410 345   1 -1  0 -9 
410 401   1  2  0 -9 
410 406   1 -1  0 -9 
410 408  -1  0  0 -9 
410 409   1 -1  0 -9 
410 410  -1 -2  0 -9 
411 411   1  8  0 -9 
412 411   1  7  0 -9 
412 412  -1  6  0 -9 
413 413   1  8  0 -9 
414 413   1  7  0 -9 
414 414  -1  6  0 -9 
415 415   1  8  0 -9 
416 415   1  7  0 -9 
416 416  -1  6  0 -9 
417 86  -1  4  0 -9 
417 411   1  6  0 -9 
417 412  -1  5  0 -9 
417 413   1  6  0 -9 
417 414  -1  5  0 -9 
417 416  -1  4  0 -9 
417 418   1  3  0 -9 
418 84   1  6  0 -9 
418 85   1  6  0 -9 
418 86  -1  5  0 -9 
418 412  -1  4  0 -9 
418 414  -1  4  0 -9 
418 415   1  6  0 -9 
418 416  -1  5  0 -9 
418 417   1  3  0 -9 
419 419   1  8  0 -9 
420 413   1  7  0 -9 
420 419   1  7  0 -9 
420 420  -1  6  0 -9 
421 85  -1  4  0 -9 
421 413   1  5  0 -9 
421 414  -1  4  0 -9 
421 420  -1  4  0 -9 
421 422   1  3  0 -9 
422 85   1  7  0 -9 
422 413   1  6  0 -9 
422 414  -1  5  0 -9 
422 419   1  6  0 -9 
422 420  -1  5  0 -9 
422 421   1  3  0 -9 
423 423   1  8  0 -9 
424 346   1  7  0 -9 
424 350   1  7  0 -9 
424 415   1  7  0 -9 
424 423   1  7  0 -9 
424 424  -1  6  0 -9 
425 346   1  6  0 -9 
425 350   1  6  0 -9 
425 351  -1  5  0 -9 
425 415   1  6  0 -9 
425 416  -1  5  0 -9 
425 423   1  6  0 -9 
425 424  -1  5  0 -9 
425 426   1  3  0 -9 
426 350   1  5  0 -9 
426 351  -1  4  0 -9 
426 415   1  5  0 -9 
426 416  -1  4  0 -9 
426 424  -1  4  0 -9 
426 425   1  3  0 -9 
427 427   1  8  0 -9 
428 427   1  7  0 -9 
428 428  -1  6  0 -9 
429 419   1  7  0 -9 
429 427   1  7  0 -9 
429 429  -1  6  0 -9 
430 413   1  6  0 -9 
430 414  -1  5  0 -9 
430 419   1  6  0 -9 
430 420  -1  5  0 -9 
430 423   1  7  0 -9 
430 427   1  6  0 -9 
430 428  -1  5  0 -9 
430 429  -1  5  0 -9 
430 431   1  3  0 -9 
431 413   1  5  0 -9 
431 414  -1  4  0 -9 
431 419   1  5  0 -9 
431 420  -1  4  0 -9 
431 423  -1  4  0 -9 
431 427   1  5  0 -9 
431 428  -1  4  0 -9 
431 429  -1  4  0 -9 
431 430   1  3  0 -9 
432 427   1  5  0 -9 
432 428  -1  4  0 -9 
432 429  -1  4  0 -9 
432 433   1  3  0 -9 
433 419   1  6  0 -9 
433 427   1  6  0 -9 
433 428  -1  5  0 -9 
433 429  -1  5  0 -9 
433 432   1  3  0 -9 
434 85  -1  3  0 -9 
434 413   1  4  0 -9 
434 414  -1  3  0 -9 
434 420  -1  3  0 -9 
434 421  -1  1  0 -9 
434 422   1  2  0 -9 
434 423  -1  3  0 -9 
434 427   1  4  0 -9 
434 428  -1  3  0 -9 
434 429  -1  3  0 -9 
434 430   1  2  0 -9 
434 431  -1  1  0 -9 
434 432  -1  1  0 -9 
434 433   1  2  0 -9 
434 434   1  0  0 -9 
435 435   1  8  0 -9 
436 435   1  7  0 -9 
436 436  -1  6  0 -9 
437 437   1  8  0 -9 
438 437   1  7  0 -9 
438 438  -1  6  0 -9 
439 106  -1  4  0 -9 
439 274  -1  4  0 -9 
439 435   1  6  0 -9 
439 436  -1  5  0 -9 
439 438  -1  4  0 -9 
439 440   1  3  0 -9 
440 105   1  6  0 -9 
440 106  -1  5  0 -9 
440 273   1  6  0 -9 
440 274  -1  5  0 -9 
440 436  -1  4  0 -9 
440 437   1  6  0 -9 
440 438  -1  5  0 -9 
440 439   1  3  0 -9 
441 441   1  8  0 -9 
442 441   1  7  0 -9 
442 442  -1  6  0 -9 
443 107  -1  4  0 -9 
443 413   1  6  0 -9 
443 414  -1  5  0 -9 
443 442  -1  4  0 -9 
443 444   1  3  0 -9 
444 85   1  6  0 -9 
444 107  -1  5  0 -9 
444 414  -1  4  0 -9 
444 441   1  6  0 -9 
444 442  -1  5  0 -9 
444 443   1  3  0 -9 
445 419   1  7  0 -9 
445 445  -1  6  0 -9 
446 85  -1  3  0 -9 
446 107   1  2  0 -9 
446 414  -1  3  0 -9 
446 419  -1  4  0 -9 
446 421  -1  1  0 -9 
446 422   1  2  0 -9 
446 441   1  5  0 -9 
446 442  -1  4  0 -9 
446 443   1  2  0 -9 
446 444  -1  1  0 -9 
446 445   1  3  0 -9 
446 446   1  0  0 -9 
447 447   1  8  0 -9 
448 437   1  7  0 -9 
448 447   1  7  0 -9 
448 448  -1  6  0 -9 
449 437   1  6  0 -9 
449 438  -1  5  0 -9 
449 447   1  6  0 -9 
449 448  -1  5  0 -9 
449 450   1  3  0 -9 
450 437   1  5  0 -9 
450 438  -1  4  0 -9 
450 448  -1  4  0 -9 
450 449   1  3  0 -9 
451 451   1  8  0 -9 
452 451   1  7  0 -9 
452 452  -1  6  0 -9 
453 350   1  7  0 -9 
453 423   1  7  0 -9 
453 441   1  7  0 -9 
453 451   1  7  0 -9 
453 453  -1  6  0 -9 
454 350   1  6  0 -9 
454 351  -1  5  0 -9 
454 423   1  6  0 -9 
454 441   1  6  0 -9 
454 442  -1  5  0 -9 
454 451   1  6  0 -9 
454 452  -1  5  0 -9 
454 453  -1  5  0 -9 
454 455   1  3  0 -9 
455 350   1  5  0 -9 
455 351  -1  4  0 -9 
455 441   1  5  0 -9 
455 442  -1  4  0 -9 
455 451   1  5  0 -9 
455 452  -1  4  0 -9 
455 453  -1  4  0 -9 
455 454   1  3  0 -9 
456 351  -1  4  0 -9 
456 419   1  6  0 -9 
456 427   1  6  0 -9 
456 429  -1  5  0 -9 
456 445  -1  5  0 -9 
456 452  -1  4  0 -9 
456 457   1  3  0 -9 
457 350   1  6  0 -9 
457 351  -1  5  0 -9 
457 419   1  5  0 -9 
457 429  -1  4  0 -9 
457 445  -1  4  0 -9 
457 451   1  6  0 -9 
457 452  -1  5  0 -9 
457 456   1  3  0 -9 
458 350   1  5  0 -9 
458 351  -1  4  0 -9 
458 429  -1  3  0 -9 
458 432  -1  1  0 -9 
458 433   1  2  0 -9 
458 451   1  5  0 -9 
458 452  -1  4  0 -9 
458 456   1  2  0 -9 
458 457  -1  1  0 -9 
458 458   1  0  0 -9 
459 85  -1  2  0 -9 
459 107   1  1  0 -9 
459 350   1  4  0 -9 
459 351  -1  3  0 -9 
459 419  -1  3  0 -9 
459 421  -1  0  0 -9 
459 422   1  1  0 -9 
459 431  -1  0  0 -9 
459 432  -1  0  0 -9 
459 433   1  1  0 -9 
459 434   1 -1  0 -9 
459 441   1  4  0 -9 
459 442  -1  3  0 -9 
459 444  -1  0  0 -9 
459 445   1  2  0 -9 
459 446   1 -1  0 -9 
459 451   1  4  0 -9 
459 452  -1  3  0 -9 
459 453  -1  3  0 -9 
459 454   1  2  0 -9 
459 455   1 -1  0 -9 
459 457  -1  0  0 -9 
459 458   1 -1  0 -9 
459 459  -1 -2  0 -9 
460 460   1  8  0 -9 
461 460   1  7  0 -9 
461 461  -1  6  0 -9 
462 460   1  7  0 -9 
462 462  -1  6  0 -9 
463 447   1  7  0 -9 
463 460   1  6  0 -9 
463 461  -1  5  0 -9 
463 462  -1  5  0 -9 
463 464   1  3  0 -9 
464 447  -1  4  0 -9 
464 460   1  5  0 -9 
464 461  -1  4  0 -9 
464 462  -1  4  0 -9 
464 463   1  3  0 -9 
465 129  -1  4  0 -9 
465 419  -1  4  0 -9 
465 460   1  5  0 -9 
465 461  -1  4  0 -9 
465 462  -1  4  0 -9 
465 466   1  3  0 -9 
466 129   1  7  0 -9 
466 419   1  7  0 -9 
466 460   1  6  0 -9 
466 461  -1  5  0 -9 
466 462  -1  5  0 -9 
466 465   1  3  0 -9 
467 129  -1  3  0 -9 
467 419  -1  3  0 -9 
467 447  -1  3  0 -9 
467 460   1  4  0 -9 
467 461  -1  3  0 -9 
467 462  -1  3  0 -9 
467 463   1  2  0 -9 
467 464  -1  1  0 -9 
467 465  -1  1  0 -9 
467 466   1  2  0 -9 
467 467   1  0  0 -9 
468 468   1  8  0 -9 
469 468   1  7  0 -9 
469 469  -1  6  0 -9 
470 468   1  7  0 -9 
470 470  -1  6  0 -9 
471 468   1  6  0 -9 
471 469  -1  5  0 -9 
471 470  -1  5  0 -9 
471 472   1  3  0 -9 
472 468   1  5  0 -9 
472 469  -1  4  0 -9 
472 470  -1  4  0 -9 
472 471   1  3  0 -9 
473 137  -1  4  0 -9 
473 438  -1  4  0 -9 
473 445  -1  4  0 -9 
473 460   1  6  0 -9 
473 462  -1  5  0 -9 
473 469  -1  4  0 -9 
473 474   1  3  0 -9 
474 129   1  6  0 -9 
474 137  -1  5  0 -9 
474 419   1  6  0 -9 
474 437   1  6  0 -9 
474 438  -1  5  0 -9 
474 445  -1  5  0 -9 
474 462  -1  4  0 -9 
474 468   1  6  0 -9 
474 469  -1  5  0 -9 
474 473   1  3  0 -9 
475 129  -1  3  0 -9 
475 137   1  2  0 -9 
475 419  -1  3  0 -9 
475 437   1  5  0 -9 
475 438  -1  4  0 -9 
475 445   1  2  0 -9 
475 462  -1  3  0 -9 
475 465  -1  1  0 -9 
475 466   1  2  0 -9 
475 468   1  5  0 -9 
475 469  -1  4  0 -9 
475 473   1  2  0 -9 
475 474  -1  1  0 -9 
475 475   1  0  0 -9 
476 129  -1  2  0 -9 
476 137   1  1  0 -9 
476 419  -1  2  0 -9 
476 437   1  4  0 -9 
476 438  -1  3  0 -9 
476 445   1  1  0 -9 
476 448  -1  3  0 -9 
476 449   1  2  0 -9 
476 450   1 -1  0 -9 
476 464  -1  0  0 -9 
476 465  -1  0  0 -9 
476 466   1  1  0 -9 
476 467   1 -1  0 -9 
476 468   1  4  0 -9 
476 469  -1  3  0 -9 
476 470  -1  3  0 -9 
476 471   1  2  0 -9 
476 472   1 -1  0 -9 
476 474  -1  0  0 -9 
476 475   1 -1  0 -9 
476 476  -1 -2  0 -9 
477 477   1  8  0 -9 
478 133  -1  4  0 -9 
478 468   1  5  0 -9 
478 469  -1  4  0 -9 
478 470  -1  4  0 -9 
478 477  -1  4  0 -9 
478 479   1  3  0 -9 
479 133   1  7  0 -9 
479 468   1  6  0 -9 
479 469  -1  5  0 -9 
479 470  -1  5  0 -9 
479 477   1  7  0 -9 
479 478   1  3  0 -9 
480 133  -1  3  0 -9 
480 468   1  4  0 -9 
480 469  -1  3  0 -9 
480 470  -1  3  0 -9 
480 471   1  2  0 -9 
480 472  -1  1  0 -9 
480 477  -1  3  0 -9 
480 478  -1  1  0 -9 
480 479   1  2  0 -9 
480 480   1  0  0 -9 
481 477   1  7  0 -9 
481 481  -1  6  0 -9 
482 481  -1  4  0 -9 
482 483   1  3  0 -9 
483 477   1  6  0 -9 
483 481  -1  5  0 -9 
483 482   1  3  0 -9 
484 133  -1  3  0 -9 
484 134   1  2  0 -9 
484 135   1  2  0 -9 
484 136  -1  1  0 -9 
484 468   1  6  1  4  0 -9 
484 469  -1  5 -1  3 -1  1  0 -9 
484 470  -1  3  0 -9 
484 471   1  2  0 -9 
484 472  -1  1  0 -9 
484 477  -1  3  0 -9 
484 478  -1  1  0 -9 
484 479   1  2  0 -9 
484 481   1  2  0 -9 
484 482   1  2  0 -9 
484 483  -1  1  0 -9 
484 484   1  0  0 -9 
485 133  -1  2  0 -9 
485 134   1  1  0 -9 
485 136  -1  0  0 -9 
485 468   1  3  0 -9 
485 469  -1  2 -1  0  0 -9 
485 470  -1  2  0 -9 
485 471   1  1  0 -9 
485 472  -1  0  0 -9 
485 477  -1  2  0 -9 
485 478  -1  0  0 -9 
485 479   1  1  0 -9 
485 480   1 -1  0 -9 
485 481   1  1  0 -9 
485 483  -1  0  0 -9 
485 484   1 -1  0 -9 
485 485  -1 -2  0 -9 
486 451   1  7  0 -9 
486 477   1  7  0 -9 
486 486  -1  6  0 -9 
487 451   1  5  0 -9 
487 452  -1  4  0 -9 
487 486  -1  4  0 -9 
487 488   1  3  0 -9 
488 451   1  6  0 -9 
488 452  -1  5  0 -9 
488 477   1  6  0 -9 
488 486  -1  5  0 -9 
488 487   1  3  0 -9 
489 451   1  6  0 -9 
489 452  -1  5  0 -9 
489 477   1  6  0 -9 
489 481  -1  5  0 -9 
489 486  -1  5  0 -9 
489 490   1  3  0 -9 
490 451   1  5  0 -9 
490 452  -1  4  0 -9 
490 477   1  5  0 -9 
490 481  -1  4  0 -9 
490 486  -1  4  0 -9 
490 489   1  3  0 -9 
491 451   1  6  1  4  0 -9 
491 452  -1  5 -1  3 -1  1  0 -9 
491 486  -1  3  0 -9 
491 487  -1  1  0 -9 
491 488   1  2  0 -9 
491 489   1  2  0 -9 
491 490  -1  1  0 -9 
491 491   1  0  0 -9 
492 451   1  4  0 -9 
492 452  -1  3  0 -9 
492 481  -1  3  0 -9 
492 482  -1  1  0 -9 
492 483   1  2  0 -9 
492 486  -1  3  0 -9 
492 487  -1  1  0 -9 
492 488   1  2  0 -9 
492 489   1  2  0 -9 
492 490  -1  1  0 -9 
492 492   1  0  0 -9 
493 451   1  3  0 -9 
493 452  -1  2 -1  0  0 -9 
493 482  -1  0  0 -9 
493 486  -1  2  0 -9 
493 487  -1  0  0 -9 
493 488   1  1  0 -9 
493 489   1  1  0 -9 
493 490  -1  0  0 -9 
493 491   1 -1  0 -9 
493 492   1 -1  0 -9 
493 493  -1 -2  0 -9 
494 494   1  8  0 -9 
495 494   1  7  0 -9 
495 495  -1  6  0 -9 
496 496   1  8  0 -9 
497 496   1  7  0 -9 
497 497  -1  6  0 -9 
498 309  -1  4  0 -9 
498 494   1  6  0 -9 
498 495  -1  5  0 -9 
498 497  -1  4  0 -9 
498 499   1  3  0 -9 
499 308   1  6  0 -9 
499 309  -1  5  0 -9 
499 495  -1  4  0 -9 
499 496   1  6  0 -9 
499 497  -1  5  0 -9 
499 498   1  3  0 -9 
500 500   1  8  0 -9 
501 500   1  7  0 -9 
501 501  -1  6  0 -9 
502 310  -1  4  0 -9 
502 501  -1  4  0 -9 
502 503   1  3  0 -9 
503 310  -1  5  0 -9 
503 500   1  6  0 -9 
503 501  -1  5  0 -9 
503 502   1  3  0 -9 
504 504  -1  6  0 -9 
505 310   1  2  0 -9 
505 500   1  5  0 -9 
505 501  -1  4  0 -9 
505 502   1  2  0 -9 
505 503  -1  1  0 -9 
505 504   1  3  0 -9 
505 505   1  0  0 -9 
506 506   1  8  0 -9 
507 496   1  7  0 -9 
507 506   1  7  0 -9 
507 507  -1  6  0 -9 
508 496   1  6  0 -9 
508 497  -1  5  0 -9 
508 506   1  6  0 -9 
508 507  -1  5  0 -9 
508 509   1  3  0 -9 
509 496   1  5  0 -9 
509 497  -1  4  0 -9 
509 507  -1  4  0 -9 
509 508   1  3  0 -9 
510 510   1  8  0 -9 
511 510   1  7  0 -9 
511 511  -1  6  0 -9 
512 500   1  7  0 -9 
512 510   1  7  0 -9 
512 512  -1  6  0 -9 
513 500   1  6  0 -9 
513 501  -1  5  0 -9 
513 510   1  6  0 -9 
513 511  -1  5  0 -9 
513 512  -1  5  0 -9 
513 514   1  3  0 -9 
514 500   1  5  0 -9 
514 501  -1  4  0 -9 
514 510   1  5  0 -9 
514 511  -1  4  0 -9 
514 512  -1  4  0 -9 
514 513   1  3  0 -9 
515 504  -1  5  0 -9 
515 511  -1  4  0 -9 
515 516   1  3  0 -9 
516 504  -1  4  0 -9 
516 510   1  6  0 -9 
516 511  -1  5  0 -9 
516 515   1  3  0 -9 
517 510   1  5  0 -9 
517 511  -1  4  0 -9 
517 515   1  2  0 -9 
517 516  -1  1  0 -9 
517 517   1  0  0 -9 
518 310   1  1  0 -9 
518 500   1  4  0 -9 
518 501  -1  3  0 -9 
518 503  -1  0  0 -9 
518 504   1  2  0 -9 
518 505   1 -1  0 -9 
518 510   1  4  0 -9 
518 511  -1  3  0 -9 
518 512  -1  3  0 -9 
518 513   1  2  0 -9 
518 514   1 -1  0 -9 
518 516  -1  0  0 -9 
518 517   1 -1  0 -9 
518 518  -1 -2  0 -9 
519 519   1  8  0 -9 
520 519   1  7  0 -9 
520 520  -1  6  0 -9 
521 519   1  7  0 -9 
521 521  -1  6  0 -9 
522 519   1  6  0 -9 
522 520  -1  5  0 -9 
522 521  -1  5  0 -9 
522 523   1  3  0 -9 
523 519   1  5  0 -9 
523 520  -1  4  0 -9 
523 521  -1  4  0 -9 
523 522   1  3  0 -9 
524 297  -1  4  0 -9 
524 336  -1  4  0 -9 
524 504  -1  4  0 -9 
524 520  -1  4  0 -9 
524 525   1  3  0 -9 
525 297  -1  5  0 -9 
525 336  -1  5  0 -9 
525 504  -1  5  0 -9 
525 519   1  6  0 -9 
525 520  -1  5  0 -9 
525 524   1  3  0 -9 
526 297   1  2  0 -9 
526 336   1  2  0 -9 
526 504   1  2  0 -9 
526 519   1  5  0 -9 
526 520  -1  4  0 -9 
526 524   1  2  0 -9 
526 525  -1  1  0 -9 
526 526   1  0  0 -9 
527 297   1  1  0 -9 
527 336   1  1  0 -9 
527 504   1  1  0 -9 
527 519   1  4  0 -9 
527 520  -1  3  0 -9 
527 521  -1  3  0 -9 
527 522   1  2  0 -9 
527 523   1 -1  0 -9 
527 525  -1  0  0 -9 
527 526   1 -1  0 -9 
527 527  -1 -2  0 -9 
528 528  -1  6  0 -9 
529 338  -1  4  0 -9 
529 469  -1  4  0 -9 
529 528  -1  4  0 -9 
529 530   1  3  0 -9 
530 338  -1  5  0 -9 
530 468   1  6  0 -9 
530 469  -1  5  0 -9 
530 528  -1  5  0 -9 
530 529   1  3  0 -9 
531 338   1  2  0 -9 
531 468   1  5  0 -9 
531 469  -1  4  0 -9 
531 528   1  2  0 -9 
531 529   1  2  0 -9 
531 530  -1  1  0 -9 
531 531   1  0  0 -9 
532 338   1  1  0 -9 
532 468   1  4  0 -9 
532 469  -1  3  0 -9 
532 470  -1  3  0 -9 
532 471   1  2  0 -9 
532 472   1 -1  0 -9 
532 528   1  1  0 -9 
532 530  -1  0  0 -9 
532 531   1 -1  0 -9 
532 532  -1 -2  0 -9 
533 477   1  5  0 -9 
533 481  -1  4  0 -9 
533 482   1  2  0 -9 
533 483  -1  1  0 -9 
533 528   1  3  0 -9 
533 533   1  0  0 -9 
534 452  -1  4  0 -9 
534 528  -1  5  0 -9 
534 535   1  3  0 -9 
535 451   1  6  0 -9 
535 452  -1  5  0 -9 
535 528  -1  4  0 -9 
535 534   1  3  0 -9 
536 451   1  5  0 -9 
536 452  -1  4  0 -9 
536 534   1  2  0 -9 
536 535  -1  1  0 -9 
536 536   1  0  0 -9 
537 451   1  4  0 -9 
537 452  -1  3  0 -9 
537 477   1  4  0 -9 
537 481  -1  3  0 -9 
537 483  -1  0  0 -9 
537 486  -1  3  0 -9 
537 489   1  2  0 -9 
537 490   1 -1  0 -9 
537 528   1  2  0 -9 
537 533   1 -1  0 -9 
537 535  -1  0  0 -9 
537 536   1 -1  0 -9 
537 537  -1 -2  0 -9 
538 538   1  8  0 -9 
539 538   1  7  0 -9 
539 539  -1  6  0 -9 
540 540   1  8  0 -9 
541 540   1  7  0 -9 
541 541  -1  6  0 -9 
542 538   1  6  0 -9 
542 539  -1  5  0 -9 
542 541  -1  4  0 -9 
542 543   1  3  0 -9 
543 539  -1  4  0 -9 
543 540   1  6  0 -9 
543 541  -1  5  0 -9 
543 542   1  3  0 -9 
544 544   1  8  0 -9 
545 538   1  7  0 -9 
545 544   1  7  0 -9 
545 545  -1  6  0 -9 
546 538   1  5  0 -9 
546 539  -1  4  0 -9 
546 545  -1  4  0 -9 
546 547   1  3  0 -9 
547 538   1  6  0 -9 
547 539  -1  5  0 -9 
547 544   1  6  0 -9 
547 545  -1  5  0 -9 
547 546   1  3  0 -9 
548 548   1  8  0 -9 
549 548   1  7  0 -9 
549 549  -1  6  0 -9 
550 549  -1  4  0 -9 
550 551   1  3  0 -9 
551 548   1  6  0 -9 
551 549  -1  5  0 -9 
551 550   1  3  0 -9 
552 544   1  7  0 -9 
552 552  -1  6  0 -9 
553 539  -1  3  0 -9 
553 540   1  5  0 -9 
553 541  -1  4  0 -9 
553 542   1  2  0 -9 
553 543  -1  1  0 -9 
553 544  -1  4  0 -9 
553 546  -1  1  0 -9 
553 547   1  2  0 -9 
553 548   1  5  0 -9 
553 549  -1  4  0 -9 
553 550   1  2  0 -9 
553 551  -1  1  0 -9 
553 552   1  3  0 -9 
553 553   1  0  0 -9 
554 554   1  8  0 -9 
555 554   1  7  0 -9 
555 555  -1  6  0 -9 
556 554   1  7  0 -9 
556 556  -1  6  0 -9 
557 506   1  7  0 -9 
557 554   1  6  0 -9 
557 555  -1  5  0 -9 
557 556  -1  5  0 -9 
557 558   1  3  0 -9 
558 506  -1  4  0 -9 
558 554   1  5  0 -9 
558 555  -1  4  0 -9 
558 556  -1  4  0 -9 
558 557   1  3  0 -9 
559 544  -1  4  0 -9 
559 554   1  5  0 -9 
559 555  -1  4  0 -9 
559 556  -1  4  0 -9 
559 560   1  3  0 -9 
560 544   1  7  0 -9 
560 554   1  6  0 -9 
560 555  -1  5  0 -9 
560 556  -1  5  0 -9 
560 559   1  3  0 -9 
561 506  -1  3  0 -9 
561 544  -1  3  0 -9 
561 554   1  4  0 -9 
561 555  -1  3  0 -9 
561 556  -1  3  0 -9 
561 557   1  2  0 -9 
561 558  -1  1  0 -9 
561 559  -1  1  0 -9 
561 560   1  2  0 -9 
561 561   1  0  0 -9 
562 562   1  8  0 -9 
563 562   1  7  0 -9 
563 563  -1  6  0 -9 
564 562   1  7  0 -9 
564 564  -1  6  0 -9 
565 562   1  6  0 -9 
565 563  -1  5  0 -9 
565 564  -1  5  0 -9 
565 566   1  3  0 -9 
566 562   1  5  0 -9 
566 563  -1  4  0 -9 
566 564  -1  4  0 -9 
566 565   1  3  0 -9 
567 497  -1  4  0 -9 
567 504  -1  4  0 -9 
567 552  -1  4  0 -9 
567 554   1  6  0 -9 
567 556  -1  5  0 -9 
567 563  -1  4  0 -9 
567 568   1  3  0 -9 
568 496   1  6  0 -9 
568 497  -1  5  0 -9 
568 504  -1  5  0 -9 
568 544   1  6  0 -9 
568 552  -1  5  0 -9 
568 556  -1  4  0 -9 
568 562   1  6  0 -9 
568 563  -1  5  0 -9 
568 567   1  3  0 -9 
569 496   1  5  0 -9 
569 497  -1  4  0 -9 
569 504   1  2  0 -9 
569 544  -1  3  0 -9 
569 552   1  2  0 -9 
569 556  -1  3  0 -9 
569 559  -1  1  0 -9 
569 560   1  2  0 -9 
569 562   1  5  0 -9 
569 563  -1  4  0 -9 
569 567   1  2  0 -9 
569 568  -1  1  0 -9 
569 569   1  0  0 -9 
570 496   1  4  0 -9 
570 497  -1  3  0 -9 
570 504   1  1  0 -9 
570 507  -1  3  0 -9 
570 508   1  2  0 -9 
570 509   1 -1  0 -9 
570 544  -1  2  0 -9 
570 552   1  1  0 -9 
570 558  -1  0  0 -9 
570 559  -1  0  0 -9 
570 560   1  1  0 -9 
570 561   1 -1  0 -9 
570 562   1  4  0 -9 
570 563  -1  3  0 -9 
570 564  -1  3  0 -9 
570 565   1  2  0 -9 
570 566   1 -1  0 -9 
570 568  -1  0  0 -9 
570 569   1 -1  0 -9 
570 570  -1 -2  0 -9 
571 571   1  8  0 -9 
572 548  -1  4  0 -9 
572 562   1  5  0 -9 
572 563  -1  4  0 -9 
572 564  -1  4  0 -9 
572 571  -1  4  0 -9 
572 573   1  3  0 -9 
573 548   1  7  0 -9 
573 562   1  6  0 -9 
573 563  -1  5  0 -9 
573 564  -1  5  0 -9 
573 571   1  7  0 -9 
573 572   1  3  0 -9 
574 548  -1  3  0 -9 
574 562   1  4  0 -9 
574 563  -1  3  0 -9 
574 564  -1  3  0 -9 
574 565   1  2  0 -9 
574 566  -1  1  0 -9 
574 571  -1  3  0 -9 
574 572  -1  1  0 -9 
574 573   1  2  0 -9 
574 574   1  0  0 -9 
575 571   1  7  0 -9 
575 575  -1  6  0 -9 
576 575  -1  4  0 -9 
576 577   1  3  0 -9 
577 571   1  6  0 -9 
577 575  -1  5  0 -9 
577 576   1  3  0 -9 
578 548  -1  3  0 -9 
578 549   1  2  0 -9 
578 550   1  2  0 -9 
578 551  -1  1  0 -9 
578 562   1  6  1  4  0 -9 
578 563  -1  5 -1  3 -1  1  0 -9 
578 564  -1  3  0 -9 
578 565   1  2  0 -9 
578 566  -1  1  0 -9 
578 571  -1  3  0 -9 
578 572  -1  1  0 -9 
578 573   1  2  0 -9 
578 575   1  2  0 -9 
578 576   1  2  0 -9 
578 577  -1  1  0 -9 
578 578   1  0  0 -9 
579 548  -1  2  0 -9 
579 549   1  1  0 -9 
579 551  -1  0  0 -9 
579 562   1  3  0 -9 
579 563  -1  2 -1  0  0 -9 
579 564  -1  2  0 -9 
579 565   1  1  0 -9 
579 566  -1  0  0 -9 
579 571  -1  2  0 -9 
579 572  -1  0  0 -9 
579 573   1  1  0 -9 
579 574   1 -1  0 -9 
579 575   1  1  0 -9 
579 577  -1  0  0 -9 
579 578   1 -1  0 -9 
579 579  -1 -2  0 -9 
580 510   1  7  0 -9 
580 571   1  7  0 -9 
580 580  -1  6  0 -9 
581 510   1  5  0 -9 
581 511  -1  4  0 -9 
581 580  -1  4  0 -9 
581 582   1  3  0 -9 
582 510   1  6  0 -9 
582 511  -1  5  0 -9 
582 571   1  6  0 -9 
582 580  -1  5  0 -9 
582 581   1  3  0 -9 
583 510   1  6  0 -9 
583 511  -1  5  0 -9 
583 571   1  6  0 -9 
583 575  -1  5  0 -9 
583 580  -1  5  0 -9 
583 584   1  3  0 -9 
584 510   1  5  0 -9 
584 511  -1  4  0 -9 
584 571   1  5  0 -9 
584 575  -1  4  0 -9 
584 580  -1  4  0 -9 
584 583   1  3  0 -9 
585 510   1  6  1  4  0 -9 
585 511  -1  5 -1  3 -1  1  0 -9 
585 580  -1  3  0 -9 
585 581  -1  1  0 -9 
585 582   1  2  0 -9 
585 583   1  2  0 -9 
585 584  -1  1  0 -9 
585 585   1  0  0 -9 
586 510   1  4  0 -9 
586 511  -1  3  0 -9 
586 575  -1  3  0 -9 
586 576  -1  1  0 -9 
586 577   1  2  0 -9 
586 580  -1  3  0 -9 
586 581  -1  1  0 -9 
586 582   1  2  0 -9 
586 583   1  2  0 -9 
586 584  -1  1  0 -9 
586 586   1  0  0 -9 
587 510   1  3  0 -9 
587 511  -1  2 -1  0  0 -9 
587 576  -1  0  0 -9 
587 580  -1  2  0 -9 
587 581  -1  0  0 -9 
587 582   1  1  0 -9 
587 583   1  1  0 -9 
587 584  -1  0  0 -9 
587 585   1 -1  0 -9 
587 586   1 -1  0 -9 
587 587  -1 -2  0 -9 
588 588   1  8  0 -9 
589 588   1  7  0 -9 
589 589  -1  6  0 -9 
590 589  -1  4  0 -9 
590 591   1  3  0 -9 
591 588   1  6  0 -9 
591 589  -1  5  0 -9 
591 590   1  3  0 -9 
592 592  -1  6  0 -9 
593 310   1  3  0 -9 
593 588   1  5  0 -9 
593 589  -1  4  0 -9 
593 590   1  2  0 -9 
593 591  -1  1  0 -9 
593 592   1  3  0 -9 
593 593   1  0  0 -9 
594 594  -1  6  0 -9 
595 548   1  5  0 -9 
595 549  -1  4  0 -9 
595 550   1  2  0 -9 
595 551  -1  1  0 -9 
595 594   1  3  0 -9 
595 595   1  0  0 -9 
596 596   1  8  0 -9 
597 596   1  7  0 -9 
597 597  -1  6  0 -9 
598 596   1  7  0 -9 
598 598  -1  6  0 -9 
599 596   1  6  0 -9 
599 597  -1  5  0 -9 
599 598  -1  5  0 -9 
599 600   1  3  0 -9 
600 596   1  5  0 -9 
600 597  -1  4  0 -9 
600 598  -1  4  0 -9 
600 599   1  3  0 -9 
601 592  -1  4  0 -9 
601 597  -1  4  0 -9 
601 602   1  3  0 -9 
602 592  -1  5  0 -9 
602 596   1  6  0 -9 
602 597  -1  5  0 -9 
602 601   1  3  0 -9 
603 592   1  2  0 -9 
603 596   1  5  0 -9 
603 597  -1  4  0 -9 
603 601   1  2  0 -9 
603 602  -1  1  0 -9 
603 603   1  0  0 -9 
604 592   1  1  0 -9 
604 596   1  4  0 -9 
604 597  -1  3  0 -9 
604 598  -1  3  0 -9 
604 599   1  2  0 -9 
604 600   1 -1  0 -9 
604 602  -1  0  0 -9 
604 603   1 -1  0 -9 
604 604  -1 -2  0 -9 
605 605  -1  6  0 -9 
606 504  -1  4  0 -9 
606 563  -1  4  0 -9 
606 594  -1  4  0 -9 
606 605  -1  4  0 -9 
606 607   1  3  0 -9 
607 504  -1  5  0 -9 
607 562   1  6  0 -9 
607 563  -1  5  0 -9 
607 594  -1  5  0 -9 
607 605  -1  5  0 -9 
607 606   1  3  0 -9 
608 504   1  2  0 -9 
608 562   1  5  0 -9 
608 563  -1  4  0 -9 
608 594   1  2  0 -9 
608 605   1  2  0 -9 
608 606   1  2  0 -9 
608 607  -1  1  0 -9 
608 608   1  0  0 -9 
609 504   1  1  0 -9 
609 562   1  4  0 -9 
609 563  -1  3  0 -9 
609 564  -1  3  0 -9 
609 565   1  2  0 -9 
609 566   1 -1  0 -9 
609 594   1  1  0 -9 
609 605   1  1  0 -9 
609 607  -1  0  0 -9 
609 608   1 -1  0 -9 
609 609  -1 -2  0 -9 
610 504   1  3  0 -9 
610 571   1  5  0 -9 
610 575  -1  4  0 -9 
610 576   1  2  0 -9 
610 577  -1  1  0 -9 
610 605   1  3  0 -9 
610 610   1  0  0 -9 
611 605  -1  5  0 -9 
611 612   1  3  0 -9 
612 605  -1  4  0 -9 
612 611   1  3  0 -9 
613 611   1  2  0 -9 
613 612  -1  1  0 -9 
613 613   1  0  0 -9 
614 504   1  2  0 -9 
614 510   1  4  0 -9 
614 511  -1  3  0 -9 
614 516  -1  0  0 -9 
614 517   1 -1  0 -9 
614 571   1  4  0 -9 
614 575  -1  3  0 -9 
614 577  -1  0  0 -9 
614 580  -1  3  0 -9 
614 583   1  2  0 -9 
614 584   1 -1  0 -9 
614 605   1  2  0 -9 
614 610   1 -1  0 -9 
614 612  -1  0  0 -9 
614 613   1 -1  0 -9 
614 614  -1 -2  0 -9 
615 615   1  8  0 -9 
616 596   1  5  0 -9 
616 597  -1  4  0 -9 
616 598  -1  4  0 -9 
616 615  -1  4  0 -9 
616 617   1  3  0 -9 
617 596   1  6  0 -9 
617 597  -1  5  0 -9 
617 598  -1  5  0 -9 
617 615   1  7  0 -9 
617 616   1  3  0 -9 
618 596   1  4  0 -9 
618 597  -1  3  0 -9 
618 598  -1  3  0 -9 
618 599   1  2  0 -9 
618 600  -1  1  0 -9 
618 615  -1  3  0 -9 
618 616  -1  1  0 -9 
618 617   1  2  0 -9 
618 618   1  0  0 -9 
619 615   1  7  0 -9 
619 619  -1  6  0 -9 
620 619  -1  4  0 -9 
620 621   1  3  0 -9 
621 615   1  6  0 -9 
621 619  -1  5  0 -9 
621 620   1  3  0 -9 
622 596   1  6  1  4  0 -9 
622 597  -1  5 -1  3 -1  1  0 -9 
622 598  -1  3  0 -9 
622 599   1  2  0 -9 
622 600  -1  1  0 -9 
622 615  -1  3  0 -9 
622 616  -1  1  0 -9 
622 617   1  2  0 -9 
622 619   1  2  0 -9 
622 620   1  2  0 -9 
622 621  -1  1  0 -9 
622 622   1  0  0 -9 
623 596   1  3  0 -9 
623 597  -1  2 -1  0  0 -9 
623 598  -1  2  0 -9 
623 599   1  1  0 -9 
623 600  -1  0  0 -9 
623 615  -1  2  0 -9 
623 616  -1  0  0 -9 
623 617   1  1  0 -9 
623 618   1 -1  0 -9 
623 619   1  1  0 -9 
623 621  -1  0  0 -9 
623 622   1 -1  0 -9 
623 623  -1 -2  0 -9 
624 624  -1  6  0 -9 
625 624  -1  4  0 -9 
625 626   1  3  0 -9 
626 624  -1  5  0 -9 
626 625   1  3  0 -9 
627 624   1  2  0 -9 
627 625   1  2  0 -9 
627 626  -1  1  0 -9 
627 627   1  0  0 -9 
628 624   1  1  0 -9 
628 626  -1  0  0 -9 
628 627   1 -1  0 -9 
628 628  -1 -2  0 -9 
629 592   1  3  0 -9 
629 615   1  5  0 -9 
629 619  -1  4  0 -9 
629 620   1  2  0 -9 
629 621  -1  1  0 -9 
629 624   1  3  0 -9 
629 629   1  0  0 -9 
630 605  -1  4  0 -9 
630 631   1  3  0 -9 
631 605  -1  5  0 -9 
631 630   1  3  0 -9 
632 605  -1  3  0 -9 
632 611   1  2  0 -9 
632 612  -1  1  0 -9 
632 630  -1  1  0 -9 
632 631   1  2  0 -9 
632 632   1  0  0 -9 
633 611   1  1  0 -9 
633 612  -1  0  0 -9 
633 613   1 -1  0 -9 
633 630  -1  0  0 -9 
633 632   1 -1  0 -9 
633 633  -1 -2  0 -9 
634 605   1  2  0 -9 
634 630   1  2  0 -9 
634 631  -1  1  0 -9 
634 634   1  0  0 -9 
635 605   1  1  0 -9 
635 631  -1  0  0 -9 
635 634   1 -1  0 -9 
635 635  -1 -2  0 -9 
636 636   1  8  0 -9 
637 369   1  7  0 -9 
637 540   1  7  0 -9 
637 636   1  7  0 -9 
637 637  -1  6  0 -9 
638 369   1  6  0 -9 
638 370  -1  5  0 -9 
638 540   1  6  0 -9 
638 541  -1  5  0 -9 
638 636   1  6  0 -9 
638 637  -1  5  0 -9 
638 639   1  3  0 -9 
639 369   1  5  0 -9 
639 370  -1  4  0 -9 
639 540   1  5  0 -9 
639 541  -1  4  0 -9 
639 637  -1  4  0 -9 
639 638   1  3  0 -9 
640 640   1  8  0 -9 
641 640   1  7  0 -9 
641 641  -1  6  0 -9 
642 544   1  7  0 -9 
642 640   1  7  0 -9 
642 642  -1  6  0 -9 
643 538   1  6  0 -9 
643 539  -1  5  0 -9 
643 544   1  6  0 -9 
643 545  -1  5  0 -9 
643 636   1  7  0 -9 
643 640   1  6  0 -9 
643 641  -1  5  0 -9 
643 642  -1  5  0 -9 
643 644   1  3  0 -9 
644 538   1  5  0 -9 
644 539  -1  4  0 -9 
644 544   1  5  0 -9 
644 545  -1  4  0 -9 
644 636  -1  4  0 -9 
644 640   1  5  0 -9 
644 641  -1  4  0 -9 
644 642  -1  4  0 -9 
644 643   1  3  0 -9 
645 640   1  5  0 -9 
645 641  -1  4  0 -9 
645 642  -1  4  0 -9 
645 646   1  3  0 -9 
646 544   1  6  0 -9 
646 640   1  6  0 -9 
646 641  -1  5  0 -9 
646 642  -1  5  0 -9 
646 645   1  3  0 -9 
647 538   1  4  0 -9 
647 539  -1  3  0 -9 
647 545  -1  3  0 -9 
647 546  -1  1  0 -9 
647 547   1  2  0 -9 
647 636  -1  3  0 -9 
647 640   1  4  0 -9 
647 641  -1  3  0 -9 
647 642  -1  3  0 -9 
647 643   1  2  0 -9 
647 644  -1  1  0 -9 
647 645  -1  1  0 -9 
647 646   1  2  0 -9 
647 647   1  0  0 -9 
648 648   1  8  0 -9 
649 648   1  7  0 -9 
649 649  -1  6  0 -9 
650 548   1  7  0 -9 
650 648   1  7  0 -9 
650 650  -1  6  0 -9 
651 548   1  6  0 -9 
651 549  -1  5  0 -9 
651 648   1  6  0 -9 
651 649  -1  5  0 -9 
651 650  -1  5  0 -9 
651 652   1  3  0 -9 
652 548   1  5  0 -9 
652 549  -1  4  0 -9 
652 648   1  5  0 -9 
652 649  -1  4  0 -9 
652 650  -1  4  0 -9 
652 651   1  3  0 -9 
653 370  -1  4  0 -9 
653 377  -1  4  0 -9 
653 544   1  6  0 -9 
653 552  -1  5  0 -9 
653 640   1  6  0 -9 
653 642  -1  5  0 -9 
653 649  -1  4  0 -9 
653 654   1  3  0 -9 
654 369   1  6  0 -9 
654 370  -1  5  0 -9 
654 377  -1  5  0 -9 
654 544   1  5  0 -9 
654 552  -1  4  0 -9 
654 642  -1  4  0 -9 
654 648   1  6  0 -9 
654 649  -1  5  0 -9 
654 653   1  3  0 -9 
655 369   1  5  0 -9 
655 370  -1  4  0 -9 
655 377   1  2  0 -9 
655 642  -1  3  0 -9 
655 645  -1  1  0 -9 
655 646   1  2  0 -9 
655 648   1  5  0 -9 
655 649  -1  4  0 -9 
655 653   1  2  0 -9 
655 654  -1  1  0 -9 
655 655   1  0  0 -9 
656 369   1  4  0 -9 
656 370  -1  3  0 -9 
656 377   1  1  0 -9 
656 540   1  4  0 -9 
656 541  -1  3  0 -9 
656 543  -1  0  0 -9 
656 544  -1  3  0 -9 
656 546  -1  0  0 -9 
656 547   1  1  0 -9 
656 548   1  4  0 -9 
656 549  -1  3  0 -9 
656 551  -1  0  0 -9 
656 552   1  2  0 -9 
656 553   1 -1  0 -9 
656 637  -1  3  0 -9 
656 638   1  2  0 -9 
656 639   1 -1  0 -9 
656 644  -1  0  0 -9 
656 645  -1  0  0 -9 
656 646   1  1  0 -9 
656 647   1 -1  0 -9 
656 648   1  4  0 -9 
656 649  -1  3  0 -9 
656 650  -1  3  0 -9 
656 651   1  2  0 -9 
656 652   1 -1  0 -9 
656 654  -1  0  0 -9 
656 655   1 -1  0 -9 
656 656  -1 -2  0 -9 
657 657   1  8  0 -9 
658 648   1  5  0 -9 
658 649  -1  4  0 -9 
658 650  -1  4  0 -9 
658 657  -1  4  0 -9 
658 659   1  3  0 -9 
659 548   1  6  0 -9 
659 648   1  6  0 -9 
659 649  -1  5  0 -9 
659 650  -1  5  0 -9 
659 657   1  7  0 -9 
659 658   1  3  0 -9 
660 549  -1  3  0 -9 
660 550  -1  1  0 -9 
660 551   1  2  0 -9 
660 648   1  4  0 -9 
660 649  -1  3  0 -9 
660 650  -1  3  0 -9 
660 651   1  2  0 -9 
660 652  -1  1  0 -9 
660 657  -1  3  0 -9 
660 658  -1  1  0 -9 
660 659   1  2  0 -9 
660 660   1  0  0 -9 
661 657   1  7  0 -9 
661 661  -1  6  0 -9 
662 661  -1  4  0 -9 
662 663   1  3  0 -9 
663 657   1  6  0 -9 
663 661  -1  5  0 -9 
663 662   1  3  0 -9 
664 648   1  6  1  4  0 -9 
664 649  -1  5 -1  3 -1  1  0 -9 
664 650  -1  3  0 -9 
664 651   1  2  0 -9 
664 652  -1  1  0 -9 
664 657  -1  3  0 -9 
664 658  -1  1  0 -9 
664 659   1  2  0 -9 
664 661   1  2  0 -9 
664 662   1  2  0 -9 
664 663  -1  1  0 -9 
664 664   1  0  0 -9 
665 550  -1  0  0 -9 
665 648   1  3  0 -9 
665 649  -1  2 -1  0  0 -9 
665 650  -1  2  0 -9 
665 651   1  1  0 -9 
665 652  -1  0  0 -9 
665 657  -1  2  0 -9 
665 658  -1  0  0 -9 
665 659   1  1  0 -9 
665 660   1 -1  0 -9 
665 661   1  1  0 -9 
665 663  -1  0  0 -9 
665 664   1 -1  0 -9 
665 665  -1 -2  0 -9 
666 666   1  8  0 -9 
667 666   1  7  0 -9 
667 667  -1  6  0 -9 
668 373   1  7  0 -9 
668 588   1  7  0 -9 
668 666   1  7  0 -9 
668 668  -1  6  0 -9 
669 373   1  6  0 -9 
669 374  -1  5  0 -9 
669 588   1  6  0 -9 
669 589  -1  5  0 -9 
669 666   1  6  0 -9 
669 667  -1  5  0 -9 
669 668  -1  5  0 -9 
669 670   1  3  0 -9 
670 373   1  5  0 -9 
670 374  -1  4  0 -9 
670 588   1  5  0 -9 
670 589  -1  4  0 -9 
670 666   1  5  0 -9 
670 667  -1  4  0 -9 
670 668  -1  4  0 -9 
670 669   1  3  0 -9 
671 377  -1  5  0 -9 
671 592  -1  5  0 -9 
671 667  -1  4  0 -9 
671 672   1  3  0 -9 
672 377  -1  4  0 -9 
672 592  -1  4  0 -9 
672 666   1  6  0 -9 
672 667  -1  5  0 -9 
672 671   1  3  0 -9 
673 666   1  5  0 -9 
673 667  -1  4  0 -9 
673 671   1  2  0 -9 
673 672  -1  1  0 -9 
673 673   1  0  0 -9 
674 310   1  2  0 -9 
674 373   1  4  0 -9 
674 374  -1  3  0 -9 
674 376  -1  0  0 -9 
674 377   1  2  0 -9 
674 378   1 -1  0 -9 
674 588   1  4  0 -9 
674 589  -1  3  0 -9 
674 591  -1  0  0 -9 
674 592   1  2  0 -9 
674 593   1 -1  0 -9 
674 666   1  4  0 -9 
674 667  -1  3  0 -9 
674 668  -1  3  0 -9 
674 669   1  2  0 -9 
674 670   1 -1  0 -9 
674 672  -1  0  0 -9 
674 673   1 -1  0 -9 
674 674  -1 -2  0 -9 
675 675  -1  6  0 -9 
676 377  -1  4  0 -9 
676 594  -1  5  0 -9 
676 649  -1  4  0 -9 
676 675  -1  4  0 -9 
676 677   1  3  0 -9 
677 377  -1  5  0 -9 
677 594  -1  4  0 -9 
677 648   1  6  0 -9 
677 649  -1  5  0 -9 
677 675  -1  5  0 -9 
677 676   1  3  0 -9 
678 377   1  2  0 -9 
678 648   1  5  0 -9 
678 649  -1  4  0 -9 
678 675   1  2  0 -9 
678 676   1  2  0 -9 
678 677  -1  1  0 -9 
678 678   1  0  0 -9 
679 377   1  1  0 -9 
679 548   1  4  0 -9 
679 549  -1  3  0 -9 
679 551  -1  0  0 -9 
679 594   1  2  0 -9 
679 595   1 -1  0 -9 
679 648   1  4  0 -9 
679 649  -1  3  0 -9 
679 650  -1  3  0 -9 
679 651   1  2  0 -9 
679 652   1 -1  0 -9 
679 675   1  1  0 -9 
679 677  -1  0  0 -9 
679 678   1 -1  0 -9 
679 679  -1 -2  0 -9 
680 377   1  3  0 -9 
680 657   1  5  0 -9 
680 661  -1  4  0 -9 
680 662   1  2  0 -9 
680 663  -1  1  0 -9 
680 675   1  3  0 -9 
680 680   1  0  0 -9 
681 615   1  7  0 -9 
681 657   1  7  0 -9 
681 666   1  7  0 -9 
681 681  -1  6  0 -9 
682 666   1  5  0 -9 
682 667  -1  4  0 -9 
682 681  -1  4  0 -9 
682 683   1  3  0 -9 
683 615   1  6  0 -9 
683 657   1  6  0 -9 
683 666   1  6  0 -9 
683 667  -1  5  0 -9 
683 681  -1  5  0 -9 
683 682   1  3  0 -9 
684 615   1  6  0 -9 
684 619  -1  5  0 -9 
684 657   1  6  0 -9 
684 661  -1  5  0 -9 
684 666   1  6  0 -9 
684 667  -1  5  0 -9 
684 681  -1  5  0 -9 
684 685   1  3  0 -9 
685 615   1  5  0 -9 
685 619  -1  4  0 -9 
685 657   1  5  0 -9 
685 661  -1  4  0 -9 
685 666   1  5  0 -9 
685 667  -1  4  0 -9 
685 681  -1  4  0 -9 
685 684   1  3  0 -9 
686 666   1  6  1  4  0 -9 
686 667  -1  5 -1  3 -1  1  0 -9 
686 681  -1  3  0 -9 
686 682  -1  1  0 -9 
686 683   1  2  0 -9 
686 684   1  2  0 -9 
686 685  -1  1  0 -9 
686 686   1  0  0 -9 
687 619  -1  3  0 -9 
687 620  -1  1  0 -9 
687 621   1  2  0 -9 
687 661  -1  3  0 -9 
687 662  -1  1  0 -9 
687 663   1  2  0 -9 
687 666   1  4  0 -9 
687 667  -1  3  0 -9 
687 681  -1  3  0 -9 
687 682  -1  1  0 -9 
687 683   1  2  0 -9 
687 684   1  2  0 -9 
687 685  -1  1  0 -9 
687 687   1  0  0 -9 
688 620  -1  0  0 -9 
688 662  -1  0  0 -9 
688 666   1  3  0 -9 
688 667  -1  2 -1  0  0 -9 
688 681  -1  2  0 -9 
688 682  -1  0  0 -9 
688 683   1  1  0 -9 
688 684   1  1  0 -9 
688 685  -1  0  0 -9 
688 686   1 -1  0 -9 
688 687   1 -1  0 -9 
688 688  -1 -2  0 -9 
689 624  -1  5  0 -9 
689 675  -1  5  0 -9 
689 690   1  3  0 -9 
690 624  -1  4  0 -9 
690 675  -1  4  0 -9 
690 689   1  3  0 -9 
691 689   1  2  0 -9 
691 690  -1  1  0 -9 
691 691   1  0  0 -9 
692 377   1  2  0 -9 
692 592   1  2  0 -9 
692 615   1  4  0 -9 
692 619  -1  3  0 -9 
692 621  -1  0  0 -9 
692 624   1  2  0 -9 
692 629   1 -1  0 -9 
692 657   1  4  0 -9 
692 661  -1  3  0 -9 
692 663  -1  0  0 -9 
692 666   1  4  0 -9 
692 667  -1  3  0 -9 
692 672  -1  0  0 -9 
692 673   1 -1  0 -9 
692 675   1  2  0 -9 
692 680   1 -1  0 -9 
692 681  -1  3  0 -9 
692 684   1  2  0 -9 
692 685   1 -1  0 -9 
692 690  -1  0  0 -9 
692 691   1 -1  0 -9 
692 692  -1 -2  0 -9 
693 675  -1  4  0 -9 
693 694   1  3  0 -9 
694 675  -1  5  0 -9 
694 693   1  3  0 -9 
695 624  -1  3  0 -9 
695 625  -1  1  0 -9 
695 626   1  2  0 -9 
695 675  -1  3  0 -9 
695 689   1  2  0 -9 
695 690  -1  1  0 -9 
695 693  -1  1  0 -9 
695 694   1  2  0 -9 
695 695   1  0  0 -9 
696 625  -1  0  0 -9 
696 689   1  1  0 -9 
696 690  -1  0  0 -9 
696 691   1 -1  0 -9 
696 693  -1  0  0 -9 
696 695   1 -1  0 -9 
696 696  -1 -2  0 -9 
697 675   1  2  0 -9 
697 693   1  2  0 -9 
697 694  -1  1  0 -9 
697 697   1  0  0 -9 
698 675   1  1  0 -9 
698 694  -1  0  0 -9 
698 697   1 -1  0 -9 
698 698  -1 -2  0 -9 
9999 9999
