 0  0   1  8  0 -9 
 1  0   1  7  0 -9 
 1  1  -1  6  0 -9 
 2  2   1  8  0 -9 
 3  2   1  7  0 -9 
 3  3  -1  6  0 -9 
 4  0   1  6  0 -9 
 4  1  -1  5  0 -9 
 4  3  -1  4  0 -9 
 4  5   1  3  0 -9 
 5  1  -1  4  0 -9 
 5  2   1  6  0 -9 
 5  3  -1  5  0 -9 
 5  4   1  3  0 -9 
 6  6   1  8  0 -9 
 7  6   1  7  0 -9 
 7  7  -1  6  0 -9 
 8  7  -1  4  0 -9 
 8  9   1  3  0 -9 
 9  6   1  6  0 -9 
 9  7  -1  5  0 -9 
 9  8   1  3  0 -9 
10 10  -1  6  0 -9 
11  6   1  5  0 -9 
11  7  -1  4  0 -9 
11  8   1  2  0 -9 
11  9  -1  1  0 -9 
11 10   1  3  0 -9 
11 11   1  0  0 -9 
12 12   1  8  0 -9 
13  2   1  7  0 -9 
13 12   1  7  0 -9 
13 13  -1  6  0 -9 
14  2   1  6  0 -9 
14  3  -1  5  0 -9 
14 12   1  6  0 -9 
14 13  -1  5  0 -9 
14 15   1  3  0 -9 
15  2   1  5  0 -9 
15  3  -1  4  0 -9 
15 13  -1  4  0 -9 
15 14   1  3  0 -9 
16 16   1  8  0 -9 
17 16   1  7  0 -9 
17 17  -1  6  0 -9 
18  6   1  7  0 -9 
18 16   1  7  0 -9 
18 18  -1  6  0 -9 
19  6   1  6  0 -9 
19  7  -1  5  0 -9 
19 16   1  6  0 -9 
19 17  -1  5  0 -9 
19 18  -1  5  0 -9 
19 20   1  3  0 -9 
20  6   1  5  0 -9 
20  7  -1  4  0 -9 
20 16   1  5  0 -9 
20 17  -1  4  0 -9 
20 18  -1  4  0 -9 
20 19   1  3  0 -9 
21 10  -1  5  0 -9 
21 17  -1  4  0 -9 
21 22   1  3  0 -9 
22 10  -1  4  0 -9 
22 16   1  6  0 -9 
22 17  -1  5  0 -9 
22 21   1  3  0 -9 
23 16   1  5  0 -9 
23 17  -1  4  0 -9 
23 21   1  2  0 -9 
23 22  -1  1  0 -9 
23 23   1  0  0 -9 
24  6   1  4  0 -9 
24  7  -1  3  0 -9 
24  9  -1  0  0 -9 
24 10   1  2  0 -9 
24 11   1 -1  0 -9 
24 16   1  4  0 -9 
24 17  -1  3  0 -9 
24 18  -1  3  0 -9 
24 19   1  2  0 -9 
24 20   1 -1  0 -9 
24 22  -1  0  0 -9 
24 23   1 -1  0 -9 
24 24  -1 -2  0 -9 
25 25   1  8  0 -9 
26 25   1  7  0 -9 
26 26  -1  6  0 -9 
27 25   1  7  0 -9 
27 27  -1  6  0 -9 
28 25   1  6  0 -9 
28 26  -1  5  0 -9 
28 27  -1  5  0 -9 
28 29   1  3  0 -9 
29 25   1  5  0 -9 
29 26  -1  4  0 -9 
29 27  -1  4  0 -9 
29 28   1  3  0 -9 
30 10  -1  4  0 -9 
30 26  -1  4  0 -9 
30 31   1  3  0 -9 
31 10  -1  5  0 -9 
31 25   1  6  0 -9 
31 26  -1  5  0 -9 
31 30   1  3  0 -9 
32 10   1  2  0 -9 
32 25   1  5  0 -9 
32 26  -1  4  0 -9 
32 30   1  2  0 -9 
32 31  -1  1  0 -9 
32 32   1  0  0 -9 
33 10   1  1  0 -9 
33 25   1  4  0 -9 
33 26  -1  3  0 -9 
33 27  -1  3  0 -9 
33 28   1  2  0 -9 
33 29   1 -1  0 -9 
33 31  -1  0  0 -9 
33 32   1 -1  0 -9 
33 33  -1 -2  0 -9 
34 34  -1  6  0 -9 
35 34  -1  4  0 -9 
35 36   1  3  0 -9 
36 34  -1  5  0 -9 
36 35   1  3  0 -9 
37 34   1  2  0 -9 
37 35   1  2  0 -9 
37 36  -1  1  0 -9 
37 37   1  0  0 -9 
38 34   1  1  0 -9 
38 36  -1  0  0 -9 
38 37   1 -1  0 -9 
38 38  -1 -2  0 -9 
39 34   1  3  0 -9 
39 39   1  0  0 -9 
40 34  -1  5  0 -9 
40 41   1  3  0 -9 
41 34  -1  4  0 -9 
41 40   1  3  0 -9 
42 40   1  2  0 -9 
42 41  -1  1  0 -9 
42 42   1  0  0 -9 
43 34   1  2  0 -9 
43 39   1 -1  0 -9 
43 41  -1  0  0 -9 
43 42   1 -1  0 -9 
43 43  -1 -2  0 -9 
44 44   1  8  0 -9 
45 44   1  7  0 -9 
45 45  -1  6  0 -9 
46 46   1  8  0 -9 
47 46   1  7  0 -9 
47 47  -1  6  0 -9 
48 44   1  6  0 -9 
48 45  -1  5  0 -9 
48 47  -1  4  0 -9 
48 49   1  3  0 -9 
49 45  -1  4  0 -9 
49 46   1  6  0 -9 
49 47  -1  5  0 -9 
49 48   1  3  0 -9 
50 50   1  8  0 -9 
51 44   1  7  0 -9 
51 50   1  7  0 -9 
51 51  -1  6  0 -9 
52 44   1  5  0 -9 
52 45  -1  4  0 -9 
52 51  -1  4  0 -9 
52 53   1  3  0 -9 
53 44   1  6  0 -9 
53 45  -1  5  0 -9 
53 50   1  6  0 -9 
53 51  -1  5  0 -9 
53 52   1  3  0 -9 
54 54   1  8  0 -9 
55 54   1  7  0 -9 
55 55  -1  6  0 -9 
56 55  -1  4  0 -9 
56 57   1  3  0 -9 
57 54   1  6  0 -9 
57 55  -1  5  0 -9 
57 56   1  3  0 -9 
58 50   1  7  0 -9 
58 58  -1  6  0 -9 
59 45  -1  3  0 -9 
59 46   1  5  0 -9 
59 47  -1  4  0 -9 
59 48   1  2  0 -9 
59 49  -1  1  0 -9 
59 50  -1  4  0 -9 
59 52  -1  1  0 -9 
59 53   1  2  0 -9 
59 54   1  5  0 -9 
59 55  -1  4  0 -9 
59 56   1  2  0 -9 
59 57  -1  1  0 -9 
59 58   1  3  0 -9 
59 59   1  0  0 -9 
60 60   1  8  0 -9 
61 60   1  7  0 -9 
61 61  -1  6  0 -9 
62 60   1  7  0 -9 
62 62  -1  6  0 -9 
63 12   1  7  0 -9 
63 60   1  6  0 -9 
63 61  -1  5  0 -9 
63 62  -1  5  0 -9 
63 64   1  3  0 -9 
64 12  -1  4  0 -9 
64 60   1  5  0 -9 
64 61  -1  4  0 -9 
64 62  -1  4  0 -9 
64 63   1  3  0 -9 
65 50  -1  4  0 -9 
65 60   1  5  0 -9 
65 61  -1  4  0 -9 
65 62  -1  4  0 -9 
65 66   1  3  0 -9 
66 50   1  7  0 -9 
66 60   1  6  0 -9 
66 61  -1  5  0 -9 
66 62  -1  5  0 -9 
66 65   1  3  0 -9 
67 12  -1  3  0 -9 
67 50  -1  3  0 -9 
67 60   1  4  0 -9 
67 61  -1  3  0 -9 
67 62  -1  3  0 -9 
67 63   1  2  0 -9 
67 64  -1  1  0 -9 
67 65  -1  1  0 -9 
67 66   1  2  0 -9 
67 67   1  0  0 -9 
68 68   1  8  0 -9 
69 68   1  7  0 -9 
69 69  -1  6  0 -9 
70 68   1  7  0 -9 
70 70  -1  6  0 -9 
71 68   1  6  0 -9 
71 69  -1  5  0 -9 
71 70  -1  5  0 -9 
71 72   1  3  0 -9 
72 68   1  5  0 -9 
72 69  -1  4  0 -9 
72 70  -1  4  0 -9 
72 71   1  3  0 -9 
73  3  -1  4  0 -9 
73 10  -1  4  0 -9 
73 58  -1  4  0 -9 
73 60   1  6  0 -9 
73 62  -1  5  0 -9 
73 69  -1  4  0 -9 
73 74   1  3  0 -9 
74  2   1  6  0 -9 
74  3  -1  5  0 -9 
74 10  -1  5  0 -9 
74 50   1  6  0 -9 
74 58  -1  5  0 -9 
74 62  -1  4  0 -9 
74 68   1  6  0 -9 
74 69  -1  5  0 -9 
74 73   1  3  0 -9 
75  2   1  5  0 -9 
75  3  -1  4  0 -9 
75 10   1  2  0 -9 
75 50  -1  3  0 -9 
75 58   1  2  0 -9 
75 62  -1  3  0 -9 
75 65  -1  1  0 -9 
75 66   1  2  0 -9 
75 68   1  5  0 -9 
75 69  -1  4  0 -9 
75 73   1  2  0 -9 
75 74  -1  1  0 -9 
75 75   1  0  0 -9 
76  2   1  4  0 -9 
76  3  -1  3  0 -9 
76 10   1  1  0 -9 
76 13  -1  3  0 -9 
76 14   1  2  0 -9 
76 15   1 -1  0 -9 
76 50  -1  2  0 -9 
76 58   1  1  0 -9 
76 64  -1  0  0 -9 
76 65  -1  0  0 -9 
76 66   1  1  0 -9 
76 67   1 -1  0 -9 
76 68   1  4  0 -9 
76 69  -1  3  0 -9 
76 70  -1  3  0 -9 
76 71   1  2  0 -9 
76 72   1 -1  0 -9 
76 74  -1  0  0 -9 
76 75   1 -1  0 -9 
76 76  -1 -2  0 -9 
77 77   1  8  0 -9 
78 54  -1  4  0 -9 
78 68   1  5  0 -9 
78 69  -1  4  0 -9 
78 70  -1  4  0 -9 
78 77  -1  4  0 -9 
78 79   1  3  0 -9 
79 54   1  7  0 -9 
79 68   1  6  0 -9 
79 69  -1  5  0 -9 
79 70  -1  5  0 -9 
79 77   1  7  0 -9 
79 78   1  3  0 -9 
80 54  -1  3  0 -9 
80 68   1  4  0 -9 
80 69  -1  3  0 -9 
80 70  -1  3  0 -9 
80 71   1  2  0 -9 
80 72  -1  1  0 -9 
80 77  -1  3  0 -9 
80 78  -1  1  0 -9 
80 79   1  2  0 -9 
80 80   1  0  0 -9 
81 77   1  7  0 -9 
81 81  -1  6  0 -9 
82 81  -1  4  0 -9 
82 83   1  3  0 -9 
83 77   1  6  0 -9 
83 81  -1  5  0 -9 
83 82   1  3  0 -9 
84 54  -1  3  0 -9 
84 55   1  2  0 -9 
84 56   1  2  0 -9 
84 57  -1  1  0 -9 
84 68   1  6  1  4  0 -9 
84 69  -1  5 -1  3 -1  1  0 -9 
84 70  -1  3  0 -9 
84 71   1  2  0 -9 
84 72  -1  1  0 -9 
84 77  -1  3  0 -9 
84 78  -1  1  0 -9 
84 79   1  2  0 -9 
84 81   1  2  0 -9 
84 82   1  2  0 -9 
84 83  -1  1  0 -9 
84 84   1  0  0 -9 
85 54  -1  2  0 -9 
85 55   1  1  0 -9 
85 57  -1  0  0 -9 
85 68   1  3  0 -9 
85 69  -1  2 -1  0  0 -9 
85 70  -1  2  0 -9 
85 71   1  1  0 -9 
85 72  -1  0  0 -9 
85 77  -1  2  0 -9 
85 78  -1  0  0 -9 
85 79   1  1  0 -9 
85 80   1 -1  0 -9 
85 81   1  1  0 -9 
85 83  -1  0  0 -9 
85 84   1 -1  0 -9 
85 85  -1 -2  0 -9 
86 16   1  7  0 -9 
86 77   1  7  0 -9 
86 86  -1  6  0 -9 
87 16   1  5  0 -9 
87 17  -1  4  0 -9 
87 86  -1  4  0 -9 
87 88   1  3  0 -9 
88 16   1  6  0 -9 
88 17  -1  5  0 -9 
88 77   1  6  0 -9 
88 86  -1  5  0 -9 
88 87   1  3  0 -9 
89 16   1  6  0 -9 
89 17  -1  5  0 -9 
89 77   1  6  0 -9 
89 81  -1  5  0 -9 
89 86  -1  5  0 -9 
89 90   1  3  0 -9 
90 16   1  5  0 -9 
90 17  -1  4  0 -9 
90 77   1  5  0 -9 
90 81  -1  4  0 -9 
90 86  -1  4  0 -9 
90 89   1  3  0 -9 
91 16   1  6  1  4  0 -9 
91 17  -1  5 -1  3 -1  1  0 -9 
91 86  -1  3  0 -9 
91 87  -1  1  0 -9 
91 88   1  2  0 -9 
91 89   1  2  0 -9 
91 90  -1  1  0 -9 
91 91   1  0  0 -9 
92 16   1  4  0 -9 
92 17  -1  3  0 -9 
92 81  -1  3  0 -9 
92 82  -1  1  0 -9 
92 83   1  2  0 -9 
92 86  -1  3  0 -9 
92 87  -1  1  0 -9 
92 88   1  2  0 -9 
92 89   1  2  0 -9 
92 90  -1  1  0 -9 
92 92   1  0  0 -9 
93 16   1  3  0 -9 
93 17  -1  2 -1  0  0 -9 
93 82  -1  0  0 -9 
93 86  -1  2  0 -9 
93 87  -1  0  0 -9 
93 88   1  1  0 -9 
93 89   1  1  0 -9 
93 90  -1  0  0 -9 
93 91   1 -1  0 -9 
93 92   1 -1  0 -9 
93 93  -1 -2  0 -9 
94 94   1  8  0 -9 
95 94   1  7  0 -9 
95 95  -1  6  0 -9 
96 95  -1  4  0 -9 
96 97   1  3  0 -9 
97 94   1  6  0 -9 
97 95  -1  5  0 -9 
97 96   1  3  0 -9 
98 98  -1  6  0 -9 
99 94   1  5  0 -9 
99 95  -1  4  0 -9 
99 96   1  2  0 -9 
99 97  -1  1  0 -9 
99 98   1  3  0 -9 
99 99   1  0  0 -9 
100 100  -1  6  0 -9 
101 54   1  5  0 -9 
101 55  -1  4  0 -9 
101 56   1  2  0 -9 
101 57  -1  1  0 -9 
101 100   1  3  0 -9 
101 101   1  0  0 -9 
102 102   1  8  0 -9 
103 102   1  7  0 -9 
103 103  -1  6  0 -9 
104 102   1  7  0 -9 
104 104  -1  6  0 -9 
105 102   1  6  0 -9 
105 103  -1  5  0 -9 
105 104  -1  5  0 -9 
105 106   1  3  0 -9 
106 102   1  5  0 -9 
106 103  -1  4  0 -9 
106 104  -1  4  0 -9 
106 105   1  3  0 -9 
107 98  -1  4  0 -9 
107 103  -1  4  0 -9 
107 108   1  3  0 -9 
108 98  -1  5  0 -9 
108 102   1  6  0 -9 
108 103  -1  5  0 -9 
108 107   1  3  0 -9 
109 98   1  2  0 -9 
109 102   1  5  0 -9 
109 103  -1  4  0 -9 
109 107   1  2  0 -9 
109 108  -1  1  0 -9 
109 109   1  0  0 -9 
110 98   1  1  0 -9 
110 102   1  4  0 -9 
110 103  -1  3  0 -9 
110 104  -1  3  0 -9 
110 105   1  2  0 -9 
110 106   1 -1  0 -9 
110 108  -1  0  0 -9 
110 109   1 -1  0 -9 
110 110  -1 -2  0 -9 
111 111  -1  6  0 -9 
112 10  -1  4  0 -9 
112 69  -1  4  0 -9 
112 100  -1  4  0 -9 
112 111  -1  4  0 -9 
112 113   1  3  0 -9 
113 10  -1  5  0 -9 
113 68   1  6  0 -9 
113 69  -1  5  0 -9 
113 100  -1  5  0 -9 
113 111  -1  5  0 -9 
113 112   1  3  0 -9 
114 10   1  2  0 -9 
114 68   1  5  0 -9 
114 69  -1  4  0 -9 
114 100   1  2  0 -9 
114 111   1  2  0 -9 
114 112   1  2  0 -9 
114 113  -1  1  0 -9 
114 114   1  0  0 -9 
115 10   1  1  0 -9 
115 68   1  4  0 -9 
115 69  -1  3  0 -9 
115 70  -1  3  0 -9 
115 71   1  2  0 -9 
115 72   1 -1  0 -9 
115 100   1  1  0 -9 
115 111   1  1  0 -9 
115 113  -1  0  0 -9 
115 114   1 -1  0 -9 
115 115  -1 -2  0 -9 
116 10   1  3  0 -9 
116 77   1  5  0 -9 
116 81  -1  4  0 -9 
116 82   1  2  0 -9 
116 83  -1  1  0 -9 
116 111   1  3  0 -9 
116 116   1  0  0 -9 
117 111  -1  5  0 -9 
117 118   1  3  0 -9 
118 111  -1  4  0 -9 
118 117   1  3  0 -9 
119 117   1  2  0 -9 
119 118  -1  1  0 -9 
119 119   1  0  0 -9 
120 10   1  2  0 -9 
120 16   1  4  0 -9 
120 17  -1  3  0 -9 
120 22  -1  0  0 -9 
120 23   1 -1  0 -9 
120 77   1  4  0 -9 
120 81  -1  3  0 -9 
120 83  -1  0  0 -9 
120 86  -1  3  0 -9 
120 89   1  2  0 -9 
120 90   1 -1  0 -9 
120 111   1  2  0 -9 
120 116   1 -1  0 -9 
120 118  -1  0  0 -9 
120 119   1 -1  0 -9 
120 120  -1 -2  0 -9 
121 121   1  8  0 -9 
122 102   1  5  0 -9 
122 103  -1  4  0 -9 
122 104  -1  4  0 -9 
122 121  -1  4  0 -9 
122 123   1  3  0 -9 
123 102   1  6  0 -9 
123 103  -1  5  0 -9 
123 104  -1  5  0 -9 
123 121   1  7  0 -9 
123 122   1  3  0 -9 
124 102   1  4  0 -9 
124 103  -1  3  0 -9 
124 104  -1  3  0 -9 
124 105   1  2  0 -9 
124 106  -1  1  0 -9 
124 121  -1  3  0 -9 
124 122  -1  1  0 -9 
124 123   1  2  0 -9 
124 124   1  0  0 -9 
125 121   1  7  0 -9 
125 125  -1  6  0 -9 
126 125  -1  4  0 -9 
126 127   1  3  0 -9 
127 121   1  6  0 -9 
127 125  -1  5  0 -9 
127 126   1  3  0 -9 
128 102   1  6  1  4  0 -9 
128 103  -1  5 -1  3 -1  1  0 -9 
128 104  -1  3  0 -9 
128 105   1  2  0 -9 
128 106  -1  1  0 -9 
128 121  -1  3  0 -9 
128 122  -1  1  0 -9 
128 123   1  2  0 -9 
128 125   1  2  0 -9 
128 126   1  2  0 -9 
128 127  -1  1  0 -9 
128 128   1  0  0 -9 
129 102   1  3  0 -9 
129 103  -1  2 -1  0  0 -9 
129 104  -1  2  0 -9 
129 105   1  1  0 -9 
129 106  -1  0  0 -9 
129 121  -1  2  0 -9 
129 122  -1  0  0 -9 
129 123   1  1  0 -9 
129 124   1 -1  0 -9 
129 125   1  1  0 -9 
129 127  -1  0  0 -9 
129 128   1 -1  0 -9 
129 129  -1 -2  0 -9 
130 130  -1  6  0 -9 
131 130  -1  4  0 -9 
131 132   1  3  0 -9 
132 130  -1  5  0 -9 
132 131   1  3  0 -9 
133 130   1  2  0 -9 
133 131   1  2  0 -9 
133 132  -1  1  0 -9 
133 133   1  0  0 -9 
134 130   1  1  0 -9 
134 132  -1  0  0 -9 
134 133   1 -1  0 -9 
134 134  -1 -2  0 -9 
135 98   1  3  0 -9 
135 121   1  5  0 -9 
135 125  -1  4  0 -9 
135 126   1  2  0 -9 
135 127  -1  1  0 -9 
135 130   1  3  0 -9 
135 135   1  0  0 -9 
136 111  -1  4  0 -9 
136 137   1  3  0 -9 
137 111  -1  5  0 -9 
137 136   1  3  0 -9 
138 111  -1  3  0 -9 
138 117   1  2  0 -9 
138 118  -1  1  0 -9 
138 136  -1  1  0 -9 
138 137   1  2  0 -9 
138 138   1  0  0 -9 
139 117   1  1  0 -9 
139 118  -1  0  0 -9 
139 119   1 -1  0 -9 
139 136  -1  0  0 -9 
139 138   1 -1  0 -9 
139 139  -1 -2  0 -9 
140 111   1  2  0 -9 
140 136   1  2  0 -9 
140 137  -1  1  0 -9 
140 140   1  0  0 -9 
141 111   1  1  0 -9 
141 137  -1  0  0 -9 
141 140   1 -1  0 -9 
141 141  -1 -2  0 -9 
142 142   1  8  0 -9 
143 142   1  7  0 -9 
143 143  -1  6  0 -9 
144 143  -1  4  0 -9 
144 145   1  3  0 -9 
145 142   1  6  0 -9 
145 143  -1  5  0 -9 
145 144   1  3  0 -9 
146 146  -1  6  0 -9 
147 142   1  5  0 -9 
147 143  -1  4  0 -9 
147 144   1  2  0 -9 
147 145  -1  1  0 -9 
147 146   1  3  0 -9 
147 147   1  0  0 -9 
148 148  -1  6  0 -9 
149 148   1  3  0 -9 
149 149   1  0  0 -9 
150 150   1  8  0 -9 
151 150   1  7  0 -9 
151 151  -1  6  0 -9 
152 150   1  7  0 -9 
152 152  -1  6  0 -9 
153 150   1  6  0 -9 
153 151  -1  5  0 -9 
153 152  -1  5  0 -9 
153 154   1  3  0 -9 
154 150   1  5  0 -9 
154 151  -1  4  0 -9 
154 152  -1  4  0 -9 
154 153   1  3  0 -9 
155 146  -1  4  0 -9 
155 151  -1  4  0 -9 
155 156   1  3  0 -9 
156 146  -1  5  0 -9 
156 150   1  6  0 -9 
156 151  -1  5  0 -9 
156 155   1  3  0 -9 
157 146   1  2  0 -9 
157 150   1  5  0 -9 
157 151  -1  4  0 -9 
157 155   1  2  0 -9 
157 156  -1  1  0 -9 
157 157   1  0  0 -9 
158 146   1  1  0 -9 
158 150   1  4  0 -9 
158 151  -1  3  0 -9 
158 152  -1  3  0 -9 
158 153   1  2  0 -9 
158 154   1 -1  0 -9 
158 156  -1  0  0 -9 
158 157   1 -1  0 -9 
158 158  -1 -2  0 -9 
159 159  -1  6  0 -9 
160 148  -1  4  0 -9 
160 159  -1  4  0 -9 
160 161   1  3  0 -9 
161 148  -1  5  0 -9 
161 159  -1  5  0 -9 
161 160   1  3  0 -9 
162 148   1  2  0 -9 
162 159   1  2  0 -9 
162 160   1  2  0 -9 
162 161  -1  1  0 -9 
162 162   1  0  0 -9 
163 148   1  1  0 -9 
163 159   1  1  0 -9 
163 161  -1  0  0 -9 
163 162   1 -1  0 -9 
163 163  -1 -2  0 -9 
164 159   1  3  0 -9 
164 164   1  0  0 -9 
165 159  -1  5  0 -9 
165 166   1  3  0 -9 
166 159  -1  4  0 -9 
166 165   1  3  0 -9 
167 165   1  2  0 -9 
167 166  -1  1  0 -9 
167 167   1  0  0 -9 
168 159   1  2  0 -9 
168 164   1 -1  0 -9 
168 166  -1  0  0 -9 
168 167   1 -1  0 -9 
168 168  -1 -2  0 -9 
169 169  -1  6  0 -9 
170 169  -1  4  0 -9 
170 171   1  3  0 -9 
171 169  -1  5  0 -9 
171 170   1  3  0 -9 
172 169   1  2  0 -9 
172 170   1  2  0 -9 
172 171  -1  1  0 -9 
172 172   1  0  0 -9 
173 169   1  1  0 -9 
173 171  -1  0  0 -9 
173 172   1 -1  0 -9 
173 173  -1 -2  0 -9 
174 169   1  3  0 -9 
174 174   1  0  0 -9 
175 130   1  3  0 -9 
175 175   1  0  0 -9 
176 111   1  3  0 -9 
176 176   1  0  0 -9 
177 111   1  2  0 -9 
177 118  -1  0  0 -9 
177 119   1 -1  0 -9 
177 176   1 -1  0 -9 
177 177  -1 -2  0 -9 
178 178   1  8  0 -9 
179 178   1  7  0 -9 
179 179  -1  6  0 -9 
180 179  -1  4  0 -9 
180 181   1  3  0 -9 
181 178   1  6  0 -9 
181 179  -1  5  0 -9 
181 180   1  3  0 -9 
182 182  -1  6  0 -9 
183 178   1  5  0 -9 
183 179  -1  4  0 -9 
183 180   1  2  0 -9 
183 181  -1  1  0 -9 
183 182   1  3  0 -9 
183 183   1  0  0 -9 
184 184   1  8  0 -9 
185 150   1  5  0 -9 
185 151  -1  4  0 -9 
185 152  -1  4  0 -9 
185 184  -1  4  0 -9 
185 186   1  3  0 -9 
186 150   1  6  0 -9 
186 151  -1  5  0 -9 
186 152  -1  5  0 -9 
186 184   1  7  0 -9 
186 185   1  3  0 -9 
187 150   1  4  0 -9 
187 151  -1  3  0 -9 
187 152  -1  3  0 -9 
187 153   1  2  0 -9 
187 154  -1  1  0 -9 
187 184  -1  3  0 -9 
187 185  -1  1  0 -9 
187 186   1  2  0 -9 
187 187   1  0  0 -9 
188 184   1  7  0 -9 
188 188  -1  6  0 -9 
189 188  -1  4  0 -9 
189 190   1  3  0 -9 
190 184   1  6  0 -9 
190 188  -1  5  0 -9 
190 189   1  3  0 -9 
191 150   1  6  1  4  0 -9 
191 151  -1  5 -1  3 -1  1  0 -9 
191 152  -1  3  0 -9 
191 153   1  2  0 -9 
191 154  -1  1  0 -9 
191 184  -1  3  0 -9 
191 185  -1  1  0 -9 
191 186   1  2  0 -9 
191 188   1  2  0 -9 
191 189   1  2  0 -9 
191 190  -1  1  0 -9 
191 191   1  0  0 -9 
192 150   1  3  0 -9 
192 151  -1  2 -1  0  0 -9 
192 152  -1  2  0 -9 
192 153   1  1  0 -9 
192 154  -1  0  0 -9 
192 184  -1  2  0 -9 
192 185  -1  0  0 -9 
192 186   1  1  0 -9 
192 187   1 -1  0 -9 
192 188   1  1  0 -9 
192 190  -1  0  0 -9 
192 191   1 -1  0 -9 
192 192  -1 -2  0 -9 
193 193  -1  6  0 -9 
194 193  -1  4  0 -9 
194 195   1  3  0 -9 
195 193  -1  5  0 -9 
195 194   1  3  0 -9 
196 193   1  2  0 -9 
196 194   1  2  0 -9 
196 195  -1  1  0 -9 
196 196   1  0  0 -9 
197 193   1  1  0 -9 
197 195  -1  0  0 -9 
197 196   1 -1  0 -9 
197 197  -1 -2  0 -9 
198 146   1  3  0 -9 
198 184   1  5  0 -9 
198 188  -1  4  0 -9 
198 189   1  2  0 -9 
198 190  -1  1  0 -9 
198 193   1  3  0 -9 
198 198   1  0  0 -9 
199 159  -1  4  0 -9 
199 200   1  3  0 -9 
200 159  -1  5  0 -9 
200 199   1  3  0 -9 
201 159  -1  3  0 -9 
201 165   1  2  0 -9 
201 166  -1  1  0 -9 
201 199  -1  1  0 -9 
201 200   1  2  0 -9 
201 201   1  0  0 -9 
202 165   1  1  0 -9 
202 166  -1  0  0 -9 
202 167   1 -1  0 -9 
202 199  -1  0  0 -9 
202 201   1 -1  0 -9 
202 202  -1 -2  0 -9 
203 159   1  2  0 -9 
203 199   1  2  0 -9 
203 200  -1  1  0 -9 
203 203   1  0  0 -9 
204 159   1  1  0 -9 
204 200  -1  0  0 -9 
204 203   1 -1  0 -9 
204 204  -1 -2  0 -9 
205 205  -1  6  0 -9 
206 205   1  3  0 -9 
206 206   1  0  0 -9 
207 207  -1  6  0 -9 
208 207  -1  4  0 -9 
208 209   1  3  0 -9 
209 207  -1  5  0 -9 
209 208   1  3  0 -9 
210 207   1  2  0 -9 
210 208   1  2  0 -9 
210 209  -1  1  0 -9 
210 210   1  0  0 -9 
211 207   1  1  0 -9 
211 209  -1  0  0 -9 
211 210   1 -1  0 -9 
211 211  -1 -2  0 -9 
212 207   1  3  0 -9 
212 212   1  0  0 -9 
213 193   1  3  0 -9 
213 213   1  0  0 -9 
214 214   1  0  0 -9 
215 214   1 -1  0 -9 
215 215  -1 -2  0 -9 
216 216   1  8  0 -9 
217 46   1  7  0 -9 
217 216   1  7  0 -9 
217 217  -1  6  0 -9 
218 46   1  6  0 -9 
218 47  -1  5  0 -9 
218 216   1  6  0 -9 
218 217  -1  5  0 -9 
218 219   1  3  0 -9 
219 46   1  5  0 -9 
219 47  -1  4  0 -9 
219 217  -1  4  0 -9 
219 218   1  3  0 -9 
220 220   1  8  0 -9 
221 220   1  7  0 -9 
221 221  -1  6  0 -9 
222 50   1  7  0 -9 
222 220   1  7  0 -9 
222 222  -1  6  0 -9 
223 44   1  6  0 -9 
223 45  -1  5  0 -9 
223 50   1  6  0 -9 
223 51  -1  5  0 -9 
223 216   1  7  0 -9 
223 220   1  6  0 -9 
223 221  -1  5  0 -9 
223 222  -1  5  0 -9 
223 224   1  3  0 -9 
224 44   1  5  0 -9 
224 45  -1  4  0 -9 
224 50   1  5  0 -9 
224 51  -1  4  0 -9 
224 216  -1  4  0 -9 
224 220   1  5  0 -9 
224 221  -1  4  0 -9 
224 222  -1  4  0 -9 
224 223   1  3  0 -9 
225 220   1  5  0 -9 
225 221  -1  4  0 -9 
225 222  -1  4  0 -9 
225 226   1  3  0 -9 
226 50   1  6  0 -9 
226 220   1  6  0 -9 
226 221  -1  5  0 -9 
226 222  -1  5  0 -9 
226 225   1  3  0 -9 
227 44   1  4  0 -9 
227 45  -1  3  0 -9 
227 51  -1  3  0 -9 
227 52  -1  1  0 -9 
227 53   1  2  0 -9 
227 216  -1  3  0 -9 
227 220   1  4  0 -9 
227 221  -1  3  0 -9 
227 222  -1  3  0 -9 
227 223   1  2  0 -9 
227 224  -1  1  0 -9 
227 225  -1  1  0 -9 
227 226   1  2  0 -9 
227 227   1  0  0 -9 
228 228   1  8  0 -9 
229 228   1  7  0 -9 
229 229  -1  6  0 -9 
230 54   1  7  0 -9 
230 228   1  7  0 -9 
230 230  -1  6  0 -9 
231 54   1  6  0 -9 
231 55  -1  5  0 -9 
231 228   1  6  0 -9 
231 229  -1  5  0 -9 
231 230  -1  5  0 -9 
231 232   1  3  0 -9 
232 54   1  5  0 -9 
232 55  -1  4  0 -9 
232 228   1  5  0 -9 
232 229  -1  4  0 -9 
232 230  -1  4  0 -9 
232 231   1  3  0 -9 
233 50   1  6  0 -9 
233 58  -1  5  0 -9 
233 220   1  6  0 -9 
233 222  -1  5  0 -9 
233 229  -1  4  0 -9 
233 234   1  3  0 -9 
234 50   1  5  0 -9 
234 58  -1  4  0 -9 
234 222  -1  4  0 -9 
234 228   1  6  0 -9 
234 229  -1  5  0 -9 
234 233   1  3  0 -9 
235 222  -1  3  0 -9 
235 225  -1  1  0 -9 
235 226   1  2  0 -9 
235 228   1  5  0 -9 
235 229  -1  4  0 -9 
235 233   1  2  0 -9 
235 234  -1  1  0 -9 
235 235   1  0  0 -9 
236 46   1  4  0 -9 
236 47  -1  3  0 -9 
236 49  -1  0  0 -9 
236 50  -1  3  0 -9 
236 52  -1  0  0 -9 
236 53   1  1  0 -9 
236 54   1  4  0 -9 
236 55  -1  3  0 -9 
236 57  -1  0  0 -9 
236 58   1  2  0 -9 
236 59   1 -1  0 -9 
236 217  -1  3  0 -9 
236 218   1  2  0 -9 
236 219   1 -1  0 -9 
236 224  -1  0  0 -9 
236 225  -1  0  0 -9 
236 226   1  1  0 -9 
236 227   1 -1  0 -9 
236 228   1  4  0 -9 
236 229  -1  3  0 -9 
236 230  -1  3  0 -9 
236 231   1  2  0 -9 
236 232   1 -1  0 -9 
236 234  -1  0  0 -9 
236 235   1 -1  0 -9 
236 236  -1 -2  0 -9 
237 237   1  8  0 -9 
238 228   1  5  0 -9 
238 229  -1  4  0 -9 
238 230  -1  4  0 -9 
238 237  -1  4  0 -9 
238 239   1  3  0 -9 
239 54   1  6  0 -9 
239 228   1  6  0 -9 
239 229  -1  5  0 -9 
239 230  -1  5  0 -9 
239 237   1  7  0 -9 
239 238   1  3  0 -9 
240 55  -1  3  0 -9 
240 56  -1  1  0 -9 
240 57   1  2  0 -9 
240 228   1  4  0 -9 
240 229  -1  3  0 -9 
240 230  -1  3  0 -9 
240 231   1  2  0 -9 
240 232  -1  1  0 -9 
240 237  -1  3  0 -9 
240 238  -1  1  0 -9 
240 239   1  2  0 -9 
240 240   1  0  0 -9 
241 237   1  7  0 -9 
241 241  -1  6  0 -9 
242 241  -1  4  0 -9 
242 243   1  3  0 -9 
243 237   1  6  0 -9 
243 241  -1  5  0 -9 
243 242   1  3  0 -9 
244 228   1  6  1  4  0 -9 
244 229  -1  5 -1  3 -1  1  0 -9 
244 230  -1  3  0 -9 
244 231   1  2  0 -9 
244 232  -1  1  0 -9 
244 237  -1  3  0 -9 
244 238  -1  1  0 -9 
244 239   1  2  0 -9 
244 241   1  2  0 -9 
244 242   1  2  0 -9 
244 243  -1  1  0 -9 
244 244   1  0  0 -9 
245 56  -1  0  0 -9 
245 228   1  3  0 -9 
245 229  -1  2 -1  0  0 -9 
245 230  -1  2  0 -9 
245 231   1  1  0 -9 
245 232  -1  0  0 -9 
245 237  -1  2  0 -9 
245 238  -1  0  0 -9 
245 239   1  1  0 -9 
245 240   1 -1  0 -9 
245 241   1  1  0 -9 
245 243  -1  0  0 -9 
245 244   1 -1  0 -9 
245 245  -1 -2  0 -9 
246 246   1  8  0 -9 
247 246   1  7  0 -9 
247 247  -1  6  0 -9 
248 94   1  7  0 -9 
248 246   1  7  0 -9 
248 248  -1  6  0 -9 
249 94   1  6  0 -9 
249 95  -1  5  0 -9 
249 246   1  6  0 -9 
249 247  -1  5  0 -9 
249 248  -1  5  0 -9 
249 250   1  3  0 -9 
250 94   1  5  0 -9 
250 95  -1  4  0 -9 
250 246   1  5  0 -9 
250 247  -1  4  0 -9 
250 248  -1  4  0 -9 
250 249   1  3  0 -9 
251 98  -1  5  0 -9 
251 247  -1  4  0 -9 
251 252   1  3  0 -9 
252 98  -1  4  0 -9 
252 246   1  6  0 -9 
252 247  -1  5  0 -9 
252 251   1  3  0 -9 
253 246   1  5  0 -9 
253 247  -1  4  0 -9 
253 251   1  2  0 -9 
253 252  -1  1  0 -9 
253 253   1  0  0 -9 
254 94   1  4  0 -9 
254 95  -1  3  0 -9 
254 97  -1  0  0 -9 
254 98   1  2  0 -9 
254 99   1 -1  0 -9 
254 246   1  4  0 -9 
254 247  -1  3  0 -9 
254 248  -1  3  0 -9 
254 249   1  2  0 -9 
254 250   1 -1  0 -9 
254 252  -1  0  0 -9 
254 253   1 -1  0 -9 
254 254  -1 -2  0 -9 
255 255  -1  6  0 -9 
256 100  -1  5  0 -9 
256 229  -1  4  0 -9 
256 255  -1  4  0 -9 
256 257   1  3  0 -9 
257 100  -1  4  0 -9 
257 228   1  6  0 -9 
257 229  -1  5  0 -9 
257 255  -1  5  0 -9 
257 256   1  3  0 -9 
258 228   1  5  0 -9 
258 229  -1  4  0 -9 
258 255   1  2  0 -9 
258 256   1  2  0 -9 
258 257  -1  1  0 -9 
258 258   1  0  0 -9 
259 54   1  4  0 -9 
259 55  -1  3  0 -9 
259 57  -1  0  0 -9 
259 100   1  2  0 -9 
259 101   1 -1  0 -9 
259 228   1  4  0 -9 
259 229  -1  3  0 -9 
259 230  -1  3  0 -9 
259 231   1  2  0 -9 
259 232   1 -1  0 -9 
259 255   1  1  0 -9 
259 257  -1  0  0 -9 
259 258   1 -1  0 -9 
259 259  -1 -2  0 -9 
260 237   1  5  0 -9 
260 241  -1  4  0 -9 
260 242   1  2  0 -9 
260 243  -1  1  0 -9 
260 255   1  3  0 -9 
260 260   1  0  0 -9 
261 121   1  7  0 -9 
261 237   1  7  0 -9 
261 246   1  7  0 -9 
261 261  -1  6  0 -9 
262 246   1  5  0 -9 
262 247  -1  4  0 -9 
262 261  -1  4  0 -9 
262 263   1  3  0 -9 
263 121   1  6  0 -9 
263 237   1  6  0 -9 
263 246   1  6  0 -9 
263 247  -1  5  0 -9 
263 261  -1  5  0 -9 
263 262   1  3  0 -9 
264 121   1  6  0 -9 
264 125  -1  5  0 -9 
264 237   1  6  0 -9 
264 241  -1  5  0 -9 
264 246   1  6  0 -9 
264 247  -1  5  0 -9 
264 261  -1  5  0 -9 
264 265   1  3  0 -9 
265 121   1  5  0 -9 
265 125  -1  4  0 -9 
265 237   1  5  0 -9 
265 241  -1  4  0 -9 
265 246   1  5  0 -9 
265 247  -1  4  0 -9 
265 261  -1  4  0 -9 
265 264   1  3  0 -9 
266 246   1  6  1  4  0 -9 
266 247  -1  5 -1  3 -1  1  0 -9 
266 261  -1  3  0 -9 
266 262  -1  1  0 -9 
266 263   1  2  0 -9 
266 264   1  2  0 -9 
266 265  -1  1  0 -9 
266 266   1  0  0 -9 
267 125  -1  3  0 -9 
267 126  -1  1  0 -9 
267 127   1  2  0 -9 
267 241  -1  3  0 -9 
267 242  -1  1  0 -9 
267 243   1  2  0 -9 
267 246   1  4  0 -9 
267 247  -1  3  0 -9 
267 261  -1  3  0 -9 
267 262  -1  1  0 -9 
267 263   1  2  0 -9 
267 264   1  2  0 -9 
267 265  -1  1  0 -9 
267 267   1  0  0 -9 
268 126  -1  0  0 -9 
268 242  -1  0  0 -9 
268 246   1  3  0 -9 
268 247  -1  2 -1  0  0 -9 
268 261  -1  2  0 -9 
268 262  -1  0  0 -9 
268 263   1  1  0 -9 
268 264   1  1  0 -9 
268 265  -1  0  0 -9 
268 266   1 -1  0 -9 
268 267   1 -1  0 -9 
268 268  -1 -2  0 -9 
269 130  -1  5  0 -9 
269 255  -1  5  0 -9 
269 270   1  3  0 -9 
270 130  -1  4  0 -9 
270 255  -1  4  0 -9 
270 269   1  3  0 -9 
271 269   1  2  0 -9 
271 270  -1  1  0 -9 
271 271   1  0  0 -9 
272 98   1  2  0 -9 
272 121   1  4  0 -9 
272 125  -1  3  0 -9 
272 127  -1  0  0 -9 
272 130   1  2  0 -9 
272 135   1 -1  0 -9 
272 237   1  4  0 -9 
272 241  -1  3  0 -9 
272 243  -1  0  0 -9 
272 246   1  4  0 -9 
272 247  -1  3  0 -9 
272 252  -1  0  0 -9 
272 253   1 -1  0 -9 
272 255   1  2  0 -9 
272 260   1 -1  0 -9 
272 261  -1  3  0 -9 
272 264   1  2  0 -9 
272 265   1 -1  0 -9 
272 270  -1  0  0 -9 
272 271   1 -1  0 -9 
272 272  -1 -2  0 -9 
273 255  -1  4  0 -9 
273 274   1  3  0 -9 
274 255  -1  5  0 -9 
274 273   1  3  0 -9 
275 130  -1  3  0 -9 
275 131  -1  1  0 -9 
275 132   1  2  0 -9 
275 255  -1  3  0 -9 
275 269   1  2  0 -9 
275 270  -1  1  0 -9 
275 273  -1  1  0 -9 
275 274   1  2  0 -9 
275 275   1  0  0 -9 
276 131  -1  0  0 -9 
276 269   1  1  0 -9 
276 270  -1  0  0 -9 
276 271   1 -1  0 -9 
276 273  -1  0  0 -9 
276 275   1 -1  0 -9 
276 276  -1 -2  0 -9 
277 255   1  2  0 -9 
277 273   1  2  0 -9 
277 274  -1  1  0 -9 
277 277   1  0  0 -9 
278 255   1  1  0 -9 
278 274  -1  0  0 -9 
278 277   1 -1  0 -9 
278 278  -1 -2  0 -9 
279 279   1  8  0 -9 
280 279   1  7  0 -9 
280 280  -1  6  0 -9 
281 142   1  7  0 -9 
281 279   1  7  0 -9 
281 281  -1  6  0 -9 
282 142   1  6  0 -9 
282 143  -1  5  0 -9 
282 279   1  6  0 -9 
282 280  -1  5  0 -9 
282 281  -1  5  0 -9 
282 283   1  3  0 -9 
283 142   1  5  0 -9 
283 143  -1  4  0 -9 
283 279   1  5  0 -9 
283 280  -1  4  0 -9 
283 281  -1  4  0 -9 
283 282   1  3  0 -9 
284 146  -1  5  0 -9 
284 280  -1  4  0 -9 
284 285   1  3  0 -9 
285 146  -1  4  0 -9 
285 279   1  6  0 -9 
285 280  -1  5  0 -9 
285 284   1  3  0 -9 
286 279   1  5  0 -9 
286 280  -1  4  0 -9 
286 284   1  2  0 -9 
286 285  -1  1  0 -9 
286 286   1  0  0 -9 
287 142   1  4  0 -9 
287 143  -1  3  0 -9 
287 145  -1  0  0 -9 
287 146   1  2  0 -9 
287 147   1 -1  0 -9 
287 279   1  4  0 -9 
287 280  -1  3  0 -9 
287 281  -1  3  0 -9 
287 282   1  2  0 -9 
287 283   1 -1  0 -9 
287 285  -1  0  0 -9 
287 286   1 -1  0 -9 
287 287  -1 -2  0 -9 
288 288  -1  6  0 -9 
289 148  -1  5  0 -9 
289 288  -1  4  0 -9 
289 290   1  3  0 -9 
290 148  -1  4  0 -9 
290 288  -1  5  0 -9 
290 289   1  3  0 -9 
291 288   1  2  0 -9 
291 289   1  2  0 -9 
291 290  -1  1  0 -9 
291 291   1  0  0 -9 
292 148   1  2  0 -9 
292 149   1 -1  0 -9 
292 288   1  1  0 -9 
292 290  -1  0  0 -9 
292 291   1 -1  0 -9 
292 292  -1 -2  0 -9 
293 288   1  3  0 -9 
293 293   1  0  0 -9 
294 169  -1  5  0 -9 
294 288  -1  5  0 -9 
294 295   1  3  0 -9 
295 169  -1  4  0 -9 
295 288  -1  4  0 -9 
295 294   1  3  0 -9 
296 294   1  2  0 -9 
296 295  -1  1  0 -9 
296 296   1  0  0 -9 
297 169   1  2  0 -9 
297 174   1 -1  0 -9 
297 288   1  2  0 -9 
297 293   1 -1  0 -9 
297 295  -1  0  0 -9 
297 296   1 -1  0 -9 
297 297  -1 -2  0 -9 
298 255   1  3  0 -9 
298 298   1  0  0 -9 
299 130   1  2  0 -9 
299 175   1 -1  0 -9 
299 255   1  2  0 -9 
299 270  -1  0  0 -9 
299 271   1 -1  0 -9 
299 298   1 -1  0 -9 
299 299  -1 -2  0 -9 
300 300   1  8  0 -9 
301 300   1  7  0 -9 
301 301  -1  6  0 -9 
302 178   1  7  0 -9 
302 300   1  7  0 -9 
302 302  -1  6  0 -9 
303 178   1  6  0 -9 
303 179  -1  5  0 -9 
303 300   1  6  0 -9 
303 301  -1  5  0 -9 
303 302  -1  5  0 -9 
303 304   1  3  0 -9 
304 178   1  5  0 -9 
304 179  -1  4  0 -9 
304 300   1  5  0 -9 
304 301  -1  4  0 -9 
304 302  -1  4  0 -9 
304 303   1  3  0 -9 
305 182  -1  5  0 -9 
305 301  -1  4  0 -9 
305 306   1  3  0 -9 
306 182  -1  4  0 -9 
306 300   1  6  0 -9 
306 301  -1  5  0 -9 
306 305   1  3  0 -9 
307 300   1  5  0 -9 
307 301  -1  4  0 -9 
307 305   1  2  0 -9 
307 306  -1  1  0 -9 
307 307   1  0  0 -9 
308 178   1  4  0 -9 
308 179  -1  3  0 -9 
308 181  -1  0  0 -9 
308 182   1  2  0 -9 
308 183   1 -1  0 -9 
308 300   1  4  0 -9 
308 301  -1  3  0 -9 
308 302  -1  3  0 -9 
308 303   1  2  0 -9 
308 304   1 -1  0 -9 
308 306  -1  0  0 -9 
308 307   1 -1  0 -9 
308 308  -1 -2  0 -9 
309 309   1  8  0 -9 
310 300   1  5  0 -9 
310 301  -1  4  0 -9 
310 302  -1  4  0 -9 
310 309  -1  4  0 -9 
310 311   1  3  0 -9 
311 178   1  6  0 -9 
311 300   1  6  0 -9 
311 301  -1  5  0 -9 
311 302  -1  5  0 -9 
311 309   1  7  0 -9 
311 310   1  3  0 -9 
312 179  -1  3  0 -9 
312 180  -1  1  0 -9 
312 181   1  2  0 -9 
312 300   1  4  0 -9 
312 301  -1  3  0 -9 
312 302  -1  3  0 -9 
312 303   1  2  0 -9 
312 304  -1  1  0 -9 
312 309  -1  3  0 -9 
312 310  -1  1  0 -9 
312 311   1  2  0 -9 
312 312   1  0  0 -9 
313 309   1  7  0 -9 
313 313  -1  6  0 -9 
314 313  -1  4  0 -9 
314 315   1  3  0 -9 
315 309   1  6  0 -9 
315 313  -1  5  0 -9 
315 314   1  3  0 -9 
316 300   1  6  1  4  0 -9 
316 301  -1  5 -1  3 -1  1  0 -9 
316 302  -1  3  0 -9 
316 303   1  2  0 -9 
316 304  -1  1  0 -9 
316 309  -1  3  0 -9 
316 310  -1  1  0 -9 
316 311   1  2  0 -9 
316 313   1  2  0 -9 
316 314   1  2  0 -9 
316 315  -1  1  0 -9 
316 316   1  0  0 -9 
317 180  -1  0  0 -9 
317 300   1  3  0 -9 
317 301  -1  2 -1  0  0 -9 
317 302  -1  2  0 -9 
317 303   1  1  0 -9 
317 304  -1  0  0 -9 
317 309  -1  2  0 -9 
317 310  -1  0  0 -9 
317 311   1  1  0 -9 
317 312   1 -1  0 -9 
317 313   1  1  0 -9 
317 315  -1  0  0 -9 
317 316   1 -1  0 -9 
317 317  -1 -2  0 -9 
318 318  -1  6  0 -9 
319 318  -1  4  0 -9 
319 320   1  3  0 -9 
320 318  -1  5  0 -9 
320 319   1  3  0 -9 
321 318   1  2  0 -9 
321 319   1  2  0 -9 
321 320  -1  1  0 -9 
321 321   1  0  0 -9 
322 318   1  1  0 -9 
322 320  -1  0  0 -9 
322 321   1 -1  0 -9 
322 322  -1 -2  0 -9 
323 309   1  5  0 -9 
323 313  -1  4  0 -9 
323 314   1  2  0 -9 
323 315  -1  1  0 -9 
323 318   1  3  0 -9 
323 323   1  0  0 -9 
324 184   1  7  0 -9 
324 279   1  7  0 -9 
324 309   1  7  0 -9 
324 324  -1  6  0 -9 
325 279   1  5  0 -9 
325 280  -1  4  0 -9 
325 324  -1  4  0 -9 
325 326   1  3  0 -9 
326 184   1  6  0 -9 
326 279   1  6  0 -9 
326 280  -1  5  0 -9 
326 309   1  6  0 -9 
326 324  -1  5  0 -9 
326 325   1  3  0 -9 
327 184   1  6  0 -9 
327 188  -1  5  0 -9 
327 279   1  6  0 -9 
327 280  -1  5  0 -9 
327 309   1  6  0 -9 
327 313  -1  5  0 -9 
327 324  -1  5  0 -9 
327 328   1  3  0 -9 
328 184   1  5  0 -9 
328 188  -1  4  0 -9 
328 279   1  5  0 -9 
328 280  -1  4  0 -9 
328 309   1  5  0 -9 
328 313  -1  4  0 -9 
328 324  -1  4  0 -9 
328 327   1  3  0 -9 
329 279   1  6  1  4  0 -9 
329 280  -1  5 -1  3 -1  1  0 -9 
329 324  -1  3  0 -9 
329 325  -1  1  0 -9 
329 326   1  2  0 -9 
329 327   1  2  0 -9 
329 328  -1  1  0 -9 
329 329   1  0  0 -9 
330 188  -1  3  0 -9 
330 189  -1  1  0 -9 
330 190   1  2  0 -9 
330 279   1  4  0 -9 
330 280  -1  3  0 -9 
330 313  -1  3  0 -9 
330 314  -1  1  0 -9 
330 315   1  2  0 -9 
330 324  -1  3  0 -9 
330 325  -1  1  0 -9 
330 326   1  2  0 -9 
330 327   1  2  0 -9 
330 328  -1  1  0 -9 
330 330   1  0  0 -9 
331 189  -1  0  0 -9 
331 279   1  3  0 -9 
331 280  -1  2 -1  0  0 -9 
331 314  -1  0  0 -9 
331 324  -1  2  0 -9 
331 325  -1  0  0 -9 
331 326   1  1  0 -9 
331 327   1  1  0 -9 
331 328  -1  0  0 -9 
331 329   1 -1  0 -9 
331 330   1 -1  0 -9 
331 331  -1 -2  0 -9 
332 193  -1  5  0 -9 
332 288  -1  5  0 -9 
332 318  -1  5  0 -9 
332 333   1  3  0 -9 
333 193  -1  4  0 -9 
333 288  -1  4  0 -9 
333 318  -1  4  0 -9 
333 332   1  3  0 -9 
334 332   1  2  0 -9 
334 333  -1  1  0 -9 
334 334   1  0  0 -9 
335 146   1  2  0 -9 
335 184   1  4  0 -9 
335 188  -1  3  0 -9 
335 190  -1  0  0 -9 
335 193   1  2  0 -9 
335 198   1 -1  0 -9 
335 279   1  4  0 -9 
335 280  -1  3  0 -9 
335 285  -1  0  0 -9 
335 286   1 -1  0 -9 
335 288   1  2  0 -9 
335 293   1 -1  0 -9 
335 309   1  4  0 -9 
335 313  -1  3  0 -9 
335 315  -1  0  0 -9 
335 318   1  2  0 -9 
335 323   1 -1  0 -9 
335 324  -1  3  0 -9 
335 327   1  2  0 -9 
335 328   1 -1  0 -9 
335 333  -1  0  0 -9 
335 334   1 -1  0 -9 
335 335  -1 -2  0 -9 
336 288  -1  4  0 -9 
336 337   1  3  0 -9 
337 288  -1  5  0 -9 
337 336   1  3  0 -9 
338 193  -1  3  0 -9 
338 194  -1  1  0 -9 
338 195   1  2  0 -9 
338 288  -1  3  0 -9 
338 318  -1  3  0 -9 
338 319  -1  1  0 -9 
338 320   1  2  0 -9 
338 332   1  2  0 -9 
338 333  -1  1  0 -9 
338 336  -1  1  0 -9 
338 337   1  2  0 -9 
338 338   1  0  0 -9 
339 194  -1  0  0 -9 
339 319  -1  0  0 -9 
339 332   1  1  0 -9 
339 333  -1  0  0 -9 
339 334   1 -1  0 -9 
339 336  -1  0  0 -9 
339 338   1 -1  0 -9 
339 339  -1 -2  0 -9 
340 288   1  2  0 -9 
340 336   1  2  0 -9 
340 337  -1  1  0 -9 
340 340   1  0  0 -9 
341 288   1  1  0 -9 
341 337  -1  0  0 -9 
341 340   1 -1  0 -9 
341 341  -1 -2  0 -9 
342 342  -1  6  0 -9 
343 205  -1  5  0 -9 
343 342  -1  4  0 -9 
343 344   1  3  0 -9 
344 205  -1  4  0 -9 
344 342  -1  5  0 -9 
344 343   1  3  0 -9 
345 342   1  2  0 -9 
345 343   1  2  0 -9 
345 344  -1  1  0 -9 
345 345   1  0  0 -9 
346 205   1  2  0 -9 
346 206   1 -1  0 -9 
346 342   1  1  0 -9 
346 344  -1  0  0 -9 
346 345   1 -1  0 -9 
346 346  -1 -2  0 -9 
347 342   1  3  0 -9 
347 347   1  0  0 -9 
348 318   1  3  0 -9 
348 348   1  0  0 -9 
349 207  -1  5  0 -9 
349 342  -1  5  0 -9 
349 350   1  3  0 -9 
350 207  -1  4  0 -9 
350 342  -1  4  0 -9 
350 349   1  3  0 -9 
351 349   1  2  0 -9 
351 350  -1  1  0 -9 
351 351   1  0  0 -9 
352 207   1  2  0 -9 
352 212   1 -1  0 -9 
352 342   1  2  0 -9 
352 347   1 -1  0 -9 
352 350  -1  0  0 -9 
352 351   1 -1  0 -9 
352 352  -1 -2  0 -9 
353 353   1  0  0 -9 
354 193   1  2  0 -9 
354 213   1 -1  0 -9 
354 288   1  2  0 -9 
354 293   1 -1  0 -9 
354 318   1  2  0 -9 
354 333  -1  0  0 -9 
354 334   1 -1  0 -9 
354 348   1 -1  0 -9 
354 353   1 -1  0 -9 
354 354  -1 -2  0 -9 
355 342  -1  4  0 -9 
355 356   1  3  0 -9 
356 342  -1  5  0 -9 
356 355   1  3  0 -9 
357 207  -1  3  0 -9 
357 208  -1  1  0 -9 
357 209   1  2  0 -9 
357 342  -1  3  0 -9 
357 349   1  2  0 -9 
357 350  -1  1  0 -9 
357 355  -1  1  0 -9 
357 356   1  2  0 -9 
357 357   1  0  0 -9 
358 208  -1  0  0 -9 
358 349   1  1  0 -9 
358 350  -1  0  0 -9 
358 351   1 -1  0 -9 
358 355  -1  0  0 -9 
358 357   1 -1  0 -9 
358 358  -1 -2  0 -9 
359 342   1  2  0 -9 
359 355   1  2  0 -9 
359 356  -1  1  0 -9 
359 359   1  0  0 -9 
360 342   1  1  0 -9 
360 356  -1  0  0 -9 
360 359   1 -1  0 -9 
360 360  -1 -2  0 -9 
361 361   1  0  0 -9 
362 361   1 -1  0 -9 
362 362  -1 -2  0 -9 
363 353   1 -1  0 -9 
363 363  -1 -2  0 -9 
364 364   1  8  0 -9 
365 364   1  7  0 -9 
365 365  -1  6  0 -9 
366 365  -1  4  0 -9 
366 367   1  3  0 -9 
367 364   1  6  0 -9 
367 365  -1  5  0 -9 
367 366   1  3  0 -9 
368 368  -1  6  0 -9 
369 364   1  5  0 -9 
369 365  -1  4  0 -9 
369 366   1  2  0 -9 
369 367  -1  1  0 -9 
369 368   1  3  0 -9 
369 369   1  0  0 -9 
370 370  -1  6  0 -9 
371 370   1  3  0 -9 
371 371   1  0  0 -9 
372 372   1  8  0 -9 
373 372   1  7  0 -9 
373 373  -1  6  0 -9 
374 372   1  7  0 -9 
374 374  -1  6  0 -9 
375 372   1  6  0 -9 
375 373  -1  5  0 -9 
375 374  -1  5  0 -9 
375 376   1  3  0 -9 
376 372   1  5  0 -9 
376 373  -1  4  0 -9 
376 374  -1  4  0 -9 
376 375   1  3  0 -9 
377 368  -1  4  0 -9 
377 373  -1  4  0 -9 
377 378   1  3  0 -9 
378 368  -1  5  0 -9 
378 372   1  6  0 -9 
378 373  -1  5  0 -9 
378 377   1  3  0 -9 
379 368   1  2  0 -9 
379 372   1  5  0 -9 
379 373  -1  4  0 -9 
379 377   1  2  0 -9 
379 378  -1  1  0 -9 
379 379   1  0  0 -9 
380 368   1  1  0 -9 
380 372   1  4  0 -9 
380 373  -1  3  0 -9 
380 374  -1  3  0 -9 
380 375   1  2  0 -9 
380 376   1 -1  0 -9 
380 378  -1  0  0 -9 
380 379   1 -1  0 -9 
380 380  -1 -2  0 -9 
381 381  -1  6  0 -9 
382 370  -1  4  0 -9 
382 381  -1  4  0 -9 
382 383   1  3  0 -9 
383 370  -1  5  0 -9 
383 381  -1  5  0 -9 
383 382   1  3  0 -9 
384 370   1  2  0 -9 
384 381   1  2  0 -9 
384 382   1  2  0 -9 
384 383  -1  1  0 -9 
384 384   1  0  0 -9 
385 370   1  1  0 -9 
385 381   1  1  0 -9 
385 383  -1  0  0 -9 
385 384   1 -1  0 -9 
385 385  -1 -2  0 -9 
386 381   1  3  0 -9 
386 386   1  0  0 -9 
387 381  -1  5  0 -9 
387 388   1  3  0 -9 
388 381  -1  4  0 -9 
388 387   1  3  0 -9 
389 387   1  2  0 -9 
389 388  -1  1  0 -9 
389 389   1  0  0 -9 
390 381   1  2  0 -9 
390 386   1 -1  0 -9 
390 388  -1  0  0 -9 
390 389   1 -1  0 -9 
390 390  -1 -2  0 -9 
391 391  -1  6  0 -9 
392 391  -1  4  0 -9 
392 393   1  3  0 -9 
393 391  -1  5  0 -9 
393 392   1  3  0 -9 
394 391   1  2  0 -9 
394 392   1  2  0 -9 
394 393  -1  1  0 -9 
394 394   1  0  0 -9 
395 391   1  1  0 -9 
395 393  -1  0  0 -9 
395 394   1 -1  0 -9 
395 395  -1 -2  0 -9 
396 391   1  3  0 -9 
396 396   1  0  0 -9 
397 397   1  0  0 -9 
398 398   1  0  0 -9 
399 398   1 -1  0 -9 
399 399  -1 -2  0 -9 
400 400  -1  6  0 -9 
401 400   1  3  0 -9 
401 401   1  0  0 -9 
402 402  -1  6  0 -9 
403 402  -1  4  0 -9 
403 404   1  3  0 -9 
404 402  -1  5  0 -9 
404 403   1  3  0 -9 
405 402   1  2  0 -9 
405 403   1  2  0 -9 
405 404  -1  1  0 -9 
405 405   1  0  0 -9 
406 402   1  1  0 -9 
406 404  -1  0  0 -9 
406 405   1 -1  0 -9 
406 406  -1 -2  0 -9 
407 402   1  3  0 -9 
407 407   1  0  0 -9 
408 408   1  0  0 -9 
409 409   1  0  0 -9 
410 409   1 -1  0 -9 
410 410  -1 -2  0 -9 
411 411   1  0  0 -9 
412 412   1  8  0 -9 
413 412   1  7  0 -9 
413 413  -1  6  0 -9 
414 364   1  7  0 -9 
414 412   1  7  0 -9 
414 414  -1  6  0 -9 
415 364   1  6  0 -9 
415 365  -1  5  0 -9 
415 412   1  6  0 -9 
415 413  -1  5  0 -9 
415 414  -1  5  0 -9 
415 416   1  3  0 -9 
416 364   1  5  0 -9 
416 365  -1  4  0 -9 
416 412   1  5  0 -9 
416 413  -1  4  0 -9 
416 414  -1  4  0 -9 
416 415   1  3  0 -9 
417 368  -1  5  0 -9 
417 413  -1  4  0 -9 
417 418   1  3  0 -9 
418 368  -1  4  0 -9 
418 412   1  6  0 -9 
418 413  -1  5  0 -9 
418 417   1  3  0 -9 
419 412   1  5  0 -9 
419 413  -1  4  0 -9 
419 417   1  2  0 -9 
419 418  -1  1  0 -9 
419 419   1  0  0 -9 
420 364   1  4  0 -9 
420 365  -1  3  0 -9 
420 367  -1  0  0 -9 
420 368   1  2  0 -9 
420 369   1 -1  0 -9 
420 412   1  4  0 -9 
420 413  -1  3  0 -9 
420 414  -1  3  0 -9 
420 415   1  2  0 -9 
420 416   1 -1  0 -9 
420 418  -1  0  0 -9 
420 419   1 -1  0 -9 
420 420  -1 -2  0 -9 
421 421  -1  6  0 -9 
422 370  -1  5  0 -9 
422 421  -1  4  0 -9 
422 423   1  3  0 -9 
423 370  -1  4  0 -9 
423 421  -1  5  0 -9 
423 422   1  3  0 -9 
424 421   1  2  0 -9 
424 422   1  2  0 -9 
424 423  -1  1  0 -9 
424 424   1  0  0 -9 
425 370   1  2  0 -9 
425 371   1 -1  0 -9 
425 421   1  1  0 -9 
425 423  -1  0  0 -9 
425 424   1 -1  0 -9 
425 425  -1 -2  0 -9 
426 421   1  3  0 -9 
426 426   1  0  0 -9 
427 391  -1  5  0 -9 
427 421  -1  5  0 -9 
427 428   1  3  0 -9 
428 391  -1  4  0 -9 
428 421  -1  4  0 -9 
428 427   1  3  0 -9 
429 427   1  2  0 -9 
429 428  -1  1  0 -9 
429 429   1  0  0 -9 
430 391   1  2  0 -9 
430 396   1 -1  0 -9 
430 421   1  2  0 -9 
430 426   1 -1  0 -9 
430 428  -1  0  0 -9 
430 429   1 -1  0 -9 
430 430  -1 -2  0 -9 
431 431   1  0  0 -9 
432 397   1 -1  0 -9 
432 431   1 -1  0 -9 
432 432  -1 -2  0 -9 
433 433  -1  6  0 -9 
434 400  -1  5  0 -9 
434 433  -1  4  0 -9 
434 435   1  3  0 -9 
435 400  -1  4  0 -9 
435 433  -1  5  0 -9 
435 434   1  3  0 -9 
436 433   1  2  0 -9 
436 434   1  2  0 -9 
436 435  -1  1  0 -9 
436 436   1  0  0 -9 
437 400   1  2  0 -9 
437 401   1 -1  0 -9 
437 433   1  1  0 -9 
437 435  -1  0  0 -9 
437 436   1 -1  0 -9 
437 437  -1 -2  0 -9 
438 433   1  3  0 -9 
438 438   1  0  0 -9 
439 439   1  0  0 -9 
440 288  -1  5  0 -9 
440 402  -1  5  0 -9 
440 433  -1  5  0 -9 
440 441   1  3  0 -9 
441 288  -1  4  0 -9 
441 402  -1  4  0 -9 
441 433  -1  4  0 -9 
441 440   1  3  0 -9 
442 440   1  2  0 -9 
442 441  -1  1  0 -9 
442 442   1  0  0 -9 
443 288   1  2  0 -9 
443 293   1 -1  0 -9 
443 402   1  2  0 -9 
443 407   1 -1  0 -9 
443 433   1  2  0 -9 
443 438   1 -1  0 -9 
443 441  -1  0  0 -9 
443 442   1 -1  0 -9 
443 443  -1 -2  0 -9 
444 444   1  0  0 -9 
445 408   1 -1  0 -9 
445 439   1 -1  0 -9 
445 444   1 -1  0 -9 
445 445  -1 -2  0 -9 
446 446   1  0  0 -9 
447 411   1 -1  0 -9 
447 446   1 -1  0 -9 
447 447  -1 -2  0 -9 
448 448   1  8  0 -9 
449 448   1  7  0 -9 
449 449  -1  6  0 -9 
450 448   1  7  0 -9 
450 450  -1  6  0 -9 
451 448   1  6  0 -9 
451 449  -1  5  0 -9 
451 450  -1  5  0 -9 
451 452   1  3  0 -9 
452 448   1  5  0 -9 
452 449  -1  4  0 -9 
452 450  -1  4  0 -9 
452 451   1  3  0 -9 
453 182  -1  4  0 -9 
453 368  -1  4  0 -9 
453 449  -1  4  0 -9 
453 454   1  3  0 -9 
454 182  -1  5  0 -9 
454 368  -1  5  0 -9 
454 448   1  6  0 -9 
454 449  -1  5  0 -9 
454 453   1  3  0 -9 
455 182   1  2  0 -9 
455 368   1  2  0 -9 
455 448   1  5  0 -9 
455 449  -1  4  0 -9 
455 453   1  2  0 -9 
455 454  -1  1  0 -9 
455 455   1  0  0 -9 
456 182   1  1  0 -9 
456 368   1  1  0 -9 
456 448   1  4  0 -9 
456 449  -1  3  0 -9 
456 450  -1  3  0 -9 
456 451   1  2  0 -9 
456 452   1 -1  0 -9 
456 454  -1  0  0 -9 
456 455   1 -1  0 -9 
456 456  -1 -2  0 -9 
457 457   1  8  0 -9 
458 178  -1  4  0 -9 
458 448   1  5  0 -9 
458 449  -1  4  0 -9 
458 450  -1  4  0 -9 
458 457  -1  4  0 -9 
458 459   1  3  0 -9 
459 178   1  7  0 -9 
459 448   1  6  0 -9 
459 449  -1  5  0 -9 
459 450  -1  5  0 -9 
459 457   1  7  0 -9 
459 458   1  3  0 -9 
460 178  -1  3  0 -9 
460 448   1  4  0 -9 
460 449  -1  3  0 -9 
460 450  -1  3  0 -9 
460 451   1  2  0 -9 
460 452  -1  1  0 -9 
460 457  -1  3  0 -9 
460 458  -1  1  0 -9 
460 459   1  2  0 -9 
460 460   1  0  0 -9 
461 457   1  7  0 -9 
461 461  -1  6  0 -9 
462 461  -1  4  0 -9 
462 463   1  3  0 -9 
463 457   1  6  0 -9 
463 461  -1  5  0 -9 
463 462   1  3  0 -9 
464 178  -1  3  0 -9 
464 179   1  2  0 -9 
464 180   1  2  0 -9 
464 181  -1  1  0 -9 
464 448   1  6  1  4  0 -9 
464 449  -1  5 -1  3 -1  1  0 -9 
464 450  -1  3  0 -9 
464 451   1  2  0 -9 
464 452  -1  1  0 -9 
464 457  -1  3  0 -9 
464 458  -1  1  0 -9 
464 459   1  2  0 -9 
464 461   1  2  0 -9 
464 462   1  2  0 -9 
464 463  -1  1  0 -9 
464 464   1  0  0 -9 
465 178  -1  2  0 -9 
465 179   1  1  0 -9 
465 181  -1  0  0 -9 
465 448   1  3  0 -9 
465 449  -1  2 -1  0  0 -9 
465 450  -1  2  0 -9 
465 451   1  1  0 -9 
465 452  -1  0  0 -9 
465 457  -1  2  0 -9 
465 458  -1  0  0 -9 
465 459   1  1  0 -9 
465 460   1 -1  0 -9 
465 461   1  1  0 -9 
465 463  -1  0  0 -9 
465 464   1 -1  0 -9 
465 465  -1 -2  0 -9 
466 466  -1  6  0 -9 
467 466  -1  4  0 -9 
467 468   1  3  0 -9 
468 466  -1  5  0 -9 
468 467   1  3  0 -9 
469 466   1  2  0 -9 
469 467   1  2  0 -9 
469 468  -1  1  0 -9 
469 469   1  0  0 -9 
470 466   1  1  0 -9 
470 468  -1  0  0 -9 
470 469   1 -1  0 -9 
470 470  -1 -2  0 -9 
471 368   1  3  0 -9 
471 457   1  5  0 -9 
471 461  -1  4  0 -9 
471 462   1  2  0 -9 
471 463  -1  1  0 -9 
471 466   1  3  0 -9 
471 471   1  0  0 -9 
472 412   1  7  0 -9 
472 457   1  7  0 -9 
472 472  -1  6  0 -9 
473 412   1  5  0 -9 
473 413  -1  4  0 -9 
473 472  -1  4  0 -9 
473 474   1  3  0 -9 
474 412   1  6  0 -9 
474 413  -1  5  0 -9 
474 457   1  6  0 -9 
474 472  -1  5  0 -9 
474 473   1  3  0 -9 
475 412   1  6  0 -9 
475 413  -1  5  0 -9 
475 457   1  6  0 -9 
475 461  -1  5  0 -9 
475 472  -1  5  0 -9 
475 476   1  3  0 -9 
476 412   1  5  0 -9 
476 413  -1  4  0 -9 
476 457   1  5  0 -9 
476 461  -1  4  0 -9 
476 472  -1  4  0 -9 
476 475   1  3  0 -9 
477 412   1  6  1  4  0 -9 
477 413  -1  5 -1  3 -1  1  0 -9 
477 472  -1  3  0 -9 
477 473  -1  1  0 -9 
477 474   1  2  0 -9 
477 475   1  2  0 -9 
477 476  -1  1  0 -9 
477 477   1  0  0 -9 
478 412   1  4  0 -9 
478 413  -1  3  0 -9 
478 461  -1  3  0 -9 
478 462  -1  1  0 -9 
478 463   1  2  0 -9 
478 472  -1  3  0 -9 
478 473  -1  1  0 -9 
478 474   1  2  0 -9 
478 475   1  2  0 -9 
478 476  -1  1  0 -9 
478 478   1  0  0 -9 
479 412   1  3  0 -9 
479 413  -1  2 -1  0  0 -9 
479 462  -1  0  0 -9 
479 472  -1  2  0 -9 
479 473  -1  0  0 -9 
479 474   1  1  0 -9 
479 475   1  1  0 -9 
479 476  -1  0  0 -9 
479 477   1 -1  0 -9 
479 478   1 -1  0 -9 
479 479  -1 -2  0 -9 
480 421  -1  5  0 -9 
480 466  -1  5  0 -9 
480 481   1  3  0 -9 
481 421  -1  4  0 -9 
481 466  -1  4  0 -9 
481 480   1  3  0 -9 
482 480   1  2  0 -9 
482 481  -1  1  0 -9 
482 482   1  0  0 -9 
483 368   1  2  0 -9 
483 412   1  4  0 -9 
483 413  -1  3  0 -9 
483 418  -1  0  0 -9 
483 419   1 -1  0 -9 
483 421   1  2  0 -9 
483 426   1 -1  0 -9 
483 457   1  4  0 -9 
483 461  -1  3  0 -9 
483 463  -1  0  0 -9 
483 466   1  2  0 -9 
483 471   1 -1  0 -9 
483 472  -1  3  0 -9 
483 475   1  2  0 -9 
483 476   1 -1  0 -9 
483 481  -1  0  0 -9 
483 482   1 -1  0 -9 
483 483  -1 -2  0 -9 
484 421  -1  4  0 -9 
484 485   1  3  0 -9 
485 421  -1  5  0 -9 
485 484   1  3  0 -9 
486 421  -1  3  0 -9 
486 466  -1  3  0 -9 
486 467  -1  1  0 -9 
486 468   1  2  0 -9 
486 480   1  2  0 -9 
486 481  -1  1  0 -9 
486 484  -1  1  0 -9 
486 485   1  2  0 -9 
486 486   1  0  0 -9 
487 467  -1  0  0 -9 
487 480   1  1  0 -9 
487 481  -1  0  0 -9 
487 482   1 -1  0 -9 
487 484  -1  0  0 -9 
487 486   1 -1  0 -9 
487 487  -1 -2  0 -9 
488 421   1  2  0 -9 
488 484   1  2  0 -9 
488 485  -1  1  0 -9 
488 488   1  0  0 -9 
489 421   1  1  0 -9 
489 485  -1  0  0 -9 
489 488   1 -1  0 -9 
489 489  -1 -2  0 -9 
490 490  -1  6  0 -9 
491 205  -1  4  0 -9 
491 370  -1  4  0 -9 
491 490  -1  4  0 -9 
491 492   1  3  0 -9 
492 205  -1  5  0 -9 
492 370  -1  5  0 -9 
492 490  -1  5  0 -9 
492 491   1  3  0 -9 
493 205   1  2  0 -9 
493 370   1  2  0 -9 
493 490   1  2  0 -9 
493 491   1  2  0 -9 
493 492  -1  1  0 -9 
493 493   1  0  0 -9 
494 205   1  1  0 -9 
494 370   1  1  0 -9 
494 490   1  1  0 -9 
494 492  -1  0  0 -9 
494 493   1 -1  0 -9 
494 494  -1 -2  0 -9 
495 490   1  3  0 -9 
495 495   1  0  0 -9 
496 466   1  3  0 -9 
496 496   1  0  0 -9 
497 490  -1  5  0 -9 
497 498   1  3  0 -9 
498 490  -1  4  0 -9 
498 497   1  3  0 -9 
499 497   1  2  0 -9 
499 498  -1  1  0 -9 
499 499   1  0  0 -9 
500 490   1  2  0 -9 
500 495   1 -1  0 -9 
500 498  -1  0  0 -9 
500 499   1 -1  0 -9 
500 500  -1 -2  0 -9 
501 501   1  0  0 -9 
502 421   1  2  0 -9 
502 426   1 -1  0 -9 
502 466   1  2  0 -9 
502 481  -1  0  0 -9 
502 482   1 -1  0 -9 
502 496   1 -1  0 -9 
502 501   1 -1  0 -9 
502 502  -1 -2  0 -9 
503 490  -1  4  0 -9 
503 504   1  3  0 -9 
504 490  -1  5  0 -9 
504 503   1  3  0 -9 
505 490  -1  3  0 -9 
505 497   1  2  0 -9 
505 498  -1  1  0 -9 
505 503  -1  1  0 -9 
505 504   1  2  0 -9 
505 505   1  0  0 -9 
506 497   1  1  0 -9 
506 498  -1  0  0 -9 
506 499   1 -1  0 -9 
506 503  -1  0  0 -9 
506 505   1 -1  0 -9 
506 506  -1 -2  0 -9 
507 490   1  2  0 -9 
507 503   1  2  0 -9 
507 504  -1  1  0 -9 
507 507   1  0  0 -9 
508 490   1  1  0 -9 
508 504  -1  0  0 -9 
508 507   1 -1  0 -9 
508 508  -1 -2  0 -9 
509 509   1  0  0 -9 
510 509   1 -1  0 -9 
510 510  -1 -2  0 -9 
511 501   1 -1  0 -9 
511 511  -1 -2  0 -9 
512 512  -1  6  0 -9 
513 400  -1  4  0 -9 
513 512  -1  4  0 -9 
513 514   1  3  0 -9 
514 400  -1  5  0 -9 
514 512  -1  5  0 -9 
514 513   1  3  0 -9 
515 400   1  2  0 -9 
515 512   1  2  0 -9 
515 513   1  2  0 -9 
515 514  -1  1  0 -9 
515 515   1  0  0 -9 
516 400   1  1  0 -9 
516 512   1  1  0 -9 
516 514  -1  0  0 -9 
516 515   1 -1  0 -9 
516 516  -1 -2  0 -9 
517 512   1  3  0 -9 
517 517   1  0  0 -9 
518 518   1  0  0 -9 
519 512  -1  5  0 -9 
519 520   1  3  0 -9 
520 512  -1  4  0 -9 
520 519   1  3  0 -9 
521 519   1  2  0 -9 
521 520  -1  1  0 -9 
521 521   1  0  0 -9 
522 512   1  2  0 -9 
522 517   1 -1  0 -9 
522 520  -1  0  0 -9 
522 521   1 -1  0 -9 
522 522  -1 -2  0 -9 
523 523   1  0  0 -9 
524 518   1 -1  0 -9 
524 523   1 -1  0 -9 
524 524  -1 -2  0 -9 
525 525   1  0  0 -9 
526 525   1 -1  0 -9 
526 526  -1 -2  0 -9 
527 527  -1  6  0 -9 
528 527  -1  4  0 -9 
528 529   1  3  0 -9 
529 527  -1  5  0 -9 
529 528   1  3  0 -9 
530 527   1  2  0 -9 
530 528   1  2  0 -9 
530 529  -1  1  0 -9 
530 530   1  0  0 -9 
531 527   1  1  0 -9 
531 529  -1  0  0 -9 
531 530   1 -1  0 -9 
531 531  -1 -2  0 -9 
532 527   1  3  0 -9 
532 532   1  0  0 -9 
533 512  -1  4  0 -9 
533 534   1  3  0 -9 
534 512  -1  5  0 -9 
534 533   1  3  0 -9 
535 512  -1  3  0 -9 
535 519   1  2  0 -9 
535 520  -1  1  0 -9 
535 533  -1  1  0 -9 
535 534   1  2  0 -9 
535 535   1  0  0 -9 
536 519   1  1  0 -9 
536 520  -1  0  0 -9 
536 521   1 -1  0 -9 
536 533  -1  0  0 -9 
536 535   1 -1  0 -9 
536 536  -1 -2  0 -9 
537 512   1  2  0 -9 
537 533   1  2  0 -9 
537 534  -1  1  0 -9 
537 537   1  0  0 -9 
538 512   1  1  0 -9 
538 534  -1  0  0 -9 
538 537   1 -1  0 -9 
538 538  -1 -2  0 -9 
539 539   1  0  0 -9 
540 539   1 -1  0 -9 
540 540  -1 -2  0 -9 
541 523   1 -1  0 -9 
541 541  -1 -2  0 -9 
542 542   1  0  0 -9 
543 543   1  0  0 -9 
544 543   1 -1  0 -9 
544 544  -1 -2  0 -9 
545 433  -1  5  0 -9 
545 527  -1  5  0 -9 
545 546   1  3  0 -9 
546 433  -1  4  0 -9 
546 527  -1  4  0 -9 
546 545   1  3  0 -9 
547 545   1  2  0 -9 
547 546  -1  1  0 -9 
547 547   1  0  0 -9 
548 433   1  2  0 -9 
548 438   1 -1  0 -9 
548 527   1  2  0 -9 
548 532   1 -1  0 -9 
548 546  -1  0  0 -9 
548 547   1 -1  0 -9 
548 548  -1 -2  0 -9 
549 433  -1  4  0 -9 
549 550   1  3  0 -9 
550 433  -1  5  0 -9 
550 549   1  3  0 -9 
551 433  -1  3  0 -9 
551 527  -1  3  0 -9 
551 528  -1  1  0 -9 
551 529   1  2  0 -9 
551 545   1  2  0 -9 
551 546  -1  1  0 -9 
551 549  -1  1  0 -9 
551 550   1  2  0 -9 
551 551   1  0  0 -9 
552 528  -1  0  0 -9 
552 545   1  1  0 -9 
552 546  -1  0  0 -9 
552 547   1 -1  0 -9 
552 549  -1  0  0 -9 
552 551   1 -1  0 -9 
552 552  -1 -2  0 -9 
553 433   1  2  0 -9 
553 549   1  2  0 -9 
553 550  -1  1  0 -9 
553 553   1  0  0 -9 
554 433   1  1  0 -9 
554 550  -1  0  0 -9 
554 553   1 -1  0 -9 
554 554  -1 -2  0 -9 
555 555   1  0  0 -9 
556 555   1 -1  0 -9 
556 556  -1 -2  0 -9 
557 557   1  0  0 -9 
558 439   1 -1  0 -9 
558 542   1 -1  0 -9 
558 557   1 -1  0 -9 
558 558  -1 -2  0 -9 
559 557   1 -1  0 -9 
559 559  -1 -2  0 -9 
9999 9999
