 0  0   1  0  0 -9 
 0  1   1  3  0 -9 
 1  1  -1  6  0 -9 
 2  0   1 -1  0 -9 
 2  1   1  2  0 -9 
 2  2  -1 -2  0 -9 
 2  4   1 -1  0 -9 
 2  5  -1  0  0 -9 
 2  6   1  1  0 -9 
 3  3   1  0  0 -9 
 3  6   1  3  0 -9 
 4  4   1  0  0 -9 
 4  5  -1  1  0 -9 
 4  6   1  2  0 -9 
 4  7   1  2  0 -9 
 5  1  -1  4  0 -9 
 5  6  -1  5  0 -9 
 5  7   1  3  0 -9 
 6  6  -1  6  0 -9 
 7  1  -1  5  0 -9 
 7  5   1  3  0 -9 
 7  6  -1  4  0 -9 
 8  1   1  2  0 -9 
 8  5   1  2  0 -9 
 8  7  -1  1  0 -9 
 8  8   1  0  0 -9 
 9  1   1  1  0 -9 
 9  6   1  2  0 -9 
 9  7  -1  0  0 -9 
 9  8   1 -1  0 -9 
 9  9  -1 -2  0 -9 
 9 10   1 -1  0 -9 
10  6   1  3  0 -9 
10 10   1  0  0 -9 
11  1   1  3  0 -9 
11 11   1  0  0 -9 
12 12  -1 -2  0 -9 
12 14   1 -1  0 -9 
12 15  -1  0  0 -9 
12 16   1  1  0 -9 
13 13   1  0  0 -9 
13 16   1  3  0 -9 
14 14   1  0  0 -9 
14 15  -1  1  0 -9 
14 16   1  2  0 -9 
14 17   1  2  0 -9 
15 16  -1  5  0 -9 
15 17   1  3  0 -9 
16 16  -1  6  0 -9 
17 15   1  3  0 -9 
17 16  -1  4  0 -9 
18 13   1 -1  0 -9 
18 16   1  2  0 -9 
18 18  -1 -2  0 -9 
18 20   1 -1  0 -9 
18 21  -1  0  0 -9 
19 14   1 -1  0 -9 
19 15  -1  0  0 -9 
19 16   1  1  0 -9 
19 17   1  1  0 -9 
19 19  -1 -2  0 -9 
19 22   1 -1  0 -9 
19 23  -1  0  0 -9 
20 20   1  0  0 -9 
20 21  -1  1  0 -9 
20 23   1  2  0 -9 
21 16  -1  4  0 -9 
21 23   1  3  0 -9 
22 15  -1  1  0 -9 
22 16  -1  4  1  2  0 -9 
22 17   1  2  0 -9 
22 21   1  2  0 -9 
22 22   1  0  0 -9 
22 23  -1  1  0 -9 
23 16  -1  5  0 -9 
23 21   1  3  0 -9 
24 15  -1  0  0 -9 
24 16   1  1  0 -9 
24 21   1  1  0 -9 
24 22   1 -1  0 -9 
24 23  -1  0  0 -9 
24 24  -1 -2  0 -9 
24 25   1 -1  0 -9 
25 16   1  2  0 -9 
25 21   1  2  0 -9 
25 23  -1  1  0 -9 
25 25   1  0  0 -9 
26 16   1  1  0 -9 
26 23  -1  0  0 -9 
26 25   1 -1  0 -9 
26 26  -1 -2  0 -9 
27 15   1  2  0 -9 
27 17  -1  1  0 -9 
27 27   1  0  0 -9 
28 16   1  2  0 -9 
28 17  -1  0  0 -9 
28 27   1 -1  0 -9 
28 28  -1 -2  0 -9 
28 29   1 -1  0 -9 
29 16   1  3  0 -9 
29 29   1  0  0 -9 
30 30   1  0  0 -9 
31 30   1 -1  0 -9 
31 31  -1 -2  0 -9 
31 32   1 -1  0 -9 
32 32   1  0  0 -9 
33 33  -1 -2  0 -9 
33 34   1 -1  0 -9 
34 34   1  0  0 -9 
35 34   1 -1  0 -9 
35 35  -1 -2  0 -9 
36 36   1  0  0 -9 
37 37   1  0  0 -9 
38 37   1 -1  0 -9 
38 38  -1 -2  0 -9 
38 39   1 -1  0 -9 
39 39   1  0  0 -9 
9999 9999
