 0  0   1  8  0 -9 
 1  0   1  7  0 -9 
 1  1  -1  6  0 -9 
 2  2   1  8  0 -9 
 3  2   1  7  0 -9 
 3  3  -1  6  0 -9 
 4  0   1  6  0 -9 
 4  1  -1  5  0 -9 
 4  3  -1  4  0 -9 
 4  5   1  3  0 -9 
 5  1  -1  4  0 -9 
 5  2   1  6  0 -9 
 5  3  -1  5  0 -9 
 5  4   1  3  0 -9 
 6  6   1  8  0 -9 
 7  6   1  7  0 -9 
 7  7  -1  6  0 -9 
 8  7  -1  4  0 -9 
 8  9   1  3  0 -9 
 9  6   1  6  0 -9 
 9  7  -1  5  0 -9 
 9  8   1  3  0 -9 
10 10  -1  6  0 -9 
11  6   1  5  0 -9 
11  7  -1  4  0 -9 
11  8   1  2  0 -9 
11  9  -1  1  0 -9 
11 10   1  3  0 -9 
11 11   1  0  0 -9 
12 12   1  8  0 -9 
13  2   1  7  0 -9 
13 12   1  7  0 -9 
13 13  -1  6  0 -9 
14  2   1  6  0 -9 
14  3  -1  5  0 -9 
14 12   1  6  0 -9 
14 13  -1  5  0 -9 
14 15   1  3  0 -9 
15  2   1  5  0 -9 
15  3  -1  4  0 -9 
15 13  -1  4  0 -9 
15 14   1  3  0 -9 
16 16   1  8  0 -9 
17 16   1  7  0 -9 
17 17  -1  6  0 -9 
18  6   1  7  0 -9 
18 16   1  7  0 -9 
18 18  -1  6  0 -9 
19  6   1  6  0 -9 
19  7  -1  5  0 -9 
19 16   1  6  0 -9 
19 17  -1  5  0 -9 
19 18  -1  5  0 -9 
19 20   1  3  0 -9 
20  6   1  5  0 -9 
20  7  -1  4  0 -9 
20 16   1  5  0 -9 
20 17  -1  4  0 -9 
20 18  -1  4  0 -9 
20 19   1  3  0 -9 
21 10  -1  5  0 -9 
21 17  -1  4  0 -9 
21 22   1  3  0 -9 
22 10  -1  4  0 -9 
22 16   1  6  0 -9 
22 17  -1  5  0 -9 
22 21   1  3  0 -9 
23 16   1  5  0 -9 
23 17  -1  4  0 -9 
23 21   1  2  0 -9 
23 22  -1  1  0 -9 
23 23   1  0  0 -9 
24  6   1  4  0 -9 
24  7  -1  3  0 -9 
24  9  -1  0  0 -9 
24 10   1  2  0 -9 
24 11   1 -1  0 -9 
24 16   1  4  0 -9 
24 17  -1  3  0 -9 
24 18  -1  3  0 -9 
24 19   1  2  0 -9 
24 20   1 -1  0 -9 
24 22  -1  0  0 -9 
24 23   1 -1  0 -9 
24 24  -1 -2  0 -9 
25 25   1  8  0 -9 
26 25   1  7  0 -9 
26 26  -1  6  0 -9 
27 25   1  7  0 -9 
27 27  -1  6  0 -9 
28 25   1  6  0 -9 
28 26  -1  5  0 -9 
28 27  -1  5  0 -9 
28 29   1  3  0 -9 
29 25   1  5  0 -9 
29 26  -1  4  0 -9 
29 27  -1  4  0 -9 
29 28   1  3  0 -9 
30 10  -1  4  0 -9 
30 26  -1  4  0 -9 
30 31   1  3  0 -9 
31 10  -1  5  0 -9 
31 25   1  6  0 -9 
31 26  -1  5  0 -9 
31 30   1  3  0 -9 
32 10   1  2  0 -9 
32 25   1  5  0 -9 
32 26  -1  4  0 -9 
32 30   1  2  0 -9 
32 31  -1  1  0 -9 
32 32   1  0  0 -9 
33 10   1  1  0 -9 
33 25   1  4  0 -9 
33 26  -1  3  0 -9 
33 27  -1  3  0 -9 
33 28   1  2  0 -9 
33 29   1 -1  0 -9 
33 31  -1  0  0 -9 
33 32   1 -1  0 -9 
33 33  -1 -2  0 -9 
34 34  -1  6  0 -9 
35 34  -1  4  0 -9 
35 36   1  3  0 -9 
36 34  -1  5  0 -9 
36 35   1  3  0 -9 
37 34   1  2  0 -9 
37 35   1  2  0 -9 
37 36  -1  1  0 -9 
37 37   1  0  0 -9 
38 34   1  1  0 -9 
38 36  -1  0  0 -9 
38 37   1 -1  0 -9 
38 38  -1 -2  0 -9 
39 34   1  3  0 -9 
39 39   1  0  0 -9 
40 34  -1  5  0 -9 
40 41   1  3  0 -9 
41 34  -1  4  0 -9 
41 40   1  3  0 -9 
42 40   1  2  0 -9 
42 41  -1  1  0 -9 
42 42   1  0  0 -9 
43 34   1  2  0 -9 
43 39   1 -1  0 -9 
43 41  -1  0  0 -9 
43 42   1 -1  0 -9 
43 43  -1 -2  0 -9 
44 44   1  8  0 -9 
45 44   1  7  0 -9 
45 45  -1  6  0 -9 
46 45  -1  4  0 -9 
46 47   1  3  0 -9 
47 44   1  6  0 -9 
47 45  -1  5  0 -9 
47 46   1  3  0 -9 
48 48  -1  6  0 -9 
49 44   1  5  0 -9 
49 45  -1  4  0 -9 
49 46   1  2  0 -9 
49 47  -1  1  0 -9 
49 48   1  3  0 -9 
49 49   1  0  0 -9 
50 50  -1  6  0 -9 
51 50   1  3  0 -9 
51 51   1  0  0 -9 
52 52   1  8  0 -9 
53 52   1  7  0 -9 
53 53  -1  6  0 -9 
54 52   1  7  0 -9 
54 54  -1  6  0 -9 
55 52   1  6  0 -9 
55 53  -1  5  0 -9 
55 54  -1  5  0 -9 
55 56   1  3  0 -9 
56 52   1  5  0 -9 
56 53  -1  4  0 -9 
56 54  -1  4  0 -9 
56 55   1  3  0 -9 
57 48  -1  4  0 -9 
57 53  -1  4  0 -9 
57 58   1  3  0 -9 
58 48  -1  5  0 -9 
58 52   1  6  0 -9 
58 53  -1  5  0 -9 
58 57   1  3  0 -9 
59 48   1  2  0 -9 
59 52   1  5  0 -9 
59 53  -1  4  0 -9 
59 57   1  2  0 -9 
59 58  -1  1  0 -9 
59 59   1  0  0 -9 
60 48   1  1  0 -9 
60 52   1  4  0 -9 
60 53  -1  3  0 -9 
60 54  -1  3  0 -9 
60 55   1  2  0 -9 
60 56   1 -1  0 -9 
60 58  -1  0  0 -9 
60 59   1 -1  0 -9 
60 60  -1 -2  0 -9 
61 61  -1  6  0 -9 
62 50  -1  4  0 -9 
62 61  -1  4  0 -9 
62 63   1  3  0 -9 
63 50  -1  5  0 -9 
63 61  -1  5  0 -9 
63 62   1  3  0 -9 
64 50   1  2  0 -9 
64 61   1  2  0 -9 
64 62   1  2  0 -9 
64 63  -1  1  0 -9 
64 64   1  0  0 -9 
65 50   1  1  0 -9 
65 61   1  1  0 -9 
65 63  -1  0  0 -9 
65 64   1 -1  0 -9 
65 65  -1 -2  0 -9 
66 61   1  3  0 -9 
66 66   1  0  0 -9 
67 61  -1  5  0 -9 
67 68   1  3  0 -9 
68 61  -1  4  0 -9 
68 67   1  3  0 -9 
69 67   1  2  0 -9 
69 68  -1  1  0 -9 
69 69   1  0  0 -9 
70 61   1  2  0 -9 
70 66   1 -1  0 -9 
70 68  -1  0  0 -9 
70 69   1 -1  0 -9 
70 70  -1 -2  0 -9 
71 71  -1  6  0 -9 
72 71  -1  4  0 -9 
72 73   1  3  0 -9 
73 71  -1  5  0 -9 
73 72   1  3  0 -9 
74 71   1  2  0 -9 
74 72   1  2  0 -9 
74 73  -1  1  0 -9 
74 74   1  0  0 -9 
75 71   1  1  0 -9 
75 73  -1  0  0 -9 
75 74   1 -1  0 -9 
75 75  -1 -2  0 -9 
76 71   1  3  0 -9 
76 76   1  0  0 -9 
77 77   1  0  0 -9 
78 78   1  0  0 -9 
79 78   1 -1  0 -9 
79 79  -1 -2  0 -9 
80 80   1  8  0 -9 
81 80   1  7  0 -9 
81 81  -1  6  0 -9 
82 44   1  7  0 -9 
82 80   1  7  0 -9 
82 82  -1  6  0 -9 
83 44   1  6  0 -9 
83 45  -1  5  0 -9 
83 80   1  6  0 -9 
83 81  -1  5  0 -9 
83 82  -1  5  0 -9 
83 84   1  3  0 -9 
84 44   1  5  0 -9 
84 45  -1  4  0 -9 
84 80   1  5  0 -9 
84 81  -1  4  0 -9 
84 82  -1  4  0 -9 
84 83   1  3  0 -9 
85 48  -1  5  0 -9 
85 81  -1  4  0 -9 
85 86   1  3  0 -9 
86 48  -1  4  0 -9 
86 80   1  6  0 -9 
86 81  -1  5  0 -9 
86 85   1  3  0 -9 
87 80   1  5  0 -9 
87 81  -1  4  0 -9 
87 85   1  2  0 -9 
87 86  -1  1  0 -9 
87 87   1  0  0 -9 
88 44   1  4  0 -9 
88 45  -1  3  0 -9 
88 47  -1  0  0 -9 
88 48   1  2  0 -9 
88 49   1 -1  0 -9 
88 80   1  4  0 -9 
88 81  -1  3  0 -9 
88 82  -1  3  0 -9 
88 83   1  2  0 -9 
88 84   1 -1  0 -9 
88 86  -1  0  0 -9 
88 87   1 -1  0 -9 
88 88  -1 -2  0 -9 
89 89  -1  6  0 -9 
90 50  -1  5  0 -9 
90 89  -1  4  0 -9 
90 91   1  3  0 -9 
91 50  -1  4  0 -9 
91 89  -1  5  0 -9 
91 90   1  3  0 -9 
92 89   1  2  0 -9 
92 90   1  2  0 -9 
92 91  -1  1  0 -9 
92 92   1  0  0 -9 
93 50   1  2  0 -9 
93 51   1 -1  0 -9 
93 89   1  1  0 -9 
93 91  -1  0  0 -9 
93 92   1 -1  0 -9 
93 93  -1 -2  0 -9 
94 89   1  3  0 -9 
94 94   1  0  0 -9 
95 71  -1  5  0 -9 
95 89  -1  5  0 -9 
95 96   1  3  0 -9 
96 71  -1  4  0 -9 
96 89  -1  4  0 -9 
96 95   1  3  0 -9 
97 95   1  2  0 -9 
97 96  -1  1  0 -9 
97 97   1  0  0 -9 
98 71   1  2  0 -9 
98 76   1 -1  0 -9 
98 89   1  2  0 -9 
98 94   1 -1  0 -9 
98 96  -1  0  0 -9 
98 97   1 -1  0 -9 
98 98  -1 -2  0 -9 
99 99   1  0  0 -9 
100 77   1 -1  0 -9 
100 99   1 -1  0 -9 
100 100  -1 -2  0 -9 
101 101  -1  6  0 -9 
102 101  -1  4  0 -9 
102 103   1  3  0 -9 
103 101  -1  5  0 -9 
103 102   1  3  0 -9 
104 101   1  2  0 -9 
104 102   1  2  0 -9 
104 103  -1  1  0 -9 
104 104   1  0  0 -9 
105 101   1  1  0 -9 
105 103  -1  0  0 -9 
105 104   1 -1  0 -9 
105 105  -1 -2  0 -9 
106 101   1  3  0 -9 
106 106   1  0  0 -9 
107 107   1  0  0 -9 
108 101  -1  5  0 -9 
108 109   1  3  0 -9 
109 101  -1  4  0 -9 
109 108   1  3  0 -9 
110 108   1  2  0 -9 
110 109  -1  1  0 -9 
110 110   1  0  0 -9 
111 101   1  2  0 -9 
111 106   1 -1  0 -9 
111 109  -1  0  0 -9 
111 110   1 -1  0 -9 
111 111  -1 -2  0 -9 
112 112   1  0  0 -9 
113 107   1 -1  0 -9 
113 112   1 -1  0 -9 
113 113  -1 -2  0 -9 
114 114   1  0  0 -9 
115 114   1 -1  0 -9 
115 115  -1 -2  0 -9 
9999 9999
