 0  0  -1 -2  0 -9 
 1  1  -1 -2  0 -9 
 2  2  -1 -2  0 -9 
 3  3  -1 -2  0 -9 
 4  4  -1 -2  0 -9 
 5  5  -1 -2  0 -9 
 6  6  -1 -2  0 -9 
 7  7  -1 -2  0 -9 
 8  8  -1 -2  0 -9 
 8 33   1 -1  0 -9 
 9  9  -1 -2  0 -9 
 9 34   1 -1  0 -9 
10 10  -1 -2  0 -9 
10 35   1 -1  0 -9 
11 11  -1 -2  0 -9 
11 36   1 -1  0 -9 
12 12  -1 -2  0 -9 
12 39   1 -1  0 -9 
12 48  -1  0  0 -9 
13 13  -1 -2  0 -9 
13 40   1 -1  0 -9 
13 49  -1  0  0 -9 
14 14  -1 -2  0 -9 
14 41   1 -1  0 -9 
14 50  -1  0  0 -9 
15 15  -1 -2  0 -9 
15 42   1 -1  0 -9 
15 51  -1  0  0 -9 
16 16  -1 -2  0 -9 
16 43   1 -1  0 -9 
16 52  -1  0  0 -9 
17 17  -1 -2  0 -9 
17 44   1 -1  0 -9 
17 53  -1  0  0 -9 
18 18  -1 -2  0 -9 
18 60   1 -1  0 -9 
19 19  -1 -2  0 -9 
19 61   1 -1  0 -9 
20 20  -1 -2  0 -9 
20 62   1 -1  0 -9 
21 21  -1 -2  0 -9 
21 63   1 -1  0 -9 
22 22  -1 -2  0 -9 
22 64   1 -1  0 -9 
22 75  -1  0  0 -9 
23 23  -1 -2  0 -9 
23 65   1 -1  0 -9 
23 76  -1  0  0 -9 
24 24  -1 -2  0 -9 
24 66   1 -1  0 -9 
24 77  -1  0  0 -9 
25 25  -1 -2  0 -9 
25 67   1 -1  0 -9 
25 78  -1  0  0 -9 
26 26  -1 -2  0 -9 
26 68   1 -1  0 -9 
26 79  -1  0  0 -9 
27 27  -1 -2  0 -9 
27 69   1 -1  0 -9 
27 80  -1  0  0 -9 
28 28  -1 -2  0 -9 
28 52  -1  0  0 -9 
28 57   1 -1  0 -9 
28 70   1 -1  0 -9 
28 84  -1  0  0 -9 
28 87   1  1  0 -9 
29 29  -1 -2  0 -9 
29 53  -1  0  0 -9 
29 58   1 -1  0 -9 
29 71   1 -1  0 -9 
29 85  -1  0  0 -9 
29 88   1  1  0 -9 
30 30  -1 -2  0 -9 
30 45   1 -1  0 -9 
30 54  -1  0  0 -9 
30 77  -1  0  0 -9 
30 81   1 -1  0 -9 
30 90   1  1  0 -9 
31 31  -1 -2  0 -9 
31 46   1 -1  0 -9 
31 55  -1  0  0 -9 
31 78  -1  0  0 -9 
31 82   1 -1  0 -9 
31 91   1  1  0 -9 
32 32  -1 -2  0 -9 
32 56  -1  0  0 -9 
32 59   1 -1  0 -9 
32 83   1 -1  0 -9 
32 86  -1  0  0 -9 
32 89   1  1  0 -9 
32 92   1  1  0 -9 
32 93  -1  2  0 -9 
33 33   1  0  0 -9 
34 34   1  0  0 -9 
35 35   1  0  0 -9 
36 36   1  0  0 -9 
37 37  -1 -2  0 -9 
37 45   1 -1  0 -9 
37 54  -1  0  0 -9 
38 36   1 -1  0 -9 
38 38  -1 -2  0 -9 
38 46   1 -1  0 -9 
38 55  -1  0  0 -9 
39 39   1  0  0 -9 
39 48  -1  1  0 -9 
39 75   1  2  0 -9 
40 40   1  0  0 -9 
40 49  -1  1  0 -9 
40 76   1  2  0 -9 
41 41   1  0  0 -9 
41 50  -1  1  0 -9 
41 77   1  2  0 -9 
42 42   1  0  0 -9 
42 51  -1  1  0 -9 
42 78   1  2  0 -9 
43 43   1  0  0 -9 
43 52  -1  1  0 -9 
43 79   1  2  0 -9 
44 44   1  0  0 -9 
44 53  -1  1  0 -9 
44 80   1  2  0 -9 
45 45   1  0  0 -9 
45 54  -1  1  0 -9 
45 90   1  2  0 -9 
46 46   1  0  0 -9 
46 55  -1  1  0 -9 
46 91   1  2  0 -9 
47 46   1 -1  0 -9 
47 47  -1 -2  0 -9 
47 55  -1  0  0 -9 
47 56   1 -1  0 -9 
47 92   1  2  0 -9 
47 93  -1  3  0 -9 
48 75   1  3  0 -9 
49 76   1  3  0 -9 
50 77   1  3  0 -9 
51 78   1  3  0 -9 
52 79   1  3  0 -9 
53 80   1  3  0 -9 
54 90   1  3  0 -9 
55 91   1  3  0 -9 
56 92   1  3  0 -9 
56 93  -1  4  0 -9 
57 52  -1  1  0 -9 
57 57   1  0  0 -9 
57 79   1  2  0 -9 
57 84  -1  1  0 -9 
57 87   1  2  0 -9 
58 53  -1  1  0 -9 
58 58   1  0  0 -9 
58 80   1  2  0 -9 
58 85  -1  1  0 -9 
58 88   1  2  0 -9 
59 56  -1  1  0 -9 
59 59   1  0  0 -9 
59 86  -1  1  0 -9 
59 89   1  2  0 -9 
59 92   1  2  0 -9 
59 93  -1  3  0 -9 
60 60   1  0  0 -9 
61 61   1  0  0 -9 
62 62   1  0  0 -9 
63 63   1  0  0 -9 
64 48   1  2  0 -9 
64 64   1  0  0 -9 
64 75  -1  1  0 -9 
65 49   1  2  0 -9 
65 65   1  0  0 -9 
65 76  -1  1  0 -9 
66 50   1  2  0 -9 
66 66   1  0  0 -9 
66 77  -1  1  0 -9 
67 51   1  2  0 -9 
67 67   1  0  0 -9 
67 78  -1  1  0 -9 
68 52   1  2  0 -9 
68 68   1  0  0 -9 
68 79  -1  1  0 -9 
69 53   1  2  0 -9 
69 69   1  0  0 -9 
69 80  -1  1  0 -9 
70 70   1  0  0 -9 
70 84  -1  1  0 -9 
70 87   1  2  0 -9 
71 71   1  0  0 -9 
71 85  -1  1  0 -9 
71 88   1  2  0 -9 
72 70   1 -1  0 -9 
72 72  -1 -2  0 -9 
72 84  -1  0  0 -9 
73 63   1 -1  0 -9 
73 71   1 -1  0 -9 
73 73  -1 -2  0 -9 
73 85  -1  0  0 -9 
74 71   1 -1  0 -9 
74 74  -1 -2  0 -9 
74 85  -1  0  0 -9 
74 86   1 -1  0 -9 
74 89   1  2  0 -9 
74 93  -1  3  0 -9 
75 48   1  3  0 -9 
76 49   1  3  0 -9 
77 50   1  3  0 -9 
78 51   1  3  0 -9 
79 52   1  3  0 -9 
80 53   1  3  0 -9 
81 50   1  2  0 -9 
81 54  -1  1  0 -9 
81 77  -1  1  0 -9 
81 81   1  0  0 -9 
81 90   1  2  0 -9 
82 51   1  2  0 -9 
82 55  -1  1  0 -9 
82 78  -1  1  0 -9 
82 82   1  0  0 -9 
82 91   1  2  0 -9 
83 56  -1  1  0 -9 
83 83   1  0  0 -9 
83 86  -1  1  0 -9 
83 89   1  2  0 -9 
83 92   1  2  0 -9 
83 93  -1  3  0 -9 
84 87   1  3  0 -9 
85 88   1  3  0 -9 
86 89   1  3  0 -9 
86 93  -1  4  0 -9 
87 84   1  3  0 -9 
88 85   1  3  0 -9 
89 86   1  3  0 -9 
89 93  -1  5  0 -9 
90 54   1  3  0 -9 
91 55   1  3  0 -9 
92 56   1  3  0 -9 
92 93  -1  5  0 -9 
93 93  -1  6  0 -9 
9999 9999
