 0  0  -1 -2  0 -9 
 1  1  -1 -2  0 -9 
 2  2  -1 -2  0 -9 
 3  3  -1 -2  0 -9 
 4  4  -1 -2  0 -9 
 5  5  -1 -2  0 -9 
 6  6  -1 -2  0 -9 
 6 12   1 -1  0 -9 
 7  7  -1 -2  0 -9 
 7 13   1 -1  0 -9 
 8  8  -1 -2  0 -9 
 8 14   1 -1  0 -9 
 8 15  -1  0  0 -9 
 9  9  -1 -2  0 -9 
 9 16   1 -1  0 -9 
10 10  -1 -2  0 -9 
10 17   1 -1  0 -9 
11 11  -1 -2  0 -9 
11 18   1 -1  0 -9 
11 19  -1  0  0 -9 
12 12   1  0  0 -9 
13 13   1  0  0 -9 
14 14   1  0  0 -9 
14 15  -1  1  0 -9 
14 19   1  2  0 -9 
15 19   1  3  0 -9 
16 16   1  0  0 -9 
17 17   1  0  0 -9 
18 15   1  2  0 -9 
18 18   1  0  0 -9 
18 19  -1  1  0 -9 
19 15   1  3  0 -9 
9999 9999
