 0  1   1  3  0 -9 
 1  0   1  3  0 -9 
 2  2  -1  6  0 -9 
 3  2  -1  4  0 -9 
 3  4   1  3  0 -9 
 4  2  -1  5  0 -9 
 4  3   1  3  0 -9 
 5  2  -1  5  0 -9 
 5  6   1  3  0 -9 
 6  2  -1  4  0 -9 
 6  5   1  3  0 -9 
 7  0  -1  1  0 -9 
 7  1   1  2  0 -9 
 7  2  -1  3  0 -9 
 7  3  -1  1  0 -9 
 7  4   1  2  0 -9 
 7  5   1  2  0 -9 
 7  6  -1  1  0 -9 
 7  7   1  0  0 -9 
 8  2  -1  3  0 -9 
 8  3  -1  1  0 -9 
 8  4   1  2  0 -9 
 8  5   1  2  0 -9 
 8  6  -1  1  0 -9 
 8  8   1  0  0 -9 
 9  0  -1  0  0 -9 
 9  2  -1  2  0 -9 
 9  3  -1  0  0 -9 
 9  4   1  1  0 -9 
 9  5   1  1  0 -9 
 9  6  -1  0  0 -9 
 9  7   1 -1  0 -9 
 9  8   1 -1  0 -9 
 9  9  -1 -2  0 -9 
10 10  -1  6  0 -9 
11 10  -1  4  0 -9 
11 12   1  3  0 -9 
12 10  -1  5  0 -9 
12 11   1  3  0 -9 
13 10  -1  5  0 -9 
13 14   1  3  0 -9 
14 10  -1  4  0 -9 
14 13   1  3  0 -9 
15 10  -1  3  0 -9 
15 11  -1  1  0 -9 
15 12   1  2  0 -9 
15 13   1  2  0 -9 
15 14  -1  1  0 -9 
15 15   1  0  0 -9 
16  0   1  2  0 -9 
16  1  -1  1  0 -9 
16 10  -1  3  0 -9 
16 11  -1  1  0 -9 
16 12   1  2  0 -9 
16 13   1  2  0 -9 
16 14  -1  1  0 -9 
16 16   1  0  0 -9 
17  1  -1  0  0 -9 
17 10  -1  2  0 -9 
17 11  -1  0  0 -9 
17 12   1  1  0 -9 
17 13   1  1  0 -9 
17 14  -1  0  0 -9 
17 15   1 -1  0 -9 
17 16   1 -1  0 -9 
17 17  -1 -2  0 -9 
18  2  -1  5  0 -9 
18 19   1  3  0 -9 
19  2  -1  4  0 -9 
19 18   1  3  0 -9 
20  2  -1  3  0 -9 
20  3  -1  1  0 -9 
20  4   1  2  0 -9 
20 18   1  2  0 -9 
20 19  -1  1  0 -9 
20 20   1  0  0 -9 
21  3  -1  0  0 -9 
21  4   1  1  0 -9 
21  6  -1  0  0 -9 
21  8   1 -1  0 -9 
21 10  -1  3  0 -9 
21 13   1  2  0 -9 
21 14   1 -1  0 -9 
21 19  -1  0  0 -9 
21 20   1 -1  0 -9 
21 21  -1 -2  0 -9 
22 10  -1  4  0 -9 
22 23   1  3  0 -9 
23 10  -1  5  0 -9 
23 22   1  3  0 -9 
24 10  -1  3  0 -9 
24 13   1  2  0 -9 
24 14  -1  1  0 -9 
24 22  -1  1  0 -9 
24 23   1  2  0 -9 
24 24   1  0  0 -9 
25  2  -1  3  0 -9 
25  3   1 -1  0 -9 
25  4   1  2  0 -9 
25 11  -1  0  0 -9 
25 13   1  1  0 -9 
25 14  -1  0  0 -9 
25 15   1 -1  0 -9 
25 22  -1  0  0 -9 
25 24   1 -1  0 -9 
25 25  -1 -2  0 -9 
26 27   1  3  0 -9 
27 26   1  3  0 -9 
28  2  -1  3  0 -9 
28  3  -1  1  0 -9 
28  4   1  2  0 -9 
28 18   1  2  0 -9 
28 19  -1  1  0 -9 
28 26  -1  1  0 -9 
28 27   1  2  0 -9 
28 28   1  0  0 -9 
29  2  -1  2  0 -9 
29  3  -1  0  0 -9 
29  4   1  1  0 -9 
29 18   1  1  0 -9 
29 19  -1  0  0 -9 
29 20   1 -1  0 -9 
29 26  -1  0  0 -9 
29 28   1 -1  0 -9 
29 29  -1 -2  0 -9 
30 10  -1  3  0 -9 
30 13   1  2  0 -9 
30 14  -1  1  0 -9 
30 22  -1  1  0 -9 
30 23   1  2  0 -9 
30 26   1  2  0 -9 
30 27  -1  1  0 -9 
30 30   1  0  0 -9 
31 10  -1  2  0 -9 
31 13   1  1  0 -9 
31 14  -1  0  0 -9 
31 22  -1  0  0 -9 
31 23   1  1  0 -9 
31 24   1 -1  0 -9 
31 27  -1  0  0 -9 
31 30   1 -1  0 -9 
31 31  -1 -2  0 -9 
32 32  -1  6  0 -9 
33 32  -1  4  0 -9 
33 34   1  3  0 -9 
34 32  -1  5  0 -9 
34 33   1  3  0 -9 
35 32  -1  5  0 -9 
35 36   1  3  0 -9 
36 32  -1  4  0 -9 
36 35   1  3  0 -9 
37 32  -1  3  0 -9 
37 33  -1  1  0 -9 
37 34   1  2  0 -9 
37 35   1  2  0 -9 
37 36  -1  1  0 -9 
37 37   1  0  0 -9 
38 32  -1  3  0 -9 
38 33  -1  1  0 -9 
38 34   1  2  0 -9 
38 35   1  2  0 -9 
38 36  -1  1  0 -9 
38 38   1  0  0 -9 
39 32  -1  2  0 -9 
39 33  -1  0  0 -9 
39 34   1  1  0 -9 
39 35   1  1  0 -9 
39 36  -1  0  0 -9 
39 37   1 -1  0 -9 
39 38   1 -1  0 -9 
39 39  -1 -2  0 -9 
40 41   1  3  0 -9 
41 40   1  3  0 -9 
42 40  -1  1  0 -9 
42 41   1  2  0 -9 
42 42   1  0  0 -9 
43 32  -1  3  0 -9 
43 33   1 -1  0 -9 
43 34   1  2  0 -9 
43 40  -1  0  0 -9 
43 42   1 -1  0 -9 
43 43  -1 -2  0 -9 
44 45   1  3  0 -9 
45 44   1  3  0 -9 
46 44  -1  1  0 -9 
46 45   1  2  0 -9 
46 46   1  0  0 -9 
47  2  -1  3  0 -9 
47  3   1 -1  0 -9 
47  4   1  2  0 -9 
47 44  -1  0  0 -9 
47 46   1 -1  0 -9 
47 47  -1 -2  0 -9 
48  2  -1  3  0 -9 
48  3  -1  1  0 -9 
48  4   1  2  0 -9 
48  5   1  2  0 -9 
48  6  -1  1  0 -9 
48 40  -1  1  0 -9 
48 41   1  2  0 -9 
48 44   1  2  0 -9 
48 45  -1  1  0 -9 
48 48   1  0  0 -9 
49  2  -1  2  0 -9 
49  3  -1  0  0 -9 
49  4   1  1  0 -9 
49  5   1  1  0 -9 
49  6  -1  0  0 -9 
49  8   1 -1  0 -9 
49 40  -1  0  0 -9 
49 41   1  1  0 -9 
49 42   1 -1  0 -9 
49 45  -1  0  0 -9 
49 48   1 -1  0 -9 
49 49  -1 -2  0 -9 
50 26  -1  1  0 -9 
50 27   1  2  0 -9 
50 50   1  0  0 -9 
51 10  -1  3  0 -9 
51 22   1 -1  0 -9 
51 23   1  2  0 -9 
51 26  -1  0  0 -9 
51 40  -1  0  0 -9 
51 42   1 -1  0 -9 
51 50   1 -1  0 -9 
51 51  -1 -2  0 -9 
52 52  -1  6  0 -9 
53 52  -1  4  0 -9 
53 54   1  3  0 -9 
54 52  -1  5  0 -9 
54 53   1  3  0 -9 
55 52  -1  5  0 -9 
55 56   1  3  0 -9 
56 52  -1  4  0 -9 
56 55   1  3  0 -9 
57 52  -1  3  0 -9 
57 53  -1  1  0 -9 
57 54   1  2  0 -9 
57 55   1  2  0 -9 
57 56  -1  1  0 -9 
57 57   1  0  0 -9 
58 52  -1  3  0 -9 
58 53  -1  1  0 -9 
58 54   1  2  0 -9 
58 55   1  2  0 -9 
58 56  -1  1  0 -9 
58 58   1  0  0 -9 
59 52  -1  2  0 -9 
59 53  -1  0  0 -9 
59 54   1  1  0 -9 
59 55   1  1  0 -9 
59 56  -1  0  0 -9 
59 57   1 -1  0 -9 
59 58   1 -1  0 -9 
59 59  -1 -2  0 -9 
60 61   1  3  0 -9 
61 60   1  3  0 -9 
62 60  -1  1  0 -9 
62 61   1  2  0 -9 
62 62   1  0  0 -9 
63 52  -1  3  0 -9 
63 53   1 -1  0 -9 
63 54   1  2  0 -9 
63 60  -1  0  0 -9 
63 62   1 -1  0 -9 
63 63  -1 -2  0 -9 
64 65   1  3  0 -9 
65 64   1  3  0 -9 
66 64  -1  1  0 -9 
66 65   1  2  0 -9 
66 66   1  0  0 -9 
67 64  -1  0  0 -9 
67 66   1 -1  0 -9 
67 67  -1 -2  0 -9 
68 60  -1  1  0 -9 
68 61   1  2  0 -9 
68 64   1  2  0 -9 
68 65  -1  1  0 -9 
68 68   1  0  0 -9 
69 60  -1  0  0 -9 
69 61   1  1  0 -9 
69 62   1 -1  0 -9 
69 65  -1  0  0 -9 
69 68   1 -1  0 -9 
69 69  -1 -2  0 -9 
70 32  -1  5  0 -9 
70 71   1  3  0 -9 
71 32  -1  4  0 -9 
71 70   1  3  0 -9 
72 32  -1  3  0 -9 
72 33  -1  1  0 -9 
72 34   1  2  0 -9 
72 70   1  2  0 -9 
72 71  -1  1  0 -9 
72 72   1  0  0 -9 
73 33  -1  0  0 -9 
73 34   1  1  0 -9 
73 36  -1  0  0 -9 
73 38   1 -1  0 -9 
73 52  -1  3  0 -9 
73 55   1  2  0 -9 
73 56   1 -1  0 -9 
73 71  -1  0  0 -9 
73 72   1 -1  0 -9 
73 73  -1 -2  0 -9 
74 75   1  3  0 -9 
75 74   1  3  0 -9 
76 32  -1  3  0 -9 
76 33  -1  1  0 -9 
76 34   1  2  0 -9 
76 70   1  2  0 -9 
76 71  -1  1  0 -9 
76 74  -1  1  0 -9 
76 75   1  2  0 -9 
76 76   1  0  0 -9 
77 32  -1  2  0 -9 
77 33  -1  0  0 -9 
77 34   1  1  0 -9 
77 70   1  1  0 -9 
77 71  -1  0  0 -9 
77 72   1 -1  0 -9 
77 74  -1  0  0 -9 
77 76   1 -1  0 -9 
77 77  -1 -2  0 -9 
78 40  -1  1  0 -9 
78 41   1  2  0 -9 
78 74   1  2  0 -9 
78 75  -1  1  0 -9 
78 78   1  0  0 -9 
79 40  -1  0  0 -9 
79 41   1  1  0 -9 
79 42   1 -1  0 -9 
79 75  -1  0  0 -9 
79 78   1 -1  0 -9 
79 79  -1 -2  0 -9 
80 26   1  2  0 -9 
80 27  -1  1  0 -9 
80 44  -1  1  0 -9 
80 45   1  2  0 -9 
80 64   1  2  0 -9 
80 65  -1  1  0 -9 
80 80   1  0  0 -9 
81 27  -1  0  0 -9 
81 44  -1  0  0 -9 
81 45   1  1  0 -9 
81 46   1 -1  0 -9 
81 65  -1  0  0 -9 
81 80   1 -1  0 -9 
81 81  -1 -2  0 -9 
82 74  -1  1  0 -9 
82 75   1  2  0 -9 
82 82   1  0  0 -9 
83 74  -1  0  0 -9 
83 82   1 -1  0 -9 
83 83  -1 -2  0 -9 
84 26  -1  0  0 -9 
84 50   1 -1  0 -9 
84 84  -1 -2  0 -9 
85 85  -1  6  0 -9 
86 85  -1  4  0 -9 
86 87   1  3  0 -9 
87 85  -1  5  0 -9 
87 86   1  3  0 -9 
88 85  -1  5  0 -9 
88 89   1  3  0 -9 
89 85  -1  4  0 -9 
89 88   1  3  0 -9 
90 85  -1  3  0 -9 
90 86  -1  1  0 -9 
90 87   1  2  0 -9 
90 88   1  2  0 -9 
90 89  -1  1  0 -9 
90 90   1  0  0 -9 
91 85  -1  3  0 -9 
91 86  -1  1  0 -9 
91 87   1  2  0 -9 
91 88   1  2  0 -9 
91 89  -1  1  0 -9 
91 91   1  0  0 -9 
92 85  -1  2  0 -9 
92 86  -1  0  0 -9 
92 87   1  1  0 -9 
92 88   1  1  0 -9 
92 89  -1  0  0 -9 
92 90   1 -1  0 -9 
92 91   1 -1  0 -9 
92 92  -1 -2  0 -9 
93 94   1  3  0 -9 
94 93   1  3  0 -9 
95 93   1  2  0 -9 
95 94  -1  1  0 -9 
95 95   1  0  0 -9 
96 85  -1  3  0 -9 
96 88   1  2  0 -9 
96 89   1 -1  0 -9 
96 94  -1  0  0 -9 
96 95   1 -1  0 -9 
96 96  -1 -2  0 -9 
97 98   1  3  0 -9 
98 97   1  3  0 -9 
99 10  -1  3  0 -9 
99 11  -1  1  0 -9 
99 12   1  2  0 -9 
99 13   1  2  0 -9 
99 14  -1  1  0 -9 
99 93   1  2  0 -9 
99 94  -1  1  0 -9 
99 97  -1  1  0 -9 
99 98   1  2  0 -9 
99 99   1  0  0 -9 
100 10  -1  2  0 -9 
100 11  -1  0  0 -9 
100 12   1  1  0 -9 
100 13   1  1  0 -9 
100 14  -1  0  0 -9 
100 15   1 -1  0 -9 
100 93   1  1  0 -9 
100 94  -1  0  0 -9 
100 95   1 -1  0 -9 
100 97  -1  0  0 -9 
100 99   1 -1  0 -9 
100 100  -1 -2  0 -9 
101 97   1  2  0 -9 
101 98  -1  1  0 -9 
101 101   1  0  0 -9 
102 10  -1  3  0 -9 
102 13   1  2  0 -9 
102 14   1 -1  0 -9 
102 98  -1  0  0 -9 
102 101   1 -1  0 -9 
102 102  -1 -2  0 -9 
103 26   1  2  0 -9 
103 27  -1  1  0 -9 
103 103   1  0  0 -9 
104  2  -1  3  0 -9 
104 18   1  2  0 -9 
104 19   1 -1  0 -9 
104 27  -1  0  0 -9 
104 94  -1  0  0 -9 
104 95   1 -1  0 -9 
104 103   1 -1  0 -9 
104 104  -1 -2  0 -9 
105 105  -1  6  0 -9 
106 105  -1  4  0 -9 
106 107   1  3  0 -9 
107 105  -1  5  0 -9 
107 106   1  3  0 -9 
108 105  -1  5  0 -9 
108 109   1  3  0 -9 
109 105  -1  4  0 -9 
109 108   1  3  0 -9 
110 105  -1  3  0 -9 
110 106  -1  1  0 -9 
110 107   1  2  0 -9 
110 108   1  2  0 -9 
110 109  -1  1  0 -9 
110 110   1  0  0 -9 
111 105  -1  3  0 -9 
111 106  -1  1  0 -9 
111 107   1  2  0 -9 
111 108   1  2  0 -9 
111 109  -1  1  0 -9 
111 111   1  0  0 -9 
112 105  -1  2  0 -9 
112 106  -1  0  0 -9 
112 107   1  1  0 -9 
112 108   1  1  0 -9 
112 109  -1  0  0 -9 
112 110   1 -1  0 -9 
112 111   1 -1  0 -9 
112 112  -1 -2  0 -9 
113 85  -1  4  0 -9 
113 114   1  3  0 -9 
114 85  -1  5  0 -9 
114 113   1  3  0 -9 
115 85  -1  3  0 -9 
115 88   1  2  0 -9 
115 89  -1  1  0 -9 
115 113  -1  1  0 -9 
115 114   1  2  0 -9 
115 115   1  0  0 -9 
116 86  -1  0  0 -9 
116 88   1  1  0 -9 
116 89  -1  0  0 -9 
116 90   1 -1  0 -9 
116 105  -1  3  0 -9 
116 106   1 -1  0 -9 
116 107   1  2  0 -9 
116 113  -1  0  0 -9 
116 115   1 -1  0 -9 
116 116  -1 -2  0 -9 
117 118   1  3  0 -9 
118 117   1  3  0 -9 
119 93   1  2  0 -9 
119 94  -1  1  0 -9 
119 117  -1  1  0 -9 
119 118   1  2  0 -9 
119 119   1  0  0 -9 
120 93   1  1  0 -9 
120 94  -1  0  0 -9 
120 95   1 -1  0 -9 
120 117  -1  0  0 -9 
120 119   1 -1  0 -9 
120 120  -1 -2  0 -9 
121 85  -1  3  0 -9 
121 88   1  2  0 -9 
121 89  -1  1  0 -9 
121 113  -1  1  0 -9 
121 114   1  2  0 -9 
121 117   1  2  0 -9 
121 118  -1  1  0 -9 
121 121   1  0  0 -9 
122 85  -1  2  0 -9 
122 88   1  1  0 -9 
122 89  -1  0  0 -9 
122 113  -1  0  0 -9 
122 114   1  1  0 -9 
122 115   1 -1  0 -9 
122 118  -1  0  0 -9 
122 121   1 -1  0 -9 
122 122  -1 -2  0 -9 
123 124   1  3  0 -9 
124 123   1  3  0 -9 
125 123   1  2  0 -9 
125 124  -1  1  0 -9 
125 125   1  0  0 -9 
126 105  -1  3  0 -9 
126 108   1  2  0 -9 
126 109   1 -1  0 -9 
126 124  -1  0  0 -9 
126 125   1 -1  0 -9 
126 126  -1 -2  0 -9 
127 128   1  3  0 -9 
128 127   1  3  0 -9 
129 123   1  2  0 -9 
129 124  -1  1  0 -9 
129 127  -1  1  0 -9 
129 128   1  2  0 -9 
129 129   1  0  0 -9 
130 123   1  1  0 -9 
130 124  -1  0  0 -9 
130 125   1 -1  0 -9 
130 127  -1  0  0 -9 
130 129   1 -1  0 -9 
130 130  -1 -2  0 -9 
131 127   1  2  0 -9 
131 128  -1  1  0 -9 
131 131   1  0  0 -9 
132 128  -1  0  0 -9 
132 131   1 -1  0 -9 
132 132  -1 -2  0 -9 
133 117   1  2  0 -9 
133 118  -1  1  0 -9 
133 133   1  0  0 -9 
134 118  -1  0  0 -9 
134 133   1 -1  0 -9 
134 134  -1 -2  0 -9 
135 26  -1  1  0 -9 
135 27   1  2  0 -9 
135 97   1  2  0 -9 
135 98  -1  1  0 -9 
135 127  -1  1  0 -9 
135 128   1  2  0 -9 
135 135   1  0  0 -9 
136 26  -1  0  0 -9 
136 97   1  1  0 -9 
136 98  -1  0  0 -9 
136 101   1 -1  0 -9 
136 127  -1  0  0 -9 
136 135   1 -1  0 -9 
136 136  -1 -2  0 -9 
137 27  -1  0  0 -9 
137 103   1 -1  0 -9 
137 137  -1 -2  0 -9 
138 139   1  3  0 -9 
139 138   1  3  0 -9 
140 138   1  2  0 -9 
140 139  -1  1  0 -9 
140 140   1  0  0 -9 
141 52  -1  3  0 -9 
141 55   1  2  0 -9 
141 56   1 -1  0 -9 
141 139  -1  0  0 -9 
141 140   1 -1  0 -9 
141 141  -1 -2  0 -9 
142 143   1  3  0 -9 
143 142   1  3  0 -9 
144 138   1  2  0 -9 
144 139  -1  1  0 -9 
144 142  -1  1  0 -9 
144 143   1  2  0 -9 
144 144   1  0  0 -9 
145 138   1  1  0 -9 
145 139  -1  0  0 -9 
145 140   1 -1  0 -9 
145 142  -1  0  0 -9 
145 144   1 -1  0 -9 
145 145  -1 -2  0 -9 
146 142   1  2  0 -9 
146 143  -1  1  0 -9 
146 146   1  0  0 -9 
147 143  -1  0  0 -9 
147 146   1 -1  0 -9 
147 147  -1 -2  0 -9 
148 64   1  2  0 -9 
148 65  -1  1  0 -9 
148 148   1  0  0 -9 
149 65  -1  0  0 -9 
149 148   1 -1  0 -9 
149 149  -1 -2  0 -9 
150 74   1  2  0 -9 
150 75  -1  1  0 -9 
150 150   1  0  0 -9 
151 32  -1  3  0 -9 
151 70   1  2  0 -9 
151 71   1 -1  0 -9 
151 75  -1  0  0 -9 
151 124  -1  0  0 -9 
151 125   1 -1  0 -9 
151 150   1 -1  0 -9 
151 151  -1 -2  0 -9 
152 75  -1  0  0 -9 
152 150   1 -1  0 -9 
152 152  -1 -2  0 -9 
153 154   1  3  0 -9 
154 153   1  3  0 -9 
155 153  -1  1  0 -9 
155 154   1  2  0 -9 
155 155   1  0  0 -9 
156 105  -1  3  0 -9 
156 106   1 -1  0 -9 
156 107   1  2  0 -9 
156 153  -1  0  0 -9 
156 155   1 -1  0 -9 
156 156  -1 -2  0 -9 
157 117  -1  1  0 -9 
157 118   1  2  0 -9 
157 157   1  0  0 -9 
158 60  -1  0  0 -9 
158 62   1 -1  0 -9 
158 85  -1  3  0 -9 
158 113   1 -1  0 -9 
158 114   1  2  0 -9 
158 117  -1  0  0 -9 
158 157   1 -1  0 -9 
158 158  -1 -2  0 -9 
159 160   1  3  0 -9 
160 159   1  3  0 -9 
161 159  -1  1  0 -9 
161 160   1  2  0 -9 
161 161   1  0  0 -9 
162 159  -1  0  0 -9 
162 161   1 -1  0 -9 
162 162  -1 -2  0 -9 
163 153  -1  1  0 -9 
163 154   1  2  0 -9 
163 159   1  2  0 -9 
163 160  -1  1  0 -9 
163 163   1  0  0 -9 
164 153  -1  0  0 -9 
164 154   1  1  0 -9 
164 155   1 -1  0 -9 
164 160  -1  0  0 -9 
164 163   1 -1  0 -9 
164 164  -1 -2  0 -9 
165 127  -1  1  0 -9 
165 128   1  2  0 -9 
165 165   1  0  0 -9 
166 127  -1  0  0 -9 
166 165   1 -1  0 -9 
166 166  -1 -2  0 -9 
167 117  -1  0  0 -9 
167 157   1 -1  0 -9 
167 167  -1 -2  0 -9 
168 169   1  3  0 -9 
169 168   1  3  0 -9 
170 168  -1  1  0 -9 
170 169   1  2  0 -9 
170 170   1  0  0 -9 
171 168  -1  0  0 -9 
171 170   1 -1  0 -9 
171 171  -1 -2  0 -9 
172 168   1  2  0 -9 
172 169  -1  1  0 -9 
172 172   1  0  0 -9 
173 169  -1  0  0 -9 
173 172   1 -1  0 -9 
173 173  -1 -2  0 -9 
174 142  -1  1  0 -9 
174 143   1  2  0 -9 
174 174   1  0  0 -9 
175 142  -1  0  0 -9 
175 174   1 -1  0 -9 
175 175  -1 -2  0 -9 
176 176  -1 -2  0 -9 
177 159   1  2  0 -9 
177 160  -1  1  0 -9 
177 177   1  0  0 -9 
178 160  -1  0  0 -9 
178 177   1 -1  0 -9 
178 178  -1 -2  0 -9 
179 179  -1 -2  0 -9 
9999 9999
