 0  0   1  8  0 -9 
 1  1   1  8  0 -9 
 2  1   1  7  0 -9 
 2  2  -1  6  0 -9 
 3  3   1  8  0 -9 
 4  3   1  7  0 -9 
 4  4  -1  6  0 -9 
 5  5   1  8  0 -9 
 6  5   1  7  0 -9 
 6  6  -1  6  0 -9 
 7  3   1  6  0 -9 
 7  4  -1  5  0 -9 
 7  6  -1  4  0 -9 
 7  8   1  3  0 -9 
 8  4  -1  4  0 -9 
 8  5   1  6  0 -9 
 8  6  -1  5  0 -9 
 8  7   1  3  0 -9 
 9  9   1  8  0 -9 
10  9   1  7  0 -9 
10 10  -1  6  0 -9 
11 11  -1  6  0 -9 
12 12   1  8  0 -9 
13 12   1  7  0 -9 
13 13  -1  6  0 -9 
14 13  -1  4  0 -9 
14 15   1  3  0 -9 
15 12   1  6  0 -9 
15 13  -1  5  0 -9 
15 14   1  3  0 -9 
16 16  -1  6  0 -9 
17 12   1  5  0 -9 
17 13  -1  4  0 -9 
17 14   1  2  0 -9 
17 15  -1  1  0 -9 
17 16   1  3  0 -9 
17 17   1  0  0 -9 
18 18   1  8  0 -9 
19 18   1  7  0 -9 
19 19  -1  6  0 -9 
20 20  -1  6  0 -9 
21 21   1  8  0 -9 
22 21   1  7  0 -9 
22 22  -1  6  0 -9 
23 22  -1  4  0 -9 
23 24   1  3  0 -9 
24 21   1  6  0 -9 
24 22  -1  5  0 -9 
24 23   1  3  0 -9 
25 25  -1  6  0 -9 
26 21   1  5  0 -9 
26 22  -1  4  0 -9 
26 23   1  2  0 -9 
26 24  -1  1  0 -9 
26 25   1  3  0 -9 
26 26   1  0  0 -9 
27 27  -1  6  0 -9 
28 28  -1  6  0 -9 
29 28   1  3  0 -9 
29 29   1  0  0 -9 
30 30   1  8  0 -9 
31 31   1  8  0 -9 
32 31   1  7  0 -9 
32 32  -1  6  0 -9 
33 33   1  8  0 -9 
34 33   1  7  0 -9 
34 34  -1  6  0 -9 
35 35   1  8  0 -9 
36 35   1  7  0 -9 
36 36  -1  6  0 -9 
37 37   1  8  0 -9 
38 37   1  7  0 -9 
38 38  -1  6  0 -9 
39 32  -1  4  0 -9 
39 35   1  6  0 -9 
39 36  -1  5  0 -9 
39 38  -1  4  0 -9 
39 40   1  3  0 -9 
40 31   1  6  0 -9 
40 32  -1  5  0 -9 
40 36  -1  4  0 -9 
40 37   1  6  0 -9 
40 38  -1  5  0 -9 
40 39   1  3  0 -9 
41 41   1  8  0 -9 
42 37   1  7  0 -9 
42 41   1  7  0 -9 
42 42  -1  6  0 -9 
43 37   1  6  0 -9 
43 38  -1  5  0 -9 
43 41   1  6  0 -9 
43 42  -1  5  0 -9 
43 44   1  3  0 -9 
44 37   1  5  0 -9 
44 38  -1  4  0 -9 
44 42  -1  4  0 -9 
44 43   1  3  0 -9 
45 45   1  8  0 -9 
46 45   1  7  0 -9 
46 46  -1  6  0 -9 
47 47   1  8  0 -9 
48 47   1  7  0 -9 
48 48  -1  6  0 -9 
49 45   1  6  0 -9 
49 46  -1  5  0 -9 
49 48  -1  4  0 -9 
49 50   1  3  0 -9 
50 46  -1  4  0 -9 
50 47   1  6  0 -9 
50 48  -1  5  0 -9 
50 49   1  3  0 -9 
51 51   1  8  0 -9 
52 51   1  7  0 -9 
52 52  -1  6  0 -9 
53 52  -1  4  0 -9 
53 54   1  3  0 -9 
54 51   1  6  0 -9 
54 52  -1  5  0 -9 
54 53   1  3  0 -9 
55 55  -1  6  0 -9 
56 11   1  3  0 -9 
56 51   1  5  0 -9 
56 52  -1  4  0 -9 
56 53   1  2  0 -9 
56 54  -1  1  0 -9 
56 55   1  3  0 -9 
56 56   1  0  0 -9 
57 57   1  8  0 -9 
58 57   1  7  0 -9 
58 58  -1  6  0 -9 
59 57   1  7  0 -9 
59 59  -1  6  0 -9 
60 57   1  6  0 -9 
60 58  -1  5  0 -9 
60 59  -1  5  0 -9 
60 61   1  3  0 -9 
61 57   1  5  0 -9 
61 58  -1  4  0 -9 
61 59  -1  4  0 -9 
61 60   1  3  0 -9 
62 55  -1  4  0 -9 
62 58  -1  4  0 -9 
62 63   1  3  0 -9 
63 55  -1  5  0 -9 
63 57   1  6  0 -9 
63 58  -1  5  0 -9 
63 62   1  3  0 -9 
64 55   1  2  0 -9 
64 57   1  5  0 -9 
64 58  -1  4  0 -9 
64 62   1  2  0 -9 
64 63  -1  1  0 -9 
64 64   1  0  0 -9 
65 55   1  1  0 -9 
65 57   1  4  0 -9 
65 58  -1  3  0 -9 
65 59  -1  3  0 -9 
65 60   1  2  0 -9 
65 61   1 -1  0 -9 
65 63  -1  0  0 -9 
65 64   1 -1  0 -9 
65 65  -1 -2  0 -9 
66 66   1  8  0 -9 
67 66   1  7  0 -9 
67 67  -1  6  0 -9 
68 68  -1  6  0 -9 
69 69   1  8  0 -9 
70 69   1  7  0 -9 
70 70  -1  6  0 -9 
71 71   1  8  0 -9 
72 71   1  7  0 -9 
72 72  -1  6  0 -9 
73 69   1  6  0 -9 
73 70  -1  5  0 -9 
73 72  -1  4  0 -9 
73 74   1  3  0 -9 
74 70  -1  4  0 -9 
74 71   1  6  0 -9 
74 72  -1  5  0 -9 
74 73   1  3  0 -9 
75 75   1  8  0 -9 
76 75   1  7  0 -9 
76 76  -1  6  0 -9 
77 76  -1  4  0 -9 
77 78   1  3  0 -9 
78 75   1  6  0 -9 
78 76  -1  5  0 -9 
78 77   1  3  0 -9 
79 79  -1  6  0 -9 
80 20   1  3  0 -9 
80 68   1  3  0 -9 
80 75   1  5  0 -9 
80 76  -1  4  0 -9 
80 77   1  2  0 -9 
80 78  -1  1  0 -9 
80 79   1  3  0 -9 
80 80   1  0  0 -9 
81 81   1  8  0 -9 
82 81   1  7  0 -9 
82 82  -1  6  0 -9 
83 81   1  7  0 -9 
83 83  -1  6  0 -9 
84 81   1  6  0 -9 
84 82  -1  5  0 -9 
84 83  -1  5  0 -9 
84 85   1  3  0 -9 
85 81   1  5  0 -9 
85 82  -1  4  0 -9 
85 83  -1  4  0 -9 
85 84   1  3  0 -9 
86 79  -1  4  0 -9 
86 82  -1  4  0 -9 
86 87   1  3  0 -9 
87 79  -1  5  0 -9 
87 81   1  6  0 -9 
87 82  -1  5  0 -9 
87 86   1  3  0 -9 
88 79   1  2  0 -9 
88 81   1  5  0 -9 
88 82  -1  4  0 -9 
88 86   1  2  0 -9 
88 87  -1  1  0 -9 
88 88   1  0  0 -9 
89 79   1  1  0 -9 
89 81   1  4  0 -9 
89 82  -1  3  0 -9 
89 83  -1  3  0 -9 
89 84   1  2  0 -9 
89 85   1 -1  0 -9 
89 87  -1  0  0 -9 
89 88   1 -1  0 -9 
89 89  -1 -2  0 -9 
90 90   1  8  0 -9 
91 90   1  7  0 -9 
91 91  -1  6  0 -9 
92 91  -1  4  0 -9 
92 93   1  3  0 -9 
93 90   1  6  0 -9 
93 91  -1  5  0 -9 
93 92   1  3  0 -9 
94 94  -1  6  0 -9 
95 27   1  3  0 -9 
95 90   1  5  0 -9 
95 91  -1  4  0 -9 
95 92   1  2  0 -9 
95 93  -1  1  0 -9 
95 94   1  3  0 -9 
95 95   1  0  0 -9 
96 96  -1  6  0 -9 
97 96   1  3  0 -9 
97 97   1  0  0 -9 
98 98  -1  6  0 -9 
99 98  -1  4  0 -9 
99 100   1  3  0 -9 
100 98  -1  5  0 -9 
100 99   1  3  0 -9 
101 98   1  2  0 -9 
101 99   1  2  0 -9 
101 100  -1  1  0 -9 
101 101   1  0  0 -9 
102 98   1  1  0 -9 
102 100  -1  0  0 -9 
102 101   1 -1  0 -9 
102 102  -1 -2  0 -9 
103 98   1  3  0 -9 
103 103   1  0  0 -9 
104 104   1  8  0 -9 
105 104   1  7  0 -9 
105 105  -1  6  0 -9 
106 106   1  8  0 -9 
107 106   1  7  0 -9 
107 107  -1  6  0 -9 
108 67  -1  4  0 -9 
108 104   1  6  0 -9 
108 105  -1  5  0 -9 
108 107  -1  4  0 -9 
108 109   1  3  0 -9 
109 66   1  6  0 -9 
109 67  -1  5  0 -9 
109 105  -1  4  0 -9 
109 106   1  6  0 -9 
109 107  -1  5  0 -9 
109 108   1  3  0 -9 
110 110   1  8  0 -9 
111 110   1  7  0 -9 
111 111  -1  6  0 -9 
112 68  -1  4  0 -9 
112 111  -1  4  0 -9 
112 113   1  3  0 -9 
113 68  -1  5  0 -9 
113 110   1  6  0 -9 
113 111  -1  5  0 -9 
113 112   1  3  0 -9 
114 114  -1  6  0 -9 
115 68   1  2  0 -9 
115 110   1  5  0 -9 
115 111  -1  4  0 -9 
115 112   1  2  0 -9 
115 113  -1  1  0 -9 
115 114   1  3  0 -9 
115 115   1  0  0 -9 
116 116   1  8  0 -9 
117 106   1  7  0 -9 
117 116   1  7  0 -9 
117 117  -1  6  0 -9 
118 106   1  6  0 -9 
118 107  -1  5  0 -9 
118 116   1  6  0 -9 
118 117  -1  5  0 -9 
118 119   1  3  0 -9 
119 106   1  5  0 -9 
119 107  -1  4  0 -9 
119 117  -1  4  0 -9 
119 118   1  3  0 -9 
120 120   1  8  0 -9 
121 120   1  7  0 -9 
121 121  -1  6  0 -9 
122 110   1  7  0 -9 
122 120   1  7  0 -9 
122 122  -1  6  0 -9 
123 110   1  6  0 -9 
123 111  -1  5  0 -9 
123 120   1  6  0 -9 
123 121  -1  5  0 -9 
123 122  -1  5  0 -9 
123 124   1  3  0 -9 
124 110   1  5  0 -9 
124 111  -1  4  0 -9 
124 120   1  5  0 -9 
124 121  -1  4  0 -9 
124 122  -1  4  0 -9 
124 123   1  3  0 -9 
125 114  -1  5  0 -9 
125 121  -1  4  0 -9 
125 126   1  3  0 -9 
126 114  -1  4  0 -9 
126 120   1  6  0 -9 
126 121  -1  5  0 -9 
126 125   1  3  0 -9 
127 120   1  5  0 -9 
127 121  -1  4  0 -9 
127 125   1  2  0 -9 
127 126  -1  1  0 -9 
127 127   1  0  0 -9 
128 68   1  1  0 -9 
128 110   1  4  0 -9 
128 111  -1  3  0 -9 
128 113  -1  0  0 -9 
128 114   1  2  0 -9 
128 115   1 -1  0 -9 
128 120   1  4  0 -9 
128 121  -1  3  0 -9 
128 122  -1  3  0 -9 
128 123   1  2  0 -9 
128 124   1 -1  0 -9 
128 126  -1  0  0 -9 
128 127   1 -1  0 -9 
128 128  -1 -2  0 -9 
129 129   1  8  0 -9 
130 129   1  7  0 -9 
130 130  -1  6  0 -9 
131 129   1  7  0 -9 
131 131  -1  6  0 -9 
132 129   1  6  0 -9 
132 130  -1  5  0 -9 
132 131  -1  5  0 -9 
132 133   1  3  0 -9 
133 129   1  5  0 -9 
133 130  -1  4  0 -9 
133 131  -1  4  0 -9 
133 132   1  3  0 -9 
134 94  -1  4  0 -9 
134 114  -1  4  0 -9 
134 130  -1  4  0 -9 
134 135   1  3  0 -9 
135 94  -1  5  0 -9 
135 114  -1  5  0 -9 
135 129   1  6  0 -9 
135 130  -1  5  0 -9 
135 134   1  3  0 -9 
136 94   1  2  0 -9 
136 114   1  2  0 -9 
136 129   1  5  0 -9 
136 130  -1  4  0 -9 
136 134   1  2  0 -9 
136 135  -1  1  0 -9 
136 136   1  0  0 -9 
137 94   1  1  0 -9 
137 114   1  1  0 -9 
137 129   1  4  0 -9 
137 130  -1  3  0 -9 
137 131  -1  3  0 -9 
137 132   1  2  0 -9 
137 133   1 -1  0 -9 
137 135  -1  0  0 -9 
137 136   1 -1  0 -9 
137 137  -1 -2  0 -9 
138 138  -1  6  0 -9 
139 96  -1  4  0 -9 
139 138  -1  4  0 -9 
139 140   1  3  0 -9 
140 96  -1  5  0 -9 
140 138  -1  5  0 -9 
140 139   1  3  0 -9 
141 96   1  2  0 -9 
141 138   1  2  0 -9 
141 139   1  2  0 -9 
141 140  -1  1  0 -9 
141 141   1  0  0 -9 
142 96   1  1  0 -9 
142 138   1  1  0 -9 
142 140  -1  0  0 -9 
142 141   1 -1  0 -9 
142 142  -1 -2  0 -9 
143 138   1  3  0 -9 
143 143   1  0  0 -9 
144 138  -1  5  0 -9 
144 145   1  3  0 -9 
145 138  -1  4  0 -9 
145 144   1  3  0 -9 
146 144   1  2  0 -9 
146 145  -1  1  0 -9 
146 146   1  0  0 -9 
147 138   1  2  0 -9 
147 143   1 -1  0 -9 
147 145  -1  0  0 -9 
147 146   1 -1  0 -9 
147 147  -1 -2  0 -9 
148 148   1  8  0 -9 
149 148   1  7  0 -9 
149 149  -1  6  0 -9 
150 150  -1  6  0 -9 
151 151   1  8  0 -9 
152 151   1  7  0 -9 
152 152  -1  6  0 -9 
153 153   1  8  0 -9 
154 153   1  7  0 -9 
154 154  -1  6  0 -9 
155 151   1  6  0 -9 
155 152  -1  5  0 -9 
155 154  -1  4  0 -9 
155 156   1  3  0 -9 
156 152  -1  4  0 -9 
156 153   1  6  0 -9 
156 154  -1  5  0 -9 
156 155   1  3  0 -9 
157 157   1  8  0 -9 
158 157   1  7  0 -9 
158 158  -1  6  0 -9 
159 158  -1  4  0 -9 
159 160   1  3  0 -9 
160 157   1  6  0 -9 
160 158  -1  5  0 -9 
160 159   1  3  0 -9 
161 161  -1  6  0 -9 
162 150   1  3  0 -9 
162 157   1  5  0 -9 
162 158  -1  4  0 -9 
162 159   1  2  0 -9 
162 160  -1  1  0 -9 
162 161   1  3  0 -9 
162 162   1  0  0 -9 
163 163   1  8  0 -9 
164 163   1  7  0 -9 
164 164  -1  6  0 -9 
165 163   1  7  0 -9 
165 165  -1  6  0 -9 
166 163   1  6  0 -9 
166 164  -1  5  0 -9 
166 165  -1  5  0 -9 
166 167   1  3  0 -9 
167 163   1  5  0 -9 
167 164  -1  4  0 -9 
167 165  -1  4  0 -9 
167 166   1  3  0 -9 
168 161  -1  4  0 -9 
168 164  -1  4  0 -9 
168 169   1  3  0 -9 
169 161  -1  5  0 -9 
169 163   1  6  0 -9 
169 164  -1  5  0 -9 
169 168   1  3  0 -9 
170 161   1  2  0 -9 
170 163   1  5  0 -9 
170 164  -1  4  0 -9 
170 168   1  2  0 -9 
170 169  -1  1  0 -9 
170 170   1  0  0 -9 
171 161   1  1  0 -9 
171 163   1  4  0 -9 
171 164  -1  3  0 -9 
171 165  -1  3  0 -9 
171 166   1  2  0 -9 
171 167   1 -1  0 -9 
171 169  -1  0  0 -9 
171 170   1 -1  0 -9 
171 171  -1 -2  0 -9 
172 172   1  8  0 -9 
173 172   1  7  0 -9 
173 173  -1  6  0 -9 
174 173  -1  4  0 -9 
174 175   1  3  0 -9 
175 172   1  6  0 -9 
175 173  -1  5  0 -9 
175 174   1  3  0 -9 
176 176  -1  6  0 -9 
177 172   1  5  0 -9 
177 173  -1  4  0 -9 
177 174   1  2  0 -9 
177 175  -1  1  0 -9 
177 176   1  3  0 -9 
177 177   1  0  0 -9 
178 178  -1  6  0 -9 
179 178   1  3  0 -9 
179 179   1  0  0 -9 
180 180  -1  6  0 -9 
181 180  -1  4  0 -9 
181 182   1  3  0 -9 
182 180  -1  5  0 -9 
182 181   1  3  0 -9 
183 180   1  2  0 -9 
183 181   1  2  0 -9 
183 182  -1  1  0 -9 
183 183   1  0  0 -9 
184 180   1  1  0 -9 
184 182  -1  0  0 -9 
184 183   1 -1  0 -9 
184 184  -1 -2  0 -9 
185 180   1  3  0 -9 
185 185   1  0  0 -9 
186 186  -1  6  0 -9 
187 187   1  8  0 -9 
188 187   1  7  0 -9 
188 188  -1  6  0 -9 
189 188  -1  4  0 -9 
189 190   1  3  0 -9 
190 187   1  6  0 -9 
190 188  -1  5  0 -9 
190 189   1  3  0 -9 
191 191  -1  6  0 -9 
192 187   1  5  0 -9 
192 188  -1  4  0 -9 
192 189   1  2  0 -9 
192 190  -1  1  0 -9 
192 191   1  3  0 -9 
192 192   1  0  0 -9 
193 193  -1  6  0 -9 
194 193   1  3  0 -9 
194 194   1  0  0 -9 
195 195  -1  6  0 -9 
196 195  -1  4  0 -9 
196 197   1  3  0 -9 
197 195  -1  5  0 -9 
197 196   1  3  0 -9 
198 195   1  2  0 -9 
198 196   1  2  0 -9 
198 197  -1  1  0 -9 
198 198   1  0  0 -9 
199 195   1  1  0 -9 
199 197  -1  0  0 -9 
199 198   1 -1  0 -9 
199 199  -1 -2  0 -9 
200 195   1  3  0 -9 
200 200   1  0  0 -9 
201 201  -1  6  0 -9 
202 201   1  3  0 -9 
202 202   1  0  0 -9 
203 203   1  0  0 -9 
204 204   1  8  0 -9 
205 204   1  7  0 -9 
205 205  -1  6  0 -9 
206 205  -1  4  0 -9 
206 207   1  3  0 -9 
207 204   1  6  0 -9 
207 205  -1  5  0 -9 
207 206   1  3  0 -9 
208 208  -1  6  0 -9 
209 186   1  3  0 -9 
209 204   1  5  0 -9 
209 205  -1  4  0 -9 
209 206   1  2  0 -9 
209 207  -1  1  0 -9 
209 208   1  3  0 -9 
209 209   1  0  0 -9 
210 210  -1  6  0 -9 
211 210   1  3  0 -9 
211 211   1  0  0 -9 
212 212   1  8  0 -9 
213 212   1  7  0 -9 
213 213  -1  6  0 -9 
214 212   1  7  0 -9 
214 214  -1  6  0 -9 
215 212   1  6  0 -9 
215 213  -1  5  0 -9 
215 214  -1  5  0 -9 
215 216   1  3  0 -9 
216 212   1  5  0 -9 
216 213  -1  4  0 -9 
216 214  -1  4  0 -9 
216 215   1  3  0 -9 
217 208  -1  4  0 -9 
217 213  -1  4  0 -9 
217 218   1  3  0 -9 
218 208  -1  5  0 -9 
218 212   1  6  0 -9 
218 213  -1  5  0 -9 
218 217   1  3  0 -9 
219 208   1  2  0 -9 
219 212   1  5  0 -9 
219 213  -1  4  0 -9 
219 217   1  2  0 -9 
219 218  -1  1  0 -9 
219 219   1  0  0 -9 
220 208   1  1  0 -9 
220 212   1  4  0 -9 
220 213  -1  3  0 -9 
220 214  -1  3  0 -9 
220 215   1  2  0 -9 
220 216   1 -1  0 -9 
220 218  -1  0  0 -9 
220 219   1 -1  0 -9 
220 220  -1 -2  0 -9 
221 221  -1  6  0 -9 
222 210  -1  4  0 -9 
222 221  -1  4  0 -9 
222 223   1  3  0 -9 
223 210  -1  5  0 -9 
223 221  -1  5  0 -9 
223 222   1  3  0 -9 
224 210   1  2  0 -9 
224 221   1  2  0 -9 
224 222   1  2  0 -9 
224 223  -1  1  0 -9 
224 224   1  0  0 -9 
225 210   1  1  0 -9 
225 221   1  1  0 -9 
225 223  -1  0  0 -9 
225 224   1 -1  0 -9 
225 225  -1 -2  0 -9 
226 221   1  3  0 -9 
226 226   1  0  0 -9 
227 221  -1  5  0 -9 
227 228   1  3  0 -9 
228 221  -1  4  0 -9 
228 227   1  3  0 -9 
229 227   1  2  0 -9 
229 228  -1  1  0 -9 
229 229   1  0  0 -9 
230 221   1  2  0 -9 
230 226   1 -1  0 -9 
230 228  -1  0  0 -9 
230 229   1 -1  0 -9 
230 230  -1 -2  0 -9 
231 231  -1  6  0 -9 
232 231  -1  4  0 -9 
232 233   1  3  0 -9 
233 231  -1  5  0 -9 
233 232   1  3  0 -9 
234 231   1  2  0 -9 
234 232   1  2  0 -9 
234 233  -1  1  0 -9 
234 234   1  0  0 -9 
235 231   1  1  0 -9 
235 233  -1  0  0 -9 
235 234   1 -1  0 -9 
235 235  -1 -2  0 -9 
236 231   1  3  0 -9 
236 236   1  0  0 -9 
237 237   1  0  0 -9 
238 238   1  0  0 -9 
239 238   1 -1  0 -9 
239 239  -1 -2  0 -9 
9999 9999
