 0  0   1  0  0 -9 
 0  4   1  3  0 -9 
 1  1   1  0  0 -9 
 1  5   1  3  0 -9 
 2  2   1  0  0 -9 
 2  3  -1  1  0 -9 
 2  6   1  3  0 -9 
 2 13  -1  4  0 -9 
 2 16   1  2  0 -9 
 2 17   1  5  0 -9 
 3 13  -1  5  0 -9 
 3 16   1  3  0 -9 
 3 17   1  6  0 -9 
 4  4  -1  6  0 -9 
 5  5  -1  6  0 -9 
 6  6  -1  6  0 -9 
 7  7  -1  6  0 -9 
 8  8  -1  6  0 -9 
 9  9  -1  6  0 -9 
10 10  -1  6  0 -9 
11 11  -1  6  0 -9 
12 12  -1  6  0 -9 
13 13  -1  6  0 -9 
13 17   1  7  0 -9 
14 14  -1  6  0 -9 
14 18   1  7  0 -9 
15 15  -1  6  0 -9 
15 19   1  7  0 -9 
16  3   1  3  0 -9 
16 13  -1  4  0 -9 
17 17   1  8  0 -9 
18 18   1  8  0 -9 
19 19   1  8  0 -9 
9999 9999
