 0  0  -1 -2  0 -9 
 0  9   1 -1  0 -9 
 0 18  -1  0  0 -9 
 0 30   1  1  0 -9 
 1  1  -1 -2  0 -9 
 1 10   1 -1  0 -9 
 1 19  -1  0  0 -9 
 1 31   1  1  0 -9 
 2  2  -1 -2  0 -9 
 2 20  -1  0  0 -9 
 2 27   1 -1  0 -9 
 2 51   1  1  0 -9 
 2 66   1 -1  0 -9 
 2 76  -1  0  0 -9 
 2 79   1  1  0 -9 
 2 82  -1  2  0 -9 
 3  3   1  0  0 -9 
 3 30   1  3  0 -9 
 4  4   1  0  0 -9 
 4 31   1  3  0 -9 
 5  5   1  0  0 -9 
 5 32   1  3  0 -9 
 6  6   1  0  0 -9 
 6 33   1  3  0 -9 
 7  7   1  0  0 -9 
 7 34   1  3  0 -9 
 8  8   1  0  0 -9 
 8 35   1  3  0 -9 
 9  9   1  0  0 -9 
 9 18  -1  1  0 -9 
 9 30   1  2  0 -9 
 9 67   1  2  0 -9 
10 10   1  0  0 -9 
10 19  -1  1  0 -9 
10 31   1  2  0 -9 
10 68   1  2  0 -9 
11 11   1  0  0 -9 
11 20  -1  1  0 -9 
11 31   1  3  0 -9 
11 51  -1  4  0 -9 
11 69   1  2  0 -9 
11 82   1  5  0 -9 
12 12   1  0  0 -9 
12 21  -1  1  0 -9 
12 36   1  3  0 -9 
12 52  -1  4  0 -9 
12 70   1  2  0 -9 
12 83   1  5  0 -9 
13 13   1  0  0 -9 
13 22  -1  1  0 -9 
13 37   1  3  0 -9 
13 53  -1  4  0 -9 
13 71   1  2  0 -9 
13 84   1  5  0 -9 
14 14   1  0  0 -9 
14 23  -1  1  0 -9 
14 38   1  3  0 -9 
14 54  -1  4  0 -9 
14 72   1  2  0 -9 
14 85   1  5  0 -9 
15 15   1  0  0 -9 
15 24  -1  1  0 -9 
15 39   1  3  0 -9 
15 55  -1  4  0 -9 
15 73   1  2  0 -9 
15 86   1  5  0 -9 
16 16   1  0  0 -9 
16 25  -1  1  0 -9 
16 40   1  3  0 -9 
16 56  -1  4  0 -9 
16 74   1  2  0 -9 
16 87   1  5  0 -9 
17 17   1  0  0 -9 
17 26  -1  1  0 -9 
17 41   1  3  0 -9 
17 57  -1  4  0 -9 
17 75   1  2  0 -9 
17 88   1  5  0 -9 
18 30  -1  5  0 -9 
18 67   1  3  0 -9 
19 31  -1  5  0 -9 
19 68   1  3  0 -9 
20 51  -1  5  0 -9 
20 69   1  3  0 -9 
20 82   1  6  0 -9 
21 52  -1  5  0 -9 
21 70   1  3  0 -9 
21 83   1  6  0 -9 
22 53  -1  5  0 -9 
22 71   1  3  0 -9 
22 84   1  6  0 -9 
23 54  -1  5  0 -9 
23 72   1  3  0 -9 
23 85   1  6  0 -9 
24 55  -1  5  0 -9 
24 73   1  3  0 -9 
24 86   1  6  0 -9 
25 56  -1  5  0 -9 
25 74   1  3  0 -9 
25 87   1  6  0 -9 
26 57  -1  5  0 -9 
26 75   1  3  0 -9 
26 88   1  6  0 -9 
27 20  -1  1  0 -9 
27 27   1  0  0 -9 
27 51   1  2  0 -9 
27 69   1  2  0 -9 
27 76  -1  1  0 -9 
27 79   1  2  0 -9 
27 82  -1  3  0 -9 
28 25  -1  1  0 -9 
28 28   1  0  0 -9 
28 56  -1  4  0 -9 
28 58   1  3  0 -9 
28 74   1  2  0 -9 
28 77  -1  1  0 -9 
28 80   1  2  0 -9 
28 87   1  5  0 -9 
28 89  -1  4  0 -9 
29 26  -1  1  0 -9 
29 29   1  0  0 -9 
29 57  -1  4  0 -9 
29 59   1  3  0 -9 
29 75   1  2  0 -9 
29 78  -1  1  0 -9 
29 81   1  2  0 -9 
29 88   1  5  0 -9 
29 90  -1  4  0 -9 
30 30  -1  6  0 -9 
31 31  -1  6  0 -9 
32 32  -1  6  0 -9 
33 33  -1  6  0 -9 
34 34  -1  6  0 -9 
35 35  -1  6  0 -9 
36 36  -1  6  0 -9 
37 37  -1  6  0 -9 
38 38  -1  6  0 -9 
39 39  -1  6  0 -9 
40 40  -1  6  0 -9 
41 41  -1  6  0 -9 
42 42  -1  6  0 -9 
43 43  -1  6  0 -9 
44 44  -1  6  0 -9 
45 45  -1  6  0 -9 
46 46  -1  6  0 -9 
47 47  -1  6  0 -9 
48 48  -1  6  0 -9 
49 49  -1  6  0 -9 
50 50  -1  6  0 -9 
51 51  -1  6  0 -9 
51 82   1  7  0 -9 
52 52  -1  6  0 -9 
52 83   1  7  0 -9 
53 53  -1  6  0 -9 
53 84   1  7  0 -9 
54 54  -1  6  0 -9 
54 85   1  7  0 -9 
55 55  -1  6  0 -9 
55 86   1  7  0 -9 
56 56  -1  6  0 -9 
56 87   1  7  0 -9 
57 57  -1  6  0 -9 
57 88   1  7  0 -9 
58 58  -1  6  0 -9 
58 89   1  7  0 -9 
59 59  -1  6  0 -9 
59 90   1  7  0 -9 
60 60  -1  6  0 -9 
60 91   1  7  0 -9 
61 61  -1  6  0 -9 
61 92   1  7  0 -9 
62 62  -1  6  0 -9 
62 93   1  7  0 -9 
63 63  -1  6  0 -9 
63 94   1  7  0 -9 
64 64  -1  6  0 -9 
64 95   1  7  0 -9 
65 65  -1  6  0 -9 
65 96   1  7  0 -9 
66 66   1  0  0 -9 
66 76  -1  1  0 -9 
66 79   1  2  0 -9 
66 82  -1  3  0 -9 
67 18   1  3  0 -9 
67 30  -1  4  0 -9 
68 19   1  3  0 -9 
68 31  -1  4  0 -9 
69 20   1  3  0 -9 
69 51  -1  4  0 -9 
70 21   1  3  0 -9 
70 52  -1  4  0 -9 
71 22   1  3  0 -9 
71 53  -1  4  0 -9 
72 23   1  3  0 -9 
72 54  -1  4  0 -9 
73 24   1  3  0 -9 
73 55  -1  4  0 -9 
74 25   1  3  0 -9 
74 56  -1  4  0 -9 
75 26   1  3  0 -9 
75 57  -1  4  0 -9 
76 79   1  3  0 -9 
76 82  -1  4  0 -9 
77 80   1  3  0 -9 
77 97  -1  4  0 -9 
78 81   1  3  0 -9 
78 98  -1  4  0 -9 
79 76   1  3  0 -9 
79 82   1  7  0 -9 
80 77   1  3  0 -9 
80 89   1  6  0 -9 
80 97  -1  5  0 -9 
81 78   1  3  0 -9 
81 90   1  6  0 -9 
81 98  -1  5  0 -9 
82 82   1  8  0 -9 
83 83   1  8  0 -9 
84 84   1  8  0 -9 
85 85   1  8  0 -9 
86 86   1  8  0 -9 
87 87   1  8  0 -9 
88 88   1  8  0 -9 
89 89   1  8  0 -9 
90 90   1  8  0 -9 
91 91   1  8  0 -9 
92 92   1  8  0 -9 
93 93   1  8  0 -9 
94 94   1  8  0 -9 
95 95   1  8  0 -9 
96 96   1  8  0 -9 
97 89   1  7  0 -9 
97 97  -1  6  0 -9 
98 90   1  7  0 -9 
98 98  -1  6  0 -9 
99 96   1  7  0 -9 
99 99  -1  6  0 -9 
9999 9999
