 0  0  -1 -2  0 -9 
 0 36   1 -1  0 -9 
 1  1  -1 -2  0 -9 
 1 37   1 -1  0 -9 
 2  2  -1 -2  0 -9 
 2 38   1 -1  0 -9 
 3  3  -1 -2  0 -9 
 3 39   1 -1  0 -9 
 4  4  -1 -2  0 -9 
 4 40   1 -1  0 -9 
 5  5  -1 -2  0 -9 
 5 41   1 -1  0 -9 
 6  6  -1 -2  0 -9 
 6 63   1 -1  0 -9 
 6 74  -1  0  0 -9 
 7  7  -1 -2  0 -9 
 7 64   1 -1  0 -9 
 7 75  -1  0  0 -9 
 8  8  -1 -2  0 -9 
 8 86   1 -1  0 -9 
 9  9  -1 -2  0 -9 
 9 87   1 -1  0 -9 
10 10  -1 -2  0 -9 
10 88   1 -1  0 -9 
11 11  -1 -2  0 -9 
11 89   1 -1  0 -9 
12 12  -1 -2  0 -9 
12 90   1 -1  0 -9 
13 13  -1 -2  0 -9 
13 91   1 -1  0 -9 
14 14  -1 -2  0 -9 
14 92   1 -1  0 -9 
15 15  -1 -2  0 -9 
15 93   1 -1  0 -9 
16 16  -1 -2  0 -9 
16 94   1 -1  0 -9 
17 17  -1 -2  0 -9 
17 128   1 -1  0 -9 
17 150  -1  0  0 -9 
17 165   1  1  0 -9 
18 18  -1 -2  0 -9 
18 129   1 -1  0 -9 
18 151  -1  0  0 -9 
18 166   1  1  0 -9 
19 19  -1 -2  0 -9 
19 130   1 -1  0 -9 
19 152  -1  0  0 -9 
19 167   1  1  0 -9 
20 20  -1 -2  0 -9 
20 131   1 -1  0 -9 
20 153  -1  0  0 -9 
20 168   1  1  0 -9 
21 21  -1 -2  0 -9 
21 132   1 -1  0 -9 
21 154  -1  0  0 -9 
21 169   1  1  0 -9 
22 22  -1 -2  0 -9 
22 133   1 -1  0 -9 
22 155  -1  0  0 -9 
22 170   1  1  0 -9 
23 23  -1 -2  0 -9 
23 135   1 -1  0 -9 
23 157  -1  0  0 -9 
23 183   1  1  0 -9 
24 24  -1 -2  0 -9 
24 136   1 -1  0 -9 
24 158  -1  0  0 -9 
24 184   1  1  0 -9 
25 25  -1 -2  0 -9 
25 137   1 -1  0 -9 
25 159  -1  0  0 -9 
25 185   1  1  0 -9 
26 26  -1 -2  0 -9 
26 138   1 -1  0 -9 
26 160  -1  0  0 -9 
26 186   1  1  0 -9 
27 27  -1 -2  0 -9 
27 65   1 -1  0 -9 
27 76  -1  0  0 -9 
27 198  -1  0  0 -9 
27 200   1 -1  0 -9 
27 211  -1  0  0 -9 
27 231   1  1  0 -9 
28 28  -1 -2  0 -9 
28 66   1 -1  0 -9 
28 77  -1  0  0 -9 
28 201   1 -1  0 -9 
28 212  -1  0  0 -9 
28 232   1  1  0 -9 
29 29  -1 -2  0 -9 
29 67   1 -1  0 -9 
29 78  -1  0  0 -9 
29 202   1 -1  0 -9 
29 213  -1  0  0 -9 
29 233   1  1  0 -9 
30 30  -1 -2  0 -9 
30 68   1 -1  0 -9 
30 79  -1  0  0 -9 
30 203   1 -1  0 -9 
30 214  -1  0  0 -9 
30 234   1  1  0 -9 
31 31  -1 -2  0 -9 
31 69   1 -1  0 -9 
31 80  -1  0  0 -9 
31 204   1 -1  0 -9 
31 215  -1  0  0 -9 
31 235   1  1  0 -9 
32 32  -1 -2  0 -9 
32 70   1 -1  0 -9 
32 81  -1  0  0 -9 
32 199  -1  0  0 -9 
32 205   1 -1  0 -9 
32 216  -1  0  0 -9 
32 236   1  1  0 -9 
33 33  -1 -2  0 -9 
33 82  -1  0  0 -9 
33 85   1 -1  0 -9 
33 206   1 -1  0 -9 
33 209  -1  0  0 -9 
33 210   1  1  0 -9 
33 217  -1  0  0 -9 
33 246   1  1  0 -9 
33 249  -1  2  0 -9 
34 34  -1 -2  0 -9 
34 83  -1  0  0 -9 
34 156  -1  0  0 -9 
34 161  -1  0  0 -9 
34 163   1 -1  0 -9 
34 180   1  1  0 -9 
34 181  -1  2 -1  0  0 -9 
34 195   1  1  0 -9 
34 207   1 -1  0 -9 
34 224  -1  0  0 -9 
34 226  -1  2  0 -9 
34 227   1  1  0 -9 
34 229  -1  2  0 -9 
34 247   1  1  0 -9 
34 250  -1  2  0 -9 
34 252   1  3  0 -9 
35 35  -1 -2  0 -9 
35 84  -1  0  0 -9 
35 162  -1  0  0 -9 
35 164   1 -1  0 -9 
35 182  -1  2 -1  0  0 -9 
35 196   1  1  0 -9 
35 208   1 -1  0 -9 
35 225  -1  0  0 -9 
35 228   1  1  0 -9 
35 230  -1  2  0 -9 
35 248   1  1  0 -9 
35 251  -1  2  0 -9 
35 253   1  3  0 -9 
36 36   1  0  0 -9 
37 37   1  0  0 -9 
38 38   1  0  0 -9 
39 39   1  0  0 -9 
40 40   1  0  0 -9 
41 41   1  0  0 -9 
42 36   1 -1  0 -9 
42 42  -1 -2  0 -9 
42 95   1 -1  0 -9 
43 43  -1 -2  0 -9 
43 96   1 -1  0 -9 
44 44  -1 -2  0 -9 
44 97   1 -1  0 -9 
45 45  -1 -2  0 -9 
45 98   1 -1  0 -9 
46 37   1 -1  0 -9 
46 46  -1 -2  0 -9 
46 99   1 -1  0 -9 
47 38   1 -1  0 -9 
47 47  -1 -2  0 -9 
47 100   1 -1  0 -9 
48 39   1 -1  0 -9 
48 48  -1 -2  0 -9 
48 101   1 -1  0 -9 
49 49  -1 -2  0 -9 
49 102   1 -1  0 -9 
50 50  -1 -2  0 -9 
50 103   1 -1  0 -9 
51 51  -1 -2  0 -9 
51 65   1 -1  0 -9 
51 76  -1  0  0 -9 
51 104   1 -1  0 -9 
51 165   1  2  0 -9 
52 52  -1 -2  0 -9 
52 66   1 -1  0 -9 
52 77  -1  0  0 -9 
52 105   1 -1  0 -9 
52 166   1  2  0 -9 
53 53  -1 -2  0 -9 
53 67   1 -1  0 -9 
53 78  -1  0  0 -9 
53 106   1 -1  0 -9 
53 167   1  2  0 -9 
54 54  -1 -2  0 -9 
54 68   1 -1  0 -9 
54 79  -1  0  0 -9 
54 107   1 -1  0 -9 
54 168   1  2  0 -9 
55 55  -1 -2  0 -9 
55 69   1 -1  0 -9 
55 80  -1  0  0 -9 
55 108   1 -1  0 -9 
55 169   1  2  0 -9 
56 41   1 -1  0 -9 
56 56  -1 -2  0 -9 
56 70   1 -1  0 -9 
56 81  -1  0  0 -9 
56 109   1 -1  0 -9 
56 170   1  2  0 -9 
57 57  -1 -2  0 -9 
57 141   1 -1  0 -9 
57 166   1  1  0 -9 
57 171  -1  0  0 -9 
57 187   1  1  0 -9 
58 58  -1 -2  0 -9 
58 142   1 -1  0 -9 
58 167   1  1  0 -9 
58 172  -1  0  0 -9 
58 188   1  1  0 -9 
59 59  -1 -2  0 -9 
59 143   1 -1  0 -9 
59 173  -1  0  0 -9 
59 189   1  1  0 -9 
60 60  -1 -2  0 -9 
60 144   1 -1  0 -9 
60 174  -1  0  0 -9 
60 190   1  1  0 -9 
61 61  -1 -2  0 -9 
61 145   1 -1  0 -9 
61 168   1  1  0 -9 
61 175  -1  0  0 -9 
61 191   1  1  0 -9 
62 62  -1 -2  0 -9 
62 146   1 -1  0 -9 
62 169   1  1  0 -9 
62 176  -1  0  0 -9 
62 192   1  1  0 -9 
63 63   1  0  0 -9 
63 74  -1  1  0 -9 
63 198   1  2  0 -9 
64 64   1  0  0 -9 
64 75  -1  1  0 -9 
64 199   1  2  0 -9 
65 65   1  0  0 -9 
65 76  -1  1  0 -9 
65 231   1  2  0 -9 
66 66   1  0  0 -9 
66 77  -1  1  0 -9 
66 232   1  2  0 -9 
67 67   1  0  0 -9 
67 78  -1  1  0 -9 
67 233   1  2  0 -9 
68 68   1  0  0 -9 
68 79  -1  1  0 -9 
68 234   1  2  0 -9 
69 69   1  0  0 -9 
69 80  -1  1  0 -9 
69 235   1  2  0 -9 
70 70   1  0  0 -9 
70 81  -1  1  0 -9 
70 236   1  2  0 -9 
71 70   1 -1  0 -9 
71 71  -1 -2  0 -9 
71 81  -1  0  0 -9 
71 82   1 -1  0 -9 
71 134   1 -1  0 -9 
71 156  -1  0  0 -9 
71 170   1  2  0 -9 
71 180  -1  3  0 -9 
71 226   1  4  0 -9 
71 246   1  2  0 -9 
71 249  -1  3  0 -9 
72 72  -1 -2  0 -9 
72 83   1 -1  0 -9 
72 147   1 -1  0 -9 
72 177  -1  0  0 -9 
72 181  -1  3  0 -9 
72 193   1  1  0 -9 
72 247   1  2  0 -9 
72 250  -1  3  0 -9 
72 252   1  4  0 -9 
73 73  -1 -2  0 -9 
73 84   1 -1  0 -9 
73 148   1 -1  0 -9 
73 178  -1  0  0 -9 
73 182  -1  3  0 -9 
73 194   1  1  0 -9 
73 248   1  2  0 -9 
73 251  -1  3  0 -9 
73 253   1  4  0 -9 
74 198   1  3  0 -9 
75 199   1  3  0 -9 
76 165  -1  4  0 -9 
76 231   1  3  0 -9 
77 166  -1  4  0 -9 
77 232   1  3  0 -9 
78 167  -1  4  0 -9 
78 233   1  3  0 -9 
79 168  -1  4  0 -9 
79 234   1  3  0 -9 
80 169  -1  4  0 -9 
80 235   1  3  0 -9 
81 170  -1  4  0 -9 
81 236   1  3  0 -9 
82 180  -1  4  0 -9 
82 226   1  5  0 -9 
82 246   1  3  0 -9 
82 249  -1  4  0 -9 
83 181  -1  4  0 -9 
83 247   1  3  0 -9 
83 250  -1  4  0 -9 
83 252   1  5  0 -9 
84 182  -1  4  0 -9 
84 248   1  3  0 -9 
84 251  -1  4  0 -9 
84 253   1  5  0 -9 
85 82  -1  1  0 -9 
85 85   1  0  0 -9 
85 209  -1  1  0 -9 
85 210   1  2  0 -9 
85 246   1  2  0 -9 
85 249  -1  3  0 -9 
86 86   1  0  0 -9 
87 87   1  0  0 -9 
88 88   1  0  0 -9 
89 89   1  0  0 -9 
90 90   1  0  0 -9 
91 91   1  0  0 -9 
92 92   1  0  0 -9 
93 93   1  0  0 -9 
94 94   1  0  0 -9 
95 95   1  0  0 -9 
96 96   1  0  0 -9 
97 97   1  0  0 -9 
98 98   1  0  0 -9 
99 99   1  0  0 -9 
100 100   1  0  0 -9 
101 101   1  0  0 -9 
102 102   1  0  0 -9 
103 103   1  0  0 -9 
104 104   1  0  0 -9 
104 165   1  3  0 -9 
105 105   1  0  0 -9 
105 166   1  3  0 -9 
106 106   1  0  0 -9 
106 167   1  3  0 -9 
107 107   1  0  0 -9 
107 168   1  3  0 -9 
108 108   1  0  0 -9 
108 169   1  3  0 -9 
109 109   1  0  0 -9 
109 170   1  3  0 -9 
110 110   1  0  0 -9 
111 111   1  0  0 -9 
112 112   1  0  0 -9 
113 113   1  0  0 -9 
114 114   1  0  0 -9 
115 115   1  0  0 -9 
116 116   1  0  0 -9 
117 117   1  0  0 -9 
118 118   1  0  0 -9 
118 183   1  3  0 -9 
119 119   1  0  0 -9 
119 184   1  3  0 -9 
120 120   1  0  0 -9 
120 185   1  3  0 -9 
121 121   1  0  0 -9 
121 186   1  3  0 -9 
122 122   1  0  0 -9 
122 187   1  3  0 -9 
123 123   1  0  0 -9 
123 188   1  3  0 -9 
124 124   1  0  0 -9 
124 189   1  3  0 -9 
125 125   1  0  0 -9 
125 190   1  3  0 -9 
126 126   1  0  0 -9 
126 191   1  3  0 -9 
127 127   1  0  0 -9 
127 192   1  3  0 -9 
128 128   1  0  0 -9 
128 150  -1  1  0 -9 
128 165   1  2  0 -9 
128 211   1  2  0 -9 
129 129   1  0  0 -9 
129 151  -1  1  0 -9 
129 166   1  2  0 -9 
129 212   1  2  0 -9 
130 130   1  0  0 -9 
130 152  -1  1  0 -9 
130 167   1  2  0 -9 
130 213   1  2  0 -9 
131 131   1  0  0 -9 
131 153  -1  1  0 -9 
131 168   1  2  0 -9 
131 214   1  2  0 -9 
132 132   1  0  0 -9 
132 154  -1  1  0 -9 
132 169   1  2  0 -9 
132 215   1  2  0 -9 
133 133   1  0  0 -9 
133 155  -1  1  0 -9 
133 170   1  2  0 -9 
133 216   1  2  0 -9 
134 134   1  0  0 -9 
134 156  -1  1  0 -9 
134 170   1  3  0 -9 
134 180  -1  4  0 -9 
134 217   1  2  0 -9 
134 226   1  5  0 -9 
135 135   1  0  0 -9 
135 157  -1  1  0 -9 
135 183   1  2  0 -9 
135 218   1  2  0 -9 
136 136   1  0  0 -9 
136 158  -1  1  0 -9 
136 184   1  2  0 -9 
136 219   1  2  0 -9 
137 137   1  0  0 -9 
137 159  -1  1  0 -9 
137 185   1  2  0 -9 
137 220   1  2  0 -9 
138 138   1  0  0 -9 
138 160  -1  1  0 -9 
138 186   1  2  0 -9 
138 221   1  2  0 -9 
139 139   1  0  0 -9 
139 161  -1  1  0 -9 
139 193   1  3  0 -9 
139 195  -1  4  0 -9 
139 222   1  2  0 -9 
139 229   1  5  0 -9 
140 140   1  0  0 -9 
140 162  -1  1  0 -9 
140 186   1  3  0 -9 
140 194   1  3  0 -9 
140 196  -1  4  0 -9 
140 223   1  2  0 -9 
140 230   1  5  0 -9 
141 141   1  0  0 -9 
141 166   1  2  0 -9 
141 171  -1  1  0 -9 
141 187   1  2  0 -9 
141 237   1  2  0 -9 
142 142   1  0  0 -9 
142 167   1  2  0 -9 
142 172  -1  1  0 -9 
142 188   1  2  0 -9 
142 238   1  2  0 -9 
143 143   1  0  0 -9 
143 173  -1  1  0 -9 
143 189   1  2  0 -9 
143 239   1  2  0 -9 
144 144   1  0  0 -9 
144 174  -1  1  0 -9 
144 190   1  2  0 -9 
144 240   1  2  0 -9 
145 145   1  0  0 -9 
145 168   1  2  0 -9 
145 175  -1  1  0 -9 
145 191   1  2  0 -9 
145 241   1  2  0 -9 
146 146   1  0  0 -9 
146 169   1  2  0 -9 
146 176  -1  1  0 -9 
146 192   1  2  0 -9 
146 242   1  2  0 -9 
147 147   1  0  0 -9 
147 177  -1  1  0 -9 
147 181  -1  4  0 -9 
147 193   1  2  0 -9 
147 243   1  2  0 -9 
147 252   1  5  0 -9 
148 148   1  0  0 -9 
148 178  -1  1  0 -9 
148 182  -1  4  0 -9 
148 194   1  2  0 -9 
148 244   1  2  0 -9 
148 253   1  5  0 -9 
149 149   1  0  0 -9 
149 179  -1  1  0 -9 
149 194   1  3  0 -9 
149 197  -1  4  0 -9 
149 245   1  2  0 -9 
149 254   1  5  0 -9 
150 165  -1  5  0 -9 
150 211   1  3  0 -9 
151 166  -1  5  0 -9 
151 212   1  3  0 -9 
152 167  -1  5  0 -9 
152 213   1  3  0 -9 
153 168  -1  5  0 -9 
153 214   1  3  0 -9 
154 169  -1  5  0 -9 
154 215   1  3  0 -9 
155 170  -1  5  0 -9 
155 216   1  3  0 -9 
156 180  -1  5  0 -9 
156 217   1  3  0 -9 
156 226   1  6  0 -9 
157 183  -1  5  0 -9 
157 218   1  3  0 -9 
158 184  -1  5  0 -9 
158 219   1  3  0 -9 
159 185  -1  5  0 -9 
159 220   1  3  0 -9 
160 186  -1  5  0 -9 
160 221   1  3  0 -9 
161 195  -1  5  0 -9 
161 222   1  3  0 -9 
161 229   1  6  0 -9 
162 196  -1  5  0 -9 
162 223   1  3  0 -9 
162 230   1  6  0 -9 
163 83  -1  1  0 -9 
163 156  -1  1  0 -9 
163 161  -1  1  0 -9 
163 163   1  0  0 -9 
163 180   1  2  0 -9 
163 181  -1  5 -1  3 -1  1  0 -9 
163 195   1  2  0 -9 
163 217   1  2  0 -9 
163 222   1  2  0 -9 
163 224  -1  1  0 -9 
163 226  -1  3  0 -9 
163 227   1  2  0 -9 
163 229  -1  3  0 -9 
163 247   1  2  0 -9 
163 250  -1  3  0 -9 
163 252   1  6  1  4  0 -9 
164 84  -1  1  0 -9 
164 162  -1  1  0 -9 
164 164   1  0  0 -9 
164 182  -1  5 -1  3 -1  1  0 -9 
164 196   1  2  0 -9 
164 223   1  2  0 -9 
164 225  -1  1  0 -9 
164 228   1  2  0 -9 
164 230  -1  3  0 -9 
164 248   1  2  0 -9 
164 251  -1  3  0 -9 
164 253   1  6  1  4  0 -9 
165 165  -1  6  0 -9 
166 166  -1  6  0 -9 
167 167  -1  6  0 -9 
168 168  -1  6  0 -9 
169 169  -1  6  0 -9 
170 170  -1  6  0 -9 
171 166  -1  5  0 -9 
171 187  -1  5  0 -9 
171 237   1  3  0 -9 
172 167  -1  5  0 -9 
172 188  -1  5  0 -9 
172 238   1  3  0 -9 
173 189  -1  5  0 -9 
173 239   1  3  0 -9 
174 190  -1  5  0 -9 
174 240   1  3  0 -9 
175 168  -1  5  0 -9 
175 191  -1  5  0 -9 
175 241   1  3  0 -9 
176 169  -1  5  0 -9 
176 192  -1  5  0 -9 
176 242   1  3  0 -9 
177 181  -1  5  0 -9 
177 193  -1  5  0 -9 
177 243   1  3  0 -9 
177 252   1  6  0 -9 
178 182  -1  5  0 -9 
178 194  -1  5  0 -9 
178 244   1  3  0 -9 
178 253   1  6  0 -9 
179 197  -1  5  0 -9 
179 245   1  3  0 -9 
179 254   1  6  0 -9 
180 180  -1  6  0 -9 
180 226   1  7  0 -9 
181 181  -1  6  0 -9 
181 252   1  7  0 -9 
182 182  -1  6  0 -9 
182 253   1  7  0 -9 
183 183  -1  6  0 -9 
184 184  -1  6  0 -9 
185 185  -1  6  0 -9 
186 186  -1  6  0 -9 
187 187  -1  6  0 -9 
188 188  -1  6  0 -9 
189 189  -1  6  0 -9 
190 190  -1  6  0 -9 
191 191  -1  6  0 -9 
192 192  -1  6  0 -9 
193 193  -1  6  0 -9 
194 194  -1  6  0 -9 
195 195  -1  6  0 -9 
195 229   1  7  0 -9 
196 196  -1  6  0 -9 
196 230   1  7  0 -9 
197 197  -1  6  0 -9 
197 254   1  7  0 -9 
198 74   1  3  0 -9 
199 75   1  3  0 -9 
200 74   1  2  0 -9 
200 76  -1  1  0 -9 
200 150   1  2  0 -9 
200 165  -1  3  0 -9 
200 198  -1  1  0 -9 
200 200   1  0  0 -9 
200 211  -1  1  0 -9 
200 231   1  2  0 -9 
201 77  -1  1  0 -9 
201 151   1  2  0 -9 
201 166  -1  3  0 -9 
201 201   1  0  0 -9 
201 212  -1  1  0 -9 
201 232   1  2  0 -9 
202 78  -1  1  0 -9 
202 152   1  2  0 -9 
202 167  -1  3  0 -9 
202 202   1  0  0 -9 
202 213  -1  1  0 -9 
202 233   1  2  0 -9 
203 79  -1  1  0 -9 
203 153   1  2  0 -9 
203 168  -1  3  0 -9 
203 203   1  0  0 -9 
203 214  -1  1  0 -9 
203 234   1  2  0 -9 
204 80  -1  1  0 -9 
204 154   1  2  0 -9 
204 169  -1  3  0 -9 
204 204   1  0  0 -9 
204 215  -1  1  0 -9 
204 235   1  2  0 -9 
205 75   1  2  0 -9 
205 81  -1  1  0 -9 
205 155   1  2  0 -9 
205 170  -1  3  0 -9 
205 199  -1  1  0 -9 
205 205   1  0  0 -9 
205 216  -1  1  0 -9 
205 236   1  2  0 -9 
206 82  -1  1  0 -9 
206 156   1  2  0 -9 
206 180  -1  3  0 -9 
206 206   1  0  0 -9 
206 209  -1  1  0 -9 
206 210   1  2  0 -9 
206 217  -1  1  0 -9 
206 246   1  2  0 -9 
206 249  -1  3  0 -9 
207 83  -1  1  0 -9 
207 181  -1  3  0 -9 
207 207   1  0  0 -9 
207 224  -1  1  0 -9 
207 226  -1  3  0 -9 
207 227   1  2  0 -9 
207 229  -1  3  0 -9 
207 247   1  2  0 -9 
207 250  -1  3  0 -9 
207 252   1  4  0 -9 
208 84  -1  1  0 -9 
208 182  -1  3  0 -9 
208 208   1  0  0 -9 
208 225  -1  1  0 -9 
208 228   1  2  0 -9 
208 230  -1  3  0 -9 
208 248   1  2  0 -9 
208 251  -1  3  0 -9 
208 253   1  4  0 -9 
209 210   1  3  0 -9 
209 249  -1  4  0 -9 
210 209   1  3  0 -9 
210 226   1  6  0 -9 
210 249  -1  5  0 -9 
211 150   1  3  0 -9 
211 165  -1  4  0 -9 
212 151   1  3  0 -9 
212 166  -1  4  0 -9 
213 152   1  3  0 -9 
213 167  -1  4  0 -9 
214 153   1  3  0 -9 
214 168  -1  4  0 -9 
215 154   1  3  0 -9 
215 169  -1  4  0 -9 
216 155   1  3  0 -9 
216 170  -1  4  0 -9 
217 156   1  3  0 -9 
217 180  -1  4  0 -9 
218 157   1  3  0 -9 
218 183  -1  4  0 -9 
219 158   1  3  0 -9 
219 184  -1  4  0 -9 
220 159   1  3  0 -9 
220 185  -1  4  0 -9 
221 160   1  3  0 -9 
221 186  -1  4  0 -9 
222 161   1  3  0 -9 
222 195  -1  4  0 -9 
223 162   1  3  0 -9 
223 196  -1  4  0 -9 
224 181  -1  4  0 -9 
224 226  -1  4  0 -9 
224 227   1  3  0 -9 
224 229  -1  4  0 -9 
224 250  -1  4  0 -9 
224 252   1  5  0 -9 
225 182  -1  4  0 -9 
225 228   1  3  0 -9 
225 230  -1  4  0 -9 
225 251  -1  4  0 -9 
225 253   1  5  0 -9 
226 226   1  8  0 -9 
227 181  -1  5  0 -9 
227 224   1  3  0 -9 
227 226   1  7  0 -9 
227 229   1  7  0 -9 
227 250  -1  5  0 -9 
227 252   1  6  0 -9 
228 182  -1  5  0 -9 
228 225   1  3  0 -9 
228 230   1  7  0 -9 
228 251  -1  5  0 -9 
228 253   1  6  0 -9 
229 229   1  8  0 -9 
230 230   1  8  0 -9 
231 76   1  3  0 -9 
231 165  -1  5  0 -9 
232 77   1  3  0 -9 
232 166  -1  5  0 -9 
233 78   1  3  0 -9 
233 167  -1  5  0 -9 
234 79   1  3  0 -9 
234 168  -1  5  0 -9 
235 80   1  3  0 -9 
235 169  -1  5  0 -9 
236 81   1  3  0 -9 
236 170  -1  5  0 -9 
237 166  -1  4  0 -9 
237 171   1  3  0 -9 
237 187  -1  4  0 -9 
238 167  -1  4  0 -9 
238 172   1  3  0 -9 
238 188  -1  4  0 -9 
239 173   1  3  0 -9 
239 189  -1  4  0 -9 
240 174   1  3  0 -9 
240 190  -1  4  0 -9 
241 168  -1  4  0 -9 
241 175   1  3  0 -9 
241 191  -1  4  0 -9 
242 169  -1  4  0 -9 
242 176   1  3  0 -9 
242 192  -1  4  0 -9 
243 177   1  3  0 -9 
243 181  -1  4  0 -9 
243 193  -1  4  0 -9 
244 178   1  3  0 -9 
244 182  -1  4  0 -9 
244 194  -1  4  0 -9 
245 179   1  3  0 -9 
245 197  -1  4  0 -9 
246 82   1  3  0 -9 
246 180  -1  5  0 -9 
246 226   1  6  0 -9 
246 249  -1  5  0 -9 
247 83   1  3  0 -9 
247 181  -1  5  0 -9 
247 250  -1  5  0 -9 
247 252   1  6  0 -9 
248 84   1  3  0 -9 
248 182  -1  5  0 -9 
248 251  -1  5  0 -9 
248 253   1  6  0 -9 
249 226   1  7  0 -9 
249 249  -1  6  0 -9 
250 250  -1  6  0 -9 
250 252   1  7  0 -9 
251 251  -1  6  0 -9 
251 253   1  7  0 -9 
252 252   1  8  0 -9 
253 253   1  8  0 -9 
254 254   1  8  0 -9 
9999 9999
