 0  0   1  8  0 -9 
 1  0   1  7  0 -9 
 1  1  -1  6  0 -9 
 1  2   1  7  0 -9 
 2  2   1  8  0 -9 
 3  3   1  8  0 -9 
 4  3   1  7  0 -9 
 4  4  -1  6  0 -9 
 4  5   1  7  0 -9 
 5  5   1  8  0 -9 
 6  6   1  8  0 -9 
 7  6   1  7  0 -9 
 7  7  -1  6  0 -9 
 7  8   1  7  0 -9 
 8  8   1  8  0 -9 
 9  3   1  6  0 -9 
 9  4  -1  5  0 -9 
 9  5   1  6  0 -9 
 9  7  -1  4  0 -9 
 9  8   1  5  0 -9 
 9 10  -1  5  0 -9 
 9 11   1  3  0 -9 
 9 12  -1  4  0 -9 
 9 13   1  6  0 -9 
10  5   1  7  0 -9 
10 10  -1  6  0 -9 
10 13   1  7  0 -9 
11  4  -1  4  0 -9 
11  5   1  5  0 -9 
11  6   1  6  0 -9 
11  7  -1  5  0 -9 
11  8   1  6  0 -9 
11  9   1  3  0 -9 
11 10  -1  4  0 -9 
11 12  -1  5  0 -9 
11 14   1  6  0 -9 
12  8   1  7  0 -9 
12 12  -1  6  0 -9 
12 14   1  7  0 -9 
13 13   1  8  0 -9 
14 14   1  8  0 -9 
15 15  -1  6  0 -9 
15 16   1  7  0 -9 
16 16   1  8  0 -9 
17 17   1  8  0 -9 
18 18  -1  6  0 -9 
18 19   1  7  0 -9 
19 19   1  8  0 -9 
20 17   1  7  0 -9 
20 20  -1  6  0 -9 
20 21   1  7  0 -9 
21 21   1  8  0 -9 
22 17   1  6  0 -9 
22 20  -1  5  0 -9 
22 21   1  6  0 -9 
22 23  -1  5  0 -9 
22 24   1  3  0 -9 
22 25  -1  4  0 -9 
22 26   1  6  0 -9 
23 21   1  7  0 -9 
23 23  -1  6  0 -9 
23 26   1  7  0 -9 
24 20  -1  4  0 -9 
24 21   1  5  0 -9 
24 22   1  3  0 -9 
24 23  -1  4  0 -9 
24 25  -1  5  0 -9 
24 27   1  6  0 -9 
25 25  -1  6  0 -9 
25 27   1  7  0 -9 
26 26   1  8  0 -9 
27 27   1  8  0 -9 
28 10  -1  4  0 -9 
28 13   1  5  0 -9 
28 18  -1  5  0 -9 
28 19   1  6  0 -9 
28 23  -1  4  0 -9 
28 26   1  5  0 -9 
28 29   1  3  0 -9 
28 30  -1  4  0 -9 
29  5   1  6  0 -9 
29 10  -1  5  0 -9 
29 13   1  6  0 -9 
29 18  -1  4  0 -9 
29 21   1  6  0 -9 
29 23  -1  5  0 -9 
29 26   1  6  0 -9 
29 28   1  3  0 -9 
29 30  -1  5  0 -9 
29 31   1  6  0 -9 
30 13   1  7  0 -9 
30 26   1  7  0 -9 
30 30  -1  6  0 -9 
30 31   1  7  0 -9 
31 31   1  8  0 -9 
32 32   1  8  0 -9 
33 33  -1  6  0 -9 
33 34   1  7  0 -9 
34 34   1  8  0 -9 
35  0   1  7  0 -9 
35  6   1  7  0 -9 
35 32   1  7  0 -9 
35 35  -1  6  0 -9 
35 36   1  7  0 -9 
36 36   1  8  0 -9 
37  0   1  6  0 -9 
37  6   1  6  0 -9 
37  7  -1  5  0 -9 
37  8   1  6  0 -9 
37 32   1  6  0 -9 
37 35  -1  5  0 -9 
37 36   1  6  0 -9 
37 38  -1  5  0 -9 
37 39   1  3  0 -9 
37 40  -1  4  0 -9 
37 41   1  6  0 -9 
38 36   1  7  0 -9 
38 38  -1  6  0 -9 
38 41   1  7  0 -9 
39  6   1  5  0 -9 
39  7  -1  4  0 -9 
39 35  -1  4  0 -9 
39 36   1  5  0 -9 
39 37   1  3  0 -9 
39 38  -1  4  0 -9 
39 40  -1  5  0 -9 
39 42   1  6  0 -9 
40 40  -1  6  0 -9 
40 42   1  7  0 -9 
41 41   1  8  0 -9 
42 42   1  8  0 -9 
43 15  -1  5  0 -9 
43 16   1  6  0 -9 
43 33  -1  5  0 -9 
43 34   1  6  0 -9 
43 38  -1  4  0 -9 
43 41   1  5  0 -9 
43 44   1  3  0 -9 
43 45  -1  4  0 -9 
44 15  -1  4  0 -9 
44 33  -1  4  0 -9 
44 36   1  6  0 -9 
44 38  -1  5  0 -9 
44 41   1  6  0 -9 
44 43   1  3  0 -9 
44 45  -1  5  0 -9 
44 46   1  6  0 -9 
45 41   1  7  0 -9 
45 45  -1  6  0 -9 
45 46   1  7  0 -9 
46 46   1  8  0 -9 
47 47   1  8  0 -9 
48 47   1  7  0 -9 
48 48  -1  6  0 -9 
48 49   1  7  0 -9 
49 49   1  8  0 -9 
50 47   1  7  0 -9 
50 50  -1  6  0 -9 
50 51   1  7  0 -9 
51 51   1  8  0 -9 
52 32   1  7  0 -9 
52 33  -1  5  0 -9 
52 34   1  6  0 -9 
52 47   1  6  0 -9 
52 48  -1  5  0 -9 
52 49   1  6  0 -9 
52 50  -1  5  0 -9 
52 51   1  6  0 -9 
52 53  -1  5  0 -9 
52 54   1  3  0 -9 
52 55  -1  4  0 -9 
52 56   1  6  0 -9 
53 34   1  7  0 -9 
53 51   1  7  0 -9 
53 53  -1  6  0 -9 
53 56   1  7  0 -9 
54 32  -1  4  0 -9 
54 33  -1  4  0 -9 
54 34   1  5  0 -9 
54 47   1  5  0 -9 
54 48  -1  4  0 -9 
54 50  -1  4  0 -9 
54 51   1  5  0 -9 
54 52   1  3  0 -9 
54 53  -1  4  0 -9 
54 55  -1  5  0 -9 
54 57   1  6  0 -9 
55 55  -1  6  0 -9 
55 57   1  7  0 -9 
56 56   1  8  0 -9 
57 57   1  8  0 -9 
58 33  -1  4  0 -9 
58 34   1  5  0 -9 
58 53  -1  4  0 -9 
58 56   1  5  0 -9 
58 59   1  3  0 -9 
58 60  -1  4  0 -9 
59 33  -1  5  0 -9 
59 34   1  6  0 -9 
59 51   1  6  0 -9 
59 53  -1  5  0 -9 
59 56   1  6  0 -9 
59 58   1  3  0 -9 
59 60  -1  5  0 -9 
59 61   1  6  0 -9 
60 56   1  7  0 -9 
60 60  -1  6  0 -9 
60 61   1  7  0 -9 
61 61   1  8  0 -9 
62 47   1  5  0 -9 
62 48  -1  4  0 -9 
62 49   1  5  0 -9 
62 50  -1  4  0 -9 
62 63  -1  5  0 -9 
62 64   1  3  0 -9 
62 65  -1  4  0 -9 
62 66   1  6  0 -9 
63 63  -1  6  0 -9 
63 66   1  7  0 -9 
64 47   1  6  0 -9 
64 48  -1  5  0 -9 
64 49   1  6  0 -9 
64 50  -1  5  0 -9 
64 51   1  6  0 -9 
64 62   1  3  0 -9 
64 63  -1  4  0 -9 
64 65  -1  5  0 -9 
64 67   1  6  0 -9 
65 49   1  7  0 -9 
65 65  -1  6  0 -9 
65 67   1  7  0 -9 
66 66   1  8  0 -9 
67 67   1  8  0 -9 
68 65  -1  4  0 -9 
68 67   1  5  0 -9 
68 69   1  3  0 -9 
68 71  -1  4  0 -9 
69 49   1  6  0 -9 
69 65  -1  5  0 -9 
69 67   1  6  0 -9 
69 68   1  3  0 -9 
69 70   1  6  0 -9 
69 71  -1  5  0 -9 
70 70   1  8  0 -9 
71 67   1  7  0 -9 
71 70   1  7  0 -9 
71 71  -1  6  0 -9 
72 32  -1  3  0 -9 
72 33  -1  3  0 -9 
72 34   1  4  0 -9 
72 47   1  4  0 -9 
72 48  -1  3  0 -9 
72 50  -1  3  0 -9 
72 52   1  2  0 -9 
72 53  -1  3  0 -9 
72 54  -1  1  0 -9 
72 55  -1  4  1  2  0 -9 
72 57   1  5  0 -9 
72 58  -1  1  0 -9 
72 59   1  2  0 -9 
72 60  -1  3  0 -9 
72 62  -1  1  0 -9 
72 63  -1  4  1  2  0 -9 
72 64   1  2  0 -9 
72 65  -1  3  0 -9 
72 66   1  5  0 -9 
72 68  -1  1  0 -9 
72 69   1  2  0 -9 
72 71  -1  3  0 -9 
72 72   1  0  0 -9 
72 73  -1  1  0 -9 
72 74  -1  1  0 -9 
72 75   1  2  0 -9 
72 76  -1  3  0 -9 
72 77  -1  3  0 -9 
72 78   1  2  0 -9 
72 79   1  4  0 -9 
73 55  -1  5  0 -9 
73 57   1  6  0 -9 
73 70   1  5  0 -9 
73 71  -1  4  0 -9 
73 76  -1  4  0 -9 
73 77  -1  4  0 -9 
73 78   1  3  0 -9 
73 79   1  5  0 -9 
74 60  -1  4  0 -9 
74 61   1  5  0 -9 
74 63  -1  5  0 -9 
74 66   1  6  0 -9 
74 75   1  3  0 -9 
74 76  -1  4  0 -9 
74 77  -1  4  0 -9 
74 79   1  5  0 -9 
75 56   1  6  0 -9 
75 60  -1  5  0 -9 
75 61   1  6  0 -9 
75 63  -1  4  0 -9 
75 70   1  6  0 -9 
75 74   1  3  0 -9 
75 76  -1  5  0 -9 
75 77  -1  5  0 -9 
75 79   1  6  0 -9 
76 61   1  7  0 -9 
76 76  -1  6  0 -9 
76 79   1  7  0 -9 
77 70   1  7  0 -9 
77 77  -1  6  0 -9 
77 79   1  7  0 -9 
78 55  -1  4  0 -9 
78 61   1  6  0 -9 
78 67   1  6  0 -9 
78 70   1  6  0 -9 
78 71  -1  5  0 -9 
78 73   1  3  0 -9 
78 76  -1  5  0 -9 
78 77  -1  5  0 -9 
78 79   1  6  0 -9 
79 79   1  8  0 -9 
80 80  -1  6  0 -9 
80 81   1  7  0 -9 
81 81   1  8  0 -9 
82 17   1  7  0 -9 
82 80  -1  5  0 -9 
82 81   1  6  0 -9 
82 83  -1  5  0 -9 
82 84   1  3  0 -9 
82 85  -1  4  0 -9 
82 86   1  6  0 -9 
83 81   1  7  0 -9 
83 83  -1  6  0 -9 
83 86   1  7  0 -9 
84 17  -1  4  0 -9 
84 80  -1  4  0 -9 
84 81   1  5  0 -9 
84 82   1  3  0 -9 
84 83  -1  4  0 -9 
84 85  -1  5  0 -9 
84 87   1  6  0 -9 
85 85  -1  6  0 -9 
85 87   1  7  0 -9 
86 86   1  8  0 -9 
87 87   1  8  0 -9 
88 51  -1  4  0 -9 
88 63  -1  4  0 -9 
88 66   1  5  0 -9 
88 80  -1  4  0 -9 
88 81   1  5  0 -9 
88 83  -1  4  0 -9 
88 86   1  5  0 -9 
88 89   1  3  0 -9 
88 90  -1  4  0 -9 
89 51   1  7  0 -9 
89 63  -1  5  0 -9 
89 66   1  6  0 -9 
89 80  -1  5  0 -9 
89 81   1  6  0 -9 
89 83  -1  5  0 -9 
89 86   1  6  0 -9 
89 88   1  3  0 -9 
89 90  -1  5  0 -9 
89 91   1  6  0 -9 
90 66   1  7  0 -9 
90 86   1  7  0 -9 
90 90  -1  6  0 -9 
90 91   1  7  0 -9 
91 91   1  8  0 -9 
92 17  -1  3  0 -9 
92 51  -1  3  0 -9 
92 63  -1  3  0 -9 
92 66   1  4  0 -9 
92 70  -1  3  0 -9 
92 80  -1  3  0 -9 
92 81   1  4  0 -9 
92 82   1  2  0 -9 
92 83  -1  3  0 -9 
92 84  -1  1  0 -9 
92 85  -1  4  1  2  0 -9 
92 87   1  5  0 -9 
92 88  -1  1  0 -9 
92 89   1  2  0 -9 
92 90  -1  3  0 -9 
92 92   1  0  0 -9 
92 93  -1  1  0 -9 
92 94  -1  1  0 -9 
92 95   1  2  0 -9 
92 96  -1  3  0 -9 
92 97  -1  3  0 -9 
92 98   1  2  0 -9 
92 99   1  4  0 -9 
93 85  -1  5  0 -9 
93 87   1  6  0 -9 
93 96  -1  4  0 -9 
93 97  -1  4  0 -9 
93 98   1  3  0 -9 
93 99   1  5  0 -9 
94 63  -1  4  0 -9 
94 66   1  5  0 -9 
94 70  -1  4  0 -9 
94 90  -1  4  0 -9 
94 91   1  5  0 -9 
94 95   1  3  0 -9 
94 96  -1  4  0 -9 
94 97  -1  4  0 -9 
94 99   1  5  0 -9 
95 63  -1  5  0 -9 
95 66   1  6  0 -9 
95 70   1  7  0 -9 
95 86   1  6  0 -9 
95 90  -1  5  0 -9 
95 91   1  6  0 -9 
95 94   1  3  0 -9 
95 96  -1  5  0 -9 
95 97  -1  5  0 -9 
95 99   1  6  0 -9 
96 91   1  7  0 -9 
96 96  -1  6  0 -9 
96 99   1  7  0 -9 
97 97  -1  6  0 -9 
97 99   1  7  0 -9 
98 85  -1  4  0 -9 
98 91   1  6  0 -9 
98 93   1  3  0 -9 
98 96  -1  5  0 -9 
98 97  -1  5  0 -9 
98 99   1  6  0 -9 
99 99   1  8  0 -9 
9999 9999
