 0  0  -1  6  0 -9 
 0  1   1  7  0 -9 
 1  1   1  8  0 -9 
 2  2   1  8  0 -9 
 3  3  -1  6  0 -9 
 3  4   1  7  0 -9 
 4  4   1  8  0 -9 
 5  2   1  7  0 -9 
 5  5  -1  6  0 -9 
 5  6   1  7  0 -9 
 6  6   1  8  0 -9 
 7  2   1  6  0 -9 
 7  5  -1  5  0 -9 
 7  6   1  6  0 -9 
 7  8  -1  5  0 -9 
 7  9   1  3  0 -9 
 7 10  -1  4  0 -9 
 7 11   1  6  0 -9 
 8  6   1  7  0 -9 
 8  8  -1  6  0 -9 
 8 11   1  7  0 -9 
 9  5  -1  4  0 -9 
 9  6   1  5  0 -9 
 9  7   1  3  0 -9 
 9  8  -1  4  0 -9 
 9 10  -1  5  0 -9 
 9 12   1  6  0 -9 
10 10  -1  6  0 -9 
10 12   1  7  0 -9 
11 11   1  8  0 -9 
12 12   1  8  0 -9 
13  0  -1  5  0 -9 
13  1   1  6  0 -9 
13  3  -1  5  0 -9 
13  4   1  6  0 -9 
13  8  -1  4  0 -9 
13 11   1  5  0 -9 
13 14   1  3  0 -9 
13 15  -1  4  0 -9 
14  0  -1  4  0 -9 
14  3  -1  4  0 -9 
14  6   1  6  0 -9 
14  8  -1  5  0 -9 
14 11   1  6  0 -9 
14 13   1  3  0 -9 
14 15  -1  5  0 -9 
14 16   1  6  0 -9 
15 11   1  7  0 -9 
15 15  -1  6  0 -9 
15 16   1  7  0 -9 
16 16   1  8  0 -9 
17 17   1  8  0 -9 
18 17   1  7  0 -9 
18 18  -1  6  0 -9 
18 19   1  7  0 -9 
19 19   1  8  0 -9 
20 17   1  7  0 -9 
20 20  -1  6  0 -9 
20 21   1  7  0 -9 
21 21   1  8  0 -9 
22  2   1  7  0 -9 
22  3  -1  5  0 -9 
22  4   1  6  0 -9 
22 17   1  6  0 -9 
22 18  -1  5  0 -9 
22 19   1  6  0 -9 
22 20  -1  5  0 -9 
22 21   1  6  0 -9 
22 23  -1  5  0 -9 
22 24   1  3  0 -9 
22 25  -1  4  0 -9 
22 26   1  6  0 -9 
23  4   1  7  0 -9 
23 21   1  7  0 -9 
23 23  -1  6  0 -9 
23 26   1  7  0 -9 
24  2  -1  4  0 -9 
24  3  -1  4  0 -9 
24  4   1  5  0 -9 
24 17   1  5  0 -9 
24 18  -1  4  0 -9 
24 20  -1  4  0 -9 
24 21   1  5  0 -9 
24 22   1  3  0 -9 
24 23  -1  4  0 -9 
24 25  -1  5  0 -9 
24 27   1  6  0 -9 
25 25  -1  6  0 -9 
25 27   1  7  0 -9 
26 26   1  8  0 -9 
27 27   1  8  0 -9 
28  3  -1  4  0 -9 
28  4   1  5  0 -9 
28 23  -1  4  0 -9 
28 26   1  5  0 -9 
28 29   1  3  0 -9 
28 30  -1  4  0 -9 
29  3  -1  5  0 -9 
29  4   1  6  0 -9 
29 21   1  6  0 -9 
29 23  -1  5  0 -9 
29 26   1  6  0 -9 
29 28   1  3  0 -9 
29 30  -1  5  0 -9 
29 31   1  6  0 -9 
30 26   1  7  0 -9 
30 30  -1  6  0 -9 
30 31   1  7  0 -9 
31 31   1  8  0 -9 
32 17   1  5  0 -9 
32 18  -1  4  0 -9 
32 19   1  5  0 -9 
32 20  -1  4  0 -9 
32 33  -1  5  0 -9 
32 34   1  3  0 -9 
32 35  -1  4  0 -9 
32 36   1  6  0 -9 
33 33  -1  6  0 -9 
33 36   1  7  0 -9 
34 17   1  6  0 -9 
34 18  -1  5  0 -9 
34 19   1  6  0 -9 
34 20  -1  5  0 -9 
34 21   1  6  0 -9 
34 32   1  3  0 -9 
34 33  -1  4  0 -9 
34 35  -1  5  0 -9 
34 37   1  6  0 -9 
35 19   1  7  0 -9 
35 35  -1  6  0 -9 
35 37   1  7  0 -9 
36 36   1  8  0 -9 
37 37   1  8  0 -9 
38 35  -1  4  0 -9 
38 37   1  5  0 -9 
38 39   1  3  0 -9 
38 41  -1  4  0 -9 
39 19   1  6  0 -9 
39 35  -1  5  0 -9 
39 37   1  6  0 -9 
39 38   1  3  0 -9 
39 40   1  6  0 -9 
39 41  -1  5  0 -9 
40 40   1  8  0 -9 
41 37   1  7  0 -9 
41 40   1  7  0 -9 
41 41  -1  6  0 -9 
42  2  -1  3  0 -9 
42  3  -1  3  0 -9 
42  4   1  4  0 -9 
42 17   1  4  0 -9 
42 18  -1  3  0 -9 
42 20  -1  3  0 -9 
42 22   1  2  0 -9 
42 23  -1  3  0 -9 
42 24  -1  1  0 -9 
42 25  -1  4  1  2  0 -9 
42 27   1  5  0 -9 
42 28  -1  1  0 -9 
42 29   1  2  0 -9 
42 30  -1  3  0 -9 
42 32  -1  1  0 -9 
42 33  -1  4  1  2  0 -9 
42 34   1  2  0 -9 
42 35  -1  3  0 -9 
42 36   1  5  0 -9 
42 38  -1  1  0 -9 
42 39   1  2  0 -9 
42 41  -1  3  0 -9 
42 42   1  0  0 -9 
42 43  -1  1  0 -9 
42 44  -1  1  0 -9 
42 45   1  2  0 -9 
42 46  -1  3  0 -9 
42 47  -1  3  0 -9 
42 48   1  2  0 -9 
42 49   1  4  0 -9 
43 25  -1  5  0 -9 
43 27   1  6  0 -9 
43 40   1  5  0 -9 
43 41  -1  4  0 -9 
43 46  -1  4  0 -9 
43 47  -1  4  0 -9 
43 48   1  3  0 -9 
43 49   1  5  0 -9 
44 30  -1  4  0 -9 
44 31   1  5  0 -9 
44 33  -1  5  0 -9 
44 36   1  6  0 -9 
44 45   1  3  0 -9 
44 46  -1  4  0 -9 
44 47  -1  4  0 -9 
44 49   1  5  0 -9 
45 26   1  6  0 -9 
45 30  -1  5  0 -9 
45 31   1  6  0 -9 
45 33  -1  4  0 -9 
45 40   1  6  0 -9 
45 44   1  3  0 -9 
45 46  -1  5  0 -9 
45 47  -1  5  0 -9 
45 49   1  6  0 -9 
46 31   1  7  0 -9 
46 46  -1  6  0 -9 
46 49   1  7  0 -9 
47 40   1  7  0 -9 
47 47  -1  6  0 -9 
47 49   1  7  0 -9 
48 25  -1  4  0 -9 
48 31   1  6  0 -9 
48 37   1  6  0 -9 
48 40   1  6  0 -9 
48 41  -1  5  0 -9 
48 43   1  3  0 -9 
48 46  -1  5  0 -9 
48 47  -1  5  0 -9 
48 49   1  6  0 -9 
49 49   1  8  0 -9 
50 50   1  8  0 -9 
51 51  -1  6  0 -9 
51 52   1  7  0 -9 
52 52   1  8  0 -9 
53 50   1  7  0 -9 
53 53  -1  6  0 -9 
53 54   1  7  0 -9 
54 54   1  8  0 -9 
55 50   1  6  0 -9 
55 53  -1  5  0 -9 
55 54   1  6  0 -9 
55 56  -1  5  0 -9 
55 57   1  3  0 -9 
55 58  -1  4  0 -9 
55 59   1  6  0 -9 
56 54   1  7  0 -9 
56 56  -1  6  0 -9 
56 59   1  7  0 -9 
57 53  -1  4  0 -9 
57 54   1  5  0 -9 
57 55   1  3  0 -9 
57 56  -1  4  0 -9 
57 58  -1  5  0 -9 
57 60   1  6  0 -9 
58 58  -1  6  0 -9 
58 60   1  7  0 -9 
59 59   1  8  0 -9 
60 60   1  8  0 -9 
61 51  -1  5  0 -9 
61 52   1  6  0 -9 
61 56  -1  4  0 -9 
61 59   1  5  0 -9 
61 62   1  3  0 -9 
61 63  -1  4  0 -9 
62 51  -1  4  0 -9 
62 54   1  6  0 -9 
62 56  -1  5  0 -9 
62 59   1  6  0 -9 
62 61   1  3  0 -9 
62 63  -1  5  0 -9 
62 64   1  6  0 -9 
63 59   1  7  0 -9 
63 63  -1  6  0 -9 
63 64   1  7  0 -9 
64 64   1  8  0 -9 
65 65   1  8  0 -9 
66 65   1  7  0 -9 
66 66  -1  6  0 -9 
66 67   1  7  0 -9 
67 67   1  8  0 -9 
68  2   1  7  0 -9 
68 65   1  7  0 -9 
68 68  -1  6  0 -9 
68 69   1  7  0 -9 
69 69   1  8  0 -9 
70  2   1  6  0 -9 
70 65   1  6  0 -9 
70 66  -1  5  0 -9 
70 67   1  6  0 -9 
70 68  -1  5  0 -9 
70 69   1  6  0 -9 
70 71  -1  5  0 -9 
70 72   1  3  0 -9 
70 73  -1  4  0 -9 
70 74   1  6  0 -9 
71 69   1  7  0 -9 
71 71  -1  6  0 -9 
71 74   1  7  0 -9 
72 65   1  5  0 -9 
72 66  -1  4  0 -9 
72 68  -1  4  0 -9 
72 69   1  5  0 -9 
72 70   1  3  0 -9 
72 71  -1  4  0 -9 
72 73  -1  5  0 -9 
72 75   1  6  0 -9 
73 73  -1  6  0 -9 
73 75   1  7  0 -9 
74 74   1  8  0 -9 
75 75   1  8  0 -9 
76  3  -1  5  0 -9 
76  4   1  6  0 -9 
76 71  -1  4  0 -9 
76 74   1  5  0 -9 
76 77   1  3  0 -9 
76 78  -1  4  0 -9 
77  3  -1  4  0 -9 
77 69   1  6  0 -9 
77 71  -1  5  0 -9 
77 74   1  6  0 -9 
77 76   1  3  0 -9 
77 78  -1  5  0 -9 
77 79   1  6  0 -9 
78 74   1  7  0 -9 
78 78  -1  6  0 -9 
78 79   1  7  0 -9 
79 79   1  8  0 -9 
80 17   1  6  0 -9 
80 20  -1  5  0 -9 
80 21   1  6  0 -9 
80 66  -1  4  0 -9 
80 67   1  5  0 -9 
80 81  -1  5  0 -9 
80 82   1  3  0 -9 
80 83  -1  4  0 -9 
80 84   1  6  0 -9 
81 21   1  7  0 -9 
81 81  -1  6  0 -9 
81 84   1  7  0 -9 
82 20  -1  4  0 -9 
82 21   1  5  0 -9 
82 65   1  6  0 -9 
82 66  -1  5  0 -9 
82 67   1  6  0 -9 
82 80   1  3  0 -9 
82 81  -1  4  0 -9 
82 83  -1  5  0 -9 
82 85   1  6  0 -9 
83 67   1  7  0 -9 
83 83  -1  6  0 -9 
83 85   1  7  0 -9 
84 84   1  8  0 -9 
85 85   1  8  0 -9 
86 20  -1  3  0 -9 
86 32  -1  1  0 -9 
86 33  -1  4  0 -9 
86 34   1  2  0 -9 
86 35  -1  3  0 -9 
86 36   1  5  0 -9 
86 38  -1  1  0 -9 
86 39   1  2  0 -9 
86 40  -1  4  0 -9 
86 65   1  5  0 -9 
86 66  -1  4  0 -9 
86 67   1  5  0 -9 
86 80   1  2  0 -9 
86 82  -1  1  0 -9 
86 83  -1  4  1  2  0 -9 
86 84  -1  4  0 -9 
86 85   1  5  0 -9 
86 86   1  0  0 -9 
86 87  -1  1  0 -9 
86 88   1  3  0 -9 
86 89  -1  4  0 -9 
86 90   1  2  0 -9 
86 91   1  5  0 -9 
87 67   1  6  0 -9 
87 83  -1  5  0 -9 
87 85   1  6  0 -9 
87 89  -1  5  0 -9 
87 90   1  3  0 -9 
87 91   1  6  0 -9 
88 40   1  7  0 -9 
88 84   1  7  0 -9 
88 88  -1  6  0 -9 
89 85   1  7  0 -9 
89 89  -1  6  0 -9 
89 91   1  7  0 -9 
90 83  -1  4  0 -9 
90 85   1  5  0 -9 
90 87   1  3  0 -9 
90 89  -1  4  0 -9 
91 91   1  8  0 -9 
92 21  -1  3  0 -9 
92 24  -1  0  0 -9 
92 25   1  1  0 -9 
92 28  -1  0  0 -9 
92 29   1  1  0 -9 
92 30  -1  2  0 -9 
92 32  -1  0  0 -9 
92 33  -1  3  0 -9 
92 34   1  1  0 -9 
92 35  -1  2  0 -9 
92 36   1  4  0 -9 
92 38  -1  0  0 -9 
92 39   1  1  0 -9 
92 40  -1  3  0 -9 
92 42   1 -1  0 -9 
92 43  -1  0  0 -9 
92 44  -1  0  0 -9 
92 45   1  1  0 -9 
92 65   1  4  0 -9 
92 66  -1  3  0 -9 
92 68  -1  3  0 -9 
92 69   1  4  0 -9 
92 70   1  2  0 -9 
92 71  -1  3  0 -9 
92 72   1 -1  0 -9 
92 73  -1  4 -1  0  0 -9 
92 75   1  5  0 -9 
92 77  -1  0  0 -9 
92 78   1  1  0 -9 
92 81   1  2  0 -9 
92 82  -1  0  0 -9 
92 83   1  1  0 -9 
92 84  -1  3  0 -9 
92 86   1 -1  0 -9 
92 87  -1  0  0 -9 
92 88   1  2  0 -9 
92 89  -1  3  0 -9 
92 91   1  4  0 -9 
92 92  -1 -2  0 -9 
92 93   1 -1  0 -9 
92 94   1 -1  0 -9 
92 95  -1  0  0 -9 
92 96  -1  3  0 -9 
92 98   1  2  0 -9 
92 99  -1  3  0 -9 
92 100   1  4  0 -9 
93 73  -1  5  0 -9 
93 75   1  6  0 -9 
93 89  -1  4  0 -9 
93 91   1  5  0 -9 
93 96  -1  4  0 -9 
93 98   1  3  0 -9 
93 99  -1  4  0 -9 
93 100   1  5  0 -9 
94  3  -1  3  0 -9 
94 21  -1  4  0 -9 
94 28  -1  1  0 -9 
94 29   1  2  0 -9 
94 30  -1  3  0 -9 
94 33  -1  4  0 -9 
94 36   1  5  0 -9 
94 44  -1  1  0 -9 
94 45   1  2  0 -9 
94 47  -1  3  0 -9 
94 69   1  5  0 -9 
94 71  -1  4  0 -9 
94 74   1  5  0 -9 
94 76   1  2  0 -9 
94 77  -1  1  0 -9 
94 78  -1  4  1  2  0 -9 
94 79   1  5  0 -9 
94 81   1  3  0 -9 
94 84  -1  4  0 -9 
94 94   1  0  0 -9 
94 95  -1  1  0 -9 
94 96  -1  4  0 -9 
94 97   1  2  0 -9 
94 100   1  5  0 -9 
95 40   1  5  0 -9 
95 47  -1  4  0 -9 
95 74   1  6  0 -9 
95 78  -1  5  0 -9 
95 79   1  6  0 -9 
95 88  -1  4  0 -9 
95 96  -1  5  0 -9 
95 97   1  3  0 -9 
95 100   1  6  0 -9 
96 79   1  7  0 -9 
96 96  -1  6  0 -9 
96 100   1  7  0 -9 
97 40   1  6  0 -9 
97 47  -1  5  0 -9 
97 49   1  6  0 -9 
97 78  -1  4  0 -9 
97 79   1  5  0 -9 
97 84   1  6  0 -9 
97 88  -1  5  0 -9 
97 95   1  3  0 -9 
97 96  -1  4  0 -9 
98 73  -1  4  0 -9 
98 79   1  6  0 -9 
98 85   1  6  0 -9 
98 89  -1  5  0 -9 
98 91   1  6  0 -9 
98 93   1  3  0 -9 
98 96  -1  5  0 -9 
98 99  -1  5  0 -9 
98 100   1  6  0 -9 
99 91   1  7  0 -9 
99 99  -1  6  0 -9 
99 100   1  7  0 -9 
100 100   1  8  0 -9 
101 101  -1  6  0 -9 
101 102   1  7  0 -9 
102 102   1  8  0 -9 
103 50   1  7  0 -9 
103 101  -1  5  0 -9 
103 102   1  6  0 -9 
103 104  -1  5  0 -9 
103 105   1  3  0 -9 
103 106  -1  4  0 -9 
103 107   1  6  0 -9 
104 102   1  7  0 -9 
104 104  -1  6  0 -9 
104 107   1  7  0 -9 
105 50  -1  4  0 -9 
105 101  -1  4  0 -9 
105 102   1  5  0 -9 
105 103   1  3  0 -9 
105 104  -1  4  0 -9 
105 106  -1  5  0 -9 
105 108   1  6  0 -9 
106 106  -1  6  0 -9 
106 108   1  7  0 -9 
107 107   1  8  0 -9 
108 108   1  8  0 -9 
109 21  -1  4  0 -9 
109 33  -1  4  0 -9 
109 36   1  5  0 -9 
109 101  -1  4  0 -9 
109 102   1  5  0 -9 
109 104  -1  4  0 -9 
109 107   1  5  0 -9 
109 110   1  3  0 -9 
109 111  -1  4  0 -9 
110 21   1  7  0 -9 
110 33  -1  5  0 -9 
110 36   1  6  0 -9 
110 101  -1  5  0 -9 
110 102   1  6  0 -9 
110 104  -1  5  0 -9 
110 107   1  6  0 -9 
110 109   1  3  0 -9 
110 111  -1  5  0 -9 
110 112   1  6  0 -9 
111 36   1  7  0 -9 
111 107   1  7  0 -9 
111 111  -1  6  0 -9 
111 112   1  7  0 -9 
112 112   1  8  0 -9 
113 21  -1  3  0 -9 
113 33  -1  3  0 -9 
113 36   1  4  0 -9 
113 40  -1  3  0 -9 
113 50  -1  3  0 -9 
113 101  -1  3  0 -9 
113 102   1  4  0 -9 
113 103   1  2  0 -9 
113 104  -1  3  0 -9 
113 105  -1  1  0 -9 
113 106  -1  4  1  2  0 -9 
113 108   1  5  0 -9 
113 109  -1  1  0 -9 
113 110   1  2  0 -9 
113 111  -1  3  0 -9 
113 113   1  0  0 -9 
113 114  -1  1  0 -9 
113 115  -1  1  0 -9 
113 116   1  2  0 -9 
113 117  -1  3  0 -9 
113 118  -1  3  0 -9 
113 119   1  2  0 -9 
113 120   1  4  0 -9 
114 106  -1  5  0 -9 
114 108   1  6  0 -9 
114 117  -1  4  0 -9 
114 118  -1  4  0 -9 
114 119   1  3  0 -9 
114 120   1  5  0 -9 
115 33  -1  4  0 -9 
115 36   1  5  0 -9 
115 40  -1  4  0 -9 
115 111  -1  4  0 -9 
115 112   1  5  0 -9 
115 116   1  3  0 -9 
115 117  -1  4  0 -9 
115 118  -1  4  0 -9 
115 120   1  5  0 -9 
116 33  -1  5  0 -9 
116 36   1  6  0 -9 
116 40   1  7  0 -9 
116 107   1  6  0 -9 
116 111  -1  5  0 -9 
116 112   1  6  0 -9 
116 115   1  3  0 -9 
116 117  -1  5  0 -9 
116 118  -1  5  0 -9 
116 120   1  6  0 -9 
117 112   1  7  0 -9 
117 117  -1  6  0 -9 
117 120   1  7  0 -9 
118 118  -1  6  0 -9 
118 120   1  7  0 -9 
119 106  -1  4  0 -9 
119 112   1  6  0 -9 
119 114   1  3  0 -9 
119 117  -1  5  0 -9 
119 118  -1  5  0 -9 
119 120   1  6  0 -9 
120 120   1  8  0 -9 
121 121  -1  6  0 -9 
121 122   1  7  0 -9 
122 122   1  8  0 -9 
123 121  -1  5  0 -9 
123 122   1  6  0 -9 
123 124  -1  5  0 -9 
123 125   1  3  0 -9 
123 126  -1  4  0 -9 
123 127   1  6  0 -9 
124 122   1  7  0 -9 
124 124  -1  6  0 -9 
124 127   1  7  0 -9 
125 121  -1  4  0 -9 
125 122   1  5  0 -9 
125 123   1  3  0 -9 
125 124  -1  4  0 -9 
125 126  -1  5  0 -9 
125 128   1  6  0 -9 
126 126  -1  6  0 -9 
126 128   1  7  0 -9 
127 127   1  8  0 -9 
128 128   1  8  0 -9 
129 56  -1  4  0 -9 
129 59   1  5  0 -9 
129 81  -1  4  0 -9 
129 84   1  5  0 -9 
129 101  -1  5  0 -9 
129 102   1  6  0 -9 
129 124  -1  4  0 -9 
129 127   1  5  0 -9 
129 130   1  3  0 -9 
129 131  -1  4  0 -9 
130 21   1  6  0 -9 
130 54   1  6  0 -9 
130 56  -1  5  0 -9 
130 59   1  6  0 -9 
130 81  -1  5  0 -9 
130 84   1  6  0 -9 
130 101  -1  4  0 -9 
130 122   1  6  0 -9 
130 124  -1  5  0 -9 
130 127   1  6  0 -9 
130 129   1  3  0 -9 
130 131  -1  5  0 -9 
130 132   1  6  0 -9 
131 59   1  7  0 -9 
131 84   1  7  0 -9 
131 127   1  7  0 -9 
131 131  -1  6  0 -9 
131 132   1  7  0 -9 
132 132   1  8  0 -9 
133 21  -1  2  0 -9 
133 33  -1  2 -1  0  0 -9 
133 36   1  3  0 -9 
133 40  -1  2  0 -9 
133 53  -1  3  0 -9 
133 54   1  4  0 -9 
133 55   1  2  0 -9 
133 56  -1  3  0 -9 
133 57   1 -1  0 -9 
133 58  -1  4 -1  0  0 -9 
133 60   1  5  0 -9 
133 81   1  1  0 -9 
133 84  -1  2  0 -9 
133 88   1  1  0 -9 
133 105  -1  0  0 -9 
133 106   1  1  0 -9 
133 109  -1  0  0 -9 
133 110   1  1  0 -9 
133 111  -1  2  0 -9 
133 113   1 -1  0 -9 
133 114  -1  0  0 -9 
133 115  -1  0  0 -9 
133 116   1  1  0 -9 
133 121  -1  3  0 -9 
133 122   1  4  0 -9 
133 123   1  2  0 -9 
133 124  -1  3  0 -9 
133 125   1 -1  0 -9 
133 126  -1  4 -1  0  0 -9 
133 128   1  5  0 -9 
133 130  -1  0  0 -9 
133 131   1  1  0 -9 
133 133  -1 -2  0 -9 
133 134   1 -1  0 -9 
133 135   1 -1  0 -9 
133 136  -1  0  0 -9 
133 137  -1  3  0 -9 
133 139   1  2  0 -9 
133 140  -1  3  0 -9 
133 141   1  4  0 -9 
134 58  -1  5  0 -9 
134 60   1  6  0 -9 
134 126  -1  5  0 -9 
134 128   1  6  0 -9 
134 137  -1  4  0 -9 
134 139   1  3  0 -9 
134 140  -1  4  0 -9 
134 141   1  5  0 -9 
135 21  -1  3  0 -9 
135 33  -1  5 -1  3 -1  1  0 -9 
135 36   1  6  1  4  0 -9 
135 40  -1  3  0 -9 
135 54   1  5  0 -9 
135 56  -1  4  0 -9 
135 59   1  5  0 -9 
135 81   1  2  0 -9 
135 84  -1  3  0 -9 
135 88   1  2  0 -9 
135 101  -1  3  0 -9 
135 109  -1  1  0 -9 
135 110   1  2  0 -9 
135 111  -1  3  0 -9 
135 115  -1  1  0 -9 
135 116   1  2  0 -9 
135 118  -1  3  0 -9 
135 122   1  5  0 -9 
135 124  -1  4  0 -9 
135 127   1  5  0 -9 
135 129   1  2  0 -9 
135 130  -1  1  0 -9 
135 131  -1  4  1  2  0 -9 
135 132   1  5  0 -9 
135 135   1  0  0 -9 
135 136  -1  1  0 -9 
135 137  -1  4  0 -9 
135 138   1  2  0 -9 
135 141   1  5  0 -9 
136 40   1  6  0 -9 
136 59   1  6  0 -9 
136 84   1  6  0 -9 
136 88  -1  5  0 -9 
136 118  -1  4  0 -9 
136 127   1  6  0 -9 
136 131  -1  5  0 -9 
136 132   1  6  0 -9 
136 137  -1  5  0 -9 
136 138   1  3  0 -9 
136 141   1  6  0 -9 
137 132   1  7  0 -9 
137 137  -1  6  0 -9 
137 141   1  7  0 -9 
138 84   1  5  0 -9 
138 88  -1  4  0 -9 
138 118  -1  5  0 -9 
138 120   1  6  0 -9 
138 131  -1  4  0 -9 
138 132   1  5  0 -9 
138 136   1  3  0 -9 
138 137  -1  4  0 -9 
139 58  -1  4  0 -9 
139 126  -1  4  0 -9 
139 132   1  6  0 -9 
139 134   1  3  0 -9 
139 137  -1  5  0 -9 
139 140  -1  5  0 -9 
139 141   1  6  0 -9 
140 140  -1  6  0 -9 
140 141   1  7  0 -9 
141 141   1  8  0 -9 
142 65   1  7  0 -9 
142 142  -1  6  0 -9 
142 143   1  7  0 -9 
143 143   1  8  0 -9 
144 65   1  5  0 -9 
144 66  -1  4  0 -9 
144 67   1  5  0 -9 
144 142  -1  4  0 -9 
144 145  -1  5  0 -9 
144 146   1  3  0 -9 
144 147  -1  4  0 -9 
144 148   1  6  0 -9 
145 145  -1  6  0 -9 
145 148   1  7  0 -9 
146 65   1  6  0 -9 
146 66  -1  5  0 -9 
146 67   1  6  0 -9 
146 142  -1  5  0 -9 
146 143   1  6  0 -9 
146 144   1  3  0 -9 
146 145  -1  4  0 -9 
146 147  -1  5  0 -9 
146 149   1  6  0 -9 
147 67   1  7  0 -9 
147 147  -1  6  0 -9 
147 149   1  7  0 -9 
148 148   1  8  0 -9 
149 149   1  8  0 -9 
150 147  -1  4  0 -9 
150 149   1  5  0 -9 
150 151   1  3  0 -9 
150 153  -1  4  0 -9 
151 67   1  6  0 -9 
151 147  -1  5  0 -9 
151 149   1  6  0 -9 
151 150   1  3  0 -9 
151 152   1  6  0 -9 
151 153  -1  5  0 -9 
152 152   1  8  0 -9 
153 149   1  7  0 -9 
153 152   1  7  0 -9 
153 153  -1  6  0 -9 
154 121  -1  4  0 -9 
154 122   1  5  0 -9 
154 124  -1  4  0 -9 
154 127   1  5  0 -9 
154 143  -1  4  0 -9 
154 145  -1  4  0 -9 
154 148   1  5  0 -9 
154 155   1  3  0 -9 
154 156  -1  4  0 -9 
155 121  -1  5  0 -9 
155 122   1  6  0 -9 
155 124  -1  5  0 -9 
155 127   1  6  0 -9 
155 143   1  7  0 -9 
155 145  -1  5  0 -9 
155 148   1  6  0 -9 
155 154   1  3  0 -9 
155 156  -1  5  0 -9 
155 157   1  6  0 -9 
156 127   1  7  0 -9 
156 148   1  7  0 -9 
156 156  -1  6  0 -9 
156 157   1  7  0 -9 
157 157   1  8  0 -9 
158 121  -1  3  0 -9 
158 122   1  4  0 -9 
158 123   1  2  0 -9 
158 124  -1  3  0 -9 
158 125  -1  1  0 -9 
158 126  -1  4  1  2  0 -9 
158 128   1  5  0 -9 
158 143  -1  3  0 -9 
158 145  -1  3  0 -9 
158 148   1  4  0 -9 
158 152  -1  3  0 -9 
158 154  -1  1  0 -9 
158 155   1  2  0 -9 
158 156  -1  3  0 -9 
158 158   1  0  0 -9 
158 159  -1  1  0 -9 
158 160  -1  1  0 -9 
158 161   1  2  0 -9 
158 162  -1  3  0 -9 
158 163  -1  3  0 -9 
158 164   1  2  0 -9 
158 165   1  4  0 -9 
159 126  -1  5  0 -9 
159 128   1  6  0 -9 
159 162  -1  4  0 -9 
159 163  -1  4  0 -9 
159 164   1  3  0 -9 
159 165   1  5  0 -9 
160 145  -1  4  0 -9 
160 148   1  5  0 -9 
160 152  -1  4  0 -9 
160 156  -1  4  0 -9 
160 157   1  5  0 -9 
160 161   1  3  0 -9 
160 162  -1  4  0 -9 
160 163  -1  4  0 -9 
160 165   1  5  0 -9 
161 127   1  6  0 -9 
161 145  -1  5  0 -9 
161 148   1  6  0 -9 
161 152   1  7  0 -9 
161 156  -1  5  0 -9 
161 157   1  6  0 -9 
161 160   1  3  0 -9 
161 162  -1  5  0 -9 
161 163  -1  5  0 -9 
161 165   1  6  0 -9 
162 157   1  7  0 -9 
162 162  -1  6  0 -9 
162 165   1  7  0 -9 
163 163  -1  6  0 -9 
163 165   1  7  0 -9 
164 126  -1  4  0 -9 
164 157   1  6  0 -9 
164 159   1  3  0 -9 
164 162  -1  5  0 -9 
164 163  -1  5  0 -9 
164 165   1  6  0 -9 
165 165   1  8  0 -9 
166 65   1  6  0 -9 
166 66  -1  5  0 -9 
166 67   1  6  0 -9 
166 142  -1  5  0 -9 
166 143   1  6  0 -9 
166 167  -1  5  0 -9 
166 168   1  3  0 -9 
166 169  -1  4  0 -9 
166 170   1  6  0 -9 
167 143   1  7  0 -9 
167 167  -1  6  0 -9 
167 170   1  7  0 -9 
168 65   1  5  0 -9 
168 66  -1  4  0 -9 
168 142  -1  4  0 -9 
168 143   1  5  0 -9 
168 166   1  3  0 -9 
168 167  -1  4  0 -9 
168 169  -1  5  0 -9 
168 171   1  6  0 -9 
169 169  -1  6  0 -9 
169 171   1  7  0 -9 
170 170   1  8  0 -9 
171 171   1  8  0 -9 
172 65   1  6  1  4  0 -9 
172 66  -1  5 -1  3 -1  1  0 -9 
172 67   1  6  1  2  0 -9 
172 142  -1  3  0 -9 
172 144  -1  1  0 -9 
172 145  -1  4  0 -9 
172 146   1  2  0 -9 
172 147  -1  3  0 -9 
172 148   1  5  0 -9 
172 150  -1  1  0 -9 
172 151   1  2  0 -9 
172 152  -1  4  0 -9 
172 166   1  2  0 -9 
172 168  -1  1  0 -9 
172 169  -1  4  1  2  0 -9 
172 170  -1  4  0 -9 
172 171   1  5  0 -9 
172 172   1  0  0 -9 
172 173  -1  1  0 -9 
172 174   1  3  0 -9 
172 175  -1  4  0 -9 
172 176   1  2  0 -9 
172 177   1  5  0 -9 
173 67   1  7  0 -9 
173 169  -1  5  0 -9 
173 171   1  6  0 -9 
173 175  -1  5  0 -9 
173 176   1  3  0 -9 
173 177   1  6  0 -9 
174 152   1  7  0 -9 
174 170   1  7  0 -9 
174 174  -1  6  0 -9 
175 171   1  7  0 -9 
175 175  -1  6  0 -9 
175 177   1  7  0 -9 
176 67  -1  4  0 -9 
176 169  -1  4  0 -9 
176 171   1  5  0 -9 
176 173   1  3  0 -9 
176 175  -1  4  0 -9 
177 177   1  8  0 -9 
178 167  -1  4  0 -9 
178 170   1  5  0 -9 
178 179   1  3  0 -9 
178 180  -1  4  0 -9 
179 143   1  6  0 -9 
179 167  -1  5  0 -9 
179 170   1  6  0 -9 
179 178   1  3  0 -9 
179 180  -1  5  0 -9 
179 181   1  6  0 -9 
180 170   1  7  0 -9 
180 180  -1  6  0 -9 
180 181   1  7  0 -9 
181 181   1  8  0 -9 
182 121  -1  2  0 -9 
182 122   1  3  0 -9 
182 123   1  1  0 -9 
182 124  -1  2 -1  0  0 -9 
182 125  -1  0  0 -9 
182 126  -1  3  1  1  0 -9 
182 127   1  1  0 -9 
182 128   1  4  0 -9 
182 143  -1  2  0 -9 
182 145  -1  2 -1  0  0 -9 
182 148   1  3  0 -9 
182 152  -1  2  0 -9 
182 154  -1  0  0 -9 
182 155   1  1  0 -9 
182 156  -1  2  0 -9 
182 158   1 -1  0 -9 
182 159  -1  0  0 -9 
182 160  -1  0  0 -9 
182 161   1  1  0 -9 
182 167   1  1  0 -9 
182 170  -1  2  0 -9 
182 174   1  1  0 -9 
182 179  -1  0  0 -9 
182 180   1  1  0 -9 
182 182  -1 -2  0 -9 
182 183   1 -1  0 -9 
182 184   1 -1  0 -9 
182 185  -1  0  0 -9 
182 186  -1  3  0 -9 
182 188   1  2  0 -9 
182 189  -1  3  0 -9 
182 190   1  4  0 -9 
183 126  -1  4  0 -9 
183 128   1  5  0 -9 
183 186  -1  4  0 -9 
183 188   1  3  0 -9 
183 189  -1  4  0 -9 
183 190   1  5  0 -9 
184 121  -1  3  0 -9 
184 122   1  6  1  4  0 -9 
184 123   1  2  0 -9 
184 124  -1  5 -1  3 -1  1  0 -9 
184 125  -1  1  0 -9 
184 126  -1  4  1  2  0 -9 
184 127   1  6  1  2  0 -9 
184 128   1  5  0 -9 
184 143  -1  3  0 -9 
184 145  -1  5 -1  3 -1  1  0 -9 
184 148   1  6  1  4  0 -9 
184 152  -1  3  0 -9 
184 154  -1  1  0 -9 
184 155   1  2  0 -9 
184 156  -1  3  0 -9 
184 160  -1  1  0 -9 
184 161   1  2  0 -9 
184 163  -1  3  0 -9 
184 167   1  2  0 -9 
184 170  -1  3  0 -9 
184 174   1  2  0 -9 
184 178   1  2  0 -9 
184 179  -1  1  0 -9 
184 180  -1  4  1  2  0 -9 
184 181   1  5  0 -9 
184 184   1  0  0 -9 
184 185  -1  1  0 -9 
184 186  -1  4  0 -9 
184 187   1  2  0 -9 
184 190   1  5  0 -9 
185 126  -1  5  0 -9 
185 127   1  7  0 -9 
185 128   1  6  0 -9 
185 152   1  6  0 -9 
185 163  -1  4  0 -9 
185 170   1  6  0 -9 
185 174  -1  5  0 -9 
185 180  -1  5  0 -9 
185 181   1  6  0 -9 
185 186  -1  5  0 -9 
185 187   1  3  0 -9 
185 190   1  6  0 -9 
186 128   1  7  0 -9 
186 181   1  7  0 -9 
186 186  -1  6  0 -9 
186 190   1  7  0 -9 
187 126  -1  4  0 -9 
187 127  -1  4  0 -9 
187 128   1  5  0 -9 
187 163  -1  5  0 -9 
187 165   1  6  0 -9 
187 170   1  5  0 -9 
187 174  -1  4  0 -9 
187 180  -1  4  0 -9 
187 181   1  5  0 -9 
187 185   1  3  0 -9 
187 186  -1  4  0 -9 
188 126  -1  5  0 -9 
188 128   1  6  0 -9 
188 181   1  6  0 -9 
188 183   1  3  0 -9 
188 186  -1  5  0 -9 
188 189  -1  5  0 -9 
188 190   1  6  0 -9 
189 189  -1  6  0 -9 
189 190   1  7  0 -9 
190 190   1  8  0 -9 
191 65   1  4  0 -9 
191 66  -1  3  0 -9 
191 142  -1  3  0 -9 
191 144  -1  1  0 -9 
191 145  -1  4  1  2  0 -9 
191 146   1  2  0 -9 
191 147  -1  3  0 -9 
191 148   1  5  0 -9 
191 150  -1  1  0 -9 
191 151   1  2  0 -9 
191 153  -1  3  0 -9 
191 166   1  2  0 -9 
191 167  -1  3  0 -9 
191 168  -1  1  0 -9 
191 169  -1  4  1  2  0 -9 
191 171   1  5  0 -9 
191 178  -1  1  0 -9 
191 179   1  2  0 -9 
191 180  -1  3  0 -9 
191 191   1  0  0 -9 
191 192  -1  1  0 -9 
191 193  -1  1  0 -9 
191 194   1  2  0 -9 
191 195  -1  3  0 -9 
191 196  -1  3  0 -9 
191 197   1  2  0 -9 
191 198   1  4  0 -9 
192 152   1  5  0 -9 
192 153  -1  4  0 -9 
192 169  -1  5  0 -9 
192 171   1  6  0 -9 
192 195  -1  4  0 -9 
192 196  -1  4  0 -9 
192 197   1  3  0 -9 
192 198   1  5  0 -9 
193 145  -1  5  0 -9 
193 148   1  6  0 -9 
193 180  -1  4  0 -9 
193 181   1  5  0 -9 
193 194   1  3  0 -9 
193 195  -1  4  0 -9 
193 196  -1  4  0 -9 
193 198   1  5  0 -9 
194 145  -1  4  0 -9 
194 152   1  6  0 -9 
194 170   1  6  0 -9 
194 180  -1  5  0 -9 
194 181   1  6  0 -9 
194 193   1  3  0 -9 
194 195  -1  5  0 -9 
194 196  -1  5  0 -9 
194 198   1  6  0 -9 
195 181   1  7  0 -9 
195 195  -1  6  0 -9 
195 198   1  7  0 -9 
196 152   1  7  0 -9 
196 196  -1  6  0 -9 
196 198   1  7  0 -9 
197 149   1  6  0 -9 
197 152   1  6  0 -9 
197 153  -1  5  0 -9 
197 169  -1  4  0 -9 
197 181   1  6  0 -9 
197 192   1  3  0 -9 
197 195  -1  5  0 -9 
197 196  -1  5  0 -9 
197 198   1  6  0 -9 
198 198   1  8  0 -9 
199 65   1  3  0 -9 
199 66  -1  2 -1  0  0 -9 
199 67   1  1  0 -9 
199 142  -1  2  0 -9 
199 144  -1  0  0 -9 
199 145  -1  3  0 -9 
199 146   1  1  0 -9 
199 147  -1  2  0 -9 
199 148   1  4  0 -9 
199 150  -1  0  0 -9 
199 151   1  1  0 -9 
199 152  -1  3  0 -9 
199 166   1  1  0 -9 
199 168  -1  0  0 -9 
199 169  -1  3  1  1  0 -9 
199 170  -1  3  0 -9 
199 171   1  4  0 -9 
199 172   1 -1  0 -9 
199 173  -1  0  0 -9 
199 174   1  2  0 -9 
199 175  -1  3  0 -9 
199 177   1  4  0 -9 
199 178  -1  0  0 -9 
199 181  -1  3  0 -9 
199 191   1 -1  0 -9 
199 192  -1  0  0 -9 
199 193  -1  0  0 -9 
199 194   1  1  0 -9 
199 199  -1 -2  0 -9 
199 200   1 -1  0 -9 
199 201   1 -1  0 -9 
199 202  -1  0  0 -9 
199 203  -1  3  0 -9 
199 205   1  2  0 -9 
199 206  -1  3  0 -9 
199 207   1  4  0 -9 
200 169  -1  4  0 -9 
200 171   1  5  0 -9 
200 175  -1  4  0 -9 
200 177   1  5  0 -9 
200 181  -1  4  0 -9 
200 203  -1  4  0 -9 
200 205   1  3  0 -9 
200 206  -1  4  0 -9 
200 207   1  5  0 -9 
201 145  -1  4  0 -9 
201 148   1  5  0 -9 
201 180  -1  3  0 -9 
201 193  -1  1  0 -9 
201 194   1  2  0 -9 
201 196  -1  3  0 -9 
201 201   1  0  0 -9 
201 202  -1  1  0 -9 
201 203  -1  4  0 -9 
201 204   1  2  0 -9 
201 207   1  5  0 -9 
202 152   1  5  0 -9 
202 170   1  5  0 -9 
202 174  -1  4  0 -9 
202 180  -1  4  0 -9 
202 196  -1  4  0 -9 
202 203  -1  5  0 -9 
202 204   1  3  0 -9 
202 207   1  6  0 -9 
203 203  -1  6  0 -9 
203 207   1  7  0 -9 
204 152   1  6  0 -9 
204 170   1  6  0 -9 
204 174  -1  5  0 -9 
204 180  -1  5  0 -9 
204 181   1  6  0 -9 
204 196  -1  5  0 -9 
204 198   1  6  0 -9 
204 202   1  3  0 -9 
204 203  -1  4  0 -9 
205 169  -1  5  0 -9 
205 171   1  6  0 -9 
205 175  -1  5  0 -9 
205 177   1  6  0 -9 
205 181   1  7  0 -9 
205 200   1  3  0 -9 
205 203  -1  5  0 -9 
205 206  -1  5  0 -9 
205 207   1  6  0 -9 
206 177   1  7  0 -9 
206 206  -1  6  0 -9 
206 207   1  7  0 -9 
207 207   1  8  0 -9 
208 147  -1  3  0 -9 
208 149   1  4  0 -9 
208 150   1 -1  0 -9 
208 151   1  2  0 -9 
208 153  -1  3  0 -9 
208 176  -1  0  0 -9 
208 181  -1  2  0 -9 
208 195   1  1  0 -9 
208 196   1  1  0 -9 
208 197  -1  0  0 -9 
208 198  -1  2  0 -9 
208 200  -1  0  0 -9 
208 203  -1  2 -1  0  0 -9 
208 205   1  1  0 -9 
208 206  -1  2  0 -9 
208 207   1  3  0 -9 
208 208  -1 -2  0 -9 
208 209  -1  0  0 -9 
208 210   1 -1  0 -9 
208 211   1  1  0 -9 
208 212   1 -1  0 -9 
208 214  -1  0  0 -9 
208 215   1  1  0 -9 
208 216  -1  2  0 -9 
209 152   1  6  0 -9 
209 196  -1  5  0 -9 
209 198   1  6  0 -9 
209 211  -1  5  0 -9 
209 213   1  3  0 -9 
209 216   1  6  0 -9 
210 149   1  5  0 -9 
210 152   1  5  0 -9 
210 153  -1  4  0 -9 
210 169  -1  3  0 -9 
210 181  -1  3  0 -9 
210 192   1  2  0 -9 
210 195   1  2  0 -9 
210 196  -1  4  1  2  0 -9 
210 197  -1  1  0 -9 
210 198  -1  3  0 -9 
210 200  -1  1  0 -9 
210 203  -1  5 -1  3 -1  1  0 -9 
210 205   1  2  0 -9 
210 206  -1  3  0 -9 
210 207   1  6  1  4  0 -9 
210 209  -1  1  0 -9 
210 210   1  0  0 -9 
210 211   1  2  0 -9 
210 213   1  2  0 -9 
210 214  -1  1  0 -9 
210 215   1  2  0 -9 
210 216  -1  3  0 -9 
211 198   1  7  0 -9 
211 211  -1  6  0 -9 
211 216   1  7  0 -9 
212 67  -1  3  0 -9 
212 169  -1  3  0 -9 
212 171   1  4  0 -9 
212 173   1  2  0 -9 
212 175  -1  3  0 -9 
212 176  -1  1  0 -9 
212 181  -1  3  0 -9 
212 200  -1  1  0 -9 
212 203  -1  3  0 -9 
212 205   1  2  0 -9 
212 206  -1  3  0 -9 
212 207   1  4  0 -9 
212 212   1  0  0 -9 
212 214  -1  1  0 -9 
212 215   1  2  0 -9 
212 216  -1  3  0 -9 
213 196  -1  4  0 -9 
213 198   1  5  0 -9 
213 209   1  3  0 -9 
213 211  -1  4  0 -9 
214 203  -1  4  0 -9 
214 206  -1  4  0 -9 
214 207   1  5  0 -9 
214 215   1  3  0 -9 
214 216  -1  4  0 -9 
215 177   1  6  0 -9 
215 203  -1  5  0 -9 
215 206  -1  5  0 -9 
215 207   1  6  0 -9 
215 214   1  3  0 -9 
215 216   1  7  0 -9 
216 216   1  8  0 -9 
217 145  -1  3  0 -9 
217 148   1  4  0 -9 
217 152  -1  3  0 -9 
217 156  -1  3  0 -9 
217 157   1  4  0 -9 
217 160   1 -1  0 -9 
217 161   1  2  0 -9 
217 162  -1  3  0 -9 
217 163  -1  3  1  1  0 -9 
217 164  -1  0  0 -9 
217 165   1  4  0 -9 
217 181  -1  3  0 -9 
217 183  -1  0  0 -9 
217 187  -1  0  0 -9 
217 188   1  1  0 -9 
217 189  -1  2  0 -9 
217 193  -1  0  0 -9 
217 195   1  2  0 -9 
217 198  -1  3  0 -9 
217 201   1 -1  0 -9 
217 202  -1  0  0 -9 
217 203  -1  3  0 -9 
217 204   1  1  0 -9 
217 207   1  4  0 -9 
217 213  -1  0  0 -9 
217 217  -1 -2  0 -9 
217 218  -1  0  0 -9 
217 219   1 -1  0 -9 
217 220   1 -1  0 -9 
217 221  -1  0  0 -9 
217 222   1  1  0 -9 
217 223   1  1  0 -9 
217 224  -1  2  0 -9 
218 163  -1  5  0 -9 
218 165   1  6  0 -9 
218 211  -1  4  0 -9 
218 216   1  5  0 -9 
218 223   1  3  0 -9 
218 224  -1  4  0 -9 
219 126  -1  3  0 -9 
219 157   1  5  0 -9 
219 159   1  2  0 -9 
219 162  -1  4  0 -9 
219 163  -1  4  1  2  0 -9 
219 164  -1  1  0 -9 
219 165   1  5  0 -9 
219 181  -1  4  0 -9 
219 183  -1  1  0 -9 
219 188   1  2  0 -9 
219 189  -1  3  0 -9 
219 195   1  3  0 -9 
219 198  -1  4  0 -9 
219 203  -1  4  0 -9 
219 207   1  5  0 -9 
219 218  -1  1  0 -9 
219 219   1  0  0 -9 
219 221  -1  1  0 -9 
219 222   1  2  0 -9 
219 223   1  2  0 -9 
219 224  -1  3  0 -9 
220 126  -1  3  0 -9 
220 127  -1  3  0 -9 
220 128   1  4  0 -9 
220 163  -1  4  1  2  0 -9 
220 165   1  5  0 -9 
220 170   1  4  0 -9 
220 174  -1  3  0 -9 
220 180  -1  3  0 -9 
220 183  -1  1  0 -9 
220 185   1  2  0 -9 
220 186  -1  3  0 -9 
220 187  -1  1  0 -9 
220 188   1  2  0 -9 
220 189  -1  3  0 -9 
220 196  -1  3  0 -9 
220 202  -1  1  0 -9 
220 203  -1  4  1  2  0 -9 
220 204   1  2  0 -9 
220 207   1  5  0 -9 
220 209   1  2  0 -9 
220 211  -1  3  0 -9 
220 213  -1  1  0 -9 
220 218  -1  1  0 -9 
220 220   1  0  0 -9 
220 221  -1  1  0 -9 
220 222   1  2  0 -9 
220 223   1  2  0 -9 
220 224  -1  3  0 -9 
221 189  -1  4  0 -9 
221 203  -1  5  0 -9 
221 207   1  6  0 -9 
221 222   1  3  0 -9 
221 224  -1  4  0 -9 
222 189  -1  5  0 -9 
222 190   1  6  0 -9 
222 203  -1  4  0 -9 
222 216   1  6  0 -9 
222 221   1  3  0 -9 
222 224  -1  5  0 -9 
223 163  -1  4  0 -9 
223 198   1  6  0 -9 
223 211  -1  5  0 -9 
223 216   1  6  0 -9 
223 218   1  3  0 -9 
223 224  -1  5  0 -9 
224 216   1  7  0 -9 
224 224  -1  6  0 -9 
9999 9999
