 0  0   1  8  0 -9 
 1  0   1  7  0 -9 
 1  1  -1  6  0 -9 
 1  2   1  7  0 -9 
 2  2   1  8  0 -9 
 3  3  -1  6  0 -9 
 3  4   1  7  0 -9 
 4  4   1  8  0 -9 
 5  5  -1  6  0 -9 
 5  6   1  7  0 -9 
 6  6   1  8  0 -9 
 7  2   1  7  0 -9 
 7  6   1  7  0 -9 
 7  7  -1  6  0 -9 
 8  8   1  8  0 -9 
 9  8   1  7  0 -9 
 9  9  -1  6  0 -9 
 9 10   1  7  0 -9 
10 10   1  8  0 -9 
11  9  -1  4  0 -9 
11 10   1  5  0 -9 
11 12  -1  5  0 -9 
11 13   1  3  0 -9 
11 14  -1  4  0 -9 
11 15   1  6  0 -9 
12 12  -1  6  0 -9 
12 15   1  7  0 -9 
13  8   1  6  0 -9 
13  9  -1  5  0 -9 
13 10   1  6  0 -9 
13 11   1  3  0 -9 
13 12  -1  4  0 -9 
13 14  -1  5  0 -9 
13 16   1  6  0 -9 
14 10   1  7  0 -9 
14 14  -1  6  0 -9 
14 16   1  7  0 -9 
15 15   1  8  0 -9 
16 16   1  8  0 -9 
17 17  -1  6  0 -9 
17 18   1  7  0 -9 
18 18   1  8  0 -9 
19 14  -1  4  0 -9 
19 16   1  5  0 -9 
19 17  -1  5  0 -9 
19 18   1  6  0 -9 
19 20   1  3  0 -9 
19 22  -1  4  0 -9 
20 10   1  6  0 -9 
20 14  -1  5  0 -9 
20 16   1  6  0 -9 
20 17  -1  4  0 -9 
20 19   1  3  0 -9 
20 21   1  6  0 -9 
20 22  -1  5  0 -9 
21 21   1  8  0 -9 
22 16   1  7  0 -9 
22 21   1  7  0 -9 
22 22  -1  6  0 -9 
23 23   1  8  0 -9 
24 23   1  7  0 -9 
24 24  -1  6  0 -9 
24 25   1  7  0 -9 
25 25   1  8  0 -9 
26 24  -1  4  0 -9 
26 25   1  5  0 -9 
26 27  -1  5  0 -9 
26 28   1  3  0 -9 
26 29  -1  4  0 -9 
26 30   1  6  0 -9 
27 27  -1  6  0 -9 
27 30   1  7  0 -9 
28 23   1  6  0 -9 
28 24  -1  5  0 -9 
28 25   1  6  0 -9 
28 26   1  3  0 -9 
28 27  -1  4  0 -9 
28 29  -1  5  0 -9 
28 31   1  6  0 -9 
29 25   1  7  0 -9 
29 29  -1  6  0 -9 
29 31   1  7  0 -9 
30 30   1  8  0 -9 
31 31   1  8  0 -9 
32  8   1  7  0 -9 
32 32  -1  6  0 -9 
32 33   1  7  0 -9 
33 33   1  8  0 -9 
34 33   1  7  0 -9 
34 34  -1  6  0 -9 
35  8  -1  4  0 -9 
35 11  -1  1  0 -9 
35 12  -1  4  0 -9 
35 13   1  2  0 -9 
35 14  -1  3  0 -9 
35 15   1  5  0 -9 
35 17  -1  4  0 -9 
35 18   1  5  0 -9 
35 19  -1  1  0 -9 
35 20   1  2  0 -9 
35 21  -1  4  0 -9 
35 23   1  5  0 -9 
35 24  -1  4  0 -9 
35 25   1  5  0 -9 
35 26   1  2  0 -9 
35 28  -1  1  0 -9 
35 29  -1  4  1  2  0 -9 
35 30  -1  4  0 -9 
35 31   1  5  0 -9 
35 32   1  3  0 -9 
35 33  -1  4  0 -9 
35 35   1  0  0 -9 
35 36  -1  1  0 -9 
35 37   1  3  0 -9 
35 38  -1  4  0 -9 
35 39   1  2  0 -9 
35 40   1  5  0 -9 
36 25   1  6  0 -9 
36 29  -1  5  0 -9 
36 31   1  6  0 -9 
36 34  -1  4  0 -9 
36 38  -1  5  0 -9 
36 39   1  3  0 -9 
36 40   1  6  0 -9 
37 21   1  7  0 -9 
37 30   1  7  0 -9 
37 37  -1  6  0 -9 
38 31   1  7  0 -9 
38 38  -1  6  0 -9 
38 40   1  7  0 -9 
39 29  -1  4  0 -9 
39 31   1  5  0 -9 
39 33   1  6  0 -9 
39 34  -1  5  0 -9 
39 36   1  3  0 -9 
39 38  -1  4  0 -9 
40 40   1  8  0 -9 
41 41  -1  6  0 -9 
41 42   1  7  0 -9 
42 42   1  8  0 -9 
43 29  -1  4  0 -9 
43 31   1  5  0 -9 
43 41  -1  5  0 -9 
43 42   1  6  0 -9 
43 44   1  3  0 -9 
43 46  -1  4  0 -9 
44 25   1  6  0 -9 
44 29  -1  5  0 -9 
44 31   1  6  0 -9 
44 41  -1  4  0 -9 
44 43   1  3  0 -9 
44 45   1  6  0 -9 
44 46  -1  5  0 -9 
45 45   1  8  0 -9 
46 31   1  7  0 -9 
46 45   1  7  0 -9 
46 46  -1  6  0 -9 
47 47  -1  6  0 -9 
47 48   1  7  0 -9 
48 48   1  8  0 -9 
49  6   1  7  0 -9 
49 25   1  7  0 -9 
49 48   1  7  0 -9 
49 49  -1  6  0 -9 
50  5   1  3  0 -9 
50  6  -1  4  0 -9 
50 29  -1  3  0 -9 
50 41  -1  4  0 -9 
50 42   1  5  0 -9 
50 43  -1  1  0 -9 
50 44   1  2  0 -9 
50 45  -1  4  0 -9 
50 47   1  3  0 -9 
50 48  -1  4  0 -9 
50 50   1  0  0 -9 
50 51  -1  1  0 -9 
50 52   1  3  0 -9 
50 53  -1  4  0 -9 
50 54   1  2  0 -9 
50 55   1  5  0 -9 
51 25   1  5  0 -9 
51 29  -1  4  0 -9 
51 49  -1  4  0 -9 
51 53  -1  5  0 -9 
51 54   1  3  0 -9 
51 55   1  6  0 -9 
52 45   1  7  0 -9 
52 52  -1  6  0 -9 
53 53  -1  6  0 -9 
53 55   1  7  0 -9 
54  6   1  6  0 -9 
54 25   1  6  0 -9 
54 29  -1  5  0 -9 
54 31   1  6  0 -9 
54 48   1  6  0 -9 
54 49  -1  5  0 -9 
54 51   1  3  0 -9 
54 53  -1  4  0 -9 
55 55   1  8  0 -9 
56 56   1  8  0 -9 
57 57  -1  6  0 -9 
57 58   1  7  0 -9 
58 58   1  8  0 -9 
59 56  -1  4  0 -9 
59 57  -1  4  0 -9 
59 58   1  5  0 -9 
59 60  -1  5  0 -9 
59 61   1  3  0 -9 
59 62  -1  4  0 -9 
59 63   1  6  0 -9 
60 60  -1  6  0 -9 
60 63   1  7  0 -9 
61 56   1  7  0 -9 
61 57  -1  5  0 -9 
61 58   1  6  0 -9 
61 59   1  3  0 -9 
61 60  -1  4  0 -9 
61 62  -1  5  0 -9 
61 64   1  6  0 -9 
62 58   1  7  0 -9 
62 62  -1  6  0 -9 
62 64   1  7  0 -9 
63 63   1  8  0 -9 
64 64   1  8  0 -9 
65 57  -1  4  0 -9 
65 58   1  5  0 -9 
65 62  -1  4  0 -9 
65 64   1  5  0 -9 
65 66   1  3  0 -9 
65 68  -1  4  0 -9 
66 57  -1  5  0 -9 
66 58   1  6  0 -9 
66 62  -1  5  0 -9 
66 64   1  6  0 -9 
66 65   1  3  0 -9 
66 67   1  6  0 -9 
66 68  -1  5  0 -9 
67 67   1  8  0 -9 
68 64   1  7  0 -9 
68 67   1  7  0 -9 
68 68  -1  6  0 -9 
69 56  -1  3  0 -9 
69 57  -1  3  0 -9 
69 58   1  4  0 -9 
69 59  -1  1  0 -9 
69 60  -1  4  1  2  0 -9 
69 61   1  2  0 -9 
69 62  -1  3  0 -9 
69 63   1  5  0 -9 
69 65  -1  1  0 -9 
69 66   1  2  0 -9 
69 68  -1  3  0 -9 
69 69   1  0  0 -9 
69 70  -1  1  0 -9 
69 71  -1  1  0 -9 
69 72   1  2  0 -9 
69 73  -1  3  0 -9 
69 74  -1  3  0 -9 
69 75   1  2  0 -9 
69 76   1  4  0 -9 
70 67   1  5  0 -9 
70 68  -1  4  0 -9 
70 73  -1  4  0 -9 
70 74  -1  4  0 -9 
70 75   1  3  0 -9 
70 76   1  5  0 -9 
71 60  -1  5  0 -9 
71 63   1  6  0 -9 
71 72   1  3  0 -9 
71 73  -1  4  0 -9 
71 74  -1  4  0 -9 
71 76   1  5  0 -9 
72 60  -1  4  0 -9 
72 67   1  6  0 -9 
72 71   1  3  0 -9 
72 73  -1  5  0 -9 
72 74  -1  5  0 -9 
72 76   1  6  0 -9 
73 73  -1  6  0 -9 
73 76   1  7  0 -9 
74 67   1  7  0 -9 
74 74  -1  6  0 -9 
74 76   1  7  0 -9 
75 64   1  6  0 -9 
75 67   1  6  0 -9 
75 68  -1  5  0 -9 
75 70   1  3  0 -9 
75 73  -1  5  0 -9 
75 74  -1  5  0 -9 
75 76   1  6  0 -9 
76 76   1  8  0 -9 
77 56   1  7  0 -9 
77 77  -1  6  0 -9 
77 78   1  7  0 -9 
78 78   1  8  0 -9 
79 78   1  7  0 -9 
79 79  -1  6  0 -9 
80 77  -1  4  0 -9 
80 78   1  5  0 -9 
80 81  -1  5  0 -9 
80 82   1  3  0 -9 
80 83  -1  4  0 -9 
80 84   1  6  0 -9 
81 81  -1  6  0 -9 
81 84   1  7  0 -9 
82 56   1  6  0 -9 
82 77  -1  5  0 -9 
82 78   1  6  0 -9 
82 80   1  3  0 -9 
82 81  -1  4  0 -9 
82 83  -1  5  0 -9 
82 85   1  6  0 -9 
83 78   1  7  0 -9 
83 83  -1  6  0 -9 
83 85   1  7  0 -9 
84 84   1  8  0 -9 
85 85   1  8  0 -9 
86 56  -1  3  0 -9 
86 57  -1  5 -1  3 -1  1  0 -9 
86 58   1  6  1  4  0 -9 
86 59  -1  1  0 -9 
86 60  -1  4  0 -9 
86 61   1  2  0 -9 
86 62  -1  3  0 -9 
86 63   1  5  0 -9 
86 65  -1  1  0 -9 
86 66   1  2  0 -9 
86 67  -1  4  0 -9 
86 77   1  2  0 -9 
86 78  -1  3  0 -9 
86 79   1  2  0 -9 
86 80   1  2  0 -9 
86 82  -1  1  0 -9 
86 83  -1  4  1  2  0 -9 
86 84  -1  4  0 -9 
86 85   1  5  0 -9 
86 86   1  0  0 -9 
86 87  -1  1  0 -9 
86 88   1  3  0 -9 
86 89  -1  4  0 -9 
86 90   1  2  0 -9 
86 91   1  5  0 -9 
87 78   1  6  0 -9 
87 79  -1  5  0 -9 
87 83  -1  5  0 -9 
87 85   1  6  0 -9 
87 89  -1  5  0 -9 
87 90   1  3  0 -9 
87 91   1  6  0 -9 
88 67   1  7  0 -9 
88 84   1  7  0 -9 
88 88  -1  6  0 -9 
89 85   1  7  0 -9 
89 89  -1  6  0 -9 
89 91   1  7  0 -9 
90 78   1  5  0 -9 
90 79  -1  4  0 -9 
90 83  -1  4  0 -9 
90 85   1  5  0 -9 
90 87   1  3  0 -9 
90 89  -1  4  0 -9 
91 91   1  8  0 -9 
92 56  -1  2  0 -9 
92 57  -1  2 -1  0  0 -9 
92 58   1  3  0 -9 
92 59  -1  0  0 -9 
92 60  -1  3  0 -9 
92 61   1  1  0 -9 
92 62  -1  2  0 -9 
92 63   1  4  0 -9 
92 65  -1  0  0 -9 
92 66   1  1  0 -9 
92 67  -1  3  0 -9 
92 69   1 -1  0 -9 
92 70  -1  0  0 -9 
92 71  -1  0  0 -9 
92 72   1  1  0 -9 
92 77   1  1  0 -9 
92 78  -1  2  0 -9 
92 79   1  1  0 -9 
92 81   1  2  0 -9 
92 82  -1  0  0 -9 
92 83   1  1  0 -9 
92 84  -1  3  0 -9 
92 86   1 -1  0 -9 
92 87  -1  0  0 -9 
92 88   1  2  0 -9 
92 89  -1  3  0 -9 
92 91   1  4  0 -9 
92 92  -1 -2  0 -9 
92 93   1 -1  0 -9 
92 94   1 -1  0 -9 
92 95  -1  0  0 -9 
92 96  -1  3  0 -9 
92 98   1  2  0 -9 
92 99  -1  3  0 -9 
92 100   1  4  0 -9 
93 89  -1  4  0 -9 
93 91   1  5  0 -9 
93 96  -1  4  0 -9 
93 98   1  3  0 -9 
93 99  -1  4  0 -9 
93 100   1  5  0 -9 
94 60  -1  4  0 -9 
94 63   1  5  0 -9 
94 71  -1  1  0 -9 
94 72   1  2  0 -9 
94 74  -1  3  0 -9 
94 81   1  3  0 -9 
94 84  -1  4  0 -9 
94 94   1  0  0 -9 
94 95  -1  1  0 -9 
94 96  -1  4  0 -9 
94 97   1  2  0 -9 
94 100   1  5  0 -9 
95 67   1  5  0 -9 
95 74  -1  4  0 -9 
95 88  -1  4  0 -9 
95 96  -1  5  0 -9 
95 97   1  3  0 -9 
95 100   1  6  0 -9 
96 96  -1  6  0 -9 
96 100   1  7  0 -9 
97 67   1  6  0 -9 
97 74  -1  5  0 -9 
97 76   1  6  0 -9 
97 84   1  6  0 -9 
97 88  -1  5  0 -9 
97 95   1  3  0 -9 
97 96  -1  4  0 -9 
98 85   1  6  0 -9 
98 89  -1  5  0 -9 
98 91   1  6  0 -9 
98 93   1  3  0 -9 
98 96  -1  5  0 -9 
98 99  -1  5  0 -9 
98 100   1  6  0 -9 
99 91   1  7  0 -9 
99 99  -1  6  0 -9 
99 100   1  7  0 -9 
100 100   1  8  0 -9 
101 47  -1  5  0 -9 
101 48   1  6  0 -9 
101 57  -1  5  0 -9 
101 58   1  6  0 -9 
101 83  -1  4  0 -9 
101 85   1  5  0 -9 
101 102   1  3  0 -9 
101 104  -1  4  0 -9 
102 47  -1  4  0 -9 
102 57  -1  4  0 -9 
102 78   1  6  0 -9 
102 83  -1  5  0 -9 
102 85   1  6  0 -9 
102 101   1  3  0 -9 
102 103   1  6  0 -9 
102 104  -1  5  0 -9 
103 103   1  8  0 -9 
104 85   1  7  0 -9 
104 103   1  7  0 -9 
104 104  -1  6  0 -9 
105 47   1  2  0 -9 
105 48  -1  3  0 -9 
105 57  -1  4  0 -9 
105 58   1  5  0 -9 
105 83  -1  3  0 -9 
105 101  -1  1  0 -9 
105 102   1  2  0 -9 
105 103  -1  4  0 -9 
105 105   1  0  0 -9 
105 106  -1  1  0 -9 
105 107   1  3  0 -9 
105 108  -1  4  0 -9 
105 109   1  2  0 -9 
105 110   1  5  0 -9 
106 48  -1  4  0 -9 
106 78   1  5  0 -9 
106 79  -1  4  0 -9 
106 83  -1  4  0 -9 
106 108  -1  5  0 -9 
106 109   1  3  0 -9 
106 110   1  6  0 -9 
107 103   1  7  0 -9 
107 107  -1  6  0 -9 
108 108  -1  6  0 -9 
108 110   1  7  0 -9 
109 48   1  7  0 -9 
109 78   1  6  0 -9 
109 79  -1  5  0 -9 
109 83  -1  5  0 -9 
109 85   1  6  0 -9 
109 106   1  3  0 -9 
109 108  -1  4  0 -9 
110 110   1  8  0 -9 
111 47   1  1  0 -9 
111 48  -1  2  0 -9 
111 57  -1  3  0 -9 
111 58   1  4  0 -9 
111 62  -1  3  0 -9 
111 64   1  4  0 -9 
111 65   1 -1  0 -9 
111 66   1  2  0 -9 
111 68  -1  3  0 -9 
111 73   1  1  0 -9 
111 74   1  1  0 -9 
111 75  -1  0  0 -9 
111 76  -1  2  0 -9 
111 85  -1  3  0 -9 
111 90  -1  0  0 -9 
111 93  -1  0  0 -9 
111 96  -1  2 -1  0  0 -9 
111 98   1  1  0 -9 
111 99  -1  2  0 -9 
111 100   1  3  0 -9 
111 101  -1  0  0 -9 
111 103  -1  3  0 -9 
111 104   1  2  0 -9 
111 105   1 -1  0 -9 
111 106  -1  0  0 -9 
111 107   1  2  0 -9 
111 108  -1  3  0 -9 
111 109   1  1  0 -9 
111 110   1  4  0 -9 
111 111  -1 -2  0 -9 
111 112  -1  0  0 -9 
111 113   1 -1  0 -9 
111 114   1  1  0 -9 
111 115   1 -1  0 -9 
111 117  -1  0  0 -9 
111 118   1  1  0 -9 
111 119  -1  2  0 -9 
112 67   1  6  0 -9 
112 74  -1  5  0 -9 
112 76   1  6  0 -9 
112 107  -1  4  0 -9 
112 114  -1  5  0 -9 
112 116   1  3  0 -9 
112 119   1  6  0 -9 
113 64   1  5  0 -9 
113 67   1  5  0 -9 
113 68  -1  4  0 -9 
113 70   1  2  0 -9 
113 73   1  2  0 -9 
113 74  -1  4  1  2  0 -9 
113 75  -1  1  0 -9 
113 76  -1  3  0 -9 
113 85  -1  4  0 -9 
113 93  -1  1  0 -9 
113 96  -1  5 -1  3 -1  1  0 -9 
113 98   1  2  0 -9 
113 99  -1  3  0 -9 
113 100   1  6  1  4  0 -9 
113 103  -1  4  0 -9 
113 104   1  3  0 -9 
113 108  -1  4  0 -9 
113 110   1  5  0 -9 
113 112  -1  1  0 -9 
113 113   1  0  0 -9 
113 114   1  2  0 -9 
113 116   1  2  0 -9 
113 117  -1  1  0 -9 
113 118   1  2  0 -9 
113 119  -1  3  0 -9 
114 76   1  7  0 -9 
114 114  -1  6  0 -9 
114 119   1  7  0 -9 
115 48  -1  3  0 -9 
115 78   1  4  0 -9 
115 79  -1  3  0 -9 
115 83  -1  3  0 -9 
115 87   1  2  0 -9 
115 89  -1  3  0 -9 
115 90  -1  1  0 -9 
115 93  -1  1  0 -9 
115 96  -1  3  0 -9 
115 98   1  2  0 -9 
115 99  -1  3  0 -9 
115 100   1  4  0 -9 
115 106  -1  1  0 -9 
115 108  -1  4  1  2  0 -9 
115 109   1  2  0 -9 
115 110   1  5  0 -9 
115 115   1  0  0 -9 
115 117  -1  1  0 -9 
115 118   1  2  0 -9 
115 119  -1  3  0 -9 
116 74  -1  4  0 -9 
116 76   1  5  0 -9 
116 103   1  6  0 -9 
116 107  -1  5  0 -9 
116 112   1  3  0 -9 
116 114  -1  4  0 -9 
117 96  -1  4  0 -9 
117 99  -1  4  0 -9 
117 100   1  5  0 -9 
117 108  -1  5  0 -9 
117 110   1  6  0 -9 
117 118   1  3  0 -9 
117 119  -1  4  0 -9 
118 91   1  6  0 -9 
118 96  -1  5  0 -9 
118 99  -1  5  0 -9 
118 100   1  6  0 -9 
118 108  -1  4  0 -9 
118 117   1  3  0 -9 
118 119   1  7  0 -9 
119 119   1  8  0 -9 
120 120  -1  6  0 -9 
120 121   1  7  0 -9 
121 121   1  8  0 -9 
122 121   1  7  0 -9 
122 122  -1  6  0 -9 
123  6   1  7  0 -9 
123 123  -1  6  0 -9 
124 124   1  8  0 -9 
125 124   1  7  0 -9 
125 125  -1  6  0 -9 
125 126   1  7  0 -9 
126 126   1  8  0 -9 
127 125  -1  4  0 -9 
127 126   1  5  0 -9 
127 128  -1  5  0 -9 
127 129   1  3  0 -9 
127 130  -1  4  0 -9 
127 131   1  6  0 -9 
128 128  -1  6  0 -9 
128 131   1  7  0 -9 
129 124   1  6  0 -9 
129 125  -1  5  0 -9 
129 126   1  6  0 -9 
129 127   1  3  0 -9 
129 128  -1  4  0 -9 
129 130  -1  5  0 -9 
129 132   1  6  0 -9 
130 126   1  7  0 -9 
130 130  -1  6  0 -9 
130 132   1  7  0 -9 
131 131   1  8  0 -9 
132 132   1  8  0 -9 
133 133  -1  6  0 -9 
133 134   1  7  0 -9 
134 134   1  8  0 -9 
135 134   1  7  0 -9 
135 135  -1  6  0 -9 
136 124   1  5  0 -9 
136 125  -1  4  0 -9 
136 126   1  5  0 -9 
136 127   1  2  0 -9 
136 129  -1  1  0 -9 
136 130  -1  4  1  2  0 -9 
136 131  -1  4  0 -9 
136 132   1  5  0 -9 
136 133   1  3  0 -9 
136 134  -1  4  0 -9 
136 136   1  0  0 -9 
136 137  -1  1  0 -9 
136 138   1  3  0 -9 
136 139  -1  4  0 -9 
136 140   1  2  0 -9 
136 141   1  5  0 -9 
137 126   1  6  0 -9 
137 130  -1  5  0 -9 
137 132   1  6  0 -9 
137 135  -1  4  0 -9 
137 139  -1  5  0 -9 
137 140   1  3  0 -9 
137 141   1  6  0 -9 
138 131   1  7  0 -9 
138 138  -1  6  0 -9 
139 132   1  7  0 -9 
139 139  -1  6  0 -9 
139 141   1  7  0 -9 
140 130  -1  4  0 -9 
140 132   1  5  0 -9 
140 134   1  6  0 -9 
140 135  -1  5  0 -9 
140 137   1  3  0 -9 
140 139  -1  4  0 -9 
141 141   1  8  0 -9 
142 142  -1  6  0 -9 
142 143   1  7  0 -9 
143 143   1  8  0 -9 
144 143   1  7  0 -9 
144 144  -1  6  0 -9 
145 23   1  5  0 -9 
145 24  -1  4  0 -9 
145 25   1  5  0 -9 
145 26   1  2  0 -9 
145 28  -1  1  0 -9 
145 29  -1  4  1  2  0 -9 
145 30  -1  4  0 -9 
145 31   1  5  0 -9 
145 142   1  3  0 -9 
145 143  -1  4  0 -9 
145 145   1  0  0 -9 
145 146  -1  1  0 -9 
145 147   1  3  0 -9 
145 148  -1  4  0 -9 
145 149   1  2  0 -9 
145 150   1  5  0 -9 
146 25   1  6  0 -9 
146 29  -1  5  0 -9 
146 31   1  6  0 -9 
146 144  -1  4  0 -9 
146 148  -1  5  0 -9 
146 149   1  3  0 -9 
146 150   1  6  0 -9 
147 30   1  7  0 -9 
147 147  -1  6  0 -9 
148 31   1  7  0 -9 
148 148  -1  6  0 -9 
148 150   1  7  0 -9 
149 29  -1  4  0 -9 
149 31   1  5  0 -9 
149 143   1  6  0 -9 
149 144  -1  5  0 -9 
149 146   1  3  0 -9 
149 148  -1  4  0 -9 
150 150   1  8  0 -9 
151 48   1  7  0 -9 
151 151  -1  6  0 -9 
152  6  -1  4  0 -9 
152 29  -1  3  0 -9 
152 48  -1  4  0 -9 
152 51  -1  1  0 -9 
152 53  -1  4  0 -9 
152 54   1  2  0 -9 
152 55   1  5  0 -9 
152 123   1  3  0 -9 
152 143   1  5  0 -9 
152 144  -1  4  0 -9 
152 146   1  2  0 -9 
152 149  -1  1  0 -9 
152 150  -1  4  0 -9 
152 151   1  3  0 -9 
152 152   1  0  0 -9 
152 153   1  3  0 -9 
153 150   1  7  0 -9 
153 153  -1  6  0 -9 
154 154  -1  6  0 -9 
154 155   1  7  0 -9 
155 155   1  8  0 -9 
156 155   1  7  0 -9 
156 156  -1  6  0 -9 
157 154  -1  4  0 -9 
157 155   1  5  0 -9 
157 158  -1  5  0 -9 
157 159   1  3  0 -9 
157 160  -1  4  0 -9 
157 161   1  6  0 -9 
158 158  -1  6  0 -9 
158 161   1  7  0 -9 
159 154  -1  5  0 -9 
159 155   1  6  0 -9 
159 157   1  3  0 -9 
159 158  -1  4  0 -9 
159 160  -1  5  0 -9 
159 162   1  6  0 -9 
160 155   1  7  0 -9 
160 160  -1  6  0 -9 
160 162   1  7  0 -9 
161 161   1  8  0 -9 
162 162   1  8  0 -9 
163 154   1  2  0 -9 
163 155  -1  3  0 -9 
163 156   1  2  0 -9 
163 157   1  2  0 -9 
163 159  -1  1  0 -9 
163 160  -1  4  1  2  0 -9 
163 161  -1  4  0 -9 
163 162   1  5  0 -9 
163 163   1  0  0 -9 
163 164  -1  1  0 -9 
163 165   1  3  0 -9 
163 166  -1  4  0 -9 
163 167   1  2  0 -9 
163 168   1  5  0 -9 
164 155   1  6  0 -9 
164 156  -1  5  0 -9 
164 160  -1  5  0 -9 
164 162   1  6  0 -9 
164 166  -1  5  0 -9 
164 167   1  3  0 -9 
164 168   1  6  0 -9 
165 161   1  7  0 -9 
165 165  -1  6  0 -9 
166 162   1  7  0 -9 
166 166  -1  6  0 -9 
166 168   1  7  0 -9 
167 155   1  5  0 -9 
167 156  -1  4  0 -9 
167 160  -1  4  0 -9 
167 162   1  5  0 -9 
167 164   1  3  0 -9 
167 166  -1  4  0 -9 
168 168   1  8  0 -9 
169 154   1  1  0 -9 
169 155  -1  2  0 -9 
169 156   1  1  0 -9 
169 158   1  2  0 -9 
169 159  -1  0  0 -9 
169 160   1  1  0 -9 
169 161  -1  3  0 -9 
169 163   1 -1  0 -9 
169 164  -1  0  0 -9 
169 165   1  2  0 -9 
169 166  -1  3  0 -9 
169 168   1  4  0 -9 
169 169  -1 -2  0 -9 
169 170   1 -1  0 -9 
169 171   1 -1  0 -9 
169 172  -1  0  0 -9 
169 173  -1  3  0 -9 
169 175   1  2  0 -9 
169 176  -1  3  0 -9 
169 177   1  4  0 -9 
170 166  -1  4  0 -9 
170 168   1  5  0 -9 
170 173  -1  4  0 -9 
170 175   1  3  0 -9 
170 176  -1  4  0 -9 
170 177   1  5  0 -9 
171 158   1  3  0 -9 
171 161  -1  4  0 -9 
171 171   1  0  0 -9 
171 172  -1  1  0 -9 
171 173  -1  4  0 -9 
171 174   1  2  0 -9 
171 177   1  5  0 -9 
172 165  -1  4  0 -9 
172 173  -1  5  0 -9 
172 174   1  3  0 -9 
172 177   1  6  0 -9 
173 173  -1  6  0 -9 
173 177   1  7  0 -9 
174 161   1  6  0 -9 
174 165  -1  5  0 -9 
174 172   1  3  0 -9 
174 173  -1  4  0 -9 
175 162   1  6  0 -9 
175 166  -1  5  0 -9 
175 168   1  6  0 -9 
175 170   1  3  0 -9 
175 173  -1  5  0 -9 
175 176  -1  5  0 -9 
175 177   1  6  0 -9 
176 168   1  7  0 -9 
176 176  -1  6  0 -9 
176 177   1  7  0 -9 
177 177   1  8  0 -9 
178 47   1  3  0 -9 
178 48  -1  4  0 -9 
178 56   1  5  0 -9 
178 77  -1  4  0 -9 
178 78   1  5  0 -9 
178 80   1  2  0 -9 
178 82  -1  1  0 -9 
178 83  -1  4  1  2  0 -9 
178 84  -1  4  0 -9 
178 85   1  5  0 -9 
178 154   1  3  0 -9 
178 155  -1  4  0 -9 
178 178   1  0  0 -9 
178 179  -1  1  0 -9 
178 180   1  3  0 -9 
178 181  -1  4  0 -9 
178 182   1  2  0 -9 
178 183   1  5  0 -9 
179 78   1  6  0 -9 
179 83  -1  5  0 -9 
179 85   1  6  0 -9 
179 151  -1  4  0 -9 
179 156  -1  4  0 -9 
179 181  -1  5  0 -9 
179 182   1  3  0 -9 
179 183   1  6  0 -9 
180 84   1  7  0 -9 
180 180  -1  6  0 -9 
181 85   1  7  0 -9 
181 181  -1  6  0 -9 
181 183   1  7  0 -9 
182 48   1  6  0 -9 
182 83  -1  4  0 -9 
182 85   1  5  0 -9 
182 151  -1  5  0 -9 
182 155   1  6  0 -9 
182 156  -1  5  0 -9 
182 179   1  3  0 -9 
182 181  -1  4  0 -9 
183 183   1  8  0 -9 
184 48  -1  3  0 -9 
184 83  -1  3  0 -9 
184 106  -1  1  0 -9 
184 108  -1  4  0 -9 
184 109   1  2  0 -9 
184 110   1  5  0 -9 
184 151   1  2  0 -9 
184 155   1  5  0 -9 
184 156  -1  4  0 -9 
184 179   1  2  0 -9 
184 182  -1  1  0 -9 
184 183  -1  4  0 -9 
184 184   1  0  0 -9 
184 185   1  3  0 -9 
185 183   1  7  0 -9 
185 185  -1  6  0 -9 
186 48  -1  2  0 -9 
186 85  -1  3  0 -9 
186 90  -1  0  0 -9 
186 93  -1  0  0 -9 
186 96  -1  2 -1  0  0 -9 
186 98   1  1  0 -9 
186 99  -1  2  0 -9 
186 100   1  3  0 -9 
186 106  -1  0  0 -9 
186 108  -1  3  0 -9 
186 109   1  1  0 -9 
186 110   1  4  0 -9 
186 115   1 -1  0 -9 
186 117  -1  0  0 -9 
186 118   1  1  0 -9 
186 119  -1  2  0 -9 
186 151   1  1  0 -9 
186 155   1  4  0 -9 
186 156  -1  3  0 -9 
186 160  -1  3  0 -9 
186 162   1  4  0 -9 
186 164   1  2  0 -9 
186 166  -1  3  0 -9 
186 167   1 -1  0 -9 
186 173   1  1  0 -9 
186 175  -1  0  0 -9 
186 176   1  1  0 -9 
186 177  -1  2  0 -9 
186 181   1  2  0 -9 
186 182  -1  0  0 -9 
186 183  -1  3  0 -9 
186 184   1 -1  0 -9 
186 185   1  2  0 -9 
186 186  -1 -2  0 -9 
186 188   1 -1  0 -9 
186 189  -1  0  0 -9 
186 190   1  1  0 -9 
187 74  -1  3  0 -9 
187 84  -1  4  0 -9 
187 95  -1  1  0 -9 
187 96  -1  4  0 -9 
187 97   1  2  0 -9 
187 100   1  5  0 -9 
187 103   1  5  0 -9 
187 107  -1  4  0 -9 
187 112   1  2  0 -9 
187 116  -1  1  0 -9 
187 119  -1  4  0 -9 
187 161   1  5  0 -9 
187 165  -1  4  0 -9 
187 172   1  2  0 -9 
187 174  -1  1  0 -9 
187 177  -1  4  0 -9 
187 180   1  3  0 -9 
187 187   1  0  0 -9 
187 190   1  3  0 -9 
188 85  -1  4  0 -9 
188 93  -1  1  0 -9 
188 96  -1  5 -1  3 -1  1  0 -9 
188 98   1  2  0 -9 
188 99  -1  3  0 -9 
188 100   1  6  1  4  0 -9 
188 108  -1  4  0 -9 
188 110   1  5  0 -9 
188 117  -1  1  0 -9 
188 118   1  2  0 -9 
188 119  -1  3  0 -9 
188 162   1  5  0 -9 
188 166  -1  4  0 -9 
188 168   1  5  0 -9 
188 170   1  2  0 -9 
188 173   1  2  0 -9 
188 175  -1  1  0 -9 
188 176  -1  4  1  2  0 -9 
188 177  -1  3  0 -9 
188 181   1  3  0 -9 
188 183  -1  4  0 -9 
188 188   1  0  0 -9 
188 189  -1  1  0 -9 
188 190   1  2  0 -9 
188 191   1  2  0 -9 
189 119   1  6  0 -9 
189 168   1  6  0 -9 
189 176  -1  5  0 -9 
189 177   1  6  0 -9 
189 185  -1  4  0 -9 
189 190  -1  5  0 -9 
189 191   1  3  0 -9 
190 119   1  7  0 -9 
190 177   1  7  0 -9 
190 190  -1  6  0 -9 
191 176  -1  4  0 -9 
191 177   1  5  0 -9 
191 183   1  6  0 -9 
191 185  -1  5  0 -9 
191 189   1  3  0 -9 
191 190  -1  4  0 -9 
192 192  -1  6  0 -9 
192 193   1  7  0 -9 
193 193   1  8  0 -9 
194 130  -1  4  0 -9 
194 132   1  5  0 -9 
194 192  -1  5  0 -9 
194 193   1  6  0 -9 
194 195   1  3  0 -9 
194 197  -1  4  0 -9 
195 126   1  6  0 -9 
195 130  -1  5  0 -9 
195 132   1  6  0 -9 
195 192  -1  4  0 -9 
195 194   1  3  0 -9 
195 196   1  6  0 -9 
195 197  -1  5  0 -9 
196 196   1  8  0 -9 
197 132   1  7  0 -9 
197 196   1  7  0 -9 
197 197  -1  6  0 -9 
198 198  -1  6  0 -9 
198 199   1  7  0 -9 
199 199   1  8  0 -9 
200 126   1  7  0 -9 
200 199   1  7  0 -9 
200 200  -1  6  0 -9 
201 130  -1  3  0 -9 
201 192  -1  4  0 -9 
201 193   1  5  0 -9 
201 194  -1  1  0 -9 
201 195   1  2  0 -9 
201 196  -1  4  0 -9 
201 198   1  3  0 -9 
201 199  -1  4  0 -9 
201 201   1  0  0 -9 
201 202  -1  1  0 -9 
201 203   1  3  0 -9 
201 204  -1  4  0 -9 
201 205   1  2  0 -9 
201 206   1  5  0 -9 
202 126   1  5  0 -9 
202 130  -1  4  0 -9 
202 200  -1  4  0 -9 
202 204  -1  5  0 -9 
202 205   1  3  0 -9 
202 206   1  6  0 -9 
203 196   1  7  0 -9 
203 203  -1  6  0 -9 
204 204  -1  6  0 -9 
204 206   1  7  0 -9 
205 126   1  6  0 -9 
205 130  -1  5  0 -9 
205 132   1  6  0 -9 
205 199   1  6  0 -9 
205 200  -1  5  0 -9 
205 202   1  3  0 -9 
205 204  -1  4  0 -9 
206 206   1  8  0 -9 
207 207  -1  6  0 -9 
207 208   1  7  0 -9 
208 208   1  8  0 -9 
209 208   1  7  0 -9 
209 209  -1  6  0 -9 
210 207   1  3  0 -9 
210 208  -1  4  0 -9 
210 210   1  0  0 -9 
210 211  -1  1  0 -9 
210 212   1  3  0 -9 
210 213  -1  4  0 -9 
210 214   1  2  0 -9 
210 215   1  5  0 -9 
211 209  -1  4  0 -9 
211 213  -1  5  0 -9 
211 214   1  3  0 -9 
211 215   1  6  0 -9 
212 212  -1  6  0 -9 
213 213  -1  6  0 -9 
213 215   1  7  0 -9 
214 208   1  6  0 -9 
214 209  -1  5  0 -9 
214 211   1  3  0 -9 
214 213  -1  4  0 -9 
215 215   1  8  0 -9 
216 199   1  7  0 -9 
216 216  -1  6  0 -9 
217 130  -1  3  0 -9 
217 134   1  5  0 -9 
217 135  -1  4  0 -9 
217 137   1  2  0 -9 
217 140  -1  1  0 -9 
217 141  -1  4  0 -9 
217 199  -1  4  0 -9 
217 202  -1  1  0 -9 
217 204  -1  4  0 -9 
217 205   1  2  0 -9 
217 206   1  5  0 -9 
217 208   1  5  0 -9 
217 209  -1  4  0 -9 
217 211   1  2  0 -9 
217 214  -1  1  0 -9 
217 215  -1  4  0 -9 
217 216   1  3  0 -9 
217 217   1  0  0 -9 
217 218   1  3  0 -9 
218 141   1  7  0 -9 
218 215   1  7  0 -9 
218 218  -1  6  0 -9 
219 219  -1  6  0 -9 
219 220   1  7  0 -9 
220 220   1  8  0 -9 
221 160  -1  4  0 -9 
221 162   1  5  0 -9 
221 219  -1  5  0 -9 
221 220   1  6  0 -9 
221 222   1  3  0 -9 
221 224  -1  4  0 -9 
222 155   1  6  0 -9 
222 160  -1  5  0 -9 
222 162   1  6  0 -9 
222 219  -1  4  0 -9 
222 221   1  3  0 -9 
222 223   1  6  0 -9 
222 224  -1  5  0 -9 
223 223   1  8  0 -9 
224 162   1  7  0 -9 
224 223   1  7  0 -9 
224 224  -1  6  0 -9 
225 160  -1  3  0 -9 
225 219   1  2  0 -9 
225 220  -1  3  0 -9 
225 221  -1  1  0 -9 
225 222   1  2  0 -9 
225 223  -1  4  0 -9 
225 225   1  0  0 -9 
225 226  -1  1  0 -9 
225 227   1  3  0 -9 
225 228  -1  4  0 -9 
225 229   1  2  0 -9 
225 230   1  5  0 -9 
226 155   1  5  0 -9 
226 156  -1  4  0 -9 
226 160  -1  4  0 -9 
226 220  -1  4  0 -9 
226 228  -1  5  0 -9 
226 229   1  3  0 -9 
226 230   1  6  0 -9 
227 223   1  7  0 -9 
227 227  -1  6  0 -9 
228 228  -1  6  0 -9 
228 230   1  7  0 -9 
229 155   1  6  0 -9 
229 156  -1  5  0 -9 
229 160  -1  5  0 -9 
229 162   1  6  0 -9 
229 220   1  7  0 -9 
229 226   1  3  0 -9 
229 228  -1  4  0 -9 
230 230   1  8  0 -9 
231 162  -1  3  0 -9 
231 167  -1  0  0 -9 
231 170  -1  0  0 -9 
231 173  -1  2 -1  0  0 -9 
231 175   1  1  0 -9 
231 176  -1  2  0 -9 
231 177   1  3  0 -9 
231 219   1  1  0 -9 
231 220  -1  2  0 -9 
231 221  -1  0  0 -9 
231 223  -1  3  0 -9 
231 224   1  2  0 -9 
231 225   1 -1  0 -9 
231 226  -1  0  0 -9 
231 227   1  2  0 -9 
231 228  -1  3  0 -9 
231 229   1  1  0 -9 
231 230   1  4  0 -9 
231 231  -1 -2  0 -9 
231 232  -1  0  0 -9 
231 233   1 -1  0 -9 
231 234   1  1  0 -9 
231 235   1 -1  0 -9 
231 237  -1  0  0 -9 
231 238   1  1  0 -9 
231 239  -1  2  0 -9 
232 227  -1  4  0 -9 
232 234  -1  5  0 -9 
232 236   1  3  0 -9 
232 239   1  6  0 -9 
233 162  -1  4  0 -9 
233 170  -1  1  0 -9 
233 173  -1  5 -1  3 -1  1  0 -9 
233 175   1  2  0 -9 
233 176  -1  3  0 -9 
233 177   1  6  1  4  0 -9 
233 223  -1  4  0 -9 
233 224   1  3  0 -9 
233 228  -1  4  0 -9 
233 230   1  5  0 -9 
233 232  -1  1  0 -9 
233 233   1  0  0 -9 
233 234   1  2  0 -9 
233 236   1  2  0 -9 
233 237  -1  1  0 -9 
233 238   1  2  0 -9 
233 239  -1  3  0 -9 
234 234  -1  6  0 -9 
234 239   1  7  0 -9 
235 155   1  4  0 -9 
235 156  -1  3  0 -9 
235 160  -1  3  0 -9 
235 164   1  2  0 -9 
235 166  -1  3  0 -9 
235 167  -1  1  0 -9 
235 170  -1  1  0 -9 
235 173  -1  3  0 -9 
235 175   1  2  0 -9 
235 176  -1  3  0 -9 
235 177   1  4  0 -9 
235 220  -1  3  0 -9 
235 226  -1  1  0 -9 
235 228  -1  4  1  2  0 -9 
235 229   1  2  0 -9 
235 230   1  5  0 -9 
235 235   1  0  0 -9 
235 237  -1  1  0 -9 
235 238   1  2  0 -9 
235 239  -1  3  0 -9 
236 223   1  6  0 -9 
236 227  -1  5  0 -9 
236 232   1  3  0 -9 
236 234  -1  4  0 -9 
237 173  -1  4  0 -9 
237 176  -1  4  0 -9 
237 177   1  5  0 -9 
237 228  -1  5  0 -9 
237 230   1  6  0 -9 
237 238   1  3  0 -9 
237 239  -1  4  0 -9 
238 168   1  6  0 -9 
238 173  -1  5  0 -9 
238 176  -1  5  0 -9 
238 177   1  6  0 -9 
238 228  -1  4  0 -9 
238 237   1  3  0 -9 
238 239   1  7  0 -9 
239 239   1  8  0 -9 
240 220   1  7  0 -9 
240 240  -1  6  0 -9 
241 219   1  3  0 -9 
241 220  -1  4  0 -9 
241 241   1  0  0 -9 
241 242  -1  1  0 -9 
241 243   1  3  0 -9 
241 244  -1  4  0 -9 
241 245   1  2  0 -9 
241 246   1  5  0 -9 
242 240  -1  4  0 -9 
242 244  -1  5  0 -9 
242 245   1  3  0 -9 
242 246   1  6  0 -9 
243 243  -1  6  0 -9 
244 244  -1  6  0 -9 
244 246   1  7  0 -9 
245 220   1  6  0 -9 
245 240  -1  5  0 -9 
245 242   1  3  0 -9 
245 244  -1  4  0 -9 
246 246   1  8  0 -9 
247 155   1  6  1  4  0 -9 
247 156  -1  5 -1  3 -1  1  0 -9 
247 160  -1  3  0 -9 
247 164   1  2  0 -9 
247 167  -1  1  0 -9 
247 168  -1  4  0 -9 
247 220  -1  3  0 -9 
247 226  -1  1  0 -9 
247 228  -1  4  0 -9 
247 229   1  2  0 -9 
247 230   1  5  0 -9 
247 240   1  2  0 -9 
247 242   1  2  0 -9 
247 245  -1  1  0 -9 
247 246  -1  4  0 -9 
247 247   1  0  0 -9 
247 248   1  3  0 -9 
248 168   1  7  0 -9 
248 246   1  7  0 -9 
248 248  -1  6  0 -9 
249 155   1  3  0 -9 
249 156  -1  2 -1  0  0 -9 
249 160  -1  2  0 -9 
249 164   1  1  0 -9 
249 167  -1  0  0 -9 
249 168  -1  3  0 -9 
249 170  -1  0  0 -9 
249 220  -1  2  0 -9 
249 226  -1  0  0 -9 
249 228  -1  3  0 -9 
249 229   1  1  0 -9 
249 230   1  4  0 -9 
249 235   1 -1  0 -9 
249 237  -1  0  0 -9 
249 238   1  1  0 -9 
249 239  -1  2  0 -9 
249 240   1  1  0 -9 
249 244   1  2  0 -9 
249 245  -1  0  0 -9 
249 246  -1  3  0 -9 
249 247   1 -1  0 -9 
249 248   1  2  0 -9 
249 249  -1 -2  0 -9 
249 251   1 -1  0 -9 
249 252  -1  0  0 -9 
249 253   1  1  0 -9 
250 223   1  5  0 -9 
250 227  -1  4  0 -9 
250 232   1  2  0 -9 
250 236  -1  1  0 -9 
250 239  -1  4  0 -9 
250 243   1  3  0 -9 
250 250   1  0  0 -9 
250 253   1  3  0 -9 
251 176  -1  3  0 -9 
251 228  -1  4  0 -9 
251 230   1  5  0 -9 
251 237  -1  1  0 -9 
251 238   1  2  0 -9 
251 239  -1  3  0 -9 
251 244   1  3  0 -9 
251 246  -1  4  0 -9 
251 251   1  0  0 -9 
251 252  -1  1  0 -9 
251 253   1  2  0 -9 
251 254   1  2  0 -9 
252 168   1  5  0 -9 
252 176  -1  4  0 -9 
252 239   1  6  0 -9 
252 248  -1  4  0 -9 
252 253  -1  5  0 -9 
252 254   1  3  0 -9 
253 239   1  7  0 -9 
253 253  -1  6  0 -9 
254 168   1  6  0 -9 
254 176  -1  5  0 -9 
254 177   1  6  0 -9 
254 246   1  6  0 -9 
254 248  -1  5  0 -9 
254 252   1  3  0 -9 
254 253  -1  4  0 -9 
9999 9999
