 0  0  -1  6  0 -9 
 1  0   1  3  0 -9 
 1  1   1  0  0 -9 
 2  2  -1  6  0 -9 
 3  2  -1  4  0 -9 
 3  4   1  3  0 -9 
 4  2  -1  5  0 -9 
 4  3   1  3  0 -9 
 5  2   1  2  0 -9 
 5  3   1  2  0 -9 
 5  4  -1  1  0 -9 
 5  5   1  0  0 -9 
 6  2   1  1  0 -9 
 6  4  -1  0  0 -9 
 6  5   1 -1  0 -9 
 6  6  -1 -2  0 -9 
 7  2   1  3  0 -9 
 7  7   1  0  0 -9 
 8  8   1  0  0 -9 
 9  9   1  0  0 -9 
10  9   1 -1  0 -9 
10 10  -1 -2  0 -9 
11 11   1  0  0 -9 
12 12   1  0  0 -9 
13 13  -1  6  0 -9 
14  0  -1  4  0 -9 
14 13  -1  4  0 -9 
14 15   1  3  0 -9 
15  0  -1  5  0 -9 
15 13  -1  5  0 -9 
15 14   1  3  0 -9 
16  0   1  2  0 -9 
16 13   1  2  0 -9 
16 14   1  2  0 -9 
16 15  -1  1  0 -9 
16 16   1  0  0 -9 
17  0   1  1  0 -9 
17 13   1  1  0 -9 
17 15  -1  0  0 -9 
17 16   1 -1  0 -9 
17 17  -1 -2  0 -9 
18 13   1  3  0 -9 
18 18   1  0  0 -9 
19 19   1  0  0 -9 
20 13  -1  5  0 -9 
20 21   1  3  0 -9 
21 13  -1  4  0 -9 
21 20   1  3  0 -9 
22 20   1  2  0 -9 
22 21  -1  1  0 -9 
22 22   1  0  0 -9 
23 13   1  2  0 -9 
23 18   1 -1  0 -9 
23 21  -1  0  0 -9 
23 22   1 -1  0 -9 
23 23  -1 -2  0 -9 
24 24   1  0  0 -9 
25 19   1 -1  0 -9 
25 24   1 -1  0 -9 
25 25  -1 -2  0 -9 
26 26   1  0  0 -9 
27 26   1 -1  0 -9 
27 27  -1 -2  0 -9 
28 28   1  0  0 -9 
29 29   1  0  0 -9 
30 29   1 -1  0 -9 
30 30  -1 -2  0 -9 
31 31   1  0  0 -9 
32 28   1 -1  0 -9 
32 31   1 -1  0 -9 
32 32  -1 -2  0 -9 
33 33   1  0  0 -9 
34 34   1  0  0 -9 
35 34   1 -1  0 -9 
35 35  -1 -2  0 -9 
9999 9999
