 0  0   1  8  0 -9 
 1  0   1  7  0 -9 
 1  1  -1  6  0 -9 
 2  1  -1  4  0 -9 
 2  3   1  3  0 -9 
 3  0   1  6  0 -9 
 3  1  -1  5  0 -9 
 3  2   1  3  0 -9 
 4  4  -1  6  0 -9 
 5  0   1  5  0 -9 
 5  1  -1  4  0 -9 
 5  2   1  2  0 -9 
 5  3  -1  1  0 -9 
 5  4   1  3  0 -9 
 5  5   1  0  0 -9 
 6  6  -1  6  0 -9 
 7  6   1  3  0 -9 
 7  7   1  0  0 -9 
 8  8   1  8  0 -9 
 9  8   1  7  0 -9 
 9  9  -1  6  0 -9 
10  8   1  7  0 -9 
10 10  -1  6  0 -9 
11  8   1  6  0 -9 
11  9  -1  5  0 -9 
11 10  -1  5  0 -9 
11 12   1  3  0 -9 
12  8   1  5  0 -9 
12  9  -1  4  0 -9 
12 10  -1  4  0 -9 
12 11   1  3  0 -9 
13  4  -1  4  0 -9 
13  9  -1  4  0 -9 
13 14   1  3  0 -9 
14  4  -1  5  0 -9 
14  8   1  6  0 -9 
14  9  -1  5  0 -9 
14 13   1  3  0 -9 
15  4   1  2  0 -9 
15  8   1  5  0 -9 
15  9  -1  4  0 -9 
15 13   1  2  0 -9 
15 14  -1  1  0 -9 
15 15   1  0  0 -9 
16  4   1  1  0 -9 
16  8   1  4  0 -9 
16  9  -1  3  0 -9 
16 10  -1  3  0 -9 
16 11   1  2  0 -9 
16 12   1 -1  0 -9 
16 14  -1  0  0 -9 
16 15   1 -1  0 -9 
16 16  -1 -2  0 -9 
17 17  -1  6  0 -9 
18  6  -1  4  0 -9 
18 17  -1  4  0 -9 
18 19   1  3  0 -9 
19  6  -1  5  0 -9 
19 17  -1  5  0 -9 
19 18   1  3  0 -9 
20  6   1  2  0 -9 
20 17   1  2  0 -9 
20 18   1  2  0 -9 
20 19  -1  1  0 -9 
20 20   1  0  0 -9 
21  6   1  1  0 -9 
21 17   1  1  0 -9 
21 19  -1  0  0 -9 
21 20   1 -1  0 -9 
21 21  -1 -2  0 -9 
22 17   1  3  0 -9 
22 22   1  0  0 -9 
23 17  -1  5  0 -9 
23 24   1  3  0 -9 
24 17  -1  4  0 -9 
24 23   1  3  0 -9 
25 23   1  2  0 -9 
25 24  -1  1  0 -9 
25 25   1  0  0 -9 
26 17   1  2  0 -9 
26 22   1 -1  0 -9 
26 24  -1  0  0 -9 
26 25   1 -1  0 -9 
26 26  -1 -2  0 -9 
27 27  -1  6  0 -9 
28 27  -1  4  0 -9 
28 29   1  3  0 -9 
29 27  -1  5  0 -9 
29 28   1  3  0 -9 
30 27   1  2  0 -9 
30 28   1  2  0 -9 
30 29  -1  1  0 -9 
30 30   1  0  0 -9 
31 27   1  1  0 -9 
31 29  -1  0  0 -9 
31 30   1 -1  0 -9 
31 31  -1 -2  0 -9 
32 27   1  3  0 -9 
32 32   1  0  0 -9 
33 33   1  0  0 -9 
34 34   1  0  0 -9 
35 34   1 -1  0 -9 
35 35  -1 -2  0 -9 
36 36  -1  6  0 -9 
37 36   1  3  0 -9 
37 37   1  0  0 -9 
38 38  -1  6  0 -9 
39 38  -1  4  0 -9 
39 40   1  3  0 -9 
40 38  -1  5  0 -9 
40 39   1  3  0 -9 
41 38   1  2  0 -9 
41 39   1  2  0 -9 
41 40  -1  1  0 -9 
41 41   1  0  0 -9 
42 38   1  1  0 -9 
42 40  -1  0  0 -9 
42 41   1 -1  0 -9 
42 42  -1 -2  0 -9 
43 38   1  3  0 -9 
43 43   1  0  0 -9 
44 44   1  0  0 -9 
45 45   1  0  0 -9 
46 45   1 -1  0 -9 
46 46  -1 -2  0 -9 
47 47   1  0  0 -9 
48 48   1  8  0 -9 
49 48   1  7  0 -9 
49 49  -1  6  0 -9 
50  0   1  7  0 -9 
50 48   1  7  0 -9 
50 50  -1  6  0 -9 
51  0   1  6  0 -9 
51  1  -1  5  0 -9 
51 48   1  6  0 -9 
51 49  -1  5  0 -9 
51 50  -1  5  0 -9 
51 52   1  3  0 -9 
52  0   1  5  0 -9 
52  1  -1  4  0 -9 
52 48   1  5  0 -9 
52 49  -1  4  0 -9 
52 50  -1  4  0 -9 
52 51   1  3  0 -9 
53  4  -1  5  0 -9 
53 49  -1  4  0 -9 
53 54   1  3  0 -9 
54  4  -1  4  0 -9 
54 48   1  6  0 -9 
54 49  -1  5  0 -9 
54 53   1  3  0 -9 
55 48   1  5  0 -9 
55 49  -1  4  0 -9 
55 53   1  2  0 -9 
55 54  -1  1  0 -9 
55 55   1  0  0 -9 
56  0   1  4  0 -9 
56  1  -1  3  0 -9 
56  3  -1  0  0 -9 
56  4   1  2  0 -9 
56  5   1 -1  0 -9 
56 48   1  4  0 -9 
56 49  -1  3  0 -9 
56 50  -1  3  0 -9 
56 51   1  2  0 -9 
56 52   1 -1  0 -9 
56 54  -1  0  0 -9 
56 55   1 -1  0 -9 
56 56  -1 -2  0 -9 
57 57  -1  6  0 -9 
58  6  -1  5  0 -9 
58 57  -1  4  0 -9 
58 59   1  3  0 -9 
59  6  -1  4  0 -9 
59 57  -1  5  0 -9 
59 58   1  3  0 -9 
60 57   1  2  0 -9 
60 58   1  2  0 -9 
60 59  -1  1  0 -9 
60 60   1  0  0 -9 
61  6   1  2  0 -9 
61  7   1 -1  0 -9 
61 57   1  1  0 -9 
61 59  -1  0  0 -9 
61 60   1 -1  0 -9 
61 61  -1 -2  0 -9 
62 57   1  3  0 -9 
62 62   1  0  0 -9 
63 27  -1  5  0 -9 
63 57  -1  5  0 -9 
63 64   1  3  0 -9 
64 27  -1  4  0 -9 
64 57  -1  4  0 -9 
64 63   1  3  0 -9 
65 63   1  2  0 -9 
65 64  -1  1  0 -9 
65 65   1  0  0 -9 
66 27   1  2  0 -9 
66 32   1 -1  0 -9 
66 57   1  2  0 -9 
66 62   1 -1  0 -9 
66 64  -1  0  0 -9 
66 65   1 -1  0 -9 
66 66  -1 -2  0 -9 
67 67   1  0  0 -9 
68 33   1 -1  0 -9 
68 67   1 -1  0 -9 
68 68  -1 -2  0 -9 
69 69  -1  6  0 -9 
70 36  -1  5  0 -9 
70 69  -1  4  0 -9 
70 71   1  3  0 -9 
71 36  -1  4  0 -9 
71 69  -1  5  0 -9 
71 70   1  3  0 -9 
72 69   1  2  0 -9 
72 70   1  2  0 -9 
72 71  -1  1  0 -9 
72 72   1  0  0 -9 
73 36   1  2  0 -9 
73 37   1 -1  0 -9 
73 69   1  1  0 -9 
73 71  -1  0  0 -9 
73 72   1 -1  0 -9 
73 73  -1 -2  0 -9 
74 69   1  3  0 -9 
74 74   1  0  0 -9 
75 75   1  0  0 -9 
76 38  -1  5  0 -9 
76 69  -1  5  0 -9 
76 77   1  3  0 -9 
77 38  -1  4  0 -9 
77 69  -1  4  0 -9 
77 76   1  3  0 -9 
78 76   1  2  0 -9 
78 77  -1  1  0 -9 
78 78   1  0  0 -9 
79 38   1  2  0 -9 
79 43   1 -1  0 -9 
79 69   1  2  0 -9 
79 74   1 -1  0 -9 
79 77  -1  0  0 -9 
79 78   1 -1  0 -9 
79 79  -1 -2  0 -9 
80 80   1  0  0 -9 
81 44   1 -1  0 -9 
81 75   1 -1  0 -9 
81 80   1 -1  0 -9 
81 81  -1 -2  0 -9 
82 82   1  0  0 -9 
83 47   1 -1  0 -9 
83 82   1 -1  0 -9 
83 83  -1 -2  0 -9 
84 84  -1  6  0 -9 
85 36  -1  4  0 -9 
85 84  -1  4  0 -9 
85 86   1  3  0 -9 
86 36  -1  5  0 -9 
86 84  -1  5  0 -9 
86 85   1  3  0 -9 
87 36   1  2  0 -9 
87 84   1  2  0 -9 
87 85   1  2  0 -9 
87 86  -1  1  0 -9 
87 87   1  0  0 -9 
88 36   1  1  0 -9 
88 84   1  1  0 -9 
88 86  -1  0  0 -9 
88 87   1 -1  0 -9 
88 88  -1 -2  0 -9 
89 84   1  3  0 -9 
89 89   1  0  0 -9 
90 90   1  0  0 -9 
91 84  -1  5  0 -9 
91 92   1  3  0 -9 
92 84  -1  4  0 -9 
92 91   1  3  0 -9 
93 91   1  2  0 -9 
93 92  -1  1  0 -9 
93 93   1  0  0 -9 
94 84   1  2  0 -9 
94 89   1 -1  0 -9 
94 92  -1  0  0 -9 
94 93   1 -1  0 -9 
94 94  -1 -2  0 -9 
95 95   1  0  0 -9 
96 90   1 -1  0 -9 
96 95   1 -1  0 -9 
96 96  -1 -2  0 -9 
97 97   1  0  0 -9 
98 97   1 -1  0 -9 
98 98  -1 -2  0 -9 
99 99   1  0  0 -9 
100 100   1  0  0 -9 
101 100   1 -1  0 -9 
101 101  -1 -2  0 -9 
102 102   1  0  0 -9 
103 99   1 -1  0 -9 
103 102   1 -1  0 -9 
103 103  -1 -2  0 -9 
9999 9999
