 0  0   1  8  0 -9 
 1  0   1  7  0 -9 
 1  1  -1  6  0 -9 
 2  0   1  7  0 -9 
 2  2  -1  6  0 -9 
 3  0   1  6  0 -9 
 3  1  -1  5  0 -9 
 3  2  -1  5  0 -9 
 3  4   1  3  0 -9 
 4  0   1  5  0 -9 
 4  1  -1  4  0 -9 
 4  2  -1  4  0 -9 
 4  3   1  3  0 -9 
 5  0   1  5  0 -9 
 5  1  -1  4  0 -9 
 5  2  -1  4  0 -9 
 5  6   1  3  0 -9 
 6  0   1  6  0 -9 
 6  1  -1  5  0 -9 
 6  2  -1  5  0 -9 
 6  5   1  3  0 -9 
 7  0   1  4  0 -9 
 7  1  -1  3  0 -9 
 7  2  -1  3  0 -9 
 7  3   1  2  0 -9 
 7  4  -1  1  0 -9 
 7  5  -1  1  0 -9 
 7  6   1  2  0 -9 
 7  7   1  0  0 -9 
 8  8   1  8  0 -9 
 9  8   1  7  0 -9 
 9  9  -1  6  0 -9 
10  8   1  7  0 -9 
10 10  -1  6  0 -9 
11  8   1  6  0 -9 
11  9  -1  5  0 -9 
11 10  -1  5  0 -9 
11 12   1  3  0 -9 
12  8   1  5  0 -9 
12  9  -1  4  0 -9 
12 10  -1  4  0 -9 
12 11   1  3  0 -9 
13  0   1  6  0 -9 
13  2  -1  5  0 -9 
13  9  -1  4  0 -9 
13 14   1  3  0 -9 
14  2  -1  4  0 -9 
14  8   1  6  0 -9 
14  9  -1  5  0 -9 
14 13   1  3  0 -9 
15  2  -1  3  0 -9 
15  5  -1  1  0 -9 
15  6   1  2  0 -9 
15  8   1  5  0 -9 
15  9  -1  4  0 -9 
15 13   1  2  0 -9 
15 14  -1  1  0 -9 
15 15   1  0  0 -9 
16  4  -1  0  0 -9 
16  5  -1  0  0 -9 
16  6   1  1  0 -9 
16  7   1 -1  0 -9 
16  8   1  4  0 -9 
16  9  -1  3  0 -9 
16 10  -1  3  0 -9 
16 11   1  2  0 -9 
16 12   1 -1  0 -9 
16 14  -1  0  0 -9 
16 15   1 -1  0 -9 
16 16  -1 -2  0 -9 
17  2  -1  4  0 -9 
17 18   1  3  0 -9 
18  0   1  6  0 -9 
18  2  -1  5  0 -9 
18 17   1  3  0 -9 
19 19  -1  6  0 -9 
20 10  -1  4  0 -9 
20 19  -1  4  0 -9 
20 21   1  3  0 -9 
21  8   1  6  0 -9 
21 10  -1  5  0 -9 
21 19  -1  5  0 -9 
21 20   1  3  0 -9 
22 19  -1  5  0 -9 
22 23   1  3  0 -9 
23 19  -1  4  0 -9 
23 22   1  3  0 -9 
24 10  -1  3  0 -9 
24 11   1  2  0 -9 
24 12  -1  1  0 -9 
24 19  -1  3  0 -9 
24 20  -1  1  0 -9 
24 21   1  2  0 -9 
24 22   1  2  0 -9 
24 23  -1  1  0 -9 
24 24   1  0  0 -9 
25  0   1  5  0 -9 
25  2  -1  4  1  2  0 -9 
25  9  -1  3  0 -9 
25 10  -1  3  0 -9 
25 11   1  2  0 -9 
25 12  -1  1  0 -9 
25 13  -1  1  0 -9 
25 14   1  2  0 -9 
25 17   1  2  0 -9 
25 18  -1  1  0 -9 
25 19  -1  3  0 -9 
25 20  -1  1  0 -9 
25 21   1  2  0 -9 
25 22   1  2  0 -9 
25 23  -1  1  0 -9 
25 25   1  0  0 -9 
26  2   1  1  0 -9 
26 10  -1  2  0 -9 
26 11   1  1  0 -9 
26 12  -1  0  0 -9 
26 13  -1  0  0 -9 
26 18  -1  0  0 -9 
26 19  -1  2  0 -9 
26 20  -1  0  0 -9 
26 21   1  1  0 -9 
26 22   1  1  0 -9 
26 23  -1  0  0 -9 
26 24   1 -1  0 -9 
26 25   1 -1  0 -9 
26 26  -1 -2  0 -9 
27 27   1  8  0 -9 
28  8   1  5  0 -9 
28  9  -1  4  0 -9 
28 10  -1  4  0 -9 
28 27  -1  4  0 -9 
28 29   1  3  0 -9 
29  8   1  6  0 -9 
29  9  -1  5  0 -9 
29 10  -1  5  0 -9 
29 27   1  7  0 -9 
29 28   1  3  0 -9 
30  8   1  4  0 -9 
30  9  -1  3  0 -9 
30 10  -1  3  0 -9 
30 11   1  2  0 -9 
30 12  -1  1  0 -9 
30 27  -1  3  0 -9 
30 28  -1  1  0 -9 
30 29   1  2  0 -9 
30 30   1  0  0 -9 
31  0   1  7  0 -9 
31 27   1  7  0 -9 
31 31  -1  6  0 -9 
32  0   1  5  0 -9 
32  2  -1  4  0 -9 
32 31  -1  4  0 -9 
32 33   1  3  0 -9 
33  0   1  6  0 -9 
33  2  -1  5  0 -9 
33 27   1  6  0 -9 
33 31  -1  5  0 -9 
33 32   1  3  0 -9 
34  0  -1  3  0 -9 
34  1   1  2  0 -9 
34  2  -1  4  1  2  0 -9 
34  3  -1  1  0 -9 
34  4   1  2  0 -9 
34  8   1  6  1  4  0 -9 
34  9  -1  5 -1  3 -1  1  0 -9 
34 10  -1  3  0 -9 
34 11   1  2  0 -9 
34 12  -1  1  0 -9 
34 27  -1  3  0 -9 
34 28  -1  1  0 -9 
34 29   1  2  0 -9 
34 31   1  2  0 -9 
34 32   1  2  0 -9 
34 33  -1  1  0 -9 
34 34   1  0  0 -9 
35  0  -1  2  0 -9 
35  1   1  1  0 -9 
35  2   1  1  0 -9 
35  3  -1  0  0 -9 
35  8   1  3  0 -9 
35  9  -1  2 -1  0  0 -9 
35 10  -1  2  0 -9 
35 11   1  1  0 -9 
35 12  -1  0  0 -9 
35 27  -1  2  0 -9 
35 28  -1  0  0 -9 
35 29   1  1  0 -9 
35 30   1 -1  0 -9 
35 31   1  1  0 -9 
35 33  -1  0  0 -9 
35 34   1 -1  0 -9 
35 35  -1 -2  0 -9 
36 27   1  7  0 -9 
36 36  -1  6  0 -9 
37 36  -1  4  0 -9 
37 38   1  3  0 -9 
38 27   1  6  0 -9 
38 36  -1  5  0 -9 
38 37   1  3  0 -9 
39  0   1  6  0 -9 
39  2  -1  5  0 -9 
39 27   1  6  0 -9 
39 31  -1  5  0 -9 
39 36  -1  5  0 -9 
39 40   1  3  0 -9 
40  0   1  5  0 -9 
40  2  -1  4  0 -9 
40 27   1  5  0 -9 
40 31  -1  4  0 -9 
40 36  -1  4  0 -9 
40 39   1  3  0 -9 
41  2  -1  3  0 -9 
41 17  -1  1  0 -9 
41 18   1  2  0 -9 
41 36  -1  3  0 -9 
41 37  -1  1  0 -9 
41 38   1  2  0 -9 
41 39   1  2  0 -9 
41 40  -1  1  0 -9 
41 41   1  0  0 -9 
42  0   1  4  0 -9 
42  2  -1  3  0 -9 
42 31  -1  3  0 -9 
42 32  -1  1  0 -9 
42 33   1  2  0 -9 
42 36  -1  3  0 -9 
42 37  -1  1  0 -9 
42 38   1  2  0 -9 
42 39   1  2  0 -9 
42 40  -1  1  0 -9 
42 42   1  0  0 -9 
43 17  -1  0  0 -9 
43 32  -1  0  0 -9 
43 36  -1  2  0 -9 
43 37  -1  0  0 -9 
43 38   1  1  0 -9 
43 39   1  1  0 -9 
43 40  -1  0  0 -9 
43 41   1 -1  0 -9 
43 42   1 -1  0 -9 
43 43  -1 -2  0 -9 
44 19  -1  4  0 -9 
44 45   1  3  0 -9 
45 19  -1  5  0 -9 
45 44   1  3  0 -9 
46 19  -1  3  0 -9 
46 22   1  2  0 -9 
46 23  -1  1  0 -9 
46 44  -1  1  0 -9 
46 45   1  2  0 -9 
46 46   1  0  0 -9 
47 11   1  1  0 -9 
47 12  -1  0  0 -9 
47 20  -1  0  0 -9 
47 22   1  1  0 -9 
47 23  -1  0  0 -9 
47 24   1 -1  0 -9 
47 28  -1  0  0 -9 
47 30   1 -1  0 -9 
47 36  -1  3  0 -9 
47 37   1 -1  0 -9 
47 38   1  2  0 -9 
47 44  -1  0  0 -9 
47 46   1 -1  0 -9 
47 47  -1 -2  0 -9 
48 48   1  8  0 -9 
49 48   1  7  0 -9 
49 49  -1  6  0 -9 
50 48   1  7  0 -9 
50 50  -1  6  0 -9 
51 48   1  6  0 -9 
51 49  -1  5  0 -9 
51 50  -1  5  0 -9 
51 52   1  3  0 -9 
52 48   1  5  0 -9 
52 49  -1  4  0 -9 
52 50  -1  4  0 -9 
52 51   1  3  0 -9 
53 48   1  5  0 -9 
53 49  -1  4  0 -9 
53 50  -1  4  0 -9 
53 54   1  3  0 -9 
54 48   1  6  0 -9 
54 49  -1  5  0 -9 
54 50  -1  5  0 -9 
54 53   1  3  0 -9 
55 48   1  4  0 -9 
55 49  -1  3  0 -9 
55 50  -1  3  0 -9 
55 51   1  2  0 -9 
55 52  -1  1  0 -9 
55 53  -1  1  0 -9 
55 54   1  2  0 -9 
55 55   1  0  0 -9 
56 56   1  8  0 -9 
57 56  -1  4  0 -9 
57 58   1  3  0 -9 
58 56   1  7  0 -9 
58 57   1  3  0 -9 
59 56  -1  3  0 -9 
59 57  -1  1  0 -9 
59 58   1  2  0 -9 
59 59   1  0  0 -9 
60 56   1  7  0 -9 
60 60  -1  6  0 -9 
61 60  -1  4  0 -9 
61 62   1  3  0 -9 
62 56   1  6  0 -9 
62 60  -1  5  0 -9 
62 61   1  3  0 -9 
63 48   1  6  1  4  0 -9 
63 49  -1  5 -1  3 -1  1  0 -9 
63 50  -1  3  0 -9 
63 51   1  2  0 -9 
63 52  -1  1  0 -9 
63 53  -1  1  0 -9 
63 54   1  2  0 -9 
63 56  -1  3  0 -9 
63 57  -1  1  0 -9 
63 58   1  2  0 -9 
63 60   1  2  0 -9 
63 61   1  2  0 -9 
63 62  -1  1  0 -9 
63 63   1  0  0 -9 
64 48   1  3  0 -9 
64 49  -1  2 -1  0  0 -9 
64 50  -1  2  0 -9 
64 51   1  1  0 -9 
64 52  -1  0  0 -9 
64 53  -1  0  0 -9 
64 54   1  1  0 -9 
64 55   1 -1  0 -9 
64 56  -1  2  0 -9 
64 57  -1  0  0 -9 
64 58   1  1  0 -9 
64 59   1 -1  0 -9 
64 60   1  1  0 -9 
64 62  -1  0  0 -9 
64 63   1 -1  0 -9 
64 64  -1 -2  0 -9 
65 56   1  7  0 -9 
65 65  -1  6  0 -9 
66 65  -1  4  0 -9 
66 67   1  3  0 -9 
67 56   1  6  0 -9 
67 65  -1  5  0 -9 
67 66   1  3  0 -9 
68 56   1  6  0 -9 
68 60  -1  5  0 -9 
68 65  -1  5  0 -9 
68 69   1  3  0 -9 
69 56   1  5  0 -9 
69 60  -1  4  0 -9 
69 65  -1  4  0 -9 
69 68   1  3  0 -9 
70 65  -1  3  0 -9 
70 66  -1  1  0 -9 
70 67   1  2  0 -9 
70 68   1  2  0 -9 
70 69  -1  1  0 -9 
70 70   1  0  0 -9 
71 60  -1  3  0 -9 
71 61  -1  1  0 -9 
71 62   1  2  0 -9 
71 65  -1  3  0 -9 
71 66  -1  1  0 -9 
71 67   1  2  0 -9 
71 68   1  2  0 -9 
71 69  -1  1  0 -9 
71 71   1  0  0 -9 
72 61  -1  0  0 -9 
72 65  -1  2  0 -9 
72 66  -1  0  0 -9 
72 67   1  1  0 -9 
72 68   1  1  0 -9 
72 69  -1  0  0 -9 
72 70   1 -1  0 -9 
72 71   1 -1  0 -9 
72 72  -1 -2  0 -9 
73 74   1  3  0 -9 
74 73   1  3  0 -9 
75 73  -1  1  0 -9 
75 74   1  2  0 -9 
75 75   1  0  0 -9 
76 57  -1  0  0 -9 
76 59   1 -1  0 -9 
76 65  -1  3  0 -9 
76 66   1 -1  0 -9 
76 67   1  2  0 -9 
76 73  -1  0  0 -9 
76 75   1 -1  0 -9 
76 76  -1 -2  0 -9 
77 77   1  8  0 -9 
78 77   1  7  0 -9 
78 78  -1  6  0 -9 
79 77   1  7  0 -9 
79 79  -1  6  0 -9 
80 77   1  6  0 -9 
80 78  -1  5  0 -9 
80 79  -1  5  0 -9 
80 81   1  3  0 -9 
81 77   1  5  0 -9 
81 78  -1  4  0 -9 
81 79  -1  4  0 -9 
81 80   1  3  0 -9 
82 48   1  6  0 -9 
82 50  -1  5  0 -9 
82 78  -1  4  0 -9 
82 83   1  3  0 -9 
83 50  -1  4  0 -9 
83 77   1  6  0 -9 
83 78  -1  5  0 -9 
83 82   1  3  0 -9 
84 50  -1  3  0 -9 
84 53  -1  1  0 -9 
84 54   1  2  0 -9 
84 77   1  5  0 -9 
84 78  -1  4  0 -9 
84 82   1  2  0 -9 
84 83  -1  1  0 -9 
84 84   1  0  0 -9 
85 52  -1  0  0 -9 
85 53  -1  0  0 -9 
85 54   1  1  0 -9 
85 55   1 -1  0 -9 
85 77   1  4  0 -9 
85 78  -1  3  0 -9 
85 79  -1  3  0 -9 
85 80   1  2  0 -9 
85 81   1 -1  0 -9 
85 83  -1  0  0 -9 
85 84   1 -1  0 -9 
85 85  -1 -2  0 -9 
86 86   1  8  0 -9 
87 77   1  5  0 -9 
87 78  -1  4  0 -9 
87 79  -1  4  0 -9 
87 86  -1  4  0 -9 
87 88   1  3  0 -9 
88 77   1  6  0 -9 
88 78  -1  5  0 -9 
88 79  -1  5  0 -9 
88 86   1  7  0 -9 
88 87   1  3  0 -9 
89 77   1  4  0 -9 
89 78  -1  3  0 -9 
89 79  -1  3  0 -9 
89 80   1  2  0 -9 
89 81  -1  1  0 -9 
89 86  -1  3  0 -9 
89 87  -1  1  0 -9 
89 88   1  2  0 -9 
89 89   1  0  0 -9 
90 86   1  7  0 -9 
90 90  -1  6  0 -9 
91 90  -1  4  0 -9 
91 92   1  3  0 -9 
92 86   1  6  0 -9 
92 90  -1  5  0 -9 
92 91   1  3  0 -9 
93 77   1  6  1  4  0 -9 
93 78  -1  5 -1  3 -1  1  0 -9 
93 79  -1  3  0 -9 
93 80   1  2  0 -9 
93 81  -1  1  0 -9 
93 86  -1  3  0 -9 
93 87  -1  1  0 -9 
93 88   1  2  0 -9 
93 90   1  2  0 -9 
93 91   1  2  0 -9 
93 92  -1  1  0 -9 
93 93   1  0  0 -9 
94 77   1  3  0 -9 
94 78  -1  2 -1  0  0 -9 
94 79  -1  2  0 -9 
94 80   1  1  0 -9 
94 81  -1  0  0 -9 
94 86  -1  2  0 -9 
94 87  -1  0  0 -9 
94 88   1  1  0 -9 
94 89   1 -1  0 -9 
94 90   1  1  0 -9 
94 92  -1  0  0 -9 
94 93   1 -1  0 -9 
94 94  -1 -2  0 -9 
95 27   1  7  0 -9 
95 56   1  7  0 -9 
95 95  -1  6  0 -9 
96 95  -1  4  0 -9 
96 97   1  3  0 -9 
97 27   1  6  0 -9 
97 56   1  6  0 -9 
97 95  -1  5  0 -9 
97 96   1  3  0 -9 
98  8   1  6  1  4  0 -9 
98  9  -1  5 -1  3 -1  1  0 -9 
98 10  -1  3  0 -9 
98 11   1  2  0 -9 
98 12  -1  1  0 -9 
98 27  -1  3  0 -9 
98 28  -1  1  0 -9 
98 29   1  2  0 -9 
98 56  -1  3  0 -9 
98 57  -1  1  0 -9 
98 58   1  2  0 -9 
98 95   1  2  0 -9 
98 96   1  2  0 -9 
98 97  -1  1  0 -9 
98 98   1  0  0 -9 
99  8   1  3  0 -9 
99  9  -1  2 -1  0  0 -9 
99 10  -1  2  0 -9 
99 11   1  1  0 -9 
99 12  -1  0  0 -9 
99 27  -1  2  0 -9 
99 28  -1  0  0 -9 
99 29   1  1  0 -9 
99 30   1 -1  0 -9 
99 56  -1  2  0 -9 
99 57  -1  0  0 -9 
99 58   1  1  0 -9 
99 59   1 -1  0 -9 
99 95   1  1  0 -9 
99 97  -1  0  0 -9 
99 98   1 -1  0 -9 
99 99  -1 -2  0 -9 
100  2  -1  3  0 -9 
100  8   1  5  0 -9 
100  9  -1  4  0 -9 
100 13   1  2  0 -9 
100 14  -1  1  0 -9 
100 27  -1  4  0 -9 
100 32  -1  1  0 -9 
100 33   1  2  0 -9 
100 56  -1  4  0 -9 
100 61  -1  1  0 -9 
100 62   1  2  0 -9 
100 86   1  5  0 -9 
100 90  -1  4  0 -9 
100 91   1  2  0 -9 
100 92  -1  1  0 -9 
100 95   1  3  0 -9 
100 100   1  0  0 -9 
101 86   1  7  0 -9 
101 101  -1  6  0 -9 
102 101  -1  4  0 -9 
102 103   1  3  0 -9 
103 86   1  6  0 -9 
103 101  -1  5  0 -9 
103 102   1  3  0 -9 
104 86   1  6  0 -9 
104 90  -1  5  0 -9 
104 101  -1  5  0 -9 
104 105   1  3  0 -9 
105 86   1  5  0 -9 
105 90  -1  4  0 -9 
105 101  -1  4  0 -9 
105 104   1  3  0 -9 
106 101  -1  3  0 -9 
106 102  -1  1  0 -9 
106 103   1  2  0 -9 
106 104   1  2  0 -9 
106 105  -1  1  0 -9 
106 106   1  0  0 -9 
107 90  -1  3  0 -9 
107 91  -1  1  0 -9 
107 92   1  2  0 -9 
107 101  -1  3  0 -9 
107 102  -1  1  0 -9 
107 103   1  2  0 -9 
107 104   1  2  0 -9 
107 105  -1  1  0 -9 
107 107   1  0  0 -9 
108 91  -1  0  0 -9 
108 101  -1  2  0 -9 
108 102  -1  0  0 -9 
108 103   1  1  0 -9 
108 104   1  1  0 -9 
108 105  -1  0  0 -9 
108 106   1 -1  0 -9 
108 107   1 -1  0 -9 
108 108  -1 -2  0 -9 
109 27   1  6  0 -9 
109 36  -1  5  0 -9 
109 56   1  6  0 -9 
109 65  -1  5  0 -9 
109 95  -1  5  0 -9 
109 110   1  3  0 -9 
110 27   1  5  0 -9 
110 36  -1  4  0 -9 
110 56   1  5  0 -9 
110 65  -1  4  0 -9 
110 95  -1  4  0 -9 
110 109   1  3  0 -9 
111 36  -1  3  0 -9 
111 37  -1  1  0 -9 
111 38   1  2  0 -9 
111 65  -1  3  0 -9 
111 66  -1  1  0 -9 
111 67   1  2  0 -9 
111 109   1  2  0 -9 
111 110  -1  1  0 -9 
111 111   1  0  0 -9 
112  8   1  4  0 -9 
112  9  -1  3  0 -9 
112 10  -1  3  0 -9 
112 11   1  2  0 -9 
112 12   1 -1  0 -9 
112 14  -1  0  0 -9 
112 19  -1  3  0 -9 
112 22   1  2  0 -9 
112 23   1 -1  0 -9 
112 27  -1  3  0 -9 
112 32  -1  0  0 -9 
112 33   1  1  0 -9 
112 37  -1  0  0 -9 
112 38   1  1  0 -9 
112 40  -1  0  0 -9 
112 42   1 -1  0 -9 
112 56  -1  3  0 -9 
112 61  -1  0  0 -9 
112 62   1  1  0 -9 
112 66  -1  0  0 -9 
112 67   1  1  0 -9 
112 69  -1  0  0 -9 
112 71   1 -1  0 -9 
112 86   1  4  0 -9 
112 90  -1  3  0 -9 
112 92  -1  0  0 -9 
112 95   1  2  0 -9 
112 100   1 -1  0 -9 
112 101  -1  3  0 -9 
112 104   1  2  0 -9 
112 105   1 -1  0 -9 
112 110  -1  0  0 -9 
112 111   1 -1  0 -9 
112 112  -1 -2  0 -9 
113 114   1  3  0 -9 
114 113   1  3  0 -9 
115 36  -1  3  0 -9 
115 37  -1  1  0 -9 
115 38   1  2  0 -9 
115 65  -1  3  0 -9 
115 66  -1  1  0 -9 
115 67   1  2  0 -9 
115 95  -1  3  0 -9 
115 96  -1  1  0 -9 
115 97   1  2  0 -9 
115 109   1  2  0 -9 
115 110  -1  1  0 -9 
115 113  -1  1  0 -9 
115 114   1  2  0 -9 
115 115   1  0  0 -9 
116 36  -1  2  0 -9 
116 37  -1  0  0 -9 
116 38   1  1  0 -9 
116 65  -1  2  0 -9 
116 66  -1  0  0 -9 
116 67   1  1  0 -9 
116 96  -1  0  0 -9 
116 109   1  1  0 -9 
116 110  -1  0  0 -9 
116 111   1 -1  0 -9 
116 113  -1  0  0 -9 
116 115   1 -1  0 -9 
116 116  -1 -2  0 -9 
117 19  -1  3  0 -9 
117 22   1  2  0 -9 
117 23  -1  1  0 -9 
117 44  -1  1  0 -9 
117 45   1  2  0 -9 
117 73  -1  1  0 -9 
117 74   1  2  0 -9 
117 113   1  2  0 -9 
117 114  -1  1  0 -9 
117 117   1  0  0 -9 
118 19  -1  2  0 -9 
118 22   1  1  0 -9 
118 23  -1  0  0 -9 
118 44  -1  0  0 -9 
118 45   1  1  0 -9 
118 46   1 -1  0 -9 
118 73  -1  0  0 -9 
118 74   1  1  0 -9 
118 75   1 -1  0 -9 
118 114  -1  0  0 -9 
118 117   1 -1  0 -9 
118 118  -1 -2  0 -9 
119 86  -1  4  0 -9 
119 120   1  3  0 -9 
120 86   1  7  0 -9 
120 119   1  3  0 -9 
121 86  -1  3  0 -9 
121 119  -1  1  0 -9 
121 120   1  2  0 -9 
121 121   1  0  0 -9 
122 101  -1  3  0 -9 
122 102   1 -1  0 -9 
122 103   1  2  0 -9 
122 119  -1  0  0 -9 
122 121   1 -1  0 -9 
122 122  -1 -2  0 -9 
123 27  -1  4  0 -9 
123 124   1  3  0 -9 
124 27   1  7  0 -9 
124 123   1  3  0 -9 
125 27  -1  3  0 -9 
125 123  -1  1  0 -9 
125 124   1  2  0 -9 
125 125   1  0  0 -9 
126 36  -1  3  0 -9 
126 37   1 -1  0 -9 
126 38   1  2  0 -9 
126 123  -1  0  0 -9 
126 125   1 -1  0 -9 
126 126  -1 -2  0 -9 
127  0   1  6  1  4  0 -9 
127  2  -1  3  0 -9 
127 27   1  6  1  2  0 -9 
127 31  -1  5 -1  3 -1  1  0 -9 
127 32  -1  1  0 -9 
127 33   1  2  0 -9 
127 36  -1  3  0 -9 
127 37  -1  1  0 -9 
127 38   1  2  0 -9 
127 39   1  2  0 -9 
127 40  -1  1  0 -9 
127 86  -1  3  0 -9 
127 90   1  2  0 -9 
127 91   1  2  0 -9 
127 92  -1  1  0 -9 
127 119  -1  1  0 -9 
127 120   1  2  0 -9 
127 123   1  2  0 -9 
127 124  -1  1  0 -9 
127 127   1  0  0 -9 
128  0   1  3  0 -9 
128  2  -1  2  0 -9 
128 27   1  1  0 -9 
128 31  -1  2 -1  0  0 -9 
128 32  -1  0  0 -9 
128 33   1  1  0 -9 
128 36  -1  2  0 -9 
128 37  -1  0  0 -9 
128 38   1  1  0 -9 
128 39   1  1  0 -9 
128 40  -1  0  0 -9 
128 42   1 -1  0 -9 
128 86  -1  2  0 -9 
128 90   1  1  0 -9 
128 92  -1  0  0 -9 
128 119  -1  0  0 -9 
128 120   1  1  0 -9 
128 121   1 -1  0 -9 
128 124  -1  0  0 -9 
128 127   1 -1  0 -9 
128 128  -1 -2  0 -9 
129 113  -1  1  0 -9 
129 114   1  2  0 -9 
129 129   1  0  0 -9 
130 19  -1  3  0 -9 
130 44   1 -1  0 -9 
130 45   1  2  0 -9 
130 113  -1  0  0 -9 
130 129   1 -1  0 -9 
130 130  -1 -2  0 -9 
131 50  -1  4  0 -9 
131 132   1  3  0 -9 
132 48   1  6  0 -9 
132 50  -1  5  0 -9 
132 131   1  3  0 -9 
133 133  -1  6  0 -9 
134 133  -1  4  0 -9 
134 135   1  3  0 -9 
135 133  -1  5  0 -9 
135 134   1  3  0 -9 
136 133  -1  5  0 -9 
136 137   1  3  0 -9 
137 133  -1  4  0 -9 
137 136   1  3  0 -9 
138 50  -1  3  0 -9 
138 51   1  2  0 -9 
138 52  -1  1  0 -9 
138 131  -1  1  0 -9 
138 132   1  2  0 -9 
138 133  -1  3  0 -9 
138 134  -1  1  0 -9 
138 135   1  2  0 -9 
138 136   1  2  0 -9 
138 137  -1  1  0 -9 
138 138   1  0  0 -9 
139 133  -1  3  0 -9 
139 134  -1  1  0 -9 
139 135   1  2  0 -9 
139 136   1  2  0 -9 
139 137  -1  1  0 -9 
139 139   1  0  0 -9 
140 51   1  1  0 -9 
140 52  -1  0  0 -9 
140 53  -1  0  0 -9 
140 55   1 -1  0 -9 
140 131  -1  0  0 -9 
140 133  -1  2  0 -9 
140 134  -1  0  0 -9 
140 135   1  1  0 -9 
140 136   1  1  0 -9 
140 137  -1  0  0 -9 
140 138   1 -1  0 -9 
140 139   1 -1  0 -9 
140 140  -1 -2  0 -9 
141 141  -1  6  0 -9 
142 79  -1  4  0 -9 
142 141  -1  4  0 -9 
142 143   1  3  0 -9 
143 77   1  6  0 -9 
143 79  -1  5  0 -9 
143 141  -1  5  0 -9 
143 142   1  3  0 -9 
144 141  -1  5  0 -9 
144 145   1  3  0 -9 
145 141  -1  4  0 -9 
145 144   1  3  0 -9 
146 79  -1  3  0 -9 
146 80   1  2  0 -9 
146 81  -1  1  0 -9 
146 141  -1  3  0 -9 
146 142  -1  1  0 -9 
146 143   1  2  0 -9 
146 144   1  2  0 -9 
146 145  -1  1  0 -9 
146 146   1  0  0 -9 
147 48   1  5  0 -9 
147 50  -1  4  1  2  0 -9 
147 78  -1  3  0 -9 
147 79  -1  3  0 -9 
147 80   1  2  0 -9 
147 81  -1  1  0 -9 
147 82  -1  1  0 -9 
147 83   1  2  0 -9 
147 131   1  2  0 -9 
147 132  -1  1  0 -9 
147 141  -1  3  0 -9 
147 142  -1  1  0 -9 
147 143   1  2  0 -9 
147 144   1  2  0 -9 
147 145  -1  1  0 -9 
147 147   1  0  0 -9 
148 50   1  1  0 -9 
148 79  -1  2  0 -9 
148 80   1  1  0 -9 
148 81  -1  0  0 -9 
148 82  -1  0  0 -9 
148 132  -1  0  0 -9 
148 141  -1  2  0 -9 
148 142  -1  0  0 -9 
148 143   1  1  0 -9 
148 144   1  1  0 -9 
148 145  -1  0  0 -9 
148 146   1 -1  0 -9 
148 147   1 -1  0 -9 
148 148  -1 -2  0 -9 
149 133  -1  5  0 -9 
149 150   1  3  0 -9 
150 133  -1  4  0 -9 
150 149   1  3  0 -9 
151 133  -1  3  0 -9 
151 134  -1  1  0 -9 
151 135   1  2  0 -9 
151 149   1  2  0 -9 
151 150  -1  1  0 -9 
151 151   1  0  0 -9 
152 134  -1  0  0 -9 
152 135   1  1  0 -9 
152 137  -1  0  0 -9 
152 139   1 -1  0 -9 
152 141  -1  3  0 -9 
152 144   1  2  0 -9 
152 145   1 -1  0 -9 
152 150  -1  0  0 -9 
152 151   1 -1  0 -9 
152 152  -1 -2  0 -9 
153 141  -1  4  0 -9 
153 154   1  3  0 -9 
154 141  -1  5  0 -9 
154 153   1  3  0 -9 
155 141  -1  3  0 -9 
155 144   1  2  0 -9 
155 145  -1  1  0 -9 
155 153  -1  1  0 -9 
155 154   1  2  0 -9 
155 155   1  0  0 -9 
156 80   1  1  0 -9 
156 81  -1  0  0 -9 
156 87  -1  0  0 -9 
156 89   1 -1  0 -9 
156 101  -1  3  0 -9 
156 102   1 -1  0 -9 
156 103   1  2  0 -9 
156 133  -1  3  0 -9 
156 134   1 -1  0 -9 
156 135   1  2  0 -9 
156 142  -1  0  0 -9 
156 144   1  1  0 -9 
156 145  -1  0  0 -9 
156 146   1 -1  0 -9 
156 153  -1  0  0 -9 
156 155   1 -1  0 -9 
156 156  -1 -2  0 -9 
157 158   1  3  0 -9 
158 157   1  3  0 -9 
159 133  -1  3  0 -9 
159 134  -1  1  0 -9 
159 135   1  2  0 -9 
159 149   1  2  0 -9 
159 150  -1  1  0 -9 
159 157  -1  1  0 -9 
159 158   1  2  0 -9 
159 159   1  0  0 -9 
160 133  -1  2  0 -9 
160 134  -1  0  0 -9 
160 135   1  1  0 -9 
160 149   1  1  0 -9 
160 150  -1  0  0 -9 
160 151   1 -1  0 -9 
160 157  -1  0  0 -9 
160 159   1 -1  0 -9 
160 160  -1 -2  0 -9 
161 141  -1  3  0 -9 
161 144   1  2  0 -9 
161 145  -1  1  0 -9 
161 153  -1  1  0 -9 
161 154   1  2  0 -9 
161 157   1  2  0 -9 
161 158  -1  1  0 -9 
161 161   1  0  0 -9 
162 141  -1  2  0 -9 
162 144   1  1  0 -9 
162 145  -1  0  0 -9 
162 153  -1  0  0 -9 
162 154   1  1  0 -9 
162 155   1 -1  0 -9 
162 158  -1  0  0 -9 
162 161   1 -1  0 -9 
162 162  -1 -2  0 -9 
163 163  -1  6  0 -9 
164 163  -1  4  0 -9 
164 165   1  3  0 -9 
165 163  -1  5  0 -9 
165 164   1  3  0 -9 
166 163  -1  5  0 -9 
166 167   1  3  0 -9 
167 163  -1  4  0 -9 
167 166   1  3  0 -9 
168 163  -1  3  0 -9 
168 164  -1  1  0 -9 
168 165   1  2  0 -9 
168 166   1  2  0 -9 
168 167  -1  1  0 -9 
168 168   1  0  0 -9 
169 163  -1  3  0 -9 
169 164  -1  1  0 -9 
169 165   1  2  0 -9 
169 166   1  2  0 -9 
169 167  -1  1  0 -9 
169 169   1  0  0 -9 
170 163  -1  2  0 -9 
170 164  -1  0  0 -9 
170 165   1  1  0 -9 
170 166   1  1  0 -9 
170 167  -1  0  0 -9 
170 168   1 -1  0 -9 
170 169   1 -1  0 -9 
170 170  -1 -2  0 -9 
171 172   1  3  0 -9 
172 171   1  3  0 -9 
173 171  -1  1  0 -9 
173 172   1  2  0 -9 
173 173   1  0  0 -9 
174 163  -1  3  0 -9 
174 164   1 -1  0 -9 
174 165   1  2  0 -9 
174 171  -1  0  0 -9 
174 173   1 -1  0 -9 
174 174  -1 -2  0 -9 
175 176   1  3  0 -9 
176 175   1  3  0 -9 
177 175  -1  1  0 -9 
177 176   1  2  0 -9 
177 177   1  0  0 -9 
178 133  -1  3  0 -9 
178 134   1 -1  0 -9 
178 135   1  2  0 -9 
178 175  -1  0  0 -9 
178 177   1 -1  0 -9 
178 178  -1 -2  0 -9 
179 73  -1  1  0 -9 
179 74   1  2  0 -9 
179 133  -1  3  0 -9 
179 134  -1  1  0 -9 
179 135   1  2  0 -9 
179 136   1  2  0 -9 
179 137  -1  1  0 -9 
179 171  -1  1  0 -9 
179 172   1  2  0 -9 
179 175   1  2  0 -9 
179 176  -1  1  0 -9 
179 179   1  0  0 -9 
180 73  -1  0  0 -9 
180 74   1  1  0 -9 
180 75   1 -1  0 -9 
180 133  -1  2  0 -9 
180 134  -1  0  0 -9 
180 135   1  1  0 -9 
180 136   1  1  0 -9 
180 137  -1  0  0 -9 
180 139   1 -1  0 -9 
180 171  -1  0  0 -9 
180 172   1  1  0 -9 
180 173   1 -1  0 -9 
180 176  -1  0  0 -9 
180 179   1 -1  0 -9 
180 180  -1 -2  0 -9 
181 157  -1  1  0 -9 
181 158   1  2  0 -9 
181 181   1  0  0 -9 
182 73  -1  0  0 -9 
182 75   1 -1  0 -9 
182 141  -1  3  0 -9 
182 153   1 -1  0 -9 
182 154   1  2  0 -9 
182 157  -1  0  0 -9 
182 171  -1  0  0 -9 
182 173   1 -1  0 -9 
182 181   1 -1  0 -9 
182 182  -1 -2  0 -9 
183 183   1  8  0 -9 
184 183   1  7  0 -9 
184 184  -1  6  0 -9 
185 183   1  7  0 -9 
185 185  -1  6  0 -9 
186 183   1  6  0 -9 
186 184  -1  5  0 -9 
186 185  -1  5  0 -9 
186 187   1  3  0 -9 
187 183   1  5  0 -9 
187 184  -1  4  0 -9 
187 185  -1  4  0 -9 
187 186   1  3  0 -9 
188 183   1  5  0 -9 
188 184  -1  4  0 -9 
188 185  -1  4  0 -9 
188 189   1  3  0 -9 
189 183   1  6  0 -9 
189 184  -1  5  0 -9 
189 185  -1  5  0 -9 
189 188   1  3  0 -9 
190 183   1  4  0 -9 
190 184  -1  3  0 -9 
190 185  -1  3  0 -9 
190 186   1  2  0 -9 
190 187  -1  1  0 -9 
190 188  -1  1  0 -9 
190 189   1  2  0 -9 
190 190   1  0  0 -9 
191 191   1  8  0 -9 
192 191   1  7  0 -9 
192 192  -1  6  0 -9 
193 191   1  7  0 -9 
193 193  -1  6  0 -9 
194 191   1  6  0 -9 
194 192  -1  5  0 -9 
194 193  -1  5  0 -9 
194 195   1  3  0 -9 
195 191   1  5  0 -9 
195 192  -1  4  0 -9 
195 193  -1  4  0 -9 
195 194   1  3  0 -9 
196 183   1  6  0 -9 
196 185  -1  5  0 -9 
196 192  -1  4  0 -9 
196 197   1  3  0 -9 
197 185  -1  4  0 -9 
197 191   1  6  0 -9 
197 192  -1  5  0 -9 
197 196   1  3  0 -9 
198 185  -1  3  0 -9 
198 188  -1  1  0 -9 
198 189   1  2  0 -9 
198 191   1  5  0 -9 
198 192  -1  4  0 -9 
198 196   1  2  0 -9 
198 197  -1  1  0 -9 
198 198   1  0  0 -9 
199 187  -1  0  0 -9 
199 188  -1  0  0 -9 
199 189   1  1  0 -9 
199 190   1 -1  0 -9 
199 191   1  4  0 -9 
199 192  -1  3  0 -9 
199 193  -1  3  0 -9 
199 194   1  2  0 -9 
199 195   1 -1  0 -9 
199 197  -1  0  0 -9 
199 198   1 -1  0 -9 
199 199  -1 -2  0 -9 
200 185  -1  4  0 -9 
200 201   1  3  0 -9 
201 183   1  6  0 -9 
201 185  -1  5  0 -9 
201 200   1  3  0 -9 
202 202  -1  6  0 -9 
203 193  -1  4  0 -9 
203 202  -1  4  0 -9 
203 204   1  3  0 -9 
204 191   1  6  0 -9 
204 193  -1  5  0 -9 
204 202  -1  5  0 -9 
204 203   1  3  0 -9 
205 202  -1  5  0 -9 
205 206   1  3  0 -9 
206 202  -1  4  0 -9 
206 205   1  3  0 -9 
207 193  -1  3  0 -9 
207 194   1  2  0 -9 
207 195  -1  1  0 -9 
207 202  -1  3  0 -9 
207 203  -1  1  0 -9 
207 204   1  2  0 -9 
207 205   1  2  0 -9 
207 206  -1  1  0 -9 
207 207   1  0  0 -9 
208 183   1  5  0 -9 
208 185  -1  4  1  2  0 -9 
208 192  -1  3  0 -9 
208 193  -1  3  0 -9 
208 194   1  2  0 -9 
208 195  -1  1  0 -9 
208 196  -1  1  0 -9 
208 197   1  2  0 -9 
208 200   1  2  0 -9 
208 201  -1  1  0 -9 
208 202  -1  3  0 -9 
208 203  -1  1  0 -9 
208 204   1  2  0 -9 
208 205   1  2  0 -9 
208 206  -1  1  0 -9 
208 208   1  0  0 -9 
209 185   1  1  0 -9 
209 193  -1  2  0 -9 
209 194   1  1  0 -9 
209 195  -1  0  0 -9 
209 196  -1  0  0 -9 
209 201  -1  0  0 -9 
209 202  -1  2  0 -9 
209 203  -1  0  0 -9 
209 204   1  1  0 -9 
209 205   1  1  0 -9 
209 206  -1  0  0 -9 
209 207   1 -1  0 -9 
209 208   1 -1  0 -9 
209 209  -1 -2  0 -9 
210 210   1  8  0 -9 
211  0   1  5  0 -9 
211  1  -1  4  0 -9 
211  2  -1  4  0 -9 
211 191   1  5  0 -9 
211 192  -1  4  0 -9 
211 193  -1  4  0 -9 
211 210  -1  4  0 -9 
211 212   1  3  0 -9 
212  0   1  6  0 -9 
212  1  -1  5  0 -9 
212  2  -1  5  0 -9 
212 191   1  6  0 -9 
212 192  -1  5  0 -9 
212 193  -1  5  0 -9 
212 210   1  7  0 -9 
212 211   1  3  0 -9 
213  0   1  4  0 -9 
213  1  -1  3  0 -9 
213  2  -1  3  0 -9 
213  3   1  2  0 -9 
213  4  -1  1  0 -9 
213 191   1  4  0 -9 
213 192  -1  3  0 -9 
213 193  -1  3  0 -9 
213 194   1  2  0 -9 
213 195  -1  1  0 -9 
213 210  -1  3  0 -9 
213 211  -1  1  0 -9 
213 212   1  2  0 -9 
213 213   1  0  0 -9 
214 210   1  7  0 -9 
214 214  -1  6  0 -9 
215  0   1  6  0 -9 
215  2  -1  5  0 -9 
215 214  -1  4  0 -9 
215 216   1  3  0 -9 
216  2  -1  4  0 -9 
216 210   1  6  0 -9 
216 214  -1  5  0 -9 
216 215   1  3  0 -9 
217  2  -1  3  0 -9 
217 191   1  6  1  4  0 -9 
217 192  -1  5 -1  3 -1  1  0 -9 
217 193  -1  3  0 -9 
217 194   1  2  0 -9 
217 195  -1  1  0 -9 
217 210  -1  3  0 -9 
217 211  -1  1  0 -9 
217 212   1  2  0 -9 
217 214   1  2  0 -9 
217 215   1  2  0 -9 
217 216  -1  1  0 -9 
217 217   1  0  0 -9 
218  4  -1  0  0 -9 
218 191   1  3  0 -9 
218 192  -1  2 -1  0  0 -9 
218 193  -1  2  0 -9 
218 194   1  1  0 -9 
218 195  -1  0  0 -9 
218 210  -1  2  0 -9 
218 211  -1  0  0 -9 
218 212   1  1  0 -9 
218 213   1 -1  0 -9 
218 214   1  1  0 -9 
218 216  -1  0  0 -9 
218 217   1 -1  0 -9 
218 218  -1 -2  0 -9 
219 27   1  7  0 -9 
219 219  -1  6  0 -9 
220  8   1  6  0 -9 
220 10  -1  5  0 -9 
220 192  -1  4  0 -9 
220 219  -1  4  0 -9 
220 221   1  3  0 -9 
221 10  -1  4  0 -9 
221 27   1  6  0 -9 
221 191   1  6  0 -9 
221 192  -1  5  0 -9 
221 219  -1  5  0 -9 
221 220   1  3  0 -9 
222 10  -1  3  0 -9 
222 27  -1  3  0 -9 
222 28  -1  1  0 -9 
222 29   1  2  0 -9 
222 191   1  5  0 -9 
222 192  -1  4  0 -9 
222 219   1  2  0 -9 
222 220   1  2  0 -9 
222 221  -1  1  0 -9 
222 222   1  0  0 -9 
223 12  -1  0  0 -9 
223 27  -1  2  0 -9 
223 28  -1  0  0 -9 
223 29   1  1  0 -9 
223 30   1 -1  0 -9 
223 191   1  4  0 -9 
223 192  -1  3  0 -9 
223 193  -1  3  0 -9 
223 194   1  2  0 -9 
223 195   1 -1  0 -9 
223 219   1  1  0 -9 
223 221  -1  0  0 -9 
223 222   1 -1  0 -9 
223 223  -1 -2  0 -9 
224  2  -1  3  0 -9 
224 27  -1  4  0 -9 
224 32  -1  1  0 -9 
224 33   1  2  0 -9 
224 210   1  5  0 -9 
224 214  -1  4  0 -9 
224 215   1  2  0 -9 
224 216  -1  1  0 -9 
224 219   1  3  0 -9 
224 224   1  0  0 -9 
225 210   1  7  0 -9 
225 225  -1  6  0 -9 
226 225  -1  4  0 -9 
226 227   1  3  0 -9 
227 210   1  6  0 -9 
227 225  -1  5  0 -9 
227 226   1  3  0 -9 
228 210   1  6  0 -9 
228 214  -1  5  0 -9 
228 225  -1  5  0 -9 
228 229   1  3  0 -9 
229 210   1  5  0 -9 
229 214  -1  4  0 -9 
229 225  -1  4  0 -9 
229 228   1  3  0 -9 
230 225  -1  3  0 -9 
230 226  -1  1  0 -9 
230 227   1  2  0 -9 
230 228   1  2  0 -9 
230 229  -1  1  0 -9 
230 230   1  0  0 -9 
231  0   1  5  0 -9 
231  2  -1  4  1  2  0 -9 
231 17   1  2  0 -9 
231 18  -1  1  0 -9 
231 214  -1  3  0 -9 
231 215  -1  1  0 -9 
231 216   1  2  0 -9 
231 225  -1  3  0 -9 
231 226  -1  1  0 -9 
231 227   1  2  0 -9 
231 228   1  2  0 -9 
231 229  -1  1  0 -9 
231 231   1  0  0 -9 
232  2   1  1  0 -9 
232 18  -1  0  0 -9 
232 215  -1  0  0 -9 
232 225  -1  2  0 -9 
232 226  -1  0  0 -9 
232 227   1  1  0 -9 
232 228   1  1  0 -9 
232 229  -1  0  0 -9 
232 230   1 -1  0 -9 
232 231   1 -1  0 -9 
232 232  -1 -2  0 -9 
233 27   1  6  0 -9 
233 36  -1  5  0 -9 
233 219  -1  5  0 -9 
233 234   1  3  0 -9 
234 27   1  5  0 -9 
234 36  -1  4  0 -9 
234 219  -1  4  0 -9 
234 233   1  3  0 -9 
235 36  -1  3  0 -9 
235 37  -1  1  0 -9 
235 38   1  2  0 -9 
235 233   1  2  0 -9 
235 234  -1  1  0 -9 
235 235   1  0  0 -9 
236 27  -1  3  0 -9 
236 32  -1  0  0 -9 
236 33   1  1  0 -9 
236 37  -1  0  0 -9 
236 38   1  1  0 -9 
236 40  -1  0  0 -9 
236 42   1 -1  0 -9 
236 210   1  4  0 -9 
236 214  -1  3  0 -9 
236 216  -1  0  0 -9 
236 219   1  2  0 -9 
236 224   1 -1  0 -9 
236 225  -1  3  0 -9 
236 228   1  2  0 -9 
236 229   1 -1  0 -9 
236 234  -1  0  0 -9 
236 235   1 -1  0 -9 
236 236  -1 -2  0 -9 
237 19  -1  5  0 -9 
237 238   1  3  0 -9 
238 19  -1  4  0 -9 
238 237   1  3  0 -9 
239  8   1  5  0 -9 
239 10  -1  4  1  2  0 -9 
239 19  -1  4  1  2  0 -9 
239 20   1  2  0 -9 
239 21  -1  1  0 -9 
239 36  -1  3  0 -9 
239 37  -1  1  0 -9 
239 38   1  2  0 -9 
239 192  -1  3  0 -9 
239 193  -1  3  0 -9 
239 194   1  2  0 -9 
239 195  -1  1  0 -9 
239 202  -1  3  0 -9 
239 203  -1  1  0 -9 
239 204   1  2  0 -9 
239 205   1  2  0 -9 
239 206  -1  1  0 -9 
239 219  -1  3  0 -9 
239 220  -1  1  0 -9 
239 221   1  2  0 -9 
239 233   1  2  0 -9 
239 234  -1  1  0 -9 
239 237  -1  1  0 -9 
239 238   1  2  0 -9 
239 239   1  0  0 -9 
240 10   1  1  0 -9 
240 19   1  1  0 -9 
240 21  -1  0  0 -9 
240 36  -1  2  0 -9 
240 37  -1  0  0 -9 
240 38   1  1  0 -9 
240 193  -1  2  0 -9 
240 194   1  1  0 -9 
240 195  -1  0  0 -9 
240 202  -1  2  0 -9 
240 203  -1  0  0 -9 
240 204   1  1  0 -9 
240 205   1  1  0 -9 
240 206  -1  0  0 -9 
240 207   1 -1  0 -9 
240 220  -1  0  0 -9 
240 233   1  1  0 -9 
240 234  -1  0  0 -9 
240 235   1 -1  0 -9 
240 237  -1  0  0 -9 
240 239   1 -1  0 -9 
240 240  -1 -2  0 -9 
241 19  -1  3  0 -9 
241 44  -1  1  0 -9 
241 45   1  2  0 -9 
241 237   1  2  0 -9 
241 238  -1  1  0 -9 
241 241   1  0  0 -9 
242 23  -1  0  0 -9 
242 44  -1  0  0 -9 
242 45   1  1  0 -9 
242 46   1 -1  0 -9 
242 202  -1  3  0 -9 
242 205   1  2  0 -9 
242 206   1 -1  0 -9 
242 238  -1  0  0 -9 
242 241   1 -1  0 -9 
242 242  -1 -2  0 -9 
243 243   1  8  0 -9 
244 243   1  7  0 -9 
244 244  -1  6  0 -9 
245 243   1  7  0 -9 
245 245  -1  6  0 -9 
246 243   1  6  0 -9 
246 244  -1  5  0 -9 
246 245  -1  5  0 -9 
246 247   1  3  0 -9 
247 243   1  5  0 -9 
247 244  -1  4  0 -9 
247 245  -1  4  0 -9 
247 246   1  3  0 -9 
248 243   1  5  0 -9 
248 244  -1  4  0 -9 
248 245  -1  4  0 -9 
248 249   1  3  0 -9 
249 243   1  6  0 -9 
249 244  -1  5  0 -9 
249 245  -1  5  0 -9 
249 248   1  3  0 -9 
250 243   1  4  0 -9 
250 244  -1  3  0 -9 
250 245  -1  3  0 -9 
250 246   1  2  0 -9 
250 247  -1  1  0 -9 
250 248  -1  1  0 -9 
250 249   1  2  0 -9 
250 250   1  0  0 -9 
251 251   1  8  0 -9 
252 191   1  5  0 -9 
252 192  -1  4  0 -9 
252 193  -1  4  0 -9 
252 251  -1  4  0 -9 
252 253   1  3  0 -9 
253 191   1  6  0 -9 
253 192  -1  5  0 -9 
253 193  -1  5  0 -9 
253 251   1  7  0 -9 
253 252   1  3  0 -9 
254 191   1  4  0 -9 
254 192  -1  3  0 -9 
254 193  -1  3  0 -9 
254 194   1  2  0 -9 
254 195  -1  1  0 -9 
254 251  -1  3  0 -9 
254 252  -1  1  0 -9 
254 253   1  2  0 -9 
254 254   1  0  0 -9 
255 183   1  7  0 -9 
255 251   1  7  0 -9 
255 255  -1  6  0 -9 
256 183   1  5  0 -9 
256 185  -1  4  0 -9 
256 255  -1  4  0 -9 
256 257   1  3  0 -9 
257 183   1  6  0 -9 
257 185  -1  5  0 -9 
257 251   1  6  0 -9 
257 255  -1  5  0 -9 
257 256   1  3  0 -9 
258 183  -1  3  0 -9 
258 184   1  2  0 -9 
258 185  -1  4  1  2  0 -9 
258 186  -1  1  0 -9 
258 187   1  2  0 -9 
258 191   1  6  1  4  0 -9 
258 192  -1  5 -1  3 -1  1  0 -9 
258 193  -1  3  0 -9 
258 194   1  2  0 -9 
258 195  -1  1  0 -9 
258 243   1  6  1  4  0 -9 
258 244  -1  5 -1  3 -1  1  0 -9 
258 245  -1  3  0 -9 
258 246   1  2  0 -9 
258 247  -1  1  0 -9 
258 248  -1  1  0 -9 
258 249   1  2  0 -9 
258 251  -1  3  0 -9 
258 252  -1  1  0 -9 
258 253   1  2  0 -9 
258 255   1  2  0 -9 
258 256   1  2  0 -9 
258 257  -1  1  0 -9 
258 258   1  0  0 -9 
259 183  -1  2  0 -9 
259 184   1  1  0 -9 
259 185   1  1  0 -9 
259 186  -1  0  0 -9 
259 191   1  3  0 -9 
259 192  -1  2 -1  0  0 -9 
259 193  -1  2  0 -9 
259 194   1  1  0 -9 
259 195  -1  0  0 -9 
259 243   1  3  0 -9 
259 244  -1  2 -1  0  0 -9 
259 245  -1  2  0 -9 
259 246   1  1  0 -9 
259 247  -1  0  0 -9 
259 248  -1  0  0 -9 
259 249   1  1  0 -9 
259 250   1 -1  0 -9 
259 251  -1  2  0 -9 
259 252  -1  0  0 -9 
259 253   1  1  0 -9 
259 254   1 -1  0 -9 
259 255   1  1  0 -9 
259 257  -1  0  0 -9 
259 258   1 -1  0 -9 
259 259  -1 -2  0 -9 
260 251   1  7  0 -9 
260 260  -1  6  0 -9 
261 260  -1  4  0 -9 
261 262   1  3  0 -9 
262 251   1  6  0 -9 
262 260  -1  5  0 -9 
262 261   1  3  0 -9 
263 183   1  6  0 -9 
263 185  -1  5  0 -9 
263 251   1  6  0 -9 
263 255  -1  5  0 -9 
263 260  -1  5  0 -9 
263 264   1  3  0 -9 
264 183   1  5  0 -9 
264 185  -1  4  0 -9 
264 251   1  5  0 -9 
264 255  -1  4  0 -9 
264 260  -1  4  0 -9 
264 263   1  3  0 -9 
265 185  -1  3  0 -9 
265 200  -1  1  0 -9 
265 201   1  2  0 -9 
265 260  -1  3  0 -9 
265 261  -1  1  0 -9 
265 262   1  2  0 -9 
265 263   1  2  0 -9 
265 264  -1  1  0 -9 
265 265   1  0  0 -9 
266 183   1  4  0 -9 
266 185  -1  3  0 -9 
266 255  -1  3  0 -9 
266 256  -1  1  0 -9 
266 257   1  2  0 -9 
266 260  -1  3  0 -9 
266 261  -1  1  0 -9 
266 262   1  2  0 -9 
266 263   1  2  0 -9 
266 264  -1  1  0 -9 
266 266   1  0  0 -9 
267 200  -1  0  0 -9 
267 256  -1  0  0 -9 
267 260  -1  2  0 -9 
267 261  -1  0  0 -9 
267 262   1  1  0 -9 
267 263   1  1  0 -9 
267 264  -1  0  0 -9 
267 265   1 -1  0 -9 
267 266   1 -1  0 -9 
267 267  -1 -2  0 -9 
268 202  -1  4  0 -9 
268 269   1  3  0 -9 
269 202  -1  5  0 -9 
269 268   1  3  0 -9 
270 202  -1  3  0 -9 
270 205   1  2  0 -9 
270 206  -1  1  0 -9 
270 268  -1  1  0 -9 
270 269   1  2  0 -9 
270 270   1  0  0 -9 
271 194   1  1  0 -9 
271 195  -1  0  0 -9 
271 203  -1  0  0 -9 
271 205   1  1  0 -9 
271 206  -1  0  0 -9 
271 207   1 -1  0 -9 
271 252  -1  0  0 -9 
271 254   1 -1  0 -9 
271 260  -1  3  0 -9 
271 261   1 -1  0 -9 
271 262   1  2  0 -9 
271 268  -1  0  0 -9 
271 270   1 -1  0 -9 
271 271  -1 -2  0 -9 
272 272   1  8  0 -9 
273 272   1  7  0 -9 
273 273  -1  6  0 -9 
274 272   1  7  0 -9 
274 274  -1  6  0 -9 
275 272   1  6  0 -9 
275 273  -1  5  0 -9 
275 274  -1  5  0 -9 
275 276   1  3  0 -9 
276 272   1  5  0 -9 
276 273  -1  4  0 -9 
276 274  -1  4  0 -9 
276 275   1  3  0 -9 
277 243   1  6  0 -9 
277 245  -1  5  0 -9 
277 273  -1  4  0 -9 
277 278   1  3  0 -9 
278 245  -1  4  0 -9 
278 272   1  6  0 -9 
278 273  -1  5  0 -9 
278 277   1  3  0 -9 
279 245  -1  3  0 -9 
279 248  -1  1  0 -9 
279 249   1  2  0 -9 
279 272   1  5  0 -9 
279 273  -1  4  0 -9 
279 277   1  2  0 -9 
279 278  -1  1  0 -9 
279 279   1  0  0 -9 
280 247  -1  0  0 -9 
280 248  -1  0  0 -9 
280 249   1  1  0 -9 
280 250   1 -1  0 -9 
280 272   1  4  0 -9 
280 273  -1  3  0 -9 
280 274  -1  3  0 -9 
280 275   1  2  0 -9 
280 276   1 -1  0 -9 
280 278  -1  0  0 -9 
280 279   1 -1  0 -9 
280 280  -1 -2  0 -9 
281 281   1  8  0 -9 
282 272   1  5  0 -9 
282 273  -1  4  0 -9 
282 274  -1  4  0 -9 
282 281  -1  4  0 -9 
282 283   1  3  0 -9 
283 272   1  6  0 -9 
283 273  -1  5  0 -9 
283 274  -1  5  0 -9 
283 281   1  7  0 -9 
283 282   1  3  0 -9 
284 272   1  4  0 -9 
284 273  -1  3  0 -9 
284 274  -1  3  0 -9 
284 275   1  2  0 -9 
284 276  -1  1  0 -9 
284 281  -1  3  0 -9 
284 282  -1  1  0 -9 
284 283   1  2  0 -9 
284 284   1  0  0 -9 
285 281   1  7  0 -9 
285 285  -1  6  0 -9 
286 285  -1  4  0 -9 
286 287   1  3  0 -9 
287 281   1  6  0 -9 
287 285  -1  5  0 -9 
287 286   1  3  0 -9 
288 272   1  6  1  4  0 -9 
288 273  -1  5 -1  3 -1  1  0 -9 
288 274  -1  3  0 -9 
288 275   1  2  0 -9 
288 276  -1  1  0 -9 
288 281  -1  3  0 -9 
288 282  -1  1  0 -9 
288 283   1  2  0 -9 
288 285   1  2  0 -9 
288 286   1  2  0 -9 
288 287  -1  1  0 -9 
288 288   1  0  0 -9 
289 272   1  3  0 -9 
289 273  -1  2 -1  0  0 -9 
289 274  -1  2  0 -9 
289 275   1  1  0 -9 
289 276  -1  0  0 -9 
289 281  -1  2  0 -9 
289 282  -1  0  0 -9 
289 283   1  1  0 -9 
289 284   1 -1  0 -9 
289 285   1  1  0 -9 
289 287  -1  0  0 -9 
289 288   1 -1  0 -9 
289 289  -1 -2  0 -9 
290 251   1  7  0 -9 
290 290  -1  6  0 -9 
291 290  -1  4  0 -9 
291 292   1  3  0 -9 
292 251   1  6  0 -9 
292 290  -1  5  0 -9 
292 291   1  3  0 -9 
293 191   1  6  1  4  0 -9 
293 192  -1  5 -1  3 -1  1  0 -9 
293 193  -1  3  0 -9 
293 194   1  2  0 -9 
293 195  -1  1  0 -9 
293 251  -1  3  0 -9 
293 252  -1  1  0 -9 
293 253   1  2  0 -9 
293 290   1  2  0 -9 
293 291   1  2  0 -9 
293 292  -1  1  0 -9 
293 293   1  0  0 -9 
294 191   1  3  0 -9 
294 192  -1  2 -1  0  0 -9 
294 193  -1  2  0 -9 
294 194   1  1  0 -9 
294 195  -1  0  0 -9 
294 251  -1  2  0 -9 
294 252  -1  0  0 -9 
294 253   1  1  0 -9 
294 254   1 -1  0 -9 
294 290   1  1  0 -9 
294 292  -1  0  0 -9 
294 293   1 -1  0 -9 
294 294  -1 -2  0 -9 
295 185  -1  3  0 -9 
295 191   1  5  0 -9 
295 192  -1  4  0 -9 
295 196   1  2  0 -9 
295 197  -1  1  0 -9 
295 251  -1  4  0 -9 
295 256  -1  1  0 -9 
295 257   1  2  0 -9 
295 281   1  5  0 -9 
295 285  -1  4  0 -9 
295 286   1  2  0 -9 
295 287  -1  1  0 -9 
295 290   1  3  0 -9 
295 295   1  0  0 -9 
296 281   1  7  0 -9 
296 296  -1  6  0 -9 
297 296  -1  4  0 -9 
297 298   1  3  0 -9 
298 281   1  6  0 -9 
298 296  -1  5  0 -9 
298 297   1  3  0 -9 
299 281   1  6  0 -9 
299 285  -1  5  0 -9 
299 296  -1  5  0 -9 
299 300   1  3  0 -9 
300 281   1  5  0 -9 
300 285  -1  4  0 -9 
300 296  -1  4  0 -9 
300 299   1  3  0 -9 
301 296  -1  3  0 -9 
301 297  -1  1  0 -9 
301 298   1  2  0 -9 
301 299   1  2  0 -9 
301 300  -1  1  0 -9 
301 301   1  0  0 -9 
302 285  -1  3  0 -9 
302 286  -1  1  0 -9 
302 287   1  2  0 -9 
302 296  -1  3  0 -9 
302 297  -1  1  0 -9 
302 298   1  2  0 -9 
302 299   1  2  0 -9 
302 300  -1  1  0 -9 
302 302   1  0  0 -9 
303 286  -1  0  0 -9 
303 296  -1  2  0 -9 
303 297  -1  0  0 -9 
303 298   1  1  0 -9 
303 299   1  1  0 -9 
303 300  -1  0  0 -9 
303 301   1 -1  0 -9 
303 302   1 -1  0 -9 
303 303  -1 -2  0 -9 
304 251   1  6  0 -9 
304 260  -1  5  0 -9 
304 290  -1  5  0 -9 
304 305   1  3  0 -9 
305 251   1  5  0 -9 
305 260  -1  4  0 -9 
305 290  -1  4  0 -9 
305 304   1  3  0 -9 
306 260  -1  3  0 -9 
306 261  -1  1  0 -9 
306 262   1  2  0 -9 
306 304   1  2  0 -9 
306 305  -1  1  0 -9 
306 306   1  0  0 -9 
307 191   1  4  0 -9 
307 192  -1  3  0 -9 
307 193  -1  3  0 -9 
307 194   1  2  0 -9 
307 195   1 -1  0 -9 
307 197  -1  0  0 -9 
307 202  -1  3  0 -9 
307 205   1  2  0 -9 
307 206   1 -1  0 -9 
307 251  -1  3  0 -9 
307 256  -1  0  0 -9 
307 257   1  1  0 -9 
307 261  -1  0  0 -9 
307 262   1  1  0 -9 
307 264  -1  0  0 -9 
307 266   1 -1  0 -9 
307 281   1  4  0 -9 
307 285  -1  3  0 -9 
307 287  -1  0  0 -9 
307 290   1  2  0 -9 
307 295   1 -1  0 -9 
307 296  -1  3  0 -9 
307 299   1  2  0 -9 
307 300   1 -1  0 -9 
307 305  -1  0  0 -9 
307 306   1 -1  0 -9 
307 307  -1 -2  0 -9 
308 309   1  3  0 -9 
309 308   1  3  0 -9 
310 260  -1  3  0 -9 
310 261  -1  1  0 -9 
310 262   1  2  0 -9 
310 290  -1  3  0 -9 
310 291  -1  1  0 -9 
310 292   1  2  0 -9 
310 304   1  2  0 -9 
310 305  -1  1  0 -9 
310 308  -1  1  0 -9 
310 309   1  2  0 -9 
310 310   1  0  0 -9 
311 260  -1  2  0 -9 
311 261  -1  0  0 -9 
311 262   1  1  0 -9 
311 291  -1  0  0 -9 
311 304   1  1  0 -9 
311 305  -1  0  0 -9 
311 306   1 -1  0 -9 
311 308  -1  0  0 -9 
311 310   1 -1  0 -9 
311 311  -1 -2  0 -9 
312 202  -1  3  0 -9 
312 205   1  2  0 -9 
312 206  -1  1  0 -9 
312 268  -1  1  0 -9 
312 269   1  2  0 -9 
312 308   1  2  0 -9 
312 309  -1  1  0 -9 
312 312   1  0  0 -9 
313 202  -1  2  0 -9 
313 205   1  1  0 -9 
313 206  -1  0  0 -9 
313 268  -1  0  0 -9 
313 269   1  1  0 -9 
313 270   1 -1  0 -9 
313 309  -1  0  0 -9 
313 312   1 -1  0 -9 
313 313  -1 -2  0 -9 
314 27  -1  4  0 -9 
314 210   1  5  0 -9 
314 214  -1  4  0 -9 
314 225  -1  4  0 -9 
314 281  -1  4  0 -9 
314 315   1  3  0 -9 
315 27   1  7  0 -9 
315 210   1  6  0 -9 
315 214  -1  5  0 -9 
315 225  -1  5  0 -9 
315 281   1  7  0 -9 
315 314   1  3  0 -9 
316 27  -1  3  0 -9 
316 210   1  4  0 -9 
316 214  -1  3  0 -9 
316 225  -1  3  0 -9 
316 228   1  2  0 -9 
316 229  -1  1  0 -9 
316 281  -1  3  0 -9 
316 314  -1  1  0 -9 
316 315   1  2  0 -9 
316 316   1  0  0 -9 
317 36  -1  3  0 -9 
317 37   1 -1  0 -9 
317 38   1  2  0 -9 
317 226  -1  0  0 -9 
317 228   1  1  0 -9 
317 229  -1  0  0 -9 
317 230   1 -1  0 -9 
317 296  -1  3  0 -9 
317 297   1 -1  0 -9 
317 298   1  2  0 -9 
317 314  -1  0  0 -9 
317 316   1 -1  0 -9 
317 317  -1 -2  0 -9 
318 219  -1  4  0 -9 
318 319   1  3  0 -9 
319 27   1  6  0 -9 
319 219  -1  5  0 -9 
319 318   1  3  0 -9 
320 36  -1  3  0 -9 
320 37  -1  1  0 -9 
320 38   1  2  0 -9 
320 219  -1  3  0 -9 
320 233   1  2  0 -9 
320 234  -1  1  0 -9 
320 318  -1  1  0 -9 
320 319   1  2  0 -9 
320 320   1  0  0 -9 
321 36  -1  2  0 -9 
321 37  -1  0  0 -9 
321 38   1  1  0 -9 
321 233   1  1  0 -9 
321 234  -1  0  0 -9 
321 235   1 -1  0 -9 
321 318  -1  0  0 -9 
321 320   1 -1  0 -9 
321 321  -1 -2  0 -9 
322 27  -1  3  0 -9 
322 210   1  6  1  4  0 -9 
322 214  -1  5 -1  3 -1  1  0 -9 
322 219   1  2  0 -9 
322 225  -1  3  0 -9 
322 228   1  2  0 -9 
322 229  -1  1  0 -9 
322 281  -1  3  0 -9 
322 285   1  2  0 -9 
322 286   1  2  0 -9 
322 287  -1  1  0 -9 
322 314  -1  1  0 -9 
322 315   1  2  0 -9 
322 318   1  2  0 -9 
322 319  -1  1  0 -9 
322 322   1  0  0 -9 
323 27  -1  2  0 -9 
323 210   1  3  0 -9 
323 214  -1  2 -1  0  0 -9 
323 219   1  1  0 -9 
323 225  -1  2  0 -9 
323 228   1  1  0 -9 
323 229  -1  0  0 -9 
323 281  -1  2  0 -9 
323 285   1  1  0 -9 
323 287  -1  0  0 -9 
323 314  -1  0  0 -9 
323 315   1  1  0 -9 
323 316   1 -1  0 -9 
323 319  -1  0  0 -9 
323 322   1 -1  0 -9 
323 323  -1 -2  0 -9 
324 19  -1  3  0 -9 
324 44  -1  1  0 -9 
324 45   1  2  0 -9 
324 237   1  2  0 -9 
324 238  -1  1  0 -9 
324 308  -1  1  0 -9 
324 309   1  2  0 -9 
324 324   1  0  0 -9 
325 19  -1  2  0 -9 
325 44  -1  0  0 -9 
325 45   1  1  0 -9 
325 237   1  1  0 -9 
325 238  -1  0  0 -9 
325 241   1 -1  0 -9 
325 308  -1  0  0 -9 
325 324   1 -1  0 -9 
325 325  -1 -2  0 -9 
326 326   1  8  0 -9 
327 326   1  7  0 -9 
327 327  -1  6  0 -9 
328 326   1  7  0 -9 
328 328  -1  6  0 -9 
329 326   1  6  0 -9 
329 327  -1  5  0 -9 
329 328  -1  5  0 -9 
329 330   1  3  0 -9 
330 326   1  5  0 -9 
330 327  -1  4  0 -9 
330 328  -1  4  0 -9 
330 329   1  3  0 -9 
331 48   1  6  0 -9 
331 50  -1  5  0 -9 
331 327  -1  4  0 -9 
331 332   1  3  0 -9 
332 50  -1  4  0 -9 
332 326   1  6  0 -9 
332 327  -1  5  0 -9 
332 331   1  3  0 -9 
333 50  -1  3  0 -9 
333 53  -1  1  0 -9 
333 54   1  2  0 -9 
333 326   1  5  0 -9 
333 327  -1  4  0 -9 
333 331   1  2  0 -9 
333 332  -1  1  0 -9 
333 333   1  0  0 -9 
334 52  -1  0  0 -9 
334 53  -1  0  0 -9 
334 54   1  1  0 -9 
334 55   1 -1  0 -9 
334 326   1  4  0 -9 
334 327  -1  3  0 -9 
334 328  -1  3  0 -9 
334 329   1  2  0 -9 
334 330   1 -1  0 -9 
334 332  -1  0  0 -9 
334 333   1 -1  0 -9 
334 334  -1 -2  0 -9 
335 335   1  8  0 -9 
336 326   1  5  0 -9 
336 327  -1  4  0 -9 
336 328  -1  4  0 -9 
336 335  -1  4  0 -9 
336 337   1  3  0 -9 
337 326   1  6  0 -9 
337 327  -1  5  0 -9 
337 328  -1  5  0 -9 
337 335   1  7  0 -9 
337 336   1  3  0 -9 
338 326   1  4  0 -9 
338 327  -1  3  0 -9 
338 328  -1  3  0 -9 
338 329   1  2  0 -9 
338 330  -1  1  0 -9 
338 335  -1  3  0 -9 
338 336  -1  1  0 -9 
338 337   1  2  0 -9 
338 338   1  0  0 -9 
339 335   1  7  0 -9 
339 339  -1  6  0 -9 
340 339  -1  4  0 -9 
340 341   1  3  0 -9 
341 335   1  6  0 -9 
341 339  -1  5  0 -9 
341 340   1  3  0 -9 
342 326   1  6  1  4  0 -9 
342 327  -1  5 -1  3 -1  1  0 -9 
342 328  -1  3  0 -9 
342 329   1  2  0 -9 
342 330  -1  1  0 -9 
342 335  -1  3  0 -9 
342 336  -1  1  0 -9 
342 337   1  2  0 -9 
342 339   1  2  0 -9 
342 340   1  2  0 -9 
342 341  -1  1  0 -9 
342 342   1  0  0 -9 
343 326   1  3  0 -9 
343 327  -1  2 -1  0  0 -9 
343 328  -1  2  0 -9 
343 329   1  1  0 -9 
343 330  -1  0  0 -9 
343 335  -1  2  0 -9 
343 336  -1  0  0 -9 
343 337   1  1  0 -9 
343 338   1 -1  0 -9 
343 339   1  1  0 -9 
343 341  -1  0  0 -9 
343 342   1 -1  0 -9 
343 343  -1 -2  0 -9 
344 56   1  7  0 -9 
344 344  -1  6  0 -9 
345 344  -1  4  0 -9 
345 346   1  3  0 -9 
346 56   1  6  0 -9 
346 344  -1  5  0 -9 
346 345   1  3  0 -9 
347 56  -1  3  0 -9 
347 57  -1  1  0 -9 
347 58   1  2  0 -9 
347 344   1  2  0 -9 
347 345   1  2  0 -9 
347 346  -1  1  0 -9 
347 347   1  0  0 -9 
348 56  -1  2  0 -9 
348 57  -1  0  0 -9 
348 58   1  1  0 -9 
348 59   1 -1  0 -9 
348 344   1  1  0 -9 
348 346  -1  0  0 -9 
348 347   1 -1  0 -9 
348 348  -1 -2  0 -9 
349 56  -1  4  0 -9 
349 61  -1  1  0 -9 
349 62   1  2  0 -9 
349 335   1  5  0 -9 
349 339  -1  4  0 -9 
349 340   1  2  0 -9 
349 341  -1  1  0 -9 
349 344   1  3  0 -9 
349 349   1  0  0 -9 
350 335   1  7  0 -9 
350 350  -1  6  0 -9 
351 350  -1  4  0 -9 
351 352   1  3  0 -9 
352 335   1  6  0 -9 
352 350  -1  5  0 -9 
352 351   1  3  0 -9 
353 335   1  6  0 -9 
353 339  -1  5  0 -9 
353 350  -1  5  0 -9 
353 354   1  3  0 -9 
354 335   1  5  0 -9 
354 339  -1  4  0 -9 
354 350  -1  4  0 -9 
354 353   1  3  0 -9 
355 350  -1  3  0 -9 
355 351  -1  1  0 -9 
355 352   1  2  0 -9 
355 353   1  2  0 -9 
355 354  -1  1  0 -9 
355 355   1  0  0 -9 
356 339  -1  3  0 -9 
356 340  -1  1  0 -9 
356 341   1  2  0 -9 
356 350  -1  3  0 -9 
356 351  -1  1  0 -9 
356 352   1  2  0 -9 
356 353   1  2  0 -9 
356 354  -1  1  0 -9 
356 356   1  0  0 -9 
357 340  -1  0  0 -9 
357 350  -1  2  0 -9 
357 351  -1  0  0 -9 
357 352   1  1  0 -9 
357 353   1  1  0 -9 
357 354  -1  0  0 -9 
357 355   1 -1  0 -9 
357 356   1 -1  0 -9 
357 357  -1 -2  0 -9 
358 56   1  6  0 -9 
358 65  -1  5  0 -9 
358 344  -1  5  0 -9 
358 359   1  3  0 -9 
359 56   1  5  0 -9 
359 65  -1  4  0 -9 
359 344  -1  4  0 -9 
359 358   1  3  0 -9 
360 65  -1  3  0 -9 
360 66  -1  1  0 -9 
360 67   1  2  0 -9 
360 358   1  2  0 -9 
360 359  -1  1  0 -9 
360 360   1  0  0 -9 
361 56  -1  3  0 -9 
361 61  -1  0  0 -9 
361 62   1  1  0 -9 
361 66  -1  0  0 -9 
361 67   1  1  0 -9 
361 69  -1  0  0 -9 
361 71   1 -1  0 -9 
361 335   1  4  0 -9 
361 339  -1  3  0 -9 
361 341  -1  0  0 -9 
361 344   1  2  0 -9 
361 349   1 -1  0 -9 
361 350  -1  3  0 -9 
361 353   1  2  0 -9 
361 354   1 -1  0 -9 
361 359  -1  0  0 -9 
361 360   1 -1  0 -9 
361 361  -1 -2  0 -9 
362 363   1  3  0 -9 
363 362   1  3  0 -9 
364 65  -1  3  0 -9 
364 66  -1  1  0 -9 
364 67   1  2  0 -9 
364 344  -1  3  0 -9 
364 345  -1  1  0 -9 
364 346   1  2  0 -9 
364 358   1  2  0 -9 
364 359  -1  1  0 -9 
364 362  -1  1  0 -9 
364 363   1  2  0 -9 
364 364   1  0  0 -9 
365 65  -1  2  0 -9 
365 66  -1  0  0 -9 
365 67   1  1  0 -9 
365 345  -1  0  0 -9 
365 358   1  1  0 -9 
365 359  -1  0  0 -9 
365 360   1 -1  0 -9 
365 362  -1  0  0 -9 
365 364   1 -1  0 -9 
365 365  -1 -2  0 -9 
366 73  -1  1  0 -9 
366 74   1  2  0 -9 
366 362   1  2  0 -9 
366 363  -1  1  0 -9 
366 366   1  0  0 -9 
367 73  -1  0  0 -9 
367 74   1  1  0 -9 
367 75   1 -1  0 -9 
367 363  -1  0  0 -9 
367 366   1 -1  0 -9 
367 367  -1 -2  0 -9 
368 86   1  7  0 -9 
368 368  -1  6  0 -9 
369 77   1  6  0 -9 
369 79  -1  5  0 -9 
369 273  -1  4  0 -9 
369 368  -1  4  0 -9 
369 370   1  3  0 -9 
370 79  -1  4  0 -9 
370 86   1  6  0 -9 
370 272   1  6  0 -9 
370 273  -1  5  0 -9 
370 368  -1  5  0 -9 
370 369   1  3  0 -9 
371 79  -1  3  0 -9 
371 86  -1  3  0 -9 
371 87  -1  1  0 -9 
371 88   1  2  0 -9 
371 272   1  5  0 -9 
371 273  -1  4  0 -9 
371 368   1  2  0 -9 
371 369   1  2  0 -9 
371 370  -1  1  0 -9 
371 371   1  0  0 -9 
372 81  -1  0  0 -9 
372 86  -1  2  0 -9 
372 87  -1  0  0 -9 
372 88   1  1  0 -9 
372 89   1 -1  0 -9 
372 272   1  4  0 -9 
372 273  -1  3  0 -9 
372 274  -1  3  0 -9 
372 275   1  2  0 -9 
372 276   1 -1  0 -9 
372 368   1  1  0 -9 
372 370  -1  0  0 -9 
372 371   1 -1  0 -9 
372 372  -1 -2  0 -9 
373 86  -1  4  0 -9 
373 91  -1  1  0 -9 
373 92   1  2  0 -9 
373 281   1  5  0 -9 
373 285  -1  4  0 -9 
373 286   1  2  0 -9 
373 287  -1  1  0 -9 
373 368   1  3  0 -9 
373 373   1  0  0 -9 
374 27  -1  4  0 -9 
374 56  -1  4  0 -9 
374 96  -1  1  0 -9 
374 97   1  2  0 -9 
374 219   1  3  0 -9 
374 251   1  5  0 -9 
374 290  -1  4  0 -9 
374 291   1  2  0 -9 
374 292  -1  1  0 -9 
374 344   1  3  0 -9 
374 374   1  0  0 -9 
375 86   1  6  0 -9 
375 101  -1  5  0 -9 
375 368  -1  5  0 -9 
375 376   1  3  0 -9 
376 86   1  5  0 -9 
376 101  -1  4  0 -9 
376 368  -1  4  0 -9 
376 375   1  3  0 -9 
377 101  -1  3  0 -9 
377 102  -1  1  0 -9 
377 103   1  2  0 -9 
377 375   1  2  0 -9 
377 376  -1  1  0 -9 
377 377   1  0  0 -9 
378 86  -1  3  0 -9 
378 91  -1  0  0 -9 
378 92   1  1  0 -9 
378 102  -1  0  0 -9 
378 103   1  1  0 -9 
378 105  -1  0  0 -9 
378 107   1 -1  0 -9 
378 281   1  4  0 -9 
378 285  -1  3  0 -9 
378 287  -1  0  0 -9 
378 296  -1  3  0 -9 
378 299   1  2  0 -9 
378 300   1 -1  0 -9 
378 368   1  2  0 -9 
378 373   1 -1  0 -9 
378 376  -1  0  0 -9 
378 377   1 -1  0 -9 
378 378  -1 -2  0 -9 
379 113  -1  1  0 -9 
379 114   1  2  0 -9 
379 308   1  2  0 -9 
379 309  -1  1  0 -9 
379 379   1  0  0 -9 
380 27  -1  3  0 -9 
380 37  -1  0  0 -9 
380 38   1  1  0 -9 
380 56  -1  3  0 -9 
380 66  -1  0  0 -9 
380 67   1  1  0 -9 
380 96  -1  0  0 -9 
380 97   1  1  0 -9 
380 110  -1  0  0 -9 
380 113  -1  0  0 -9 
380 114   1  1  0 -9 
380 115   1 -1  0 -9 
380 219   1  2  0 -9 
380 234  -1  0  0 -9 
380 235   1 -1  0 -9 
380 251   1  4  0 -9 
380 260  -1  3  0 -9 
380 290  -1  3  0 -9 
380 292  -1  0  0 -9 
380 304   1  2  0 -9 
380 305   1 -1  0 -9 
380 309  -1  0  0 -9 
380 344   1  2  0 -9 
380 359  -1  0  0 -9 
380 360   1 -1  0 -9 
380 374   1 -1  0 -9 
380 379   1 -1  0 -9 
380 380  -1 -2  0 -9 
381 368  -1  4  0 -9 
381 382   1  3  0 -9 
382 86   1  6  0 -9 
382 368  -1  5  0 -9 
382 381   1  3  0 -9 
383 101  -1  3  0 -9 
383 102  -1  1  0 -9 
383 103   1  2  0 -9 
383 368  -1  3  0 -9 
383 375   1  2  0 -9 
383 376  -1  1  0 -9 
383 381  -1  1  0 -9 
383 382   1  2  0 -9 
383 383   1  0  0 -9 
384 101  -1  2  0 -9 
384 102  -1  0  0 -9 
384 103   1  1  0 -9 
384 375   1  1  0 -9 
384 376  -1  0  0 -9 
384 377   1 -1  0 -9 
384 381  -1  0  0 -9 
384 383   1 -1  0 -9 
384 384  -1 -2  0 -9 
385 86  -1  3  0 -9 
385 119  -1  1  0 -9 
385 120   1  2  0 -9 
385 368   1  2  0 -9 
385 381   1  2  0 -9 
385 382  -1  1  0 -9 
385 385   1  0  0 -9 
386 86  -1  2  0 -9 
386 119  -1  0  0 -9 
386 120   1  1  0 -9 
386 121   1 -1  0 -9 
386 368   1  1  0 -9 
386 382  -1  0  0 -9 
386 385   1 -1  0 -9 
386 386  -1 -2  0 -9 
387 27  -1  3  0 -9 
387 123  -1  1  0 -9 
387 124   1  2  0 -9 
387 219   1  2  0 -9 
387 318   1  2  0 -9 
387 319  -1  1  0 -9 
387 387   1  0  0 -9 
388 27  -1  2  0 -9 
388 123  -1  0  0 -9 
388 124   1  1  0 -9 
388 125   1 -1  0 -9 
388 219   1  1  0 -9 
388 319  -1  0  0 -9 
388 387   1 -1  0 -9 
388 388  -1 -2  0 -9 
389 113  -1  0  0 -9 
389 114   1  1  0 -9 
389 129   1 -1  0 -9 
389 309  -1  0  0 -9 
389 379   1 -1  0 -9 
389 389  -1 -2  0 -9 
390 245  -1  4  0 -9 
390 391   1  3  0 -9 
391 243   1  6  0 -9 
391 245  -1  5  0 -9 
391 390   1  3  0 -9 
392 392  -1  6  0 -9 
393 392  -1  4  0 -9 
393 394   1  3  0 -9 
394 392  -1  5  0 -9 
394 393   1  3  0 -9 
395 392  -1  5  0 -9 
395 396   1  3  0 -9 
396 392  -1  4  0 -9 
396 395   1  3  0 -9 
397 245  -1  3  0 -9 
397 246   1  2  0 -9 
397 247  -1  1  0 -9 
397 390  -1  1  0 -9 
397 391   1  2  0 -9 
397 392  -1  3  0 -9 
397 393  -1  1  0 -9 
397 394   1  2  0 -9 
397 395   1  2  0 -9 
397 396  -1  1  0 -9 
397 397   1  0  0 -9 
398 392  -1  3  0 -9 
398 393  -1  1  0 -9 
398 394   1  2  0 -9 
398 395   1  2  0 -9 
398 396  -1  1  0 -9 
398 398   1  0  0 -9 
399 246   1  1  0 -9 
399 247  -1  0  0 -9 
399 248  -1  0  0 -9 
399 250   1 -1  0 -9 
399 390  -1  0  0 -9 
399 392  -1  2  0 -9 
399 393  -1  0  0 -9 
399 394   1  1  0 -9 
399 395   1  1  0 -9 
399 396  -1  0  0 -9 
399 397   1 -1  0 -9 
399 398   1 -1  0 -9 
399 399  -1 -2  0 -9 
400 400  -1  6  0 -9 
401 274  -1  4  0 -9 
401 400  -1  4  0 -9 
401 402   1  3  0 -9 
402 272   1  6  0 -9 
402 274  -1  5  0 -9 
402 400  -1  5  0 -9 
402 401   1  3  0 -9 
403 400  -1  5  0 -9 
403 404   1  3  0 -9 
404 400  -1  4  0 -9 
404 403   1  3  0 -9 
405 274  -1  3  0 -9 
405 275   1  2  0 -9 
405 276  -1  1  0 -9 
405 400  -1  3  0 -9 
405 401  -1  1  0 -9 
405 402   1  2  0 -9 
405 403   1  2  0 -9 
405 404  -1  1  0 -9 
405 405   1  0  0 -9 
406 243   1  5  0 -9 
406 245  -1  4  1  2  0 -9 
406 273  -1  3  0 -9 
406 274  -1  3  0 -9 
406 275   1  2  0 -9 
406 276  -1  1  0 -9 
406 277  -1  1  0 -9 
406 278   1  2  0 -9 
406 390   1  2  0 -9 
406 391  -1  1  0 -9 
406 400  -1  3  0 -9 
406 401  -1  1  0 -9 
406 402   1  2  0 -9 
406 403   1  2  0 -9 
406 404  -1  1  0 -9 
406 406   1  0  0 -9 
407 245   1  1  0 -9 
407 274  -1  2  0 -9 
407 275   1  1  0 -9 
407 276  -1  0  0 -9 
407 277  -1  0  0 -9 
407 391  -1  0  0 -9 
407 400  -1  2  0 -9 
407 401  -1  0  0 -9 
407 402   1  1  0 -9 
407 403   1  1  0 -9 
407 404  -1  0  0 -9 
407 405   1 -1  0 -9 
407 406   1 -1  0 -9 
407 407  -1 -2  0 -9 
408 392  -1  5  0 -9 
408 409   1  3  0 -9 
409 392  -1  4  0 -9 
409 408   1  3  0 -9 
410 392  -1  3  0 -9 
410 393  -1  1  0 -9 
410 394   1  2  0 -9 
410 408   1  2  0 -9 
410 409  -1  1  0 -9 
410 410   1  0  0 -9 
411 393  -1  0  0 -9 
411 394   1  1  0 -9 
411 396  -1  0  0 -9 
411 398   1 -1  0 -9 
411 400  -1  3  0 -9 
411 403   1  2  0 -9 
411 404   1 -1  0 -9 
411 409  -1  0  0 -9 
411 410   1 -1  0 -9 
411 411  -1 -2  0 -9 
412 400  -1  4  0 -9 
412 413   1  3  0 -9 
413 400  -1  5  0 -9 
413 412   1  3  0 -9 
414 400  -1  3  0 -9 
414 403   1  2  0 -9 
414 404  -1  1  0 -9 
414 412  -1  1  0 -9 
414 413   1  2  0 -9 
414 414   1  0  0 -9 
415 275   1  1  0 -9 
415 276  -1  0  0 -9 
415 282  -1  0  0 -9 
415 284   1 -1  0 -9 
415 296  -1  3  0 -9 
415 297   1 -1  0 -9 
415 298   1  2  0 -9 
415 392  -1  3  0 -9 
415 393   1 -1  0 -9 
415 394   1  2  0 -9 
415 401  -1  0  0 -9 
415 403   1  1  0 -9 
415 404  -1  0  0 -9 
415 405   1 -1  0 -9 
415 412  -1  0  0 -9 
415 414   1 -1  0 -9 
415 415  -1 -2  0 -9 
416 417   1  3  0 -9 
417 416   1  3  0 -9 
418 392  -1  3  0 -9 
418 393  -1  1  0 -9 
418 394   1  2  0 -9 
418 408   1  2  0 -9 
418 409  -1  1  0 -9 
418 416  -1  1  0 -9 
418 417   1  2  0 -9 
418 418   1  0  0 -9 
419 392  -1  2  0 -9 
419 393  -1  0  0 -9 
419 394   1  1  0 -9 
419 408   1  1  0 -9 
419 409  -1  0  0 -9 
419 410   1 -1  0 -9 
419 416  -1  0  0 -9 
419 418   1 -1  0 -9 
419 419  -1 -2  0 -9 
420 400  -1  3  0 -9 
420 403   1  2  0 -9 
420 404  -1  1  0 -9 
420 412  -1  1  0 -9 
420 413   1  2  0 -9 
420 416   1  2  0 -9 
420 417  -1  1  0 -9 
420 420   1  0  0 -9 
421 400  -1  2  0 -9 
421 403   1  1  0 -9 
421 404  -1  0  0 -9 
421 412  -1  0  0 -9 
421 413   1  1  0 -9 
421 414   1 -1  0 -9 
421 417  -1  0  0 -9 
421 420   1 -1  0 -9 
421 421  -1 -2  0 -9 
422 422  -1  6  0 -9 
423 328  -1  4  0 -9 
423 422  -1  4  0 -9 
423 424   1  3  0 -9 
424 326   1  6  0 -9 
424 328  -1  5  0 -9 
424 422  -1  5  0 -9 
424 423   1  3  0 -9 
425 422  -1  5  0 -9 
425 426   1  3  0 -9 
426 422  -1  4  0 -9 
426 425   1  3  0 -9 
427 328  -1  3  0 -9 
427 329   1  2  0 -9 
427 330  -1  1  0 -9 
427 422  -1  3  0 -9 
427 423  -1  1  0 -9 
427 424   1  2  0 -9 
427 425   1  2  0 -9 
427 426  -1  1  0 -9 
427 427   1  0  0 -9 
428 48   1  5  0 -9 
428 50  -1  4  1  2  0 -9 
428 131   1  2  0 -9 
428 132  -1  1  0 -9 
428 327  -1  3  0 -9 
428 328  -1  3  0 -9 
428 329   1  2  0 -9 
428 330  -1  1  0 -9 
428 331  -1  1  0 -9 
428 332   1  2  0 -9 
428 422  -1  3  0 -9 
428 423  -1  1  0 -9 
428 424   1  2  0 -9 
428 425   1  2  0 -9 
428 426  -1  1  0 -9 
428 428   1  0  0 -9 
429 50   1  1  0 -9 
429 132  -1  0  0 -9 
429 328  -1  2  0 -9 
429 329   1  1  0 -9 
429 330  -1  0  0 -9 
429 331  -1  0  0 -9 
429 422  -1  2  0 -9 
429 423  -1  0  0 -9 
429 424   1  1  0 -9 
429 425   1  1  0 -9 
429 426  -1  0  0 -9 
429 427   1 -1  0 -9 
429 428   1 -1  0 -9 
429 429  -1 -2  0 -9 
430 133  -1  5  0 -9 
430 431   1  3  0 -9 
431 133  -1  4  0 -9 
431 430   1  3  0 -9 
432 133  -1  3  0 -9 
432 134  -1  1  0 -9 
432 135   1  2  0 -9 
432 430   1  2  0 -9 
432 431  -1  1  0 -9 
432 432   1  0  0 -9 
433 134  -1  0  0 -9 
433 135   1  1  0 -9 
433 137  -1  0  0 -9 
433 139   1 -1  0 -9 
433 422  -1  3  0 -9 
433 425   1  2  0 -9 
433 426   1 -1  0 -9 
433 431  -1  0  0 -9 
433 432   1 -1  0 -9 
433 433  -1 -2  0 -9 
434 141  -1  5  0 -9 
434 435   1  3  0 -9 
435 141  -1  4  0 -9 
435 434   1  3  0 -9 
436 77   1  5  0 -9 
436 79  -1  4  1  2  0 -9 
436 101  -1  3  0 -9 
436 102  -1  1  0 -9 
436 103   1  2  0 -9 
436 133  -1  3  0 -9 
436 134  -1  1  0 -9 
436 135   1  2  0 -9 
436 141  -1  4  1  2  0 -9 
436 142   1  2  0 -9 
436 143  -1  1  0 -9 
436 273  -1  3  0 -9 
436 274  -1  3  0 -9 
436 275   1  2  0 -9 
436 276  -1  1  0 -9 
436 368  -1  3  0 -9 
436 369  -1  1  0 -9 
436 370   1  2  0 -9 
436 375   1  2  0 -9 
436 376  -1  1  0 -9 
436 400  -1  3  0 -9 
436 401  -1  1  0 -9 
436 402   1  2  0 -9 
436 403   1  2  0 -9 
436 404  -1  1  0 -9 
436 430   1  2  0 -9 
436 431  -1  1  0 -9 
436 434  -1  1  0 -9 
436 435   1  2  0 -9 
436 436   1  0  0 -9 
437 79   1  1  0 -9 
437 101  -1  2  0 -9 
437 102  -1  0  0 -9 
437 103   1  1  0 -9 
437 133  -1  2  0 -9 
437 134  -1  0  0 -9 
437 135   1  1  0 -9 
437 141   1  1  0 -9 
437 143  -1  0  0 -9 
437 274  -1  2  0 -9 
437 275   1  1  0 -9 
437 276  -1  0  0 -9 
437 369  -1  0  0 -9 
437 375   1  1  0 -9 
437 376  -1  0  0 -9 
437 377   1 -1  0 -9 
437 400  -1  2  0 -9 
437 401  -1  0  0 -9 
437 402   1  1  0 -9 
437 403   1  1  0 -9 
437 404  -1  0  0 -9 
437 405   1 -1  0 -9 
437 430   1  1  0 -9 
437 431  -1  0  0 -9 
437 432   1 -1  0 -9 
437 434  -1  0  0 -9 
437 436   1 -1  0 -9 
437 437  -1 -2  0 -9 
438 141  -1  3  0 -9 
438 153  -1  1  0 -9 
438 154   1  2  0 -9 
438 434   1  2  0 -9 
438 435  -1  1  0 -9 
438 438   1  0  0 -9 
439 145  -1  0  0 -9 
439 153  -1  0  0 -9 
439 154   1  1  0 -9 
439 155   1 -1  0 -9 
439 400  -1  3  0 -9 
439 403   1  2  0 -9 
439 404   1 -1  0 -9 
439 435  -1  0  0 -9 
439 438   1 -1  0 -9 
439 439  -1 -2  0 -9 
440 157  -1  1  0 -9 
440 158   1  2  0 -9 
440 416   1  2  0 -9 
440 417  -1  1  0 -9 
440 440   1  0  0 -9 
441 134  -1  0  0 -9 
441 135   1  1  0 -9 
441 150  -1  0  0 -9 
441 157  -1  0  0 -9 
441 158   1  1  0 -9 
441 159   1 -1  0 -9 
441 392  -1  3  0 -9 
441 408   1  2  0 -9 
441 409   1 -1  0 -9 
441 417  -1  0  0 -9 
441 431  -1  0  0 -9 
441 432   1 -1  0 -9 
441 440   1 -1  0 -9 
441 441  -1 -2  0 -9 
442 442  -1  6  0 -9 
443 442  -1  4  0 -9 
443 444   1  3  0 -9 
444 442  -1  5  0 -9 
444 443   1  3  0 -9 
445 442  -1  5  0 -9 
445 446   1  3  0 -9 
446 442  -1  4  0 -9 
446 445   1  3  0 -9 
447 442  -1  3  0 -9 
447 443  -1  1  0 -9 
447 444   1  2  0 -9 
447 445   1  2  0 -9 
447 446  -1  1  0 -9 
447 447   1  0  0 -9 
448 442  -1  3  0 -9 
448 443  -1  1  0 -9 
448 444   1  2  0 -9 
448 445   1  2  0 -9 
448 446  -1  1  0 -9 
448 448   1  0  0 -9 
449 442  -1  2  0 -9 
449 443  -1  0  0 -9 
449 444   1  1  0 -9 
449 445   1  1  0 -9 
449 446  -1  0  0 -9 
449 447   1 -1  0 -9 
449 448   1 -1  0 -9 
449 449  -1 -2  0 -9 
450 422  -1  4  0 -9 
450 451   1  3  0 -9 
451 422  -1  5  0 -9 
451 450   1  3  0 -9 
452 422  -1  3  0 -9 
452 425   1  2  0 -9 
452 426  -1  1  0 -9 
452 450  -1  1  0 -9 
452 451   1  2  0 -9 
452 452   1  0  0 -9 
453 133  -1  3  0 -9 
453 134   1 -1  0 -9 
453 135   1  2  0 -9 
453 329   1  1  0 -9 
453 330  -1  0  0 -9 
453 336  -1  0  0 -9 
453 338   1 -1  0 -9 
453 350  -1  3  0 -9 
453 351   1 -1  0 -9 
453 352   1  2  0 -9 
453 423  -1  0  0 -9 
453 425   1  1  0 -9 
453 426  -1  0  0 -9 
453 427   1 -1  0 -9 
453 442  -1  3  0 -9 
453 443   1 -1  0 -9 
453 444   1  2  0 -9 
453 450  -1  0  0 -9 
453 452   1 -1  0 -9 
453 453  -1 -2  0 -9 
454 455   1  3  0 -9 
455 454   1  3  0 -9 
456 133  -1  3  0 -9 
456 134  -1  1  0 -9 
456 135   1  2  0 -9 
456 430   1  2  0 -9 
456 431  -1  1  0 -9 
456 454  -1  1  0 -9 
456 455   1  2  0 -9 
456 456   1  0  0 -9 
457 133  -1  2  0 -9 
457 134  -1  0  0 -9 
457 135   1  1  0 -9 
457 430   1  1  0 -9 
457 431  -1  0  0 -9 
457 432   1 -1  0 -9 
457 454  -1  0  0 -9 
457 456   1 -1  0 -9 
457 457  -1 -2  0 -9 
458 422  -1  3  0 -9 
458 425   1  2  0 -9 
458 426  -1  1  0 -9 
458 450  -1  1  0 -9 
458 451   1  2  0 -9 
458 454   1  2  0 -9 
458 455  -1  1  0 -9 
458 458   1  0  0 -9 
459 422  -1  2  0 -9 
459 425   1  1  0 -9 
459 426  -1  0  0 -9 
459 450  -1  0  0 -9 
459 451   1  1  0 -9 
459 452   1 -1  0 -9 
459 455  -1  0  0 -9 
459 458   1 -1  0 -9 
459 459  -1 -2  0 -9 
460 163  -1  5  0 -9 
460 461   1  3  0 -9 
461 163  -1  4  0 -9 
461 460   1  3  0 -9 
462 163  -1  3  0 -9 
462 164  -1  1  0 -9 
462 165   1  2  0 -9 
462 460   1  2  0 -9 
462 461  -1  1  0 -9 
462 462   1  0  0 -9 
463 164  -1  0  0 -9 
463 165   1  1  0 -9 
463 167  -1  0  0 -9 
463 169   1 -1  0 -9 
463 442  -1  3  0 -9 
463 445   1  2  0 -9 
463 446   1 -1  0 -9 
463 461  -1  0  0 -9 
463 462   1 -1  0 -9 
463 463  -1 -2  0 -9 
464 465   1  3  0 -9 
465 464   1  3  0 -9 
466 163  -1  3  0 -9 
466 164  -1  1  0 -9 
466 165   1  2  0 -9 
466 460   1  2  0 -9 
466 461  -1  1  0 -9 
466 464  -1  1  0 -9 
466 465   1  2  0 -9 
466 466   1  0  0 -9 
467 163  -1  2  0 -9 
467 164  -1  0  0 -9 
467 165   1  1  0 -9 
467 460   1  1  0 -9 
467 461  -1  0  0 -9 
467 462   1 -1  0 -9 
467 464  -1  0  0 -9 
467 466   1 -1  0 -9 
467 467  -1 -2  0 -9 
468 171  -1  1  0 -9 
468 172   1  2  0 -9 
468 464   1  2  0 -9 
468 465  -1  1  0 -9 
468 468   1  0  0 -9 
469 171  -1  0  0 -9 
469 172   1  1  0 -9 
469 173   1 -1  0 -9 
469 465  -1  0  0 -9 
469 468   1 -1  0 -9 
469 469  -1 -2  0 -9 
470 175  -1  1  0 -9 
470 176   1  2  0 -9 
470 454   1  2  0 -9 
470 455  -1  1  0 -9 
470 470   1  0  0 -9 
471 175  -1  0  0 -9 
471 176   1  1  0 -9 
471 177   1 -1  0 -9 
471 455  -1  0  0 -9 
471 470   1 -1  0 -9 
471 471  -1 -2  0 -9 
472 141  -1  3  0 -9 
472 153  -1  1  0 -9 
472 154   1  2  0 -9 
472 362  -1  1  0 -9 
472 363   1  2  0 -9 
472 416  -1  1  0 -9 
472 417   1  2  0 -9 
472 434   1  2  0 -9 
472 435  -1  1  0 -9 
472 464  -1  1  0 -9 
472 465   1  2  0 -9 
472 472   1  0  0 -9 
473 141  -1  2  0 -9 
473 153  -1  0  0 -9 
473 154   1  1  0 -9 
473 362  -1  0  0 -9 
473 416  -1  0  0 -9 
473 434   1  1  0 -9 
473 435  -1  0  0 -9 
473 438   1 -1  0 -9 
473 464  -1  0  0 -9 
473 472   1 -1  0 -9 
473 473  -1 -2  0 -9 
474 157  -1  0  0 -9 
474 158   1  1  0 -9 
474 181   1 -1  0 -9 
474 417  -1  0  0 -9 
474 440   1 -1  0 -9 
474 474  -1 -2  0 -9 
475 475   1  8  0 -9 
476 475  -1  4  0 -9 
476 477   1  3  0 -9 
477 475   1  7  0 -9 
477 476   1  3  0 -9 
478 475  -1  3  0 -9 
478 476  -1  1  0 -9 
478 477   1  2  0 -9 
478 478   1  0  0 -9 
479 475   1  7  0 -9 
479 479  -1  6  0 -9 
480 479  -1  4  0 -9 
480 481   1  3  0 -9 
481 475   1  6  0 -9 
481 479  -1  5  0 -9 
481 480   1  3  0 -9 
482 243   1  6  1  4  0 -9 
482 244  -1  5 -1  3 -1  1  0 -9 
482 245  -1  3  0 -9 
482 246   1  2  0 -9 
482 247  -1  1  0 -9 
482 248  -1  1  0 -9 
482 249   1  2  0 -9 
482 475  -1  3  0 -9 
482 476  -1  1  0 -9 
482 477   1  2  0 -9 
482 479   1  2  0 -9 
482 480   1  2  0 -9 
482 481  -1  1  0 -9 
482 482   1  0  0 -9 
483 243   1  3  0 -9 
483 244  -1  2 -1  0  0 -9 
483 245  -1  2  0 -9 
483 246   1  1  0 -9 
483 247  -1  0  0 -9 
483 248  -1  0  0 -9 
483 249   1  1  0 -9 
483 250   1 -1  0 -9 
483 475  -1  2  0 -9 
483 476  -1  0  0 -9 
483 477   1  1  0 -9 
483 478   1 -1  0 -9 
483 479   1  1  0 -9 
483 481  -1  0  0 -9 
483 482   1 -1  0 -9 
483 483  -1 -2  0 -9 
484 281  -1  4  0 -9 
484 485   1  3  0 -9 
485 281   1  7  0 -9 
485 484   1  3  0 -9 
486 281  -1  3  0 -9 
486 484  -1  1  0 -9 
486 485   1  2  0 -9 
486 486   1  0  0 -9 
487 296  -1  3  0 -9 
487 297   1 -1  0 -9 
487 298   1  2  0 -9 
487 484  -1  0  0 -9 
487 486   1 -1  0 -9 
487 487  -1 -2  0 -9 
488 251  -1  4  0 -9 
488 489   1  3  0 -9 
489 251   1  7  0 -9 
489 488   1  3  0 -9 
490 251  -1  3  0 -9 
490 488  -1  1  0 -9 
490 489   1  2  0 -9 
490 490   1  0  0 -9 
491 260  -1  3  0 -9 
491 261   1 -1  0 -9 
491 262   1  2  0 -9 
491 488  -1  0  0 -9 
491 490   1 -1  0 -9 
491 491  -1 -2  0 -9 
492 56  -1  3  0 -9 
492 57  -1  1  0 -9 
492 58   1  2  0 -9 
492 60   1  2  0 -9 
492 61   1  2  0 -9 
492 62  -1  1  0 -9 
492 73  -1  1  0 -9 
492 74   1  2  0 -9 
492 183   1  6  1  4  0 -9 
492 185  -1  3  0 -9 
492 251   1  6  1  2  0 -9 
492 255  -1  5 -1  3 -1  1  0 -9 
492 256  -1  1  0 -9 
492 257   1  2  0 -9 
492 260  -1  3  0 -9 
492 261  -1  1  0 -9 
492 262   1  2  0 -9 
492 263   1  2  0 -9 
492 264  -1  1  0 -9 
492 281  -1  3  0 -9 
492 285   1  2  0 -9 
492 286   1  2  0 -9 
492 287  -1  1  0 -9 
492 484  -1  1  0 -9 
492 485   1  2  0 -9 
492 488   1  2  0 -9 
492 489  -1  1  0 -9 
492 492   1  0  0 -9 
493 56  -1  2  0 -9 
493 57  -1  0  0 -9 
493 58   1  1  0 -9 
493 59   1 -1  0 -9 
493 60   1  1  0 -9 
493 62  -1  0  0 -9 
493 73  -1  0  0 -9 
493 74   1  1  0 -9 
493 75   1 -1  0 -9 
493 183   1  3  0 -9 
493 185  -1  2  0 -9 
493 251   1  1  0 -9 
493 255  -1  2 -1  0  0 -9 
493 256  -1  0  0 -9 
493 257   1  1  0 -9 
493 260  -1  2  0 -9 
493 261  -1  0  0 -9 
493 262   1  1  0 -9 
493 263   1  1  0 -9 
493 264  -1  0  0 -9 
493 266   1 -1  0 -9 
493 281  -1  2  0 -9 
493 285   1  1  0 -9 
493 287  -1  0  0 -9 
493 484  -1  0  0 -9 
493 485   1  1  0 -9 
493 486   1 -1  0 -9 
493 489  -1  0  0 -9 
493 492   1 -1  0 -9 
493 493  -1 -2  0 -9 
494 308  -1  1  0 -9 
494 309   1  2  0 -9 
494 494   1  0  0 -9 
495 73  -1  0  0 -9 
495 75   1 -1  0 -9 
495 202  -1  3  0 -9 
495 268   1 -1  0 -9 
495 269   1  2  0 -9 
495 308  -1  0  0 -9 
495 494   1 -1  0 -9 
495 495  -1 -2  0 -9 
496 496   1  8  0 -9 
497 496  -1  4  0 -9 
497 498   1  3  0 -9 
498 496   1  7  0 -9 
498 497   1  3  0 -9 
499 496  -1  3  0 -9 
499 497  -1  1  0 -9 
499 498   1  2  0 -9 
499 499   1  0  0 -9 
500 496   1  7  0 -9 
500 500  -1  6  0 -9 
501 500  -1  4  0 -9 
501 502   1  3  0 -9 
502 496   1  6  0 -9 
502 500  -1  5  0 -9 
502 501   1  3  0 -9 
503 496  -1  3  0 -9 
503 497  -1  1  0 -9 
503 498   1  2  0 -9 
503 500   1  2  0 -9 
503 501   1  2  0 -9 
503 502  -1  1  0 -9 
503 503   1  0  0 -9 
504 496  -1  2  0 -9 
504 497  -1  0  0 -9 
504 498   1  1  0 -9 
504 499   1 -1  0 -9 
504 500   1  1  0 -9 
504 502  -1  0  0 -9 
504 503   1 -1  0 -9 
504 504  -1 -2  0 -9 
505 335  -1  4  0 -9 
505 506   1  3  0 -9 
506 335   1  7  0 -9 
506 505   1  3  0 -9 
507 335  -1  3  0 -9 
507 505  -1  1  0 -9 
507 506   1  2  0 -9 
507 507   1  0  0 -9 
508 350  -1  3  0 -9 
508 351   1 -1  0 -9 
508 352   1  2  0 -9 
508 505  -1  0  0 -9 
508 507   1 -1  0 -9 
508 508  -1 -2  0 -9 
509 510   1  3  0 -9 
510 509   1  3  0 -9 
511 509  -1  1  0 -9 
511 510   1  2  0 -9 
511 511   1  0  0 -9 
512 509  -1  0  0 -9 
512 511   1 -1  0 -9 
512 512  -1 -2  0 -9 
513 335  -1  3  0 -9 
513 339   1  2  0 -9 
513 340   1  2  0 -9 
513 341  -1  1  0 -9 
513 505  -1  1  0 -9 
513 506   1  2  0 -9 
513 509   1  2  0 -9 
513 510  -1  1  0 -9 
513 513   1  0  0 -9 
514 335  -1  2  0 -9 
514 339   1  1  0 -9 
514 341  -1  0  0 -9 
514 505  -1  0  0 -9 
514 506   1  1  0 -9 
514 507   1 -1  0 -9 
514 510  -1  0  0 -9 
514 513   1 -1  0 -9 
514 514  -1 -2  0 -9 
515 362  -1  1  0 -9 
515 363   1  2  0 -9 
515 515   1  0  0 -9 
516 362  -1  0  0 -9 
516 515   1 -1  0 -9 
516 516  -1 -2  0 -9 
517 475   1  7  0 -9 
517 517  -1  6  0 -9 
518 517  -1  4  0 -9 
518 519   1  3  0 -9 
519 475   1  6  0 -9 
519 517  -1  5  0 -9 
519 518   1  3  0 -9 
520 475  -1  3  0 -9 
520 476  -1  1  0 -9 
520 477   1  2  0 -9 
520 517   1  2  0 -9 
520 518   1  2  0 -9 
520 519  -1  1  0 -9 
520 520   1  0  0 -9 
521 475  -1  2  0 -9 
521 476  -1  0  0 -9 
521 477   1  1  0 -9 
521 478   1 -1  0 -9 
521 517   1  1  0 -9 
521 519  -1  0  0 -9 
521 520   1 -1  0 -9 
521 521  -1 -2  0 -9 
522 281   1  5  0 -9 
522 285  -1  4  0 -9 
522 286   1  2  0 -9 
522 287  -1  1  0 -9 
522 475  -1  4  0 -9 
522 480  -1  1  0 -9 
522 481   1  2  0 -9 
522 496   1  5  0 -9 
522 500  -1  4  0 -9 
522 501   1  2  0 -9 
522 502  -1  1  0 -9 
522 517   1  3  0 -9 
522 522   1  0  0 -9 
523 524   1  3  0 -9 
524 523   1  3  0 -9 
525 523  -1  1  0 -9 
525 524   1  2  0 -9 
525 525   1  0  0 -9 
526 523  -1  0  0 -9 
526 525   1 -1  0 -9 
526 526  -1 -2  0 -9 
527 281  -1  3  0 -9 
527 285   1  2  0 -9 
527 286   1  2  0 -9 
527 287  -1  1  0 -9 
527 484  -1  1  0 -9 
527 485   1  2  0 -9 
527 523   1  2  0 -9 
527 524  -1  1  0 -9 
527 527   1  0  0 -9 
528 281  -1  2  0 -9 
528 285   1  1  0 -9 
528 287  -1  0  0 -9 
528 484  -1  0  0 -9 
528 485   1  1  0 -9 
528 486   1 -1  0 -9 
528 524  -1  0  0 -9 
528 527   1 -1  0 -9 
528 528  -1 -2  0 -9 
529 251  -1  3  0 -9 
529 290   1  2  0 -9 
529 291   1  2  0 -9 
529 292  -1  1  0 -9 
529 308   1  2  0 -9 
529 309  -1  1  0 -9 
529 488  -1  1  0 -9 
529 489   1  2  0 -9 
529 509   1  2  0 -9 
529 510  -1  1  0 -9 
529 529   1  0  0 -9 
530 251  -1  2  0 -9 
530 290   1  1  0 -9 
530 292  -1  0  0 -9 
530 309  -1  0  0 -9 
530 488  -1  0  0 -9 
530 489   1  1  0 -9 
530 490   1 -1  0 -9 
530 510  -1  0  0 -9 
530 529   1 -1  0 -9 
530 530  -1 -2  0 -9 
531 308  -1  0  0 -9 
531 494   1 -1  0 -9 
531 531  -1 -2  0 -9 
532 475   1  7  0 -9 
532 532  -1  6  0 -9 
533 532  -1  4  0 -9 
533 534   1  3  0 -9 
534 475   1  6  0 -9 
534 532  -1  5  0 -9 
534 533   1  3  0 -9 
535 475   1  6  0 -9 
535 479  -1  5  0 -9 
535 532  -1  5  0 -9 
535 536   1  3  0 -9 
536 475   1  5  0 -9 
536 479  -1  4  0 -9 
536 532  -1  4  0 -9 
536 535   1  3  0 -9 
537 532  -1  3  0 -9 
537 533  -1  1  0 -9 
537 534   1  2  0 -9 
537 535   1  2  0 -9 
537 536  -1  1  0 -9 
537 537   1  0  0 -9 
538 479  -1  3  0 -9 
538 480  -1  1  0 -9 
538 481   1  2  0 -9 
538 532  -1  3  0 -9 
538 533  -1  1  0 -9 
538 534   1  2  0 -9 
538 535   1  2  0 -9 
538 536  -1  1  0 -9 
538 538   1  0  0 -9 
539 480  -1  0  0 -9 
539 532  -1  2  0 -9 
539 533  -1  0  0 -9 
539 534   1  1  0 -9 
539 535   1  1  0 -9 
539 536  -1  0  0 -9 
539 537   1 -1  0 -9 
539 538   1 -1  0 -9 
539 539  -1 -2  0 -9 
540 541   1  3  0 -9 
541 540   1  3  0 -9 
542 540  -1  1  0 -9 
542 541   1  2  0 -9 
542 542   1  0  0 -9 
543 476  -1  0  0 -9 
543 478   1 -1  0 -9 
543 532  -1  3  0 -9 
543 533   1 -1  0 -9 
543 534   1  2  0 -9 
543 540  -1  0  0 -9 
543 542   1 -1  0 -9 
543 543  -1 -2  0 -9 
544 545   1  3  0 -9 
545 544   1  3  0 -9 
546 544  -1  1  0 -9 
546 545   1  2  0 -9 
546 546   1  0  0 -9 
547 392  -1  3  0 -9 
547 393   1 -1  0 -9 
547 394   1  2  0 -9 
547 544  -1  0  0 -9 
547 546   1 -1  0 -9 
547 547  -1 -2  0 -9 
548 392  -1  3  0 -9 
548 393  -1  1  0 -9 
548 394   1  2  0 -9 
548 395   1  2  0 -9 
548 396  -1  1  0 -9 
548 540  -1  1  0 -9 
548 541   1  2  0 -9 
548 544   1  2  0 -9 
548 545  -1  1  0 -9 
548 548   1  0  0 -9 
549 392  -1  2  0 -9 
549 393  -1  0  0 -9 
549 394   1  1  0 -9 
549 395   1  1  0 -9 
549 396  -1  0  0 -9 
549 398   1 -1  0 -9 
549 540  -1  0  0 -9 
549 541   1  1  0 -9 
549 542   1 -1  0 -9 
549 545  -1  0  0 -9 
549 548   1 -1  0 -9 
549 549  -1 -2  0 -9 
550 416  -1  1  0 -9 
550 417   1  2  0 -9 
550 550   1  0  0 -9 
551 400  -1  3  0 -9 
551 412   1 -1  0 -9 
551 413   1  2  0 -9 
551 416  -1  0  0 -9 
551 540  -1  0  0 -9 
551 542   1 -1  0 -9 
551 550   1 -1  0 -9 
551 551  -1 -2  0 -9 
552 496   1  7  0 -9 
552 552  -1  6  0 -9 
553 552  -1  4  0 -9 
553 554   1  3  0 -9 
554 496   1  6  0 -9 
554 552  -1  5  0 -9 
554 553   1  3  0 -9 
555 496   1  6  0 -9 
555 500  -1  5  0 -9 
555 552  -1  5  0 -9 
555 556   1  3  0 -9 
556 496   1  5  0 -9 
556 500  -1  4  0 -9 
556 552  -1  4  0 -9 
556 555   1  3  0 -9 
557 552  -1  3  0 -9 
557 553  -1  1  0 -9 
557 554   1  2  0 -9 
557 555   1  2  0 -9 
557 556  -1  1  0 -9 
557 557   1  0  0 -9 
558 500  -1  3  0 -9 
558 501  -1  1  0 -9 
558 502   1  2  0 -9 
558 552  -1  3  0 -9 
558 553  -1  1  0 -9 
558 554   1  2  0 -9 
558 555   1  2  0 -9 
558 556  -1  1  0 -9 
558 558   1  0  0 -9 
559 501  -1  0  0 -9 
559 552  -1  2  0 -9 
559 553  -1  0  0 -9 
559 554   1  1  0 -9 
559 555   1  1  0 -9 
559 556  -1  0  0 -9 
559 557   1 -1  0 -9 
559 558   1 -1  0 -9 
559 559  -1 -2  0 -9 
560 561   1  3  0 -9 
561 560   1  3  0 -9 
562 560  -1  1  0 -9 
562 561   1  2  0 -9 
562 562   1  0  0 -9 
563 497  -1  0  0 -9 
563 499   1 -1  0 -9 
563 552  -1  3  0 -9 
563 553   1 -1  0 -9 
563 554   1  2  0 -9 
563 560  -1  0  0 -9 
563 562   1 -1  0 -9 
563 563  -1 -2  0 -9 
564 565   1  3  0 -9 
565 564   1  3  0 -9 
566 564  -1  1  0 -9 
566 565   1  2  0 -9 
566 566   1  0  0 -9 
567 564  -1  0  0 -9 
567 566   1 -1  0 -9 
567 567  -1 -2  0 -9 
568 560  -1  1  0 -9 
568 561   1  2  0 -9 
568 564   1  2  0 -9 
568 565  -1  1  0 -9 
568 568   1  0  0 -9 
569 560  -1  0  0 -9 
569 561   1  1  0 -9 
569 562   1 -1  0 -9 
569 565  -1  0  0 -9 
569 568   1 -1  0 -9 
569 569  -1 -2  0 -9 
570 475   1  6  0 -9 
570 517  -1  5  0 -9 
570 532  -1  5  0 -9 
570 571   1  3  0 -9 
571 475   1  5  0 -9 
571 517  -1  4  0 -9 
571 532  -1  4  0 -9 
571 570   1  3  0 -9 
572 532  -1  3  0 -9 
572 533  -1  1  0 -9 
572 534   1  2  0 -9 
572 570   1  2  0 -9 
572 571  -1  1  0 -9 
572 572   1  0  0 -9 
573 281   1  4  0 -9 
573 285  -1  3  0 -9 
573 287  -1  0  0 -9 
573 296  -1  3  0 -9 
573 299   1  2  0 -9 
573 300   1 -1  0 -9 
573 475  -1  3  0 -9 
573 480  -1  0  0 -9 
573 481   1  1  0 -9 
573 496   1  4  0 -9 
573 500  -1  3  0 -9 
573 502  -1  0  0 -9 
573 517   1  2  0 -9 
573 522   1 -1  0 -9 
573 533  -1  0  0 -9 
573 534   1  1  0 -9 
573 536  -1  0  0 -9 
573 538   1 -1  0 -9 
573 552  -1  3  0 -9 
573 555   1  2  0 -9 
573 556   1 -1  0 -9 
573 571  -1  0  0 -9 
573 572   1 -1  0 -9 
573 573  -1 -2  0 -9 
574 575   1  3  0 -9 
575 574   1  3  0 -9 
576 517  -1  3  0 -9 
576 518  -1  1  0 -9 
576 519   1  2  0 -9 
576 532  -1  3  0 -9 
576 533  -1  1  0 -9 
576 534   1  2  0 -9 
576 570   1  2  0 -9 
576 571  -1  1  0 -9 
576 574  -1  1  0 -9 
576 575   1  2  0 -9 
576 576   1  0  0 -9 
577 518  -1  0  0 -9 
577 532  -1  2  0 -9 
577 533  -1  0  0 -9 
577 534   1  1  0 -9 
577 570   1  1  0 -9 
577 571  -1  0  0 -9 
577 572   1 -1  0 -9 
577 574  -1  0  0 -9 
577 576   1 -1  0 -9 
577 577  -1 -2  0 -9 
578 540  -1  1  0 -9 
578 541   1  2  0 -9 
578 574   1  2  0 -9 
578 575  -1  1  0 -9 
578 578   1  0  0 -9 
579 540  -1  0  0 -9 
579 541   1  1  0 -9 
579 542   1 -1  0 -9 
579 575  -1  0  0 -9 
579 578   1 -1  0 -9 
579 579  -1 -2  0 -9 
580 416   1  2  0 -9 
580 417  -1  1  0 -9 
580 544  -1  1  0 -9 
580 545   1  2  0 -9 
580 564   1  2  0 -9 
580 565  -1  1  0 -9 
580 580   1  0  0 -9 
581 417  -1  0  0 -9 
581 544  -1  0  0 -9 
581 545   1  1  0 -9 
581 546   1 -1  0 -9 
581 565  -1  0  0 -9 
581 580   1 -1  0 -9 
581 581  -1 -2  0 -9 
582 574  -1  1  0 -9 
582 575   1  2  0 -9 
582 582   1  0  0 -9 
583 574  -1  0  0 -9 
583 582   1 -1  0 -9 
583 583  -1 -2  0 -9 
584 416  -1  0  0 -9 
584 550   1 -1  0 -9 
584 584  -1 -2  0 -9 
585 586   1  3  0 -9 
586 585   1  3  0 -9 
587 585  -1  1  0 -9 
587 586   1  2  0 -9 
587 587   1  0  0 -9 
588 442  -1  3  0 -9 
588 443   1 -1  0 -9 
588 444   1  2  0 -9 
588 585  -1  0  0 -9 
588 587   1 -1  0 -9 
588 588  -1 -2  0 -9 
589 454  -1  1  0 -9 
589 455   1  2  0 -9 
589 589   1  0  0 -9 
590 73  -1  0  0 -9 
590 75   1 -1  0 -9 
590 171  -1  0  0 -9 
590 173   1 -1  0 -9 
590 422  -1  3  0 -9 
590 450   1 -1  0 -9 
590 451   1  2  0 -9 
590 454  -1  0  0 -9 
590 560  -1  0  0 -9 
590 562   1 -1  0 -9 
590 589   1 -1  0 -9 
590 590  -1 -2  0 -9 
591 592   1  3  0 -9 
592 591   1  3  0 -9 
593 591  -1  1  0 -9 
593 592   1  2  0 -9 
593 593   1  0  0 -9 
594 591  -1  0  0 -9 
594 593   1 -1  0 -9 
594 594  -1 -2  0 -9 
595 585  -1  1  0 -9 
595 586   1  2  0 -9 
595 591   1  2  0 -9 
595 592  -1  1  0 -9 
595 595   1  0  0 -9 
596 585  -1  0  0 -9 
596 586   1  1  0 -9 
596 587   1 -1  0 -9 
596 592  -1  0  0 -9 
596 595   1 -1  0 -9 
596 596  -1 -2  0 -9 
597 464  -1  1  0 -9 
597 465   1  2  0 -9 
597 597   1  0  0 -9 
598 464  -1  0  0 -9 
598 597   1 -1  0 -9 
598 598  -1 -2  0 -9 
599 454  -1  0  0 -9 
599 589   1 -1  0 -9 
599 599  -1 -2  0 -9 
9999 9999
