 0  0  -1 -2  0 -9 
 0  2  -1  0  0 -9 
 0  3  -1  0  0 -9 
 0  5   1 -1  0 -9 
 0 11   1 -1  0 -9 
 0 13  -1  0  0 -9 
 0 18   1  1  0 -9 
 0 22   1  1  0 -9 
 0 26  -1  2  0 -9 
 1  1  -1 -2  0 -9 
 1  4  -1  0  0 -9 
 1  6   1 -1  0 -9 
 1 10  -1  0  0 -9 
 1 12   1 -1  0 -9 
 1 14  -1  0  0 -9 
 1 19   1  1  0 -9 
 1 23   1  1  0 -9 
 1 27  -1  2  0 -9 
 2 10   1  3  0 -9 
 3 22   1  3  0 -9 
 3 26  -1  4  0 -9 
 4 23   1  3  0 -9 
 4 27  -1  4  0 -9 
 5  2  -1  1  0 -9 
 5  3  -1  1  0 -9 
 5  5   1  0  0 -9 
 5 10   1  2  0 -9 
 5 13  -1  1  0 -9 
 5 18   1  2  0 -9 
 5 22   1  2  0 -9 
 5 26  -1  3  0 -9 
 6  4  -1  1  0 -9 
 6  6   1  0  0 -9 
 6 14  -1  1  0 -9 
 6 19   1  2  0 -9 
 6 23   1  2  0 -9 
 6 27  -1  3  0 -9 
 7  3   1 -1  0 -9 
 7  4  -1  0  0 -9 
 7  6   1 -1  0 -9 
 7  7  -1 -2  0 -9 
 7 14  -1  0  0 -9 
 7 15   1 -1  0 -9 
 7 19   1  1  0 -9 
 7 20  -1  0  0 -9 
 7 22   1  2  0 -9 
 7 26  -1  3  0 -9 
 8  3  -1  1  0 -9 
 8  8   1  0  0 -9 
 8 22   1  2  0 -9 
 8 24  -1  1  0 -9 
 8 26  -1  3  0 -9 
 8 28   1  2  0 -9 
 9  3  -1  0  0 -9 
 9  8   1 -1  0 -9 
 9  9  -1 -2  0 -9 
 9 22   1  1  0 -9 
 9 24  -1  0  0 -9 
 9 25   1 -1  0 -9 
 9 26  -1  2  0 -9 
 9 28   1  1  0 -9 
 9 29  -1  0  0 -9 
10  2   1  3  0 -9 
11  3  -1  1  0 -9 
11 11   1  0  0 -9 
11 13  -1  1  0 -9 
11 18   1  2  0 -9 
11 22   1  2  0 -9 
11 26  -1  3  0 -9 
12  2   1  2  0 -9 
12  4  -1  1  0 -9 
12 10  -1  1  0 -9 
12 12   1  0  0 -9 
12 14  -1  1  0 -9 
12 19   1  2  0 -9 
12 23   1  2  0 -9 
12 27  -1  3  0 -9 
13 18   1  3  0 -9 
13 26  -1  4  0 -9 
14 19   1  3  0 -9 
14 27  -1  4  0 -9 
15 14  -1  1  0 -9 
15 15   1  0  0 -9 
15 19   1  2  0 -9 
15 20  -1  1  0 -9 
15 27  -1  3  0 -9 
15 30   1  2  0 -9 
16  3  -1  0  0 -9 
16  8   1 -1  0 -9 
16 11   1 -1  0 -9 
16 13  -1  0  0 -9 
16 14   1 -1  0 -9 
16 16  -1 -2  0 -9 
16 19   1  2  0 -9 
16 22   1  1  0 -9 
16 24  -1  0  0 -9 
16 27  -1  3  0 -9 
17 14  -1  0  0 -9 
17 15   1 -1  0 -9 
17 17  -1 -2  0 -9 
17 19   1  1  0 -9 
17 20  -1  0  0 -9 
17 21   1 -1  0 -9 
17 27  -1  2  0 -9 
17 30   1  1  0 -9 
17 31  -1  0  0 -9 
18 13   1  3  0 -9 
18 26  -1  5  0 -9 
19 14   1  3  0 -9 
19 27  -1  5  0 -9 
20 27  -1  4  0 -9 
20 30   1  3  0 -9 
21 14  -1  1  0 -9 
21 19   1  2  0 -9 
21 20  -1  1  0 -9 
21 21   1  0  0 -9 
21 27  -1  3  0 -9 
21 29   1  2  0 -9 
21 30   1  2  0 -9 
21 31  -1  1  0 -9 
22  3   1  3  0 -9 
22 26  -1  5  0 -9 
23  4   1  3  0 -9 
23 27  -1  5  0 -9 
24 26  -1  4  0 -9 
24 28   1  3  0 -9 
25  3  -1  1  0 -9 
25 22   1  2  0 -9 
25 24  -1  1  0 -9 
25 25   1  0  0 -9 
25 26  -1  3  0 -9 
25 28   1  2  0 -9 
25 29  -1  1  0 -9 
25 31   1  2  0 -9 
26 26  -1  6  0 -9 
27 27  -1  6  0 -9 
28 24   1  3  0 -9 
28 26  -1  5  0 -9 
29 31   1  3  0 -9 
30 20   1  3  0 -9 
30 27  -1  5  0 -9 
31 29   1  3  0 -9 
32  2   1  2  0 -9 
32 10  -1  1  0 -9 
32 32   1  0  0 -9 
33  3  -1  0  0 -9 
33 11   1 -1  0 -9 
33 13  -1  0  0 -9 
33 18   1  1  0 -9 
33 33  -1 -2  0 -9 
33 35   1 -1  0 -9 
33 40  -1  0  0 -9 
34  2   1  1  0 -9 
34  4  -1  0  0 -9 
34 10  -1  0  0 -9 
34 12   1 -1  0 -9 
34 14  -1  0  0 -9 
34 19   1  1  0 -9 
34 32   1 -1  0 -9 
34 34  -1 -2  0 -9 
34 36   1 -1  0 -9 
34 41  -1  0  0 -9 
35 13  -1  1  0 -9 
35 18   1  2  0 -9 
35 26  -1  3  0 -9 
35 35   1  0  0 -9 
35 40  -1  1  0 -9 
35 44   1  2  0 -9 
36 14  -1  1  0 -9 
36 19   1  2  0 -9 
36 27  -1  3  0 -9 
36 36   1  0  0 -9 
36 41  -1  1  0 -9 
36 45   1  2  0 -9 
37 14  -1  0  0 -9 
37 15   1 -1  0 -9 
37 19   1  1  0 -9 
37 20  -1  0  0 -9 
37 36   1 -1  0 -9 
37 37  -1 -2  0 -9 
37 41  -1  0  0 -9 
37 42   1 -1  0 -9 
37 48   1  2  0 -9 
37 50  -1  3  0 -9 
38 14  -1  0  0 -9 
38 19   1  1  0 -9 
38 26   1  1  0 -9 
38 27  -1  2  0 -9 
38 28  -1  0  0 -9 
38 36   1 -1  0 -9 
38 38  -1 -2  0 -9 
38 41  -1  0  0 -9 
38 44  -1  0  0 -9 
38 45   1  1  0 -9 
38 46   1 -1  0 -9 
39 29  -1  0  0 -9 
39 39  -1 -2  0 -9 
39 42  -1  0  0 -9 
39 43   1 -1  0 -9 
39 47   1 -1  0 -9 
39 48   1  1  0 -9 
39 49  -1  0  0 -9 
39 50  -1  2  0 -9 
39 51   1  1  0 -9 
40 26  -1  4  0 -9 
40 44   1  3  0 -9 
41 27  -1  4  0 -9 
41 45   1  3  0 -9 
42 48   1  3  0 -9 
42 50  -1  4  0 -9 
43 42  -1  1  0 -9 
43 43   1  0  0 -9 
43 48   1  2  0 -9 
43 49  -1  1  0 -9 
43 50  -1  3  0 -9 
43 51   1  2  0 -9 
44 26  -1  5  0 -9 
44 40   1  3  0 -9 
45 27  -1  5  0 -9 
45 41   1  3  0 -9 
46 14  -1  1  0 -9 
46 19   1  2  0 -9 
46 24   1  2  0 -9 
46 26  -1  4  1  2  0 -9 
46 27  -1  3  0 -9 
46 28  -1  1  0 -9 
46 40   1  2  0 -9 
46 41  -1  1  0 -9 
46 44  -1  1  0 -9 
46 45   1  2  0 -9 
46 46   1  0  0 -9 
47 29  -1  1  0 -9 
47 31   1  2  0 -9 
47 42  -1  1  0 -9 
47 47   1  0  0 -9 
47 48   1  2  0 -9 
47 49  -1  1  0 -9 
47 50  -1  3  0 -9 
47 51   1  2  0 -9 
48 42   1  3  0 -9 
48 50  -1  5  0 -9 
49 50  -1  4  0 -9 
49 51   1  3  0 -9 
50 50  -1  6  0 -9 
51 49   1  3  0 -9 
51 50  -1  5  0 -9 
52 10  -1  0  0 -9 
52 32   1 -1  0 -9 
52 52  -1 -2  0 -9 
53 22  -1  0  0 -9 
53 26   1  1  0 -9 
53 53  -1 -2  0 -9 
53 60   1 -1  0 -9 
53 64  -1  0  0 -9 
54 23  -1  0  0 -9 
54 27   1  1  0 -9 
54 54  -1 -2  0 -9 
54 61   1 -1  0 -9 
54 65  -1  0  0 -9 
55 13  -1  0  0 -9 
55 35   1 -1  0 -9 
55 40  -1  0  0 -9 
55 44   1  1  0 -9 
55 55  -1 -2  0 -9 
55 70   1 -1  0 -9 
55 74  -1  0  0 -9 
56 14  -1  0  0 -9 
56 36   1 -1  0 -9 
56 41  -1  0  0 -9 
56 45   1  1  0 -9 
56 56  -1 -2  0 -9 
56 71   1 -1  0 -9 
56 75  -1  0  0 -9 
57 27   1  1  0 -9 
57 30  -1  0  0 -9 
57 42  -1  0  0 -9 
57 48   1  1  0 -9 
57 50  -1  2  0 -9 
57 57  -1 -2  0 -9 
57 65  -1  0  0 -9 
57 68   1 -1  0 -9 
57 72   1 -1  0 -9 
57 78  -1  0  0 -9 
57 80   1  1  0 -9 
58 24  -1  0  0 -9 
58 58  -1 -2  0 -9 
58 62   1 -1  0 -9 
58 66  -1  0  0 -9 
58 74  -1  0  0 -9 
58 76   1 -1  0 -9 
58 82   1  1  0 -9 
59 31  -1  0  0 -9 
59 59  -1 -2  0 -9 
59 67  -1  0  0 -9 
59 69   1 -1  0 -9 
59 77   1 -1  0 -9 
59 79  -1  0  0 -9 
59 81   1  1  0 -9 
59 83   1  1  0 -9 
59 84  -1  2  0 -9 
60  3   1  2  0 -9 
60 22  -1  1  0 -9 
60 26  -1  4  1  2  0 -9 
60 60   1  0  0 -9 
60 64  -1  1  0 -9 
60 74   1  2  0 -9 
61  4   1  2  0 -9 
61 23  -1  1  0 -9 
61 27  -1  4  1  2  0 -9 
61 61   1  0  0 -9 
61 65  -1  1  0 -9 
61 75   1  2  0 -9 
62 24  -1  1  0 -9 
62 26  -1  3  0 -9 
62 28   1  2  0 -9 
62 62   1  0  0 -9 
62 66  -1  1  0 -9 
62 82   1  2  0 -9 
63  3  -1  0  0 -9 
63 24  -1  0  0 -9 
63 25   1 -1  0 -9 
63 28   1  1  0 -9 
63 29  -1  0  0 -9 
63 62   1 -1  0 -9 
63 63  -1 -2  0 -9 
63 66  -1  0  0 -9 
63 67   1 -1  0 -9 
63 83   1  2  0 -9 
63 84  -1  3  0 -9 
64 26  -1  5  0 -9 
64 74   1  3  0 -9 
65 27  -1  5  0 -9 
65 75   1  3  0 -9 
66 26  -1  4  0 -9 
66 82   1  3  0 -9 
67 83   1  3  0 -9 
67 84  -1  4  0 -9 
68 20   1  2  0 -9 
68 27  -1  4  1  2  0 -9 
68 30  -1  1  0 -9 
68 42  -1  1  0 -9 
68 48   1  2  0 -9 
68 50  -1  3  0 -9 
68 65  -1  1  0 -9 
68 68   1  0  0 -9 
68 75   1  2  0 -9 
68 78  -1  1  0 -9 
68 80   1  2  0 -9 
69 29   1  2  0 -9 
69 31  -1  1  0 -9 
69 67  -1  1  0 -9 
69 69   1  0  0 -9 
69 79  -1  1  0 -9 
69 81   1  2  0 -9 
69 83   1  2  0 -9 
69 84  -1  3  0 -9 
70 26  -1  3  0 -9 
70 40  -1  1  0 -9 
70 44   1  2  0 -9 
70 64   1  2  0 -9 
70 70   1  0  0 -9 
70 74  -1  1  0 -9 
71 27  -1  3  0 -9 
71 41  -1  1  0 -9 
71 45   1  2  0 -9 
71 65   1  2  0 -9 
71 71   1  0  0 -9 
71 75  -1  1  0 -9 
72 42  -1  1  0 -9 
72 48   1  2  0 -9 
72 50  -1  3  0 -9 
72 72   1  0  0 -9 
72 78  -1  1  0 -9 
72 80   1  2  0 -9 
73 42  -1  0  0 -9 
73 43   1 -1  0 -9 
73 48   1  1  0 -9 
73 49  -1  0  0 -9 
73 72   1 -1  0 -9 
73 73  -1 -2  0 -9 
73 78  -1  0  0 -9 
73 79   1 -1  0 -9 
73 81   1  2  0 -9 
73 84  -1  3  0 -9 
74 26  -1  4  0 -9 
74 64   1  3  0 -9 
75 27  -1  4  0 -9 
75 65   1  3  0 -9 
76 26  -1  3  0 -9 
76 64   1  2  0 -9 
76 66  -1  1  0 -9 
76 74  -1  1  0 -9 
76 76   1  0  0 -9 
76 82   1  2  0 -9 
77 67  -1  1  0 -9 
77 77   1  0  0 -9 
77 79  -1  1  0 -9 
77 81   1  2  0 -9 
77 83   1  2  0 -9 
77 84  -1  3  0 -9 
78 50  -1  4  0 -9 
78 80   1  3  0 -9 
79 81   1  3  0 -9 
79 84  -1  4  0 -9 
80 50  -1  5  0 -9 
80 78   1  3  0 -9 
81 79   1  3  0 -9 
81 84  -1  5  0 -9 
82 26  -1  5  0 -9 
82 66   1  3  0 -9 
83 67   1  3  0 -9 
83 84  -1  5  0 -9 
84 84  -1  6  0 -9 
85 26  -1  2  0 -9 
85 40  -1  0  0 -9 
85 44   1  1  0 -9 
85 64   1  1  0 -9 
85 70   1 -1  0 -9 
85 74  -1  0  0 -9 
85 85  -1 -2  0 -9 
85 89   1 -1  0 -9 
86 27  -1  2  0 -9 
86 41  -1  0  0 -9 
86 45   1  1  0 -9 
86 65   1  1  0 -9 
86 71   1 -1  0 -9 
86 75  -1  0  0 -9 
86 86  -1 -2  0 -9 
86 90   1 -1  0 -9 
87 42  -1  0  0 -9 
87 48   1  1  0 -9 
87 50  -1  2  0 -9 
87 72   1 -1  0 -9 
87 78  -1  0  0 -9 
87 80   1  1  0 -9 
87 87  -1 -2  0 -9 
87 93   1 -1  0 -9 
87 95  -1  0  0 -9 
88 79  -1  0  0 -9 
88 81   1  1  0 -9 
88 84  -1  2  0 -9 
88 88  -1 -2  0 -9 
88 94   1 -1  0 -9 
88 96  -1  0  0 -9 
88 97  -1  0  0 -9 
88 98   1 -1  0 -9 
88 99   1  1  0 -9 
89 26  -1  3  0 -9 
89 40  -1  1  0 -9 
89 44   1  2  0 -9 
89 64   1  2  0 -9 
89 74  -1  1  0 -9 
89 89   1  0  0 -9 
90 27  -1  3  0 -9 
90 41  -1  1  0 -9 
90 45   1  2  0 -9 
90 65   1  2  0 -9 
90 75  -1  1  0 -9 
90 90   1  0  0 -9 
91 27  -1  3  0 -9 
91 40  -1  0  0 -9 
91 41   1 -1  0 -9 
91 45   1  2  0 -9 
91 64   1  1  0 -9 
91 66  -1  0  0 -9 
91 74  -1  0  0 -9 
91 76   1 -1  0 -9 
91 89   1 -1  0 -9 
91 91  -1 -2  0 -9 
92 42   1 -1  0 -9 
92 48   1  2  0 -9 
92 50  -1  3  0 -9 
92 67  -1  0  0 -9 
92 77   1 -1  0 -9 
92 79  -1  0  0 -9 
92 81   1  1  0 -9 
92 92  -1 -2  0 -9 
92 94   1 -1  0 -9 
92 96  -1  0  0 -9 
93 42  -1  1  0 -9 
93 48   1  2  0 -9 
93 50  -1  3  0 -9 
93 78  -1  1  0 -9 
93 80   1  2  0 -9 
93 93   1  0  0 -9 
93 95  -1  1  0 -9 
93 97   1  2  0 -9 
94 79  -1  1  0 -9 
94 81   1  2  0 -9 
94 84  -1  3  0 -9 
94 94   1  0  0 -9 
94 96  -1  1  0 -9 
94 99   1  2  0 -9 
95 97   1  3  0 -9 
96 84  -1  4  0 -9 
96 99   1  3  0 -9 
97 95   1  3  0 -9 
98 79  -1  1  0 -9 
98 81   1  2  0 -9 
98 84  -1  3  0 -9 
98 95   1  2  0 -9 
98 96  -1  1  0 -9 
98 97  -1  1  0 -9 
98 98   1  0  0 -9 
98 99   1  2  0 -9 
99 84  -1  5  0 -9 
99 96   1  3  0 -9 
9999 9999
