 0  1  -1  4  0 -9 
 0  6   1  3  0 -9 
 0  9  -1  4  0 -9 
 0 21   1  5  0 -9 
 1  1  -1  6  0 -9 
 1 21   1  7  0 -9 
 2  1  -1  5  0 -9 
 2  4  -1  5  0 -9 
 2  7   1  3  0 -9 
 2 10  -1  4  0 -9 
 2 21   1  6  0 -9 
 2 22   1  6  0 -9 
 3  5  -1  5  0 -9 
 3  8   1  3  0 -9 
 3 11  -1  4  0 -9 
 3 23   1  6  0 -9 
 4  4  -1  6  0 -9 
 4 22   1  7  0 -9 
 5  5  -1  6  0 -9 
 5 23   1  7  0 -9 
 6  0   1  3  0 -9 
 6  1  -1  5  0 -9 
 6  9  -1  5  0 -9 
 6 12   1  6  0 -9 
 6 21   1  6  0 -9 
 7  1  -1  4  0 -9 
 7  2   1  3  0 -9 
 7  4  -1  4  0 -9 
 7 10  -1  5  0 -9 
 7 24   1  6  0 -9 
 8  3   1  3  0 -9 
 8  5  -1  4  0 -9 
 8 11  -1  5  0 -9 
 8 25   1  6  0 -9 
 9  9  -1  6  0 -9 
 9 12   1  7  0 -9 
 9 21   1  7  0 -9 
10 10  -1  6  0 -9 
10 24   1  7  0 -9 
11 11  -1  6  0 -9 
11 25   1  7  0 -9 
12 12   1  8  0 -9 
13 13   1  8  0 -9 
14 14   1  8  0 -9 
15 15  -1  6  0 -9 
15 26   1  7  0 -9 
16 16  -1  6  0 -9 
16 27   1  7  0 -9 
17 13   1  7  0 -9 
17 17  -1  6  0 -9 
17 28   1  7  0 -9 
18 14   1  7  0 -9 
18 18  -1  6  0 -9 
18 29   1  7  0 -9 
19 19  -1  6  0 -9 
19 30   1  7  0 -9 
20 20  -1  6  0 -9 
20 31   1  7  0 -9 
21 21   1  8  0 -9 
22 22   1  8  0 -9 
23 23   1  8  0 -9 
24 24   1  8  0 -9 
25 25   1  8  0 -9 
26 26   1  8  0 -9 
27 27   1  8  0 -9 
28 28   1  8  0 -9 
29 29   1  8  0 -9 
30 30   1  8  0 -9 
31 31   1  8  0 -9 
32 32   1  8  0 -9 
33 33   1  8  0 -9 
34 34   1  8  0 -9 
35 35   1  8  0 -9 
9999 9999
