 0  1  -1  5  0 -9 
 0  2   1  3  0 -9 
 0  3  -1  4  0 -9 
 0  4   1  6  0 -9 
 1  1  -1  6  0 -9 
 1  4   1  7  0 -9 
 2  0   1  3  0 -9 
 2  1  -1  4  0 -9 
 2  3  -1  5  0 -9 
 2  5   1  6  0 -9 
 3  3  -1  6  0 -9 
 3  5   1  7  0 -9 
 4  4   1  8  0 -9 
 5  5   1  8  0 -9 
 6  3  -1  4  0 -9 
 6  5   1  5  0 -9 
 6  7   1  3  0 -9 
 6  9  -1  4  0 -9 
 7  3  -1  5  0 -9 
 7  5   1  6  0 -9 
 7  6   1  3  0 -9 
 7  8   1  6  0 -9 
 7  9  -1  5  0 -9 
 8  8   1  8  0 -9 
 9  5   1  7  0 -9 
 9  8   1  7  0 -9 
 9  9  -1  6  0 -9 
10  3  -1  3  0 -9 
10  6  -1  1  0 -9 
10  7   1  2  0 -9 
10  8  -1  4  0 -9 
10 10   1  0  0 -9 
10 11  -1  1  0 -9 
10 12   1  3  0 -9 
10 13  -1  4  0 -9 
10 14   1  2  0 -9 
10 15   1  5  0 -9 
11  3  -1  4  0 -9 
11 13  -1  5  0 -9 
11 14   1  3  0 -9 
11 15   1  6  0 -9 
12  8   1  7  0 -9 
12 12  -1  6  0 -9 
13 13  -1  6  0 -9 
13 15   1  7  0 -9 
14  3  -1  5  0 -9 
14  5   1  6  0 -9 
14 11   1  3  0 -9 
14 13  -1  4  0 -9 
15 15   1  8  0 -9 
16  0  -1  1  0 -9 
16  1  -1  4  1  2  0 -9 
16  2   1  2  0 -9 
16  3  -1  3  0 -9 
16  4   1  5  0 -9 
16  6  -1  1  0 -9 
16  7   1  2  0 -9 
16  9  -1  3  0 -9 
16 16   1  0  0 -9 
16 17  -1  1  0 -9 
16 18  -1  1  0 -9 
16 19   1  2  0 -9 
16 20  -1  3  0 -9 
16 21  -1  3  0 -9 
16 22   1  2  0 -9 
16 23   1  4  0 -9 
17  8   1  5  0 -9 
17  9  -1  4  0 -9 
17 20  -1  4  0 -9 
17 21  -1  4  0 -9 
17 22   1  3  0 -9 
17 23   1  5  0 -9 
18  1  -1  5  0 -9 
18  4   1  6  0 -9 
18 19   1  3  0 -9 
18 20  -1  4  0 -9 
18 21  -1  4  0 -9 
18 23   1  5  0 -9 
19  1  -1  4  0 -9 
19  8   1  6  0 -9 
19 18   1  3  0 -9 
19 20  -1  5  0 -9 
19 21  -1  5  0 -9 
19 23   1  6  0 -9 
20 20  -1  6  0 -9 
20 23   1  7  0 -9 
21  8   1  7  0 -9 
21 21  -1  6  0 -9 
21 23   1  7  0 -9 
22  5   1  6  0 -9 
22  8   1  6  0 -9 
22  9  -1  5  0 -9 
22 17   1  3  0 -9 
22 20  -1  5  0 -9 
22 21  -1  5  0 -9 
22 23   1  6  0 -9 
23 23   1  8  0 -9 
24  0  -1  0  0 -9 
24  1   1  1  0 -9 
24  5  -1  3  0 -9 
24  6  -1  0  0 -9 
24  7   1  1  0 -9 
24  8  -1  3  0 -9 
24 10   1 -1  0 -9 
24 11  -1  0  0 -9 
24 12   1  2  0 -9 
24 13  -1  3  0 -9 
24 15   1  4  0 -9 
24 16   1 -1  0 -9 
24 17  -1  0  0 -9 
24 18  -1  0  0 -9 
24 19   1  1  0 -9 
24 24  -1 -2  0 -9 
24 25   1 -1  0 -9 
24 26   1 -1  0 -9 
24 27  -1  0  0 -9 
24 28  -1  3  0 -9 
24 30   1  2  0 -9 
24 31  -1  3  0 -9 
24 32   1  4  0 -9 
25  5  -1  4  0 -9 
25 13  -1  4  0 -9 
25 15   1  5  0 -9 
25 28  -1  4  0 -9 
25 30   1  3  0 -9 
25 31  -1  4  0 -9 
25 32   1  5  0 -9 
26  1   1  2  0 -9 
26  4  -1  3  0 -9 
26 18  -1  1  0 -9 
26 19   1  2  0 -9 
26 21  -1  3  0 -9 
26 26   1  0  0 -9 
26 27  -1  1  0 -9 
26 28  -1  4  0 -9 
26 29   1  2  0 -9 
26 32   1  5  0 -9 
27  4  -1  4  0 -9 
27  8   1  5  0 -9 
27 12  -1  4  0 -9 
27 21  -1  4  0 -9 
27 28  -1  5  0 -9 
27 29   1  3  0 -9 
27 32   1  6  0 -9 
28 28  -1  6  0 -9 
28 32   1  7  0 -9 
29  4   1  7  0 -9 
29  8   1  6  0 -9 
29 12  -1  5  0 -9 
29 21  -1  5  0 -9 
29 23   1  6  0 -9 
29 27   1  3  0 -9 
29 28  -1  4  0 -9 
30  5   1  7  0 -9 
30 13  -1  5  0 -9 
30 15   1  6  0 -9 
30 25   1  3  0 -9 
30 28  -1  5  0 -9 
30 31  -1  5  0 -9 
30 32   1  6  0 -9 
31 15   1  7  0 -9 
31 31  -1  6  0 -9 
31 32   1  7  0 -9 
32 32   1  8  0 -9 
33  5  -1  2  0 -9 
33  8  -1  2  0 -9 
33  9   1  1  0 -9 
33 12   1  1  0 -9 
33 13  -1  2 -1  0  0 -9 
33 15   1  3  0 -9 
33 20   1  1  0 -9 
33 21   1  1  0 -9 
33 22  -1  0  0 -9 
33 23  -1  2  0 -9 
33 25  -1  0  0 -9 
33 28  -1  2 -1  0  0 -9 
33 30   1  1  0 -9 
33 31  -1  2  0 -9 
33 32   1  3  0 -9 
33 33  -1 -2  0 -9 
33 34  -1  0  0 -9 
33 35   1 -1  0 -9 
33 36   1  1  0 -9 
33 37   1 -1  0 -9 
33 39  -1  0  0 -9 
33 40   1  1  0 -9 
33 41  -1  2  0 -9 
34  8   1  6  0 -9 
34 12  -1  5  0 -9 
34 21  -1  5  0 -9 
34 23   1  6  0 -9 
34 36  -1  5  0 -9 
34 38   1  3  0 -9 
34 41   1  6  0 -9 
35  5  -1  3  0 -9 
35  8  -1  3  0 -9 
35  9   1  2  0 -9 
35 12   1  2  0 -9 
35 13  -1  5 -1  3 -1  1  0 -9 
35 15   1  6  1  4  0 -9 
35 17   1  2  0 -9 
35 20   1  2  0 -9 
35 21  -1  4  1  2  0 -9 
35 22  -1  1  0 -9 
35 23  -1  3  0 -9 
35 25  -1  1  0 -9 
35 28  -1  5 -1  3 -1  1  0 -9 
35 30   1  2  0 -9 
35 31  -1  3  0 -9 
35 32   1  6  1  4  0 -9 
35 34  -1  1  0 -9 
35 35   1  0  0 -9 
35 36   1  2  0 -9 
35 38   1  2  0 -9 
35 39  -1  1  0 -9 
35 40   1  2  0 -9 
35 41  -1  3  0 -9 
36 23   1  7  0 -9 
36 36  -1  6  0 -9 
36 41   1  7  0 -9 
37  5  -1  3  0 -9 
37 13  -1  3  0 -9 
37 15   1  4  0 -9 
37 25  -1  1  0 -9 
37 28  -1  3  0 -9 
37 30   1  2  0 -9 
37 31  -1  3  0 -9 
37 32   1  4  0 -9 
37 37   1  0  0 -9 
37 39  -1  1  0 -9 
37 40   1  2  0 -9 
37 41  -1  3  0 -9 
38  8   1  5  0 -9 
38 12  -1  4  0 -9 
38 21  -1  4  0 -9 
38 23   1  5  0 -9 
38 34   1  3  0 -9 
38 36  -1  4  0 -9 
39 13  -1  4  0 -9 
39 15   1  5  0 -9 
39 28  -1  4  0 -9 
39 31  -1  4  0 -9 
39 32   1  5  0 -9 
39 40   1  3  0 -9 
39 41  -1  4  0 -9 
40 13  -1  5  0 -9 
40 15   1  6  0 -9 
40 28  -1  5  0 -9 
40 31  -1  5  0 -9 
40 32   1  6  0 -9 
40 39   1  3  0 -9 
40 41   1  7  0 -9 
41 41   1  8  0 -9 
42  1   1  1  0 -9 
42  4  -1  2  0 -9 
42 18  -1  0  0 -9 
42 20   1  2  0 -9 
42 23  -1  3  0 -9 
42 26   1 -1  0 -9 
42 27  -1  0  0 -9 
42 28  -1  3  0 -9 
42 29   1  1  0 -9 
42 32   1  4  0 -9 
42 38  -1  0  0 -9 
42 42  -1 -2  0 -9 
42 43  -1  0  0 -9 
42 44   1 -1  0 -9 
42 45   1 -1  0 -9 
42 46  -1  0  0 -9 
42 47   1  1  0 -9 
42 48   1  1  0 -9 
42 49  -1  2  0 -9 
43 36  -1  4  0 -9 
43 41   1  5  0 -9 
43 48   1  3  0 -9 
43 49  -1  4  0 -9 
44 20   1  3  0 -9 
44 23  -1  4  0 -9 
44 28  -1  4  0 -9 
44 32   1  5  0 -9 
44 43  -1  1  0 -9 
44 44   1  0  0 -9 
44 46  -1  1  0 -9 
44 47   1  2  0 -9 
44 48   1  2  0 -9 
44 49  -1  3  0 -9 
45  4  -1  3  0 -9 
45  8   1  4  0 -9 
45 12  -1  3  0 -9 
45 21  -1  3  0 -9 
45 27  -1  1  0 -9 
45 28  -1  4  1  2  0 -9 
45 29   1  2  0 -9 
45 32   1  5  0 -9 
45 34   1  2  0 -9 
45 36  -1  3  0 -9 
45 38  -1  1  0 -9 
45 43  -1  1  0 -9 
45 45   1  0  0 -9 
45 46  -1  1  0 -9 
45 47   1  2  0 -9 
45 48   1  2  0 -9 
45 49  -1  3  0 -9 
46 28  -1  5  0 -9 
46 32   1  6  0 -9 
46 47   1  3  0 -9 
46 49  -1  4  0 -9 
47 28  -1  4  0 -9 
47 41   1  6  0 -9 
47 46   1  3  0 -9 
47 49  -1  5  0 -9 
48 23   1  6  0 -9 
48 36  -1  5  0 -9 
48 41   1  6  0 -9 
48 43   1  3  0 -9 
48 49  -1  5  0 -9 
49 41   1  7  0 -9 
49 49  -1  6  0 -9 
50  0   1  2  0 -9 
50  2  -1  1  0 -9 
50  3  -1  4  1  2  0 -9 
50  4  -1  4  0 -9 
50  5   1  5  0 -9 
50 50   1  0  0 -9 
50 51  -1  1  0 -9 
50 52   1  3  0 -9 
50 53  -1  4  0 -9 
50 54   1  2  0 -9 
50 55   1  5  0 -9 
51  3  -1  5  0 -9 
51  5   1  6  0 -9 
51 53  -1  5  0 -9 
51 54   1  3  0 -9 
51 55   1  6  0 -9 
52  4   1  7  0 -9 
52 52  -1  6  0 -9 
53  5   1  7  0 -9 
53 53  -1  6  0 -9 
53 55   1  7  0 -9 
54  3  -1  4  0 -9 
54  5   1  5  0 -9 
54 51   1  3  0 -9 
54 53  -1  4  0 -9 
55 55   1  8  0 -9 
56  3  -1  3  0 -9 
56 11  -1  1  0 -9 
56 13  -1  4  0 -9 
56 14   1  2  0 -9 
56 15   1  5  0 -9 
56 51   1  2  0 -9 
56 54  -1  1  0 -9 
56 55  -1  4  0 -9 
56 56   1  0  0 -9 
56 57   1  3  0 -9 
57 55   1  7  0 -9 
57 57  -1  6  0 -9 
58  1   1  2  0 -9 
58  2  -1  0  0 -9 
58  3   1  1  0 -9 
58  4  -1  3  0 -9 
58 50   1 -1  0 -9 
58 51  -1  0  0 -9 
58 52   1  2  0 -9 
58 53  -1  3  0 -9 
58 55   1  4  0 -9 
58 58  -1 -2  0 -9 
58 59   1 -1  0 -9 
58 60   1 -1  0 -9 
58 61  -1  0  0 -9 
58 62  -1  3  0 -9 
58 64   1  2  0 -9 
58 65  -1  3  0 -9 
58 66   1  4  0 -9 
59 53  -1  4  0 -9 
59 55   1  5  0 -9 
59 62  -1  4  0 -9 
59 64   1  3  0 -9 
59 65  -1  4  0 -9 
59 66   1  5  0 -9 
60  1   1  3  0 -9 
60  4  -1  4  0 -9 
60 60   1  0  0 -9 
60 61  -1  1  0 -9 
60 62  -1  4  0 -9 
60 63   1  2  0 -9 
60 66   1  5  0 -9 
61 52  -1  4  0 -9 
61 62  -1  5  0 -9 
61 63   1  3  0 -9 
61 66   1  6  0 -9 
62 62  -1  6  0 -9 
62 66   1  7  0 -9 
63  4   1  6  0 -9 
63 52  -1  5  0 -9 
63 61   1  3  0 -9 
63 62  -1  4  0 -9 
64  5   1  6  0 -9 
64 53  -1  5  0 -9 
64 55   1  6  0 -9 
64 59   1  3  0 -9 
64 62  -1  5  0 -9 
64 65  -1  5  0 -9 
64 66   1  6  0 -9 
65 55   1  7  0 -9 
65 65  -1  6  0 -9 
65 66   1  7  0 -9 
66 66   1  8  0 -9 
67  5  -1  2  0 -9 
67 13  -1  2 -1  0  0 -9 
67 15   1  3  0 -9 
67 25  -1  0  0 -9 
67 28  -1  2 -1  0  0 -9 
67 30   1  1  0 -9 
67 31  -1  2  0 -9 
67 32   1  3  0 -9 
67 37   1 -1  0 -9 
67 39  -1  0  0 -9 
67 40   1  1  0 -9 
67 41  -1  2  0 -9 
67 53   1  1  0 -9 
67 55  -1  2  0 -9 
67 57   1  1  0 -9 
67 62   1  1  0 -9 
67 64  -1  0  0 -9 
67 65   1  1  0 -9 
67 66  -1  2  0 -9 
67 67  -1 -2  0 -9 
67 69   1 -1  0 -9 
67 70  -1  0  0 -9 
67 71   1  1  0 -9 
68  4  -1  3  0 -9 
68  8   1  6  1  4  0 -9 
68 12  -1  5 -1  3 -1  1  0 -9 
68 21  -1  3  0 -9 
68 27  -1  1  0 -9 
68 28  -1  4  0 -9 
68 29   1  2  0 -9 
68 32   1  5  0 -9 
68 34   1  2  0 -9 
68 38  -1  1  0 -9 
68 41  -1  4  0 -9 
68 52   1  2  0 -9 
68 61   1  2  0 -9 
68 63  -1  1  0 -9 
68 66  -1  4  0 -9 
68 68   1  0  0 -9 
68 71   1  3  0 -9 
69  5  -1  3  0 -9 
69 13  -1  5 -1  3 -1  1  0 -9 
69 15   1  6  1  4  0 -9 
69 25  -1  1  0 -9 
69 28  -1  5 -1  3 -1  1  0 -9 
69 30   1  2  0 -9 
69 31  -1  3  0 -9 
69 32   1  6  1  4  0 -9 
69 39  -1  1  0 -9 
69 40   1  2  0 -9 
69 41  -1  3  0 -9 
69 53   1  2  0 -9 
69 55  -1  3  0 -9 
69 57   1  2  0 -9 
69 59   1  2  0 -9 
69 62   1  2  0 -9 
69 64  -1  1  0 -9 
69 65  -1  4  1  2  0 -9 
69 66  -1  3  0 -9 
69 69   1  0  0 -9 
69 70  -1  1  0 -9 
69 71   1  2  0 -9 
69 72   1  2  0 -9 
70 41   1  6  0 -9 
70 55   1  6  0 -9 
70 57  -1  5  0 -9 
70 65  -1  5  0 -9 
70 66   1  6  0 -9 
70 71  -1  5  0 -9 
70 72   1  3  0 -9 
71 41   1  7  0 -9 
71 66   1  7  0 -9 
71 71  -1  6  0 -9 
72 55   1  5  0 -9 
72 57  -1  4  0 -9 
72 65  -1  4  0 -9 
72 66   1  5  0 -9 
72 70   1  3  0 -9 
72 71  -1  4  0 -9 
73  4  -1  2  0 -9 
73  8   1  3  0 -9 
73 12  -1  2 -1  0  0 -9 
73 21  -1  2  0 -9 
73 27  -1  0  0 -9 
73 28  -1  3  0 -9 
73 29   1  1  0 -9 
73 32   1  4  0 -9 
73 34   1  1  0 -9 
73 38  -1  0  0 -9 
73 41  -1  3  0 -9 
73 43  -1  0  0 -9 
73 45   1 -1  0 -9 
73 46  -1  0  0 -9 
73 47   1  1  0 -9 
73 52   1  1  0 -9 
73 62   1  2  0 -9 
73 63  -1  0  0 -9 
73 66  -1  3  0 -9 
73 68   1 -1  0 -9 
73 71   1  2  0 -9 
73 73  -1 -2  0 -9 
73 74   1 -1  0 -9 
73 75  -1  0  0 -9 
74 28  -1  4  0 -9 
74 32   1  5  0 -9 
74 46  -1  1  0 -9 
74 47   1  2  0 -9 
74 49  -1  3  0 -9 
74 62   1  3  0 -9 
74 66  -1  4  0 -9 
74 74   1  0  0 -9 
74 75  -1  1  0 -9 
74 76   1  2  0 -9 
75 41   1  5  0 -9 
75 49  -1  4  0 -9 
75 71  -1  4  0 -9 
75 76   1  3  0 -9 
76 41   1  6  0 -9 
76 49  -1  5  0 -9 
76 66   1  6  0 -9 
76 71  -1  5  0 -9 
76 75   1  3  0 -9 
77  5  -1  3  0 -9 
77  6  -1  0  0 -9 
77  8  -1  3  0 -9 
77  9   1  2  0 -9 
77 10   1 -1  0 -9 
77 11  -1  0  0 -9 
77 12   1  2  0 -9 
77 13  -1  3  0 -9 
77 14   1  1  0 -9 
77 15   1  4  0 -9 
77 54  -1  0  0 -9 
77 59  -1  0  0 -9 
77 62  -1  2 -1  0  0 -9 
77 64   1  1  0 -9 
77 65  -1  2  0 -9 
77 66   1  3  0 -9 
77 77  -1 -2  0 -9 
77 78  -1  0  0 -9 
77 79   1 -1  0 -9 
77 80   1  1  0 -9 
77 81   1 -1  0 -9 
77 83  -1  0  0 -9 
77 84   1  1  0 -9 
77 85  -1  2  0 -9 
78 12  -1  4  0 -9 
78 80  -1  5  0 -9 
78 82   1  3  0 -9 
78 85   1  6  0 -9 
79  5  -1  4  0 -9 
79  8  -1  4  0 -9 
79  9   1  3  0 -9 
79 13  -1  4  0 -9 
79 15   1  5  0 -9 
79 59  -1  1  0 -9 
79 62  -1  5 -1  3 -1  1  0 -9 
79 64   1  2  0 -9 
79 65  -1  3  0 -9 
79 66   1  6  1  4  0 -9 
79 78  -1  1  0 -9 
79 79   1  0  0 -9 
79 80   1  2  0 -9 
79 82   1  2  0 -9 
79 83  -1  1  0 -9 
79 84   1  2  0 -9 
79 85  -1  3  0 -9 
80 80  -1  6  0 -9 
80 85   1  7  0 -9 
81  3  -1  3  0 -9 
81 11  -1  1  0 -9 
81 13  -1  4  1  2  0 -9 
81 14   1  2  0 -9 
81 15   1  5  0 -9 
81 51   1  2  0 -9 
81 53  -1  3  0 -9 
81 54  -1  1  0 -9 
81 59  -1  1  0 -9 
81 62  -1  3  0 -9 
81 64   1  2  0 -9 
81 65  -1  3  0 -9 
81 66   1  4  0 -9 
81 81   1  0  0 -9 
81 83  -1  1  0 -9 
81 84   1  2  0 -9 
81 85  -1  3  0 -9 
82  8   1  6  0 -9 
82 12  -1  5  0 -9 
82 78   1  3  0 -9 
82 80  -1  4  0 -9 
83 13  -1  5  0 -9 
83 15   1  6  0 -9 
83 62  -1  4  0 -9 
83 65  -1  4  0 -9 
83 66   1  5  0 -9 
83 84   1  3  0 -9 
83 85  -1  4  0 -9 
84 13  -1  4  0 -9 
84 55   1  6  0 -9 
84 62  -1  5  0 -9 
84 65  -1  5  0 -9 
84 66   1  6  0 -9 
84 83   1  3  0 -9 
84 85   1  7  0 -9 
85 85   1  8  0 -9 
86  3  -1  2  0 -9 
86 11  -1  0  0 -9 
86 13  -1  3  0 -9 
86 14   1  1  0 -9 
86 15   1  4  0 -9 
86 51   1  1  0 -9 
86 54  -1  0  0 -9 
86 55  -1  3  0 -9 
86 56   1 -1  0 -9 
86 57   1  2  0 -9 
86 59  -1  0  0 -9 
86 81   1 -1  0 -9 
86 83  -1  0  0 -9 
86 84   1  1  0 -9 
86 85  -1  2  0 -9 
86 86  -1 -2  0 -9 
86 88   1 -1  0 -9 
86 89  -1  0  0 -9 
86 90   1  1  0 -9 
87  8   1  5  0 -9 
87 12  -1  4  0 -9 
87 78   1  2  0 -9 
87 82  -1  1  0 -9 
87 85  -1  4  0 -9 
87 87   1  0  0 -9 
87 90   1  3  0 -9 
88 13  -1  4  0 -9 
88 15   1  5  0 -9 
88 65  -1  3  0 -9 
88 83  -1  1  0 -9 
88 84   1  2  0 -9 
88 85  -1  3  0 -9 
88 88   1  0  0 -9 
88 89  -1  1  0 -9 
88 90   1  2  0 -9 
88 91   1  2  0 -9 
89 55   1  5  0 -9 
89 57  -1  4  0 -9 
89 65  -1  4  0 -9 
89 85   1  6  0 -9 
89 90  -1  5  0 -9 
89 91   1  3  0 -9 
90 85   1  7  0 -9 
90 90  -1  6  0 -9 
91 55   1  6  0 -9 
91 57  -1  5  0 -9 
91 65  -1  5  0 -9 
91 66   1  6  0 -9 
91 89   1  3  0 -9 
91 90  -1  4  0 -9 
92  8   1  4  0 -9 
92 12  -1  3  0 -9 
92 21  -1  3  0 -9 
92 23   1  4  0 -9 
92 34   1  2  0 -9 
92 36  -1  3  0 -9 
92 38   1 -1  0 -9 
92 48  -1  0  0 -9 
92 49   1  1  0 -9 
92 80   1  2  0 -9 
92 82  -1  0  0 -9 
92 85  -1  3  0 -9 
92 87   1 -1  0 -9 
92 90   1  2  0 -9 
92 92  -1 -2  0 -9 
92 94   1 -1  0 -9 
92 95  -1  0  0 -9 
93 13  -1  3  0 -9 
93 15   1  4  0 -9 
93 28  -1  3  0 -9 
93 31  -1  3  0 -9 
93 32   1  4  0 -9 
93 39   1 -1  0 -9 
93 40   1  2  0 -9 
93 41  -1  3  0 -9 
93 46  -1  0  0 -9 
93 62   1  2  0 -9 
93 66  -1  3  0 -9 
93 72  -1  0  0 -9 
93 74   1 -1  0 -9 
93 75  -1  0  0 -9 
93 76   1  1  0 -9 
93 83  -1  0  0 -9 
93 88   1 -1  0 -9 
93 89  -1  0  0 -9 
93 90   1  1  0 -9 
93 91   1  1  0 -9 
93 93  -1 -2  0 -9 
93 96   1 -1  0 -9 
93 97  -1  0  0 -9 
94 23   1  5  0 -9 
94 36  -1  4  0 -9 
94 41   1  5  0 -9 
94 43   1  2  0 -9 
94 48  -1  1  0 -9 
94 49  -1  4  1  2  0 -9 
94 80   1  3  0 -9 
94 85  -1  4  0 -9 
94 94   1  0  0 -9 
94 95  -1  1  0 -9 
94 97   1  2  0 -9 
95 41   1  6  0 -9 
95 49  -1  5  0 -9 
95 90  -1  4  0 -9 
95 97   1  3  0 -9 
96 49  -1  3  0 -9 
96 55   1  4  0 -9 
96 57  -1  3  0 -9 
96 65  -1  3  0 -9 
96 70   1  2  0 -9 
96 71  -1  3  0 -9 
96 72  -1  1  0 -9 
96 75  -1  1  0 -9 
96 76   1  2  0 -9 
96 85   1  5  0 -9 
96 89  -1  1  0 -9 
96 90  -1  4  1  2  0 -9 
96 91   1  2  0 -9 
96 95   1  2  0 -9 
96 96   1  0  0 -9 
96 97  -1  1  0 -9 
97 49  -1  4  0 -9 
97 85   1  6  0 -9 
97 90  -1  5  0 -9 
97 95   1  3  0 -9 
98 98   1  0  0 -9 
98 99  -1  1  0 -9 
98 100   1  3  0 -9 
98 101  -1  4  0 -9 
98 102   1  2  0 -9 
98 103   1  5  0 -9 
99 101  -1  5  0 -9 
99 102   1  3  0 -9 
99 103   1  6  0 -9 
100 100  -1  6  0 -9 
101 101  -1  6  0 -9 
101 103   1  7  0 -9 
102 99   1  3  0 -9 
102 101  -1  4  0 -9 
103 103   1  8  0 -9 
104 99   1  2  0 -9 
104 102  -1  1  0 -9 
104 103  -1  4  0 -9 
104 104   1  0  0 -9 
104 105   1  3  0 -9 
105 103   1  7  0 -9 
105 105  -1  6  0 -9 
106 98   1 -1  0 -9 
106 99  -1  0  0 -9 
106 100   1  2  0 -9 
106 101  -1  3  0 -9 
106 103   1  4  0 -9 
106 106  -1 -2  0 -9 
106 107   1 -1  0 -9 
106 108   1 -1  0 -9 
106 109  -1  0  0 -9 
106 110  -1  3  0 -9 
106 112   1  2  0 -9 
106 113  -1  3  0 -9 
106 114   1  4  0 -9 
107 101  -1  4  0 -9 
107 103   1  5  0 -9 
107 110  -1  4  0 -9 
107 112   1  3  0 -9 
107 113  -1  4  0 -9 
107 114   1  5  0 -9 
108 108   1  0  0 -9 
108 109  -1  1  0 -9 
108 110  -1  4  0 -9 
108 111   1  2  0 -9 
108 114   1  5  0 -9 
109 100  -1  4  0 -9 
109 110  -1  5  0 -9 
109 111   1  3  0 -9 
109 114   1  6  0 -9 
110 110  -1  6  0 -9 
110 114   1  7  0 -9 
111 100  -1  5  0 -9 
111 109   1  3  0 -9 
111 110  -1  4  0 -9 
112 101  -1  5  0 -9 
112 103   1  6  0 -9 
112 107   1  3  0 -9 
112 110  -1  5  0 -9 
112 113  -1  5  0 -9 
112 114   1  6  0 -9 
113 103   1  7  0 -9 
113 113  -1  6  0 -9 
113 114   1  7  0 -9 
114 114   1  8  0 -9 
115 101   1  1  0 -9 
115 103  -1  2  0 -9 
115 105   1  1  0 -9 
115 110   1  1  0 -9 
115 112  -1  0  0 -9 
115 113   1  1  0 -9 
115 114  -1  2  0 -9 
115 115  -1 -2  0 -9 
115 117   1 -1  0 -9 
115 118  -1  0  0 -9 
115 119   1  1  0 -9 
116 100   1  2  0 -9 
116 109   1  2  0 -9 
116 111  -1  1  0 -9 
116 114  -1  4  0 -9 
116 116   1  0  0 -9 
116 119   1  3  0 -9 
117 101   1  2  0 -9 
117 103  -1  3  0 -9 
117 105   1  2  0 -9 
117 107   1  2  0 -9 
117 110   1  2  0 -9 
117 112  -1  1  0 -9 
117 113  -1  4  1  2  0 -9 
117 114  -1  3  0 -9 
117 117   1  0  0 -9 
117 118  -1  1  0 -9 
117 119   1  2  0 -9 
117 120   1  2  0 -9 
118 103   1  6  0 -9 
118 105  -1  5  0 -9 
118 113  -1  5  0 -9 
118 114   1  6  0 -9 
118 119  -1  5  0 -9 
118 120   1  3  0 -9 
119 114   1  7  0 -9 
119 119  -1  6  0 -9 
120 103   1  5  0 -9 
120 105  -1  4  0 -9 
120 113  -1  4  0 -9 
120 114   1  5  0 -9 
120 118   1  3  0 -9 
120 119  -1  4  0 -9 
121 100   1  1  0 -9 
121 110   1  2  0 -9 
121 111  -1  0  0 -9 
121 114  -1  3  0 -9 
121 116   1 -1  0 -9 
121 119   1  2  0 -9 
121 121  -1 -2  0 -9 
121 122   1 -1  0 -9 
121 123  -1  0  0 -9 
122 110   1  3  0 -9 
122 114  -1  4  0 -9 
122 122   1  0  0 -9 
122 123  -1  1  0 -9 
122 124   1  2  0 -9 
123 119  -1  4  0 -9 
123 124   1  3  0 -9 
124 114   1  6  0 -9 
124 119  -1  5  0 -9 
124 123   1  3  0 -9 
125  3  -1  3  0 -9 
125  5   1  4  0 -9 
125 51   1  2  0 -9 
125 53  -1  3  0 -9 
125 54   1 -1  0 -9 
125 62   1  1  0 -9 
125 64  -1  0  0 -9 
125 65   1  1  0 -9 
125 66  -1  2  0 -9 
125 101   1  2  0 -9 
125 102  -1  0  0 -9 
125 103  -1  3  0 -9 
125 104   1 -1  0 -9 
125 105   1  2  0 -9 
125 125  -1 -2  0 -9 
125 127   1 -1  0 -9 
125 128  -1  0  0 -9 
125 129   1  1  0 -9 
126  4   1  5  0 -9 
126 52  -1  4  0 -9 
126 61   1  2  0 -9 
126 63  -1  1  0 -9 
126 66  -1  4  0 -9 
126 100   1  3  0 -9 
126 126   1  0  0 -9 
126 129   1  3  0 -9 
127  5   1  5  0 -9 
127 53  -1  4  0 -9 
127 55   1  5  0 -9 
127 59   1  2  0 -9 
127 62   1  2  0 -9 
127 64  -1  1  0 -9 
127 65  -1  4  1  2  0 -9 
127 66  -1  3  0 -9 
127 101   1  3  0 -9 
127 103  -1  4  0 -9 
127 127   1  0  0 -9 
127 128  -1  1  0 -9 
127 129   1  2  0 -9 
127 130   1  2  0 -9 
128 55   1  6  0 -9 
128 65  -1  5  0 -9 
128 66   1  6  0 -9 
128 105  -1  4  0 -9 
128 129  -1  5  0 -9 
128 130   1  3  0 -9 
129 66   1  7  0 -9 
129 129  -1  6  0 -9 
130 65  -1  4  0 -9 
130 66   1  5  0 -9 
130 103   1  6  0 -9 
130 105  -1  5  0 -9 
130 128   1  3  0 -9 
130 129  -1  4  0 -9 
131 65  -1  3  0 -9 
131 85   1  5  0 -9 
131 89  -1  1  0 -9 
131 90  -1  4  0 -9 
131 91   1  2  0 -9 
131 103   1  5  0 -9 
131 105  -1  4  0 -9 
131 128   1  2  0 -9 
131 130  -1  1  0 -9 
131 131   1  0  0 -9 
132 49  -1  2  0 -9 
132 66  -1  3  0 -9 
132 72  -1  0  0 -9 
132 75  -1  0  0 -9 
132 76   1  1  0 -9 
132 85   1  4  0 -9 
132 89  -1  0  0 -9 
132 90  -1  3  0 -9 
132 91   1  1  0 -9 
132 95   1  1  0 -9 
132 96   1 -1  0 -9 
132 97  -1  0  0 -9 
132 103   1  4  0 -9 
132 105  -1  3  0 -9 
132 113  -1  3  0 -9 
132 114   1  4  0 -9 
132 118   1  2  0 -9 
132 119  -1  3  0 -9 
132 120   1 -1  0 -9 
132 124  -1  0  0 -9 
132 129   1  2  0 -9 
132 130  -1  0  0 -9 
132 131   1 -1  0 -9 
132 132  -1 -2  0 -9 
132 133   1 -1  0 -9 
133 49  -1  3  0 -9 
133 66  -1  4  0 -9 
133 75  -1  1  0 -9 
133 76   1  2  0 -9 
133 85   1  5  0 -9 
133 90  -1  4  0 -9 
133 95   1  2  0 -9 
133 97  -1  1  0 -9 
133 114   1  5  0 -9 
133 119  -1  4  0 -9 
133 123   1  2  0 -9 
133 124  -1  1  0 -9 
133 129   1  3  0 -9 
133 133   1  0  0 -9 
134  1  -1  3  0 -9 
134  4   1  4  0 -9 
134  5  -1  3  0 -9 
134 134   1  0  0 -9 
134 135  -1  1  0 -9 
134 136  -1  1  0 -9 
134 137   1  2  0 -9 
134 138  -1  3  0 -9 
134 139  -1  3  0 -9 
134 140   1  2  0 -9 
134 141   1  4  0 -9 
135  1  -1  4  0 -9 
135  4   1  5  0 -9 
135  5  -1  4  0 -9 
135 138  -1  4  0 -9 
135 139  -1  4  0 -9 
135 140   1  3  0 -9 
135 141   1  5  0 -9 
136  1  -1  4  0 -9 
136  4   1  5  0 -9 
136 137   1  3  0 -9 
136 138  -1  4  0 -9 
136 139  -1  4  0 -9 
136 141   1  5  0 -9 
137  1  -1  5  0 -9 
137  4   1  6  0 -9 
137 136   1  3  0 -9 
137 138  -1  5  0 -9 
137 139  -1  5  0 -9 
137 141   1  6  0 -9 
138 138  -1  6  0 -9 
138 141   1  7  0 -9 
139  4   1  7  0 -9 
139 139  -1  6  0 -9 
139 141   1  7  0 -9 
140  1  -1  5  0 -9 
140  4   1  6  0 -9 
140  5   1  7  0 -9 
140 135   1  3  0 -9 
140 138  -1  5  0 -9 
140 139  -1  5  0 -9 
140 141   1  6  0 -9 
141 141   1  8  0 -9 
142 134   1 -1  0 -9 
142 135  -1  0  0 -9 
142 136  -1  0  0 -9 
142 137   1  1  0 -9 
142 142  -1 -2  0 -9 
142 143   1 -1  0 -9 
142 144   1 -1  0 -9 
142 145  -1  0  0 -9 
142 146  -1  3  0 -9 
142 148   1  2  0 -9 
142 149  -1  3  0 -9 
142 150   1  4  0 -9 
143 146  -1  4  0 -9 
143 148   1  3  0 -9 
143 149  -1  4  0 -9 
143 150   1  5  0 -9 
144 136  -1  1  0 -9 
144 137   1  2  0 -9 
144 139  -1  3  0 -9 
144 144   1  0  0 -9 
144 145  -1  1  0 -9 
144 146  -1  4  0 -9 
144 147   1  2  0 -9 
144 150   1  5  0 -9 
145 139  -1  4  0 -9 
145 146  -1  5  0 -9 
145 147   1  3  0 -9 
145 150   1  6  0 -9 
146 146  -1  6  0 -9 
146 150   1  7  0 -9 
147  4   1  6  0 -9 
147 139  -1  5  0 -9 
147 141   1  6  0 -9 
147 145   1  3  0 -9 
147 146  -1  4  0 -9 
148  5   1  6  0 -9 
148 143   1  3  0 -9 
148 146  -1  5  0 -9 
148 149  -1  5  0 -9 
148 150   1  6  0 -9 
149  5   1  7  0 -9 
149 149  -1  6  0 -9 
149 150   1  7  0 -9 
150 150   1  8  0 -9 
151 138  -1  4  0 -9 
151 152   1  3  0 -9 
152 138  -1  5  0 -9 
152 141   1  6  0 -9 
152 151   1  3  0 -9 
153 138   1  1  0 -9 
153 141  -1  2  0 -9 
153 146  -1  2 -1  0  0 -9 
153 150   1  3  0 -9 
153 152  -1  0  0 -9 
153 153  -1 -2  0 -9 
153 154  -1  0  0 -9 
153 155   1 -1  0 -9 
153 156   1 -1  0 -9 
153 157  -1  0  0 -9 
153 158   1  1  0 -9 
153 159   1  1  0 -9 
153 160  -1  2  0 -9 
154 141  -1  4  0 -9 
154 146  -1  4  0 -9 
154 150   1  5  0 -9 
154 159   1  3  0 -9 
154 160  -1  4  0 -9 
155 138   1  2  0 -9 
155 141  -1  3  0 -9 
155 146  -1  5 -1  3 -1  1  0 -9 
155 150   1  6  1  4  0 -9 
155 151   1  2  0 -9 
155 152  -1  1  0 -9 
155 154  -1  1  0 -9 
155 155   1  0  0 -9 
155 157  -1  1  0 -9 
155 158   1  2  0 -9 
155 159   1  2  0 -9 
155 160  -1  3  0 -9 
156 141  -1  3  0 -9 
156 146  -1  3  0 -9 
156 150   1  4  0 -9 
156 154  -1  1  0 -9 
156 156   1  0  0 -9 
156 157  -1  1  0 -9 
156 158   1  2  0 -9 
156 159   1  2  0 -9 
156 160  -1  3  0 -9 
157 146  -1  4  0 -9 
157 150   1  5  0 -9 
157 158   1  3  0 -9 
157 160  -1  4  0 -9 
158 146  -1  5  0 -9 
158 150   1  6  0 -9 
158 157   1  3  0 -9 
158 160  -1  5  0 -9 
159 141   1  7  0 -9 
159 146  -1  5  0 -9 
159 150   1  6  0 -9 
159 154   1  3  0 -9 
159 160  -1  5  0 -9 
160 150   1  7  0 -9 
160 160  -1  6  0 -9 
161  1   1  1  0 -9 
161  4  -1  2  0 -9 
161  5   1  1  0 -9 
161 52   1  1  0 -9 
161 53  -1  2 -1  0  0 -9 
161 55   1  3  0 -9 
161 59  -1  0  0 -9 
161 62  -1  2 -1  0  0 -9 
161 64   1  1  0 -9 
161 65  -1  2  0 -9 
161 66   1  3  0 -9 
161 138   1  1  0 -9 
161 139   1  1  0 -9 
161 140  -1  0  0 -9 
161 141  -1  2  0 -9 
161 143  -1  0  0 -9 
161 146  -1  2 -1  0  0 -9 
161 148   1  1  0 -9 
161 149  -1  2  0 -9 
161 150   1  3  0 -9 
161 161  -1 -2  0 -9 
161 162  -1  0  0 -9 
161 163   1 -1  0 -9 
161 164   1  1  0 -9 
161 165   1 -1  0 -9 
161 167  -1  0  0 -9 
161 168   1  1  0 -9 
161 169  -1  2  0 -9 
162  4   1  6  0 -9 
162 52  -1  5  0 -9 
162 139  -1  5  0 -9 
162 141   1  6  0 -9 
162 164  -1  5  0 -9 
162 166   1  3  0 -9 
162 169   1  6  0 -9 
163  1   1  2  0 -9 
163  4  -1  3  0 -9 
163  5   1  6  1  2  0 -9 
163 52   1  2  0 -9 
163 53  -1  5 -1  3 -1  1  0 -9 
163 55   1  6  1  4  0 -9 
163 59  -1  1  0 -9 
163 62  -1  5 -1  3 -1  1  0 -9 
163 64   1  2  0 -9 
163 65  -1  3  0 -9 
163 66   1  6  1  4  0 -9 
163 135   1  2  0 -9 
163 138   1  2  0 -9 
163 139  -1  4  1  2  0 -9 
163 140  -1  1  0 -9 
163 141  -1  3  0 -9 
163 143  -1  1  0 -9 
163 146  -1  5 -1  3 -1  1  0 -9 
163 148   1  2  0 -9 
163 149  -1  3  0 -9 
163 150   1  6  1  4  0 -9 
163 162  -1  1  0 -9 
163 163   1  0  0 -9 
163 164   1  2  0 -9 
163 166   1  2  0 -9 
163 167  -1  1  0 -9 
163 168   1  2  0 -9 
163 169  -1  3  0 -9 
164 141   1  7  0 -9 
164 164  -1  6  0 -9 
164 169   1  7  0 -9 
165 53  -1  3  0 -9 
165 55   1  4  0 -9 
165 59  -1  1  0 -9 
165 62  -1  3  0 -9 
165 64   1  2  0 -9 
165 65  -1  3  0 -9 
165 66   1  4  0 -9 
165 143  -1  1  0 -9 
165 146  -1  3  0 -9 
165 148   1  2  0 -9 
165 149  -1  3  0 -9 
165 150   1  4  0 -9 
165 165   1  0  0 -9 
165 167  -1  1  0 -9 
165 168   1  2  0 -9 
165 169  -1  3  0 -9 
166  4   1  5  0 -9 
166 52  -1  4  0 -9 
166 139  -1  4  0 -9 
166 141   1  5  0 -9 
166 162   1  3  0 -9 
166 164  -1  4  0 -9 
167  5   1  5  0 -9 
167 53  -1  4  0 -9 
167 55   1  5  0 -9 
167 62  -1  4  0 -9 
167 65  -1  4  0 -9 
167 66   1  5  0 -9 
167 146  -1  4  0 -9 
167 149  -1  4  0 -9 
167 150   1  5  0 -9 
167 168   1  3  0 -9 
167 169  -1  4  0 -9 
168  5   1  6  0 -9 
168 53  -1  5  0 -9 
168 55   1  6  0 -9 
168 62  -1  5  0 -9 
168 65  -1  5  0 -9 
168 66   1  6  0 -9 
168 146  -1  5  0 -9 
168 149  -1  5  0 -9 
168 150   1  6  0 -9 
168 167   1  3  0 -9 
168 169   1  7  0 -9 
169 169   1  8  0 -9 
170 59  -1  0  0 -9 
170 143  -1  0  0 -9 
170 146  -1  2 -1  0  0 -9 
170 148   1  1  0 -9 
170 149  -1  2  0 -9 
170 150   1  3  0 -9 
170 165   1 -1  0 -9 
170 167  -1  0  0 -9 
170 168   1  1  0 -9 
170 169  -1  2  0 -9 
170 170  -1 -2  0 -9 
170 172   1 -1  0 -9 
170 173  -1  0  0 -9 
170 174   1  1  0 -9 
171 139  -1  3  0 -9 
171 145  -1  1  0 -9 
171 146  -1  4  0 -9 
171 147   1  2  0 -9 
171 150   1  5  0 -9 
171 162   1  2  0 -9 
171 166  -1  1  0 -9 
171 169  -1  4  0 -9 
171 171   1  0  0 -9 
171 174   1  3  0 -9 
172 65  -1  3  0 -9 
172 143  -1  1  0 -9 
172 146  -1  5 -1  3 -1  1  0 -9 
172 148   1  2  0 -9 
172 149  -1  3  0 -9 
172 150   1  6  1  4  0 -9 
172 167  -1  1  0 -9 
172 168   1  2  0 -9 
172 169  -1  3  0 -9 
172 172   1  0  0 -9 
172 173  -1  1  0 -9 
172 174   1  2  0 -9 
172 175   1  2  0 -9 
173 65  -1  4  0 -9 
173 169   1  6  0 -9 
173 174  -1  5  0 -9 
173 175   1  3  0 -9 
174 169   1  7  0 -9 
174 174  -1  6  0 -9 
175 55   1  6  0 -9 
175 65  -1  5  0 -9 
175 66   1  6  0 -9 
175 173   1  3  0 -9 
175 174  -1  4  0 -9 
176  1   1  2  0 -9 
176  4  -1  3  0 -9 
176 60   1 -1  0 -9 
176 61  -1  0  0 -9 
176 62  -1  3  0 -9 
176 63   1  1  0 -9 
176 66   1  4  0 -9 
176 136  -1  0  0 -9 
176 138   1  2  0 -9 
176 141  -1  3  0 -9 
176 144   1 -1  0 -9 
176 145  -1  0  0 -9 
176 146  -1  3  0 -9 
176 147   1  1  0 -9 
176 150   1  4  0 -9 
176 166  -1  0  0 -9 
176 176  -1 -2  0 -9 
176 177  -1  0  0 -9 
176 178   1 -1  0 -9 
176 179   1 -1  0 -9 
176 180  -1  0  0 -9 
176 181   1  1  0 -9 
176 182   1  1  0 -9 
176 183  -1  2  0 -9 
177 164  -1  4  0 -9 
177 169   1  5  0 -9 
177 182   1  3  0 -9 
177 183  -1  4  0 -9 
178 62  -1  4  0 -9 
178 66   1  5  0 -9 
178 138   1  3  0 -9 
178 141  -1  4  0 -9 
178 146  -1  4  0 -9 
178 150   1  5  0 -9 
178 177  -1  1  0 -9 
178 178   1  0  0 -9 
178 180  -1  1  0 -9 
178 181   1  2  0 -9 
178 182   1  2  0 -9 
178 183  -1  3  0 -9 
179 52  -1  3  0 -9 
179 61  -1  1  0 -9 
179 62  -1  4  1  2  0 -9 
179 63   1  2  0 -9 
179 66   1  5  0 -9 
179 139  -1  3  0 -9 
179 145  -1  1  0 -9 
179 146  -1  4  1  2  0 -9 
179 147   1  2  0 -9 
179 150   1  5  0 -9 
179 162   1  2  0 -9 
179 164  -1  3  0 -9 
179 166  -1  1  0 -9 
179 177  -1  1  0 -9 
179 179   1  0  0 -9 
179 180  -1  1  0 -9 
179 181   1  2  0 -9 
179 182   1  2  0 -9 
179 183  -1  3  0 -9 
180 62  -1  5  0 -9 
180 66   1  6  0 -9 
180 146  -1  5  0 -9 
180 150   1  6  0 -9 
180 181   1  3  0 -9 
180 183  -1  4  0 -9 
181 62  -1  4  0 -9 
181 146  -1  4  0 -9 
181 169   1  6  0 -9 
181 180   1  3  0 -9 
181 183  -1  5  0 -9 
182 141   1  6  0 -9 
182 164  -1  5  0 -9 
182 169   1  6  0 -9 
182 177   1  3  0 -9 
182 183  -1  5  0 -9 
183 169   1  7  0 -9 
183 183  -1  6  0 -9 
184 61  -1  0  0 -9 
184 62   1  1  0 -9 
184 139  -1  2  0 -9 
184 145  -1  0  0 -9 
184 146  -1  3  0 -9 
184 147   1  1  0 -9 
184 150   1  4  0 -9 
184 162   1  1  0 -9 
184 166  -1  0  0 -9 
184 169  -1  3  0 -9 
184 171   1 -1  0 -9 
184 174   1  2  0 -9 
184 177  -1  0  0 -9 
184 179   1 -1  0 -9 
184 180  -1  0  0 -9 
184 181   1  1  0 -9 
184 184  -1 -2  0 -9 
184 185   1 -1  0 -9 
184 186  -1  0  0 -9 
185 62   1  2  0 -9 
185 66  -1  3  0 -9 
185 146  -1  4  0 -9 
185 150   1  5  0 -9 
185 180  -1  1  0 -9 
185 181   1  2  0 -9 
185 183  -1  3  0 -9 
185 185   1  0  0 -9 
185 186  -1  1  0 -9 
185 187   1  2  0 -9 
186 66  -1  4  0 -9 
186 169   1  5  0 -9 
186 174  -1  4  0 -9 
186 183  -1  4  0 -9 
186 187   1  3  0 -9 
187 66   1  7  0 -9 
187 169   1  6  0 -9 
187 174  -1  5  0 -9 
187 183  -1  5  0 -9 
187 186   1  3  0 -9 
188 141  -1  2  0 -9 
188 146  -1  2 -1  0  0 -9 
188 150   1  3  0 -9 
188 154  -1  0  0 -9 
188 156   1 -1  0 -9 
188 157  -1  0  0 -9 
188 158   1  1  0 -9 
188 159   1  1  0 -9 
188 160  -1  2  0 -9 
188 164   1  1  0 -9 
188 169  -1  2  0 -9 
188 174   1  1  0 -9 
188 182  -1  0  0 -9 
188 183   1  1  0 -9 
188 188  -1 -2  0 -9 
188 190   1 -1  0 -9 
188 191  -1  0  0 -9 
189 62   1  1  0 -9 
189 66  -1  2  0 -9 
189 146  -1  3  0 -9 
189 150   1  4  0 -9 
189 157   1 -1  0 -9 
189 158   1  2  0 -9 
189 160  -1  3  0 -9 
189 180  -1  0  0 -9 
189 185   1 -1  0 -9 
189 186  -1  0  0 -9 
189 187   1  1  0 -9 
189 189  -1 -2  0 -9 
189 192   1 -1  0 -9 
189 193  -1  0  0 -9 
190 141  -1  3  0 -9 
190 146  -1  5 -1  3 -1  1  0 -9 
190 150   1  6  1  4  0 -9 
190 154  -1  1  0 -9 
190 157  -1  1  0 -9 
190 158   1  2  0 -9 
190 159   1  2  0 -9 
190 160  -1  3  0 -9 
190 164   1  2  0 -9 
190 169  -1  3  0 -9 
190 174   1  2  0 -9 
190 177   1  2  0 -9 
190 182  -1  1  0 -9 
190 183  -1  4  1  2  0 -9 
190 190   1  0  0 -9 
190 191  -1  1  0 -9 
190 193   1  2  0 -9 
191 169   1  6  0 -9 
191 174  -1  5  0 -9 
191 183  -1  5  0 -9 
191 193   1  3  0 -9 
192 66  -1  3  0 -9 
192 169   1  4  0 -9 
192 174  -1  3  0 -9 
192 183  -1  3  0 -9 
192 186  -1  1  0 -9 
192 187   1  2  0 -9 
192 191   1  2  0 -9 
192 192   1  0  0 -9 
192 193  -1  1  0 -9 
193 169   1  5  0 -9 
193 174  -1  4  0 -9 
193 183  -1  4  0 -9 
193 191   1  3  0 -9 
194 194  -1 -2  0 -9 
194 195   1 -1  0 -9 
194 196   1 -1  0 -9 
194 197  -1  0  0 -9 
194 198  -1  3  0 -9 
194 200   1  2  0 -9 
194 201  -1  3  0 -9 
194 202   1  4  0 -9 
195 198  -1  4  0 -9 
195 200   1  3  0 -9 
195 201  -1  4  0 -9 
195 202   1  5  0 -9 
196 196   1  0  0 -9 
196 197  -1  1  0 -9 
196 198  -1  4  0 -9 
196 199   1  2  0 -9 
196 202   1  5  0 -9 
197 198  -1  5  0 -9 
197 199   1  3  0 -9 
197 202   1  6  0 -9 
198 198  -1  6  0 -9 
198 202   1  7  0 -9 
199 197   1  3  0 -9 
199 198  -1  4  0 -9 
200 195   1  3  0 -9 
200 198  -1  5  0 -9 
200 201  -1  5  0 -9 
200 202   1  6  0 -9 
201 201  -1  6  0 -9 
201 202   1  7  0 -9 
202 202   1  8  0 -9 
203 100   1  1  0 -9 
203 101  -1  2 -1  0  0 -9 
203 103   1  3  0 -9 
203 107  -1  0  0 -9 
203 110  -1  2 -1  0  0 -9 
203 112   1  1  0 -9 
203 113  -1  2  0 -9 
203 114   1  3  0 -9 
203 195  -1  0  0 -9 
203 198  -1  2 -1  0  0 -9 
203 200   1  1  0 -9 
203 201  -1  2  0 -9 
203 202   1  3  0 -9 
203 203  -1 -2  0 -9 
203 204  -1  0  0 -9 
203 205   1 -1  0 -9 
203 206   1  1  0 -9 
203 207   1 -1  0 -9 
203 209  -1  0  0 -9 
203 210   1  1  0 -9 
203 211  -1  2  0 -9 
204 100  -1  5  0 -9 
204 206  -1  5  0 -9 
204 208   1  3  0 -9 
204 211   1  6  0 -9 
205 100   1  2  0 -9 
205 101  -1  5 -1  3 -1  1  0 -9 
205 103   1  6  1  4  0 -9 
205 107  -1  1  0 -9 
205 110  -1  5 -1  3 -1  1  0 -9 
205 112   1  2  0 -9 
205 113  -1  3  0 -9 
205 114   1  6  1  4  0 -9 
205 195  -1  1  0 -9 
205 198  -1  5 -1  3 -1  1  0 -9 
205 200   1  2  0 -9 
205 201  -1  3  0 -9 
205 202   1  6  1  4  0 -9 
205 204  -1  1  0 -9 
205 205   1  0  0 -9 
205 206   1  2  0 -9 
205 208   1  2  0 -9 
205 209  -1  1  0 -9 
205 210   1  2  0 -9 
205 211  -1  3  0 -9 
206 206  -1  6  0 -9 
206 211   1  7  0 -9 
207 101  -1  3  0 -9 
207 103   1  4  0 -9 
207 107  -1  1  0 -9 
207 110  -1  3  0 -9 
207 112   1  2  0 -9 
207 113  -1  3  0 -9 
207 114   1  4  0 -9 
207 195  -1  1  0 -9 
207 198  -1  3  0 -9 
207 200   1  2  0 -9 
207 201  -1  3  0 -9 
207 202   1  4  0 -9 
207 207   1  0  0 -9 
207 209  -1  1  0 -9 
207 210   1  2  0 -9 
207 211  -1  3  0 -9 
208 100  -1  4  0 -9 
208 204   1  3  0 -9 
208 206  -1  4  0 -9 
209 101  -1  4  0 -9 
209 103   1  5  0 -9 
209 110  -1  4  0 -9 
209 113  -1  4  0 -9 
209 114   1  5  0 -9 
209 198  -1  4  0 -9 
209 201  -1  4  0 -9 
209 202   1  5  0 -9 
209 210   1  3  0 -9 
209 211  -1  4  0 -9 
210 101  -1  5  0 -9 
210 103   1  6  0 -9 
210 110  -1  5  0 -9 
210 113  -1  5  0 -9 
210 114   1  6  0 -9 
210 198  -1  5  0 -9 
210 201  -1  5  0 -9 
210 202   1  6  0 -9 
210 209   1  3  0 -9 
210 211   1  7  0 -9 
211 211   1  8  0 -9 
212 107  -1  0  0 -9 
212 195  -1  0  0 -9 
212 207   1 -1  0 -9 
212 209  -1  0  0 -9 
212 210   1  1  0 -9 
212 211  -1  2  0 -9 
212 212  -1 -2  0 -9 
212 214   1 -1  0 -9 
212 215  -1  0  0 -9 
212 216   1  1  0 -9 
213 204   1  2  0 -9 
213 208  -1  1  0 -9 
213 211  -1  4  0 -9 
213 213   1  0  0 -9 
213 216   1  3  0 -9 
214 113  -1  3  0 -9 
214 201  -1  3  0 -9 
214 209  -1  1  0 -9 
214 210   1  2  0 -9 
214 211  -1  3  0 -9 
214 214   1  0  0 -9 
214 215  -1  1  0 -9 
214 216   1  2  0 -9 
214 217   1  2  0 -9 
215 113  -1  4  0 -9 
215 201  -1  4  0 -9 
215 211   1  6  0 -9 
215 216  -1  5  0 -9 
215 217   1  3  0 -9 
216 211   1  7  0 -9 
216 216  -1  6  0 -9 
217 103   1  6  0 -9 
217 113  -1  5  0 -9 
217 114   1  6  0 -9 
217 201  -1  5  0 -9 
217 202   1  6  0 -9 
217 215   1  3  0 -9 
217 216  -1  4  0 -9 
218 108   1 -1  0 -9 
218 109  -1  0  0 -9 
218 110  -1  3  0 -9 
218 111   1  1  0 -9 
218 114   1  4  0 -9 
218 196   1 -1  0 -9 
218 197  -1  0  0 -9 
218 198  -1  3  0 -9 
218 199   1  1  0 -9 
218 202   1  4  0 -9 
218 208  -1  0  0 -9 
218 218  -1 -2  0 -9 
218 219  -1  0  0 -9 
218 220   1 -1  0 -9 
218 221   1 -1  0 -9 
218 222  -1  0  0 -9 
218 223   1  1  0 -9 
218 224   1  1  0 -9 
218 225  -1  2  0 -9 
219 206  -1  4  0 -9 
219 211   1  5  0 -9 
219 224   1  3  0 -9 
219 225  -1  4  0 -9 
220 110  -1  4  0 -9 
220 114   1  5  0 -9 
220 198  -1  4  0 -9 
220 202   1  5  0 -9 
220 219  -1  1  0 -9 
220 220   1  0  0 -9 
220 222  -1  1  0 -9 
220 223   1  2  0 -9 
220 224   1  2  0 -9 
220 225  -1  3  0 -9 
221 100  -1  3  0 -9 
221 109  -1  1  0 -9 
221 110  -1  4  1  2  0 -9 
221 111   1  2  0 -9 
221 114   1  5  0 -9 
221 197  -1  1  0 -9 
221 198  -1  4  1  2  0 -9 
221 199   1  2  0 -9 
221 202   1  5  0 -9 
221 204   1  2  0 -9 
221 206  -1  3  0 -9 
221 208  -1  1  0 -9 
221 219  -1  1  0 -9 
221 221   1  0  0 -9 
221 222  -1  1  0 -9 
221 223   1  2  0 -9 
221 224   1  2  0 -9 
221 225  -1  3  0 -9 
222 110  -1  5  0 -9 
222 114   1  6  0 -9 
222 198  -1  5  0 -9 
222 202   1  6  0 -9 
222 223   1  3  0 -9 
222 225  -1  4  0 -9 
223 110  -1  4  0 -9 
223 198  -1  4  0 -9 
223 211   1  6  0 -9 
223 222   1  3  0 -9 
223 225  -1  5  0 -9 
224 206  -1  5  0 -9 
224 211   1  6  0 -9 
224 219   1  3  0 -9 
224 225  -1  5  0 -9 
225 211   1  7  0 -9 
225 225  -1  6  0 -9 
226 109  -1  0  0 -9 
226 110   1  1  0 -9 
226 197  -1  0  0 -9 
226 198   1  1  0 -9 
226 204   1  1  0 -9 
226 208  -1  0  0 -9 
226 211  -1  3  0 -9 
226 213   1 -1  0 -9 
226 216   1  2  0 -9 
226 219  -1  0  0 -9 
226 221   1 -1  0 -9 
226 222  -1  0  0 -9 
226 223   1  1  0 -9 
226 226  -1 -2  0 -9 
226 227   1 -1  0 -9 
226 228  -1  0  0 -9 
227 110   1  2  0 -9 
227 114  -1  3  0 -9 
227 198   1  2  0 -9 
227 202  -1  3  0 -9 
227 222  -1  1  0 -9 
227 223   1  2  0 -9 
227 225  -1  3  0 -9 
227 227   1  0  0 -9 
227 228  -1  1  0 -9 
227 229   1  2  0 -9 
228 114  -1  4  0 -9 
228 202  -1  4  0 -9 
228 211   1  5  0 -9 
228 216  -1  4  0 -9 
228 225  -1  4  0 -9 
228 229   1  3  0 -9 
229 114   1  7  0 -9 
229 202   1  7  0 -9 
229 211   1  6  0 -9 
229 216  -1  5  0 -9 
229 225  -1  5  0 -9 
229 228   1  3  0 -9 
230 206   1  1  0 -9 
230 211  -1  2  0 -9 
230 216   1  1  0 -9 
230 224  -1  0  0 -9 
230 225   1  1  0 -9 
230 230  -1 -2  0 -9 
230 232   1 -1  0 -9 
230 233  -1  0  0 -9 
231 110   1  1  0 -9 
231 114  -1  2  0 -9 
231 198   1  1  0 -9 
231 202  -1  2  0 -9 
231 222  -1  0  0 -9 
231 227   1 -1  0 -9 
231 228  -1  0  0 -9 
231 229   1  1  0 -9 
231 231  -1 -2  0 -9 
231 234   1 -1  0 -9 
231 235  -1  0  0 -9 
232 206   1  2  0 -9 
232 211  -1  3  0 -9 
232 216   1  2  0 -9 
232 219   1  2  0 -9 
232 224  -1  1  0 -9 
232 225  -1  4  1  2  0 -9 
232 232   1  0  0 -9 
232 233  -1  1  0 -9 
232 235   1  2  0 -9 
233 211   1  6  0 -9 
233 216  -1  5  0 -9 
233 225  -1  5  0 -9 
233 235   1  3  0 -9 
234 114  -1  3  0 -9 
234 202  -1  3  0 -9 
234 211   1  4  0 -9 
234 216  -1  3  0 -9 
234 225  -1  3  0 -9 
234 228  -1  1  0 -9 
234 229   1  2  0 -9 
234 233   1  2  0 -9 
234 234   1  0  0 -9 
234 235  -1  1  0 -9 
235 211   1  5  0 -9 
235 216  -1  4  0 -9 
235 225  -1  4  0 -9 
235 233   1  3  0 -9 
236 198   1  1  0 -9 
236 200  -1  0  0 -9 
236 201   1  1  0 -9 
236 202  -1  2  0 -9 
236 236  -1 -2  0 -9 
236 238   1 -1  0 -9 
236 239  -1  0  0 -9 
236 240   1  1  0 -9 
237 197   1  2  0 -9 
237 199  -1  1  0 -9 
237 202  -1  4  0 -9 
237 237   1  0  0 -9 
237 240   1  3  0 -9 
238 195   1  2  0 -9 
238 198   1  2  0 -9 
238 200  -1  1  0 -9 
238 201  -1  4  1  2  0 -9 
238 202  -1  3  0 -9 
238 238   1  0  0 -9 
238 239  -1  1  0 -9 
238 240   1  2  0 -9 
238 241   1  2  0 -9 
239 201  -1  5  0 -9 
239 202   1  6  0 -9 
239 240  -1  5  0 -9 
239 241   1  3  0 -9 
240 202   1  7  0 -9 
240 240  -1  6  0 -9 
241 201  -1  4  0 -9 
241 202   1  5  0 -9 
241 239   1  3  0 -9 
241 240  -1  4  0 -9 
242 113  -1  3  0 -9 
242 118   1  2  0 -9 
242 120  -1  1  0 -9 
242 201  -1  3  0 -9 
242 211   1  5  0 -9 
242 215  -1  1  0 -9 
242 216  -1  4  0 -9 
242 217   1  2  0 -9 
242 239   1  2  0 -9 
242 241  -1  1  0 -9 
242 242   1  0  0 -9 
243 198   1  2  0 -9 
243 199  -1  0  0 -9 
243 202  -1  3  0 -9 
243 237   1 -1  0 -9 
243 240   1  2  0 -9 
243 243  -1 -2  0 -9 
243 244   1 -1  0 -9 
243 245  -1  0  0 -9 
244 198   1  3  0 -9 
244 202  -1  4  0 -9 
244 244   1  0  0 -9 
244 245  -1  1  0 -9 
244 246   1  2  0 -9 
245 240  -1  4  0 -9 
245 246   1  3  0 -9 
246 202   1  6  0 -9 
246 240  -1  5  0 -9 
246 245   1  3  0 -9 
247 114  -1  2  0 -9 
247 119   1  1  0 -9 
247 124  -1  0  0 -9 
247 202  -1  2  0 -9 
247 211   1  3  0 -9 
247 216  -1  2 -1  0  0 -9 
247 225  -1  2  0 -9 
247 228  -1  0  0 -9 
247 229   1  1  0 -9 
247 233   1  1  0 -9 
247 234   1 -1  0 -9 
247 235  -1  0  0 -9 
247 240   1  1  0 -9 
247 246  -1  0  0 -9 
247 247  -1 -2  0 -9 
247 248   1 -1  0 -9 
248 114  -1  3  0 -9 
248 119   1  2  0 -9 
248 123   1  2  0 -9 
248 124  -1  1  0 -9 
248 202  -1  3  0 -9 
248 211   1  6  1  4  0 -9 
248 216  -1  5 -1  3 -1  1  0 -9 
248 225  -1  3  0 -9 
248 228  -1  1  0 -9 
248 229   1  2  0 -9 
248 233   1  2  0 -9 
248 235  -1  1  0 -9 
248 240   1  2  0 -9 
248 245   1  2  0 -9 
248 246  -1  1  0 -9 
248 248   1  0  0 -9 
249  4   1  4  0 -9 
249 52  -1  3  0 -9 
249 62   1  2  0 -9 
249 63  -1  0  0 -9 
249 66  -1  3  0 -9 
249 100   1  2  0 -9 
249 126   1 -1  0 -9 
249 129   1  2  0 -9 
249 139  -1  3  0 -9 
249 141   1  4  0 -9 
249 162   1  2  0 -9 
249 164  -1  3  0 -9 
249 166   1 -1  0 -9 
249 182  -1  0  0 -9 
249 183   1  1  0 -9 
249 206   1  2  0 -9 
249 208  -1  0  0 -9 
249 211  -1  3  0 -9 
249 213   1 -1  0 -9 
249 216   1  2  0 -9 
249 249  -1 -2  0 -9 
249 251   1 -1  0 -9 
249 252  -1  0  0 -9 
250  5   1  4  0 -9 
250 53  -1  3  0 -9 
250 55   1  4  0 -9 
250 62   1  1  0 -9 
250 64  -1  0  0 -9 
250 65  -1  3  1  1  0 -9 
250 66  -1  2  0 -9 
250 101   1  2  0 -9 
250 103  -1  3  0 -9 
250 110   1  2  0 -9 
250 114  -1  3  0 -9 
250 120  -1  0  0 -9 
250 122   1 -1  0 -9 
250 123  -1  0  0 -9 
250 124   1  1  0 -9 
250 127   1 -1  0 -9 
250 128  -1  0  0 -9 
250 129   1  1  0 -9 
250 130   1  1  0 -9 
250 146  -1  3  0 -9 
250 149  -1  3  0 -9 
250 150   1  4  0 -9 
250 167   1 -1  0 -9 
250 168   1  2  0 -9 
250 169  -1  3  0 -9 
250 175  -1  0  0 -9 
250 180  -1  0  0 -9 
250 185   1 -1  0 -9 
250 186  -1  0  0 -9 
250 187   1  1  0 -9 
250 198   1  2  0 -9 
250 202  -1  3  0 -9 
250 209  -1  0  0 -9 
250 214   1 -1  0 -9 
250 215  -1  0  0 -9 
250 216   1  1  0 -9 
250 217   1  1  0 -9 
250 241  -1  0  0 -9 
250 244   1 -1  0 -9 
250 245  -1  0  0 -9 
250 246   1  1  0 -9 
250 250  -1 -2  0 -9 
250 253   1 -1  0 -9 
250 254  -1  0  0 -9 
251 62   1  3  0 -9 
251 66  -1  4  0 -9 
251 141   1  5  0 -9 
251 164  -1  4  0 -9 
251 169   1  5  0 -9 
251 177   1  2  0 -9 
251 182  -1  1  0 -9 
251 183  -1  4  1  2  0 -9 
251 206   1  3  0 -9 
251 211  -1  4  0 -9 
251 251   1  0  0 -9 
251 252  -1  1  0 -9 
251 254   1  2  0 -9 
252 129  -1  4  0 -9 
252 169   1  6  0 -9 
252 183  -1  5  0 -9 
252 216  -1  4  0 -9 
252 254   1  3  0 -9 
253 55   1  5  0 -9 
253 65  -1  4  1  2  0 -9 
253 66   1  5 -1  3  0 -9 
253 105  -1  3  0 -9 
253 113  -1  3  0 -9 
253 118   1  2  0 -9 
253 119  -1  3  0 -9 
253 120  -1  1  0 -9 
253 123  -1  1  0 -9 
253 124   1  2  0 -9 
253 128  -1  1  0 -9 
253 129  -1  4  1  2  0 -9 
253 130   1  2  0 -9 
253 173   1  2  0 -9 
253 174  -1  3  0 -9 
253 175  -1  1  0 -9 
253 183  -1  3  0 -9 
253 186  -1  1  0 -9 
253 187   1  2  0 -9 
253 201  -1  3  0 -9 
253 211   1  5  0 -9 
253 215  -1  1  0 -9 
253 216  -1  4  1  2  0 -9 
253 217   1  2  0 -9 
253 239   1  2  0 -9 
253 240  -1  3  0 -9 
253 241  -1  1  0 -9 
253 245  -1  1  0 -9 
253 246   1  2  0 -9 
253 252   1  2  0 -9 
253 253   1  0  0 -9 
253 254  -1  1  0 -9 
254 66   1  6  0 -9 
254 129  -1  5  0 -9 
254 183  -1  4  0 -9 
254 211   1  6  0 -9 
254 216  -1  5  0 -9 
254 252   1  3  0 -9 
255 65   1  1  0 -9 
255 66  -1  2  0 -9 
255 113  -1  2  0 -9 
255 118   1  1  0 -9 
255 120  -1  0  0 -9 
255 123  -1  0  0 -9 
255 128  -1  0  0 -9 
255 129   1  1  0 -9 
255 175  -1  0  0 -9 
255 183  -1  2  0 -9 
255 186  -1  0  0 -9 
255 187   1  1  0 -9 
255 201  -1  2  0 -9 
255 211   1  4  0 -9 
255 215  -1  0  0 -9 
255 216  -1  3  0 -9 
255 217   1  1  0 -9 
255 239   1  1  0 -9 
255 241  -1  0  0 -9 
255 242   1 -1  0 -9 
255 245  -1  0  0 -9 
255 252   1  1  0 -9 
255 253   1 -1  0 -9 
255 254  -1  0  0 -9 
255 255  -1 -2  0 -9 
255 256   1 -1  0 -9 
256 66  -1  3  0 -9 
256 129   1  2  0 -9 
256 183  -1  3  0 -9 
256 186  -1  1  0 -9 
256 187   1  2  0 -9 
256 211   1  5  0 -9 
256 216  -1  4  0 -9 
256 252   1  2  0 -9 
256 254  -1  1  0 -9 
256 256   1  0  0 -9 
257 66  -1  2  0 -9 
257 129   1  1  0 -9 
257 186  -1  0  0 -9 
257 187   1  1  0 -9 
257 192   1 -1  0 -9 
257 193  -1  0  0 -9 
257 211   1  4  0 -9 
257 216  -1  3  0 -9 
257 225  -1  3  0 -9 
257 233   1  2  0 -9 
257 235   1 -1  0 -9 
257 254  -1  0  0 -9 
257 256   1 -1  0 -9 
257 257  -1 -2  0 -9 
258 198  -1  2 -1  0  0 -9 
258 202   1  3  0 -9 
258 258  -1 -2  0 -9 
258 259  -1  0  0 -9 
258 260   1 -1  0 -9 
258 261   1 -1  0 -9 
258 262  -1  0  0 -9 
258 263   1  1  0 -9 
258 264   1  1  0 -9 
258 265  -1  2  0 -9 
259 198  -1  4  0 -9 
259 202   1  5  0 -9 
259 264   1  3  0 -9 
259 265  -1  4  0 -9 
260 198  -1  5 -1  3 -1  1  0 -9 
260 202   1  6  1  4  0 -9 
260 259  -1  1  0 -9 
260 260   1  0  0 -9 
260 262  -1  1  0 -9 
260 263   1  2  0 -9 
260 264   1  2  0 -9 
260 265  -1  3  0 -9 
261 198  -1  3  0 -9 
261 202   1  4  0 -9 
261 259  -1  1  0 -9 
261 261   1  0  0 -9 
261 262  -1  1  0 -9 
261 263   1  2  0 -9 
261 264   1  2  0 -9 
261 265  -1  3  0 -9 
262 198  -1  4  0 -9 
262 202   1  5  0 -9 
262 263   1  3  0 -9 
262 265  -1  4  0 -9 
263 198  -1  5  0 -9 
263 202   1  6  0 -9 
263 262   1  3  0 -9 
263 265  -1  5  0 -9 
264 198  -1  5  0 -9 
264 202   1  6  0 -9 
264 259   1  3  0 -9 
264 265  -1  5  0 -9 
265 202   1  7  0 -9 
265 265  -1  6  0 -9 
266 259  -1  0  0 -9 
266 261   1 -1  0 -9 
266 262  -1  0  0 -9 
266 263   1  1  0 -9 
266 266  -1 -2  0 -9 
266 267   1 -1  0 -9 
266 268  -1  0  0 -9 
267 262  -1  1  0 -9 
267 263   1  2  0 -9 
267 265  -1  3  0 -9 
267 267   1  0  0 -9 
267 268  -1  1  0 -9 
267 269   1  2  0 -9 
268 265  -1  4  0 -9 
268 269   1  3  0 -9 
269 202   1  6  0 -9 
269 265  -1  5  0 -9 
269 268   1  3  0 -9 
270 198   1  1  0 -9 
270 202  -1  2  0 -9 
270 240   1  1  0 -9 
270 264  -1  0  0 -9 
270 265   1  1  0 -9 
270 270  -1 -2  0 -9 
270 272   1 -1  0 -9 
270 273  -1  0  0 -9 
271 198   1  2  0 -9 
271 202  -1  3  0 -9 
271 244   1 -1  0 -9 
271 245  -1  0  0 -9 
271 246   1  1  0 -9 
271 262  -1  0  0 -9 
271 267   1 -1  0 -9 
271 268  -1  0  0 -9 
271 269   1  1  0 -9 
271 271  -1 -2  0 -9 
271 274   1 -1  0 -9 
271 275  -1  0  0 -9 
272 198   1  2  0 -9 
272 202  -1  3  0 -9 
272 240   1  2  0 -9 
272 259   1  2  0 -9 
272 264  -1  1  0 -9 
272 265  -1  4  1  2  0 -9 
272 272   1  0  0 -9 
272 273  -1  1  0 -9 
272 275   1  2  0 -9 
273 202   1  6  0 -9 
273 240  -1  5  0 -9 
273 265  -1  5  0 -9 
273 275   1  3  0 -9 
274 240  -1  3  0 -9 
274 245  -1  1  0 -9 
274 246   1  2  0 -9 
274 265  -1  3  0 -9 
274 268  -1  1  0 -9 
274 269   1  2  0 -9 
274 273   1  2  0 -9 
274 274   1  0  0 -9 
274 275  -1  1  0 -9 
275 202   1  5  0 -9 
275 240  -1  4  0 -9 
275 265  -1  4  0 -9 
275 273   1  3  0 -9 
276 245  -1  0  0 -9 
276 265  -1  2  0 -9 
276 268  -1  0  0 -9 
276 269   1  1  0 -9 
276 273   1  1  0 -9 
276 274   1 -1  0 -9 
276 275  -1  0  0 -9 
276 276  -1 -2  0 -9 
276 277   1 -1  0 -9 
277 265  -1  3  0 -9 
277 268  -1  1  0 -9 
277 269   1  2  0 -9 
277 273   1  2  0 -9 
277 275  -1  1  0 -9 
277 277   1  0  0 -9 
278 278   1  0  0 -9 
278 279  -1  1  0 -9 
278 280   1  3  0 -9 
278 281  -1  4  0 -9 
278 282   1  2  0 -9 
278 283   1  5  0 -9 
279 281  -1  5  0 -9 
279 282   1  3  0 -9 
279 283   1  6  0 -9 
280 280  -1  6  0 -9 
281 281  -1  6  0 -9 
281 283   1  7  0 -9 
282 279   1  3  0 -9 
282 281  -1  4  0 -9 
283 283   1  8  0 -9 
284 102  -1  0  0 -9 
284 107  -1  0  0 -9 
284 110  -1  2 -1  0  0 -9 
284 112   1  1  0 -9 
284 113  -1  2  0 -9 
284 114   1  3  0 -9 
284 278   1 -1  0 -9 
284 279  -1  0  0 -9 
284 280   1  2  0 -9 
284 281  -1  3  0 -9 
284 282   1  1  0 -9 
284 283   1  4  0 -9 
284 284  -1 -2  0 -9 
284 285  -1  0  0 -9 
284 286   1 -1  0 -9 
284 287   1  1  0 -9 
284 288   1 -1  0 -9 
284 290  -1  0  0 -9 
284 291   1  1  0 -9 
284 292  -1  2  0 -9 
285 280  -1  4  0 -9 
285 287  -1  5  0 -9 
285 289   1  3  0 -9 
285 292   1  6  0 -9 
286 107  -1  1  0 -9 
286 110  -1  5 -1  3 -1  1  0 -9 
286 112   1  2  0 -9 
286 113  -1  3  0 -9 
286 114   1  6  1  4  0 -9 
286 281  -1  4  0 -9 
286 283   1  5  0 -9 
286 285  -1  1  0 -9 
286 286   1  0  0 -9 
286 287   1  2  0 -9 
286 289   1  2  0 -9 
286 290  -1  1  0 -9 
286 291   1  2  0 -9 
286 292  -1  3  0 -9 
287 287  -1  6  0 -9 
287 292   1  7  0 -9 
288 99   1  2  0 -9 
288 101  -1  3  0 -9 
288 102  -1  1  0 -9 
288 107  -1  1  0 -9 
288 110  -1  3  0 -9 
288 112   1  2  0 -9 
288 113  -1  3  0 -9 
288 114   1  4  0 -9 
288 279  -1  1  0 -9 
288 281  -1  4  1  2  0 -9 
288 282   1  2  0 -9 
288 283   1  5  0 -9 
288 288   1  0  0 -9 
288 290  -1  1  0 -9 
288 291   1  2  0 -9 
288 292  -1  3  0 -9 
289 280  -1  5  0 -9 
289 285   1  3  0 -9 
289 287  -1  4  0 -9 
290 110  -1  4  0 -9 
290 113  -1  4  0 -9 
290 114   1  5  0 -9 
290 281  -1  5  0 -9 
290 283   1  6  0 -9 
290 291   1  3  0 -9 
290 292  -1  4  0 -9 
291 103   1  6  0 -9 
291 110  -1  5  0 -9 
291 113  -1  5  0 -9 
291 114   1  6  0 -9 
291 281  -1  4  0 -9 
291 290   1  3  0 -9 
291 292   1  7  0 -9 
292 292   1  8  0 -9 
293 99   1  1  0 -9 
293 102  -1  0  0 -9 
293 103  -1  3  0 -9 
293 104   1 -1  0 -9 
293 105   1  2  0 -9 
293 107  -1  0  0 -9 
293 279  -1  0  0 -9 
293 281   1  1  0 -9 
293 288   1 -1  0 -9 
293 290  -1  0  0 -9 
293 291   1  1  0 -9 
293 292  -1  2  0 -9 
293 293  -1 -2  0 -9 
293 295   1 -1  0 -9 
293 296  -1  0  0 -9 
293 297   1  1  0 -9 
294 280   1  2  0 -9 
294 285   1  2  0 -9 
294 289  -1  1  0 -9 
294 292  -1  4  0 -9 
294 294   1  0  0 -9 
294 297   1  3  0 -9 
295 113  -1  3  0 -9 
295 281   1  2  0 -9 
295 283  -1  3  0 -9 
295 290  -1  1  0 -9 
295 291   1  2  0 -9 
295 292  -1  3  0 -9 
295 295   1  0  0 -9 
295 296  -1  1  0 -9 
295 297   1  2  0 -9 
295 298   1  2  0 -9 
296 103   1  5  0 -9 
296 105  -1  4  0 -9 
296 113  -1  4  0 -9 
296 283  -1  4  0 -9 
296 292   1  6  0 -9 
296 297  -1  5  0 -9 
296 298   1  3  0 -9 
297 292   1  7  0 -9 
297 297  -1  6  0 -9 
298 103   1  6  0 -9 
298 105  -1  5  0 -9 
298 113  -1  5  0 -9 
298 114   1  6  0 -9 
298 283   1  7  0 -9 
298 296   1  3  0 -9 
298 297  -1  4  0 -9 
299 280   1  1  0 -9 
299 287   1  2  0 -9 
299 289  -1  0  0 -9 
299 292  -1  3  0 -9 
299 294   1 -1  0 -9 
299 297   1  2  0 -9 
299 299  -1 -2  0 -9 
299 301   1 -1  0 -9 
299 302  -1  0  0 -9 
300 110   1  2  0 -9 
300 114  -1  3  0 -9 
300 120  -1  0  0 -9 
300 122   1 -1  0 -9 
300 123  -1  0  0 -9 
300 124   1  1  0 -9 
300 281   1  1  0 -9 
300 283  -1  2  0 -9 
300 290  -1  0  0 -9 
300 295   1 -1  0 -9 
300 296  -1  0  0 -9 
300 297   1  1  0 -9 
300 298   1  1  0 -9 
300 300  -1 -2  0 -9 
300 303   1 -1  0 -9 
300 304  -1  0  0 -9 
301 287   1  3  0 -9 
301 292  -1  4  0 -9 
301 301   1  0  0 -9 
301 302  -1  1  0 -9 
301 304   1  2  0 -9 
302 297  -1  4  0 -9 
302 304   1  3  0 -9 
303 103   1  4  0 -9 
303 105  -1  3  0 -9 
303 113  -1  3  0 -9 
303 118   1  2  0 -9 
303 119  -1  3  0 -9 
303 120  -1  1  0 -9 
303 123  -1  1  0 -9 
303 124   1  2  0 -9 
303 283  -1  3  0 -9 
303 292   1  5  0 -9 
303 296  -1  1  0 -9 
303 297  -1  4  1  2  0 -9 
303 298   1  2  0 -9 
303 302   1  2  0 -9 
303 303   1  0  0 -9 
303 304  -1  1  0 -9 
304 292   1  6  0 -9 
304 297  -1  5  0 -9 
304 302   1  3  0 -9 
305 279   1  2  0 -9 
305 282  -1  1  0 -9 
305 283  -1  4  0 -9 
305 305   1  0  0 -9 
305 306   1  3  0 -9 
306 283   1  7  0 -9 
306 306  -1  6  0 -9 
307 281   1  2  0 -9 
307 282  -1  0  0 -9 
307 283  -1  3  0 -9 
307 305   1 -1  0 -9 
307 306   1  2  0 -9 
307 307  -1 -2  0 -9 
307 309   1 -1  0 -9 
307 310  -1  0  0 -9 
307 311   1  1  0 -9 
308 280   1  3  0 -9 
308 308   1  0  0 -9 
308 311   1  3  0 -9 
309 281   1  3  0 -9 
309 283  -1  4  0 -9 
309 309   1  0  0 -9 
309 310  -1  1  0 -9 
309 311   1  2  0 -9 
309 312   1  2  0 -9 
310 306  -1  4  0 -9 
310 311  -1  5  0 -9 
310 312   1  3  0 -9 
311 311  -1  6  0 -9 
312 283   1  6  0 -9 
312 306  -1  5  0 -9 
312 310   1  3  0 -9 
312 311  -1  4  0 -9 
313 103   1  6  1  4  0 -9 
313 105  -1  5 -1  3 -1  1  0 -9 
313 113  -1  3  0 -9 
313 118   1  2  0 -9 
313 120  -1  1  0 -9 
313 283  -1  3  0 -9 
313 292   1  5  0 -9 
313 296  -1  1  0 -9 
313 297  -1  4  0 -9 
313 298   1  2  0 -9 
313 306   1  2  0 -9 
313 310   1  2  0 -9 
313 312  -1  1  0 -9 
313 313   1  0  0 -9 
314 103   1  3  0 -9 
314 105  -1  2 -1  0  0 -9 
314 113  -1  2  0 -9 
314 118   1  1  0 -9 
314 120  -1  0  0 -9 
314 123  -1  0  0 -9 
314 283  -1  2  0 -9 
314 292   1  4  0 -9 
314 296  -1  0  0 -9 
314 297  -1  3  0 -9 
314 298   1  1  0 -9 
314 302   1  1  0 -9 
314 303   1 -1  0 -9 
314 304  -1  0  0 -9 
314 306   1  1  0 -9 
314 311   1  2  0 -9 
314 312  -1  0  0 -9 
314 313   1 -1  0 -9 
314 314  -1 -2  0 -9 
314 315   1 -1  0 -9 
315 292   1  5  0 -9 
315 297  -1  4  0 -9 
315 302   1  2  0 -9 
315 304  -1  1  0 -9 
315 311   1  3  0 -9 
315 315   1  0  0 -9 
316 316   1  0  0 -9 
316 317   1  3  0 -9 
317 317  -1  6  0 -9 
318 101   1  2  0 -9 
318 102  -1  0  0 -9 
318 103  -1  3  0 -9 
318 104   1 -1  0 -9 
318 105   1  2  0 -9 
318 316   1 -1  0 -9 
318 317   1  2  0 -9 
318 318  -1 -2  0 -9 
318 320   1 -1  0 -9 
318 321  -1  0  0 -9 
318 322   1  1  0 -9 
319 100   1  3  0 -9 
319 319   1  0  0 -9 
319 322   1  3  0 -9 
320 101   1  3  0 -9 
320 103  -1  4  0 -9 
320 320   1  0  0 -9 
320 321  -1  1  0 -9 
320 322   1  2  0 -9 
320 323   1  2  0 -9 
321 105  -1  4  0 -9 
321 317  -1  4  0 -9 
321 322  -1  5  0 -9 
321 323   1  3  0 -9 
322 322  -1  6  0 -9 
323 103   1  6  0 -9 
323 105  -1  5  0 -9 
323 317  -1  5  0 -9 
323 321   1  3  0 -9 
323 322  -1  4  0 -9 
324 103   1  5  0 -9 
324 105  -1  4  0 -9 
324 317   1  2  0 -9 
324 321   1  2  0 -9 
324 323  -1  1  0 -9 
324 324   1  0  0 -9 
325 103   1  4  0 -9 
325 105  -1  3  0 -9 
325 113  -1  3  0 -9 
325 114   1  4  0 -9 
325 118   1  2  0 -9 
325 119  -1  3  0 -9 
325 120   1 -1  0 -9 
325 124  -1  0  0 -9 
325 317   1  1  0 -9 
325 322   1  2  0 -9 
325 323  -1  0  0 -9 
325 324   1 -1  0 -9 
325 325  -1 -2  0 -9 
325 326   1 -1  0 -9 
326 114   1  5  0 -9 
326 119  -1  4  0 -9 
326 123   1  2  0 -9 
326 124  -1  1  0 -9 
326 322   1  3  0 -9 
326 326   1  0  0 -9 
327 283   1  5  0 -9 
327 306  -1  4  0 -9 
327 310   1  2  0 -9 
327 312  -1  1  0 -9 
327 317   1  3  0 -9 
327 327   1  0  0 -9 
328 278   1 -1  0 -9 
328 279  -1  0  0 -9 
328 280   1  2  0 -9 
328 281  -1  3  0 -9 
328 283   1  4  0 -9 
328 328  -1 -2  0 -9 
328 329   1 -1  0 -9 
328 330   1 -1  0 -9 
328 331  -1  0  0 -9 
328 332  -1  3  0 -9 
328 334   1  2  0 -9 
328 335  -1  3  0 -9 
328 336   1  4  0 -9 
329 281  -1  4  0 -9 
329 283   1  5  0 -9 
329 332  -1  4  0 -9 
329 334   1  3  0 -9 
329 335  -1  4  0 -9 
329 336   1  5  0 -9 
330 330   1  0  0 -9 
330 331  -1  1  0 -9 
330 332  -1  4  0 -9 
330 333   1  2  0 -9 
330 336   1  5  0 -9 
331 280  -1  4  0 -9 
331 332  -1  5  0 -9 
331 333   1  3  0 -9 
331 336   1  6  0 -9 
332 332  -1  6  0 -9 
332 336   1  7  0 -9 
333 280  -1  5  0 -9 
333 331   1  3  0 -9 
333 332  -1  4  0 -9 
334 281  -1  5  0 -9 
334 283   1  6  0 -9 
334 329   1  3  0 -9 
334 332  -1  5  0 -9 
334 335  -1  5  0 -9 
334 336   1  6  0 -9 
335 283   1  7  0 -9 
335 335  -1  6  0 -9 
335 336   1  7  0 -9 
336 336   1  8  0 -9 
337 280   1  1  0 -9 
337 281  -1  2 -1  0  0 -9 
337 283   1  3  0 -9 
337 329  -1  0  0 -9 
337 332  -1  2 -1  0  0 -9 
337 334   1  1  0 -9 
337 335  -1  2  0 -9 
337 336   1  3  0 -9 
337 337  -1 -2  0 -9 
337 338  -1  0  0 -9 
337 339   1 -1  0 -9 
337 340   1  1  0 -9 
337 341   1 -1  0 -9 
337 343  -1  0  0 -9 
337 344   1  1  0 -9 
337 345  -1  2  0 -9 
338 280  -1  5  0 -9 
338 340  -1  5  0 -9 
338 342   1  3  0 -9 
338 345   1  6  0 -9 
339 280   1  2  0 -9 
339 281  -1  5 -1  3 -1  1  0 -9 
339 283   1  6  1  4  0 -9 
339 329  -1  1  0 -9 
339 332  -1  5 -1  3 -1  1  0 -9 
339 334   1  2  0 -9 
339 335  -1  3  0 -9 
339 336   1  6  1  4  0 -9 
339 338  -1  1  0 -9 
339 339   1  0  0 -9 
339 340   1  2  0 -9 
339 342   1  2  0 -9 
339 343  -1  1  0 -9 
339 344   1  2  0 -9 
339 345  -1  3  0 -9 
340 340  -1  6  0 -9 
340 345   1  7  0 -9 
341 281  -1  3  0 -9 
341 283   1  4  0 -9 
341 329  -1  1  0 -9 
341 332  -1  3  0 -9 
341 334   1  2  0 -9 
341 335  -1  3  0 -9 
341 336   1  4  0 -9 
341 341   1  0  0 -9 
341 343  -1  1  0 -9 
341 344   1  2  0 -9 
341 345  -1  3  0 -9 
342 280  -1  4  0 -9 
342 338   1  3  0 -9 
342 340  -1  4  0 -9 
343 281  -1  4  0 -9 
343 283   1  5  0 -9 
343 332  -1  4  0 -9 
343 335  -1  4  0 -9 
343 336   1  5  0 -9 
343 344   1  3  0 -9 
343 345  -1  4  0 -9 
344 281  -1  5  0 -9 
344 283   1  6  0 -9 
344 332  -1  5  0 -9 
344 335  -1  5  0 -9 
344 336   1  6  0 -9 
344 343   1  3  0 -9 
344 345   1  7  0 -9 
345 345   1  8  0 -9 
346 329  -1  0  0 -9 
346 341   1 -1  0 -9 
346 343  -1  0  0 -9 
346 344   1  1  0 -9 
346 345  -1  2  0 -9 
346 346  -1 -2  0 -9 
346 348   1 -1  0 -9 
346 349  -1  0  0 -9 
346 350   1  1  0 -9 
347 338   1  2  0 -9 
347 342  -1  1  0 -9 
347 345  -1  4  0 -9 
347 347   1  0  0 -9 
347 350   1  3  0 -9 
348 335  -1  3  0 -9 
348 343  -1  1  0 -9 
348 344   1  2  0 -9 
348 345  -1  3  0 -9 
348 348   1  0  0 -9 
348 349  -1  1  0 -9 
348 350   1  2  0 -9 
348 351   1  2  0 -9 
349 335  -1  4  0 -9 
349 345   1  6  0 -9 
349 350  -1  5  0 -9 
349 351   1  3  0 -9 
350 345   1  7  0 -9 
350 350  -1  6  0 -9 
351 283   1  6  0 -9 
351 335  -1  5  0 -9 
351 336   1  6  0 -9 
351 349   1  3  0 -9 
351 350  -1  4  0 -9 
352 330   1 -1  0 -9 
352 331  -1  0  0 -9 
352 332  -1  3  0 -9 
352 333   1  1  0 -9 
352 336   1  4  0 -9 
352 342  -1  0  0 -9 
352 352  -1 -2  0 -9 
352 353  -1  0  0 -9 
352 354   1 -1  0 -9 
352 355   1 -1  0 -9 
352 356  -1  0  0 -9 
352 357   1  1  0 -9 
352 358   1  1  0 -9 
352 359  -1  2  0 -9 
353 340  -1  4  0 -9 
353 345   1  5  0 -9 
353 358   1  3  0 -9 
353 359  -1  4  0 -9 
354 332  -1  4  0 -9 
354 336   1  5  0 -9 
354 353  -1  1  0 -9 
354 354   1  0  0 -9 
354 356  -1  1  0 -9 
354 357   1  2  0 -9 
354 358   1  2  0 -9 
354 359  -1  3  0 -9 
355 280  -1  3  0 -9 
355 331  -1  1  0 -9 
355 332  -1  4  1  2  0 -9 
355 333   1  2  0 -9 
355 336   1  5  0 -9 
355 338   1  2  0 -9 
355 340  -1  3  0 -9 
355 342  -1  1  0 -9 
355 353  -1  1  0 -9 
355 355   1  0  0 -9 
355 356  -1  1  0 -9 
355 357   1  2  0 -9 
355 358   1  2  0 -9 
355 359  -1  3  0 -9 
356 332  -1  5  0 -9 
356 336   1  6  0 -9 
356 357   1  3  0 -9 
356 359  -1  4  0 -9 
357 332  -1  4  0 -9 
357 345   1  6  0 -9 
357 356   1  3  0 -9 
357 359  -1  5  0 -9 
358 340  -1  5  0 -9 
358 345   1  6  0 -9 
358 353   1  3  0 -9 
358 359  -1  5  0 -9 
359 345   1  7  0 -9 
359 359  -1  6  0 -9 
360 331  -1  0  0 -9 
360 332   1  1  0 -9 
360 338   1  1  0 -9 
360 342  -1  0  0 -9 
360 345  -1  3  0 -9 
360 347   1 -1  0 -9 
360 350   1  2  0 -9 
360 353  -1  0  0 -9 
360 355   1 -1  0 -9 
360 356  -1  0  0 -9 
360 357   1  1  0 -9 
360 360  -1 -2  0 -9 
360 361   1 -1  0 -9 
360 362  -1  0  0 -9 
361 332   1  2  0 -9 
361 336  -1  3  0 -9 
361 356  -1  1  0 -9 
361 357   1  2  0 -9 
361 359  -1  3  0 -9 
361 361   1  0  0 -9 
361 362  -1  1  0 -9 
361 363   1  2  0 -9 
362 336  -1  4  0 -9 
362 345   1  5  0 -9 
362 350  -1  4  0 -9 
362 359  -1  4  0 -9 
362 363   1  3  0 -9 
363 336   1  7  0 -9 
363 345   1  6  0 -9 
363 350  -1  5  0 -9 
363 359  -1  5  0 -9 
363 362   1  3  0 -9 
364 340   1  1  0 -9 
364 345  -1  2  0 -9 
364 350   1  1  0 -9 
364 358  -1  0  0 -9 
364 359   1  1  0 -9 
364 364  -1 -2  0 -9 
364 366   1 -1  0 -9 
364 367  -1  0  0 -9 
365 332   1  1  0 -9 
365 336  -1  2  0 -9 
365 356  -1  0  0 -9 
365 361   1 -1  0 -9 
365 362  -1  0  0 -9 
365 363   1  1  0 -9 
365 365  -1 -2  0 -9 
365 368   1 -1  0 -9 
365 369  -1  0  0 -9 
366 340   1  2  0 -9 
366 345  -1  3  0 -9 
366 350   1  2  0 -9 
366 353   1  2  0 -9 
366 358  -1  1  0 -9 
366 359  -1  4  1  2  0 -9 
366 366   1  0  0 -9 
366 367  -1  1  0 -9 
366 369   1  2  0 -9 
367 345   1  6  0 -9 
367 350  -1  5  0 -9 
367 359  -1  5  0 -9 
367 369   1  3  0 -9 
368 336  -1  3  0 -9 
368 345   1  4  0 -9 
368 350  -1  3  0 -9 
368 359  -1  3  0 -9 
368 362  -1  1  0 -9 
368 363   1  2  0 -9 
368 367   1  2  0 -9 
368 368   1  0  0 -9 
368 369  -1  1  0 -9 
369 345   1  5  0 -9 
369 350  -1  4  0 -9 
369 359  -1  4  0 -9 
369 367   1  3  0 -9 
370 281   1  1  0 -9 
370 283  -1  2  0 -9 
370 306   1  1  0 -9 
370 332   1  1  0 -9 
370 334  -1  0  0 -9 
370 335   1  1  0 -9 
370 336  -1  2  0 -9 
370 370  -1 -2  0 -9 
370 372   1 -1  0 -9 
370 373  -1  0  0 -9 
370 374   1  1  0 -9 
371 280   1  2  0 -9 
371 331   1  2  0 -9 
371 333  -1  1  0 -9 
371 336  -1  4  0 -9 
371 371   1  0  0 -9 
371 374   1  3  0 -9 
372 281   1  2  0 -9 
372 283  -1  3  0 -9 
372 306   1  2  0 -9 
372 329   1  2  0 -9 
372 332   1  2  0 -9 
372 334  -1  1  0 -9 
372 335  -1  4  1  2  0 -9 
372 336  -1  3  0 -9 
372 372   1  0  0 -9 
372 373  -1  1  0 -9 
372 374   1  2  0 -9 
372 375   1  2  0 -9 
373 283   1  6  0 -9 
373 306  -1  5  0 -9 
373 335  -1  5  0 -9 
373 336   1  6  0 -9 
373 374  -1  5  0 -9 
373 375   1  3  0 -9 
374 336   1  7  0 -9 
374 374  -1  6  0 -9 
375 283   1  5  0 -9 
375 306  -1  4  0 -9 
375 335  -1  4  0 -9 
375 336   1  5  0 -9 
375 373   1  3  0 -9 
375 374  -1  4  0 -9 
376 335  -1  3  0 -9 
376 345   1  5  0 -9 
376 349  -1  1  0 -9 
376 350  -1  4  0 -9 
376 351   1  2  0 -9 
376 373   1  2  0 -9 
376 375  -1  1  0 -9 
376 376   1  0  0 -9 
377 280   1  1  0 -9 
377 332   1  2  0 -9 
377 333  -1  0  0 -9 
377 336  -1  3  0 -9 
377 371   1 -1  0 -9 
377 374   1  2  0 -9 
377 377  -1 -2  0 -9 
377 378   1 -1  0 -9 
377 379  -1  0  0 -9 
378 332   1  3  0 -9 
378 336  -1  4  0 -9 
378 378   1  0  0 -9 
378 379  -1  1  0 -9 
378 380   1  2  0 -9 
379 374  -1  4  0 -9 
379 380   1  3  0 -9 
380 336   1  6  0 -9 
380 374  -1  5  0 -9 
380 379   1  3  0 -9 
381 336  -1  2  0 -9 
381 345   1  3  0 -9 
381 350  -1  2 -1  0  0 -9 
381 359  -1  2  0 -9 
381 362  -1  0  0 -9 
381 363   1  1  0 -9 
381 367   1  1  0 -9 
381 368   1 -1  0 -9 
381 369  -1  0  0 -9 
381 374   1  1  0 -9 
381 380  -1  0  0 -9 
381 381  -1 -2  0 -9 
381 382   1 -1  0 -9 
382 336  -1  3  0 -9 
382 345   1  6  1  4  0 -9 
382 350  -1  5 -1  3 -1  1  0 -9 
382 359  -1  3  0 -9 
382 362  -1  1  0 -9 
382 363   1  2  0 -9 
382 367   1  2  0 -9 
382 369  -1  1  0 -9 
382 374   1  2  0 -9 
382 379   1  2  0 -9 
382 380  -1  1  0 -9 
382 382   1  0  0 -9 
383 280   1  2  0 -9 
383 308   1 -1  0 -9 
383 311   1  2  0 -9 
383 340   1  2  0 -9 
383 342  -1  0  0 -9 
383 345  -1  3  0 -9 
383 347   1 -1  0 -9 
383 350   1  2  0 -9 
383 383  -1 -2  0 -9 
383 385   1 -1  0 -9 
383 386  -1  0  0 -9 
384 281   1  2  0 -9 
384 283  -1  3  0 -9 
384 309   1 -1  0 -9 
384 310  -1  0  0 -9 
384 311   1  1  0 -9 
384 312   1  1  0 -9 
384 332   1  2  0 -9 
384 336  -1  3  0 -9 
384 343  -1  0  0 -9 
384 348   1 -1  0 -9 
384 349  -1  0  0 -9 
384 350   1  1  0 -9 
384 351   1  1  0 -9 
384 375  -1  0  0 -9 
384 378   1 -1  0 -9 
384 379  -1  0  0 -9 
384 380   1  1  0 -9 
384 384  -1 -2  0 -9 
384 387   1 -1  0 -9 
384 388  -1  0  0 -9 
385 340   1  3  0 -9 
385 345  -1  4  0 -9 
385 385   1  0  0 -9 
385 386  -1  1  0 -9 
385 388   1  2  0 -9 
386 311  -1  4  0 -9 
386 350  -1  4  0 -9 
386 388   1  3  0 -9 
387 306  -1  3  0 -9 
387 310  -1  1  0 -9 
387 311  -1  4  1  2  0 -9 
387 312   1  2  0 -9 
387 335  -1  3  0 -9 
387 345   1  5  0 -9 
387 349  -1  1  0 -9 
387 350  -1  4  1  2  0 -9 
387 351   1  2  0 -9 
387 373   1  2  0 -9 
387 374  -1  3  0 -9 
387 375  -1  1  0 -9 
387 379  -1  1  0 -9 
387 380   1  2  0 -9 
387 386   1  2  0 -9 
387 387   1  0  0 -9 
387 388  -1  1  0 -9 
388 311  -1  5  0 -9 
388 345   1  6  0 -9 
388 350  -1  5  0 -9 
388 386   1  3  0 -9 
389 310  -1  0  0 -9 
389 311   1  1  0 -9 
389 335  -1  2  0 -9 
389 345   1  4  0 -9 
389 349  -1  0  0 -9 
389 350  -1  3  0 -9 
389 351   1  1  0 -9 
389 373   1  1  0 -9 
389 375  -1  0  0 -9 
389 376   1 -1  0 -9 
389 379  -1  0  0 -9 
389 386   1  1  0 -9 
389 387   1 -1  0 -9 
389 388  -1  0  0 -9 
389 389  -1 -2  0 -9 
389 390   1 -1  0 -9 
390 311   1  2  0 -9 
390 345   1  5  0 -9 
390 350  -1  4  0 -9 
390 386   1  2  0 -9 
390 388  -1  1  0 -9 
390 390   1  0  0 -9 
391 311   1  1  0 -9 
391 345   1  4  0 -9 
391 350  -1  3  0 -9 
391 359  -1  3  0 -9 
391 367   1  2  0 -9 
391 369   1 -1  0 -9 
391 388  -1  0  0 -9 
391 390   1 -1  0 -9 
391 391  -1 -2  0 -9 
392 317   1  1  0 -9 
392 392  -1 -2  0 -9 
392 394   1 -1  0 -9 
392 395  -1  0  0 -9 
392 396   1  1  0 -9 
393 393   1  0  0 -9 
393 396   1  3  0 -9 
394 317   1  2  0 -9 
394 394   1  0  0 -9 
394 395  -1  1  0 -9 
394 396   1  2  0 -9 
394 397   1  2  0 -9 
395 317  -1  5  0 -9 
395 396  -1  5  0 -9 
395 397   1  3  0 -9 
396 396  -1  6  0 -9 
397 317  -1  4  0 -9 
397 395   1  3  0 -9 
397 396  -1  4  0 -9 
398 395   1  2  0 -9 
398 397  -1  1  0 -9 
398 398   1  0  0 -9 
399 393   1 -1  0 -9 
399 396   1  2  0 -9 
399 399  -1 -2  0 -9 
399 400   1 -1  0 -9 
399 401  -1  0  0 -9 
400 400   1  0  0 -9 
400 401  -1  1  0 -9 
400 402   1  2  0 -9 
401 396  -1  4  0 -9 
401 402   1  3  0 -9 
402 396  -1  5  0 -9 
402 401   1  3  0 -9 
403 396   1  1  0 -9 
403 402  -1  0  0 -9 
403 403  -1 -2  0 -9 
403 404   1 -1  0 -9 
404 396   1  2  0 -9 
404 401   1  2  0 -9 
404 402  -1  1  0 -9 
404 404   1  0  0 -9 
405 283   1  4  0 -9 
405 306  -1  3  0 -9 
405 311   1  2  0 -9 
405 312  -1  0  0 -9 
405 317   1  2  0 -9 
405 327   1 -1  0 -9 
405 335  -1  3  0 -9 
405 336   1  4  0 -9 
405 373   1  2  0 -9 
405 374  -1  3  0 -9 
405 375   1 -1  0 -9 
405 380  -1  0  0 -9 
405 396   1  2  0 -9 
405 397  -1  0  0 -9 
405 398   1 -1  0 -9 
405 405  -1 -2  0 -9 
405 406   1 -1  0 -9 
406 311   1  3  0 -9 
406 336   1  5  0 -9 
406 374  -1  4  0 -9 
406 379   1  2  0 -9 
406 380  -1  1  0 -9 
406 396   1  3  0 -9 
406 406   1  0  0 -9 
407 407  -1 -2  0 -9 
407 409   1 -1  0 -9 
407 410  -1  0  0 -9 
407 411   1  1  0 -9 
408 408   1  0  0 -9 
408 411   1  3  0 -9 
409 409   1  0  0 -9 
409 410  -1  1  0 -9 
409 411   1  2  0 -9 
409 412   1  2  0 -9 
410 411  -1  5  0 -9 
410 412   1  3  0 -9 
411 411  -1  6  0 -9 
412 410   1  3  0 -9 
412 411  -1  4  0 -9 
413 100   1  2  0 -9 
413 206   1  2  0 -9 
413 208  -1  0  0 -9 
413 211  -1  3  0 -9 
413 213   1 -1  0 -9 
413 216   1  2  0 -9 
413 319   1 -1  0 -9 
413 322   1  2  0 -9 
413 408   1 -1  0 -9 
413 411   1  2  0 -9 
413 413  -1 -2  0 -9 
413 415   1 -1  0 -9 
413 416  -1  0  0 -9 
414 101   1  2  0 -9 
414 103  -1  3  0 -9 
414 110   1  2  0 -9 
414 114  -1  3  0 -9 
414 120  -1  0  0 -9 
414 122   1 -1  0 -9 
414 123  -1  0  0 -9 
414 124   1  1  0 -9 
414 198   1  2  0 -9 
414 202  -1  3  0 -9 
414 209  -1  0  0 -9 
414 214   1 -1  0 -9 
414 215  -1  0  0 -9 
414 216   1  1  0 -9 
414 217   1  1  0 -9 
414 241  -1  0  0 -9 
414 244   1 -1  0 -9 
414 245  -1  0  0 -9 
414 246   1  1  0 -9 
414 320   1 -1  0 -9 
414 321  -1  0  0 -9 
414 322   1  1  0 -9 
414 323   1  1  0 -9 
414 397  -1  0  0 -9 
414 400   1 -1  0 -9 
414 401  -1  0  0 -9 
414 402   1  1  0 -9 
414 409   1 -1  0 -9 
414 410  -1  0  0 -9 
414 411   1  1  0 -9 
414 412   1  1  0 -9 
414 414  -1 -2  0 -9 
414 417   1 -1  0 -9 
414 418  -1  0  0 -9 
415 206   1  3  0 -9 
415 211  -1  4  0 -9 
415 415   1  0  0 -9 
415 416  -1  1  0 -9 
415 418   1  2  0 -9 
416 216  -1  4  0 -9 
416 322  -1  4  0 -9 
416 411  -1  4  0 -9 
416 418   1  3  0 -9 
417 105  -1  3  0 -9 
417 113  -1  3  0 -9 
417 118   1  2  0 -9 
417 119  -1  3  0 -9 
417 120  -1  1  0 -9 
417 123  -1  1  0 -9 
417 124   1  2  0 -9 
417 201  -1  3  0 -9 
417 211   1  5  0 -9 
417 215  -1  1  0 -9 
417 216  -1  4  1  2  0 -9 
417 217   1  2  0 -9 
417 239   1  2  0 -9 
417 240  -1  3  0 -9 
417 241  -1  1  0 -9 
417 245  -1  1  0 -9 
417 246   1  2  0 -9 
417 317  -1  3  0 -9 
417 321  -1  1  0 -9 
417 322  -1  4  1  2  0 -9 
417 323   1  2  0 -9 
417 395   1  2  0 -9 
417 396  -1  3  0 -9 
417 397  -1  1  0 -9 
417 401  -1  1  0 -9 
417 402   1  2  0 -9 
417 410  -1  1  0 -9 
417 411  -1  4  1  2  0 -9 
417 412   1  2  0 -9 
417 416   1  2  0 -9 
417 417   1  0  0 -9 
417 418  -1  1  0 -9 
418 211   1  6  0 -9 
418 216  -1  5  0 -9 
418 322  -1  5  0 -9 
418 411  -1  5  0 -9 
418 416   1  3  0 -9 
419 113  -1  2  0 -9 
419 118   1  1  0 -9 
419 120  -1  0  0 -9 
419 123  -1  0  0 -9 
419 201  -1  2  0 -9 
419 211   1  4  0 -9 
419 215  -1  0  0 -9 
419 216  -1  3  0 -9 
419 217   1  1  0 -9 
419 239   1  1  0 -9 
419 241  -1  0  0 -9 
419 242   1 -1  0 -9 
419 245  -1  0  0 -9 
419 321  -1  0  0 -9 
419 322   1  1  0 -9 
419 395   1  1  0 -9 
419 397  -1  0  0 -9 
419 398   1 -1  0 -9 
419 401  -1  0  0 -9 
419 410  -1  0  0 -9 
419 411   1  1  0 -9 
419 416   1  1  0 -9 
419 417   1 -1  0 -9 
419 418  -1  0  0 -9 
419 419  -1 -2  0 -9 
419 420   1 -1  0 -9 
420 211   1  5  0 -9 
420 216  -1  4  0 -9 
420 322   1  2  0 -9 
420 411   1  2  0 -9 
420 416   1  2  0 -9 
420 418  -1  1  0 -9 
420 420   1  0  0 -9 
421 211   1  4  0 -9 
421 216  -1  3  0 -9 
421 225  -1  3  0 -9 
421 233   1  2  0 -9 
421 235   1 -1  0 -9 
421 322   1  1  0 -9 
421 411   1  1  0 -9 
421 418  -1  0  0 -9 
421 420   1 -1  0 -9 
421 421  -1 -2  0 -9 
422 410   1  2  0 -9 
422 412  -1  1  0 -9 
422 422   1  0  0 -9 
423 201  -1  3  0 -9 
423 202   1  4  0 -9 
423 239   1  2  0 -9 
423 240  -1  3  0 -9 
423 241   1 -1  0 -9 
423 246  -1  0  0 -9 
423 411   1  2  0 -9 
423 412  -1  0  0 -9 
423 422   1 -1  0 -9 
423 423  -1 -2  0 -9 
423 424   1 -1  0 -9 
424 202   1  5  0 -9 
424 240  -1  4  0 -9 
424 245   1  2  0 -9 
424 246  -1  1  0 -9 
424 411   1  3  0 -9 
424 424   1  0  0 -9 
425 408   1 -1  0 -9 
425 411   1  2  0 -9 
425 425  -1 -2  0 -9 
425 426   1 -1  0 -9 
425 427  -1  0  0 -9 
426 426   1  0  0 -9 
426 427  -1  1  0 -9 
426 428   1  2  0 -9 
427 411  -1  4  0 -9 
427 428   1  3  0 -9 
428 411  -1  5  0 -9 
428 427   1  3  0 -9 
429 411   1  1  0 -9 
429 429  -1 -2  0 -9 
429 431   1 -1  0 -9 
429 432  -1  0  0 -9 
430 426   1 -1  0 -9 
430 427  -1  0  0 -9 
430 428   1  1  0 -9 
430 430  -1 -2  0 -9 
430 433   1 -1  0 -9 
430 434  -1  0  0 -9 
431 411   1  2  0 -9 
431 431   1  0  0 -9 
431 432  -1  1  0 -9 
431 434   1  2  0 -9 
432 411  -1  5  0 -9 
432 434   1  3  0 -9 
433 411  -1  3  0 -9 
433 427  -1  1  0 -9 
433 428   1  2  0 -9 
433 432   1  2  0 -9 
433 433   1  0  0 -9 
433 434  -1  1  0 -9 
434 411  -1  4  0 -9 
434 432   1  3  0 -9 
435 427  -1  0  0 -9 
435 432   1  1  0 -9 
435 433   1 -1  0 -9 
435 434  -1  0  0 -9 
435 435  -1 -2  0 -9 
435 436   1 -1  0 -9 
436 432   1  2  0 -9 
436 434  -1  1  0 -9 
436 436   1  0  0 -9 
437 411   1  1  0 -9 
437 428  -1  0  0 -9 
437 437  -1 -2  0 -9 
437 438   1 -1  0 -9 
438 411   1  2  0 -9 
438 427   1  2  0 -9 
438 428  -1  1  0 -9 
438 438   1  0  0 -9 
439 202   1  4  0 -9 
439 240  -1  3  0 -9 
439 246  -1  0  0 -9 
439 265  -1  3  0 -9 
439 273   1  2  0 -9 
439 275   1 -1  0 -9 
439 411   1  2  0 -9 
439 424   1 -1  0 -9 
439 434  -1  0  0 -9 
439 436   1 -1  0 -9 
439 439  -1 -2  0 -9 
9999 9999
