 0  0  -1 -2  0 -9 
 0 15   1 -1  0 -9 
 0 48  -1  0  0 -9 
 0 84   1  1  0 -9 
 1  1  -1 -2  0 -9 
 1 148   1 -1  0 -9 
 1 168  -1  0  0 -9 
 1 189   1  1  0 -9 
 2  2  -1 -2  0 -9 
 2 149   1 -1  0 -9 
 2 169  -1  0  0 -9 
 2 190   1  1  0 -9 
 3  3  -1 -2  0 -9 
 3 18   1 -1  0 -9 
 3 51  -1  0  0 -9 
 3 272  -1  0  0 -9 
 3 275   1 -1  0 -9 
 3 346  -1  0  0 -9 
 3 411   1  1  0 -9 
 4  4  -1 -2  0 -9 
 4 19   1 -1  0 -9 
 4 52  -1  0  0 -9 
 4 276   1 -1  0 -9 
 4 347  -1  0  0 -9 
 4 412   1  1  0 -9 
 5  5  -1 -2  0 -9 
 5 53  -1  0  0 -9 
 5 63   1 -1  0 -9 
 5 108  -1  2 -1  0  0 -9 
 5 273  -1  0  0 -9 
 5 277   1 -1  0 -9 
 5 287  -1  0  0 -9 
 5 311   1  1  0 -9 
 5 348  -1  0  0 -9 
 5 435   1  1  0 -9 
 5 494  -1  2  0 -9 
 5 538   1  3  0 -9 
 6  6  -1 -2  0 -9 
 6 54  -1  0  0 -9 
 6 64   1 -1  0 -9 
 6 109  -1  2 -1  0  0 -9 
 6 278   1 -1  0 -9 
 6 288  -1  0  0 -9 
 6 312   1  1  0 -9 
 6 349  -1  0  0 -9 
 6 436   1  1  0 -9 
 6 495  -1  2  0 -9 
 6 539   1  3  0 -9 
 7  7  -1 -2  0 -9 
 7 49  -1  0  0 -9 
 7 55  -1  0  0 -9 
 7 65   1 -1  0 -9 
 7 105   1  1  0 -9 
 7 110  -1  2 -1  0  0 -9 
 7 279   1 -1  0 -9 
 7 289  -1  0  0 -9 
 7 308  -1  2  0 -9 
 7 313   1  1  0 -9 
 7 350  -1  0  0 -9 
 7 437   1  1  0 -9 
 7 496  -1  2  0 -9 
 7 540   1  3  0 -9 
 8  8  -1 -2  0 -9 
 8 50  -1  0  0 -9 
 8 56  -1  0  0 -9 
 8 66   1 -1  0 -9 
 8 106   1  1  0 -9 
 8 111  -1  2 -1  0  0 -9 
 8 280   1 -1  0 -9 
 8 290  -1  0  0 -9 
 8 309  -1  2  0 -9 
 8 314   1  1  0 -9 
 8 351  -1  0  0 -9 
 8 438   1  1  0 -9 
 8 497  -1  2  0 -9 
 8 541   1  3  0 -9 
 9  9  -1 -2  0 -9 
 9 57  -1  0  0 -9 
 9 67   1 -1  0 -9 
 9 112  -1  2 -1  0  0 -9 
 9 281   1 -1  0 -9 
 9 291  -1  0  0 -9 
 9 315   1  1  0 -9 
 9 352  -1  0  0 -9 
 9 439   1  1  0 -9 
 9 498  -1  2  0 -9 
 9 542   1  3  0 -9 
10 10  -1 -2  0 -9 
10 58  -1  0  0 -9 
10 68   1 -1  0 -9 
10 113  -1  2 -1  0  0 -9 
10 274  -1  0  0 -9 
10 282   1 -1  0 -9 
10 292  -1  0  0 -9 
10 316   1  1  0 -9 
10 353  -1  0  0 -9 
10 440   1  1  0 -9 
10 499  -1  2  0 -9 
10 543   1  3  0 -9 
11 11  -1 -2  0 -9 
11 59  -1  0  0 -9 
11 170  -1  0  0 -9 
11 176   1 -1  0 -9 
11 213   1  1  0 -9 
11 225  -1  2 -1  0  0 -9 
11 283   1 -1  0 -9 
11 354  -1  0  0 -9 
11 367  -1  2  0 -9 
11 379   1  1  0 -9 
11 447   1  1  0 -9 
11 506  -1  2  0 -9 
11 636   1  3  0 -9 
12 12  -1 -2  0 -9 
12 60  -1  0  0 -9 
12 171  -1  0  0 -9 
12 172  -1  0  0 -9 
12 177   1 -1  0 -9 
12 214   1  1  0 -9 
12 215   1  1  0 -9 
12 226  -1  2 -1  0  0 -9 
12 284   1 -1  0 -9 
12 355  -1  0  0 -9 
12 368  -1  2  0 -9 
12 369  -1  2  0 -9 
12 380   1  1  0 -9 
12 448   1  1  0 -9 
12 507  -1  2  0 -9 
12 637   1  3  0 -9 
13 13  -1 -2  0 -9 
13 61  -1  0  0 -9 
13 173  -1  0  0 -9 
13 174  -1  0  0 -9 
13 178   1 -1  0 -9 
13 216   1  1  0 -9 
13 217   1  1  0 -9 
13 227  -1  2 -1  0  0 -9 
13 285   1 -1  0 -9 
13 356  -1  0  0 -9 
13 370  -1  2  0 -9 
13 371  -1  2  0 -9 
13 381   1  1  0 -9 
13 449   1  1  0 -9 
13 508  -1  2  0 -9 
13 638   1  3  0 -9 
14 14  -1 -2  0 -9 
14 62  -1  0  0 -9 
14 175  -1  0  0 -9 
14 179   1 -1  0 -9 
14 218   1  1  0 -9 
14 228  -1  2 -1  0  0 -9 
14 286   1 -1  0 -9 
14 357  -1  0  0 -9 
14 372  -1  2  0 -9 
14 382   1  1  0 -9 
14 450   1  1  0 -9 
14 509  -1  2  0 -9 
14 639   1  3  0 -9 
15 15   1  0  0 -9 
15 48  -1  1  0 -9 
15 84   1  2  0 -9 
15 272   1  2  0 -9 
16 16   1  0  0 -9 
16 49  -1  1  0 -9 
16 84   1  3  0 -9 
16 85   1  3  0 -9 
16 105  -1  4  0 -9 
16 273   1  2  0 -9 
16 308   1  5  0 -9 
17 17   1  0  0 -9 
17 50  -1  1  0 -9 
17 86   1  3  0 -9 
17 106  -1  4  0 -9 
17 274   1  2  0 -9 
17 309   1  5  0 -9 
18 18   1  0  0 -9 
18 51  -1  1  0 -9 
18 411   1  2  0 -9 
19 19   1  0  0 -9 
19 52  -1  1  0 -9 
19 412   1  2  0 -9 
20 16   1 -1  0 -9 
20 18   1 -1  0 -9 
20 20  -1 -2  0 -9 
20 30   1 -1  0 -9 
20 49  -1  0  0 -9 
20 51  -1  0  0 -9 
20 53   1 -1  0 -9 
20 84   1  2  0 -9 
20 85   1  2  0 -9 
20 87  -1  0  0 -9 
20 105  -1  3  0 -9 
20 108  -1  3  0 -9 
20 150   1 -1  0 -9 
20 170  -1  0  0 -9 
20 189   1  2  0 -9 
20 191   1  2  0 -9 
20 213  -1  3  0 -9 
20 308   1  4  0 -9 
20 367   1  4  0 -9 
20 435   1  2  0 -9 
20 494  -1  3  0 -9 
20 538   1  4  0 -9 
21 19   1 -1  0 -9 
21 21  -1 -2  0 -9 
21 31   1 -1  0 -9 
21 52  -1  0  0 -9 
21 54   1 -1  0 -9 
21 88  -1  0  0 -9 
21 109  -1  3  0 -9 
21 151   1 -1  0 -9 
21 171  -1  0  0 -9 
21 190   1  2  0 -9 
21 192   1  2  0 -9 
21 214  -1  3  0 -9 
21 368   1  4  0 -9 
21 436   1  2  0 -9 
21 495  -1  3  0 -9 
21 539   1  4  0 -9 
22 22  -1 -2  0 -9 
22 32   1 -1  0 -9 
22 55   1 -1  0 -9 
22 84   1  1  0 -9 
22 85   1  1  0 -9 
22 89  -1  0  0 -9 
22 110  -1  3  0 -9 
22 152   1 -1  0 -9 
22 172  -1  0  0 -9 
22 193   1  2  0 -9 
22 215  -1  3  0 -9 
22 369   1  4  0 -9 
22 437   1  2  0 -9 
22 496  -1  3  0 -9 
22 540   1  4  0 -9 
23 23  -1 -2  0 -9 
23 33   1 -1  0 -9 
23 56   1 -1  0 -9 
23 86   1  1  0 -9 
23 90  -1  0  0 -9 
23 111  -1  3  0 -9 
23 153   1 -1  0 -9 
23 173  -1  0  0 -9 
23 194   1  2  0 -9 
23 216  -1  3  0 -9 
23 370   1  4  0 -9 
23 438   1  2  0 -9 
23 497  -1  3  0 -9 
23 541   1  4  0 -9 
24 24  -1 -2  0 -9 
24 34   1 -1  0 -9 
24 57   1 -1  0 -9 
24 91  -1  0  0 -9 
24 112  -1  3  0 -9 
24 154   1 -1  0 -9 
24 174  -1  0  0 -9 
24 195   1  2  0 -9 
24 217  -1  3  0 -9 
24 371   1  4  0 -9 
24 439   1  2  0 -9 
24 498  -1  3  0 -9 
24 542   1  4  0 -9 
25 17   1 -1  0 -9 
25 25  -1 -2  0 -9 
25 35   1 -1  0 -9 
25 50  -1  0  0 -9 
25 58   1 -1  0 -9 
25 86   1  2  0 -9 
25 92  -1  0  0 -9 
25 106  -1  3  0 -9 
25 113  -1  3  0 -9 
25 155   1 -1  0 -9 
25 175  -1  0  0 -9 
25 196   1  2  0 -9 
25 218  -1  3  0 -9 
25 309   1  4  0 -9 
25 372   1  4  0 -9 
25 440   1  2  0 -9 
25 499  -1  3  0 -9 
25 543   1  4  0 -9 
26 26  -1 -2  0 -9 
26 59   1 -1  0 -9 
26 156   1 -1  0 -9 
26 191   1  1  0 -9 
26 201  -1  0  0 -9 
26 225  -1  3  0 -9 
26 447   1  2  0 -9 
26 506  -1  3  0 -9 
26 636   1  4  0 -9 
27 27  -1 -2  0 -9 
27 60   1 -1  0 -9 
27 157   1 -1  0 -9 
27 190   1  1  0 -9 
27 192   1  1  0 -9 
27 193   1  1  0 -9 
27 202  -1  0  0 -9 
27 226  -1  3  0 -9 
27 448   1  2  0 -9 
27 507  -1  3  0 -9 
27 637   1  4  0 -9 
28 28  -1 -2  0 -9 
28 61   1 -1  0 -9 
28 158   1 -1  0 -9 
28 194   1  1  0 -9 
28 195   1  1  0 -9 
28 203  -1  0  0 -9 
28 227  -1  3  0 -9 
28 449   1  2  0 -9 
28 508  -1  3  0 -9 
28 638   1  4  0 -9 
29 29  -1 -2  0 -9 
29 62   1 -1  0 -9 
29 159   1 -1  0 -9 
29 196   1  1  0 -9 
29 204  -1  0  0 -9 
29 228  -1  3  0 -9 
29 450   1  2  0 -9 
29 509  -1  3  0 -9 
29 639   1  4  0 -9 
30 30   1  0  0 -9 
30 87  -1  1  0 -9 
30 108  -1  4  0 -9 
30 413   1  2  0 -9 
30 538   1  5  0 -9 
31 31   1  0  0 -9 
31 88  -1  1  0 -9 
31 109  -1  4  0 -9 
31 414   1  2  0 -9 
31 539   1  5  0 -9 
32 32   1  0  0 -9 
32 84   1  2  0 -9 
32 85   1  2  0 -9 
32 89  -1  1  0 -9 
32 110  -1  4  0 -9 
32 415   1  2  0 -9 
32 540   1  5  0 -9 
33 33   1  0  0 -9 
33 86   1  2  0 -9 
33 90  -1  1  0 -9 
33 111  -1  4  0 -9 
33 416   1  2  0 -9 
33 541   1  5  0 -9 
34 34   1  0  0 -9 
34 91  -1  1  0 -9 
34 112  -1  4  0 -9 
34 417   1  2  0 -9 
34 542   1  5  0 -9 
35 35   1  0  0 -9 
35 92  -1  1  0 -9 
35 113  -1  4  0 -9 
35 418   1  2  0 -9 
35 543   1  5  0 -9 
36 36   1  0  0 -9 
36 85   1  3  0 -9 
36 93  -1  1  0 -9 
36 129  -1  4  0 -9 
36 419   1  2  0 -9 
36 544   1  5  0 -9 
37 37   1  0  0 -9 
37 85   1  2  0 -9 
37 94  -1  1  0 -9 
37 130  -1  4  0 -9 
37 420   1  2  0 -9 
37 545   1  5  0 -9 
38 38   1  0  0 -9 
38 95  -1  1  0 -9 
38 131  -1  4  0 -9 
38 421   1  2  0 -9 
38 546   1  5  0 -9 
39 39   1  0  0 -9 
39 96  -1  1  0 -9 
39 132  -1  4  0 -9 
39 422   1  2  0 -9 
39 547   1  5  0 -9 
40 30   1 -1  0 -9 
40 36   1 -1  0 -9 
40 40  -1 -2  0 -9 
40 85   1  2  0 -9 
40 87  -1  0  0 -9 
40 93  -1  0  0 -9 
40 97   1 -1  0 -9 
40 108  -1  3  0 -9 
40 129  -1  3  0 -9 
40 160   1 -1  0 -9 
40 191   1  2  0 -9 
40 197   1  2  0 -9 
40 205  -1  0  0 -9 
40 238  -1  3  0 -9 
40 460   1  2  0 -9 
40 538   1  4  0 -9 
40 544   1  4  0 -9 
40 554  -1  3  0 -9 
40 640   1  4  0 -9 
41 37   1 -1  0 -9 
41 41  -1 -2  0 -9 
41 85   1  1  0 -9 
41 94  -1  0  0 -9 
41 98   1 -1  0 -9 
41 130  -1  3  0 -9 
41 161   1 -1  0 -9 
41 198   1  2  0 -9 
41 206  -1  0  0 -9 
41 239  -1  3  0 -9 
41 461   1  2  0 -9 
41 545   1  4  0 -9 
41 555  -1  3  0 -9 
41 641   1  4  0 -9 
42 31   1 -1  0 -9 
42 42  -1 -2  0 -9 
42 88  -1  0  0 -9 
42 99   1 -1  0 -9 
42 109  -1  3  0 -9 
42 162   1 -1  0 -9 
42 192   1  2  0 -9 
42 197   1  1  0 -9 
42 207  -1  0  0 -9 
42 240  -1  3  0 -9 
42 462   1  2  0 -9 
42 539   1  4  0 -9 
42 556  -1  3  0 -9 
42 642   1  4  0 -9 
43 43  -1 -2  0 -9 
43 100   1 -1  0 -9 
43 163   1 -1  0 -9 
43 192   1  1  0 -9 
43 198   1  1  0 -9 
43 199   1  1  0 -9 
43 208  -1  0  0 -9 
43 241  -1  3  0 -9 
43 463   1  2  0 -9 
43 557  -1  3  0 -9 
43 643   1  4  0 -9 
44 44  -1 -2  0 -9 
44 101   1 -1  0 -9 
44 164   1 -1  0 -9 
44 200   1  1  0 -9 
44 209  -1  0  0 -9 
44 242  -1  3  0 -9 
44 464   1  2  0 -9 
44 558  -1  3  0 -9 
44 644   1  4  0 -9 
45 38   1 -1  0 -9 
45 45  -1 -2  0 -9 
45 95  -1  0  0 -9 
45 102   1 -1  0 -9 
45 131  -1  3  0 -9 
45 165   1 -1  0 -9 
45 199   1  2  0 -9 
45 210  -1  0  0 -9 
45 243  -1  3  0 -9 
45 465   1  2  0 -9 
45 546   1  4  0 -9 
45 559  -1  3  0 -9 
45 645   1  4  0 -9 
46 36   1 -1  0 -9 
46 39   1 -1  0 -9 
46 46  -1 -2  0 -9 
46 85   1  2  0 -9 
46 93  -1  0  0 -9 
46 96  -1  0  0 -9 
46 103   1 -1  0 -9 
46 129  -1  3  0 -9 
46 132  -1  3  0 -9 
46 166   1 -1  0 -9 
46 197   1  2  0 -9 
46 200   1  2  0 -9 
46 211  -1  0  0 -9 
46 244  -1  3  0 -9 
46 466   1  2  0 -9 
46 544   1  4  0 -9 
46 547   1  4  0 -9 
46 560  -1  3  0 -9 
46 646   1  4  0 -9 
47 47  -1 -2  0 -9 
47 104   1 -1  0 -9 
47 167   1 -1  0 -9 
47 199   1  1  0 -9 
47 212  -1  0  0 -9 
47 245  -1  3  0 -9 
47 467   1  2  0 -9 
47 561  -1  3  0 -9 
47 647   1  4  0 -9 
48 84  -1  5  0 -9 
48 272   1  3  0 -9 
49 105  -1  5  0 -9 
49 273   1  3  0 -9 
49 308   1  6  0 -9 
50 106  -1  5  0 -9 
50 274   1  3  0 -9 
50 309   1  6  0 -9 
51 84  -1  4  0 -9 
51 189  -1  4  0 -9 
51 411   1  3  0 -9 
52 190  -1  4  0 -9 
52 412   1  3  0 -9 
53 105  -1  4  0 -9 
53 108  -1  4  0 -9 
53 213  -1  4  0 -9 
53 308   1  5  0 -9 
53 367   1  5  0 -9 
53 435   1  3  0 -9 
53 494  -1  4  0 -9 
53 538   1  5  0 -9 
54 109  -1  4  0 -9 
54 214  -1  4  0 -9 
54 368   1  5  0 -9 
54 436   1  3  0 -9 
54 495  -1  4  0 -9 
54 539   1  5  0 -9 
55 110  -1  4  0 -9 
55 215  -1  4  0 -9 
55 369   1  5  0 -9 
55 437   1  3  0 -9 
55 496  -1  4  0 -9 
55 540   1  5  0 -9 
56 111  -1  4  0 -9 
56 216  -1  4  0 -9 
56 370   1  5  0 -9 
56 438   1  3  0 -9 
56 497  -1  4  0 -9 
56 541   1  5  0 -9 
57 112  -1  4  0 -9 
57 217  -1  4  0 -9 
57 371   1  5  0 -9 
57 439   1  3  0 -9 
57 498  -1  4  0 -9 
57 542   1  5  0 -9 
58 106  -1  4  0 -9 
58 113  -1  4  0 -9 
58 218  -1  4  0 -9 
58 309   1  5  0 -9 
58 372   1  5  0 -9 
58 440   1  3  0 -9 
58 499  -1  4  0 -9 
58 543   1  5  0 -9 
59 225  -1  4  0 -9 
59 447   1  3  0 -9 
59 506  -1  4  0 -9 
59 636   1  5  0 -9 
60 226  -1  4  0 -9 
60 448   1  3  0 -9 
60 507  -1  4  0 -9 
60 637   1  5  0 -9 
61 227  -1  4  0 -9 
61 449   1  3  0 -9 
61 508  -1  4  0 -9 
61 638   1  5  0 -9 
62 228  -1  4  0 -9 
62 450   1  3  0 -9 
62 509  -1  4  0 -9 
62 639   1  5  0 -9 
63 53  -1  1  0 -9 
63 63   1  0  0 -9 
63 108  -1  5 -1  3 -1  1  0 -9 
63 287  -1  1  0 -9 
63 311   1  2  0 -9 
63 435   1  2  0 -9 
63 494  -1  3  0 -9 
63 538   1  6  1  4  0 -9 
64 54  -1  1  0 -9 
64 64   1  0  0 -9 
64 109  -1  5 -1  3 -1  1  0 -9 
64 288  -1  1  0 -9 
64 312   1  2  0 -9 
64 436   1  2  0 -9 
64 495  -1  3  0 -9 
64 539   1  6  1  4  0 -9 
65 49  -1  1  0 -9 
65 55  -1  1  0 -9 
65 65   1  0  0 -9 
65 105   1  2  0 -9 
65 110  -1  5 -1  3 -1  1  0 -9 
65 273   1  2  0 -9 
65 289  -1  1  0 -9 
65 308  -1  3  0 -9 
65 313   1  2  0 -9 
65 437   1  2  0 -9 
65 496  -1  3  0 -9 
65 540   1  6  1  4  0 -9 
66 50  -1  1  0 -9 
66 56  -1  1  0 -9 
66 66   1  0  0 -9 
66 106   1  2  0 -9 
66 111  -1  5 -1  3 -1  1  0 -9 
66 274   1  2  0 -9 
66 290  -1  1  0 -9 
66 309  -1  3  0 -9 
66 314   1  2  0 -9 
66 438   1  2  0 -9 
66 497  -1  3  0 -9 
66 541   1  6  1  4  0 -9 
67 57  -1  1  0 -9 
67 67   1  0  0 -9 
67 112  -1  5 -1  3 -1  1  0 -9 
67 291  -1  1  0 -9 
67 315   1  2  0 -9 
67 439   1  2  0 -9 
67 498  -1  3  0 -9 
67 542   1  6  1  4  0 -9 
68 58  -1  1  0 -9 
68 68   1  0  0 -9 
68 113  -1  5 -1  3 -1  1  0 -9 
68 292  -1  1  0 -9 
68 316   1  2  0 -9 
68 440   1  2  0 -9 
68 499  -1  3  0 -9 
68 543   1  6  1  4  0 -9 
69 69   1  0  0 -9 
69 85   1  2  0 -9 
69 110  -1  4  0 -9 
69 114  -1  1  0 -9 
69 133  -1  4  0 -9 
69 293  -1  1  0 -9 
69 317   1  2  0 -9 
69 441   1  2  0 -9 
69 500  -1  3  0 -9 
69 540   1  5  0 -9 
69 548   1  5  0 -9 
70 70   1  0  0 -9 
70 107   1  2  0 -9 
70 111  -1  4  0 -9 
70 115  -1  1  0 -9 
70 134  -1  4  0 -9 
70 294  -1  1  0 -9 
70 310  -1  3  0 -9 
70 318   1  2  0 -9 
70 442   1  2  0 -9 
70 501  -1  3  0 -9 
70 541   1  5  0 -9 
70 549   1  5  0 -9 
71 71   1  0  0 -9 
71 112  -1  4  0 -9 
71 116  -1  1  0 -9 
71 135  -1  4  0 -9 
71 295  -1  1  0 -9 
71 319   1  2  0 -9 
71 443   1  2  0 -9 
71 502  -1  3  0 -9 
71 542   1  5  0 -9 
71 550   1  5  0 -9 
72 72   1  0  0 -9 
72 113  -1  4  0 -9 
72 117  -1  1  0 -9 
72 136  -1  4  0 -9 
72 296  -1  1  0 -9 
72 320   1  2  0 -9 
72 444   1  2  0 -9 
72 503  -1  3  0 -9 
72 543   1  5  0 -9 
72 551   1  5  0 -9 
73 73   1  0  0 -9 
73 107   1  3  0 -9 
73 118  -1  1  0 -9 
73 137  -1  4  0 -9 
73 297  -1  1  0 -9 
73 310  -1  4  0 -9 
73 321   1  2  0 -9 
73 445   1  2  0 -9 
73 504  -1  3  0 -9 
73 552   1  5  0 -9 
74 74   1  0  0 -9 
74 119  -1  1  0 -9 
74 138  -1  4  0 -9 
74 298  -1  1  0 -9 
74 322   1  2  0 -9 
74 446   1  2  0 -9 
74 505  -1  3  0 -9 
74 553   1  5  0 -9 
75 55   1 -1  0 -9 
75 69   1 -1  0 -9 
75 75  -1 -2  0 -9 
75 85   1  1  0 -9 
75 110  -1  3  0 -9 
75 114  -1  0  0 -9 
75 120   1 -1  0 -9 
75 133  -1  3  0 -9 
75 172  -1  0  0 -9 
75 180   1 -1  0 -9 
75 215  -1  3  0 -9 
75 219   1  2  0 -9 
75 229  -1  0  0 -9 
75 246  -1  3  0 -9 
75 293  -1  0  0 -9 
75 299   1 -1  0 -9 
75 317   1  1  0 -9 
75 323  -1  0  0 -9 
75 358  -1  0  0 -9 
75 369   1  4  0 -9 
75 373  -1  3  0 -9 
75 383   1  1  0 -9 
75 437   1  2  0 -9 
75 468   1  2  0 -9 
75 496  -1  3  0 -9 
75 540   1  4  0 -9 
75 548   1  4  0 -9 
75 562  -1  3  0 -9 
75 648   1  4  0 -9 
76 56   1 -1  0 -9 
76 70   1 -1  0 -9 
76 76  -1 -2  0 -9 
76 107   1  1  0 -9 
76 111  -1  3  0 -9 
76 115  -1  0  0 -9 
76 121   1 -1  0 -9 
76 134  -1  3  0 -9 
76 173  -1  0  0 -9 
76 181   1 -1  0 -9 
76 216  -1  3  0 -9 
76 220   1  2  0 -9 
76 230  -1  0  0 -9 
76 247  -1  3  0 -9 
76 294  -1  0  0 -9 
76 300   1 -1  0 -9 
76 310  -1  2  0 -9 
76 318   1  1  0 -9 
76 324  -1  0  0 -9 
76 359  -1  0  0 -9 
76 370   1  4  0 -9 
76 374  -1  3  0 -9 
76 384   1  1  0 -9 
76 438   1  2  0 -9 
76 469   1  2  0 -9 
76 497  -1  3  0 -9 
76 541   1  4  0 -9 
76 549   1  4  0 -9 
76 563  -1  3  0 -9 
76 649   1  4  0 -9 
77 60   1 -1  0 -9 
77 77  -1 -2  0 -9 
77 122   1 -1  0 -9 
77 182   1 -1  0 -9 
77 192   1  1  0 -9 
77 219   1  1  0 -9 
77 226  -1  3  0 -9 
77 231  -1  0  0 -9 
77 248  -1  3  0 -9 
77 301   1 -1  0 -9 
77 325  -1  0  0 -9 
77 360  -1  0  0 -9 
77 373  -1  2  0 -9 
77 385   1  1  0 -9 
77 448   1  2  0 -9 
77 470   1  2  0 -9 
77 507  -1  3  0 -9 
77 564  -1  3  0 -9 
77 637   1  4  0 -9 
77 650   1  4  0 -9 
78 61   1 -1  0 -9 
78 78  -1 -2  0 -9 
78 123   1 -1  0 -9 
78 183   1 -1  0 -9 
78 220   1  1  0 -9 
78 221   1  1  0 -9 
78 227  -1  3  0 -9 
78 232  -1  0  0 -9 
78 249  -1  3  0 -9 
78 302   1 -1  0 -9 
78 326  -1  0  0 -9 
78 361  -1  0  0 -9 
78 374  -1  2  0 -9 
78 375  -1  2  0 -9 
78 386   1  1  0 -9 
78 449   1  2  0 -9 
78 471   1  2  0 -9 
78 508  -1  3  0 -9 
78 565  -1  3  0 -9 
78 638   1  4  0 -9 
78 651   1  4  0 -9 
79 62   1 -1  0 -9 
79 79  -1 -2  0 -9 
79 124   1 -1  0 -9 
79 184   1 -1  0 -9 
79 222   1  1  0 -9 
79 228  -1  3  0 -9 
79 233  -1  0  0 -9 
79 250  -1  3  0 -9 
79 303   1 -1  0 -9 
79 327  -1  0  0 -9 
79 362  -1  0  0 -9 
79 376  -1  2  0 -9 
79 387   1  1  0 -9 
79 450   1  2  0 -9 
79 472   1  2  0 -9 
79 509  -1  3  0 -9 
79 566  -1  3  0 -9 
79 639   1  4  0 -9 
79 652   1  4  0 -9 
80 71   1 -1  0 -9 
80 80  -1 -2  0 -9 
80 112  -1  3  0 -9 
80 116  -1  0  0 -9 
80 125   1 -1  0 -9 
80 135  -1  3  0 -9 
80 185   1 -1  0 -9 
80 221   1  2  0 -9 
80 223   1  1  0 -9 
80 234  -1  0  0 -9 
80 251  -1  3  0 -9 
80 295  -1  0  0 -9 
80 304   1 -1  0 -9 
80 319   1  1  0 -9 
80 328  -1  0  0 -9 
80 363  -1  0  0 -9 
80 375  -1  3  0 -9 
80 377  -1  2  0 -9 
80 388   1  1  0 -9 
80 473   1  2  0 -9 
80 542   1  4  0 -9 
80 550   1  4  0 -9 
80 567  -1  3  0 -9 
80 653   1  4  0 -9 
81 72   1 -1  0 -9 
81 73   1 -1  0 -9 
81 81  -1 -2  0 -9 
81 107   1  2  0 -9 
81 113  -1  3  0 -9 
81 117  -1  0  0 -9 
81 118  -1  0  0 -9 
81 126   1 -1  0 -9 
81 136  -1  3  0 -9 
81 137  -1  3  0 -9 
81 186   1 -1  0 -9 
81 222   1  2  0 -9 
81 223   1  2  0 -9 
81 235  -1  0  0 -9 
81 252  -1  3  0 -9 
81 296  -1  0  0 -9 
81 297  -1  0  0 -9 
81 305   1 -1  0 -9 
81 310  -1  3  0 -9 
81 320   1  1  0 -9 
81 321   1  1  0 -9 
81 329  -1  0  0 -9 
81 364  -1  0  0 -9 
81 376  -1  3  0 -9 
81 377  -1  3  0 -9 
81 389   1  1  0 -9 
81 474   1  2  0 -9 
81 543   1  4  0 -9 
81 551   1  4  0 -9 
81 552   1  4  0 -9 
81 568  -1  3  0 -9 
81 654   1  4  0 -9 
82 74   1 -1  0 -9 
82 82  -1 -2  0 -9 
82 119  -1  0  0 -9 
82 127   1 -1  0 -9 
82 138  -1  3  0 -9 
82 187   1 -1  0 -9 
82 224   1  2  0 -9 
82 236  -1  0  0 -9 
82 253  -1  3  0 -9 
82 298  -1  0  0 -9 
82 306   1 -1  0 -9 
82 322   1  1  0 -9 
82 330  -1  0  0 -9 
82 365  -1  0  0 -9 
82 378  -1  3  0 -9 
82 390   1  1  0 -9 
82 475   1  2  0 -9 
82 553   1  4  0 -9 
82 569  -1  3  0 -9 
82 655   1  4  0 -9 
83 83  -1 -2  0 -9 
83 128   1 -1  0 -9 
83 188   1 -1  0 -9 
83 224   1  1  0 -9 
83 237  -1  0  0 -9 
83 254  -1  3  0 -9 
83 307   1 -1  0 -9 
83 331  -1  0  0 -9 
83 366  -1  0  0 -9 
83 378  -1  2  0 -9 
83 391   1  1  0 -9 
83 476   1  2  0 -9 
83 570  -1  3  0 -9 
83 656   1  4  0 -9 
84 84  -1  6  0 -9 
85 85  -1  6  0 -9 
86 86  -1  6  0 -9 
87 85  -1  4  0 -9 
87 108  -1  5  0 -9 
87 191  -1  4  0 -9 
87 413   1  3  0 -9 
87 538   1  6  0 -9 
88 109  -1  5  0 -9 
88 192  -1  4  0 -9 
88 414   1  3  0 -9 
88 539   1  6  0 -9 
89 84  -1  5  0 -9 
89 85  -1  5  0 -9 
89 110  -1  5  0 -9 
89 193  -1  4  0 -9 
89 415   1  3  0 -9 
89 540   1  6  0 -9 
90 86  -1  5  0 -9 
90 111  -1  5  0 -9 
90 194  -1  4  0 -9 
90 416   1  3  0 -9 
90 541   1  6  0 -9 
91 112  -1  5  0 -9 
91 195  -1  4  0 -9 
91 417   1  3  0 -9 
91 542   1  6  0 -9 
92 86  -1  4  0 -9 
92 113  -1  5  0 -9 
92 196  -1  4  0 -9 
92 418   1  3  0 -9 
92 543   1  6  0 -9 
93 129  -1  5  0 -9 
93 197  -1  4  0 -9 
93 419   1  3  0 -9 
93 544   1  6  0 -9 
94 85  -1  5  0 -9 
94 130  -1  5  0 -9 
94 198  -1  4  0 -9 
94 420   1  3  0 -9 
94 545   1  6  0 -9 
95 131  -1  5  0 -9 
95 199  -1  4  0 -9 
95 421   1  3  0 -9 
95 546   1  6  0 -9 
96 85  -1  4  0 -9 
96 132  -1  5  0 -9 
96 200  -1  4  0 -9 
96 422   1  3  0 -9 
96 547   1  6  0 -9 
97 108  -1  4  0 -9 
97 129  -1  4  0 -9 
97 238  -1  4  0 -9 
97 460   1  3  0 -9 
97 538   1  5  0 -9 
97 544   1  5  0 -9 
97 554  -1  4  0 -9 
97 640   1  5  0 -9 
98 130  -1  4  0 -9 
98 239  -1  4  0 -9 
98 461   1  3  0 -9 
98 545   1  5  0 -9 
98 555  -1  4  0 -9 
98 641   1  5  0 -9 
99 109  -1  4  0 -9 
99 240  -1  4  0 -9 
99 462   1  3  0 -9 
99 539   1  5  0 -9 
99 556  -1  4  0 -9 
99 642   1  5  0 -9 
100 241  -1  4  0 -9 
100 463   1  3  0 -9 
100 557  -1  4  0 -9 
100 643   1  5  0 -9 
101 242  -1  4  0 -9 
101 464   1  3  0 -9 
101 558  -1  4  0 -9 
101 644   1  5  0 -9 
102 131  -1  4  0 -9 
102 243  -1  4  0 -9 
102 465   1  3  0 -9 
102 546   1  5  0 -9 
102 559  -1  4  0 -9 
102 645   1  5  0 -9 
103 129  -1  4  0 -9 
103 132  -1  4  0 -9 
103 244  -1  4  0 -9 
103 466   1  3  0 -9 
103 544   1  5  0 -9 
103 547   1  5  0 -9 
103 560  -1  4  0 -9 
103 646   1  5  0 -9 
104 245  -1  4  0 -9 
104 467   1  3  0 -9 
104 561  -1  4  0 -9 
104 647   1  5  0 -9 
105 105  -1  6  0 -9 
105 308   1  7  0 -9 
106 106  -1  6  0 -9 
106 309   1  7  0 -9 
107 107  -1  6  0 -9 
107 310   1  7  0 -9 
108 108  -1  6  0 -9 
108 538   1  7  0 -9 
109 109  -1  6  0 -9 
109 539   1  7  0 -9 
110 110  -1  6  0 -9 
110 540   1  7  0 -9 
111 111  -1  6  0 -9 
111 541   1  7  0 -9 
112 112  -1  6  0 -9 
112 542   1  7  0 -9 
113 113  -1  6  0 -9 
113 543   1  7  0 -9 
114 85  -1  5  0 -9 
114 110  -1  5  0 -9 
114 133  -1  5  0 -9 
114 219  -1  4  0 -9 
114 373   1  5  0 -9 
114 441   1  3  0 -9 
114 500  -1  4  0 -9 
114 540   1  6  0 -9 
114 548   1  6  0 -9 
115 107  -1  5  0 -9 
115 111  -1  5  0 -9 
115 134  -1  5  0 -9 
115 220  -1  4  0 -9 
115 310   1  6  0 -9 
115 374   1  5  0 -9 
115 442   1  3  0 -9 
115 501  -1  4  0 -9 
115 541   1  6  0 -9 
115 549   1  6  0 -9 
116 112  -1  5  0 -9 
116 135  -1  5  0 -9 
116 221  -1  4  0 -9 
116 375   1  5  0 -9 
116 443   1  3  0 -9 
116 502  -1  4  0 -9 
116 542   1  6  0 -9 
116 550   1  6  0 -9 
117 107  -1  4  0 -9 
117 113  -1  5  0 -9 
117 136  -1  5  0 -9 
117 222  -1  4  0 -9 
117 310   1  5  0 -9 
117 376   1  5  0 -9 
117 444   1  3  0 -9 
117 503  -1  4  0 -9 
117 543   1  6  0 -9 
117 551   1  6  0 -9 
118 137  -1  5  0 -9 
118 223  -1  4  0 -9 
118 377   1  5  0 -9 
118 445   1  3  0 -9 
118 504  -1  4  0 -9 
118 552   1  6  0 -9 
119 138  -1  5  0 -9 
119 224  -1  4  0 -9 
119 378   1  5  0 -9 
119 446   1  3  0 -9 
119 505  -1  4  0 -9 
119 553   1  6  0 -9 
120 133  -1  4  0 -9 
120 246  -1  4  0 -9 
120 468   1  3  0 -9 
120 548   1  5  0 -9 
120 562  -1  4  0 -9 
120 648   1  5  0 -9 
121 134  -1  4  0 -9 
121 247  -1  4  0 -9 
121 469   1  3  0 -9 
121 549   1  5  0 -9 
121 563  -1  4  0 -9 
121 649   1  5  0 -9 
122 248  -1  4  0 -9 
122 470   1  3  0 -9 
122 564  -1  4  0 -9 
122 650   1  5  0 -9 
123 249  -1  4  0 -9 
123 471   1  3  0 -9 
123 565  -1  4  0 -9 
123 651   1  5  0 -9 
124 250  -1  4  0 -9 
124 472   1  3  0 -9 
124 566  -1  4  0 -9 
124 652   1  5  0 -9 
125 112  -1  4  0 -9 
125 135  -1  4  0 -9 
125 251  -1  4  0 -9 
125 473   1  3  0 -9 
125 542   1  5  0 -9 
125 550   1  5  0 -9 
125 567  -1  4  0 -9 
125 653   1  5  0 -9 
126 113  -1  4  0 -9 
126 136  -1  4  0 -9 
126 137  -1  4  0 -9 
126 252  -1  4  0 -9 
126 474   1  3  0 -9 
126 543   1  5  0 -9 
126 551   1  5  0 -9 
126 552   1  5  0 -9 
126 568  -1  4  0 -9 
126 654   1  5  0 -9 
127 138  -1  4  0 -9 
127 253  -1  4  0 -9 
127 475   1  3  0 -9 
127 553   1  5  0 -9 
127 569  -1  4  0 -9 
127 655   1  5  0 -9 
128 254  -1  4  0 -9 
128 476   1  3  0 -9 
128 570  -1  4  0 -9 
128 656   1  5  0 -9 
129 129  -1  6  0 -9 
129 544   1  7  0 -9 
130 130  -1  6  0 -9 
130 545   1  7  0 -9 
131 131  -1  6  0 -9 
131 546   1  7  0 -9 
132 132  -1  6  0 -9 
132 547   1  7  0 -9 
133 133  -1  6  0 -9 
133 548   1  7  0 -9 
134 134  -1  6  0 -9 
134 549   1  7  0 -9 
135 135  -1  6  0 -9 
135 550   1  7  0 -9 
136 136  -1  6  0 -9 
136 551   1  7  0 -9 
137 137  -1  6  0 -9 
137 552   1  7  0 -9 
138 138  -1  6  0 -9 
138 553   1  7  0 -9 
139 133  -1  5  0 -9 
139 255  -1  4  0 -9 
139 477   1  3  0 -9 
139 548   1  6  0 -9 
139 571  -1  4  0 -9 
139 657   1  5  0 -9 
140 135  -1  4  0 -9 
140 256  -1  4  0 -9 
140 478   1  3  0 -9 
140 550   1  5  0 -9 
140 572  -1  4  0 -9 
140 658   1  5  0 -9 
141 133  -1  4  0 -9 
141 136  -1  4  0 -9 
141 257  -1  4  0 -9 
141 479   1  3  0 -9 
141 548   1  5  0 -9 
141 551   1  5  0 -9 
141 573  -1  4  0 -9 
141 659   1  5  0 -9 
142 258  -1  4  0 -9 
142 480   1  3  0 -9 
142 574  -1  4  0 -9 
142 660   1  5  0 -9 
143 134  -1  5  0 -9 
143 259  -1  4  0 -9 
143 481   1  3  0 -9 
143 549   1  6  0 -9 
143 575  -1  4  0 -9 
143 661   1  5  0 -9 
144 135  -1  5  0 -9 
144 260  -1  4  0 -9 
144 482   1  3  0 -9 
144 550   1  6  0 -9 
144 576  -1  4  0 -9 
144 662   1  5  0 -9 
145 136  -1  5  0 -9 
145 261  -1  4  0 -9 
145 483   1  3  0 -9 
145 551   1  6  0 -9 
145 577  -1  4  0 -9 
145 663   1  5  0 -9 
146 136  -1  4  0 -9 
146 262  -1  4  0 -9 
146 484   1  3  0 -9 
146 551   1  5  0 -9 
146 578  -1  4  0 -9 
146 664   1  5  0 -9 
147 263  -1  4  0 -9 
147 485   1  3  0 -9 
147 579  -1  4  0 -9 
147 665   1  5  0 -9 
148 148   1  0  0 -9 
148 168  -1  1  0 -9 
148 189   1  2  0 -9 
148 346   1  2  0 -9 
149 149   1  0  0 -9 
149 169  -1  1  0 -9 
149 190   1  2  0 -9 
149 347   1  2  0 -9 
150 150   1  0  0 -9 
150 170  -1  1  0 -9 
150 189   1  3  0 -9 
150 191   1  3  0 -9 
150 213  -1  4  0 -9 
150 348   1  2  0 -9 
150 367   1  5  0 -9 
151 151   1  0  0 -9 
151 171  -1  1  0 -9 
151 190   1  3  0 -9 
151 192   1  3  0 -9 
151 214  -1  4  0 -9 
151 349   1  2  0 -9 
151 368   1  5  0 -9 
152 152   1  0  0 -9 
152 172  -1  1  0 -9 
152 193   1  3  0 -9 
152 215  -1  4  0 -9 
152 350   1  2  0 -9 
152 369   1  5  0 -9 
153 153   1  0  0 -9 
153 173  -1  1  0 -9 
153 194   1  3  0 -9 
153 216  -1  4  0 -9 
153 351   1  2  0 -9 
153 370   1  5  0 -9 
154 154   1  0  0 -9 
154 174  -1  1  0 -9 
154 195   1  3  0 -9 
154 217  -1  4  0 -9 
154 352   1  2  0 -9 
154 371   1  5  0 -9 
155 155   1  0  0 -9 
155 175  -1  1  0 -9 
155 196   1  3  0 -9 
155 218  -1  4  0 -9 
155 353   1  2  0 -9 
155 372   1  5  0 -9 
156 156   1  0  0 -9 
156 191   1  2  0 -9 
156 201  -1  1  0 -9 
156 225  -1  4  0 -9 
156 423   1  2  0 -9 
156 636   1  5  0 -9 
157 157   1  0  0 -9 
157 190   1  2  0 -9 
157 192   1  2  0 -9 
157 193   1  2  0 -9 
157 202  -1  1  0 -9 
157 226  -1  4  0 -9 
157 424   1  2  0 -9 
157 637   1  5  0 -9 
158 158   1  0  0 -9 
158 194   1  2  0 -9 
158 195   1  2  0 -9 
158 203  -1  1  0 -9 
158 227  -1  4  0 -9 
158 425   1  2  0 -9 
158 638   1  5  0 -9 
159 159   1  0  0 -9 
159 196   1  2  0 -9 
159 204  -1  1  0 -9 
159 228  -1  4  0 -9 
159 426   1  2  0 -9 
159 639   1  5  0 -9 
160 160   1  0  0 -9 
160 191   1  3  0 -9 
160 197   1  3  0 -9 
160 205  -1  1  0 -9 
160 238  -1  4  0 -9 
160 427   1  2  0 -9 
160 640   1  5  0 -9 
161 161   1  0  0 -9 
161 198   1  3  0 -9 
161 206  -1  1  0 -9 
161 239  -1  4  0 -9 
161 428   1  2  0 -9 
161 641   1  5  0 -9 
162 162   1  0  0 -9 
162 192   1  3  0 -9 
162 197   1  2  0 -9 
162 207  -1  1  0 -9 
162 240  -1  4  0 -9 
162 429   1  2  0 -9 
162 642   1  5  0 -9 
163 163   1  0  0 -9 
163 192   1  2  0 -9 
163 198   1  2  0 -9 
163 199   1  2  0 -9 
163 208  -1  1  0 -9 
163 241  -1  4  0 -9 
163 430   1  2  0 -9 
163 643   1  5  0 -9 
164 164   1  0  0 -9 
164 200   1  2  0 -9 
164 209  -1  1  0 -9 
164 242  -1  4  0 -9 
164 431   1  2  0 -9 
164 644   1  5  0 -9 
165 165   1  0  0 -9 
165 199   1  3  0 -9 
165 210  -1  1  0 -9 
165 243  -1  4  0 -9 
165 432   1  2  0 -9 
165 645   1  5  0 -9 
166 166   1  0  0 -9 
166 197   1  3  0 -9 
166 200   1  3  0 -9 
166 211  -1  1  0 -9 
166 244  -1  4  0 -9 
166 433   1  2  0 -9 
166 646   1  5  0 -9 
167 167   1  0  0 -9 
167 199   1  2  0 -9 
167 212  -1  1  0 -9 
167 245  -1  4  0 -9 
167 434   1  2  0 -9 
167 647   1  5  0 -9 
168 189  -1  5  0 -9 
168 346   1  3  0 -9 
169 190  -1  5  0 -9 
169 347   1  3  0 -9 
170 213  -1  5  0 -9 
170 348   1  3  0 -9 
170 367   1  6  0 -9 
171 214  -1  5  0 -9 
171 349   1  3  0 -9 
171 368   1  6  0 -9 
172 215  -1  5  0 -9 
172 350   1  3  0 -9 
172 369   1  6  0 -9 
173 216  -1  5  0 -9 
173 351   1  3  0 -9 
173 370   1  6  0 -9 
174 217  -1  5  0 -9 
174 352   1  3  0 -9 
174 371   1  6  0 -9 
175 218  -1  5  0 -9 
175 353   1  3  0 -9 
175 372   1  6  0 -9 
176 59  -1  1  0 -9 
176 170  -1  1  0 -9 
176 176   1  0  0 -9 
176 213   1  2  0 -9 
176 225  -1  5 -1  3 -1  1  0 -9 
176 348   1  2  0 -9 
176 354  -1  1  0 -9 
176 367  -1  3  0 -9 
176 379   1  2  0 -9 
176 447   1  2  0 -9 
176 506  -1  3  0 -9 
176 636   1  6  1  4  0 -9 
177 60  -1  1  0 -9 
177 171  -1  1  0 -9 
177 172  -1  1  0 -9 
177 177   1  0  0 -9 
177 214   1  2  0 -9 
177 215   1  2  0 -9 
177 226  -1  5 -1  3 -1  1  0 -9 
177 349   1  2  0 -9 
177 350   1  2  0 -9 
177 355  -1  1  0 -9 
177 368  -1  3  0 -9 
177 369  -1  3  0 -9 
177 380   1  2  0 -9 
177 448   1  2  0 -9 
177 507  -1  3  0 -9 
177 637   1  6  1  4  0 -9 
178 61  -1  1  0 -9 
178 173  -1  1  0 -9 
178 174  -1  1  0 -9 
178 178   1  0  0 -9 
178 216   1  2  0 -9 
178 217   1  2  0 -9 
178 227  -1  5 -1  3 -1  1  0 -9 
178 351   1  2  0 -9 
178 352   1  2  0 -9 
178 356  -1  1  0 -9 
178 370  -1  3  0 -9 
178 371  -1  3  0 -9 
178 381   1  2  0 -9 
178 449   1  2  0 -9 
178 508  -1  3  0 -9 
178 638   1  6  1  4  0 -9 
179 62  -1  1  0 -9 
179 175  -1  1  0 -9 
179 179   1  0  0 -9 
179 218   1  2  0 -9 
179 228  -1  5 -1  3 -1  1  0 -9 
179 353   1  2  0 -9 
179 357  -1  1  0 -9 
179 372  -1  3  0 -9 
179 382   1  2  0 -9 
179 450   1  2  0 -9 
179 509  -1  3  0 -9 
179 639   1  6  1  4  0 -9 
180 172  -1  1  0 -9 
180 180   1  0  0 -9 
180 215  -1  4  0 -9 
180 219   1  3  0 -9 
180 229  -1  1  0 -9 
180 246  -1  4  0 -9 
180 350   1  2  0 -9 
180 358  -1  1  0 -9 
180 369   1  5  0 -9 
180 373  -1  4  0 -9 
180 383   1  2  0 -9 
180 451   1  2  0 -9 
180 510  -1  3  0 -9 
180 648   1  5  0 -9 
181 173  -1  1  0 -9 
181 181   1  0  0 -9 
181 216  -1  4  0 -9 
181 220   1  3  0 -9 
181 230  -1  1  0 -9 
181 247  -1  4  0 -9 
181 351   1  2  0 -9 
181 359  -1  1  0 -9 
181 370   1  5  0 -9 
181 374  -1  4  0 -9 
181 384   1  2  0 -9 
181 452   1  2  0 -9 
181 511  -1  3  0 -9 
181 649   1  5  0 -9 
182 182   1  0  0 -9 
182 192   1  2  0 -9 
182 219   1  2  0 -9 
182 226  -1  4  0 -9 
182 231  -1  1  0 -9 
182 248  -1  4  0 -9 
182 360  -1  1  0 -9 
182 373  -1  3  0 -9 
182 385   1  2  0 -9 
182 453   1  2  0 -9 
182 512  -1  3  0 -9 
182 637   1  5  0 -9 
182 650   1  5  0 -9 
183 183   1  0  0 -9 
183 220   1  2  0 -9 
183 221   1  2  0 -9 
183 227  -1  4  0 -9 
183 232  -1  1  0 -9 
183 249  -1  4  0 -9 
183 361  -1  1  0 -9 
183 374  -1  3  0 -9 
183 375  -1  3  0 -9 
183 386   1  2  0 -9 
183 454   1  2  0 -9 
183 513  -1  3  0 -9 
183 638   1  5  0 -9 
183 651   1  5  0 -9 
184 184   1  0  0 -9 
184 222   1  2  0 -9 
184 228  -1  4  0 -9 
184 233  -1  1  0 -9 
184 250  -1  4  0 -9 
184 362  -1  1  0 -9 
184 376  -1  3  0 -9 
184 387   1  2  0 -9 
184 455   1  2  0 -9 
184 514  -1  3  0 -9 
184 639   1  5  0 -9 
184 652   1  5  0 -9 
185 185   1  0  0 -9 
185 221   1  3  0 -9 
185 223   1  2  0 -9 
185 234  -1  1  0 -9 
185 251  -1  4  0 -9 
185 363  -1  1  0 -9 
185 375  -1  4  0 -9 
185 377  -1  3  0 -9 
185 388   1  2  0 -9 
185 456   1  2  0 -9 
185 515  -1  3  0 -9 
185 653   1  5  0 -9 
186 186   1  0  0 -9 
186 222   1  3  0 -9 
186 223   1  3  0 -9 
186 235  -1  1  0 -9 
186 252  -1  4  0 -9 
186 364  -1  1  0 -9 
186 376  -1  4  0 -9 
186 377  -1  4  0 -9 
186 389   1  2  0 -9 
186 457   1  2  0 -9 
186 516  -1  3  0 -9 
186 654   1  5  0 -9 
187 187   1  0  0 -9 
187 224   1  3  0 -9 
187 236  -1  1  0 -9 
187 253  -1  4  0 -9 
187 365  -1  1  0 -9 
187 378  -1  4  0 -9 
187 390   1  2  0 -9 
187 458   1  2  0 -9 
187 517  -1  3  0 -9 
187 655   1  5  0 -9 
188 188   1  0  0 -9 
188 224   1  2  0 -9 
188 237  -1  1  0 -9 
188 254  -1  4  0 -9 
188 366  -1  1  0 -9 
188 378  -1  3  0 -9 
188 391   1  2  0 -9 
188 459   1  2  0 -9 
188 518  -1  3  0 -9 
188 656   1  5  0 -9 
189 189  -1  6  0 -9 
190 190  -1  6  0 -9 
191 191  -1  6  0 -9 
192 192  -1  6  0 -9 
193 193  -1  6  0 -9 
194 194  -1  6  0 -9 
195 195  -1  6  0 -9 
196 196  -1  6  0 -9 
197 197  -1  6  0 -9 
198 198  -1  6  0 -9 
199 199  -1  6  0 -9 
200 200  -1  6  0 -9 
201 191  -1  5  0 -9 
201 225  -1  5  0 -9 
201 423   1  3  0 -9 
201 636   1  6  0 -9 
202 190  -1  5  0 -9 
202 192  -1  5  0 -9 
202 193  -1  5  0 -9 
202 226  -1  5  0 -9 
202 424   1  3  0 -9 
202 637   1  6  0 -9 
203 194  -1  5  0 -9 
203 195  -1  5  0 -9 
203 227  -1  5  0 -9 
203 425   1  3  0 -9 
203 638   1  6  0 -9 
204 196  -1  5  0 -9 
204 228  -1  5  0 -9 
204 426   1  3  0 -9 
204 639   1  6  0 -9 
205 238  -1  5  0 -9 
205 427   1  3  0 -9 
205 640   1  6  0 -9 
206 239  -1  5  0 -9 
206 428   1  3  0 -9 
206 641   1  6  0 -9 
207 197  -1  5  0 -9 
207 240  -1  5  0 -9 
207 429   1  3  0 -9 
207 642   1  6  0 -9 
208 192  -1  5  0 -9 
208 198  -1  5  0 -9 
208 199  -1  5  0 -9 
208 241  -1  5  0 -9 
208 430   1  3  0 -9 
208 643   1  6  0 -9 
209 200  -1  5  0 -9 
209 242  -1  5  0 -9 
209 431   1  3  0 -9 
209 644   1  6  0 -9 
210 243  -1  5  0 -9 
210 432   1  3  0 -9 
210 645   1  6  0 -9 
211 244  -1  5  0 -9 
211 433   1  3  0 -9 
211 646   1  6  0 -9 
212 199  -1  5  0 -9 
212 245  -1  5  0 -9 
212 434   1  3  0 -9 
212 647   1  6  0 -9 
213 213  -1  6  0 -9 
213 367   1  7  0 -9 
214 214  -1  6  0 -9 
214 368   1  7  0 -9 
215 215  -1  6  0 -9 
215 369   1  7  0 -9 
216 216  -1  6  0 -9 
216 370   1  7  0 -9 
217 217  -1  6  0 -9 
217 371   1  7  0 -9 
218 218  -1  6  0 -9 
218 372   1  7  0 -9 
219 219  -1  6  0 -9 
219 373   1  7  0 -9 
220 220  -1  6  0 -9 
220 374   1  7  0 -9 
221 221  -1  6  0 -9 
221 375   1  7  0 -9 
222 222  -1  6  0 -9 
222 376   1  7  0 -9 
223 223  -1  6  0 -9 
223 377   1  7  0 -9 
224 224  -1  6  0 -9 
224 378   1  7  0 -9 
225 225  -1  6  0 -9 
225 636   1  7  0 -9 
226 226  -1  6  0 -9 
226 637   1  7  0 -9 
227 227  -1  6  0 -9 
227 638   1  7  0 -9 
228 228  -1  6  0 -9 
228 639   1  7  0 -9 
229 246  -1  5  0 -9 
229 451   1  3  0 -9 
229 510  -1  4  0 -9 
229 648   1  6  0 -9 
230 247  -1  5  0 -9 
230 452   1  3  0 -9 
230 511  -1  4  0 -9 
230 649   1  6  0 -9 
231 192  -1  5  0 -9 
231 219  -1  5  0 -9 
231 226  -1  5  0 -9 
231 248  -1  5  0 -9 
231 373   1  6  0 -9 
231 453   1  3  0 -9 
231 512  -1  4  0 -9 
231 637   1  6  0 -9 
231 650   1  6  0 -9 
232 220  -1  5  0 -9 
232 221  -1  5  0 -9 
232 227  -1  5  0 -9 
232 249  -1  5  0 -9 
232 374   1  6  0 -9 
232 375   1  6  0 -9 
232 454   1  3  0 -9 
232 513  -1  4  0 -9 
232 638   1  6  0 -9 
232 651   1  6  0 -9 
233 222  -1  5  0 -9 
233 228  -1  5  0 -9 
233 250  -1  5  0 -9 
233 376   1  6  0 -9 
233 455   1  3  0 -9 
233 514  -1  4  0 -9 
233 639   1  6  0 -9 
233 652   1  6  0 -9 
234 223  -1  5  0 -9 
234 251  -1  5  0 -9 
234 377   1  6  0 -9 
234 456   1  3  0 -9 
234 515  -1  4  0 -9 
234 653   1  6  0 -9 
235 252  -1  5  0 -9 
235 457   1  3  0 -9 
235 516  -1  4  0 -9 
235 654   1  6  0 -9 
236 253  -1  5  0 -9 
236 458   1  3  0 -9 
236 517  -1  4  0 -9 
236 655   1  6  0 -9 
237 224  -1  5  0 -9 
237 254  -1  5  0 -9 
237 378   1  6  0 -9 
237 459   1  3  0 -9 
237 518  -1  4  0 -9 
237 656   1  6  0 -9 
238 238  -1  6  0 -9 
238 640   1  7  0 -9 
239 239  -1  6  0 -9 
239 641   1  7  0 -9 
240 240  -1  6  0 -9 
240 642   1  7  0 -9 
241 241  -1  6  0 -9 
241 643   1  7  0 -9 
242 242  -1  6  0 -9 
242 644   1  7  0 -9 
243 243  -1  6  0 -9 
243 645   1  7  0 -9 
244 244  -1  6  0 -9 
244 646   1  7  0 -9 
245 245  -1  6  0 -9 
245 647   1  7  0 -9 
246 246  -1  6  0 -9 
246 648   1  7  0 -9 
247 247  -1  6  0 -9 
247 649   1  7  0 -9 
248 248  -1  6  0 -9 
248 650   1  7  0 -9 
249 249  -1  6  0 -9 
249 651   1  7  0 -9 
250 250  -1  6  0 -9 
250 652   1  7  0 -9 
251 251  -1  6  0 -9 
251 653   1  7  0 -9 
252 252  -1  6  0 -9 
252 654   1  7  0 -9 
253 253  -1  6  0 -9 
253 655   1  7  0 -9 
254 254  -1  6  0 -9 
254 656   1  7  0 -9 
255 255  -1  6  0 -9 
255 657   1  7  0 -9 
256 256  -1  6  0 -9 
256 658   1  7  0 -9 
257 257  -1  6  0 -9 
257 659   1  7  0 -9 
258 258  -1  6  0 -9 
258 660   1  7  0 -9 
259 259  -1  6  0 -9 
259 661   1  7  0 -9 
260 260  -1  6  0 -9 
260 662   1  7  0 -9 
261 261  -1  6  0 -9 
261 663   1  7  0 -9 
262 262  -1  6  0 -9 
262 664   1  7  0 -9 
263 263  -1  6  0 -9 
263 665   1  7  0 -9 
264 248  -1  5  0 -9 
264 255  -1  5  0 -9 
264 486   1  3  0 -9 
264 580  -1  4  0 -9 
264 650   1  6  0 -9 
264 657   1  6  0 -9 
265 256  -1  5  0 -9 
265 487   1  3  0 -9 
265 581  -1  4  0 -9 
265 658   1  6  0 -9 
266 257  -1  5  0 -9 
266 488   1  3  0 -9 
266 582  -1  4  0 -9 
266 659   1  6  0 -9 
267 249  -1  5  0 -9 
267 259  -1  5  0 -9 
267 260  -1  5  0 -9 
267 489   1  3  0 -9 
267 583  -1  4  0 -9 
267 651   1  6  0 -9 
267 661   1  6  0 -9 
267 662   1  6  0 -9 
268 250  -1  5  0 -9 
268 261  -1  5  0 -9 
268 490   1  3  0 -9 
268 584  -1  4  0 -9 
268 652   1  6  0 -9 
268 663   1  6  0 -9 
269 262  -1  5  0 -9 
269 491   1  3  0 -9 
269 585  -1  4  0 -9 
269 664   1  6  0 -9 
270 258  -1  5  0 -9 
270 260  -1  5  0 -9 
270 492   1  3  0 -9 
270 586  -1  4  0 -9 
270 660   1  6  0 -9 
270 662   1  6  0 -9 
271 263  -1  5  0 -9 
271 493   1  3  0 -9 
271 587  -1  4  0 -9 
271 665   1  6  0 -9 
272 48   1  3  0 -9 
272 84  -1  4  0 -9 
273 49   1  3  0 -9 
273 105  -1  4  0 -9 
274 50   1  3  0 -9 
274 106  -1  4  0 -9 
275 48   1  2  0 -9 
275 51  -1  1  0 -9 
275 84  -1  3  0 -9 
275 168   1  2  0 -9 
275 189  -1  3  0 -9 
275 272  -1  1  0 -9 
275 275   1  0  0 -9 
275 346  -1  1  0 -9 
275 411   1  2  0 -9 
276 52  -1  1  0 -9 
276 169   1  2  0 -9 
276 190  -1  3  0 -9 
276 276   1  0  0 -9 
276 347  -1  1  0 -9 
276 412   1  2  0 -9 
277 49   1  2  0 -9 
277 53  -1  1  0 -9 
277 105  -1  3  0 -9 
277 108  -1  3  0 -9 
277 170   1  2  0 -9 
277 213  -1  3  0 -9 
277 273  -1  1  0 -9 
277 277   1  0  0 -9 
277 287  -1  1  0 -9 
277 311   1  2  0 -9 
277 348  -1  1  0 -9 
277 435   1  2  0 -9 
277 494  -1  3  0 -9 
277 538   1  4  0 -9 
278 54  -1  1  0 -9 
278 109  -1  3  0 -9 
278 171   1  2  0 -9 
278 214  -1  3  0 -9 
278 278   1  0  0 -9 
278 288  -1  1  0 -9 
278 312   1  2  0 -9 
278 349  -1  1  0 -9 
278 436   1  2  0 -9 
278 495  -1  3  0 -9 
278 539   1  4  0 -9 
279 55  -1  1  0 -9 
279 110  -1  3  0 -9 
279 172   1  2  0 -9 
279 215  -1  3  0 -9 
279 279   1  0  0 -9 
279 289  -1  1  0 -9 
279 308  -1  3  0 -9 
279 313   1  2  0 -9 
279 350  -1  1  0 -9 
279 437   1  2  0 -9 
279 496  -1  3  0 -9 
279 540   1  4  0 -9 
280 56  -1  1  0 -9 
280 111  -1  3  0 -9 
280 173   1  2  0 -9 
280 216  -1  3  0 -9 
280 280   1  0  0 -9 
280 290  -1  1  0 -9 
280 309  -1  3  0 -9 
280 314   1  2  0 -9 
280 351  -1  1  0 -9 
280 438   1  2  0 -9 
280 497  -1  3  0 -9 
280 541   1  4  0 -9 
281 57  -1  1  0 -9 
281 112  -1  3  0 -9 
281 174   1  2  0 -9 
281 217  -1  3  0 -9 
281 281   1  0  0 -9 
281 291  -1  1  0 -9 
281 315   1  2  0 -9 
281 352  -1  1  0 -9 
281 439   1  2  0 -9 
281 498  -1  3  0 -9 
281 542   1  4  0 -9 
282 50   1  2  0 -9 
282 58  -1  1  0 -9 
282 106  -1  3  0 -9 
282 113  -1  3  0 -9 
282 175   1  2  0 -9 
282 218  -1  3  0 -9 
282 274  -1  1  0 -9 
282 282   1  0  0 -9 
282 292  -1  1  0 -9 
282 316   1  2  0 -9 
282 353  -1  1  0 -9 
282 440   1  2  0 -9 
282 499  -1  3  0 -9 
282 543   1  4  0 -9 
283 59  -1  1  0 -9 
283 225  -1  3  0 -9 
283 283   1  0  0 -9 
283 354  -1  1  0 -9 
283 367  -1  3  0 -9 
283 379   1  2  0 -9 
283 447   1  2  0 -9 
283 506  -1  3  0 -9 
283 636   1  4  0 -9 
284 60  -1  1  0 -9 
284 226  -1  3  0 -9 
284 284   1  0  0 -9 
284 355  -1  1  0 -9 
284 368  -1  3  0 -9 
284 369  -1  3  0 -9 
284 380   1  2  0 -9 
284 448   1  2  0 -9 
284 507  -1  3  0 -9 
284 637   1  4  0 -9 
285 61  -1  1  0 -9 
285 227  -1  3  0 -9 
285 285   1  0  0 -9 
285 356  -1  1  0 -9 
285 370  -1  3  0 -9 
285 371  -1  3  0 -9 
285 381   1  2  0 -9 
285 449   1  2  0 -9 
285 508  -1  3  0 -9 
285 638   1  4  0 -9 
286 62  -1  1  0 -9 
286 228  -1  3  0 -9 
286 286   1  0  0 -9 
286 357  -1  1  0 -9 
286 372  -1  3  0 -9 
286 382   1  2  0 -9 
286 450   1  2  0 -9 
286 509  -1  3  0 -9 
286 639   1  4  0 -9 
287 108  -1  4  0 -9 
287 311   1  3  0 -9 
287 494  -1  4  0 -9 
287 538   1  5  0 -9 
288 109  -1  4  0 -9 
288 312   1  3  0 -9 
288 495  -1  4  0 -9 
288 539   1  5  0 -9 
289 110  -1  4  0 -9 
289 308  -1  4  0 -9 
289 313   1  3  0 -9 
289 496  -1  4  0 -9 
289 540   1  5  0 -9 
290 111  -1  4  0 -9 
290 309  -1  4  0 -9 
290 314   1  3  0 -9 
290 497  -1  4  0 -9 
290 541   1  5  0 -9 
291 112  -1  4  0 -9 
291 315   1  3  0 -9 
291 498  -1  4  0 -9 
291 542   1  5  0 -9 
292 113  -1  4  0 -9 
292 316   1  3  0 -9 
292 499  -1  4  0 -9 
292 543   1  5  0 -9 
293 317   1  3  0 -9 
293 332  -1  4  0 -9 
293 500  -1  4  0 -9 
293 588   1  5  0 -9 
294 310  -1  4  0 -9 
294 318   1  3  0 -9 
294 333  -1  4  0 -9 
294 501  -1  4  0 -9 
294 589   1  5  0 -9 
295 319   1  3  0 -9 
295 334  -1  4  0 -9 
295 502  -1  4  0 -9 
295 590   1  5  0 -9 
296 320   1  3  0 -9 
296 335  -1  4  0 -9 
296 503  -1  4  0 -9 
296 591   1  5  0 -9 
297 321   1  3  0 -9 
297 336  -1  4  0 -9 
297 504  -1  4  0 -9 
297 592   1  5  0 -9 
298 322   1  3  0 -9 
298 337  -1  4  0 -9 
298 505  -1  4  0 -9 
298 593   1  5  0 -9 
299 293  -1  1  0 -9 
299 299   1  0  0 -9 
299 317   1  2  0 -9 
299 323  -1  1  0 -9 
299 332  -1  3  0 -9 
299 358  -1  1  0 -9 
299 383   1  2  0 -9 
299 392  -1  3  0 -9 
299 500  -1  3  0 -9 
299 510  -1  3  0 -9 
299 519   1  2  0 -9 
299 588   1  4  0 -9 
299 596  -1  3  0 -9 
299 666   1  4  0 -9 
300 294  -1  1  0 -9 
300 300   1  0  0 -9 
300 310  -1  3  0 -9 
300 318   1  2  0 -9 
300 324  -1  1  0 -9 
300 333  -1  3  0 -9 
300 359  -1  1  0 -9 
300 384   1  2  0 -9 
300 393  -1  3  0 -9 
300 501  -1  3  0 -9 
300 511  -1  3  0 -9 
300 520   1  2  0 -9 
300 589   1  4  0 -9 
300 597  -1  3  0 -9 
300 667   1  4  0 -9 
301 301   1  0  0 -9 
301 325  -1  1  0 -9 
301 360  -1  1  0 -9 
301 373  -1  3  0 -9 
301 385   1  2  0 -9 
301 394  -1  3  0 -9 
301 512  -1  3  0 -9 
301 521   1  2  0 -9 
301 598  -1  3  0 -9 
301 668   1  4  0 -9 
302 302   1  0  0 -9 
302 326  -1  1  0 -9 
302 361  -1  1  0 -9 
302 374  -1  3  0 -9 
302 375  -1  3  0 -9 
302 386   1  2  0 -9 
302 395  -1  3  0 -9 
302 513  -1  3  0 -9 
302 522   1  2  0 -9 
302 599  -1  3  0 -9 
302 669   1  4  0 -9 
303 303   1  0  0 -9 
303 327  -1  1  0 -9 
303 362  -1  1  0 -9 
303 376  -1  3  0 -9 
303 387   1  2  0 -9 
303 396  -1  3  0 -9 
303 514  -1  3  0 -9 
303 523   1  2  0 -9 
303 600  -1  3  0 -9 
303 670   1  4  0 -9 
304 295  -1  1  0 -9 
304 304   1  0  0 -9 
304 319   1  2  0 -9 
304 328  -1  1  0 -9 
304 334  -1  3  0 -9 
304 363  -1  1  0 -9 
304 377  -1  3  0 -9 
304 388   1  2  0 -9 
304 397  -1  3  0 -9 
304 502  -1  3  0 -9 
304 515  -1  3  0 -9 
304 524   1  2  0 -9 
304 590   1  4  0 -9 
304 601  -1  3  0 -9 
304 671   1  4  0 -9 
305 296  -1  1  0 -9 
305 297  -1  1  0 -9 
305 305   1  0  0 -9 
305 320   1  2  0 -9 
305 321   1  2  0 -9 
305 329  -1  1  0 -9 
305 335  -1  3  0 -9 
305 336  -1  3  0 -9 
305 364  -1  1  0 -9 
305 389   1  2  0 -9 
305 398  -1  3  0 -9 
305 503  -1  3  0 -9 
305 504  -1  3  0 -9 
305 516  -1  3  0 -9 
305 525   1  2  0 -9 
305 591   1  4  0 -9 
305 592   1  4  0 -9 
305 602  -1  3  0 -9 
305 672   1  4  0 -9 
306 298  -1  1  0 -9 
306 306   1  0  0 -9 
306 322   1  2  0 -9 
306 330  -1  1  0 -9 
306 337  -1  3  0 -9 
306 365  -1  1  0 -9 
306 390   1  2  0 -9 
306 399  -1  3  0 -9 
306 505  -1  3  0 -9 
306 517  -1  3  0 -9 
306 526   1  2  0 -9 
306 593   1  4  0 -9 
306 603  -1  3  0 -9 
306 673   1  4  0 -9 
307 307   1  0  0 -9 
307 331  -1  1  0 -9 
307 366  -1  1  0 -9 
307 378  -1  3  0 -9 
307 391   1  2  0 -9 
307 400  -1  3  0 -9 
307 518  -1  3  0 -9 
307 527   1  2  0 -9 
307 604  -1  3  0 -9 
307 674   1  4  0 -9 
308 308   1  8  0 -9 
309 309   1  8  0 -9 
310 310   1  8  0 -9 
311 108  -1  5  0 -9 
311 287   1  3  0 -9 
311 308   1  6  0 -9 
311 367   1  6  0 -9 
311 494  -1  5  0 -9 
311 538   1  6  0 -9 
312 109  -1  5  0 -9 
312 288   1  3  0 -9 
312 368   1  6  0 -9 
312 495  -1  5  0 -9 
312 539   1  6  0 -9 
313 110  -1  5  0 -9 
313 289   1  3  0 -9 
313 308   1  7  0 -9 
313 369   1  6  0 -9 
313 496  -1  5  0 -9 
313 540   1  6  0 -9 
314 111  -1  5  0 -9 
314 290   1  3  0 -9 
314 309   1  7  0 -9 
314 370   1  6  0 -9 
314 497  -1  5  0 -9 
314 541   1  6  0 -9 
315 112  -1  5  0 -9 
315 291   1  3  0 -9 
315 371   1  6  0 -9 
315 498  -1  5  0 -9 
315 542   1  6  0 -9 
316 113  -1  5  0 -9 
316 292   1  3  0 -9 
316 309   1  6  0 -9 
316 372   1  6  0 -9 
316 499  -1  5  0 -9 
316 543   1  6  0 -9 
317 293   1  3  0 -9 
317 332  -1  5  0 -9 
317 373   1  6  0 -9 
317 500  -1  5  0 -9 
317 588   1  6  0 -9 
318 294   1  3  0 -9 
318 310   1  7  0 -9 
318 333  -1  5  0 -9 
318 374   1  6  0 -9 
318 501  -1  5  0 -9 
318 589   1  6  0 -9 
319 295   1  3  0 -9 
319 334  -1  5  0 -9 
319 375   1  6  0 -9 
319 502  -1  5  0 -9 
319 590   1  6  0 -9 
320 296   1  3  0 -9 
320 310   1  6  0 -9 
320 335  -1  5  0 -9 
320 376   1  6  0 -9 
320 503  -1  5  0 -9 
320 591   1  6  0 -9 
321 297   1  3  0 -9 
321 310   1  6  0 -9 
321 336  -1  5  0 -9 
321 377   1  6  0 -9 
321 504  -1  5  0 -9 
321 592   1  6  0 -9 
322 298   1  3  0 -9 
322 337  -1  5  0 -9 
322 378   1  6  0 -9 
322 505  -1  5  0 -9 
322 593   1  6  0 -9 
323 332  -1  4  0 -9 
323 373   1  5  0 -9 
323 392  -1  4  0 -9 
323 500  -1  4  0 -9 
323 510  -1  4  0 -9 
323 519   1  3  0 -9 
323 588   1  5  0 -9 
323 596  -1  4  0 -9 
323 666   1  5  0 -9 
324 333  -1  4  0 -9 
324 374   1  5  0 -9 
324 393  -1  4  0 -9 
324 501  -1  4  0 -9 
324 511  -1  4  0 -9 
324 520   1  3  0 -9 
324 589   1  5  0 -9 
324 597  -1  4  0 -9 
324 667   1  5  0 -9 
325 394  -1  4  0 -9 
325 512  -1  4  0 -9 
325 521   1  3  0 -9 
325 598  -1  4  0 -9 
325 668   1  5  0 -9 
326 395  -1  4  0 -9 
326 513  -1  4  0 -9 
326 522   1  3  0 -9 
326 599  -1  4  0 -9 
326 669   1  5  0 -9 
327 396  -1  4  0 -9 
327 514  -1  4  0 -9 
327 523   1  3  0 -9 
327 600  -1  4  0 -9 
327 670   1  5  0 -9 
328 334  -1  4  0 -9 
328 375   1  5  0 -9 
328 397  -1  4  0 -9 
328 502  -1  4  0 -9 
328 515  -1  4  0 -9 
328 524   1  3  0 -9 
328 590   1  5  0 -9 
328 601  -1  4  0 -9 
328 671   1  5  0 -9 
329 310   1  5  0 -9 
329 335  -1  4  0 -9 
329 336  -1  4  0 -9 
329 376   1  5  0 -9 
329 377   1  5  0 -9 
329 398  -1  4  0 -9 
329 503  -1  4  0 -9 
329 504  -1  4  0 -9 
329 516  -1  4  0 -9 
329 525   1  3  0 -9 
329 591   1  5  0 -9 
329 592   1  5  0 -9 
329 602  -1  4  0 -9 
329 672   1  5  0 -9 
330 337  -1  4  0 -9 
330 378   1  5  0 -9 
330 399  -1  4  0 -9 
330 505  -1  4  0 -9 
330 517  -1  4  0 -9 
330 526   1  3  0 -9 
330 593   1  5  0 -9 
330 603  -1  4  0 -9 
330 673   1  5  0 -9 
331 400  -1  4  0 -9 
331 518  -1  4  0 -9 
331 527   1  3  0 -9 
331 604  -1  4  0 -9 
331 674   1  5  0 -9 
332 332  -1  6  0 -9 
332 588   1  7  0 -9 
333 333  -1  6  0 -9 
333 589   1  7  0 -9 
334 334  -1  6  0 -9 
334 590   1  7  0 -9 
335 335  -1  6  0 -9 
335 591   1  7  0 -9 
336 310   1  7  0 -9 
336 336  -1  6  0 -9 
336 592   1  7  0 -9 
337 337  -1  6  0 -9 
337 593   1  7  0 -9 
338 338  -1  6  0 -9 
338 594   1  7  0 -9 
339 339  -1  6  0 -9 
339 595   1  7  0 -9 
340 338  -1  5  0 -9 
340 377   1  5  0 -9 
340 401  -1  4  0 -9 
340 504  -1  4  0 -9 
340 528   1  3  0 -9 
340 594   1  6  0 -9 
340 605  -1  4  0 -9 
340 675   1  5  0 -9 
341 135  -1  4  0 -9 
341 402  -1  4  0 -9 
341 529   1  3  0 -9 
341 550   1  5  0 -9 
341 606  -1  4  0 -9 
341 676   1  5  0 -9 
342 136  -1  4  0 -9 
342 338  -1  4  0 -9 
342 403  -1  4  0 -9 
342 530   1  3  0 -9 
342 551   1  5  0 -9 
342 594   1  5  0 -9 
342 607  -1  4  0 -9 
342 677   1  5  0 -9 
343 339  -1  4  0 -9 
343 404  -1  4  0 -9 
343 531   1  3  0 -9 
343 595   1  5  0 -9 
343 608  -1  4  0 -9 
343 678   1  5  0 -9 
344 405  -1  4  0 -9 
344 532   1  3  0 -9 
344 609  -1  4  0 -9 
344 679   1  5  0 -9 
345 339  -1  5  0 -9 
345 406  -1  4  0 -9 
345 533   1  3  0 -9 
345 595   1  6  0 -9 
345 610  -1  4  0 -9 
345 680   1  5  0 -9 
346 168   1  3  0 -9 
346 189  -1  4  0 -9 
347 169   1  3  0 -9 
347 190  -1  4  0 -9 
348 170   1  3  0 -9 
348 213  -1  4  0 -9 
349 171   1  3  0 -9 
349 214  -1  4  0 -9 
350 172   1  3  0 -9 
350 215  -1  4  0 -9 
351 173   1  3  0 -9 
351 216  -1  4  0 -9 
352 174   1  3  0 -9 
352 217  -1  4  0 -9 
353 175   1  3  0 -9 
353 218  -1  4  0 -9 
354 225  -1  4  0 -9 
354 367  -1  4  0 -9 
354 379   1  3  0 -9 
354 506  -1  4  0 -9 
354 636   1  5  0 -9 
355 226  -1  4  0 -9 
355 368  -1  4  0 -9 
355 369  -1  4  0 -9 
355 380   1  3  0 -9 
355 507  -1  4  0 -9 
355 637   1  5  0 -9 
356 227  -1  4  0 -9 
356 370  -1  4  0 -9 
356 371  -1  4  0 -9 
356 381   1  3  0 -9 
356 508  -1  4  0 -9 
356 638   1  5  0 -9 
357 228  -1  4  0 -9 
357 372  -1  4  0 -9 
357 382   1  3  0 -9 
357 509  -1  4  0 -9 
357 639   1  5  0 -9 
358 383   1  3  0 -9 
358 392  -1  4  0 -9 
358 510  -1  4  0 -9 
358 666   1  5  0 -9 
359 384   1  3  0 -9 
359 393  -1  4  0 -9 
359 511  -1  4  0 -9 
359 667   1  5  0 -9 
360 373  -1  4  0 -9 
360 385   1  3  0 -9 
360 394  -1  4  0 -9 
360 512  -1  4  0 -9 
360 668   1  5  0 -9 
361 374  -1  4  0 -9 
361 375  -1  4  0 -9 
361 386   1  3  0 -9 
361 395  -1  4  0 -9 
361 513  -1  4  0 -9 
361 669   1  5  0 -9 
362 376  -1  4  0 -9 
362 387   1  3  0 -9 
362 396  -1  4  0 -9 
362 514  -1  4  0 -9 
362 670   1  5  0 -9 
363 377  -1  4  0 -9 
363 388   1  3  0 -9 
363 397  -1  4  0 -9 
363 515  -1  4  0 -9 
363 671   1  5  0 -9 
364 389   1  3  0 -9 
364 398  -1  4  0 -9 
364 516  -1  4  0 -9 
364 672   1  5  0 -9 
365 390   1  3  0 -9 
365 399  -1  4  0 -9 
365 517  -1  4  0 -9 
365 673   1  5  0 -9 
366 378  -1  4  0 -9 
366 391   1  3  0 -9 
366 400  -1  4  0 -9 
366 518  -1  4  0 -9 
366 674   1  5  0 -9 
367 367   1  8  0 -9 
368 368   1  8  0 -9 
369 369   1  8  0 -9 
370 370   1  8  0 -9 
371 371   1  8  0 -9 
372 372   1  8  0 -9 
373 373   1  8  0 -9 
374 374   1  8  0 -9 
375 375   1  8  0 -9 
376 376   1  8  0 -9 
377 377   1  8  0 -9 
378 378   1  8  0 -9 
379 225  -1  5  0 -9 
379 354   1  3  0 -9 
379 367   1  7  0 -9 
379 506  -1  5  0 -9 
379 636   1  6  0 -9 
380 226  -1  5  0 -9 
380 355   1  3  0 -9 
380 368   1  7  0 -9 
380 369   1  7  0 -9 
380 507  -1  5  0 -9 
380 637   1  6  0 -9 
381 227  -1  5  0 -9 
381 356   1  3  0 -9 
381 370   1  7  0 -9 
381 371   1  7  0 -9 
381 508  -1  5  0 -9 
381 638   1  6  0 -9 
382 228  -1  5  0 -9 
382 357   1  3  0 -9 
382 372   1  7  0 -9 
382 509  -1  5  0 -9 
382 639   1  6  0 -9 
383 358   1  3  0 -9 
383 373   1  6  0 -9 
383 392  -1  5  0 -9 
383 510  -1  5  0 -9 
383 666   1  6  0 -9 
384 359   1  3  0 -9 
384 374   1  6  0 -9 
384 393  -1  5  0 -9 
384 511  -1  5  0 -9 
384 667   1  6  0 -9 
385 360   1  3  0 -9 
385 373   1  7  0 -9 
385 394  -1  5  0 -9 
385 512  -1  5  0 -9 
385 668   1  6  0 -9 
386 361   1  3  0 -9 
386 374   1  7  0 -9 
386 375   1  7  0 -9 
386 395  -1  5  0 -9 
386 513  -1  5  0 -9 
386 669   1  6  0 -9 
387 362   1  3  0 -9 
387 376   1  7  0 -9 
387 396  -1  5  0 -9 
387 514  -1  5  0 -9 
387 670   1  6  0 -9 
388 363   1  3  0 -9 
388 375   1  6  0 -9 
388 377   1  7  0 -9 
388 397  -1  5  0 -9 
388 515  -1  5  0 -9 
388 671   1  6  0 -9 
389 364   1  3  0 -9 
389 376   1  6  0 -9 
389 377   1  6  0 -9 
389 398  -1  5  0 -9 
389 516  -1  5  0 -9 
389 672   1  6  0 -9 
390 365   1  3  0 -9 
390 378   1  6  0 -9 
390 399  -1  5  0 -9 
390 517  -1  5  0 -9 
390 673   1  6  0 -9 
391 366   1  3  0 -9 
391 378   1  7  0 -9 
391 400  -1  5  0 -9 
391 518  -1  5  0 -9 
391 674   1  6  0 -9 
392 373   1  7  0 -9 
392 392  -1  6  0 -9 
392 666   1  7  0 -9 
393 374   1  7  0 -9 
393 393  -1  6  0 -9 
393 667   1  7  0 -9 
394 394  -1  6  0 -9 
394 668   1  7  0 -9 
395 395  -1  6  0 -9 
395 669   1  7  0 -9 
396 396  -1  6  0 -9 
396 670   1  7  0 -9 
397 375   1  7  0 -9 
397 397  -1  6  0 -9 
397 671   1  7  0 -9 
398 376   1  7  0 -9 
398 377   1  7  0 -9 
398 398  -1  6  0 -9 
398 672   1  7  0 -9 
399 378   1  7  0 -9 
399 399  -1  6  0 -9 
399 673   1  7  0 -9 
400 400  -1  6  0 -9 
400 674   1  7  0 -9 
401 377   1  7  0 -9 
401 401  -1  6  0 -9 
401 675   1  7  0 -9 
402 402  -1  6  0 -9 
402 676   1  7  0 -9 
403 403  -1  6  0 -9 
403 677   1  7  0 -9 
404 404  -1  6  0 -9 
404 678   1  7  0 -9 
405 405  -1  6  0 -9 
405 679   1  7  0 -9 
406 406  -1  6  0 -9 
406 680   1  7  0 -9 
407 377   1  6  0 -9 
407 401  -1  5  0 -9 
407 402  -1  5  0 -9 
407 515  -1  4  0 -9 
407 534   1  3  0 -9 
407 611  -1  4  0 -9 
407 675   1  6  0 -9 
407 676   1  6  0 -9 
408 403  -1  5  0 -9 
408 516  -1  4  0 -9 
408 535   1  3  0 -9 
408 612  -1  4  0 -9 
408 677   1  6  0 -9 
409 404  -1  5  0 -9 
409 517  -1  4  0 -9 
409 536   1  3  0 -9 
409 613  -1  4  0 -9 
409 678   1  6  0 -9 
410 405  -1  5  0 -9 
410 406  -1  5  0 -9 
410 537   1  3  0 -9 
410 614  -1  4  0 -9 
410 679   1  6  0 -9 
410 680   1  6  0 -9 
411 51   1  3  0 -9 
411 84  -1  5  0 -9 
411 189  -1  5  0 -9 
412 52   1  3  0 -9 
412 190  -1  5  0 -9 
413 85  -1  5  0 -9 
413 87   1  3  0 -9 
413 108  -1  4  0 -9 
413 191  -1  5  0 -9 
414 88   1  3  0 -9 
414 109  -1  4  0 -9 
414 192  -1  5  0 -9 
415 84  -1  4  0 -9 
415 85  -1  4  0 -9 
415 89   1  3  0 -9 
415 110  -1  4  0 -9 
415 193  -1  5  0 -9 
416 86  -1  4  0 -9 
416 90   1  3  0 -9 
416 111  -1  4  0 -9 
416 194  -1  5  0 -9 
417 91   1  3  0 -9 
417 112  -1  4  0 -9 
417 195  -1  5  0 -9 
418 86  -1  5  0 -9 
418 92   1  3  0 -9 
418 113  -1  4  0 -9 
418 196  -1  5  0 -9 
419 93   1  3  0 -9 
419 129  -1  4  0 -9 
419 197  -1  5  0 -9 
420 85  -1  4  0 -9 
420 94   1  3  0 -9 
420 130  -1  4  0 -9 
420 198  -1  5  0 -9 
421 95   1  3  0 -9 
421 131  -1  4  0 -9 
421 199  -1  5  0 -9 
422 85  -1  5  0 -9 
422 96   1  3  0 -9 
422 132  -1  4  0 -9 
422 200  -1  5  0 -9 
423 191  -1  4  0 -9 
423 201   1  3  0 -9 
423 225  -1  4  0 -9 
424 190  -1  4  0 -9 
424 192  -1  4  0 -9 
424 193  -1  4  0 -9 
424 202   1  3  0 -9 
424 226  -1  4  0 -9 
425 194  -1  4  0 -9 
425 195  -1  4  0 -9 
425 203   1  3  0 -9 
425 227  -1  4  0 -9 
426 196  -1  4  0 -9 
426 204   1  3  0 -9 
426 228  -1  4  0 -9 
427 205   1  3  0 -9 
427 238  -1  4  0 -9 
428 206   1  3  0 -9 
428 239  -1  4  0 -9 
429 197  -1  4  0 -9 
429 207   1  3  0 -9 
429 240  -1  4  0 -9 
430 192  -1  4  0 -9 
430 198  -1  4  0 -9 
430 199  -1  4  0 -9 
430 208   1  3  0 -9 
430 241  -1  4  0 -9 
431 200  -1  4  0 -9 
431 209   1  3  0 -9 
431 242  -1  4  0 -9 
432 210   1  3  0 -9 
432 243  -1  4  0 -9 
433 211   1  3  0 -9 
433 244  -1  4  0 -9 
434 199  -1  4  0 -9 
434 212   1  3  0 -9 
434 245  -1  4  0 -9 
435 53   1  3  0 -9 
435 105  -1  5  0 -9 
435 108  -1  5  0 -9 
435 213  -1  5  0 -9 
435 308   1  6  0 -9 
435 367   1  6  0 -9 
435 494  -1  5  0 -9 
435 538   1  6  0 -9 
436 54   1  3  0 -9 
436 109  -1  5  0 -9 
436 214  -1  5  0 -9 
436 368   1  6  0 -9 
436 495  -1  5  0 -9 
436 539   1  6  0 -9 
437 55   1  3  0 -9 
437 110  -1  5  0 -9 
437 215  -1  5  0 -9 
437 369   1  6  0 -9 
437 496  -1  5  0 -9 
437 540   1  6  0 -9 
438 56   1  3  0 -9 
438 111  -1  5  0 -9 
438 216  -1  5  0 -9 
438 370   1  6  0 -9 
438 497  -1  5  0 -9 
438 541   1  6  0 -9 
439 57   1  3  0 -9 
439 112  -1  5  0 -9 
439 217  -1  5  0 -9 
439 371   1  6  0 -9 
439 498  -1  5  0 -9 
439 542   1  6  0 -9 
440 58   1  3  0 -9 
440 106  -1  5  0 -9 
440 113  -1  5  0 -9 
440 218  -1  5  0 -9 
440 309   1  6  0 -9 
440 372   1  6  0 -9 
440 499  -1  5  0 -9 
440 543   1  6  0 -9 
441 85  -1  4  0 -9 
441 110  -1  4  0 -9 
441 114   1  3  0 -9 
441 133  -1  4  0 -9 
441 219  -1  5  0 -9 
441 373   1  6  0 -9 
441 500  -1  5  0 -9 
441 588   1  6  0 -9 
442 107  -1  4  0 -9 
442 111  -1  4  0 -9 
442 115   1  3  0 -9 
442 134  -1  4  0 -9 
442 220  -1  5  0 -9 
442 374   1  6  0 -9 
442 501  -1  5  0 -9 
442 589   1  6  0 -9 
443 112  -1  4  0 -9 
443 116   1  3  0 -9 
443 135  -1  4  0 -9 
443 221  -1  5  0 -9 
443 375   1  6  0 -9 
443 502  -1  5  0 -9 
443 590   1  6  0 -9 
444 107  -1  5  0 -9 
444 113  -1  4  0 -9 
444 117   1  3  0 -9 
444 136  -1  4  0 -9 
444 222  -1  5  0 -9 
444 310   1  6  0 -9 
444 376   1  6  0 -9 
444 503  -1  5  0 -9 
444 591   1  6  0 -9 
445 118   1  3  0 -9 
445 137  -1  4  0 -9 
445 223  -1  5  0 -9 
445 377   1  6  0 -9 
445 504  -1  5  0 -9 
445 592   1  6  0 -9 
446 119   1  3  0 -9 
446 138  -1  4  0 -9 
446 224  -1  5  0 -9 
446 378   1  6  0 -9 
446 505  -1  5  0 -9 
446 593   1  6  0 -9 
447 59   1  3  0 -9 
447 225  -1  5  0 -9 
447 506  -1  5  0 -9 
447 636   1  6  0 -9 
448 60   1  3  0 -9 
448 226  -1  5  0 -9 
448 507  -1  5  0 -9 
448 637   1  6  0 -9 
449 61   1  3  0 -9 
449 227  -1  5  0 -9 
449 508  -1  5  0 -9 
449 638   1  6  0 -9 
450 62   1  3  0 -9 
450 228  -1  5  0 -9 
450 509  -1  5  0 -9 
450 639   1  6  0 -9 
451 229   1  3  0 -9 
451 246  -1  4  0 -9 
451 510  -1  5  0 -9 
451 666   1  6  0 -9 
452 230   1  3  0 -9 
452 247  -1  4  0 -9 
452 511  -1  5  0 -9 
452 667   1  6  0 -9 
453 192  -1  4  0 -9 
453 219  -1  4  0 -9 
453 226  -1  4  0 -9 
453 231   1  3  0 -9 
453 248  -1  4  0 -9 
453 512  -1  5  0 -9 
453 668   1  6  0 -9 
454 220  -1  4  0 -9 
454 221  -1  4  0 -9 
454 227  -1  4  0 -9 
454 232   1  3  0 -9 
454 249  -1  4  0 -9 
454 513  -1  5  0 -9 
454 669   1  6  0 -9 
455 222  -1  4  0 -9 
455 228  -1  4  0 -9 
455 233   1  3  0 -9 
455 250  -1  4  0 -9 
455 514  -1  5  0 -9 
455 670   1  6  0 -9 
456 223  -1  4  0 -9 
456 234   1  3  0 -9 
456 251  -1  4  0 -9 
456 515  -1  5  0 -9 
456 671   1  6  0 -9 
457 235   1  3  0 -9 
457 252  -1  4  0 -9 
457 516  -1  5  0 -9 
457 672   1  6  0 -9 
458 236   1  3  0 -9 
458 253  -1  4  0 -9 
458 517  -1  5  0 -9 
458 673   1  6  0 -9 
459 224  -1  4  0 -9 
459 237   1  3  0 -9 
459 254  -1  4  0 -9 
459 518  -1  5  0 -9 
459 674   1  6  0 -9 
460 97   1  3  0 -9 
460 108  -1  5  0 -9 
460 129  -1  5  0 -9 
460 238  -1  5  0 -9 
460 538   1  6  0 -9 
460 544   1  6  0 -9 
460 554  -1  5  0 -9 
460 640   1  6  0 -9 
461 98   1  3  0 -9 
461 130  -1  5  0 -9 
461 239  -1  5  0 -9 
461 545   1  6  0 -9 
461 555  -1  5  0 -9 
461 641   1  6  0 -9 
462 99   1  3  0 -9 
462 109  -1  5  0 -9 
462 240  -1  5  0 -9 
462 539   1  6  0 -9 
462 556  -1  5  0 -9 
462 642   1  6  0 -9 
463 100   1  3  0 -9 
463 241  -1  5  0 -9 
463 557  -1  5  0 -9 
463 643   1  6  0 -9 
464 101   1  3  0 -9 
464 242  -1  5  0 -9 
464 558  -1  5  0 -9 
464 644   1  6  0 -9 
465 102   1  3  0 -9 
465 131  -1  5  0 -9 
465 243  -1  5  0 -9 
465 546   1  6  0 -9 
465 559  -1  5  0 -9 
465 645   1  6  0 -9 
466 103   1  3  0 -9 
466 129  -1  5  0 -9 
466 132  -1  5  0 -9 
466 244  -1  5  0 -9 
466 544   1  6  0 -9 
466 547   1  6  0 -9 
466 560  -1  5  0 -9 
466 646   1  6  0 -9 
467 104   1  3  0 -9 
467 245  -1  5  0 -9 
467 561  -1  5  0 -9 
467 647   1  6  0 -9 
468 120   1  3  0 -9 
468 133  -1  5  0 -9 
468 246  -1  5  0 -9 
468 548   1  6  0 -9 
468 562  -1  5  0 -9 
468 596   1  6  0 -9 
468 648   1  6  0 -9 
469 121   1  3  0 -9 
469 134  -1  5  0 -9 
469 247  -1  5  0 -9 
469 549   1  6  0 -9 
469 563  -1  5  0 -9 
469 597   1  6  0 -9 
469 649   1  6  0 -9 
470 122   1  3  0 -9 
470 248  -1  5  0 -9 
470 564  -1  5  0 -9 
470 598   1  6  0 -9 
470 650   1  6  0 -9 
471 123   1  3  0 -9 
471 249  -1  5  0 -9 
471 565  -1  5  0 -9 
471 599   1  6  0 -9 
471 651   1  6  0 -9 
472 124   1  3  0 -9 
472 250  -1  5  0 -9 
472 566  -1  5  0 -9 
472 600   1  6  0 -9 
472 652   1  6  0 -9 
473 112  -1  5  0 -9 
473 125   1  3  0 -9 
473 135  -1  5  0 -9 
473 251  -1  5  0 -9 
473 542   1  6  0 -9 
473 550   1  6  0 -9 
473 567  -1  5  0 -9 
473 601   1  6  0 -9 
473 653   1  6  0 -9 
474 113  -1  5  0 -9 
474 126   1  3  0 -9 
474 136  -1  5  0 -9 
474 137  -1  5  0 -9 
474 252  -1  5  0 -9 
474 543   1  6  0 -9 
474 551   1  6  0 -9 
474 552   1  6  0 -9 
474 568  -1  5  0 -9 
474 602   1  6  0 -9 
474 654   1  6  0 -9 
475 127   1  3  0 -9 
475 138  -1  5  0 -9 
475 253  -1  5  0 -9 
475 553   1  6  0 -9 
475 569  -1  5  0 -9 
475 603   1  6  0 -9 
475 655   1  6  0 -9 
476 128   1  3  0 -9 
476 254  -1  5  0 -9 
476 570  -1  5  0 -9 
476 604   1  6  0 -9 
476 656   1  6  0 -9 
477 133  -1  4  0 -9 
477 139   1  3  0 -9 
477 255  -1  5  0 -9 
477 571  -1  5  0 -9 
477 615   1  6  0 -9 
477 657   1  6  0 -9 
478 135  -1  5  0 -9 
478 140   1  3  0 -9 
478 256  -1  5  0 -9 
478 550   1  6  0 -9 
478 572  -1  5  0 -9 
478 616   1  6  0 -9 
478 658   1  6  0 -9 
479 133  -1  5  0 -9 
479 136  -1  5  0 -9 
479 141   1  3  0 -9 
479 257  -1  5  0 -9 
479 548   1  6  0 -9 
479 551   1  6  0 -9 
479 573  -1  5  0 -9 
479 617   1  6  0 -9 
479 659   1  6  0 -9 
480 142   1  3  0 -9 
480 258  -1  5  0 -9 
480 574  -1  5  0 -9 
480 618   1  6  0 -9 
480 660   1  6  0 -9 
481 134  -1  4  0 -9 
481 143   1  3  0 -9 
481 259  -1  5  0 -9 
481 575  -1  5  0 -9 
481 619   1  6  0 -9 
481 661   1  6  0 -9 
482 135  -1  4  0 -9 
482 144   1  3  0 -9 
482 260  -1  5  0 -9 
482 576  -1  5  0 -9 
482 620   1  6  0 -9 
482 662   1  6  0 -9 
483 136  -1  4  0 -9 
483 145   1  3  0 -9 
483 261  -1  5  0 -9 
483 577  -1  5  0 -9 
483 621   1  6  0 -9 
483 663   1  6  0 -9 
484 136  -1  5  0 -9 
484 146   1  3  0 -9 
484 262  -1  5  0 -9 
484 551   1  6  0 -9 
484 578  -1  5  0 -9 
484 622   1  6  0 -9 
484 664   1  6  0 -9 
485 147   1  3  0 -9 
485 263  -1  5  0 -9 
485 579  -1  5  0 -9 
485 623   1  6  0 -9 
485 665   1  6  0 -9 
486 248  -1  4  0 -9 
486 255  -1  4  0 -9 
486 264   1  3  0 -9 
486 580  -1  5  0 -9 
486 681   1  6  0 -9 
487 256  -1  4  0 -9 
487 265   1  3  0 -9 
487 581  -1  5  0 -9 
487 682   1  6  0 -9 
488 257  -1  4  0 -9 
488 266   1  3  0 -9 
488 582  -1  5  0 -9 
488 683   1  6  0 -9 
489 249  -1  4  0 -9 
489 259  -1  4  0 -9 
489 260  -1  4  0 -9 
489 267   1  3  0 -9 
489 583  -1  5  0 -9 
489 684   1  6  0 -9 
490 250  -1  4  0 -9 
490 261  -1  4  0 -9 
490 268   1  3  0 -9 
490 584  -1  5  0 -9 
490 685   1  6  0 -9 
491 262  -1  4  0 -9 
491 269   1  3  0 -9 
491 585  -1  5  0 -9 
491 686   1  6  0 -9 
492 258  -1  4  0 -9 
492 260  -1  4  0 -9 
492 270   1  3  0 -9 
492 586  -1  5  0 -9 
492 687   1  6  0 -9 
493 263  -1  4  0 -9 
493 271   1  3  0 -9 
493 587  -1  5  0 -9 
493 688   1  6  0 -9 
494 308   1  7  0 -9 
494 367   1  7  0 -9 
494 494  -1  6  0 -9 
494 538   1  7  0 -9 
495 368   1  7  0 -9 
495 495  -1  6  0 -9 
495 539   1  7  0 -9 
496 369   1  7  0 -9 
496 496  -1  6  0 -9 
496 540   1  7  0 -9 
497 370   1  7  0 -9 
497 497  -1  6  0 -9 
497 541   1  7  0 -9 
498 371   1  7  0 -9 
498 498  -1  6  0 -9 
498 542   1  7  0 -9 
499 309   1  7  0 -9 
499 372   1  7  0 -9 
499 499  -1  6  0 -9 
499 543   1  7  0 -9 
500 373   1  7  0 -9 
500 500  -1  6  0 -9 
500 588   1  7  0 -9 
501 374   1  7  0 -9 
501 501  -1  6  0 -9 
501 589   1  7  0 -9 
502 375   1  7  0 -9 
502 502  -1  6  0 -9 
502 590   1  7  0 -9 
503 310   1  7  0 -9 
503 376   1  7  0 -9 
503 503  -1  6  0 -9 
503 591   1  7  0 -9 
504 377   1  7  0 -9 
504 504  -1  6  0 -9 
504 592   1  7  0 -9 
505 378   1  7  0 -9 
505 505  -1  6  0 -9 
505 593   1  7  0 -9 
506 506  -1  6  0 -9 
506 636   1  7  0 -9 
507 507  -1  6  0 -9 
507 637   1  7  0 -9 
508 508  -1  6  0 -9 
508 638   1  7  0 -9 
509 509  -1  6  0 -9 
509 639   1  7  0 -9 
510 510  -1  6  0 -9 
510 666   1  7  0 -9 
511 511  -1  6  0 -9 
511 667   1  7  0 -9 
512 512  -1  6  0 -9 
512 668   1  7  0 -9 
513 513  -1  6  0 -9 
513 669   1  7  0 -9 
514 514  -1  6  0 -9 
514 670   1  7  0 -9 
515 515  -1  6  0 -9 
515 671   1  7  0 -9 
516 516  -1  6  0 -9 
516 672   1  7  0 -9 
517 517  -1  6  0 -9 
517 673   1  7  0 -9 
518 518  -1  6  0 -9 
518 674   1  7  0 -9 
519 323   1  3  0 -9 
519 332  -1  5  0 -9 
519 373   1  6  0 -9 
519 392  -1  5  0 -9 
519 500  -1  5  0 -9 
519 510  -1  5  0 -9 
519 588   1  6  0 -9 
519 596   1  7  0 -9 
519 666   1  6  0 -9 
520 324   1  3  0 -9 
520 333  -1  5  0 -9 
520 374   1  6  0 -9 
520 393  -1  5  0 -9 
520 501  -1  5  0 -9 
520 511  -1  5  0 -9 
520 589   1  6  0 -9 
520 597   1  7  0 -9 
520 667   1  6  0 -9 
521 325   1  3  0 -9 
521 394  -1  5  0 -9 
521 512  -1  5  0 -9 
521 598   1  7  0 -9 
521 668   1  6  0 -9 
522 326   1  3  0 -9 
522 395  -1  5  0 -9 
522 513  -1  5  0 -9 
522 599   1  7  0 -9 
522 669   1  6  0 -9 
523 327   1  3  0 -9 
523 396  -1  5  0 -9 
523 514  -1  5  0 -9 
523 600   1  7  0 -9 
523 670   1  6  0 -9 
524 328   1  3  0 -9 
524 334  -1  5  0 -9 
524 375   1  6  0 -9 
524 397  -1  5  0 -9 
524 502  -1  5  0 -9 
524 515  -1  5  0 -9 
524 590   1  6  0 -9 
524 601   1  7  0 -9 
524 671   1  6  0 -9 
525 310   1  6  0 -9 
525 329   1  3  0 -9 
525 335  -1  5  0 -9 
525 336  -1  5  0 -9 
525 376   1  6  0 -9 
525 377   1  6  0 -9 
525 398  -1  5  0 -9 
525 503  -1  5  0 -9 
525 504  -1  5  0 -9 
525 516  -1  5  0 -9 
525 591   1  6  0 -9 
525 592   1  6  0 -9 
525 602   1  7  0 -9 
525 672   1  6  0 -9 
526 330   1  3  0 -9 
526 337  -1  5  0 -9 
526 378   1  6  0 -9 
526 399  -1  5  0 -9 
526 505  -1  5  0 -9 
526 517  -1  5  0 -9 
526 593   1  6  0 -9 
526 603   1  7  0 -9 
526 673   1  6  0 -9 
527 331   1  3  0 -9 
527 400  -1  5  0 -9 
527 518  -1  5  0 -9 
527 604   1  7  0 -9 
527 674   1  6  0 -9 
528 338  -1  4  0 -9 
528 340   1  3  0 -9 
528 377   1  6  0 -9 
528 401  -1  5  0 -9 
528 504  -1  5  0 -9 
528 592   1  6  0 -9 
528 605  -1  5  0 -9 
528 624   1  6  0 -9 
528 675   1  6  0 -9 
529 135  -1  5  0 -9 
529 341   1  3  0 -9 
529 402  -1  5  0 -9 
529 550   1  6  0 -9 
529 601   1  6  0 -9 
529 606  -1  5  0 -9 
529 625   1  6  0 -9 
529 676   1  6  0 -9 
530 136  -1  5  0 -9 
530 338  -1  5  0 -9 
530 342   1  3  0 -9 
530 403  -1  5  0 -9 
530 551   1  6  0 -9 
530 594   1  6  0 -9 
530 602   1  6  0 -9 
530 607  -1  5  0 -9 
530 626   1  6  0 -9 
530 677   1  6  0 -9 
531 339  -1  5  0 -9 
531 343   1  3  0 -9 
531 404  -1  5  0 -9 
531 595   1  6  0 -9 
531 603   1  6  0 -9 
531 608  -1  5  0 -9 
531 627   1  6  0 -9 
531 678   1  6  0 -9 
532 344   1  3  0 -9 
532 405  -1  5  0 -9 
532 604   1  6  0 -9 
532 609  -1  5  0 -9 
532 628   1  6  0 -9 
532 679   1  6  0 -9 
533 339  -1  4  0 -9 
533 345   1  3  0 -9 
533 406  -1  5  0 -9 
533 610  -1  5  0 -9 
533 629   1  6  0 -9 
533 680   1  6  0 -9 
534 401  -1  4  0 -9 
534 402  -1  4  0 -9 
534 407   1  3  0 -9 
534 515  -1  5  0 -9 
534 611  -1  5  0 -9 
534 671   1  6  0 -9 
534 689   1  6  0 -9 
535 403  -1  4  0 -9 
535 408   1  3  0 -9 
535 516  -1  5  0 -9 
535 612  -1  5  0 -9 
535 672   1  6  0 -9 
535 690   1  6  0 -9 
536 404  -1  4  0 -9 
536 409   1  3  0 -9 
536 517  -1  5  0 -9 
536 613  -1  5  0 -9 
536 673   1  6  0 -9 
536 691   1  6  0 -9 
537 405  -1  4  0 -9 
537 406  -1  4  0 -9 
537 410   1  3  0 -9 
537 614  -1  5  0 -9 
537 692   1  6  0 -9 
538 538   1  8  0 -9 
539 539   1  8  0 -9 
540 540   1  8  0 -9 
541 541   1  8  0 -9 
542 542   1  8  0 -9 
543 543   1  8  0 -9 
544 544   1  8  0 -9 
545 545   1  8  0 -9 
546 546   1  8  0 -9 
547 547   1  8  0 -9 
548 548   1  8  0 -9 
549 549   1  8  0 -9 
550 550   1  8  0 -9 
551 551   1  8  0 -9 
552 552   1  8  0 -9 
553 553   1  8  0 -9 
554 538   1  7  0 -9 
554 544   1  7  0 -9 
554 554  -1  6  0 -9 
554 640   1  7  0 -9 
555 545   1  7  0 -9 
555 555  -1  6  0 -9 
555 641   1  7  0 -9 
556 539   1  7  0 -9 
556 556  -1  6  0 -9 
556 642   1  7  0 -9 
557 557  -1  6  0 -9 
557 643   1  7  0 -9 
558 558  -1  6  0 -9 
558 644   1  7  0 -9 
559 546   1  7  0 -9 
559 559  -1  6  0 -9 
559 645   1  7  0 -9 
560 544   1  7  0 -9 
560 547   1  7  0 -9 
560 560  -1  6  0 -9 
560 646   1  7  0 -9 
561 561  -1  6  0 -9 
561 647   1  7  0 -9 
562 548   1  7  0 -9 
562 562  -1  6  0 -9 
562 596   1  7  0 -9 
562 648   1  7  0 -9 
563 549   1  7  0 -9 
563 563  -1  6  0 -9 
563 597   1  7  0 -9 
563 649   1  7  0 -9 
564 564  -1  6  0 -9 
564 598   1  7  0 -9 
564 650   1  7  0 -9 
565 565  -1  6  0 -9 
565 599   1  7  0 -9 
565 651   1  7  0 -9 
566 566  -1  6  0 -9 
566 600   1  7  0 -9 
566 652   1  7  0 -9 
567 542   1  7  0 -9 
567 550   1  7  0 -9 
567 567  -1  6  0 -9 
567 601   1  7  0 -9 
567 653   1  7  0 -9 
568 543   1  7  0 -9 
568 551   1  7  0 -9 
568 552   1  7  0 -9 
568 568  -1  6  0 -9 
568 602   1  7  0 -9 
568 654   1  7  0 -9 
569 553   1  7  0 -9 
569 569  -1  6  0 -9 
569 603   1  7  0 -9 
569 655   1  7  0 -9 
570 570  -1  6  0 -9 
570 604   1  7  0 -9 
570 656   1  7  0 -9 
571 571  -1  6  0 -9 
571 615   1  7  0 -9 
571 657   1  7  0 -9 
572 550   1  7  0 -9 
572 572  -1  6  0 -9 
572 616   1  7  0 -9 
572 658   1  7  0 -9 
573 548   1  7  0 -9 
573 551   1  7  0 -9 
573 573  -1  6  0 -9 
573 617   1  7  0 -9 
573 659   1  7  0 -9 
574 574  -1  6  0 -9 
574 618   1  7  0 -9 
574 660   1  7  0 -9 
575 575  -1  6  0 -9 
575 619   1  7  0 -9 
575 661   1  7  0 -9 
576 576  -1  6  0 -9 
576 620   1  7  0 -9 
576 662   1  7  0 -9 
577 577  -1  6  0 -9 
577 621   1  7  0 -9 
577 663   1  7  0 -9 
578 551   1  7  0 -9 
578 578  -1  6  0 -9 
578 622   1  7  0 -9 
578 664   1  7  0 -9 
579 579  -1  6  0 -9 
579 623   1  7  0 -9 
579 665   1  7  0 -9 
580 580  -1  6  0 -9 
580 681   1  7  0 -9 
581 581  -1  6  0 -9 
581 682   1  7  0 -9 
582 582  -1  6  0 -9 
582 683   1  7  0 -9 
583 583  -1  6  0 -9 
583 684   1  7  0 -9 
584 584  -1  6  0 -9 
584 685   1  7  0 -9 
585 585  -1  6  0 -9 
585 686   1  7  0 -9 
586 586  -1  6  0 -9 
586 687   1  7  0 -9 
587 587  -1  6  0 -9 
587 688   1  7  0 -9 
588 588   1  8  0 -9 
589 589   1  8  0 -9 
590 590   1  8  0 -9 
591 591   1  8  0 -9 
592 592   1  8  0 -9 
593 593   1  8  0 -9 
594 594   1  8  0 -9 
595 595   1  8  0 -9 
596 596   1  8  0 -9 
597 597   1  8  0 -9 
598 598   1  8  0 -9 
599 599   1  8  0 -9 
600 600   1  8  0 -9 
601 601   1  8  0 -9 
602 602   1  8  0 -9 
603 603   1  8  0 -9 
604 604   1  8  0 -9 
605 605  -1  6  0 -9 
605 624   1  7  0 -9 
605 675   1  7  0 -9 
606 550   1  7  0 -9 
606 601   1  7  0 -9 
606 606  -1  6  0 -9 
606 625   1  7  0 -9 
606 676   1  7  0 -9 
607 551   1  7  0 -9 
607 594   1  7  0 -9 
607 602   1  7  0 -9 
607 607  -1  6  0 -9 
607 626   1  7  0 -9 
607 677   1  7  0 -9 
608 595   1  7  0 -9 
608 603   1  7  0 -9 
608 608  -1  6  0 -9 
608 627   1  7  0 -9 
608 678   1  7  0 -9 
609 604   1  7  0 -9 
609 609  -1  6  0 -9 
609 628   1  7  0 -9 
609 679   1  7  0 -9 
610 610  -1  6  0 -9 
610 629   1  7  0 -9 
610 680   1  7  0 -9 
611 611  -1  6  0 -9 
611 689   1  7  0 -9 
612 612  -1  6  0 -9 
612 690   1  7  0 -9 
613 613  -1  6  0 -9 
613 691   1  7  0 -9 
614 614  -1  6  0 -9 
614 692   1  7  0 -9 
615 615   1  8  0 -9 
616 616   1  8  0 -9 
617 617   1  8  0 -9 
618 618   1  8  0 -9 
619 619   1  8  0 -9 
620 620   1  8  0 -9 
621 621   1  8  0 -9 
622 622   1  8  0 -9 
623 623   1  8  0 -9 
624 624   1  8  0 -9 
625 625   1  8  0 -9 
626 626   1  8  0 -9 
627 627   1  8  0 -9 
628 628   1  8  0 -9 
629 629   1  8  0 -9 
630 625   1  7  0 -9 
630 630  -1  6  0 -9 
630 693   1  7  0 -9 
631 626   1  7  0 -9 
631 631  -1  6  0 -9 
631 694   1  7  0 -9 
632 632  -1  6  0 -9 
632 695   1  7  0 -9 
633 633  -1  6  0 -9 
633 696   1  7  0 -9 
634 627   1  7  0 -9 
634 634  -1  6  0 -9 
634 697   1  7  0 -9 
635 628   1  7  0 -9 
635 635  -1  6  0 -9 
635 698   1  7  0 -9 
636 636   1  8  0 -9 
637 637   1  8  0 -9 
638 638   1  8  0 -9 
639 639   1  8  0 -9 
640 640   1  8  0 -9 
641 641   1  8  0 -9 
642 642   1  8  0 -9 
643 643   1  8  0 -9 
644 644   1  8  0 -9 
645 645   1  8  0 -9 
646 646   1  8  0 -9 
647 647   1  8  0 -9 
648 648   1  8  0 -9 
649 649   1  8  0 -9 
650 650   1  8  0 -9 
651 651   1  8  0 -9 
652 652   1  8  0 -9 
653 653   1  8  0 -9 
654 654   1  8  0 -9 
655 655   1  8  0 -9 
656 656   1  8  0 -9 
657 657   1  8  0 -9 
658 658   1  8  0 -9 
659 659   1  8  0 -9 
660 660   1  8  0 -9 
661 661   1  8  0 -9 
662 662   1  8  0 -9 
663 663   1  8  0 -9 
664 664   1  8  0 -9 
665 665   1  8  0 -9 
666 666   1  8  0 -9 
667 667   1  8  0 -9 
668 668   1  8  0 -9 
669 669   1  8  0 -9 
670 670   1  8  0 -9 
671 671   1  8  0 -9 
672 672   1  8  0 -9 
673 673   1  8  0 -9 
674 674   1  8  0 -9 
675 675   1  8  0 -9 
676 676   1  8  0 -9 
677 677   1  8  0 -9 
678 678   1  8  0 -9 
679 679   1  8  0 -9 
680 680   1  8  0 -9 
681 681   1  8  0 -9 
682 682   1  8  0 -9 
683 683   1  8  0 -9 
684 684   1  8  0 -9 
685 685   1  8  0 -9 
686 686   1  8  0 -9 
687 687   1  8  0 -9 
688 688   1  8  0 -9 
689 689   1  8  0 -9 
690 690   1  8  0 -9 
691 691   1  8  0 -9 
692 692   1  8  0 -9 
693 693   1  8  0 -9 
694 694   1  8  0 -9 
695 695   1  8  0 -9 
696 696   1  8  0 -9 
697 697   1  8  0 -9 
698 698   1  8  0 -9 
9999 9999
