 0  0  -1 -2  0 -9 
 1  1  -1 -2  0 -9 
 2  2  -1 -2  0 -9 
 3  3  -1 -2  0 -9 
 4  4  -1 -2  0 -9 
 5  5  -1 -2  0 -9 
 6  6  -1 -2  0 -9 
 7  7  -1 -2  0 -9 
 8  8  -1 -2  0 -9 
 9  9  -1 -2  0 -9 
 9 64   1 -1  0 -9 
10 10  -1 -2  0 -9 
10 65   1 -1  0 -9 
11 11  -1 -2  0 -9 
11 66   1 -1  0 -9 
12 12  -1 -2  0 -9 
12 67   1 -1  0 -9 
13 13  -1 -2  0 -9 
13 68   1 -1  0 -9 
14 14  -1 -2  0 -9 
14 69   1 -1  0 -9 
15 15  -1 -2  0 -9 
15 70   1 -1  0 -9 
16 16  -1 -2  0 -9 
16 71   1 -1  0 -9 
17 17  -1 -2  0 -9 
17 72   1 -1  0 -9 
18 18  -1 -2  0 -9 
18 85   1 -1  0 -9 
18 100  -1  0  0 -9 
19 19  -1 -2  0 -9 
19 86   1 -1  0 -9 
19 101  -1  0  0 -9 
20 20  -1 -2  0 -9 
20 87   1 -1  0 -9 
20 102  -1  0  0 -9 
21 21  -1 -2  0 -9 
21 88   1 -1  0 -9 
21 103  -1  0  0 -9 
22 22  -1 -2  0 -9 
22 89   1 -1  0 -9 
22 104  -1  0  0 -9 
23 23  -1 -2  0 -9 
23 90   1 -1  0 -9 
23 105  -1  0  0 -9 
24 24  -1 -2  0 -9 
24 118   1 -1  0 -9 
25 25  -1 -2  0 -9 
25 119   1 -1  0 -9 
26 26  -1 -2  0 -9 
26 120   1 -1  0 -9 
27 27  -1 -2  0 -9 
27 121   1 -1  0 -9 
28 28  -1 -2  0 -9 
28 122   1 -1  0 -9 
29 29  -1 -2  0 -9 
29 123   1 -1  0 -9 
30 30  -1 -2  0 -9 
30 124   1 -1  0 -9 
31 31  -1 -2  0 -9 
31 125   1 -1  0 -9 
32 32  -1 -2  0 -9 
32 136   1 -1  0 -9 
32 151  -1  0  0 -9 
33 33  -1 -2  0 -9 
33 137   1 -1  0 -9 
33 152  -1  0  0 -9 
34 34  -1 -2  0 -9 
34 138   1 -1  0 -9 
34 153  -1  0  0 -9 
35 35  -1 -2  0 -9 
35 139   1 -1  0 -9 
35 154  -1  0  0 -9 
36 36  -1 -2  0 -9 
36 140   1 -1  0 -9 
36 155  -1  0  0 -9 
36 166   1  1  0 -9 
37 37  -1 -2  0 -9 
37 141   1 -1  0 -9 
37 156  -1  0  0 -9 
37 167   1  1  0 -9 
38 38  -1 -2  0 -9 
38 142   1 -1  0 -9 
38 157  -1  0  0 -9 
38 168   1  1  0 -9 
39 39  -1 -2  0 -9 
39 143   1 -1  0 -9 
39 158  -1  0  0 -9 
39 169   1  1  0 -9 
40 40  -1 -2  0 -9 
40 144   1 -1  0 -9 
40 159  -1  0  0 -9 
40 170   1  1  0 -9 
41 41  -1 -2  0 -9 
41 145   1 -1  0 -9 
41 160  -1  0  0 -9 
41 171   1  1  0 -9 
42 42  -1 -2  0 -9 
42 178   1 -1  0 -9 
42 193  -1  0  0 -9 
43 43  -1 -2  0 -9 
43 179   1 -1  0 -9 
43 194  -1  0  0 -9 
44 44  -1 -2  0 -9 
44 180   1 -1  0 -9 
44 195  -1  0  0 -9 
45 45  -1 -2  0 -9 
45 181   1 -1  0 -9 
45 196  -1  0  0 -9 
46 46  -1 -2  0 -9 
46 182   1 -1  0 -9 
46 197  -1  0  0 -9 
47 47  -1 -2  0 -9 
47 183   1 -1  0 -9 
47 198  -1  0  0 -9 
48 48  -1 -2  0 -9 
48 105  -1  0  0 -9 
48 115   1 -1  0 -9 
48 184   1 -1  0 -9 
48 208  -1  0  0 -9 
48 211   1  1  0 -9 
49 49  -1 -2  0 -9 
49 185   1 -1  0 -9 
49 214  -1  0  0 -9 
50 50  -1 -2  0 -9 
50 186   1 -1  0 -9 
50 215  -1  0  0 -9 
51 51  -1 -2  0 -9 
51 187   1 -1  0 -9 
51 216  -1  0  0 -9 
52 52  -1 -2  0 -9 
52 188   1 -1  0 -9 
52 217  -1  0  0 -9 
53 53  -1 -2  0 -9 
53 161  -1  0  0 -9 
53 163   1 -1  0 -9 
53 175   1  1  0 -9 
53 189   1 -1  0 -9 
53 226  -1  0  0 -9 
53 229   1  1  0 -9 
53 231  -1  2  0 -9 
54 54  -1 -2  0 -9 
54 154  -1  0  0 -9 
54 162  -1  0  0 -9 
54 164   1 -1  0 -9 
54 176   1  1  0 -9 
54 190   1 -1  0 -9 
54 227  -1  0  0 -9 
54 230   1  1  0 -9 
54 232  -1  2  0 -9 
55 55  -1 -2  0 -9 
55 91   1 -1  0 -9 
55 106  -1  0  0 -9 
55 194  -1  0  0 -9 
55 199   1 -1  0 -9 
55 218  -1  0  0 -9 
55 234   1  1  0 -9 
56 56  -1 -2  0 -9 
56 92   1 -1  0 -9 
56 107  -1  0  0 -9 
56 195  -1  0  0 -9 
56 200   1 -1  0 -9 
56 219  -1  0  0 -9 
56 235   1  1  0 -9 
57 57  -1 -2  0 -9 
57 93   1 -1  0 -9 
57 108  -1  0  0 -9 
57 201   1 -1  0 -9 
57 220  -1  0  0 -9 
57 236   1  1  0 -9 
58 58  -1 -2  0 -9 
58 94   1 -1  0 -9 
58 109  -1  0  0 -9 
58 202   1 -1  0 -9 
58 221  -1  0  0 -9 
58 237   1  1  0 -9 
59 59  -1 -2  0 -9 
59 95   1 -1  0 -9 
59 110  -1  0  0 -9 
59 196  -1  0  0 -9 
59 203   1 -1  0 -9 
59 222  -1  0  0 -9 
59 238   1  1  0 -9 
60 60  -1 -2  0 -9 
60 96   1 -1  0 -9 
60 111  -1  0  0 -9 
60 197  -1  0  0 -9 
60 204   1 -1  0 -9 
60 223  -1  0  0 -9 
60 239   1  1  0 -9 
61 61  -1 -2  0 -9 
61 112  -1  0  0 -9 
61 116   1 -1  0 -9 
61 205   1 -1  0 -9 
61 209  -1  0  0 -9 
61 212   1  1  0 -9 
61 224  -1  0  0 -9 
61 243   1  1  0 -9 
61 246  -1  2  0 -9 
62 62  -1 -2  0 -9 
62 113  -1  0  0 -9 
62 117   1 -1  0 -9 
62 206   1 -1  0 -9 
62 210  -1  0  0 -9 
62 213   1  1  0 -9 
62 225  -1  0  0 -9 
62 244   1  1  0 -9 
62 247  -1  2  0 -9 
63 63  -1 -2  0 -9 
63 114  -1  0  0 -9 
63 162  -1  0  0 -9 
63 165   1 -1  0 -9 
63 176   1  1  0 -9 
63 177  -1  2 -1  0  0 -9 
63 207   1 -1  0 -9 
63 228  -1  0  0 -9 
63 232  -1  2  0 -9 
63 233   1  1  0 -9 
63 245   1  1  0 -9 
63 248  -1  2  0 -9 
63 249   1  3  0 -9 
64 64   1  0  0 -9 
65 65   1  0  0 -9 
66 66   1  0  0 -9 
67 67   1  0  0 -9 
68 68   1  0  0 -9 
69 69   1  0  0 -9 
70 70   1  0  0 -9 
71 71   1  0  0 -9 
72 72   1  0  0 -9 
73 65   1 -1  0 -9 
73 73  -1 -2  0 -9 
73 126   1 -1  0 -9 
74 66   1 -1  0 -9 
74 74  -1 -2  0 -9 
74 127   1 -1  0 -9 
75 67   1 -1  0 -9 
75 75  -1 -2  0 -9 
75 128   1 -1  0 -9 
76 76  -1 -2  0 -9 
76 129   1 -1  0 -9 
77 77  -1 -2  0 -9 
77 91   1 -1  0 -9 
77 106  -1  0  0 -9 
77 130   1 -1  0 -9 
77 166   1  2  0 -9 
78 78  -1 -2  0 -9 
78 92   1 -1  0 -9 
78 107  -1  0  0 -9 
78 131   1 -1  0 -9 
78 167   1  2  0 -9 
79 79  -1 -2  0 -9 
79 93   1 -1  0 -9 
79 108  -1  0  0 -9 
79 132   1 -1  0 -9 
79 168   1  2  0 -9 
80 80  -1 -2  0 -9 
80 94   1 -1  0 -9 
80 109  -1  0  0 -9 
80 133   1 -1  0 -9 
80 169   1  2  0 -9 
81 71   1 -1  0 -9 
81 81  -1 -2  0 -9 
81 95   1 -1  0 -9 
81 110  -1  0  0 -9 
81 134   1 -1  0 -9 
81 170   1  2  0 -9 
82 72   1 -1  0 -9 
82 82  -1 -2  0 -9 
82 96   1 -1  0 -9 
82 111  -1  0  0 -9 
82 135   1 -1  0 -9 
82 171   1  2  0 -9 
83 83  -1 -2  0 -9 
83 148   1 -1  0 -9 
83 168   1  1  0 -9 
83 172  -1  0  0 -9 
84 84  -1 -2  0 -9 
84 149   1 -1  0 -9 
84 169   1  1  0 -9 
84 173  -1  0  0 -9 
85 85   1  0  0 -9 
85 100  -1  1  0 -9 
85 193   1  2  0 -9 
86 86   1  0  0 -9 
86 101  -1  1  0 -9 
86 194   1  2  0 -9 
87 87   1  0  0 -9 
87 102  -1  1  0 -9 
87 195   1  2  0 -9 
88 88   1  0  0 -9 
88 103  -1  1  0 -9 
88 196   1  2  0 -9 
89 89   1  0  0 -9 
89 104  -1  1  0 -9 
89 197   1  2  0 -9 
90 90   1  0  0 -9 
90 105  -1  1  0 -9 
90 198   1  2  0 -9 
91 91   1  0  0 -9 
91 106  -1  1  0 -9 
91 234   1  2  0 -9 
92 92   1  0  0 -9 
92 107  -1  1  0 -9 
92 235   1  2  0 -9 
93 93   1  0  0 -9 
93 108  -1  1  0 -9 
93 236   1  2  0 -9 
94 94   1  0  0 -9 
94 109  -1  1  0 -9 
94 237   1  2  0 -9 
95 95   1  0  0 -9 
95 110  -1  1  0 -9 
95 238   1  2  0 -9 
96 96   1  0  0 -9 
96 111  -1  1  0 -9 
96 239   1  2  0 -9 
97 95   1 -1  0 -9 
97 97  -1 -2  0 -9 
97 110  -1  0  0 -9 
97 112   1 -1  0 -9 
97 146   1 -1  0 -9 
97 161  -1  0  0 -9 
97 170   1  2  0 -9 
97 175  -1  3  0 -9 
97 231   1  4  0 -9 
97 243   1  2  0 -9 
97 246  -1  3  0 -9 
98 96   1 -1  0 -9 
98 98  -1 -2  0 -9 
98 111  -1  0  0 -9 
98 113   1 -1  0 -9 
98 147   1 -1  0 -9 
98 162  -1  0  0 -9 
98 171   1  2  0 -9 
98 176  -1  3  0 -9 
98 232   1  4  0 -9 
98 244   1  2  0 -9 
98 247  -1  3  0 -9 
99 99  -1 -2  0 -9 
99 114   1 -1  0 -9 
99 150   1 -1  0 -9 
99 174  -1  0  0 -9 
99 177  -1  3  0 -9 
99 245   1  2  0 -9 
99 248  -1  3  0 -9 
99 249   1  4  0 -9 
100 193   1  3  0 -9 
101 194   1  3  0 -9 
102 195   1  3  0 -9 
103 196   1  3  0 -9 
104 197   1  3  0 -9 
105 198   1  3  0 -9 
106 166  -1  4  0 -9 
106 234   1  3  0 -9 
107 167  -1  4  0 -9 
107 235   1  3  0 -9 
108 168  -1  4  0 -9 
108 236   1  3  0 -9 
109 169  -1  4  0 -9 
109 237   1  3  0 -9 
110 170  -1  4  0 -9 
110 238   1  3  0 -9 
111 171  -1  4  0 -9 
111 239   1  3  0 -9 
112 175  -1  4  0 -9 
112 231   1  5  0 -9 
112 243   1  3  0 -9 
112 246  -1  4  0 -9 
113 176  -1  4  0 -9 
113 232   1  5  0 -9 
113 244   1  3  0 -9 
113 247  -1  4  0 -9 
114 177  -1  4  0 -9 
114 245   1  3  0 -9 
114 248  -1  4  0 -9 
114 249   1  5  0 -9 
115 105  -1  1  0 -9 
115 115   1  0  0 -9 
115 198   1  2  0 -9 
115 208  -1  1  0 -9 
115 211   1  2  0 -9 
116 112  -1  1  0 -9 
116 116   1  0  0 -9 
116 209  -1  1  0 -9 
116 212   1  2  0 -9 
116 243   1  2  0 -9 
116 246  -1  3  0 -9 
117 113  -1  1  0 -9 
117 117   1  0  0 -9 
117 210  -1  1  0 -9 
117 213   1  2  0 -9 
117 244   1  2  0 -9 
117 247  -1  3  0 -9 
118 118   1  0  0 -9 
119 119   1  0  0 -9 
120 120   1  0  0 -9 
121 121   1  0  0 -9 
122 122   1  0  0 -9 
123 123   1  0  0 -9 
124 124   1  0  0 -9 
125 125   1  0  0 -9 
126 126   1  0  0 -9 
127 127   1  0  0 -9 
128 128   1  0  0 -9 
129 129   1  0  0 -9 
130 130   1  0  0 -9 
130 166   1  3  0 -9 
131 131   1  0  0 -9 
131 167   1  3  0 -9 
132 132   1  0  0 -9 
132 168   1  3  0 -9 
133 133   1  0  0 -9 
133 169   1  3  0 -9 
134 134   1  0  0 -9 
134 170   1  3  0 -9 
135 135   1  0  0 -9 
135 171   1  3  0 -9 
136 136   1  0  0 -9 
136 151  -1  1  0 -9 
136 214   1  2  0 -9 
137 137   1  0  0 -9 
137 152  -1  1  0 -9 
137 215   1  2  0 -9 
138 138   1  0  0 -9 
138 153  -1  1  0 -9 
138 216   1  2  0 -9 
139 139   1  0  0 -9 
139 154  -1  1  0 -9 
139 217   1  2  0 -9 
140 140   1  0  0 -9 
140 155  -1  1  0 -9 
140 166   1  2  0 -9 
140 218   1  2  0 -9 
141 141   1  0  0 -9 
141 156  -1  1  0 -9 
141 167   1  2  0 -9 
141 219   1  2  0 -9 
142 142   1  0  0 -9 
142 157  -1  1  0 -9 
142 168   1  2  0 -9 
142 220   1  2  0 -9 
143 143   1  0  0 -9 
143 158  -1  1  0 -9 
143 169   1  2  0 -9 
143 221   1  2  0 -9 
144 144   1  0  0 -9 
144 159  -1  1  0 -9 
144 170   1  2  0 -9 
144 222   1  2  0 -9 
145 145   1  0  0 -9 
145 160  -1  1  0 -9 
145 171   1  2  0 -9 
145 223   1  2  0 -9 
146 146   1  0  0 -9 
146 161  -1  1  0 -9 
146 170   1  3  0 -9 
146 175  -1  4  0 -9 
146 224   1  2  0 -9 
146 231   1  5  0 -9 
147 147   1  0  0 -9 
147 162  -1  1  0 -9 
147 171   1  3  0 -9 
147 176  -1  4  0 -9 
147 225   1  2  0 -9 
147 232   1  5  0 -9 
148 148   1  0  0 -9 
148 168   1  2  0 -9 
148 172  -1  1  0 -9 
148 240   1  2  0 -9 
149 149   1  0  0 -9 
149 169   1  2  0 -9 
149 173  -1  1  0 -9 
149 241   1  2  0 -9 
150 150   1  0  0 -9 
150 174  -1  1  0 -9 
150 177  -1  4  0 -9 
150 242   1  2  0 -9 
150 249   1  5  0 -9 
151 214   1  3  0 -9 
152 215   1  3  0 -9 
153 216   1  3  0 -9 
154 217   1  3  0 -9 
155 166  -1  5  0 -9 
155 218   1  3  0 -9 
156 167  -1  5  0 -9 
156 219   1  3  0 -9 
157 168  -1  5  0 -9 
157 220   1  3  0 -9 
158 169  -1  5  0 -9 
158 221   1  3  0 -9 
159 170  -1  5  0 -9 
159 222   1  3  0 -9 
160 171  -1  5  0 -9 
160 223   1  3  0 -9 
161 175  -1  5  0 -9 
161 224   1  3  0 -9 
161 231   1  6  0 -9 
162 176  -1  5  0 -9 
162 225   1  3  0 -9 
162 232   1  6  0 -9 
163 161  -1  1  0 -9 
163 163   1  0  0 -9 
163 175   1  2  0 -9 
163 224   1  2  0 -9 
163 226  -1  1  0 -9 
163 229   1  2  0 -9 
163 231  -1  3  0 -9 
164 154  -1  1  0 -9 
164 162  -1  1  0 -9 
164 164   1  0  0 -9 
164 176   1  2  0 -9 
164 217   1  2  0 -9 
164 225   1  2  0 -9 
164 227  -1  1  0 -9 
164 230   1  2  0 -9 
164 232  -1  3  0 -9 
165 114  -1  1  0 -9 
165 162  -1  1  0 -9 
165 165   1  0  0 -9 
165 176   1  2  0 -9 
165 177  -1  5 -1  3 -1  1  0 -9 
165 225   1  2  0 -9 
165 228  -1  1  0 -9 
165 232  -1  3  0 -9 
165 233   1  2  0 -9 
165 245   1  2  0 -9 
165 248  -1  3  0 -9 
165 249   1  6  1  4  0 -9 
166 166  -1  6  0 -9 
167 167  -1  6  0 -9 
168 168  -1  6  0 -9 
169 169  -1  6  0 -9 
170 170  -1  6  0 -9 
171 171  -1  6  0 -9 
172 168  -1  5  0 -9 
172 240   1  3  0 -9 
173 169  -1  5  0 -9 
173 241   1  3  0 -9 
174 177  -1  5  0 -9 
174 242   1  3  0 -9 
174 249   1  6  0 -9 
175 175  -1  6  0 -9 
175 231   1  7  0 -9 
176 176  -1  6  0 -9 
176 232   1  7  0 -9 
177 177  -1  6  0 -9 
177 249   1  7  0 -9 
178 100   1  2  0 -9 
178 178   1  0  0 -9 
178 193  -1  1  0 -9 
179 101   1  2  0 -9 
179 179   1  0  0 -9 
179 194  -1  1  0 -9 
180 102   1  2  0 -9 
180 180   1  0  0 -9 
180 195  -1  1  0 -9 
181 103   1  2  0 -9 
181 181   1  0  0 -9 
181 196  -1  1  0 -9 
182 104   1  2  0 -9 
182 182   1  0  0 -9 
182 197  -1  1  0 -9 
183 105   1  2  0 -9 
183 183   1  0  0 -9 
183 198  -1  1  0 -9 
184 184   1  0  0 -9 
184 208  -1  1  0 -9 
184 211   1  2  0 -9 
185 151   1  2  0 -9 
185 185   1  0  0 -9 
185 214  -1  1  0 -9 
186 152   1  2  0 -9 
186 186   1  0  0 -9 
186 215  -1  1  0 -9 
187 153   1  2  0 -9 
187 187   1  0  0 -9 
187 216  -1  1  0 -9 
188 154   1  2  0 -9 
188 188   1  0  0 -9 
188 217  -1  1  0 -9 
189 189   1  0  0 -9 
189 226  -1  1  0 -9 
189 229   1  2  0 -9 
189 231  -1  3  0 -9 
190 190   1  0  0 -9 
190 227  -1  1  0 -9 
190 230   1  2  0 -9 
190 232  -1  3  0 -9 
191 184   1 -1  0 -9 
191 189   1 -1  0 -9 
191 191  -1 -2  0 -9 
191 208  -1  0  0 -9 
191 209   1 -1  0 -9 
191 212   1  2  0 -9 
191 226  -1  0  0 -9 
191 246  -1  3  0 -9 
192 190   1 -1  0 -9 
192 192  -1 -2  0 -9 
192 210   1 -1  0 -9 
192 213   1  2  0 -9 
192 227  -1  0  0 -9 
192 247  -1  3  0 -9 
193 100   1  3  0 -9 
194 101   1  3  0 -9 
195 102   1  3  0 -9 
196 103   1  3  0 -9 
197 104   1  3  0 -9 
198 105   1  3  0 -9 
199 101   1  2  0 -9 
199 106  -1  1  0 -9 
199 155   1  2  0 -9 
199 166  -1  3  0 -9 
199 194  -1  1  0 -9 
199 199   1  0  0 -9 
199 218  -1  1  0 -9 
199 234   1  2  0 -9 
200 102   1  2  0 -9 
200 107  -1  1  0 -9 
200 156   1  2  0 -9 
200 167  -1  3  0 -9 
200 195  -1  1  0 -9 
200 200   1  0  0 -9 
200 219  -1  1  0 -9 
200 235   1  2  0 -9 
201 108  -1  1  0 -9 
201 157   1  2  0 -9 
201 168  -1  3  0 -9 
201 201   1  0  0 -9 
201 220  -1  1  0 -9 
201 236   1  2  0 -9 
202 109  -1  1  0 -9 
202 158   1  2  0 -9 
202 169  -1  3  0 -9 
202 202   1  0  0 -9 
202 221  -1  1  0 -9 
202 237   1  2  0 -9 
203 103   1  2  0 -9 
203 110  -1  1  0 -9 
203 159   1  2  0 -9 
203 170  -1  3  0 -9 
203 196  -1  1  0 -9 
203 203   1  0  0 -9 
203 222  -1  1  0 -9 
203 238   1  2  0 -9 
204 104   1  2  0 -9 
204 111  -1  1  0 -9 
204 160   1  2  0 -9 
204 171  -1  3  0 -9 
204 197  -1  1  0 -9 
204 204   1  0  0 -9 
204 223  -1  1  0 -9 
204 239   1  2  0 -9 
205 112  -1  1  0 -9 
205 161   1  2  0 -9 
205 175  -1  3  0 -9 
205 205   1  0  0 -9 
205 209  -1  1  0 -9 
205 212   1  2  0 -9 
205 224  -1  1  0 -9 
205 243   1  2  0 -9 
205 246  -1  3  0 -9 
206 113  -1  1  0 -9 
206 162   1  2  0 -9 
206 176  -1  3  0 -9 
206 206   1  0  0 -9 
206 210  -1  1  0 -9 
206 213   1  2  0 -9 
206 225  -1  1  0 -9 
206 244   1  2  0 -9 
206 247  -1  3  0 -9 
207 114  -1  1  0 -9 
207 177  -1  3  0 -9 
207 207   1  0  0 -9 
207 228  -1  1  0 -9 
207 232  -1  3  0 -9 
207 233   1  2  0 -9 
207 245   1  2  0 -9 
207 248  -1  3  0 -9 
207 249   1  4  0 -9 
208 211   1  3  0 -9 
209 212   1  3  0 -9 
209 246  -1  4  0 -9 
210 213   1  3  0 -9 
210 247  -1  4  0 -9 
211 208   1  3  0 -9 
212 209   1  3  0 -9 
212 231   1  6  0 -9 
212 246  -1  5  0 -9 
213 210   1  3  0 -9 
213 232   1  6  0 -9 
213 247  -1  5  0 -9 
214 151   1  3  0 -9 
215 152   1  3  0 -9 
216 153   1  3  0 -9 
217 154   1  3  0 -9 
218 155   1  3  0 -9 
218 166  -1  4  0 -9 
219 156   1  3  0 -9 
219 167  -1  4  0 -9 
220 157   1  3  0 -9 
220 168  -1  4  0 -9 
221 158   1  3  0 -9 
221 169  -1  4  0 -9 
222 159   1  3  0 -9 
222 170  -1  4  0 -9 
223 160   1  3  0 -9 
223 171  -1  4  0 -9 
224 161   1  3  0 -9 
224 175  -1  4  0 -9 
225 162   1  3  0 -9 
225 176  -1  4  0 -9 
226 229   1  3  0 -9 
226 231  -1  4  0 -9 
227 230   1  3  0 -9 
227 232  -1  4  0 -9 
228 177  -1  4  0 -9 
228 232  -1  4  0 -9 
228 233   1  3  0 -9 
228 248  -1  4  0 -9 
228 249   1  5  0 -9 
229 226   1  3  0 -9 
229 231   1  7  0 -9 
230 227   1  3  0 -9 
230 232   1  7  0 -9 
231 231   1  8  0 -9 
232 232   1  8  0 -9 
233 177  -1  5  0 -9 
233 228   1  3  0 -9 
233 232   1  7  0 -9 
233 248  -1  5  0 -9 
233 249   1  6  0 -9 
234 106   1  3  0 -9 
234 166  -1  5  0 -9 
235 107   1  3  0 -9 
235 167  -1  5  0 -9 
236 108   1  3  0 -9 
236 168  -1  5  0 -9 
237 109   1  3  0 -9 
237 169  -1  5  0 -9 
238 110   1  3  0 -9 
238 170  -1  5  0 -9 
239 111   1  3  0 -9 
239 171  -1  5  0 -9 
240 168  -1  4  0 -9 
240 172   1  3  0 -9 
241 169  -1  4  0 -9 
241 173   1  3  0 -9 
242 174   1  3  0 -9 
242 177  -1  4  0 -9 
243 112   1  3  0 -9 
243 175  -1  5  0 -9 
243 231   1  6  0 -9 
243 246  -1  5  0 -9 
244 113   1  3  0 -9 
244 176  -1  5  0 -9 
244 232   1  6  0 -9 
244 247  -1  5  0 -9 
245 114   1  3  0 -9 
245 177  -1  5  0 -9 
245 248  -1  5  0 -9 
245 249   1  6  0 -9 
246 231   1  7  0 -9 
246 246  -1  6  0 -9 
247 232   1  7  0 -9 
247 247  -1  6  0 -9 
248 248  -1  6  0 -9 
248 249   1  7  0 -9 
249 249   1  8  0 -9 
9999 9999
