 0  0  -1 -2  0 -9 
 0  2   1 -1  0 -9 
 1  1  -1 -2  0 -9 
 1  7   1 -1  0 -9 
 1  8  -1  0  0 -9 
 1  9   1  1  0 -9 
 2  2   1  0  0 -9 
 3  3   1  0  0 -9 
 4  4   1  0  0 -9 
 5  5   1  0  0 -9 
 5  9   1  3  0 -9 
 6  6   1  0  0 -9 
 6 10   1  3  0 -9 
 7  7   1  0  0 -9 
 7  8  -1  1  0 -9 
 7  9   1  2  0 -9 
 7 11   1  2  0 -9 
 8  9  -1  5  0 -9 
 8 11   1  3  0 -9 
 9  9  -1  6  0 -9 
10 10  -1  6  0 -9 
11  8   1  3  0 -9 
11  9  -1  4  0 -9 
12  2   1 -1  0 -9 
12 12  -1 -2  0 -9 
13  3   1 -1  0 -9 
13 13  -1 -2  0 -9 
13 18   1 -1  0 -9 
14  4   1 -1  0 -9 
14 14  -1 -2  0 -9 
14 19   1 -1  0 -9 
15  5   1 -1  0 -9 
15  9   1  2  0 -9 
15 15  -1 -2  0 -9 
15 22   1 -1  0 -9 
15 24  -1  0  0 -9 
16  6   1 -1  0 -9 
16 10   1  2  0 -9 
16 16  -1 -2  0 -9 
16 23   1 -1  0 -9 
16 25  -1  0  0 -9 
16 26   1  1  0 -9 
17  7   1 -1  0 -9 
17  8  -1  0  0 -9 
17  9   1  1  0 -9 
17 11   1  1  0 -9 
17 17  -1 -2  0 -9 
17 27   1 -1  0 -9 
17 28  -1  0  0 -9 
18 18   1  0  0 -9 
19 19   1  0  0 -9 
20 20   1  0  0 -9 
21 21   1  0  0 -9 
21 26   1  3  0 -9 
22 22   1  0  0 -9 
22 24  -1  1  0 -9 
22 28   1  2  0 -9 
23 23   1  0  0 -9 
23 25  -1  1  0 -9 
23 26   1  2  0 -9 
23 29   1  2  0 -9 
24  9  -1  4  0 -9 
24 28   1  3  0 -9 
25 10  -1  4  0 -9 
25 26  -1  5  0 -9 
25 29   1  3  0 -9 
26 26  -1  6  0 -9 
27  8  -1  1  0 -9 
27  9  -1  4  1  2  0 -9 
27 11   1  2  0 -9 
27 24   1  2  0 -9 
27 27   1  0  0 -9 
27 28  -1  1  0 -9 
28  9  -1  5  0 -9 
28 24   1  3  0 -9 
29 10  -1  5  0 -9 
29 25   1  3  0 -9 
29 26  -1  4  0 -9 
30  8  -1  0  0 -9 
30  9   1  1  0 -9 
30 24   1  1  0 -9 
30 27   1 -1  0 -9 
30 28  -1  0  0 -9 
30 30  -1 -2  0 -9 
30 31   1 -1  0 -9 
31  9   1  2  0 -9 
31 24   1  2  0 -9 
31 28  -1  1  0 -9 
31 31   1  0  0 -9 
32 10   1  2  0 -9 
32 25   1  2  0 -9 
32 29  -1  1  0 -9 
32 32   1  0  0 -9 
33  9   1  1  0 -9 
33 28  -1  0  0 -9 
33 31   1 -1  0 -9 
33 33  -1 -2  0 -9 
34 10   1  1  0 -9 
34 26   1  2  0 -9 
34 29  -1  0  0 -9 
34 32   1 -1  0 -9 
34 34  -1 -2  0 -9 
34 35   1 -1  0 -9 
35 26   1  3  0 -9 
35 35   1  0  0 -9 
36  8   1  2  0 -9 
36 11  -1  1  0 -9 
36 36   1  0  0 -9 
37  9   1  2  0 -9 
37 11  -1  0  0 -9 
37 36   1 -1  0 -9 
37 37  -1 -2  0 -9 
37 38   1 -1  0 -9 
38  9   1  3  0 -9 
38 38   1  0  0 -9 
39 10   1  3  0 -9 
39 39   1  0  0 -9 
9999 9999
