 0  0  -1  6  0 -9 
 0  5   1  7  0 -9 
 1  0  -1  5  0 -9 
 1  3   1  3  0 -9 
 1  5   1  6  0 -9 
 1  6  -1  4  0 -9 
 2  0  -1  4  0 -9 
 2  4   1  3  0 -9 
 2  5   1  5  0 -9 
 2  7  -1  4  0 -9 
 3  0  -1  4  0 -9 
 3  1   1  3  0 -9 
 3  6  -1  5  0 -9 
 3  8   1  6  0 -9 
 4  0  -1  5  0 -9 
 4  2   1  3  0 -9 
 4  5   1  6  0 -9 
 4  7  -1  5  0 -9 
 4  9   1  6  0 -9 
 5  5   1  8  0 -9 
 6  6  -1  6  0 -9 
 6  8   1  7  0 -9 
 7  5   1  7  0 -9 
 7  7  -1  6  0 -9 
 7  9   1  7  0 -9 
 8  8   1  8  0 -9 
 9  9   1  8  0 -9 
10 10   1  8  0 -9 
11 11   1  8  0 -9 
12 12   1  8  0 -9 
13 13   1  8  0 -9 
14 14   1  8  0 -9 
15 15   1  8  0 -9 
16 10   1  7  0 -9 
16 16  -1  6  0 -9 
17 11   1  7  0 -9 
17 12   1  7  0 -9 
17 17  -1  6  0 -9 
18 13   1  7  0 -9 
18 14   1  7  0 -9 
18 18  -1  6  0 -9 
19 15   1  7  0 -9 
19 19  -1  6  0 -9 
9999 9999
