 0  0   1 -8  0 -9
 1  0   1 -7  0 -9
 1  1  -1 -6  0 -9
 1  2   1 -7  0 -9
 2  2   1 -8  0 -9
 3  3   1 -8  0 -9
 4  3   1 -7  0 -9
 4  4  -1 -6  0 -9
 4  5   1 -7  0 -9
 5  5   1 -8  0 -9
 6  0   1 -6  0 -9
 6  1  -1 -5  0 -9
 6  2   1 -6  0 -9
 6  4  -1 -4  0 -9
 6  5   1 -5  0 -9
 6  7  -1 -5  0 -9
 6  8   1 -3  0 -9
 6  9  -1 -4  0 -9
 6 10   1 -6  0 -9
 7  2   1 -7  0 -9
 7  7  -1 -6  0 -9
 7 10   1 -7  0 -9
 8  1  -1 -4  0 -9
 8  2   1 -5  0 -9
 8  3   1 -6  0 -9
 8  4  -1 -5  0 -9
 8  5   1 -6  0 -9
 8  6   1 -3  0 -9
 8  7  -1 -4  0 -9
 8  9  -1 -5  0 -9
 8 11   1 -6  0 -9
 9  5   1 -7  0 -9
 9  9  -1 -6  0 -9
 9 11   1 -7  0 -9
10 10   1 -8  0 -9
11 11   1 -8  0 -9
9999 9999
