 0  0  -1  2  0 -9
 0  4   1  1  0 -9
 0 12  -1  0  0 -9
 0 21   1 -1  0 -9
 1  1  -1  2  0 -9
 1  6   1  1  0 -9
 1 14  -1  0  0 -9
 1 30  -1  0  0 -9
 1 32   1  1  0 -9
 1 45   1 -1  0 -9
 2  2  -1  2  0 -9
 2 15  -1  0  0 -9
 2 17   1  1  0 -9
 2 26  -1  0 -1 -2  0 -9
 2 31  -1  0  0 -9
 2 33   1  1  0 -9
 2 35  -1  0  0 -9
 2 40   1 -1  0 -9
 2 48   1 -1  0 -9
 2 53  -1 -2  0 -9
 2 57   1 -3  0 -9
 3  3  -1  2  0 -9
 3 13  -1  0  0 -9
 3 16  -1  0  0 -9
 3 18   1  1  0 -9
 3 25   1 -1  0 -9
 3 27  -1  0 -1 -2  0 -9
 3 34   1  1  0 -9
 3 36  -1  0  0 -9
 3 39  -1 -2  0 -9
 3 41   1 -1  0 -9
 3 49   1 -1  0 -9
 3 54  -1 -2  0 -9
 3 58   1 -3  0 -9
 4  4   1  0  0 -9
 4 12  -1 -1  0 -9
 4 21   1 -2  0 -9
 4 30   1 -2  0 -9
 5  5   1  0  0 -9
 5 13  -1 -1  0 -9
 5 21   1 -3  0 -9
 5 25  -1 -4  0 -9
 5 31   1 -2  0 -9
 5 39   1 -5  0 -9
 6  6   1  0  0 -9
 6 14  -1 -1  0 -9
 6 45   1 -2  0 -9
 7  5   1  1  0 -9
 7  6   1  1  0 -9
 7  7  -1  2  0 -9
 7  9   1  1  0 -9
 7 13  -1  0  0 -9
 7 14  -1  0  0 -9
 7 15   1  1  0 -9
 7 21   1 -2  0 -9
 7 22  -1  0  0 -9
 7 25  -1 -3  0 -9
 7 26  -1 -3  0 -9
 7 39   1 -4  0 -9
 7 48   1 -2  0 -9
 7 53  -1 -3  0 -9
 7 57   1 -4  0 -9
 8  8  -1  2  0 -9
 8 10   1  1  0 -9
 8 16   1  1  0 -9
 8 21   1 -1  0 -9
 8 23  -1  0  0 -9
 8 27  -1 -3  0 -9
 8 49   1 -2  0 -9
 8 54  -1 -3  0 -9
 8 58   1 -4  0 -9
 9  9   1  0  0 -9
 9 22  -1 -1  0 -9
 9 26  -1 -4  0 -9
 9 46   1 -2  0 -9
 9 57   1 -5  0 -9
10 10   1  0  0 -9
10 21   1 -2  0 -9
10 23  -1 -1  0 -9
10 27  -1 -4  0 -9
10 47   1 -2  0 -9
10 58   1 -5  0 -9
11  9   1  1  0 -9
11 11  -1  2  0 -9
11 22  -1  0  0 -9
11 24   1  1  0 -9
11 26  -1 -3  0 -9
11 51   1 -2  0 -9
11 57   1 -4  0 -9
11 59  -1 -3  0 -9
12 21  -1 -5  0 -9
12 30   1 -3  0 -9
13 25  -1 -5  0 -9
13 31   1 -3  0 -9
13 39   1 -6  0 -9
14 21  -1 -4  0 -9
14 45   1 -3  0 -9
15 25  -1 -4  0 -9
15 26  -1 -4  0 -9
15 39   1 -5  0 -9
15 48   1 -3  0 -9
15 53  -1 -4  0 -9
15 57   1 -5  0 -9
16 27  -1 -4  0 -9
16 49   1 -3  0 -9
16 54  -1 -4  0 -9
16 58   1 -5  0 -9
17 15  -1 -1  0 -9
17 17   1  0  0 -9
17 26  -1 -1 -1 -3 -1 -5  0 -9
17 35  -1 -1  0 -9
17 40   1 -2  0 -9
17 48   1 -2  0 -9
17 53  -1 -3  0 -9
17 57   1 -4  1 -6  0 -9
18 13  -1 -1  0 -9
18 16  -1 -1  0 -9
18 18   1  0  0 -9
18 25   1 -2  0 -9
18 27  -1 -1 -1 -3 -1 -5  0 -9
18 31   1 -2  0 -9
18 36  -1 -1  0 -9
18 39  -1 -3  0 -9
18 41   1 -2  0 -9
18 49   1 -2  0 -9
18 54  -1 -3  0 -9
18 58   1 -4  1 -6  0 -9
19 19   1  0  0 -9
19 27  -1 -4  0 -9
19 28  -1 -1  0 -9
19 37  -1 -1  0 -9
19 42   1 -2  0 -9
19 50   1 -2  0 -9
19 55  -1 -3  0 -9
19 58   1 -5  0 -9
20 16   1  1  0 -9
20 19   1  1  0 -9
20 20  -1  2  0 -9
20 27  -1 -3  0 -9
20 28  -1  0  0 -9
20 29   1  1  0 -9
20 37  -1  0  0 -9
20 38   1  1  0 -9
20 42   1 -1  0 -9
20 43  -1  0  0 -9
20 49   1 -2  0 -9
20 52   1 -2  0 -9
20 54  -1 -3  0 -9
20 58   1 -4  0 -9
20 60  -1 -3  0 -9
21 21  -1 -6  0 -9
22 26  -1 -5  0 -9
22 46   1 -3  0 -9
22 57   1 -6  0 -9
23 21  -1 -5  0 -9
23 27  -1 -5  0 -9
23 47   1 -3  0 -9
23 58   1 -6  0 -9
24 26  -1 -4  0 -9
24 51   1 -3  0 -9
24 57   1 -5  0 -9
24 59  -1 -4  0 -9
25 25  -1 -6  0 -9
25 39   1 -7  0 -9
26 26  -1 -6  0 -9
26 57   1 -7  0 -9
27 27  -1 -6  0 -9
27 58   1 -7  0 -9
28 27  -1 -5  0 -9
28 50   1 -3  0 -9
28 55  -1 -4  0 -9
28 58   1 -6  0 -9
29 52   1 -3  0 -9
29 60  -1 -4  0 -9
30 12   1 -3  0 -9
30 21  -1 -4  0 -9
31 13   1 -3  0 -9
31 25  -1 -4  0 -9
32 12   1 -2  0 -9
32 14  -1 -1  0 -9
32 21  -1 -3  0 -9
32 30  -1 -1  0 -9
32 32   1  0  0 -9
32 45   1 -2  0 -9
33 13   1 -2  0 -9
33 15  -1 -1  0 -9
33 25  -1 -3  0 -9
33 26  -1 -3  0 -9
33 31  -1 -1  0 -9
33 33   1  0  0 -9
33 35  -1 -1  0 -9
33 40   1 -2  0 -9
33 48   1 -2  0 -9
33 53  -1 -3  0 -9
33 57   1 -4  0 -9
34 16  -1 -1  0 -9
34 27  -1 -3  0 -9
34 34   1  0  0 -9
34 36  -1 -1  0 -9
34 39  -1 -3  0 -9
34 41   1 -2  0 -9
34 49   1 -2  0 -9
34 54  -1 -3  0 -9
34 58   1 -4  0 -9
35 26  -1 -4  0 -9
35 40   1 -3  0 -9
35 53  -1 -4  0 -9
35 57   1 -5  0 -9
36 27  -1 -4  0 -9
36 39  -1 -4  0 -9
36 41   1 -3  0 -9
36 54  -1 -4  0 -9
36 58   1 -5  0 -9
37 42   1 -3  0 -9
37 44  -1 -4  0 -9
37 55  -1 -4  0 -9
37 61   1 -5  0 -9
38 37  -1 -1  0 -9
38 38   1  0  0 -9
38 42   1 -2  0 -9
38 43  -1 -1  0 -9
38 44  -1 -3  0 -9
38 55  -1 -3  0 -9
38 56   1 -2  0 -9
38 61   1 -4  0 -9
38 62  -1 -3  0 -9
39 39   1 -8  0 -9
40 26  -1 -5  0 -9
40 35   1 -3  0 -9
40 39   1 -6  0 -9
40 53  -1 -5  0 -9
40 57   1 -6  0 -9
41 27  -1 -5  0 -9
41 36   1 -3  0 -9
41 39   1 -7  0 -9
41 54  -1 -5  0 -9
41 58   1 -6  0 -9
42 37   1 -3  0 -9
42 44  -1 -5  0 -9
42 55  -1 -5  0 -9
42 61   1 -6  0 -9
43 44  -1 -4  0 -9
43 55  -1 -4  0 -9
43 56   1 -3  0 -9
43 61   1 -5  0 -9
43 62  -1 -4  0 -9
44 44  -1 -6  0 -9
44 61   1 -7  0 -9
45 14   1 -3  0 -9
45 21  -1 -5  0 -9
46 22   1 -3  0 -9
46 26  -1 -4  0 -9
47 21  -1 -4  0 -9
47 23   1 -3  0 -9
47 27  -1 -4  0 -9
48 15   1 -3  0 -9
48 25  -1 -5  0 -9
48 26  -1 -5  0 -9
48 39   1 -6  0 -9
48 53  -1 -5  0 -9
48 57   1 -6  0 -9
49 16   1 -3  0 -9
49 27  -1 -5  0 -9
49 54  -1 -5  0 -9
49 58   1 -6  0 -9
50 27  -1 -4  0 -9
50 28   1 -3  0 -9
50 55  -1 -5  0 -9
50 61   1 -6  0 -9
51 24   1 -3  0 -9
51 26  -1 -5  0 -9
51 57   1 -6  0 -9
51 59  -1 -5  0 -9
52 29   1 -3  0 -9
52 60  -1 -5  0 -9
52 62   1 -6  0 -9
53 39   1 -7  0 -9
53 53  -1 -6  0 -9
53 57   1 -7  0 -9
54 54  -1 -6  0 -9
54 58   1 -7  0 -9
55 55  -1 -6  0 -9
55 61   1 -7  0 -9
56 43   1 -3  0 -9
56 44  -1 -5  0 -9
56 55  -1 -5  0 -9
56 61   1 -6  0 -9
56 62   1 -7  0 -9
57 57   1 -8  0 -9
58 58   1 -8  0 -9
59 57   1 -7  0 -9
59 59  -1 -6  0 -9
60 60  -1 -6  0 -9
60 62   1 -7  0 -9
61 61   1 -8  0 -9
62 62   1 -8  0 -9
9999 9999
