 0  0   1 -8  0 -9
 1  0   1 -7  0 -9
 1  1  -1 -6  0 -9
 2  2   1 -8  0 -9
 3  2   1 -7  0 -9
 3  3  -1 -6  0 -9
 4  3  -1 -4  0 -9
 4  5   1 -3  0 -9
 5  2   1 -6  0 -9
 5  3  -1 -5  0 -9
 5  4   1 -3  0 -9
 6  6   1 -8  0 -9
 7  6   1 -7  0 -9
 7  7  -1 -6  0 -9
 8  7  -1 -4  0 -9
 8  9   1 -3  0 -9
 9  6   1 -6  0 -9
 9  7  -1 -5  0 -9
 9  8   1 -3  0 -9
10  2   1 -7  0 -9
10 10  -1 -6  0 -9
11  2  -1 -4  0 -9
11  4  -1 -1  0 -9
11  5   1 -2  0 -9
11  6   1 -5  0 -9
11  7  -1 -4  0 -9
11  8   1 -2  0 -9
11  9  -1 -1  0 -9
11 10   1 -3  0 -9
11 11   1  0  0 -9
12 12   1 -8  0 -9
13 12  -1 -4  0 -9
13 14   1 -3  0 -9
14 12   1 -7  0 -9
14 13   1 -3  0 -9
15 12  -1 -3  0 -9
15 13  -1 -1  0 -9
15 14   1 -2  0 -9
15 15   1  0  0 -9
16 12   1 -7  0 -9
16 16  -1 -6  0 -9
17 16  -1 -4  0 -9
17 18   1 -3  0 -9
18 12   1 -6  0 -9
18 16  -1 -5  0 -9
18 17   1 -3  0 -9
19 12  -1 -3  0 -9
19 13  -1 -1  0 -9
19 14   1 -2  0 -9
19 16   1 -2  0 -9
19 17   1 -2  0 -9
19 18  -1 -1  0 -9
19 19   1  0  0 -9
20 12  -1 -2  0 -9
20 13  -1  0  0 -9
20 14   1 -1  0 -9
20 15   1  1  0 -9
20 16   1 -1  0 -9
20 18  -1  0  0 -9
20 19   1  1  0 -9
20 20  -1  2  0 -9
21 21  -1 -6  0 -9
22 22   1 -8  0 -9
23 22   1 -7  0 -9
23 23  -1 -6  0 -9
24 23  -1 -4  0 -9
24 25   1 -3  0 -9
25 22   1 -6  0 -9
25 23  -1 -5  0 -9
25 24   1 -3  0 -9
26 26  -1 -6  0 -9
27 22   1 -5  0 -9
27 23  -1 -4  0 -9
27 24   1 -2  0 -9
27 25  -1 -1  0 -9
27 26   1 -3  0 -9
27 27   1  0  0 -9
28 28  -1 -6  0 -9
29  6   1 -5  0 -9
29  7  -1 -4  0 -9
29  8   1 -2  0 -9
29  9  -1 -1  0 -9
29 28   1 -3  0 -9
29 29   1  0  0 -9
30 30  -1 -6  0 -9
31 30  -1 -4  0 -9
31 32   1 -3  0 -9
32 30  -1 -5  0 -9
32 31   1 -3  0 -9
33 30   1 -2  0 -9
33 31   1 -2  0 -9
33 32  -1 -1  0 -9
33 33   1  0  0 -9
34 30   1 -1  0 -9
34 32  -1  0  0 -9
34 33   1  1  0 -9
34 34  -1  2  0 -9
35 12   1 -5  0 -9
35 16  -1 -4  0 -9
35 17   1 -2  0 -9
35 18  -1 -1  0 -9
35 30   1 -3  0 -9
35 35   1  0  0 -9
9999 9999
