 0  0  -1  2  0 -9
 0  1   1  1  0 -9
 0  3   1  1  0 -9
 0  5  -1  0  0 -9
 0  7  -1 -3  0 -9
 0 11   1 -1  0 -9
 0 17   1 -2  0 -9
 0 21  -1 -3  0 -9
 0 27   1 -4  0 -9
 1  7  -1 -4  0 -9
 1 17   1 -3  0 -9
 1 21  -1 -4  0 -9
 1 27   1 -5  0 -9
 2  8  -1 -4  0 -9
 2 18   1 -3  0 -9
 2 22  -1 -4  0 -9
 2 28   1 -5  0 -9
 3  3   1  0  0 -9
 3  5  -1 -1  0 -9
 3  7  -1 -4  0 -9
 3 11   1 -2  0 -9
 3 15   1 -2  0 -9
 3 27   1 -5  0 -9
 4  4   1  0  0 -9
 4  6  -1 -1  0 -9
 4 11   1 -3  0 -9
 4 12  -1 -4  0 -9
 4 16   1 -2  0 -9
 4 29   1 -5  0 -9
 5  7  -1 -5  0 -9
 5 11  -1 -5  0 -9
 5 15   1 -3  0 -9
 5 27   1 -6  0 -9
 6 12  -1 -5  0 -9
 6 16   1 -3  0 -9
 6 29   1 -6  0 -9
 7  7  -1 -6  0 -9
 7 27   1 -7  0 -9
 8  8  -1 -6  0 -9
 8 28   1 -7  0 -9
 9 13  -1 -5  0 -9
 9 19   1 -3  0 -9
 9 23  -1 -4  0 -9
 9 30   1 -6  0 -9
10  8  -1 -5  0 -9
10 14  -1 -5  0 -9
10 20   1 -3  0 -9
10 24  -1 -4  0 -9
10 28   1 -6  0 -9
10 31   1 -6  0 -9
11 11  -1 -6  0 -9
12 12  -1 -6  0 -9
12 29   1 -7  0 -9
13 13  -1 -6  0 -9
13 30   1 -7  0 -9
14 14  -1 -6  0 -9
14 31   1 -7  0 -9
15  5   1 -3  0 -9
15  7  -1 -4  0 -9
15 11  -1 -4  0 -9
16  6   1 -3  0 -9
16 12  -1 -4  0 -9
17  1   1 -3  0 -9
17  7  -1 -5  0 -9
17 21  -1 -5  0 -9
17 27   1 -6  0 -9
18  2   1 -3  0 -9
18  8  -1 -5  0 -9
18 22  -1 -5  0 -9
18 25   1 -6  0 -9
18 28   1 -6  0 -9
19  9   1 -3  0 -9
19 13  -1 -4  0 -9
19 23  -1 -5  0 -9
19 32   1 -6  0 -9
20  8  -1 -4  0 -9
20 10   1 -3  0 -9
20 14  -1 -4  0 -9
20 24  -1 -5  0 -9
20 33   1 -6  0 -9
21 21  -1 -6  0 -9
21 27   1 -7  0 -9
22 22  -1 -6  0 -9
22 25   1 -7  0 -9
22 28   1 -7  0 -9
23 23  -1 -6  0 -9
23 32   1 -7  0 -9
24 24  -1 -6  0 -9
24 33   1 -7  0 -9
25 25   1 -8  0 -9
26 26  -1 -6  0 -9
26 34   1 -7  0 -9
27 27   1 -8  0 -9
28 28   1 -8  0 -9
29 29   1 -8  0 -9
30 30   1 -8  0 -9
31 31   1 -8  0 -9
32 32   1 -8  0 -9
33 33   1 -8  0 -9
34 34   1 -8  0 -9
35 35   1 -8  0 -9
9999 9999
