 0  0   1 -8  0 -9
 1  0   1 -7  0 -9
 1  1  -1 -6  0 -9
 1  2   1 -7  0 -9
 2  2   1 -8  0 -9
 3  0   1 -7  0 -9
 3  3  -1 -6  0 -9
 3  4   1 -7  0 -9
 4  4   1 -8  0 -9
 5  0   1 -6  0 -9
 5  1  -1 -5  0 -9
 5  2   1 -6  0 -9
 5  3  -1 -5  0 -9
 5  4   1 -6  0 -9
 5  6  -1 -5  0 -9
 5  7   1 -3  0 -9
 5  8  -1 -4  0 -9
 5  9   1 -6  0 -9
 6  4   1 -7  0 -9
 6  6  -1 -6  0 -9
 6  9   1 -7  0 -9
 7  0   1 -5  0 -9
 7  1  -1 -4  0 -9
 7  3  -1 -4  0 -9
 7  4   1 -5  0 -9
 7  5   1 -3  0 -9
 7  6  -1 -4  0 -9
 7  8  -1 -5  0 -9
 7 10   1 -6  0 -9
 8  8  -1 -6  0 -9
 8 10   1 -7  0 -9
 9  9   1 -8  0 -9
10 10   1 -8  0 -9
11  6  -1 -4  0 -9
11  9   1 -5  0 -9
11 12   1 -3  0 -9
11 13  -1 -4  0 -9
12  4   1 -6  0 -9
12  6  -1 -5  0 -9
12  9   1 -6  0 -9
12 11   1 -3  0 -9
12 13  -1 -5  0 -9
12 14   1 -6  0 -9
13  9   1 -7  0 -9
13 13  -1 -6  0 -9
13 14   1 -7  0 -9
14 14   1 -8  0 -9
15  1  -1 -4  0 -9
15  2   1 -5  0 -9
15 16  -1 -5  0 -9
15 17   1 -3  0 -9
15 18  -1 -4  0 -9
15 19   1 -6  0 -9
16 16  -1 -6  0 -9
16 19   1 -7  0 -9
17  0   1 -6  0 -9
17  1  -1 -5  0 -9
17  2   1 -6  0 -9
17 15   1 -3  0 -9
17 16  -1 -4  0 -9
17 18  -1 -5  0 -9
17 20   1 -6  0 -9
18  2   1 -7  0 -9
18 18  -1 -6  0 -9
18 20   1 -7  0 -9
19 19   1 -8  0 -9
20 20   1 -8  0 -9
21  0   1 -5  0 -9
21  1  -1 -4  0 -9
21  2   1 -5  0 -9
21 15   1 -2  0 -9
21 17  -1 -1  0 -9
21 18   1 -2 -1 -4  0 -9
21 19  -1 -4  0 -9
21 20   1 -5  0 -9
21 21   1  0  0 -9
21 22  -1 -1  0 -9
21 23   1 -3  0 -9
21 24  -1 -4  0 -9
21 25   1 -2  0 -9
21 26   1 -5  0 -9
22  2   1 -6  0 -9
22 18  -1 -5  0 -9
22 20   1 -6  0 -9
22 24  -1 -5  0 -9
22 25   1 -3  0 -9
22 26   1 -6  0 -9
23 19   1 -7  0 -9
23 23  -1 -6  0 -9
24 20   1 -7  0 -9
24 24  -1 -6  0 -9
24 26   1 -7  0 -9
25 18  -1 -4  0 -9
25 20   1 -5  0 -9
25 22   1 -3  0 -9
25 24  -1 -4  0 -9
26 26   1 -8  0 -9
27  0   1 -4  0 -9
27  1  -1 -3  0 -9
27  3  -1 -3  0 -9
27  4   1 -4  0 -9
27  5   1 -2  0 -9
27  6  -1 -3  0 -9
27  7   1  1  0 -9
27  8  -1  0 -1 -4  0 -9
27 10   1 -5  0 -9
27 12  -1  0  0 -9
27 13   1 -1  0 -9
27 16   1 -2  0 -9
27 17  -1  0  0 -9
27 18   1 -1  0 -9
27 19  -1 -3  0 -9
27 21   1  1  0 -9
27 22  -1  0  0 -9
27 23   1 -2  0 -9
27 24  -1 -3  0 -9
27 26   1 -4  0 -9
27 27  -1  2  0 -9
27 28   1  1  0 -9
27 29   1  1  0 -9
27 30  -1  0  0 -9
27 31  -1 -3  0 -9
27 33   1 -2  0 -9
27 34  -1 -3  0 -9
27 35   1 -4  0 -9
28  8  -1 -5  0 -9
28 10   1 -6  0 -9
28 24  -1 -4  0 -9
28 26   1 -5  0 -9
28 31  -1 -4  0 -9
28 33   1 -3  0 -9
28 34  -1 -4  0 -9
28 35   1 -5  0 -9
29  4   1 -5  0 -9
29  6  -1 -4  0 -9
29  9   1 -5  0 -9
29 11   1 -2  0 -9
29 12  -1 -1  0 -9
29 13   1 -2 -1 -4  0 -9
29 14   1 -5  0 -9
29 16   1 -3  0 -9
29 19  -1 -4  0 -9
29 29   1  0  0 -9
29 30  -1 -1  0 -9
29 31  -1 -4  0 -9
29 32   1 -2  0 -9
29 35   1 -5  0 -9
30  9   1 -6  0 -9
30 13  -1 -5  0 -9
30 14   1 -6  0 -9
30 23  -1 -4  0 -9
30 31  -1 -5  0 -9
30 32   1 -3  0 -9
30 35   1 -6  0 -9
31 14   1 -7  0 -9
31 31  -1 -6  0 -9
31 35   1 -7  0 -9
32 13  -1 -4  0 -9
32 14   1 -5  0 -9
32 19   1 -6  0 -9
32 23  -1 -5  0 -9
32 30   1 -3  0 -9
32 31  -1 -4  0 -9
33  8  -1 -4  0 -9
33 14   1 -6  0 -9
33 20   1 -6  0 -9
33 24  -1 -5  0 -9
33 26   1 -6  0 -9
33 28   1 -3  0 -9
33 31  -1 -5  0 -9
33 34  -1 -5  0 -9
33 35   1 -6  0 -9
34 26   1 -7  0 -9
34 34  -1 -6  0 -9
34 35   1 -7  0 -9
35 35   1 -8  0 -9
9999 9999
