 0  0   1  0  0 -9
 0  2  -1 -1  0 -9
 0  3   1 -2  0 -9
 1  0   1  1  0 -9
 1  1  -1  2  0 -9
 1  2  -1  0  0 -9
 2  3   1 -3  0 -9
 3  2   1 -3  0 -9
 4  3  -1  0  0 -9
 4  4  -1  2  0 -9
 4  5   1  1  0 -9
 5  2   1 -2  0 -9
 5  3  -1 -1  0 -9
 5  5   1  0  0 -9
 6  0   1  1  0 -9
 6  2  -1  0  0 -9
 6  3   1 -1  0 -9
 6  6  -1  2  0 -9
 6  8   1  1  0 -9
 6  9  -1  0  0 -9
 7  7  -1  2  0 -9
 7 10   1  1  0 -9
 7 11  -1  0  0 -9
 8  2  -1 -1  0 -9
 8  3   1 -2  0 -9
 8  8   1  0  0 -9
 8  9  -1 -1  0 -9
 8 11   1 -2  0 -9
 9 11   1 -3  0 -9
10  9   1 -2  0 -9
10 10   1  0  0 -9
10 11  -1 -1  0 -9
11  9   1 -3  0 -9
12  2  -1  0  0 -9
12  8   1  1  0 -9
12  9  -1  0  0 -9
12 11   1 -1  0 -9
12 12  -1  2  0 -9
12 13   1  1  0 -9
13  9  -1 -1  0 -9
13 11   1 -2  0 -9
13 13   1  0  0 -9
14  9  -1  0  0 -9
14 13   1  1  0 -9
14 14  -1  2  0 -9
9999 9999
