 0  0   1 -8  0 -9
 1  0   1 -7  0 -9
 1  1  -1 -6  0 -9
 2  0   1 -7  0 -9
 2  2  -1 -6  0 -9
 3  0   1 -6  0 -9
 3  1  -1 -5  0 -9
 3  2  -1 -5  0 -9
 3  4   1 -3  0 -9
 4  0   1 -5  0 -9
 4  1  -1 -4  0 -9
 4  2  -1 -4  0 -9
 4  3   1 -3  0 -9
 5  0   1 -5  0 -9
 5  1  -1 -4  0 -9
 5  2  -1 -4  0 -9
 5  6   1 -3  0 -9
 6  0   1 -6  0 -9
 6  1  -1 -5  0 -9
 6  2  -1 -5  0 -9
 6  5   1 -3  0 -9
 7  0   1 -4  0 -9
 7  1  -1 -3  0 -9
 7  2  -1 -3  0 -9
 7  3   1 -2  0 -9
 7  4  -1 -1  0 -9
 7  5  -1 -1  0 -9
 7  6   1 -2  0 -9
 7  7   1  0  0 -9
 8  8   1 -8  0 -9
 9  8   1 -7  0 -9
 9  9  -1 -6  0 -9
10  8   1 -7  0 -9
10 10  -1 -6  0 -9
11  8   1 -6  0 -9
11  9  -1 -5  0 -9
11 10  -1 -5  0 -9
11 12   1 -3  0 -9
12  8   1 -5  0 -9
12  9  -1 -4  0 -9
12 10  -1 -4  0 -9
12 11   1 -3  0 -9
13  0   1 -6  0 -9
13  2  -1 -5  0 -9
13  9  -1 -4  0 -9
13 14   1 -3  0 -9
14  2  -1 -4  0 -9
14  8   1 -6  0 -9
14  9  -1 -5  0 -9
14 13   1 -3  0 -9
15  2  -1 -3  0 -9
15  5  -1 -1  0 -9
15  6   1 -2  0 -9
15  8   1 -5  0 -9
15  9  -1 -4  0 -9
15 13   1 -2  0 -9
15 14  -1 -1  0 -9
15 15   1  0  0 -9
16  4  -1  0  0 -9
16  5  -1  0  0 -9
16  6   1 -1  0 -9
16  7   1  1  0 -9
16  8   1 -4  0 -9
16  9  -1 -3  0 -9
16 10  -1 -3  0 -9
16 11   1 -2  0 -9
16 12   1  1  0 -9
16 14  -1  0  0 -9
16 15   1  1  0 -9
16 16  -1  2  0 -9
17  2  -1 -4  0 -9
17 18   1 -3  0 -9
18  0   1 -6  0 -9
18  2  -1 -5  0 -9
18 17   1 -3  0 -9
19 19  -1 -6  0 -9
20 10  -1 -4  0 -9
20 19  -1 -4  0 -9
20 21   1 -3  0 -9
21  8   1 -6  0 -9
21 10  -1 -5  0 -9
21 19  -1 -5  0 -9
21 20   1 -3  0 -9
22 19  -1 -5  0 -9
22 23   1 -3  0 -9
23 19  -1 -4  0 -9
23 22   1 -3  0 -9
24 10  -1 -3  0 -9
24 11   1 -2  0 -9
24 12  -1 -1  0 -9
24 19  -1 -3  0 -9
24 20  -1 -1  0 -9
24 21   1 -2  0 -9
24 22   1 -2  0 -9
24 23  -1 -1  0 -9
24 24   1  0  0 -9
25  0   1 -5  0 -9
25  2   1 -2 -1 -4  0 -9
25  9  -1 -3  0 -9
25 10  -1 -3  0 -9
25 11   1 -2  0 -9
25 12  -1 -1  0 -9
25 13  -1 -1  0 -9
25 14   1 -2  0 -9
25 17   1 -2  0 -9
25 18  -1 -1  0 -9
25 19  -1 -3  0 -9
25 20  -1 -1  0 -9
25 21   1 -2  0 -9
25 22   1 -2  0 -9
25 23  -1 -1  0 -9
25 25   1  0  0 -9
26  2   1 -1  0 -9
26 10  -1 -2  0 -9
26 11   1 -1  0 -9
26 12  -1  0  0 -9
26 13  -1  0  0 -9
26 18  -1  0  0 -9
26 19  -1 -2  0 -9
26 20  -1  0  0 -9
26 21   1 -1  0 -9
26 22   1 -1  0 -9
26 23  -1  0  0 -9
26 24   1  1  0 -9
26 25   1  1  0 -9
26 26  -1  2  0 -9
27 27   1 -8  0 -9
28  8   1 -5  0 -9
28  9  -1 -4  0 -9
28 10  -1 -4  0 -9
28 27  -1 -4  0 -9
28 29   1 -3  0 -9
29  8   1 -6  0 -9
29  9  -1 -5  0 -9
29 10  -1 -5  0 -9
29 27   1 -7  0 -9
29 28   1 -3  0 -9
30  8   1 -4  0 -9
30  9  -1 -3  0 -9
30 10  -1 -3  0 -9
30 11   1 -2  0 -9
30 12  -1 -1  0 -9
30 27  -1 -3  0 -9
30 28  -1 -1  0 -9
30 29   1 -2  0 -9
30 30   1  0  0 -9
31 27   1 -7  0 -9
31 31  -1 -6  0 -9
32 31  -1 -4  0 -9
32 33   1 -3  0 -9
33 27   1 -6  0 -9
33 31  -1 -5  0 -9
33 32   1 -3  0 -9
34  8   1 -4  1 -6  0 -9
34  9  -1 -1 -1 -3 -1 -5  0 -9
34 10  -1 -3  0 -9
34 11   1 -2  0 -9
34 12  -1 -1  0 -9
34 27  -1 -3  0 -9
34 28  -1 -1  0 -9
34 29   1 -2  0 -9
34 31   1 -2  0 -9
34 32   1 -2  0 -9
34 33  -1 -1  0 -9
34 34   1  0  0 -9
35  8   1 -3  0 -9
35  9  -1  0 -1 -2  0 -9
35 10  -1 -2  0 -9
35 11   1 -1  0 -9
35 12  -1  0  0 -9
35 27  -1 -2  0 -9
35 28  -1  0  0 -9
35 29   1 -1  0 -9
35 30   1  1  0 -9
35 31   1 -1  0 -9
35 33  -1  0  0 -9
35 34   1  1  0 -9
35 35  -1  2  0 -9
36 36  -1 -6  0 -9
37  9  -1 -4  0 -9
37 36  -1 -4  0 -9
37 38   1 -3  0 -9
38  8   1 -6  0 -9
38  9  -1 -5  0 -9
38 36  -1 -5  0 -9
38 37   1 -3  0 -9
39  8   1 -5  0 -9
39  9  -1 -4  0 -9
39 36   1 -2  0 -9
39 37   1 -2  0 -9
39 38  -1 -1  0 -9
39 39   1  0  0 -9
40  8   1 -4  0 -9
40  9  -1 -3  0 -9
40 10  -1 -3  0 -9
40 11   1 -2  0 -9
40 12   1  1  0 -9
40 36   1 -1  0 -9
40 38  -1  0  0 -9
40 39   1  1  0 -9
40 40  -1  2  0 -9
41 27   1 -5  0 -9
41 31  -1 -4  0 -9
41 32   1 -2  0 -9
41 33  -1 -1  0 -9
41 36   1 -3  0 -9
41 41   1  0  0 -9
42 27   1 -7  0 -9
42 42  -1 -6  0 -9
43 42  -1 -4  0 -9
43 44   1 -3  0 -9
44 27   1 -6  0 -9
44 42  -1 -5  0 -9
44 43   1 -3  0 -9
45 27   1 -6  0 -9
45 31  -1 -5  0 -9
45 42  -1 -5  0 -9
45 46   1 -3  0 -9
46 27   1 -5  0 -9
46 31  -1 -4  0 -9
46 42  -1 -4  0 -9
46 45   1 -3  0 -9
47 42  -1 -3  0 -9
47 43  -1 -1  0 -9
47 44   1 -2  0 -9
47 45   1 -2  0 -9
47 46  -1 -1  0 -9
47 47   1  0  0 -9
48 31  -1 -3  0 -9
48 32  -1 -1  0 -9
48 33   1 -2  0 -9
48 42  -1 -3  0 -9
48 43  -1 -1  0 -9
48 44   1 -2  0 -9
48 45   1 -2  0 -9
48 46  -1 -1  0 -9
48 48   1  0  0 -9
49 32  -1  0  0 -9
49 42  -1 -2  0 -9
49 43  -1  0  0 -9
49 44   1 -1  0 -9
49 45   1 -1  0 -9
49 46  -1  0  0 -9
49 47   1  1  0 -9
49 48   1  1  0 -9
49 49  -1  2  0 -9
50 36  -1 -5  0 -9
50 51   1 -3  0 -9
51 36  -1 -4  0 -9
51 50   1 -3  0 -9
52 50   1 -2  0 -9
52 51  -1 -1  0 -9
52 52   1  0  0 -9
53 27   1 -4  0 -9
53 31  -1 -3  0 -9
53 33  -1  0  0 -9
53 36   1 -2  0 -9
53 41   1  1  0 -9
53 42  -1 -3  0 -9
53 45   1 -2  0 -9
53 46   1  1  0 -9
53 51  -1  0  0 -9
53 52   1  1  0 -9
53 53  -1  2  0 -9
54 55   1 -3  0 -9
55 54   1 -3  0 -9
56  9  -1 -3  0 -9
56 10  -1 -3  0 -9
56 11   1 -2  0 -9
56 12  -1 -1  0 -9
56 19  -1 -3  0 -9
56 20  -1 -1  0 -9
56 21   1 -2  0 -9
56 22   1 -2  0 -9
56 23  -1 -1  0 -9
56 36  -1 -3  0 -9
56 37  -1 -1  0 -9
56 38   1 -2  0 -9
56 50   1 -2  0 -9
56 51  -1 -1  0 -9
56 54  -1 -1  0 -9
56 55   1 -2  0 -9
56 56   1  0  0 -9
57 10  -1 -2  0 -9
57 11   1 -1  0 -9
57 12  -1  0  0 -9
57 19  -1 -2  0 -9
57 20  -1  0  0 -9
57 21   1 -1  0 -9
57 22   1 -1  0 -9
57 23  -1  0  0 -9
57 24   1  1  0 -9
57 37  -1  0  0 -9
57 50   1 -1  0 -9
57 51  -1  0  0 -9
57 52   1  1  0 -9
57 54  -1  0  0 -9
57 56   1  1  0 -9
57 57  -1  2  0 -9
58 54   1 -2  0 -9
58 55  -1 -1  0 -9
58 58   1  0  0 -9
59 19  -1 -3  0 -9
59 22   1 -2  0 -9
59 23   1  1  0 -9
59 55  -1  0  0 -9
59 58   1  1  0 -9
59 59  -1  2  0 -9
9999 9999
