 0  0   1 -8  0 -9
 1  0   1 -7  0 -9
 1  1  -1 -6  0 -9
 1  2   1 -7  0 -9
 2  2   1 -8  0 -9
 3  0   1 -7  0 -9
 3  3  -1 -6  0 -9
 3  4   1 -7  0 -9
 4  4   1 -8  0 -9
 5  0   1 -6  0 -9
 5  1  -1 -5  0 -9
 5  2   1 -6  0 -9
 5  3  -1 -5  0 -9
 5  4   1 -6  0 -9
 5  6  -1 -5  0 -9
 5  7   1 -3  0 -9
 5  8  -1 -4  0 -9
 5  9   1 -6  0 -9
 6  4   1 -7  0 -9
 6  6  -1 -6  0 -9
 6  9   1 -7  0 -9
 7  0   1 -5  0 -9
 7  1  -1 -4  0 -9
 7  3  -1 -4  0 -9
 7  4   1 -5  0 -9
 7  5   1 -3  0 -9
 7  6  -1 -4  0 -9
 7  8  -1 -5  0 -9
 7 10   1 -6  0 -9
 8  8  -1 -6  0 -9
 8 10   1 -7  0 -9
 9  9   1 -8  0 -9
10 10   1 -8  0 -9
11  6  -1 -4  0 -9
11  9   1 -5  0 -9
11 12   1 -3  0 -9
11 13  -1 -4  0 -9
12  4   1 -6  0 -9
12  6  -1 -5  0 -9
12  9   1 -6  0 -9
12 11   1 -3  0 -9
12 13  -1 -5  0 -9
12 14   1 -6  0 -9
13  9   1 -7  0 -9
13 13  -1 -6  0 -9
13 14   1 -7  0 -9
14 14   1 -8  0 -9
15  0   1 -5  0 -9
15  1  -1 -4  0 -9
15  2   1 -5  0 -9
15  3  -1 -4  0 -9
15 16  -1 -5  0 -9
15 17   1 -3  0 -9
15 18  -1 -4  0 -9
15 19   1 -6  0 -9
16 16  -1 -6  0 -9
16 19   1 -7  0 -9
17  0   1 -6  0 -9
17  1  -1 -5  0 -9
17  2   1 -6  0 -9
17  3  -1 -5  0 -9
17  4   1 -6  0 -9
17 15   1 -3  0 -9
17 16  -1 -4  0 -9
17 18  -1 -5  0 -9
17 20   1 -6  0 -9
18  2   1 -7  0 -9
18 18  -1 -6  0 -9
18 20   1 -7  0 -9
19 19   1 -8  0 -9
20 20   1 -8  0 -9
21 18  -1 -4  0 -9
21 20   1 -5  0 -9
21 22   1 -3  0 -9
21 24  -1 -4  0 -9
22  2   1 -6  0 -9
22 18  -1 -5  0 -9
22 20   1 -6  0 -9
22 21   1 -3  0 -9
22 23   1 -6  0 -9
22 24  -1 -5  0 -9
23 23   1 -8  0 -9
24 20   1 -7  0 -9
24 23   1 -7  0 -9
24 24  -1 -6  0 -9
25  0   1 -4  0 -9
25  1  -1 -3  0 -9
25  3  -1 -3  0 -9
25  5   1 -2  0 -9
25  6  -1 -3  0 -9
25  7  -1 -1  0 -9
25  8   1 -2 -1 -4  0 -9
25 10   1 -5  0 -9
25 11  -1 -1  0 -9
25 12   1 -2  0 -9
25 13  -1 -3  0 -9
25 15  -1 -1  0 -9
25 16   1 -2 -1 -4  0 -9
25 17   1 -2  0 -9
25 18  -1 -3  0 -9
25 19   1 -5  0 -9
25 21  -1 -1  0 -9
25 22   1 -2  0 -9
25 24  -1 -3  0 -9
25 25   1  0  0 -9
25 26  -1 -1  0 -9
25 27  -1 -1  0 -9
25 28   1 -2  0 -9
25 29  -1 -3  0 -9
25 30  -1 -3  0 -9
25 31   1 -2  0 -9
25 32   1 -4  0 -9
26  8  -1 -5  0 -9
26 10   1 -6  0 -9
26 23   1 -5  0 -9
26 24  -1 -4  0 -9
26 29  -1 -4  0 -9
26 30  -1 -4  0 -9
26 31   1 -3  0 -9
26 32   1 -5  0 -9
27 13  -1 -4  0 -9
27 14   1 -5  0 -9
27 16  -1 -5  0 -9
27 19   1 -6  0 -9
27 28   1 -3  0 -9
27 29  -1 -4  0 -9
27 30  -1 -4  0 -9
27 32   1 -5  0 -9
28  9   1 -6  0 -9
28 13  -1 -5  0 -9
28 14   1 -6  0 -9
28 16  -1 -4  0 -9
28 23   1 -6  0 -9
28 27   1 -3  0 -9
28 29  -1 -5  0 -9
28 30  -1 -5  0 -9
28 32   1 -6  0 -9
29 14   1 -7  0 -9
29 29  -1 -6  0 -9
29 32   1 -7  0 -9
30 23   1 -7  0 -9
30 30  -1 -6  0 -9
30 32   1 -7  0 -9
31  8  -1 -4  0 -9
31 14   1 -6  0 -9
31 20   1 -6  0 -9
31 23   1 -6  0 -9
31 24  -1 -5  0 -9
31 26   1 -3  0 -9
31 29  -1 -5  0 -9
31 30  -1 -5  0 -9
31 32   1 -6  0 -9
32 32   1 -8  0 -9
9999 9999
