 0  0   1  0  0 -9
 0  1  -1 -1  0 -9
 0  2  -1 -1  0 -9
 0  3   1 -2  0 -9
 0  4  -1 -3  0 -9
 0  5  -1 -3  0 -9
 0  6   1 -2  0 -9
 0  7   1 -4  0 -9
 1  4  -1 -4  0 -9
 1  5  -1 -4  0 -9
 1  6   1 -3  0 -9
 1  7   1 -5  0 -9
 2  3   1 -3  0 -9
 2  4  -1 -4  0 -9
 2  5  -1 -4  0 -9
 2  7   1 -5  0 -9
 3  2   1 -3  0 -9
 3  4  -1 -5  0 -9
 3  5  -1 -5  0 -9
 3  7   1 -6  0 -9
 4  4  -1 -6  0 -9
 4  7   1 -7  0 -9
 5  5  -1 -6  0 -9
 5  7   1 -7  0 -9
 6  1   1 -3  0 -9
 6  4  -1 -5  0 -9
 6  5  -1 -5  0 -9
 6  7   1 -6  0 -9
 7  7   1 -8  0 -9
 8  1  -1  0  0 -9
 8  8  -1  2  0 -9
 8  9  -1  0  0 -9
 8 10   1  1  0 -9
 8 11   1 -1  0 -9
 8 12   1  1  0 -9
 8 14  -1  0  0 -9
 8 15   1 -1  0 -9
 8 16  -1 -2  0 -9
 9  5  -1 -4  0 -9
 9 11  -1 -5  0 -9
 9 13   1 -3  0 -9
 9 16   1 -6  0 -9
10  5  -1 -3  0 -9
10  9  -1 -1  0 -9
10 10   1  0  0 -9
10 11   1 -2  0 -9
10 13   1 -2  0 -9
10 14  -1 -1  0 -9
10 15   1 -2  0 -9
10 16  -1 -3  0 -9
11 11  -1 -6  0 -9
11 16   1 -7  0 -9
12  1  -1 -1  0 -9
12  4  -1 -3  0 -9
12  5  -1 -3  0 -9
12  6   1 -2  0 -9
12  7   1 -4  0 -9
12 12   1  0  0 -9
12 14  -1 -1  0 -9
12 15   1 -2  0 -9
12 16  -1 -3  0 -9
13  5  -1 -5  0 -9
13  7   1 -6  0 -9
13  9   1 -3  0 -9
13 11  -1 -4  0 -9
14  4  -1 -4  0 -9
14  5  -1 -4  0 -9
14  7   1 -5  0 -9
14 15   1 -3  0 -9
14 16  -1 -4  0 -9
15  4  -1 -5  0 -9
15  5  -1 -5  0 -9
15  7   1 -6  0 -9
15 14   1 -3  0 -9
15 16   1 -7  0 -9
16 16   1 -8  0 -9
17  3  -1  0  0 -9
17  4   1 -1  0 -9
17  5   1 -1  0 -9
17  7  -1 -2  0 -9
17 13  -1  0  0 -9
17 17  -1  2  0 -9
17 18  -1  0  0 -9
17 19   1  1  0 -9
17 20   1  1  0 -9
17 21  -1  0  0 -9
17 22   1 -1  0 -9
17 23   1 -1  0 -9
17 24  -1 -2  0 -9
18  7  -1 -4  0 -9
18 11  -1 -4  0 -9
18 16   1 -5  0 -9
18 23   1 -3  0 -9
18 24  -1 -4  0 -9
19  4   1 -2  0 -9
19  7  -1 -3  0 -9
19 18  -1 -1  0 -9
19 19   1  0  0 -9
19 21  -1 -1  0 -9
19 22   1 -2  0 -9
19 23   1 -2  0 -9
19 24  -1 -3  0 -9
20  2   1 -2  0 -9
20  3  -1 -1  0 -9
20  4   1 -2 -1 -4  0 -9
20  5   1 -2 -1 -4  0 -9
20  7  -1 -3  1 -5  0 -9
20  9   1 -2  0 -9
20 11  -1 -3  0 -9
20 13  -1 -1  0 -9
20 18  -1 -1  0 -9
20 20   1  0  0 -9
20 21  -1 -1  0 -9
20 22   1 -2  0 -9
20 23   1 -2  0 -9
20 24  -1 -3  0 -9
21  4  -1 -5  0 -9
21  7   1 -6  0 -9
21 22   1 -3  0 -9
21 24  -1 -4  0 -9
22  4  -1 -4  0 -9
22 16   1 -6  0 -9
22 21   1 -3  0 -9
22 24  -1 -5  0 -9
23  7   1 -7  0 -9
23 11  -1 -5  0 -9
23 16   1 -6  0 -9
23 18   1 -3  0 -9
23 24  -1 -5  0 -9
24 16   1 -7  0 -9
24 24  -1 -6  0 -9
25  7  -1 -3  0 -9
25 11  -1 -3  0 -9
25 16   1 -4  0 -9
25 18  -1 -1  0 -9
25 23   1 -2  0 -9
25 24  -1 -3  0 -9
25 25   1  0  0 -9
25 27  -1 -1  0 -9
25 28   1 -2  0 -9
26  4   1 -1  0 -9
26  7  -1 -2  0 -9
26 18  -1  0  0 -9
26 19   1  1  0 -9
26 21  -1  0  0 -9
26 23   1 -1  0 -9
26 25   1  1  0 -9
26 26  -1  2  0 -9
26 27  -1  0  0 -9
27 11  -1 -4  0 -9
27 16   1 -5  0 -9
27 24  -1 -4  0 -9
27 28   1 -3  0 -9
28 11  -1 -5  0 -9
28 16   1 -6  0 -9
28 24  -1 -5  0 -9
28 27   1 -3  0 -9
29  0   1  1  0 -9
29  1  -1  0  0 -9
29  2  -1  0  0 -9
29  3   1 -1  0 -9
29 29  -1  2  0 -9
29 30   1  1  0 -9
29 31   1  1  0 -9
29 32  -1  0  0 -9
29 33  -1 -3  0 -9
29 35   1 -2  0 -9
29 36  -1 -3  0 -9
29 37   1 -4  0 -9
30 33  -1 -4  0 -9
30 35   1 -3  0 -9
30 36  -1 -4  0 -9
30 37   1 -5  0 -9
31  2  -1 -1  0 -9
31  3   1 -2  0 -9
31  5  -1 -3  0 -9
31 31   1  0  0 -9
31 32  -1 -1  0 -9
31 33  -1 -4  0 -9
31 34   1 -2  0 -9
31 37   1 -5  0 -9
32  5  -1 -4  0 -9
32 33  -1 -5  0 -9
32 34   1 -3  0 -9
32 37   1 -6  0 -9
33 33  -1 -6  0 -9
33 37   1 -7  0 -9
34  5  -1 -5  0 -9
34  7   1 -6  0 -9
34 32   1 -3  0 -9
34 33  -1 -4  0 -9
35 30   1 -3  0 -9
35 33  -1 -5  0 -9
35 36  -1 -5  0 -9
35 37   1 -6  0 -9
36 36  -1 -6  0 -9
36 37   1 -7  0 -9
37 37   1 -8  0 -9
38  4   1 -1  0 -9
38  5   1 -1  0 -9
38  6  -1  0  0 -9
38  7  -1 -2  0 -9
38 30  -1  0  0 -9
38 33  -1  0 -1 -2  0 -9
38 35   1 -1  0 -9
38 36  -1 -2  0 -9
38 37   1 -3  0 -9
38 38  -1  2  0 -9
38 39  -1  0  0 -9
38 40   1  1  0 -9
38 41   1 -1  0 -9
38 42   1  1  0 -9
38 44  -1  0  0 -9
38 45   1 -1  0 -9
38 46  -1 -2  0 -9
39  5  -1 -5  0 -9
39  7   1 -6  0 -9
39 41  -1 -5  0 -9
39 43   1 -3  0 -9
39 46   1 -6  0 -9
40  1   1 -2  0 -9
40  4   1 -2  0 -9
40  5   1 -2 -1 -4  0 -9
40  6  -1 -1  0 -9
40  7  -1 -3  0 -9
40 30  -1 -1  0 -9
40 33  -1 -1 -1 -3 -1 -5  0 -9
40 35   1 -2  0 -9
40 36  -1 -3  0 -9
40 37   1 -4  1 -6  0 -9
40 39  -1 -1  0 -9
40 40   1  0  0 -9
40 41   1 -2  0 -9
40 43   1 -2  0 -9
40 44  -1 -1  0 -9
40 45   1 -2  0 -9
40 46  -1 -3  0 -9
41  7   1 -7  0 -9
41 41  -1 -6  0 -9
41 46   1 -7  0 -9
42 30  -1 -1  0 -9
42 33  -1 -3  0 -9
42 35   1 -2  0 -9
42 36  -1 -3  0 -9
42 37   1 -4  0 -9
42 42   1  0  0 -9
42 44  -1 -1  0 -9
42 45   1 -2  0 -9
42 46  -1 -3  0 -9
43  5  -1 -4  0 -9
43  7   1 -5  0 -9
43 39   1 -3  0 -9
43 41  -1 -4  0 -9
44 33  -1 -4  0 -9
44 36  -1 -4  0 -9
44 37   1 -5  0 -9
44 45   1 -3  0 -9
44 46  -1 -4  0 -9
45 33  -1 -5  0 -9
45 36  -1 -5  0 -9
45 37   1 -6  0 -9
45 44   1 -3  0 -9
45 46   1 -7  0 -9
46 46   1 -8  0 -9
47 30  -1  0  0 -9
47 42   1  1  0 -9
47 44  -1  0  0 -9
47 45   1 -1  0 -9
47 46  -1 -2  0 -9
47 47  -1  2  0 -9
47 49   1  1  0 -9
47 50  -1  0  0 -9
47 51   1 -1  0 -9
48  5  -1 -3  0 -9
48  9  -1 -1  0 -9
48 11  -1 -4  0 -9
48 13   1 -2  0 -9
48 16   1 -5  0 -9
48 39   1 -2  0 -9
48 43  -1 -1  0 -9
48 46  -1 -4  0 -9
48 48   1  0  0 -9
48 51   1 -3  0 -9
49 36  -1 -3  0 -9
49 44  -1 -1  0 -9
49 45   1 -2  0 -9
49 46  -1 -3  0 -9
49 49   1  0  0 -9
49 50  -1 -1  0 -9
49 51   1 -2  0 -9
49 52   1 -2  0 -9
50 36  -1 -4  0 -9
50 46   1 -6  0 -9
50 51  -1 -5  0 -9
50 52   1 -3  0 -9
51 46   1 -7  0 -9
51 51  -1 -6  0 -9
52 36  -1 -5  0 -9
52 37   1 -6  0 -9
52 50   1 -3  0 -9
52 51  -1 -4  0 -9
53  2  -1  0  0 -9
53  4   1 -2  0 -9
53  7  -1 -3  0 -9
53 31   1  1  0 -9
53 32  -1  0  0 -9
53 33  -1 -3  0 -9
53 34   1 -1  0 -9
53 37   1 -4  0 -9
53 43  -1  0  0 -9
53 53  -1  2  0 -9
53 54  -1  0  0 -9
53 55   1  1  0 -9
53 56   1  1  0 -9
53 57  -1  0  0 -9
53 58   1 -1  0 -9
53 59   1 -1  0 -9
53 60  -1 -2  0 -9
54 41  -1 -4  0 -9
54 46   1 -5  0 -9
54 59   1 -3  0 -9
54 60  -1 -4  0 -9
55  4   1 -3  0 -9
55  7  -1 -4  0 -9
55 33  -1 -4  0 -9
55 37   1 -5  0 -9
55 54  -1 -1  0 -9
55 55   1  0  0 -9
55 57  -1 -1  0 -9
55 58   1 -2  0 -9
55 59   1 -2  0 -9
55 60  -1 -3  0 -9
56  5  -1 -3  0 -9
56 32  -1 -1  0 -9
56 33   1 -2 -1 -4  0 -9
56 34   1 -2  0 -9
56 37   1 -5  0 -9
56 39   1 -2  0 -9
56 41  -1 -3  0 -9
56 43  -1 -1  0 -9
56 54  -1 -1  0 -9
56 56   1  0  0 -9
56 57  -1 -1  0 -9
56 58   1 -2  0 -9
56 59   1 -2  0 -9
56 60  -1 -3  0 -9
57 33  -1 -5  0 -9
57 37   1 -6  0 -9
57 58   1 -3  0 -9
57 60  -1 -4  0 -9
58 33  -1 -4  0 -9
58 46   1 -6  0 -9
58 57   1 -3  0 -9
58 60  -1 -5  0 -9
59  7   1 -6  0 -9
59 41  -1 -5  0 -9
59 46   1 -6  0 -9
59 54   1 -3  0 -9
59 60  -1 -5  0 -9
60 46   1 -7  0 -9
60 60  -1 -6  0 -9
61  7  -1 -3  0 -9
61  9  -1  0  0 -9
61 11  -1 -3  0 -9
61 16   1 -4  0 -9
61 18   1  1  0 -9
61 23   1 -2  0 -9
61 24  -1 -3  0 -9
61 32  -1  0  0 -9
61 33   1 -1  0 -9
61 39   1 -1  0 -9
61 43  -1  0  0 -9
61 46  -1 -3  0 -9
61 48   1  1  0 -9
61 51   1 -2  0 -9
61 54  -1  0  0 -9
61 56   1  1  0 -9
61 57  -1  0  0 -9
61 58   1 -1  0 -9
61 61  -1  2  0 -9
61 62   1  1  0 -9
61 63  -1  0  0 -9
62 33   1 -2  0 -9
62 37  -1 -3  0 -9
62 57  -1 -1  0 -9
62 58   1 -2  0 -9
62 60  -1 -3  0 -9
62 62   1  0  0 -9
62 63  -1 -1  0 -9
62 64   1 -2  0 -9
63 37  -1 -4  0 -9
63 46   1 -5  0 -9
63 51  -1 -4  0 -9
63 60  -1 -4  0 -9
63 64   1 -3  0 -9
64 37   1 -7  0 -9
64 46   1 -6  0 -9
64 51  -1 -5  0 -9
64 60  -1 -5  0 -9
64 63   1 -3  0 -9
65  7  -1 -2  0 -9
65 11  -1  0 -1 -2  0 -9
65 16   1 -3  0 -9
65 18  -1  0  0 -9
65 23   1 -1  0 -9
65 24  -1 -2  0 -9
65 25   1  1  0 -9
65 27  -1  0  0 -9
65 28   1 -1  0 -9
65 41   1 -1  0 -9
65 46  -1 -2  0 -9
65 51   1 -1  0 -9
65 59  -1  0  0 -9
65 60   1 -1  0 -9
65 65  -1  2  0 -9
65 67   1  1  0 -9
65 68  -1  0  0 -9
66 33   1 -1  0 -9
66 37  -1 -2  0 -9
66 57  -1  0  0 -9
66 62   1  1  0 -9
66 63  -1  0  0 -9
66 64   1 -1  0 -9
66 66  -1  2  0 -9
66 69   1  1  0 -9
66 70  -1  0  0 -9
67  7  -1 -3  0 -9
67 11  -1 -1 -1 -3 -1 -5  0 -9
67 16   1 -4  1 -6  0 -9
67 18  -1 -1  0 -9
67 23   1 -2  0 -9
67 24  -1 -3  0 -9
67 27  -1 -1  0 -9
67 28   1 -2  0 -9
67 41   1 -2  0 -9
67 46  -1 -3  0 -9
67 51   1 -2  0 -9
67 54   1 -2  0 -9
67 59  -1 -1  0 -9
67 60   1 -2 -1 -4  0 -9
67 67   1  0  0 -9
67 68  -1 -1  0 -9
67 70   1 -2  0 -9
68 46   1 -6  0 -9
68 51  -1 -5  0 -9
68 60  -1 -5  0 -9
68 70   1 -3  0 -9
69 37  -1 -3  0 -9
69 46   1 -4  0 -9
69 51  -1 -3  0 -9
69 60  -1 -3  0 -9
69 63  -1 -1  0 -9
69 64   1 -2  0 -9
69 68   1 -2  0 -9
69 69   1  0  0 -9
69 70  -1 -1  0 -9
70 46   1 -5  0 -9
70 51  -1 -4  0 -9
70 60  -1 -4  0 -9
70 68   1 -3  0 -9
71  5  -1 -3  0 -9
71  9  -1 -1  0 -9
71 11   1 -2 -1 -4  0 -9
71 13   1 -2  0 -9
71 16   1 -5  0 -9
71 39   1 -2  0 -9
71 41  -1 -3  0 -9
71 43  -1 -1  0 -9
71 54  -1 -1  0 -9
71 59   1 -2  0 -9
71 60  -1 -3  0 -9
71 71   1  0  0 -9
71 73  -1 -1  0 -9
71 74   1 -2  0 -9
72  4   1 -2  0 -9
72  7  -1 -3  0 -9
72  9  -1  0  0 -9
72 10   1  1  0 -9
72 11   1 -1  0 -9
72 13   1 -1  0 -9
72 14  -1  0  0 -9
72 33  -1 -3  0 -9
72 36  -1 -3  0 -9
72 37   1 -4  0 -9
72 43  -1  0  0 -9
72 44   1  1  0 -9
72 45   1 -2  0 -9
72 46  -1 -3  0 -9
72 54  -1  0  0 -9
72 55   1  1  0 -9
72 57  -1  0  0 -9
72 59   1 -1  0 -9
72 71   1  1  0 -9
72 72  -1  2  0 -9
72 73  -1  0  0 -9
73 11  -1 -5  0 -9
73 16   1 -6  0 -9
73 60  -1 -4  0 -9
73 74   1 -3  0 -9
74 11  -1 -4  0 -9
74 46   1 -6  0 -9
74 60  -1 -5  0 -9
74 73   1 -3  0 -9
75  5  -1 -2  0 -9
75  9  -1  0  0 -9
75 11  -1 -3  0 -9
75 13   1 -1  0 -9
75 16   1 -4  0 -9
75 39   1 -1  0 -9
75 43  -1  0  0 -9
75 46  -1 -3  0 -9
75 48   1  1  0 -9
75 51   1 -2  0 -9
75 54  -1  0  0 -9
75 71   1  1  0 -9
75 73  -1  0  0 -9
75 74   1 -1  0 -9
75 75  -1  2  0 -9
75 77   1  1  0 -9
75 78  -1  0  0 -9
76 36  -1 -2  0 -9
76 44  -1  0  0 -9
76 45   1 -1  0 -9
76 46  -1 -2  0 -9
76 49   1  1  0 -9
76 50  -1  0  0 -9
76 51   1 -1  0 -9
76 52   1 -1  0 -9
76 58  -1  0  0 -9
76 60   1 -1  0 -9
76 76  -1  2  0 -9
76 79   1  1  0 -9
76 80  -1  0  0 -9
77 11  -1 -4  0 -9
77 16   1 -5  0 -9
77 60  -1 -3  0 -9
77 73  -1 -1  0 -9
77 74   1 -2  0 -9
77 77   1  0  0 -9
77 78  -1 -1  0 -9
77 80   1 -2  0 -9
78 46   1 -5  0 -9
78 51  -1 -4  0 -9
78 60  -1 -4  0 -9
78 80   1 -3  0 -9
79 33  -1 -3  0 -9
79 36  -1 -3  0 -9
79 44  -1 -1  0 -9
79 45   1 -2  0 -9
79 46  -1 -3  1 -5  0 -9
79 50  -1 -1  0 -9
79 51   1 -2 -1 -4  0 -9
79 52   1 -2  0 -9
79 57   1 -2  0 -9
79 58  -1 -1  0 -9
79 60   1 -2 -1 -4  0 -9
79 78   1 -2  0 -9
79 79   1  0  0 -9
79 80  -1 -1  0 -9
80 46   1 -6  0 -9
80 51  -1 -5  0 -9
80 60  -1 -5  0 -9
80 78   1 -3  0 -9
81 11  -1 -3  0 -9
81 16   1 -4  0 -9
81 24  -1 -3  0 -9
81 27   1  1  0 -9
81 28   1 -2  0 -9
81 70  -1  0  0 -9
81 73  -1  0  0 -9
81 77   1  1  0 -9
81 78  -1  0  0 -9
81 80   1 -1  0 -9
81 81  -1  2  0 -9
81 82   1  1  0 -9
82 46   1 -4  0 -9
82 51  -1 -3  0 -9
82 60  -1 -3  0 -9
82 68   1 -2  0 -9
82 70  -1 -1  0 -9
82 78  -1 -1  0 -9
82 80   1 -2  0 -9
82 82   1  0  0 -9
9999 9999
