 0  1   1 -3  0 -9
 0  5  -1 -4  0 -9
 0  9  -1 -4  0 -9
 0 11   1 -5  0 -9
 1  0   1 -3  0 -9
 1  3   1 -6  0 -9
 1  5  -1 -5  0 -9
 1  9  -1 -5  0 -9
 1 11   1 -6  0 -9
 2  6  -1 -5  0 -9
 2  9  -1 -4  0 -9
 2 10   1 -3  0 -9
 2 12   1 -6  0 -9
 3  3   1 -8  0 -9
 4  4   1 -8  0 -9
 5  3   1 -7  0 -9
 5  5  -1 -6  0 -9
 5 11   1 -7  0 -9
 6  6  -1 -6  0 -9
 6 12   1 -7  0 -9
 7  4   1 -7  0 -9
 7  7  -1 -6  0 -9
 7 13   1 -7  0 -9
 8  8  -1 -6  0 -9
 8 14   1 -7  0 -9
 9  9  -1 -6  0 -9
 9 11   1 -7  0 -9
10  2   1 -3  0 -9
10  6  -1 -4  0 -9
10  9  -1 -5  0 -9
10 11   1 -6  0 -9
11 11   1 -8  0 -9
12 12   1 -8  0 -9
13 13   1 -8  0 -9
14 14   1 -8  0 -9
9999 9999
