 0  0   1  0  0 -9
 0  1  -1 -1  0 -9
 0  2  -1 -1  0 -9
 0  3   1 -2  0 -9
 0  4  -1 -3  0 -9
 0  5  -1 -3  0 -9
 0  6   1 -2  0 -9
 0  7   1 -4  0 -9
 1  4  -1 -4  0 -9
 1  5  -1 -4  0 -9
 1  6   1 -3  0 -9
 1  7   1 -5  0 -9
 2  3   1 -3  0 -9
 2  4  -1 -4  0 -9
 2  5  -1 -4  0 -9
 2  7   1 -5  0 -9
 3  2   1 -3  0 -9
 3  4  -1 -5  0 -9
 3  5  -1 -5  0 -9
 3  7   1 -6  0 -9
 4  4  -1 -6  0 -9
 4  7   1 -7  0 -9
 5  5  -1 -6  0 -9
 5  7   1 -7  0 -9
 6  1   1 -3  0 -9
 6  4  -1 -5  0 -9
 6  5  -1 -5  0 -9
 6  7   1 -6  0 -9
 7  7   1 -8  0 -9
 8  0   1  1  0 -9
 8  1  -1  0  0 -9
 8  2  -1  0  0 -9
 8  3   1 -1  0 -9
 8  8  -1  2  0 -9
 8  9   1  1  0 -9
 8 10   1  1  0 -9
 8 11  -1  0  0 -9
 8 12  -1 -3  0 -9
 8 14   1 -2  0 -9
 8 15  -1 -3  0 -9
 8 16   1 -4  0 -9
 9 12  -1 -4  0 -9
 9 14   1 -3  0 -9
 9 15  -1 -4  0 -9
 9 16   1 -5  0 -9
10  2  -1 -1  0 -9
10  3   1 -2  0 -9
10  5  -1 -3  0 -9
10 10   1  0  0 -9
10 11  -1 -1  0 -9
10 12  -1 -4  0 -9
10 13   1 -2  0 -9
10 16   1 -5  0 -9
11  5  -1 -4  0 -9
11 12  -1 -5  0 -9
11 13   1 -3  0 -9
11 16   1 -6  0 -9
12 12  -1 -6  0 -9
12 16   1 -7  0 -9
13  5  -1 -5  0 -9
13  7   1 -6  0 -9
13 11   1 -3  0 -9
13 12  -1 -4  0 -9
14  9   1 -3  0 -9
14 12  -1 -5  0 -9
14 15  -1 -5  0 -9
14 16   1 -6  0 -9
15 15  -1 -6  0 -9
15 16   1 -7  0 -9
16 16   1 -8  0 -9
17  4  -1 -4  0 -9
17 18   1 -3  0 -9
18  4  -1 -5  0 -9
18  7   1 -6  0 -9
18 17   1 -3  0 -9
19  4   1 -1  0 -9
19  7  -1 -2  0 -9
19 12  -1  0 -1 -2  0 -9
19 16   1 -3  0 -9
19 18  -1  0  0 -9
19 19  -1  2  0 -9
19 20  -1  0  0 -9
19 21   1  1  0 -9
19 22   1  1  0 -9
19 23  -1  0  0 -9
19 24   1 -1  0 -9
19 25   1 -1  0 -9
19 26  -1 -2  0 -9
20  7  -1 -4  0 -9
20 12  -1 -4  0 -9
20 16   1 -5  0 -9
20 25   1 -3  0 -9
20 26  -1 -4  0 -9
21  4   1 -2  0 -9
21  7  -1 -3  0 -9
21 12  -1 -1 -1 -3 -1 -5  0 -9
21 16   1 -4  1 -6  0 -9
21 17   1 -2  0 -9
21 18  -1 -1  0 -9
21 20  -1 -1  0 -9
21 21   1  0  0 -9
21 23  -1 -1  0 -9
21 24   1 -2  0 -9
21 25   1 -2  0 -9
21 26  -1 -3  0 -9
22  7  -1 -3  0 -9
22 12  -1 -3  0 -9
22 16   1 -4  0 -9
22 20  -1 -1  0 -9
22 22   1  0  0 -9
22 23  -1 -1  0 -9
22 24   1 -2  0 -9
22 25   1 -2  0 -9
22 26  -1 -3  0 -9
23 12  -1 -4  0 -9
23 16   1 -5  0 -9
23 24   1 -3  0 -9
23 26  -1 -4  0 -9
24 12  -1 -5  0 -9
24 16   1 -6  0 -9
24 23   1 -3  0 -9
24 26  -1 -5  0 -9
25  7   1 -7  0 -9
25 12  -1 -5  0 -9
25 16   1 -6  0 -9
25 20   1 -3  0 -9
25 26  -1 -5  0 -9
26 16   1 -7  0 -9
26 26  -1 -6  0 -9
27  9  -1  0  0 -9
27 12  -1  0 -1 -2  0 -9
27 14   1 -1  0 -9
27 15  -1 -2  0 -9
27 16   1 -3  0 -9
27 27  -1  2  0 -9
27 28  -1  0  0 -9
27 29   1  1  0 -9
27 30   1 -1  0 -9
27 31   1  1  0 -9
27 33  -1  0  0 -9
27 34   1 -1  0 -9
27 35  -1 -2  0 -9
28 30  -1 -5  0 -9
28 32   1 -3  0 -9
28 35   1 -6  0 -9
29  9  -1 -1  0 -9
29 12  -1 -1 -1 -3 -1 -5  0 -9
29 14   1 -2  0 -9
29 15  -1 -3  0 -9
29 16   1 -4  1 -6  0 -9
29 28  -1 -1  0 -9
29 29   1  0  0 -9
29 30   1 -2  0 -9
29 32   1 -2  0 -9
29 33  -1 -1  0 -9
29 34   1 -2  0 -9
29 35  -1 -3  0 -9
30 30  -1 -6  0 -9
30 35   1 -7  0 -9
31  9  -1 -1  0 -9
31 12  -1 -3  0 -9
31 14   1 -2  0 -9
31 15  -1 -3  0 -9
31 16   1 -4  0 -9
31 31   1  0  0 -9
31 33  -1 -1  0 -9
31 34   1 -2  0 -9
31 35  -1 -3  0 -9
32 28   1 -3  0 -9
32 30  -1 -4  0 -9
33 12  -1 -4  0 -9
33 15  -1 -4  0 -9
33 16   1 -5  0 -9
33 34   1 -3  0 -9
33 35  -1 -4  0 -9
34 12  -1 -5  0 -9
34 15  -1 -5  0 -9
34 16   1 -6  0 -9
34 33   1 -3  0 -9
34 35   1 -7  0 -9
35 35   1 -8  0 -9
36  2  -1  0  0 -9
36  3   1 -1  0 -9
36  5  -1 -2  0 -9
36 10   1  1  0 -9
36 11  -1  0  0 -9
36 12  -1 -3  0 -9
36 13   1 -1  0 -9
36 16   1 -4  0 -9
36 17  -1  0  0 -9
36 32  -1  0  0 -9
36 36  -1  2  0 -9
36 37  -1  0  0 -9
36 38   1  1  0 -9
36 39   1  1  0 -9
36 40  -1  0  0 -9
36 41   1 -1  0 -9
36 42   1 -1  0 -9
36 43  -1 -2  0 -9
37 30  -1 -4  0 -9
37 35   1 -5  0 -9
37 42   1 -3  0 -9
37 43  -1 -4  0 -9
38 12  -1 -4  0 -9
38 16   1 -5  0 -9
38 37  -1 -1  0 -9
38 38   1  0  0 -9
38 40  -1 -1  0 -9
38 41   1 -2  0 -9
38 42   1 -2  0 -9
38 43  -1 -3  0 -9
39  2  -1 -1  0 -9
39  3   1 -2  0 -9
39  4  -1 -3  0 -9
39  5  -1 -3  0 -9
39 11  -1 -1  0 -9
39 12   1 -2 -1 -4  0 -9
39 13   1 -2  0 -9
39 16   1 -5  0 -9
39 17  -1 -1  0 -9
39 18   1 -2  0 -9
39 28   1 -2  0 -9
39 30  -1 -3  0 -9
39 32  -1 -1  0 -9
39 37  -1 -1  0 -9
39 39   1  0  0 -9
39 40  -1 -1  0 -9
39 41   1 -2  0 -9
39 42   1 -2  0 -9
39 43  -1 -3  0 -9
40 12  -1 -5  0 -9
40 16   1 -6  0 -9
40 41   1 -3  0 -9
40 43  -1 -4  0 -9
41 12  -1 -4  0 -9
41 35   1 -6  0 -9
41 40   1 -3  0 -9
41 43  -1 -5  0 -9
42 30  -1 -5  0 -9
42 35   1 -6  0 -9
42 37   1 -3  0 -9
42 43  -1 -5  0 -9
43 35   1 -7  0 -9
43 43  -1 -6  0 -9
44 30  -1 -3  0 -9
44 35   1 -4  0 -9
44 37  -1 -1  0 -9
44 42   1 -2  0 -9
44 43  -1 -3  0 -9
44 44   1  0  0 -9
44 46  -1 -1  0 -9
44 47   1 -2  0 -9
45 12  -1 -3  0 -9
45 16   1 -4  0 -9
45 23   1  1  0 -9
45 24   1 -2  0 -9
45 26  -1 -3  0 -9
45 37  -1  0  0 -9
45 38   1  1  0 -9
45 40  -1  0  0 -9
45 42   1 -1  0 -9
45 44   1  1  0 -9
45 45  -1  2  0 -9
45 46  -1  0  0 -9
46 30  -1 -4  0 -9
46 35   1 -5  0 -9
46 43  -1 -4  0 -9
46 47   1 -3  0 -9
47 30  -1 -5  0 -9
47 35   1 -6  0 -9
47 43  -1 -5  0 -9
47 46   1 -3  0 -9
9999 9999
