 0  0   1 -8  0 -9
 1  0  -1 -4  0 -9
 1  2   1 -3  0 -9
 2  0   1 -7  0 -9
 2  1   1 -3  0 -9
 3  0  -1 -3  0 -9
 3  1  -1 -1  0 -9
 3  2   1 -2  0 -9
 3  3   1  0  0 -9
 4  0   1 -7  0 -9
 4  4  -1 -6  0 -9
 5  4  -1 -4  0 -9
 5  6   1 -3  0 -9
 6  0   1 -6  0 -9
 6  4  -1 -5  0 -9
 6  5   1 -3  0 -9
 7  0  -1 -3  0 -9
 7  1  -1 -1  0 -9
 7  2   1 -2  0 -9
 7  4   1 -2  0 -9
 7  5   1 -2  0 -9
 7  6  -1 -1  0 -9
 7  7   1  0  0 -9
 8  0  -1 -2  0 -9
 8  1  -1  0  0 -9
 8  2   1 -1  0 -9
 8  3   1  1  0 -9
 8  4   1 -1  0 -9
 8  6  -1  0  0 -9
 8  7   1  1  0 -9
 8  8  -1  2  0 -9
 9 10   1 -3  0 -9
10  9   1 -3  0 -9
11  9  -1 -1  0 -9
11 10   1 -2  0 -9
11 11   1  0  0 -9
12  9  -1  0  0 -9
12 11   1  1  0 -9
12 12  -1  2  0 -9
13 14   1 -3  0 -9
14 13   1 -3  0 -9
15 13  -1 -1  0 -9
15 14   1 -2  0 -9
15 15   1  0  0 -9
16 13  -1  0  0 -9
16 15   1  1  0 -9
16 16  -1  2  0 -9
17  9  -1 -1  0 -9
17 10   1 -2  0 -9
17 13   1 -2  0 -9
17 14  -1 -1  0 -9
17 17   1  0  0 -9
18  9  -1  0  0 -9
18 10   1 -1  0 -9
18 11   1  1  0 -9
18 14  -1  0  0 -9
18 17   1  1  0 -9
18 18  -1  2  0 -9
19 19   1  0  0 -9
20 19   1  1  0 -9
20 20  -1  2  0 -9
21 21  -1 -6  0 -9
22 21  -1 -4  0 -9
22 23   1 -3  0 -9
23 21  -1 -5  0 -9
23 22   1 -3  0 -9
24 21   1 -2  0 -9
24 22   1 -2  0 -9
24 23  -1 -1  0 -9
24 24   1  0  0 -9
25 21   1 -1  0 -9
25 23  -1  0  0 -9
25 24   1  1  0 -9
25 25  -1  2  0 -9
26  0   1 -5  0 -9
26  4  -1 -4  0 -9
26  5   1 -2  0 -9
26  6  -1 -1  0 -9
26 21   1 -3  0 -9
26 26   1  0  0 -9
27 28   1 -3  0 -9
28 27   1 -3  0 -9
29 27  -1 -1  0 -9
29 28   1 -2  0 -9
29 29   1  0  0 -9
30 27  -1  0  0 -9
30 29   1  1  0 -9
30 30  -1  2  0 -9
31 27   1 -2  0 -9
31 28  -1 -1  0 -9
31 31   1  0  0 -9
32 28  -1  0  0 -9
32 31   1  1  0 -9
32 32  -1  2  0 -9
33 13   1 -2  0 -9
33 14  -1 -1  0 -9
33 33   1  0  0 -9
34 14  -1  0  0 -9
34 33   1  1  0 -9
34 34  -1  2  0 -9
35 35  -1  2  0 -9
9999 9999
