 0  0   1 -8  0 -9
 1  1  -1 -6  0 -9
 1  2   1 -7  0 -9
 2  2   1 -8  0 -9
 3  0   1 -7  0 -9
 3  3  -1 -6  0 -9
 3  4   1 -7  0 -9
 4  4   1 -8  0 -9
 5  0   1 -6  0 -9
 5  3  -1 -5  0 -9
 5  4   1 -6  0 -9
 5  6  -1 -5  0 -9
 5  7   1 -3  0 -9
 5  8  -1 -4  0 -9
 5  9   1 -6  0 -9
 6  4   1 -7  0 -9
 6  6  -1 -6  0 -9
 6  9   1 -7  0 -9
 7  3  -1 -4  0 -9
 7  4   1 -5  0 -9
 7  5   1 -3  0 -9
 7  6  -1 -4  0 -9
 7  8  -1 -5  0 -9
 7 10   1 -6  0 -9
 8  8  -1 -6  0 -9
 8 10   1 -7  0 -9
 9  9   1 -8  0 -9
10 10   1 -8  0 -9
11  1  -1 -5  0 -9
11  2   1 -6  0 -9
11  6  -1 -4  0 -9
11  9   1 -5  0 -9
11 12   1 -3  0 -9
11 13  -1 -4  0 -9
12  1  -1 -4  0 -9
12  4   1 -6  0 -9
12  6  -1 -5  0 -9
12  9   1 -6  0 -9
12 11   1 -3  0 -9
12 13  -1 -5  0 -9
12 14   1 -6  0 -9
13  9   1 -7  0 -9
13 13  -1 -6  0 -9
13 14   1 -7  0 -9
14 14   1 -8  0 -9
9999 9999
