 0  0   1 -8  0 -9
 1  0   1 -7  0 -9
 1  1  -1 -6  0 -9
 2  2   1 -8  0 -9
 3  2   1 -7  0 -9
 3  3  -1 -6  0 -9
 4  4   1 -8  0 -9
 5  4   1 -7  0 -9
 5  5  -1 -6  0 -9
 6  2   1 -6  0 -9
 6  3  -1 -5  0 -9
 6  5  -1 -4  0 -9
 6  7   1 -3  0 -9
 7  3  -1 -4  0 -9
 7  4   1 -6  0 -9
 7  5  -1 -5  0 -9
 7  6   1 -3  0 -9
 8  8   1 -8  0 -9
 9  0   1 -7  0 -9
 9  4   1 -7  0 -9
 9  8   1 -7  0 -9
 9  9  -1 -6  0 -9
10  0   1 -6  0 -9
10  4   1 -6  0 -9
10  5  -1 -5  0 -9
10  8   1 -6  0 -9
10  9  -1 -5  0 -9
10 11   1 -3  0 -9
11  4   1 -5  0 -9
11  5  -1 -4  0 -9
11  9  -1 -4  0 -9
11 10   1 -3  0 -9
12 12   1 -8  0 -9
13 12   1 -7  0 -9
13 13  -1 -6  0 -9
14 12   1 -7  0 -9
14 14  -1 -6  0 -9
15  8   1 -7  0 -9
15 12   1 -6  0 -9
15 13  -1 -5  0 -9
15 14  -1 -5  0 -9
15 16   1 -3  0 -9
16  8  -1 -4  0 -9
16 12   1 -5  0 -9
16 13  -1 -4  0 -9
16 14  -1 -4  0 -9
16 15   1 -3  0 -9
17 12   1 -5  0 -9
17 13  -1 -4  0 -9
17 14  -1 -4  0 -9
17 18   1 -3  0 -9
18 12   1 -6  0 -9
18 13  -1 -5  0 -9
18 14  -1 -5  0 -9
18 17   1 -3  0 -9
19  8  -1 -3  0 -9
19 12   1 -4  0 -9
19 13  -1 -3  0 -9
19 14  -1 -3  0 -9
19 15   1 -2  0 -9
19 16  -1 -1  0 -9
19 17  -1 -1  0 -9
19 18   1 -2  0 -9
19 19   1  0  0 -9
9999 9999
