 0  0  -1  2  0 -9
 0 29   1  1  0 -9
 0 38  -1  0  0 -9
 1  1  -1  2  0 -9
 1  8  -1  0  0 -9
 1 12   1  1  0 -9
 1 30   1  1  0 -9
 1 42  -1  0  0 -9
 1 47   1 -1  0 -9
 2  2  -1  2  0 -9
 2 31   1  1  0 -9
 2 53  -1  0  0 -9
 3  3  -1  2  0 -9
 3 17  -1  0  0 -9
 3 18  -1  0  0 -9
 3 20   1  1  0 -9
 3 25   1 -1  0 -9
 3 32   1  1  0 -9
 3 56  -1  0  0 -9
 3 61   1 -1  0 -9
 3 65  -1 -2  0 -9
 4  4  -1  2  0 -9
 4 19  -1  0  0 -9
 4 21   1  1  0 -9
 4 26   1 -1  0 -9
 4 33   1  1  0 -9
 4 57  -1  0  0 -9
 4 62   1 -1  0 -9
 4 66  -1 -2  0 -9
 5  5  -1  2  0 -9
 5  9  -1  0  0 -9
 5 13   1  1  0 -9
 5 39   1  1  0 -9
 5 43  -1  0  0 -9
 5 48   1 -1  0 -9
 5 54  -1  0  0 -9
 5 71   1 -1  0 -9
 5 75  -1 -2  0 -9
 6  6  -1  2  0 -9
 6 10  -1  0  0 -9
 6 14   1  1  0 -9
 6 38  -1  0  0 -9
 6 40   1  1  0 -9
 6 44  -1  0  0 -9
 6 49   1 -1  0 -9
 6 55  -1  0  0 -9
 6 72   1 -1  0 -9
 6 76  -1 -2  0 -9
 7  7  -1  2  0 -9
 7 11  -1  0  0 -9
 7 18  -1  0  0 -9
 7 23   1  1  0 -9
 7 25   1 -1  0 -9
 7 27  -1  0 -1 -2  0 -9
 7 41   1  1  0 -9
 7 59  -1  0  0 -9
 7 65  -1 -2  0 -9
 7 67   1 -1  0 -9
 7 73   1 -1  0 -9
 7 77  -1 -2  0 -9
 7 81   1 -3  0 -9
 8 38   1 -3  0 -9
 9 25  -1 -4  0 -9
 9 65   1 -5  0 -9
 9 71   1 -3  0 -9
 9 75  -1 -4  0 -9
10 26  -1 -4  0 -9
10 66   1 -5  0 -9
10 72   1 -3  0 -9
10 76  -1 -4  0 -9
11 27  -1 -4  0 -9
11 73   1 -3  0 -9
11 77  -1 -4  0 -9
11 81   1 -5  0 -9
12  8  -1 -1  0 -9
12 12   1  0  0 -9
12 38   1 -2  0 -9
12 42  -1 -1  0 -9
12 47   1 -2  0 -9
13  9  -1 -1  0 -9
13 13   1  0  0 -9
13 43  -1 -1  0 -9
13 48   1 -2  0 -9
13 71   1 -2  0 -9
13 75  -1 -3  0 -9
14 10  -1 -1  0 -9
14 14   1  0  0 -9
14 44  -1 -1  0 -9
14 49   1 -2  0 -9
14 72   1 -2  0 -9
14 76  -1 -3  0 -9
15  9   1  1  0 -9
15 10  -1  0  0 -9
15 14   1  1  0 -9
15 15  -1  2  0 -9
15 18  -1  0  0 -9
15 22   1  1  0 -9
15 25  -1 -3  0 -9
15 26   1 -2  0 -9
15 44  -1  0  0 -9
15 45   1  1  0 -9
15 49   1 -1  0 -9
15 50  -1  0  0 -9
15 58  -1  0  0 -9
15 63   1 -1  0 -9
15 65   1 -4  0 -9
15 66  -1 -3  0 -9
15 71   1 -2  0 -9
15 75  -1 -3  0 -9
16 11   1  1  0 -9
16 16  -1  2  0 -9
16 24   1  1  0 -9
16 27  -1 -3  0 -9
16 28  -1  0  0 -9
16 46   1  1  0 -9
16 51  -1  0  0 -9
16 60  -1  0  0 -9
16 68   1 -1  0 -9
16 73   1 -2  0 -9
16 77  -1 -3  0 -9
16 81   1 -4  0 -9
17 53   1 -3  0 -9
18 25  -1 -5  0 -9
18 54   1 -3  0 -9
18 65   1 -6  0 -9
19 26  -1 -5  0 -9
19 55   1 -3  0 -9
19 66   1 -6  0 -9
20 17  -1 -1  0 -9
20 18  -1 -1  0 -9
20 20   1  0  0 -9
20 25   1 -2  0 -9
20 53   1 -2  0 -9
20 54   1 -2  0 -9
20 56  -1 -1  0 -9
20 61   1 -2  0 -9
20 65  -1 -3  0 -9
21 19  -1 -1  0 -9
21 21   1  0  0 -9
21 26   1 -2  0 -9
21 55   1 -2  0 -9
21 57  -1 -1  0 -9
21 62   1 -2  0 -9
21 66  -1 -3  0 -9
22 18  -1 -1  0 -9
22 22   1  0  0 -9
22 25  -1 -4  0 -9
22 26   1 -3  0 -9
22 54   1 -2  0 -9
22 58  -1 -1  0 -9
22 63   1 -2  0 -9
22 65   1 -5  0 -9
22 66  -1 -4  0 -9
23 11  -1 -1  0 -9
23 18  -1 -1  0 -9
23 23   1  0  0 -9
23 25   1 -2  0 -9
23 27  -1 -1 -1 -3 -1 -5  0 -9
23 54   1 -2  0 -9
23 59  -1 -1  0 -9
23 65  -1 -3  0 -9
23 67   1 -2  0 -9
23 73   1 -2  0 -9
23 77  -1 -3  0 -9
23 81   1 -4  1 -6  0 -9
24 24   1  0  0 -9
24 27  -1 -4  0 -9
24 28  -1 -1  0 -9
24 60  -1 -1  0 -9
24 68   1 -2  0 -9
24 74   1 -2  0 -9
24 78  -1 -3  0 -9
24 81   1 -5  0 -9
25 25  -1 -6  0 -9
25 65   1 -7  0 -9
26 26  -1 -6  0 -9
26 66   1 -7  0 -9
27 27  -1 -6  0 -9
27 81   1 -7  0 -9
28 27  -1 -5  0 -9
28 74   1 -3  0 -9
28 78  -1 -4  0 -9
28 81   1 -6  0 -9
29  8   1 -2  0 -9
29 29   1  0  0 -9
29 38  -1 -1  0 -9
30 30   1  0  0 -9
30 42  -1 -1  0 -9
30 47   1 -2  0 -9
31 17   1 -2  0 -9
31 31   1  0  0 -9
31 53  -1 -1  0 -9
32 32   1  0  0 -9
32 56  -1 -1  0 -9
32 61   1 -2  0 -9
32 65  -1 -3  0 -9
33 33   1  0  0 -9
33 57  -1 -1  0 -9
33 62   1 -2  0 -9
33 66  -1 -3  0 -9
34 32   1  1  0 -9
34 34  -1  2  0 -9
34 43   1  1  0 -9
34 48   1 -2  0 -9
34 56  -1  0  0 -9
34 75  -1 -3  0 -9
35 30   1  1  0 -9
35 33   1  1  0 -9
35 35  -1  2  0 -9
35 42  -1  0  0 -9
35 44   1  1  0 -9
35 49   1 -2  0 -9
35 57  -1  0  0 -9
35 76  -1 -3  0 -9
36 36  -1  2  0 -9
36 44  -1  0  0 -9
36 45   1  1  0 -9
36 49   1 -1  0 -9
36 50  -1  0  0 -9
36 52   1  1  0 -9
36 58  -1  0  0 -9
36 76  -1 -2  0 -9
36 79   1 -1  0 -9
37 33   1  1  0 -9
37 37  -1  2  0 -9
37 46   1  1  0 -9
37 51  -1  0  0 -9
37 57  -1  0  0 -9
37 60  -1  0  0 -9
37 62   1 -1  0 -9
37 63  -1  0  0 -9
37 64   1  1  0 -9
37 66  -1 -2  0 -9
37 68   1 -1  0 -9
37 69   1 -1  0 -9
37 70  -1  0 -1 -2  0 -9
37 78  -1 -2  0 -9
37 80   1 -1  0 -9
37 82   1 -3  0 -9
38  8   1 -3  0 -9
39  9  -1 -1  0 -9
39 18   1 -2  0 -9
39 25  -1 -3  0 -9
39 39   1  0  0 -9
39 43  -1 -1  0 -9
39 48   1 -2  0 -9
39 54  -1 -1  0 -9
39 71   1 -2  0 -9
39 75  -1 -3  0 -9
40  8   1 -2  0 -9
40 10  -1 -1  0 -9
40 19   1 -2  0 -9
40 26  -1 -3  0 -9
40 38  -1 -1  0 -9
40 40   1  0  0 -9
40 44  -1 -1  0 -9
40 49   1 -2  0 -9
40 55  -1 -1  0 -9
40 72   1 -2  0 -9
40 76  -1 -3  0 -9
41 11  -1 -1  0 -9
41 27  -1 -3  0 -9
41 41   1  0  0 -9
41 59  -1 -1  0 -9
41 65  -1 -3  0 -9
41 67   1 -2  0 -9
41 73   1 -2  0 -9
41 77  -1 -3  0 -9
41 81   1 -4  0 -9
42 47   1 -3  0 -9
43 48   1 -3  0 -9
43 75  -1 -4  0 -9
44 49   1 -3  0 -9
44 76  -1 -4  0 -9
45 44  -1 -1  0 -9
45 45   1  0  0 -9
45 49   1 -2  0 -9
45 50  -1 -1  0 -9
45 58  -1 -1  0 -9
45 63   1 -2  0 -9
45 69  -1 -3  0 -9
45 76  -1 -3  0 -9
45 79   1 -2  0 -9
46 46   1  0  0 -9
46 51  -1 -1  0 -9
46 60  -1 -1  0 -9
46 68   1 -2  0 -9
46 70  -1 -3  0 -9
46 78  -1 -3  0 -9
46 80   1 -2  0 -9
46 82   1 -4  0 -9
47 42   1 -3  0 -9
48 43   1 -3  0 -9
48 65   1 -6  0 -9
48 75  -1 -5  0 -9
49 44   1 -3  0 -9
49 66   1 -6  0 -9
49 76  -1 -5  0 -9
50 66   1 -5  0 -9
50 69  -1 -4  0 -9
50 76  -1 -4  0 -9
50 79   1 -3  0 -9
51 70  -1 -4  0 -9
51 78  -1 -4  0 -9
51 80   1 -3  0 -9
51 82   1 -5  0 -9
52 44  -1 -1  0 -9
52 49   1 -2  0 -9
52 50  -1 -1  0 -9
52 52   1  0  0 -9
52 76  -1 -3  0 -9
52 79   1 -2  0 -9
53 17   1 -3  0 -9
54 18   1 -3  0 -9
54 25  -1 -4  0 -9
55 19   1 -3  0 -9
55 26  -1 -4  0 -9
56 61   1 -3  0 -9
56 65  -1 -4  0 -9
57 62   1 -3  0 -9
57 66  -1 -4  0 -9
58 63   1 -3  0 -9
58 69  -1 -4  0 -9
59 27  -1 -4  0 -9
59 65  -1 -4  0 -9
59 67   1 -3  0 -9
59 77  -1 -4  0 -9
59 81   1 -5  0 -9
60 68   1 -3  0 -9
60 70  -1 -4  0 -9
60 78  -1 -4  0 -9
60 82   1 -5  0 -9
61 56   1 -3  0 -9
61 65   1 -7  0 -9
62 57   1 -3  0 -9
62 66   1 -7  0 -9
63 58   1 -3  0 -9
63 66   1 -6  0 -9
63 69  -1 -5  0 -9
64 51  -1 -1  0 -9
64 57  -1 -1  0 -9
64 58   1 -2  0 -9
64 60  -1 -1  0 -9
64 62   1 -2  0 -9
64 63  -1 -1  0 -9
64 64   1  0  0 -9
64 66  -1 -3  0 -9
64 68   1 -2  0 -9
64 69   1 -2  0 -9
64 70  -1 -1 -1 -3 -1 -5  0 -9
64 78  -1 -3  0 -9
64 80   1 -2  0 -9
64 82   1 -4  1 -6  0 -9
65 65   1 -8  0 -9
66 66   1 -8  0 -9
67 27  -1 -5  0 -9
67 59   1 -3  0 -9
67 65   1 -7  0 -9
67 77  -1 -5  0 -9
67 81   1 -6  0 -9
68 60   1 -3  0 -9
68 70  -1 -5  0 -9
68 78  -1 -5  0 -9
68 82   1 -6  0 -9
69 66   1 -7  0 -9
69 69  -1 -6  0 -9
70 70  -1 -6  0 -9
70 82   1 -7  0 -9
71  9   1 -3  0 -9
71 25  -1 -5  0 -9
71 65   1 -6  0 -9
71 75  -1 -5  0 -9
72 10   1 -3  0 -9
72 26  -1 -5  0 -9
72 66   1 -6  0 -9
72 76  -1 -5  0 -9
73 11   1 -3  0 -9
73 27  -1 -5  0 -9
73 77  -1 -5  0 -9
73 81   1 -6  0 -9
74 27  -1 -4  0 -9
74 28   1 -3  0 -9
74 78  -1 -5  0 -9
74 82   1 -6  0 -9
75 65   1 -7  0 -9
75 75  -1 -6  0 -9
76 66   1 -7  0 -9
76 76  -1 -6  0 -9
77 77  -1 -6  0 -9
77 81   1 -7  0 -9
78 78  -1 -6  0 -9
78 82   1 -7  0 -9
79 50   1 -3  0 -9
79 66   1 -6  0 -9
79 69  -1 -5  0 -9
79 76  -1 -5  0 -9
80 51   1 -3  0 -9
80 70  -1 -5  0 -9
80 78  -1 -5  0 -9
80 82   1 -6  0 -9
81 81   1 -8  0 -9
82 82   1 -8  0 -9
9999 9999
