 0  0  -1  2  0 -9
 1  1  -1  2  0 -9
 1  9   1  1  0 -9
 1 13  -1  0  0 -9
 2  2  -1  2  0 -9
 2 10   1  1  0 -9
 2 14  -1  0  0 -9
 3  3  -1  2  0 -9
 3 11   1  1  0 -9
 3 15  -1  0  0 -9
 3 19   1 -1  0 -9
 4  4  -1  2  0 -9
 4 21   1  1  0 -9
 5  5  -1  2  0 -9
 5 22   1  1  0 -9
 5 27  -1  0  0 -9
 6  6  -1  2  0 -9
 6 23   1  1  0 -9
 6 28  -1  0  0 -9
 7  7  -1  2  0 -9
 7 14  -1  0  0 -9
 7 17   1  1  0 -9
 7 24   1  1  0 -9
 7 31  -1  0  0 -9
 7 33   1 -1  0 -9
 8  8  -1  2  0 -9
 8 16  -1  0  0 -9
 8 18   1  1  0 -9
 8 20   1 -1  0 -9
 8 25   1  1  0 -9
 8 32  -1  0  0 -9
 8 34   1 -1  0 -9
 8 35  -1 -2  0 -9
 9  9   1  0  0 -9
 9 13  -1 -1  0 -9
 9 27   1 -2  0 -9
10 10   1  0  0 -9
10 14  -1 -1  0 -9
10 28   1 -2  0 -9
11 11   1  0  0 -9
11 15  -1 -1  0 -9
11 19   1 -2  0 -9
11 29   1 -2  0 -9
12 12   1  0  0 -9
12 16  -1 -1  0 -9
12 19   1 -3  0 -9
12 20  -1 -4  0 -9
12 30   1 -2  0 -9
12 35   1 -5  0 -9
13 27   1 -3  0 -9
14 28   1 -3  0 -9
15 19  -1 -5  0 -9
15 29   1 -3  0 -9
16 20  -1 -5  0 -9
16 30   1 -3  0 -9
16 35   1 -6  0 -9
17 14  -1 -1  0 -9
17 17   1  0  0 -9
17 28   1 -2  0 -9
17 31  -1 -1  0 -9
17 33   1 -2  0 -9
18 16  -1 -1  0 -9
18 18   1  0  0 -9
18 20   1 -2  0 -9
18 30   1 -2  0 -9
18 32  -1 -1  0 -9
18 34   1 -2  0 -9
18 35  -1 -3  0 -9
19 19  -1 -6  0 -9
20 20  -1 -6  0 -9
20 35   1 -7  0 -9
21 21   1  0  0 -9
22 13   1 -2  0 -9
22 22   1  0  0 -9
22 27  -1 -1  0 -9
23 14   1 -2  0 -9
23 23   1  0  0 -9
23 28  -1 -1  0 -9
24 24   1  0  0 -9
24 31  -1 -1  0 -9
24 33   1 -2  0 -9
25 25   1  0  0 -9
25 32  -1 -1  0 -9
25 34   1 -2  0 -9
25 35  -1 -3  0 -9
26 24   1  1  0 -9
26 26  -1  2  0 -9
26 31  -1  0  0 -9
27 13   1 -3  0 -9
28 14   1 -3  0 -9
29 15   1 -3  0 -9
29 19  -1 -4  0 -9
30 16   1 -3  0 -9
30 20  -1 -4  0 -9
31 33   1 -3  0 -9
32 34   1 -3  0 -9
32 35  -1 -4  0 -9
33 31   1 -3  0 -9
34 32   1 -3  0 -9
34 35   1 -7  0 -9
35 35   1 -8  0 -9
9999 9999
