 0  0  -1  2  0 -9
 0  2   1  1  0 -9
 0  3  -1  0  0 -9
 0  4   1 -1  0 -9
 1  1   1  0  0 -9
 1  4   1 -3  0 -9
 2  2   1  0  0 -9
 2  3  -1 -1  0 -9
 2  4   1 -2  0 -9
 2  5   1 -2  0 -9
 3  4  -1 -5  0 -9
 3  5   1 -3  0 -9
 4  4  -1 -6  0 -9
 5  3   1 -3  0 -9
 5  4  -1 -4  0 -9
 6  1   1  1  0 -9
 6  4   1 -2  0 -9
 6  6  -1  2  0 -9
 6  8   1  1  0 -9
 6  9  -1  0  0 -9
 7  2   1  1  0 -9
 7  3  -1  0  0 -9
 7  4   1 -1  0 -9
 7  5   1 -1  0 -9
 7  7  -1  2  0 -9
 7 10   1  1  0 -9
 7 11  -1  0  0 -9
 8  8   1  0  0 -9
 8  9  -1 -1  0 -9
 8 11   1 -2  0 -9
 9  4  -1 -4  0 -9
 9 11   1 -3  0 -9
10  3  -1 -1  0 -9
10  4   1 -2 -1 -4  0 -9
10  5   1 -2  0 -9
10  9   1 -2  0 -9
10 10   1  0  0 -9
10 11  -1 -1  0 -9
11  4  -1 -5  0 -9
11  9   1 -3  0 -9
12  3  -1  0  0 -9
12  4   1 -1  0 -9
12  9   1 -1  0 -9
12 10   1  1  0 -9
12 11  -1  0  0 -9
12 12  -1  2  0 -9
12 13   1  1  0 -9
13  4   1 -2  0 -9
13  9   1 -2  0 -9
13 11  -1 -1  0 -9
13 13   1  0  0 -9
14  4   1 -1  0 -9
14 11  -1  0  0 -9
14 13   1  1  0 -9
14 14  -1  2  0 -9
15  3   1 -2  0 -9
15  5  -1 -1  0 -9
15 15   1  0  0 -9
16  4   1 -2  0 -9
16  5  -1  0  0 -9
16 15   1  1  0 -9
16 16  -1  2  0 -9
16 17   1  1  0 -9
17  4   1 -3  0 -9
17 17   1  0  0 -9
9999 9999
