 0  0  -1  2  0 -9
 0  6   1  1  0 -9
 1  1  -1  2  0 -9
 1  7   1  1  0 -9
 2  2  -1  2  0 -9
 2  8   1  1  0 -9
 2 12  -1  0  0 -9
 3  3  -1  2  0 -9
 3  4  -1  0  0 -9
 3  5   1  1  0 -9
 3  9   1  1  0 -9
 3 13  -1  0  0 -9
 3 14   1 -1  0 -9
 4 12   1 -3  0 -9
 5  4  -1 -1  0 -9
 5  5   1  0  0 -9
 5 12   1 -2  0 -9
 5 13  -1 -1  0 -9
 5 14   1 -2  0 -9
 6  6   1  0  0 -9
 7  7   1  0  0 -9
 8  4   1 -2  0 -9
 8  8   1  0  0 -9
 8 12  -1 -1  0 -9
 9  9   1  0  0 -9
 9 13  -1 -1  0 -9
 9 14   1 -2  0 -9
10  7   1  1  0 -9
10 10  -1  2  0 -9
11  9   1  1  0 -9
11 11  -1  2  0 -9
11 13  -1  0  0 -9
12  4   1 -3  0 -9
13 14   1 -3  0 -9
14 13   1 -3  0 -9
9999 9999
