 0  0  -1  2  0 -9
 1  1  -1  2  0 -9
 1  6   1  1  0 -9
 2  2  -1  2  0 -9
 2  7   1  1  0 -9
 3  3  -1  2  0 -9
 3 10   1  1  0 -9
 3 12  -1  0  0 -9
 4  4  -1  2  0 -9
 4 11   1  1  0 -9
 4 13  -1  0  0 -9
 4 14   1 -1  0 -9
 5  5  -1  2  0 -9
 5 15   1  1  0 -9
 5 16  -1  0  0 -9
 6  6   1  0  0 -9
 7  7   1  0  0 -9
 8  8   1  0  0 -9
 9  9   1  0  0 -9
 9 14   1 -3  0 -9
10 10   1  0  0 -9
10 12  -1 -1  0 -9
10 16   1 -2  0 -9
11 11   1  0  0 -9
11 13  -1 -1  0 -9
11 14   1 -2  0 -9
11 17   1 -2  0 -9
12 16   1 -3  0 -9
13 14  -1 -5  0 -9
13 17   1 -3  0 -9
14 14  -1 -6  0 -9
15 12   1 -2  0 -9
15 15   1  0  0 -9
15 16  -1 -1  0 -9
16 12   1 -3  0 -9
17 13   1 -3  0 -9
17 14  -1 -4  0 -9
9999 9999
