76
11 0 
54 0 
55 0 
154 0 
320 0 
165 0 
275 1 106 
891 3 353 367 491 
616 2 263 277 
945 3 373 472 486 
330 1 149 
297 3 44 72 238 
1408 12 312 317 346 351 396 410 605 633 661 1046 1060 1184 
1925 15 474 479 490 558 699 704 733 738 783 797 875 889 1253 1267 1866 
2376 18 604 625 630 641 650 680 941 946 975 980 1025 1039 1117 1131 1200 1605 1704 1718 
2079 15 562 583 588 599 608 638 737 899 904 915 983 1033 1047 1572 1586 
1728 12 465 476 611 632 637 648 657 687 786 857 871 1073 
462 3 143 154 219 
132 2 44 72 
1155 15 24 29 58 63 290 318 642 647 676 681 726 740 935 963 991 
2673 33 255 276 281 318 323 334 408 413 726 731 760 765 810 815 844 849 894 908 1464 1469 1480 1548 1689 1694 1723 1728 1773 1787 1865 1879 2585 2613 2641 
3080 36 302 338 343 353 393 414 419 430 439 891 896 925 930 975 980 1009 1014 1059 1073 1115 1143 1759 1780 1785 1796 1805 1835 2096 2101 2130 2135 2180 2194 2272 2286 2355 
1650 20 213 234 239 276 281 292 366 371 402 407 418 486 1359 1364 1393 1398 1443 1457 1535 1549 
5632 64 784 793 820 825 830 896 901 912 921 1295 1331 1336 1346 1386 1407 1412 1423 1432 1546 1567 1572 1583 1592 1622 1863 1884 1889 1926 1931 1942 2016 2021 2052 2057 2068 2136 2172 2177 2206 2211 2256 2270 2872 2893 2898 2909 2918 2948 3047 3209 3214 3225 3293 3343 3357 4351 4356 4385 4390 4435 4449 4527 4541 4610 
3696 38 556 565 576 581 606 617 975 1011 1016 1026 1066 1087 1092 1103 1112 1226 1247 1252 1263 1272 1302 1402 1407 1436 1441 1486 1500 2005 2016 2151 2172 2177 2188 2197 2227 2326 2397 2411 
1925 21 316 325 352 357 362 428 433 444 453 553 574 579 590 599 629 1724 1729 1740 1808 1858 1872 
3564 36 598 607 618 623 648 659 773 784 1031 1040 1067 1072 1077 1143 1148 1159 1168 1268 1289 1294 1305 1314 1344 1444 1449 1460 1528 2151 2172 2177 2188 2197 2227 2326 2397 2411 
2100 18 363 507 516 527 532 557 568 682 693 772 793 798 809 818 848 1067 1078 1143 
462 3 97 157 168 
1320 20 255 276 281 318 323 334 408 413 726 731 760 765 810 815 844 849 894 908 1280 1308 
1485 21 302 338 343 353 393 414 419 430 439 891 896 925 930 975 980 1009 1014 1059 1073 1115 1143 
2112 32 24 29 213 234 239 276 281 292 366 371 675 696 701 738 743 754 828 833 864 869 880 948 1848 1853 1882 1887 1932 1937 1966 1971 2016 2030 
5775 83 16 25 52 57 62 108 113 123 770 806 811 821 861 882 887 898 907 1071 1092 1097 1134 1139 1150 1224 1229 1260 1265 1294 1299 2104 2113 2140 2145 2150 2216 2221 2232 2241 2615 2651 2656 2666 2706 2727 2732 2743 2752 2866 2887 2892 2903 2912 2942 3183 3204 3209 3246 3251 3262 3336 3341 3372 3377 3388 3456 3492 3497 3526 3531 3576 3590 4521 4526 4555 4560 4605 4610 4639 4644 4689 4703 4745 4773 
3520 44 31 40 51 56 527 563 568 578 618 639 644 655 664 765 770 799 804 1381 1390 1401 1406 1431 1442 1800 1836 1841 1851 1891 1912 1917 1928 1937 2051 2072 2077 2088 2097 2127 2227 2232 2261 2266 2311 2325 
4158 60 226 235 262 267 272 318 323 333 394 403 430 435 440 506 511 522 531 1002 1007 1023 1044 1049 1086 1091 1102 1176 1181 2483 2519 2524 2534 2574 2595 2600 2611 2620 2734 2755 2760 2771 2780 2810 3051 3072 3077 3114 3119 3130 3204 3209 3240 3245 3256 3324 3360 3365 3394 3399 3444 3458 
4455 63 254 318 323 328 568 577 604 609 614 660 665 675 736 745 772 777 782 848 853 864 873 938 974 979 989 1029 1050 1055 1066 1075 1636 1645 1672 1677 1682 1748 1753 1764 1773 1873 1894 1899 1910 1919 1949 4008 4029 4034 4071 4076 4087 4161 4166 4197 4202 4213 4281 4317 4322 4351 4356 4401 4415 
7700 98 466 476 509 518 529 534 1048 1057 1068 1073 1168 1177 1188 1193 1218 1229 1558 1567 1594 1599 1604 1650 1655 1665 1726 1735 1762 1767 1772 1838 1843 1854 1863 1928 1964 1969 1979 2019 2040 2045 2056 2065 2145 2166 2171 2208 2213 2224 2298 2303 2908 2917 2928 2933 2958 2969 3083 3094 3341 3350 3377 3382 3387 3453 3458 3469 3478 3578 3599 3604 3615 3624 3654 3754 3759 3770 3838 4825 4861 4866 4876 4916 4937 4942 4953 4962 5076 5097 5102 5113 5122 5152 5252 5257 5286 5291 5336 5350 
3564 36 238 258 606 615 626 631 726 735 746 751 776 787 886 922 927 937 977 998 1003 1014 1023 1463 1607 1616 1627 1632 1657 1668 1782 1793 1872 1893 1898 1909 1918 1948 
3520 44 304 314 347 356 367 372 481 490 501 506 531 542 857 921 926 931 955 964 991 996 1001 1067 1072 1083 1092 2186 2195 2222 2227 2232 2298 2303 2314 2323 2423 2444 2449 2460 2469 2499 2599 2604 2615 2683 
3696 38 328 348 433 681 691 724 733 744 749 858 867 878 883 908 919 1032 1041 1068 1073 1078 1144 1149 1160 1169 1739 1748 1759 1764 1789 1800 1914 1925 2004 2025 2030 2041 2050 2080 
1728 12 257 277 362 436 445 456 461 486 497 691 751 762 
330 1 77 
462 8 213 234 239 276 281 292 366 371 
2970 48 226 235 262 267 272 318 323 333 394 403 430 435 440 506 511 522 531 1002 1007 1023 1044 1049 1086 1091 1102 1176 1181 1958 1994 1999 2009 2049 2070 2075 2086 2095 2259 2280 2285 2322 2327 2338 2412 2417 2448 2453 2482 2487 
2640 42 254 318 323 328 568 577 604 609 614 660 665 675 736 745 772 777 782 848 853 864 873 938 974 979 989 1029 1050 1055 1066 1075 2391 2412 2417 2454 2459 2470 2544 2549 2580 2585 2614 2619 
4455 63 466 476 509 518 529 534 1048 1057 1068 1073 1168 1177 1188 1193 1218 1229 1558 1567 1594 1599 1604 1650 1655 1665 1726 1735 1762 1767 1772 1838 1843 1854 1863 1928 1964 1969 1979 2019 2040 2045 2056 2065 2145 2166 2171 2208 2213 2224 2298 2303 2837 2873 2878 2888 2928 2949 2954 2965 2974 3075 3080 3109 3114 
1925 21 238 258 606 615 626 631 726 735 746 751 776 787 886 922 927 937 977 998 1003 1014 1023 
2970 48 2 66 71 76 268 277 304 309 314 360 365 375 1030 1039 1066 1071 1076 1122 1127 1137 1198 1207 1234 1239 1244 1310 1315 1326 1335 1400 1436 1441 1451 1491 1512 1517 1528 1537 2784 2789 2805 2826 2831 2868 2873 2884 2958 2963 
4158 60 16 26 59 68 79 84 466 475 502 507 512 558 563 573 642 647 1708 1717 1728 1733 1828 1837 1848 1853 1878 1889 2218 2227 2254 2259 2264 2310 2315 2325 2386 2395 2422 2427 2432 2498 2503 2514 2523 2588 2624 2629 2639 2679 2700 2705 2716 2725 2805 2826 2831 2868 2873 2884 2958 2963 
5775 83 16 26 304 314 347 356 367 372 481 490 501 506 740 804 809 814 838 847 874 879 884 930 935 945 1294 1304 1337 1346 1357 1362 1471 1480 1491 1496 1521 1532 1847 1911 1916 1921 1945 1954 1981 1986 1991 2057 2062 2073 2082 3703 3712 3739 3744 3749 3795 3800 3810 3871 3880 3907 3912 3917 3983 3988 3999 4008 4073 4109 4114 4124 4164 4185 4190 4201 4210 4290 4311 4316 4353 4358 4369 4443 4448 
5632 64 13 328 348 556 566 599 608 619 624 733 742 753 758 838 847 874 879 884 930 935 945 1318 1338 1423 1671 1681 1714 1723 1734 1739 1848 1857 1868 1873 1898 1909 2022 2031 2058 2063 2068 2134 2139 2150 2159 2828 2837 2848 2853 2948 2957 2968 2973 2998 3009 3108 3144 3149 3159 3199 3220 3225 3236 3245 
2079 15 173 193 296 305 316 321 642 662 747 821 830 841 846 871 882 
1485 21 58 68 100 110 143 152 163 168 1187 1251 1256 1261 1285 1294 1321 1326 1331 1397 1402 1413 1422 
3080 36 103 151 171 421 431 463 473 506 515 526 531 611 675 680 685 1374 1384 1417 1426 1437 1442 1551 1560 1571 1576 1601 1612 1725 1734 1761 1766 1771 1837 1842 1853 1862 
2376 18 248 296 316 404 414 447 456 467 472 807 827 912 986 995 1006 1011 1036 1047 
945 3 139 159 308 
165 0 
462 8 268 277 304 309 314 360 365 375 
2112 32 304 314 347 356 367 372 481 490 501 506 740 804 809 814 838 847 874 879 884 930 935 945 1456 1465 1492 1497 1502 1548 1553 1563 1632 1637 
1650 20 328 348 556 566 599 608 619 624 733 742 753 758 838 847 874 879 884 930 935 945 
1320 20 58 68 100 110 143 152 163 168 1070 1134 1139 1144 1168 1177 1204 1209 1214 1260 1265 1275 
2673 33 103 151 171 421 431 463 473 506 515 526 531 611 675 680 685 1249 1259 1292 1301 1312 1317 1426 1435 1446 1451 1531 1540 1567 1572 1577 1623 1628 1638 
1925 15 248 296 316 404 414 447 456 467 472 723 743 846 855 866 871 
616 2 139 159 
1155 15 13 106 116 553 563 595 605 638 647 658 663 743 807 812 817 
1408 12 88 139 149 413 461 481 569 579 612 621 632 637 
891 3 75 249 269 
320 0 
55 0 
132 2 106 116 
297 3 88 139 149 
275 1 75 
154 0 
54 0 
11 0 

