 0  0  -1 -2  0 -9
 0  2   1 -1  0 -9
 0  3  -1  0  0 -9
 1  1  -1 -2  0 -9
 1  4   1 -1  0 -9
 1  5  -1  0  0 -9
 2  2   1  0  0 -9
 2  3  -1  1  0 -9
 2  5   1  2  0 -9
 3  5   1  3  0 -9
 4  3   1  2  0 -9
 4  4   1  0  0 -9
 4  5  -1  1  0 -9
 5  3   1  3  0 -9
 6  2   1 -1  0 -9
 6  3  -1  0  0 -9
 6  5   1  1  0 -9
 6  6  -1 -2  0 -9
 6  7   1 -1  0 -9
 7  3  -1  1  0 -9
 7  5   1  2  0 -9
 7  7   1  0  0 -9
 8  3  -1  0  0 -9
 8  7   1 -1  0 -9
 8  8  -1 -2  0 -9
 9  3   1  1  0 -9
 9  4   1 -1  0 -9
 9  5  -1  0  0 -9
 9  9  -1 -2  0 -9
 9 10   1 -1  0 -9
10  3   1  2  0 -9
10  5  -1  1  0 -9
10 10   1  0  0 -9
11  5  -1  0  0 -9
11 10   1 -1  0 -9
11 11  -1 -2  0 -9
9999 9999
