 0  0   1  8  0 -9
 1  0   1  7  0 -9
 1  1  -1  6  0 -9
 2  2   1  8  0 -9
 3  2   1  7  0 -9
 3  3  -1  6  0 -9
 4  3  -1  4  0 -9
 4  5   1  3  0 -9
 5  2   1  6  0 -9
 5  3  -1  5  0 -9
 5  4   1  3  0 -9
 6  6   1  8  0 -9
 7  6   1  7  0 -9
 7  7  -1  6  0 -9
 8  0   1  7  0 -9
 8  8  -1  6  0 -9
 9  9   1  8  0 -9
10  9   1  7  0 -9
10 10  -1  6  0 -9
11 10  -1  4  0 -9
11 12   1  3  0 -9
12  9   1  6  0 -9
12 10  -1  5  0 -9
12 11   1  3  0 -9
13  2   1  7  0 -9
13 13  -1  6  0 -9
14  2  -1  4  0 -9
14  4  -1  1  0 -9
14  5   1  2  0 -9
14  9   1  5  0 -9
14 10  -1  4  0 -9
14 11   1  2  0 -9
14 12  -1  1  0 -9
14 13   1  3  0 -9
14 14   1  0  0 -9
9999 9999
