 0  0  -1 -2  0 -9
 0  1  -1  0  0 -9
 0  2   1 -1  0 -9
 0  3   1 -1  0 -9
 0  4  -1  0  0 -9
 0  5   1  1  0 -9
 0  6   1  1  0 -9
 0  7  -1  2  0 -9
 1  6   1  3  0 -9
 1  7  -1  4  0 -9
 2  1  -1  1  0 -9
 2  2   1  0  0 -9
 2  4  -1  1  0 -9
 2  5   1  2  0 -9
 2  6   1  2  0 -9
 2  7  -1  3  0 -9
 3  1  -1  1  0 -9
 3  3   1  0  0 -9
 3  4  -1  1  0 -9
 3  5   1  2  0 -9
 3  6   1  2  0 -9
 3  7  -1  3  0 -9
 4  5   1  3  0 -9
 4  7  -1  4  0 -9
 5  4   1  3  0 -9
 5  7  -1  5  0 -9
 6  1   1  3  0 -9
 6  7  -1  5  0 -9
 7  7  -1  6  0 -9
 8  1  -1  1  0 -9
 8  6   1  2  0 -9
 8  7  -1  3  0 -9
 8  8   1  0  0 -9
 8 10  -1  1  0 -9
 8 11   1  2  0 -9
 9  1  -1  0  0 -9
 9  2   1 -1  0 -9
 9  4  -1  0  0 -9
 9  6   1  1  0 -9
 9  8   1 -1  0 -9
 9  9  -1 -2  0 -9
 9 10  -1  0  0 -9
10  7  -1  4  0 -9
10 11   1  3  0 -9
11  7  -1  5  0 -9
11 10   1  3  0 -9
12  1  -1  0  0 -9
12  8   1 -1  0 -9
12 10  -1  0  0 -9
12 11   1  1  0 -9
12 12  -1 -2  0 -9
12 14   1 -1  0 -9
12 15  -1  0  0 -9
13  5  -1  0  0 -9
13  7   1  1  0 -9
13 13  -1 -2  0 -9
13 16   1 -1  0 -9
13 17  -1  0  0 -9
14  7  -1  3  0 -9
14 10  -1  1  0 -9
14 11   1  2  0 -9
14 14   1  0  0 -9
14 15  -1  1  0 -9
14 17   1  2  0 -9
15  7  -1  4  0 -9
15 17   1  3  0 -9
16  4   1  2  0 -9
16  5  -1  1  0 -9
16  7  -1  4  1  2  0 -9
16 15   1  2  0 -9
16 16   1  0  0 -9
16 17  -1  1  0 -9
17  7  -1  5  0 -9
17 15   1  3  0 -9
18  1  -1  0  0 -9
18  3   1 -1  0 -9
18  4  -1  0  0 -9
18  5   1  1  0 -9
18 18  -1 -2  0 -9
18 19   1 -1  0 -9
18 20  -1  0  0 -9
19  4  -1  1  0 -9
19  5   1  2  0 -9
19  7  -1  3  0 -9
19 19   1  0  0 -9
19 20  -1  1  0 -9
19 21   1  2  0 -9
20  7  -1  4  0 -9
20 21   1  3  0 -9
21  7  -1  5  0 -9
21 20   1  3  0 -9
22  6  -1  0  0 -9
22  7   1  1  0 -9
22 22  -1 -2  0 -9
22 24   1 -1  0 -9
22 25  -1  0  0 -9
23  4  -1  0  0 -9
23 19   1 -1  0 -9
23 20  -1  0  0 -9
23 21   1  1  0 -9
23 23  -1 -2  0 -9
23 26   1 -1  0 -9
23 27  -1  0  0 -9
24  1   1  2  0 -9
24  6  -1  1  0 -9
24  7  -1  4  1  2  0 -9
24 24   1  0  0 -9
24 25  -1  1  0 -9
24 27   1  2  0 -9
25  7  -1  5  0 -9
25 27   1  3  0 -9
26  7  -1  3  0 -9
26 20  -1  1  0 -9
26 21   1  2  0 -9
26 25   1  2  0 -9
26 26   1  0  0 -9
26 27  -1  1  0 -9
27  7  -1  4  0 -9
27 25   1  3  0 -9
28 15  -1  0  0 -9
28 20  -1  0  0 -9
28 25   1  1  0 -9
28 26   1 -1  0 -9
28 27  -1  0  0 -9
28 28  -1 -2  0 -9
28 29   1 -1  0 -9
29  7  -1  3  0 -9
29 15  -1  1  0 -9
29 17   1  2  0 -9
29 25   1  2  0 -9
29 27  -1  1  0 -9
29 29   1  0  0 -9
30 10  -1  0  0 -9
30 14   1 -1  0 -9
30 15  -1  0  0 -9
30 17   1  1  0 -9
30 27  -1  0  0 -9
30 30  -1 -2  0 -9
30 31   1 -1  0 -9
31  7  -1  3  0 -9
31 15  -1  1  0 -9
31 17   1  2  0 -9
31 25   1  2  0 -9
31 27  -1  1  0 -9
31 31   1  0  0 -9
32  7  -1  2  0 -9
32 15  -1  0  0 -9
32 17   1  1  0 -9
32 25   1  1  0 -9
32 27  -1  0  0 -9
32 29   1 -1  0 -9
32 31   1 -1  0 -9
32 32  -1 -2  0 -9
9999 9999
