 0  0   1  0  0 -9
 1  1   1  0  0 -9
 1  9  -1  1  0 -9
 1 13   1  2  0 -9
 2  2   1  0  0 -9
 2 10  -1  1  0 -9
 2 14   1  2  0 -9
 3  3   1  0  0 -9
 3 11  -1  1  0 -9
 3 15   1  2  0 -9
 3 19  -1  3  0 -9
 4  0   1 -1  0 -9
 4  4  -1 -2  0 -9
 5  1   1 -1  0 -9
 5  5  -1 -2  0 -9
 5  9  -1  0  0 -9
 6  2   1 -1  0 -9
 6  6  -1 -2  0 -9
 6 10  -1  0  0 -9
 7  1   1 -1  0 -9
 7  7  -1 -2  0 -9
 7  9  -1  0  0 -9
 7 13   1  1  0 -9
 7 14  -1  0  0 -9
 7 17   1 -1  0 -9
 8  3   1 -1  0 -9
 8  8  -1 -2  0 -9
 8 11  -1  0  0 -9
 8 15   1  1  0 -9
 8 16  -1  0  0 -9
 8 18   1 -1  0 -9
 8 19  -1  2  0 -9
 8 20   1  1  0 -9
 9 13   1  3  0 -9
10 14   1  3  0 -9
11 15   1  3  0 -9
11 19  -1  4  0 -9
12 16   1  3  0 -9
12 20  -1  4  0 -9
13  9   1  3  0 -9
14 10   1  3  0 -9
15 11   1  3  0 -9
15 19   1  7  0 -9
16 12   1  3  0 -9
16 19   1  6  0 -9
16 20  -1  5  0 -9
17  9  -1  1  0 -9
17 10   1  2  0 -9
17 13   1  2  0 -9
17 14  -1  1  0 -9
17 17   1  0  0 -9
18 11  -1  1  0 -9
18 12   1  2  0 -9
18 15   1  2  0 -9
18 16  -1  1  0 -9
18 18   1  0  0 -9
18 19  -1  3  0 -9
18 20   1  2  0 -9
19 19   1  8  0 -9
20 19   1  7  0 -9
20 20  -1  6  0 -9
9999 9999
