 0  0   1  8  0 -9
 1  0   1  7  0 -9
 1  1  -1  6  0 -9
 2  2   1  8  0 -9
 3  2   1  7  0 -9
 3  3  -1  6  0 -9
 4  4   1  8  0 -9
 5  4   1  7  0 -9
 5  5  -1  6  0 -9
 6  0   1  6  0 -9
 6  1  -1  5  0 -9
 6  2   1  6  0 -9
 6  3  -1  5  0 -9
 6  5  -1  4  0 -9
 6  7   1  3  0 -9
 7  1  -1  4  0 -9
 7  3  -1  4  0 -9
 7  4   1  6  0 -9
 7  5  -1  5  0 -9
 7  6   1  3  0 -9
 8  8   1  8  0 -9
 9  2   1  7  0 -9
 9  8   1  7  0 -9
 9  9  -1  6  0 -9
10  2   1  5  0 -9
10  3  -1  4  0 -9
10  9  -1  4  0 -9
10 11   1  3  0 -9
11  2   1  6  0 -9
11  3  -1  5  0 -9
11  8   1  6  0 -9
11  9  -1  5  0 -9
11 10   1  3  0 -9
12 12   1  8  0 -9
13  4   1  7  0 -9
13 12   1  7  0 -9
13 13  -1  6  0 -9
14  4   1  6  0 -9
14  5  -1  5  0 -9
14 12   1  6  0 -9
14 13  -1  5  0 -9
14 15   1  3  0 -9
15  4   1  5  0 -9
15  5  -1  4  0 -9
15 13  -1  4  0 -9
15 14   1  3  0 -9
16 16   1  8  0 -9
17 16   1  7  0 -9
17 17  -1  6  0 -9
18  8   1  7  0 -9
18 16   1  7  0 -9
18 18  -1  6  0 -9
19  2   1  6  0 -9
19  3  -1  5  0 -9
19  8   1  6  0 -9
19  9  -1  5  0 -9
19 12   1  7  0 -9
19 16   1  6  0 -9
19 17  -1  5  0 -9
19 18  -1  5  0 -9
19 20   1  3  0 -9
20  2   1  5  0 -9
20  3  -1  4  0 -9
20  8   1  5  0 -9
20  9  -1  4  0 -9
20 12  -1  4  0 -9
20 16   1  5  0 -9
20 17  -1  4  0 -9
20 18  -1  4  0 -9
20 19   1  3  0 -9
21 16   1  5  0 -9
21 17  -1  4  0 -9
21 18  -1  4  0 -9
21 22   1  3  0 -9
22  8   1  6  0 -9
22 16   1  6  0 -9
22 17  -1  5  0 -9
22 18  -1  5  0 -9
22 21   1  3  0 -9
23  2   1  4  0 -9
23  3  -1  3  0 -9
23  9  -1  3  0 -9
23 10  -1  1  0 -9
23 11   1  2  0 -9
23 12  -1  3  0 -9
23 16   1  4  0 -9
23 17  -1  3  0 -9
23 18  -1  3  0 -9
23 19   1  2  0 -9
23 20  -1  1  0 -9
23 21  -1  1  0 -9
23 22   1  2  0 -9
23 23   1  0  0 -9
24 24   1  8  0 -9
25 24   1  7  0 -9
25 25  -1  6  0 -9
26 26   1  8  0 -9
27 26   1  7  0 -9
27 27  -1  6  0 -9
28 24   1  6  0 -9
28 25  -1  5  0 -9
28 27  -1  4  0 -9
28 29   1  3  0 -9
29 25  -1  4  0 -9
29 26   1  6  0 -9
29 27  -1  5  0 -9
29 28   1  3  0 -9
30 30   1  8  0 -9
31 30   1  7  0 -9
31 31  -1  6  0 -9
32  2   1  6  0 -9
32  3  -1  5  0 -9
32 31  -1  4  0 -9
32 33   1  3  0 -9
33  3  -1  4  0 -9
33 30   1  6  0 -9
33 31  -1  5  0 -9
33 32   1  3  0 -9
34  8   1  7  0 -9
34 34  -1  6  0 -9
35  3  -1  3  0 -9
35  8  -1  4  0 -9
35 10  -1  1  0 -9
35 11   1  2  0 -9
35 30   1  5  0 -9
35 31  -1  4  0 -9
35 32   1  2  0 -9
35 33  -1  1  0 -9
35 34   1  3  0 -9
35 35   1  0  0 -9
36 36   1  8  0 -9
37 26   1  7  0 -9
37 36   1  7  0 -9
37 37  -1  6  0 -9
38 26   1  6  0 -9
38 27  -1  5  0 -9
38 36   1  6  0 -9
38 37  -1  5  0 -9
38 39   1  3  0 -9
39 26   1  5  0 -9
39 27  -1  4  0 -9
39 37  -1  4  0 -9
39 38   1  3  0 -9
40 40   1  8  0 -9
41 40   1  7  0 -9
41 41  -1  6  0 -9
42 12   1  7  0 -9
42 30   1  7  0 -9
42 40   1  7  0 -9
42 42  -1  6  0 -9
43 12   1  6  0 -9
43 30   1  6  0 -9
43 31  -1  5  0 -9
43 40   1  6  0 -9
43 41  -1  5  0 -9
43 42  -1  5  0 -9
43 44   1  3  0 -9
44 30   1  5  0 -9
44 31  -1  4  0 -9
44 40   1  5  0 -9
44 41  -1  4  0 -9
44 42  -1  4  0 -9
44 43   1  3  0 -9
45  8   1  6  0 -9
45 16   1  6  0 -9
45 18  -1  5  0 -9
45 34  -1  5  0 -9
45 41  -1  4  0 -9
45 46   1  3  0 -9
46  8   1  5  0 -9
46 18  -1  4  0 -9
46 34  -1  4  0 -9
46 40   1  6  0 -9
46 41  -1  5  0 -9
46 45   1  3  0 -9
47 18  -1  3  0 -9
47 21  -1  1  0 -9
47 22   1  2  0 -9
47 40   1  5  0 -9
47 41  -1  4  0 -9
47 45   1  2  0 -9
47 46  -1  1  0 -9
47 47   1  0  0 -9
48  8  -1  3  0 -9
48 10  -1  0  0 -9
48 11   1  1  0 -9
48 20  -1  0  0 -9
48 21  -1  0  0 -9
48 22   1  1  0 -9
48 23   1 -1  0 -9
48 30   1  4  0 -9
48 31  -1  3  0 -9
48 33  -1  0  0 -9
48 34   1  2  0 -9
48 35   1 -1  0 -9
48 40   1  4  0 -9
48 41  -1  3  0 -9
48 42  -1  3  0 -9
48 43   1  2  0 -9
48 44   1 -1  0 -9
48 46  -1  0  0 -9
48 47   1 -1  0 -9
48 48  -1 -2  0 -9
49 49   1  8  0 -9
50 49   1  7  0 -9
50 50  -1  6  0 -9
51 49   1  7  0 -9
51 51  -1  6  0 -9
52 36   1  7  0 -9
52 49   1  6  0 -9
52 50  -1  5  0 -9
52 51  -1  5  0 -9
52 53   1  3  0 -9
53 36  -1  4  0 -9
53 49   1  5  0 -9
53 50  -1  4  0 -9
53 51  -1  4  0 -9
53 52   1  3  0 -9
54  8  -1  4  0 -9
54 49   1  5  0 -9
54 50  -1  4  0 -9
54 51  -1  4  0 -9
54 55   1  3  0 -9
55  8   1  7  0 -9
55 49   1  6  0 -9
55 50  -1  5  0 -9
55 51  -1  5  0 -9
55 54   1  3  0 -9
56  8  -1  3  0 -9
56 36  -1  3  0 -9
56 49   1  4  0 -9
56 50  -1  3  0 -9
56 51  -1  3  0 -9
56 52   1  2  0 -9
56 53  -1  1  0 -9
56 54  -1  1  0 -9
56 55   1  2  0 -9
56 56   1  0  0 -9
57 57   1  8  0 -9
58 57   1  7  0 -9
58 58  -1  6  0 -9
59 57   1  7  0 -9
59 59  -1  6  0 -9
60 57   1  6  0 -9
60 58  -1  5  0 -9
60 59  -1  5  0 -9
60 61   1  3  0 -9
61 57   1  5  0 -9
61 58  -1  4  0 -9
61 59  -1  4  0 -9
61 60   1  3  0 -9
62 27  -1  4  0 -9
62 34  -1  4  0 -9
62 49   1  6  0 -9
62 51  -1  5  0 -9
62 58  -1  4  0 -9
62 63   1  3  0 -9
63  8   1  6  0 -9
63 26   1  6  0 -9
63 27  -1  5  0 -9
63 34  -1  5  0 -9
63 51  -1  4  0 -9
63 57   1  6  0 -9
63 58  -1  5  0 -9
63 62   1  3  0 -9
64  8  -1  3  0 -9
64 26   1  5  0 -9
64 27  -1  4  0 -9
64 34   1  2  0 -9
64 51  -1  3  0 -9
64 54  -1  1  0 -9
64 55   1  2  0 -9
64 57   1  5  0 -9
64 58  -1  4  0 -9
64 62   1  2  0 -9
64 63  -1  1  0 -9
64 64   1  0  0 -9
65  8  -1  2  0 -9
65 26   1  4  0 -9
65 27  -1  3  0 -9
65 34   1  1  0 -9
65 37  -1  3  0 -9
65 38   1  2  0 -9
65 39   1 -1  0 -9
65 53  -1  0  0 -9
65 54  -1  0  0 -9
65 55   1  1  0 -9
65 56   1 -1  0 -9
65 57   1  4  0 -9
65 58  -1  3  0 -9
65 59  -1  3  0 -9
65 60   1  2  0 -9
65 61   1 -1  0 -9
65 63  -1  0  0 -9
65 64   1 -1  0 -9
65 65  -1 -2  0 -9
66 66   1  8  0 -9
67 57   1  5  0 -9
67 58  -1  4  0 -9
67 59  -1  4  0 -9
67 66  -1  4  0 -9
67 68   1  3  0 -9
68 57   1  6  0 -9
68 58  -1  5  0 -9
68 59  -1  5  0 -9
68 66   1  7  0 -9
68 67   1  3  0 -9
69 57   1  4  0 -9
69 58  -1  3  0 -9
69 59  -1  3  0 -9
69 60   1  2  0 -9
69 61  -1  1  0 -9
69 66  -1  3  0 -9
69 67  -1  1  0 -9
69 68   1  2  0 -9
69 69   1  0  0 -9
70 66   1  7  0 -9
70 70  -1  6  0 -9
71 70  -1  4  0 -9
71 72   1  3  0 -9
72 66   1  6  0 -9
72 70  -1  5  0 -9
72 71   1  3  0 -9
73 57   1  6  1  4  0 -9
73 58  -1  5 -1  3 -1  1  0 -9
73 59  -1  3  0 -9
73 60   1  2  0 -9
73 61  -1  1  0 -9
73 66  -1  3  0 -9
73 67  -1  1  0 -9
73 68   1  2  0 -9
73 70   1  2  0 -9
73 71   1  2  0 -9
73 72  -1  1  0 -9
73 73   1  0  0 -9
74 57   1  3  0 -9
74 58  -1  2 -1  0  0 -9
74 59  -1  2  0 -9
74 60   1  1  0 -9
74 61  -1  0  0 -9
74 66  -1  2  0 -9
74 67  -1  0  0 -9
74 68   1  1  0 -9
74 69   1 -1  0 -9
74 70   1  1  0 -9
74 72  -1  0  0 -9
74 73   1 -1  0 -9
74 74  -1 -2  0 -9
75 40   1  7  0 -9
75 66   1  7  0 -9
75 75  -1  6  0 -9
76 40   1  5  0 -9
76 41  -1  4  0 -9
76 75  -1  4  0 -9
76 77   1  3  0 -9
77 40   1  6  0 -9
77 41  -1  5  0 -9
77 66   1  6  0 -9
77 75  -1  5  0 -9
77 76   1  3  0 -9
78 40   1  6  0 -9
78 41  -1  5  0 -9
78 66   1  6  0 -9
78 70  -1  5  0 -9
78 75  -1  5  0 -9
78 79   1  3  0 -9
79 40   1  5  0 -9
79 41  -1  4  0 -9
79 66   1  5  0 -9
79 70  -1  4  0 -9
79 75  -1  4  0 -9
79 78   1  3  0 -9
80 40   1  6  1  4  0 -9
80 41  -1  5 -1  3 -1  1  0 -9
80 75  -1  3  0 -9
80 76  -1  1  0 -9
80 77   1  2  0 -9
80 78   1  2  0 -9
80 79  -1  1  0 -9
80 80   1  0  0 -9
81 40   1  4  0 -9
81 41  -1  3  0 -9
81 70  -1  3  0 -9
81 71  -1  1  0 -9
81 72   1  2  0 -9
81 75  -1  3  0 -9
81 76  -1  1  0 -9
81 77   1  2  0 -9
81 78   1  2  0 -9
81 79  -1  1  0 -9
81 81   1  0  0 -9
82 40   1  3  0 -9
82 41  -1  2 -1  0  0 -9
82 71  -1  0  0 -9
82 75  -1  2  0 -9
82 76  -1  0  0 -9
82 77   1  1  0 -9
82 78   1  1  0 -9
82 79  -1  0  0 -9
82 80   1 -1  0 -9
82 81   1 -1  0 -9
82 82  -1 -2  0 -9
9999 9999
