 0  0   1  0  0 -9
 0  1   1  3  0 -9
 1  1  -1  6  0 -9
 2  0   1 -1  0 -9
 2  1   1  2  0 -9
 2  2  -1 -2  0 -9
 2  4   1 -1  0 -9
 2  5  -1  0  0 -9
 2  6   1  1  0 -9
 3  3   1  0  0 -9
 3  6   1  3  0 -9
 4  4   1  0  0 -9
 4  5  -1  1  0 -9
 4  6   1  2  0 -9
 4  7   1  2  0 -9
 5  1  -1  4  0 -9
 5  6  -1  5  0 -9
 5  7   1  3  0 -9
 6  6  -1  6  0 -9
 7  1  -1  5  0 -9
 7  5   1  3  0 -9
 7  6  -1  4  0 -9
 8  1   1  2  0 -9
 8  5   1  2  0 -9
 8  7  -1  1  0 -9
 8  8   1  0  0 -9
 9  1   1  1  0 -9
 9  6   1  2  0 -9
 9  7  -1  0  0 -9
 9  8   1 -1  0 -9
 9  9  -1 -2  0 -9
 9 10   1 -1  0 -9
10  6   1  3  0 -9
10 10   1  0  0 -9
11  1   1  3  0 -9
11 11   1  0  0 -9
9999 9999
