 0  0  -1 -2  0 -9
 0  1   1 -1  0 -9
 0  2   1 -1  0 -9
 0  3  -1  0  0 -9
 0  4  -1  3  0 -9
 0  6   1  2  0 -9
 0  7  -1  3  0 -9
 0  8   1  4  0 -9
 1  4  -1  4  0 -9
 1  6   1  3  0 -9
 1  7  -1  4  0 -9
 1  8   1  5  0 -9
 2  2   1  0  0 -9
 2  3  -1  1  0 -9
 2  4  -1  4  0 -9
 2  5   1  2  0 -9
 2  8   1  5  0 -9
 3  4  -1  5  0 -9
 3  5   1  3  0 -9
 3  8   1  6  0 -9
 4  4  -1  6  0 -9
 4  8   1  7  0 -9
 5  3   1  3  0 -9
 5  4  -1  4  0 -9
 6  1   1  3  0 -9
 6  4  -1  5  0 -9
 6  7  -1  5  0 -9
 6  8   1  6  0 -9
 7  7  -1  6  0 -9
 7  8   1  7  0 -9
 8  8   1  8  0 -9
 9  4   1  1  0 -9
 9  6  -1  0  0 -9
 9  7   1  1  0 -9
 9  8  -1  2  0 -9
 9  9  -1 -2  0 -9
 9 11   1 -1  0 -9
 9 12  -1  0  0 -9
 9 13   1  1  0 -9
10  3   1  2  0 -9
10  5  -1  1  0 -9
10  8  -1  4  0 -9
10 10   1  0  0 -9
10 13   1  3  0 -9
11  1   1  2  0 -9
11  4   1  2  0 -9
11  6  -1  1  0 -9
11  7  -1  4  1  2  0 -9
11  8  -1  3  0 -9
11 11   1  0  0 -9
11 12  -1  1  0 -9
11 13   1  2  0 -9
11 14   1  2  0 -9
12  7  -1  5  0 -9
12  8   1  6  0 -9
12 13  -1  5  0 -9
12 14   1  3  0 -9
13  8   1  7  0 -9
13 13  -1  6  0 -9
14  7  -1  4  0 -9
14  8   1  5  0 -9
14 12   1  3  0 -9
14 13  -1  4  0 -9
15  4   1  2  0 -9
15  5  -1  0  0 -9
15  8  -1  3  0 -9
15 10   1 -1  0 -9
15 13   1  2  0 -9
15 15  -1 -2  0 -9
15 16   1 -1  0 -9
15 17  -1  0  0 -9
16  4   1  3  0 -9
16  8  -1  4  0 -9
16 16   1  0  0 -9
16 17  -1  1  0 -9
16 18   1  2  0 -9
17 13  -1  4  0 -9
17 18   1  3  0 -9
18  8   1  6  0 -9
18 13  -1  5  0 -9
18 17   1  3  0 -9
19  7  -1  3  0 -9
19  8   1  4  0 -9
19 12   1  2  0 -9
19 13  -1  3  0 -9
19 14   1 -1  0 -9
19 18  -1  0  0 -9
19 19  -1 -2  0 -9
19 20   1 -1  0 -9
20  8   1  5  0 -9
20 13  -1  4  0 -9
20 17   1  2  0 -9
20 18  -1  1  0 -9
20 20   1  0  0 -9
9999 9999
