 0  0   1  8  0 -9
 1  1   1  8  0 -9
 2  1   1  7  0 -9
 2  2  -1  6  0 -9
 3  3   1  8  0 -9
 4  3   1  7  0 -9
 4  4  -1  6  0 -9
 5  5   1  8  0 -9
 6  5   1  7  0 -9
 6  6  -1  6  0 -9
 7  3   1  6  0 -9
 7  4  -1  5  0 -9
 7  6  -1  4  0 -9
 7  8   1  3  0 -9
 8  4  -1  4  0 -9
 8  5   1  6  0 -9
 8  6  -1  5  0 -9
 8  7   1  3  0 -9
 9  9   1  8  0 -9
10  9   1  7  0 -9
10 10  -1  6  0 -9
11 11  -1  6  0 -9
12 12   1  8  0 -9
13 12   1  7  0 -9
13 13  -1  6  0 -9
14 13  -1  4  0 -9
14 15   1  3  0 -9
15 12   1  6  0 -9
15 13  -1  5  0 -9
15 14   1  3  0 -9
16 16  -1  6  0 -9
17 12   1  5  0 -9
17 13  -1  4  0 -9
17 14   1  2  0 -9
17 15  -1  1  0 -9
17 16   1  3  0 -9
17 17   1  0  0 -9
9999 9999
