 0  0  -1 -2  0 -9
 0  2   1 -1  0 -9
 0  6  -1  0  0 -9
 0 12   1  1  0 -9
 1  1  -1 -2  0 -9
 1  7  -1  0  0 -9
 1 10   1 -1  0 -9
 1 16   1  1  0 -9
 1 21   1 -1  0 -9
 1 26  -1  0  0 -9
 1 28   1  1  0 -9
 1 30  -1  2  0 -9
 2  2   1  0  0 -9
 2  6  -1  1  0 -9
 2 12   1  2  0 -9
 2 22   1  2  0 -9
 3  3   1  0  0 -9
 3  7  -1  1  0 -9
 3 12   1  3  0 -9
 3 16  -1  4  0 -9
 3 23   1  2  0 -9
 3 30   1  5  0 -9
 4  4   1  0  0 -9
 4  8  -1  1  0 -9
 4 13   1  3  0 -9
 4 17  -1  4  0 -9
 4 24   1  2  0 -9
 4 31   1  5  0 -9
 5  5   1  0  0 -9
 5  9  -1  1  0 -9
 5 14   1  3  0 -9
 5 18  -1  4  0 -9
 5 25   1  2  0 -9
 5 32   1  5  0 -9
 6 12  -1  5  0 -9
 6 22   1  3  0 -9
 7 16  -1  5  0 -9
 7 23   1  3  0 -9
 7 30   1  6  0 -9
 8 17  -1  5  0 -9
 8 24   1  3  0 -9
 8 31   1  6  0 -9
 9 18  -1  5  0 -9
 9 25   1  3  0 -9
 9 32   1  6  0 -9
10  7  -1  1  0 -9
10 10   1  0  0 -9
10 16   1  2  0 -9
10 23   1  2  0 -9
10 26  -1  1  0 -9
10 28   1  2  0 -9
10 30  -1  3  0 -9
11  9  -1  1  0 -9
11 11   1  0  0 -9
11 18  -1  4  0 -9
11 19   1  3  0 -9
11 25   1  2  0 -9
11 27  -1  1  0 -9
11 29   1  2  0 -9
11 32   1  5  0 -9
11 33  -1  4  0 -9
12 12  -1  6  0 -9
13 13  -1  6  0 -9
14 14  -1  6  0 -9
15 15  -1  6  0 -9
16 16  -1  6  0 -9
16 30   1  7  0 -9
17 17  -1  6  0 -9
17 31   1  7  0 -9
18 18  -1  6  0 -9
18 32   1  7  0 -9
19 19  -1  6  0 -9
19 33   1  7  0 -9
20 20  -1  6  0 -9
20 34   1  7  0 -9
21 21   1  0  0 -9
21 26  -1  1  0 -9
21 28   1  2  0 -9
21 30  -1  3  0 -9
22  6   1  3  0 -9
22 12  -1  4  0 -9
23  7   1  3  0 -9
23 16  -1  4  0 -9
24  8   1  3  0 -9
24 17  -1  4  0 -9
25  9   1  3  0 -9
25 18  -1  4  0 -9
26 28   1  3  0 -9
26 30  -1  4  0 -9
27 29   1  3  0 -9
27 35  -1  4  0 -9
28 26   1  3  0 -9
28 30   1  7  0 -9
29 27   1  3  0 -9
29 33   1  6  0 -9
29 35  -1  5  0 -9
30 30   1  8  0 -9
31 31   1  8  0 -9
32 32   1  8  0 -9
33 33   1  8  0 -9
34 34   1  8  0 -9
35 33   1  7  0 -9
35 35  -1  6  0 -9
9999 9999
