 0  0  -1  6  0 -9
 0  1   1  7  0 -9
 1  1   1  8  0 -9
 2  0  -1  5  0 -9
 2  1   1  6  0 -9
 2  3   1  3  0 -9
 2  5  -1  4  0 -9
 3  0  -1  4  0 -9
 3  2   1  3  0 -9
 3  4   1  6  0 -9
 3  5  -1  5  0 -9
 4  4   1  8  0 -9
 5  4   1  7  0 -9
 5  5  -1  6  0 -9
 6  0   1  2  0 -9
 6  1  -1  3  0 -9
 6  2  -1  1  0 -9
 6  3   1  2  0 -9
 6  4  -1  4  0 -9
 6  6   1  0  0 -9
 6  7  -1  1  0 -9
 6  8   1  3  0 -9
 6  9  -1  4  0 -9
 6 10   1  2  0 -9
 6 11   1  5  0 -9
 7  1  -1  4  0 -9
 7  9  -1  5  0 -9
 7 10   1  3  0 -9
 7 11   1  6  0 -9
 8  4   1  7  0 -9
 8  8  -1  6  0 -9
 9  9  -1  6  0 -9
 9 11   1  7  0 -9
10  1   1  7  0 -9
10  7   1  3  0 -9
10  9  -1  4  0 -9
11 11   1  8  0 -9
12  0   1  1  0 -9
12  1  -1  2  0 -9
12  2  -1  0  0 -9
12  4  -1  3  0 -9
12  5   1  2  0 -9
12  6   1 -1  0 -9
12  7  -1  0  0 -9
12  8   1  2  0 -9
12  9  -1  3  0 -9
12 10   1  1  0 -9
12 11   1  4  0 -9
12 12  -1 -2  0 -9
12 13  -1  0  0 -9
12 14   1 -1  0 -9
12 15   1  1  0 -9
12 16   1 -1  0 -9
12 18  -1  0  0 -9
12 19   1  1  0 -9
12 20  -1  2  0 -9
13  8  -1  4  0 -9
13 15  -1  5  0 -9
13 17   1  3  0 -9
13 20   1  6  0 -9
14  4  -1  4  0 -9
14  5   1  3  0 -9
14  9  -1  4  0 -9
14 11   1  5  0 -9
14 13  -1  1  0 -9
14 14   1  0  0 -9
14 15   1  2  0 -9
14 17   1  2  0 -9
14 18  -1  1  0 -9
14 19   1  2  0 -9
14 20  -1  3  0 -9
15 15  -1  6  0 -9
15 20   1  7  0 -9
16  1  -1  3  0 -9
16  7  -1  1  0 -9
16  9  -1  4  1  2  0 -9
16 10   1  2  0 -9
16 11   1  5  0 -9
16 16   1  0  0 -9
16 18  -1  1  0 -9
16 19   1  2  0 -9
16 20  -1  3  0 -9
17  4   1  6  0 -9
17  8  -1  5  0 -9
17 13   1  3  0 -9
17 15  -1  4  0 -9
18  9  -1  5  0 -9
18 11   1  6  0 -9
18 19   1  3  0 -9
18 20  -1  4  0 -9
19  9  -1  4  0 -9
19 18   1  3  0 -9
19 20   1  7  0 -9
20 20   1  8  0 -9
21  1   1  7  0 -9
21 21  -1  6  0 -9
22  0   1  3  0 -9
22  1  -1  4  0 -9
22 22   1  0  0 -9
22 23  -1  1  0 -9
22 24   1  3  0 -9
22 25  -1  4  0 -9
22 26   1  2  0 -9
22 27   1  5  0 -9
23 21  -1  4  0 -9
23 25  -1  5  0 -9
23 26   1  3  0 -9
23 27   1  6  0 -9
24 24  -1  6  0 -9
25 25  -1  6  0 -9
25 27   1  7  0 -9
26  1   1  6  0 -9
26 21  -1  5  0 -9
26 23   1  3  0 -9
26 25  -1  4  0 -9
27 27   1  8  0 -9
28  1  -1  3  0 -9
28  7  -1  1  0 -9
28  9  -1  4  0 -9
28 10   1  2  0 -9
28 11   1  5  0 -9
28 21   1  2  0 -9
28 23   1  2  0 -9
28 26  -1  1  0 -9
28 27  -1  4  0 -9
28 28   1  0  0 -9
28 29   1  3  0 -9
29 27   1  7  0 -9
29 29  -1  6  0 -9
30  1  -1  2  0 -9
30  7  -1  0  0 -9
30  9  -1  3  0 -9
30 10   1  1  0 -9
30 11   1  4  0 -9
30 16   1 -1  0 -9
30 18  -1  0  0 -9
30 19   1  1  0 -9
30 20  -1  2  0 -9
30 21   1  1  0 -9
30 25   1  2  0 -9
30 26  -1  0  0 -9
30 27  -1  3  0 -9
30 28   1 -1  0 -9
30 29   1  2  0 -9
30 30  -1 -2  0 -9
30 32   1 -1  0 -9
30 33  -1  0  0 -9
30 34   1  1  0 -9
31  4   1  5  0 -9
31  8  -1  4  0 -9
31 13   1  2  0 -9
31 17  -1  1  0 -9
31 20  -1  4  0 -9
31 24   1  3  0 -9
31 31   1  0  0 -9
31 34   1  3  0 -9
32  9  -1  4  0 -9
32 11   1  5  0 -9
32 18  -1  1  0 -9
32 19   1  2  0 -9
32 20  -1  3  0 -9
32 25   1  3  0 -9
32 27  -1  4  0 -9
32 32   1  0  0 -9
32 33  -1  1  0 -9
32 34   1  2  0 -9
32 35   1  2  0 -9
33 20   1  6  0 -9
33 29  -1  4  0 -9
33 34  -1  5  0 -9
33 35   1  3  0 -9
34 20   1  7  0 -9
34 34  -1  6  0 -9
35 27   1  6  0 -9
35 29  -1  5  0 -9
35 33   1  3  0 -9
35 34  -1  4  0 -9
9999 9999
