 0  0  -1  6  0 -9
 1  1   1  0  0 -9
 1  2  -1  1  0 -9
 1  3   1  3  0 -9
 1  4  -1  4  0 -9
 1  5   1  2  0 -9
 1  6   1  5  0 -9
 2  0  -1  4  0 -9
 2  4  -1  5  0 -9
 2  5   1  3  0 -9
 2  6   1  6  0 -9
 3  3  -1  6  0 -9
 4  4  -1  6  0 -9
 4  6   1  7  0 -9
 5  0  -1  5  0 -9
 5  2   1  3  0 -9
 5  4  -1  4  0 -9
 6  6   1  8  0 -9
 7  0   1  2  0 -9
 7  2   1  2  0 -9
 7  5  -1  1  0 -9
 7  6  -1  4  0 -9
 7  7   1  0  0 -9
 7  8   1  3  0 -9
 8  6   1  7  0 -9
 8  8  -1  6  0 -9
 9  0   1  1  0 -9
 9  4   1  2  0 -9
 9  5  -1  0  0 -9
 9  6  -1  3  0 -9
 9  7   1 -1  0 -9
 9  8   1  2  0 -9
 9  9  -1 -2  0 -9
 9 11   1 -1  0 -9
 9 12  -1  0  0 -9
 9 13   1  1  0 -9
10  3   1  3  0 -9
10 10   1  0  0 -9
10 13   1  3  0 -9
11  4   1  3  0 -9
11  6  -1  4  0 -9
11 11   1  0  0 -9
11 12  -1  1  0 -9
11 13   1  2  0 -9
11 14   1  2  0 -9
12  8  -1  4  0 -9
12 13  -1  5  0 -9
12 14   1  3  0 -9
13 13  -1  6  0 -9
14  6   1  6  0 -9
14  8  -1  5  0 -9
14 12   1  3  0 -9
14 13  -1  4  0 -9
15  0   1  3  0 -9
15 15   1  0  0 -9
15 16   1  3  0 -9
16 16  -1  6  0 -9
17  6   1  5  0 -9
17  8  -1  4  0 -9
17 12   1  2  0 -9
17 14  -1  1  0 -9
17 16   1  3  0 -9
17 17   1  0  0 -9
9999 9999
