 0  0   1  8  0 -9
 1  1   1  8  0 -9
 2  1   1  7  0 -9
 2  2  -1  6  0 -9
 3  3   1  8  0 -9
 4  3   1  7  0 -9
 4  4  -1  6  0 -9
 5  5   1  8  0 -9
 6  5   1  7  0 -9
 6  6  -1  6  0 -9
 7  7   1  8  0 -9
 8  7   1  7  0 -9
 8  8  -1  6  0 -9
 9  2  -1  4  0 -9
 9  5   1  6  0 -9
 9  6  -1  5  0 -9
 9  8  -1  4  0 -9
 9 10   1  3  0 -9
10  1   1  6  0 -9
10  2  -1  5  0 -9
10  6  -1  4  0 -9
10  7   1  6  0 -9
10  8  -1  5  0 -9
10  9   1  3  0 -9
11 11   1  8  0 -9
12  7   1  7  0 -9
12 11   1  7  0 -9
12 12  -1  6  0 -9
13  7   1  6  0 -9
13  8  -1  5  0 -9
13 11   1  6  0 -9
13 12  -1  5  0 -9
13 14   1  3  0 -9
14  7   1  5  0 -9
14  8  -1  4  0 -9
14 12  -1  4  0 -9
14 13   1  3  0 -9
15 15   1  8  0 -9
16 15   1  7  0 -9
16 16  -1  6  0 -9
17 17   1  8  0 -9
18 17   1  7  0 -9
18 18  -1  6  0 -9
19 15   1  6  0 -9
19 16  -1  5  0 -9
19 18  -1  4  0 -9
19 20   1  3  0 -9
20 16  -1  4  0 -9
20 17   1  6  0 -9
20 18  -1  5  0 -9
20 19   1  3  0 -9
21 21   1  8  0 -9
22 21   1  7  0 -9
22 22  -1  6  0 -9
23 22  -1  4  0 -9
23 24   1  3  0 -9
24 21   1  6  0 -9
24 22  -1  5  0 -9
24 23   1  3  0 -9
25 25  -1  6  0 -9
26 21   1  5  0 -9
26 22  -1  4  0 -9
26 23   1  2  0 -9
26 24  -1  1  0 -9
26 25   1  3  0 -9
26 26   1  0  0 -9
27 27   1  8  0 -9
28 27   1  7  0 -9
28 28  -1  6  0 -9
29 27   1  7  0 -9
29 29  -1  6  0 -9
30 27   1  6  0 -9
30 28  -1  5  0 -9
30 29  -1  5  0 -9
30 31   1  3  0 -9
31 27   1  5  0 -9
31 28  -1  4  0 -9
31 29  -1  4  0 -9
31 30   1  3  0 -9
32 25  -1  4  0 -9
32 28  -1  4  0 -9
32 33   1  3  0 -9
33 25  -1  5  0 -9
33 27   1  6  0 -9
33 28  -1  5  0 -9
33 32   1  3  0 -9
34 25   1  2  0 -9
34 27   1  5  0 -9
34 28  -1  4  0 -9
34 32   1  2  0 -9
34 33  -1  1  0 -9
34 34   1  0  0 -9
35 25   1  1  0 -9
35 27   1  4  0 -9
35 28  -1  3  0 -9
35 29  -1  3  0 -9
35 30   1  2  0 -9
35 31   1 -1  0 -9
35 33  -1  0  0 -9
35 34   1 -1  0 -9
35 35  -1 -2  0 -9
9999 9999
